6.2415E+00 3.8668E-01 1.3123E+01
8.8679E+00 4.8554E-01 1.2796E+01
1.1494E+01 5.7096E-01 1.2655E+01
1.4121E+01 6.4635E-01 1.2581E+01
1.6747E+01 7.1386E-01 1.2539E+01
1.9373E+01 7.7497E-01 1.2511E+01
2.2000E+01 8.3073E-01 1.2491E+01
2.4626E+01 8.8195E-01 1.2475E+01
2.7252E+01 9.2928E-01 1.2461E+01
2.9879E+01 9.7319E-01 1.2449E+01
3.2505E+01 1.0141E+00 1.2437E+01
3.5131E+01 1.0524E+00 1.2425E+01
3.7758E+01 1.0883E+00 1.2414E+01
4.0384E+01 1.1220E+00 1.2402E+01
4.3011E+01 1.1538E+00 1.2390E+01
4.5637E+01 1.1839E+00 1.2378E+01
4.8263E+01 1.2123E+00 1.2365E+01
5.0890E+01 1.2393E+00 1.2353E+01
5.3516E+01 1.2649E+00 1.2340E+01
5.6142E+01 1.2893E+00 1.2327E+01
5.8769E+01 1.3125E+00 1.2314E+01
6.1395E+01 1.3347E+00 1.2301E+01
6.4021E+01 1.3558E+00 1.2288E+01
6.6648E+01 1.3761E+00 1.2275E+01
6.9274E+01 1.3955E+00 1.2261E+01
7.1900E+01 1.4140E+00 1.2248E+01
7.4527E+01 1.4318E+00 1.2234E+01
7.7153E+01 1.4489E+00 1.2221E+01
7.9780E+01 1.4654E+00 1.2207E+01
8.2406E+01 1.4812E+00 1.2193E+01
8.5032E+01 1.4963E+00 1.2180E+01
8.7659E+01 1.5110E+00 1.2166E+01
9.0285E+01 1.5251E+00 1.2153E+01
9.2911E+01 1.5387E+00 1.2139E+01
9.5538E+01 1.5518E+00 1.2126E+01
9.8164E+01 1.5645E+00 1.2112E+01
1.0079E+02 1.5767E+00 1.2099E+01
1.0342E+02 1.5886E+00 1.2085E+01
1.0604E+02 1.6000E+00 1.2072E+01
1.0867E+02 1.6111E+00 1.2059E+01
1.1130E+02 1.6218E+00 1.2045E+01
1.1392E+02 1.6321E+00 1.2032E+01
1.1655E+02 1.6422E+00 1.2019E+01
1.1917E+02 1.6519E+00 1.2006E+01
1.2180E+02 1.6614E+00 1.1993E+01
1.2443E+02 1.6705E+00 1.1980E+01
1.2705E+02 1.6794E+00 1.1967E+01
1.2968E+02 1.6881E+00 1.1954E+01
1.3231E+02 1.6964E+00 1.1942E+01
1.3493E+02 1.7046E+00 1.1929E+01
1.3756E+02 1.7125E+00 1.1917E+01
1.4019E+02 1.7202E+00 1.1904E+01
1.4281E+02 1.7277E+00 1.1892E+01
1.4544E+02 1.7349E+00 1.1879E+01
1.4806E+02 1.7420E+00 1.1867E+01
1.5069E+02 1.7489E+00 1.1855E+01
1.5332E+02 1.7556E+00 1.1843E+01
1.5594E+02 1.7621E+00 1.1831E+01
1.5857E+02 1.7685E+00 1.1819E+01
1.6120E+02 1.7747E+00 1.1807E+01
1.6382E+02 1.7807E+00 1.1795E+01
1.6645E+02 1.7866E+00 1.1784E+01
1.6908E+02 1.7923E+00 1.1772E+01
1.7170E+02 1.7979E+00 1.1760E+01
1.7433E+02 1.8033E+00 1.1749E+01
1.7695E+02 1.8087E+00 1.1738E+01
1.7958E+02 1.8138E+00 1.1726E+01
1.8221E+02 1.8189E+00 1.1715E+01
1.8483E+02 1.8238E+00 1.1704E+01
1.8746E+02 1.8287E+00 1.1693E+01
1.9009E+02 1.8334E+00 1.1682E+01
1.9271E+02 1.8380E+00 1.1671E+01
1.9534E+02 1.8424E+00 1.1660E+01
1.9797E+02 1.8468E+00 1.1649E+01
2.0059E+02 1.8511E+00 1.1638E+01
2.0322E+02 1.8553E+00 1.1628E+01
2.0584E+02 1.8594E+00 1.1617E+01
2.0847E+02 1.8634E+00 1.1607E+01
2.1110E+02 1.8673E+00 1.1596E+01
2.1372E+02 1.8711E+00 1.1586E+01
2.1635E+02 1.8749E+00 1.1576E+01
2.1898E+02 1.8785E+00 1.1565E+01
2.2160E+02 1.8821E+00 1.1555E+01
2.2423E+02 1.8856E+00 1.1545E+01
2.2686E+02 1.8890E+00 1.1535E+01
2.2948E+02 1.8923E+00 1.1525E+01
2.3211E+02 1.8956E+00 1.1515E+01
2.3473E+02 1.8988E+00 1.1505E+01
2.3736E+02 1.9020E+00 1.1496E+01
2.3999E+02 1.9050E+00 1.1486E+01
2.4261E+02 1.9080E+00 1.1476E+01
2.4524E+02 1.9110E+00 1.1467E+01
2.4787E+02 1.9139E+00 1.1457E+01
2.5049E+02 1.9167E+00 1.1448E+01
2.5312E+02 1.9195E+00 1.1438E+01
2.5575E+02 1.9222E+00 1.1429E+01
2.5837E+02 1.9248E+00 1.1419E+01
2.6100E+02 1.9274E+00 1.1410E+01
2.6362E+02 1.9299E+00 1.1401E+01
2.6625E+02 1.9324E+00 1.1392E+01
2.6888E+02 1.9349E+00 1.1383E+01
2.7150E+02 1.9373E+00 1.1374E+01
2.7413E+02 1.9396E+00 1.1365E+01
2.7676E+02 1.9419E+00 1.1356E+01
2.7938E+02 1.9442E+00 1.1347E+01
2.8201E+02 1.9464E+00 1.1338E+01
2.8464E+02 1.9485E+00 1.1330E+01
2.8726E+02 1.9507E+00 1.1321E+01
2.8989E+02 1.9527E+00 1.1312E+01
2.9251E+02 1.9548E+00 1.1304E+01
2.9514E+02 1.9568E+00 1.1295E+01
2.9777E+02 1.9587E+00 1.1287E+01
3.0039E+02 1.9607E+00 1.1278E+01
3.0302E+02 1.9625E+00 1.1270E+01
3.0565E+02 1.9644E+00 1.1262E+01
3.0827E+02 1.9662E+00 1.1253E+01
3.1090E+02 1.9680E+00 1.1245E+01
3.1353E+02 1.9697E+00 1.1237E+01
3.1615E+02 1.9714E+00 1.1229E+01
3.1878E+02 1.9731E+00 1.1221E+01
3.2140E+02 1.9748E+00 1.1213E+01
3.2403E+02 1.9764E+00 1.1205E+01
3.2666E+02 1.9780E+00 1.1197E+01
3.2928E+02 1.9795E+00 1.1189E+01
3.3191E+02 1.9810E+00 1.1181E+01
3.3454E+02 1.9825E+00 1.1173E+01
3.3716E+02 1.9840E+00 1.1165E+01
3.3979E+02 1.9854E+00 1.1158E+01
3.4242E+02 1.9868E+00 1.1150E+01
3.4504E+02 1.9882E+00 1.1142E+01
3.4767E+02 1.9896E+00 1.1135E+01
3.5029E+02 1.9909E+00 1.1127E+01
3.5292E+02 1.9922E+00 1.1120E+01
3.5555E+02 1.9935E+00 1.1112E+01
3.5817E+02 1.9948E+00 1.1105E+01
3.6080E+02 1.9960E+00 1.1097E+01
3.6343E+02 1.9972E+00 1.1090E+01
3.6605E+02 1.9984E+00 1.1083E+01
3.6868E+02 1.9996E+00 1.1075E+01
3.7131E+02 2.0007E+00 1.1068E+01
3.7393E+02 2.0018E+00 1.1061E+01
3.7656E+02 2.0029E+00 1.1054E+01
3.7918E+02 2.0040E+00 1.1047E+01
3.8181E+02 2.0051E+00 1.1039E+01
3.8444E+02 2.0061E+00 1.1032E+01
3.8706E+02 2.0071E+00 1.1025E+01
3.8969E+02 2.0082E+00 1.1018E+01
3.9232E+02 2.0091E+00 1.1011E+01
3.9494E+02 2.0101E+00 1.1005E+01
3.9757E+02 2.0110E+00 1.0998E+01
4.0020E+02 2.0120E+00 1.0991E+01
4.0282E+02 2.0129E+00 1.0984E+01
4.0545E+02 2.0138E+00 1.0977E+01
4.0807E+02 2.0147E+00 1.0971E+01
4.1070E+02 2.0155E+00 1.0964E+01
4.1333E+02 2.0164E+00 1.0957E+01
4.1595E+02 2.0172E+00 1.0951E+01
4.1858E+02 2.0180E+00 1.0944E+01
4.2121E+02 2.0188E+00 1.0937E+01
4.2383E+02 2.0196E+00 1.0931E+01
4.2646E+02 2.0204E+00 1.0924E+01
4.2909E+02 2.0211E+00 1.0918E+01
4.3171E+02 2.0218E+00 1.0911E+01
4.3434E+02 2.0226E+00 1.0905E+01
4.3696E+02 2.0233E+00 1.0899E+01
4.3959E+02 2.0240E+00 1.0892E+01
4.4222E+02 2.0247E+00 1.0886E+01
4.4484E+02 2.0253E+00 1.0880E+01
4.4747E+02 2.0260E+00 1.0873E+01
4.5010E+02 2.0266E+00 1.0867E+01
4.5272E+02 2.0273E+00 1.0861E+01
4.5535E+02 2.0279E+00 1.0855E+01
4.5798E+02 2.0285E+00 1.0849E+01
4.6060E+02 2.0291E+00 1.0843E+01
4.6323E+02 2.0297E+00 1.0836E+01
4.6585E+02 2.0302E+00 1.0830E+01
4.6848E+02 2.0308E+00 1.0824E+01
4.7111E+02 2.0313E+00 1.0818E+01
4.7373E+02 2.0319E+00 1.0812E+01
4.7636E+02 2.0324E+00 1.0806E+01
4.7899E+02 2.0329E+00 1.0801E+01
4.8161E+02 2.0334E+00 1.0795E+01
4.8424E+02 2.0339E+00 1.0789E+01
4.8687E+02 2.0344E+00 1.0783E+01
4.8949E+02 2.0349E+00 1.0777E+01
4.9212E+02 2.0353E+00 1.0771E+01
4.9474E+02 2.0358E+00 1.0766E+01
4.9737E+02 2.0362E+00 1.0760E+01
5.0000E+02 2.0367E+00 1.0754E+01
5.0262E+02 2.0371E+00 1.0749E+01
5.0525E+02 2.0375E+00 1.0743E+01
5.0788E+02 2.0379E+00 1.0737E+01
5.1050E+02 2.0383E+00 1.0732E+01
5.1313E+02 2.0387E+00 1.0726E+01
5.1576E+02 2.0391E+00 1.0721E+01
5.1838E+02 2.0395E+00 1.0715E+01
5.2101E+02 2.0398E+00 1.0709E+01
5.2363E+02 2.0402E+00 1.0704E+01
5.2626E+02 2.0405E+00 1.0699E+01
5.2889E+02 2.0409E+00 1.0693E+01
5.3151E+02 2.0412E+00 1.0688E+01
5.3414E+02 2.0415E+00 1.0682E+01
5.3677E+02 2.0419E+00 1.0677E+01
5.3939E+02 2.0422E+00 1.0672E+01
5.4202E+02 2.0425E+00 1.0666E+01
5.4464E+02 2.0428E+00 1.0661E+01
5.4727E+02 2.0430E+00 1.0656E+01
5.4990E+02 2.0433E+00 1.0650E+01
5.5252E+02 2.0436E+00 1.0645E+01
5.5515E+02 2.0439E+00 1.0640E+01
5.5778E+02 2.0441E+00 1.0635E+01
5.6040E+02 2.0444E+00 1.0630E+01
5.6303E+02 2.0446E+00 1.0624E+01
5.6566E+02 2.0449E+00 1.0619E+01
5.6828E+02 2.0451E+00 1.0614E+01
5.7091E+02 2.0453E+00 1.0609E+01
5.7353E+02 2.0456E+00 1.0604E+01
5.7616E+02 2.0458E+00 1.0599E+01
5.7879E+02 2.0460E+00 1.0594E+01
5.8141E+02 2.0462E+00 1.0589E+01
5.8404E+02 2.0464E+00 1.0584E+01
5.8667E+02 2.0466E+00 1.0579E+01
5.8929E+02 2.0468E+00 1.0574E+01
5.9192E+02 2.0469E+00 1.0569E+01
5.9455E+02 2.0471E+00 1.0564E+01
5.9717E+02 2.0473E+00 1.0559E+01
5.9980E+02 2.0474E+00 1.0555E+01
6.0242E+02 2.0476E+00 1.0550E+01
6.0505E+02 2.0478E+00 1.0545E+01
6.0768E+02 2.0479E+00 1.0540E+01
6.1030E+02 2.0480E+00 1.0535E+01
6.1293E+02 2.0482E+00 1.0531E+01
6.1556E+02 2.0483E+00 1.0526E+01
6.1818E+02 2.0484E+00 1.0521E+01
6.2081E+02 2.0486E+00 1.0516E+01
6.2344E+02 2.0487E+00 1.0512E+01
6.2606E+02 2.0488E+00 1.0507E+01
6.2869E+02 2.0489E+00 1.0502E+01
6.3131E+02 2.0490E+00 1.0498E+01
6.3394E+02 2.0491E+00 1.0493E+01
6.3657E+02 2.0492E+00 1.0488E+01
6.3919E+02 2.0493E+00 1.0484E+01
6.4182E+02 2.0494E+00 1.0479E+01
6.4445E+02 2.0495E+00 1.0475E+01
6.4707E+02 2.0496E+00 1.0470E+01
6.4970E+02 2.0496E+00 1.0466E+01
6.5233E+02 2.0497E+00 1.0461E+01
6.5495E+02 2.0498E+00 1.0457E+01
6.5758E+02 2.0498E+00 1.0452E+01
6.6020E+02 2.0499E+00 1.0448E+01
6.6283E+02 2.0499E+00 1.0443E+01
6.6546E+02 2.0500E+00 1.0439E+01
6.6808E+02 2.0500E+00 1.0434E+01
6.7071E+02 2.0501E+00 1.0430E+01
6.7334E+02 2.0501E+00 1.0426E+01
6.7596E+02 2.0502E+00 1.0421E+01
6.7859E+02 2.0502E+00 1.0417E+01
6.8122E+02 2.0502E+00 1.0413E+01
6.8384E+02 2.0502E+00 1.0408E+01
6.8647E+02 2.0503E+00 1.0404E+01
6.8909E+02 2.0503E+00 1.0400E+01
6.9172E+02 2.0503E+00 1.0396E+01
6.9435E+02 2.0503E+00 1.0391E+01
6.9697E+02 2.0503E+00 1.0387E+01
6.9960E+02 2.0503E+00 1.0383E+01
7.0223E+02 2.0503E+00 1.0379E+01
7.0485E+02 2.0503E+00 1.0374E+01
7.0748E+02 2.0503E+00 1.0370E+01
7.1011E+02 2.0503E+00 1.0366E+01
7.1273E+02 2.0503E+00 1.0362E+01
7.1536E+02 2.0503E+00 1.0358E+01
7.1798E+02 2.0503E+00 1.0354E+01
7.2061E+02 2.0503E+00 1.0350E+01
7.2324E+02 2.0502E+00 1.0346E+01
7.2586E+02 2.0502E+00 1.0341E+01
7.2849E+02 2.0502E+00 1.0337E+01
7.3112E+02 2.0501E+00 1.0333E+01
7.3374E+02 2.0501E+00 1.0329E+01
7.3637E+02 2.0501E+00 1.0325E+01
7.3900E+02 2.0500E+00 1.0321E+01
7.4162E+02 2.0500E+00 1.0317E+01
7.4425E+02 2.0500E+00 1.0313E+01
7.4687E+02 2.0499E+00 1.0309E+01
7.4950E+02 2.0499E+00 1.0305E+01
7.5213E+02 2.0498E+00 1.0302E+01
7.5475E+02 2.0498E+00 1.0298E+01
7.5738E+02 2.0497E+00 1.0294E+01
7.6001E+02 2.0496E+00 1.0290E+01
7.6263E+02 2.0496E+00 1.0286E+01
7.6526E+02 2.0495E+00 1.0282E+01
7.6789E+02 2.0495E+00 1.0278E+01
7.7051E+02 2.0494E+00 1.0274E+01
7.7314E+02 2.0493E+00 1.0270E+01
7.7576E+02 2.0492E+00 1.0267E+01
7.7839E+02 2.0492E+00 1.0263E+01
7.8102E+02 2.0491E+00 1.0259E+01
7.8364E+02 2.0490E+00 1.0255E+01
7.8627E+02 2.0489E+00 1.0252E+01
7.8890E+02 2.0488E+00 1.0248E+01
7.9152E+02 2.0488E+00 1.0244E+01
7.9415E+02 2.0487E+00 1.0240E+01
7.9678E+02 2.0486E+00 1.0237E+01
7.9940E+02 2.0485E+00 1.0233E+01
8.0203E+02 2.0484E+00 1.0229E+01
8.0465E+02 2.0483E+00 1.0225E+01
8.0728E+02 2.0482E+00 1.0222E+01
8.0991E+02 2.0481E+00 1.0218E+01
8.1253E+02 2.0480E+00 1.0214E+01
8.1516E+02 2.0479E+00 1.0211E+01
8.1779E+02 2.0478E+00 1.0207E+01
8.2041E+02 2.0477E+00 1.0204E+01
8.2304E+02 2.0476E+00 1.0200E+01
8.2567E+02 2.0475E+00 1.0196E+01
8.2829E+02 2.0474E+00 1.0193E+01
8.3092E+02 2.0472E+00 1.0189E+01
8.3354E+02 2.0471E+00 1.0186E+01
8.3617E+02 2.0470E+00 1.0182E+01
8.3880E+02 2.0469E+00 1.0179E+01
8.4142E+02 2.0468E+00 1.0175E+01
8.4405E+02 2.0467E+00 1.0172E+01
8.4668E+02 2.0465E+00 1.0168E+01
8.4930E+02 2.0464E+00 1.0165E+01
8.5193E+02 2.0463E+00 1.0161E+01
8.5456E+02 2.0462E+00 1.0158E+01
8.5718E+02 2.0460E+00 1.0154E+01
8.5981E+02 2.0459E+00 1.0151E+01
8.6243E+02 2.0458E+00 1.0147E+01
8.6506E+02 2.0456E+00 1.0144E+01
8.6769E+02 2.0455E+00 1.0140E+01
8.7031E+02 2.0454E+00 1.0137E+01
8.7294E+02 2.0452E+00 1.0134E+01
8.7557E+02 2.0451E+00 1.0130E+01
8.7819E+02 2.0449E+00 1.0127E+01
8.8082E+02 2.0448E+00 1.0123E+01
8.8345E+02 2.0446E+00 1.0120E+01
8.8607E+02 2.0445E+00 1.0117E+01
8.8870E+02 2.0444E+00 1.0113E+01
8.9132E+02 2.0442E+00 1.0110E+01
8.9395E+02 2.0441E+00 1.0107E+01
8.9658E+02 2.0439E+00 1.0103E+01
8.9920E+02 2.0438E+00 1.0100E+01
9.0183E+02 2.0436E+00 1.0097E+01
9.0446E+02 2.0435E+00 1.0094E+01
9.0708E+02 2.0433E+00 1.0090E+01
9.0971E+02 2.0431E+00 1.0087E+01
9.1234E+02 2.0430E+00 1.0084E+01
9.1496E+02 2.0428E+00 1.0081E+01
9.1759E+02 2.0427E+00 1.0077E+01
9.2021E+02 2.0425E+00 1.0074E+01
9.2284E+02 2.0423E+00 1.0071E+01
9.2547E+02 2.0422E+00 1.0068E+01
9.2809E+02 2.0420E+00 1.0065E+01
9.3072E+02 2.0419E+00 1.0061E+01
9.3335E+02 2.0417E+00 1.0058E+01
9.3597E+02 2.0415E+00 1.0055E+01
9.3860E+02 2.0413E+00 1.0052E+01
9.4123E+02 2.0412E+00 1.0049E+01
9.4385E+02 2.0410E+00 1.0046E+01
9.4648E+02 2.0408E+00 1.0042E+01
9.4910E+02 2.0407E+00 1.0039E+01
9.5173E+02 2.0405E+00 1.0036E+01
9.5436E+02 2.0403E+00 1.0033E+01
9.5698E+02 2.0401E+00 1.0030E+01
9.5961E+02 2.0400E+00 1.0027E+01
9.6224E+02 2.0398E+00 1.0024E+01
9.6486E+02 2.0396E+00 1.0021E+01
9.6749E+02 2.0394E+00 1.0018E+01
9.7012E+02 2.0392E+00 1.0015E+01
9.7274E+02 2.0391E+00 1.0012E+01
9.7537E+02 2.0389E+00 1.0009E+01
9.7799E+02 2.0387E+00 1.0006E+01
9.8062E+02 2.0385E+00 1.0003E+01
9.8325E+02 2.0383E+00 1.0000E+01
9.8587E+02 2.0382E+00 9.9970E+00
9.8850E+02 2.0380E+00 9.9940E+00
9.9113E+02 2.0378E+00 9.9910E+00
9.9375E+02 2.0376E+00 9.9880E+00
9.9638E+02 2.0374E+00 9.9850E+00
9.9901E+02 2.0372E+00 9.9820E+00
1.0016E+03 2.0370E+00 9.9790E+00
1.0043E+03 2.0368E+00 9.9760E+00
1.0069E+03 2.0366E+00 9.9730E+00
1.0095E+03 2.0364E+00 9.9700E+00
1.0121E+03 2.0363E+00 9.9670E+00
1.0148E+03 2.0361E+00 9.9640E+00
1.0174E+03 2.0359E+00 9.9610E+00
1.0200E+03 2.0357E+00 9.9580E+00
1.0226E+03 2.0355E+00 9.9550E+00
1.0253E+03 2.0353E+00 9.9530E+00
1.0279E+03 2.0351E+00 9.9500E+00
1.0305E+03 2.0349E+00 9.9470E+00
1.0331E+03 2.0347E+00 9.9440E+00
1.0358E+03 2.0345E+00 9.9410E+00
1.0384E+03 2.0343E+00 9.9380E+00
1.0410E+03 2.0341E+00 9.9350E+00
1.0437E+03 2.0339E+00 9.9330E+00
1.0463E+03 2.0337E+00 9.9300E+00
1.0489E+03 2.0335E+00 9.9270E+00
1.0515E+03 2.0333E+00 9.9240E+00
1.0542E+03 2.0331E+00 9.9210E+00
1.0568E+03 2.0329E+00 9.9190E+00
1.0594E+03 2.0327E+00 9.9160E+00
1.0620E+03 2.0325E+00 9.9130E+00
1.0647E+03 2.0323E+00 9.9100E+00
1.0673E+03 2.0321E+00 9.9070E+00
1.0699E+03 2.0318E+00 9.9050E+00
1.0725E+03 2.0316E+00 9.9020E+00
1.0752E+03 2.0314E+00 9.8990E+00
1.0778E+03 2.0312E+00 9.8960E+00
1.0804E+03 2.0310E+00 9.8940E+00
1.0830E+03 2.0308E+00 9.8910E+00
1.0857E+03 2.0306E+00 9.8880E+00
1.0883E+03 2.0304E+00 9.8860E+00
1.0909E+03 2.0302E+00 9.8830E+00
1.0936E+03 2.0300E+00 9.8800E+00
1.0962E+03 2.0297E+00 9.8780E+00
1.0988E+03 2.0295E+00 9.8750E+00
1.1014E+03 2.0293E+00 9.8720E+00
1.1041E+03 2.0291E+00 9.8700E+00
1.1067E+03 2.0289E+00 9.8670E+00
1.1093E+03 2.0287E+00 9.8640E+00
1.1119E+03 2.0285E+00 9.8620E+00
1.1146E+03 2.0283E+00 9.8590E+00
1.1172E+03 2.0280E+00 9.8560E+00
1.1198E+03 2.0278E+00 9.8540E+00
1.1224E+03 2.0276E+00 9.8510E+00
1.1251E+03 2.0274E+00 9.8480E+00
1.1277E+03 2.0272E+00 9.8460E+00
1.1303E+03 2.0270E+00 9.8430E+00
1.1329E+03 2.0267E+00 9.8410E+00
1.1356E+03 2.0265E+00 9.8380E+00
1.1382E+03 2.0263E+00 9.8360E+00
1.1408E+03 2.0261E+00 9.8330E+00
1.1435E+03 2.0259E+00 9.8300E+00
1.1461E+03 2.0256E+00 9.8280E+00
1.1487E+03 2.0254E+00 9.8250E+00
1.1513E+03 2.0252E+00 9.8230E+00
1.1540E+03 2.0250E+00 9.8200E+00
1.1566E+03 2.0248E+00 9.8180E+00
1.1592E+03 2.0245E+00 9.8150E+00
1.1618E+03 2.0243E+00 9.8130E+00
1.1645E+03 2.0241E+00 9.8100E+00
1.1671E+03 2.0239E+00 9.8080E+00
1.1697E+03 2.0236E+00 9.8050E+00
1.1723E+03 2.0234E+00 9.8030E+00
1.1750E+03 2.0232E+00 9.8000E+00
1.1776E+03 2.0230E+00 9.7980E+00
1.1802E+03 2.0227E+00 9.7950E+00
1.1829E+03 2.0225E+00 9.7930E+00
1.1855E+03 2.0223E+00 9.7900E+00
1.1881E+03 2.0221E+00 9.7880E+00
1.1907E+03 2.0218E+00 9.7850E+00
1.1934E+03 2.0216E+00 9.7830E+00
1.1960E+03 2.0214E+00 9.7800E+00
1.1986E+03 2.0212E+00 9.7780E+00
1.2012E+03 2.0209E+00 9.7750E+00
1.2039E+03 2.0207E+00 9.7730E+00
1.2065E+03 2.0205E+00 9.7710E+00
1.2091E+03 2.0203E+00 9.7680E+00
1.2117E+03 2.0200E+00 9.7660E+00
1.2144E+03 2.0198E+00 9.7630E+00
1.2170E+03 2.0196E+00 9.7610E+00
1.2196E+03 2.0193E+00 9.7590E+00
1.2222E+03 2.0191E+00 9.7560E+00
1.2249E+03 2.0189E+00 9.7540E+00
1.2275E+03 2.0187E+00 9.7510E+00
1.2301E+03 2.0184E+00 9.7490E+00
1.2328E+03 2.0182E+00 9.7470E+00
1.2354E+03 2.0180E+00 9.7440E+00
1.2380E+03 2.0177E+00 9.7420E+00
1.2406E+03 2.0175E+00 9.7400E+00
1.2433E+03 2.0173E+00 9.7370E+00
1.2459E+03 2.0170E+00 9.7350E+00
1.2485E+03 2.0168E+00 9.7330E+00
1.2511E+03 2.0166E+00 9.7300E+00
1.2538E+03 2.0164E+00 9.7280E+00
1.2564E+03 2.0161E+00 9.7260E+00
1.2590E+03 2.0159E+00 9.7230E+00
1.2616E+03 2.0157E+00 9.7210E+00
1.2643E+03 2.0154E+00 9.7190E+00
1.2669E+03 2.0152E+00 9.7170E+00
1.2695E+03 2.0150E+00 9.7140E+00
1.2721E+03 2.0147E+00 9.7120E+00
1.2748E+03 2.0145E+00 9.7100E+00
1.2774E+03 2.0143E+00 9.7070E+00
1.2800E+03 2.0140E+00 9.7050E+00
1.2827E+03 2.0138E+00 9.7030E+00
1.2853E+03 2.0136E+00 9.7010E+00
1.2879E+03 2.0133E+00 9.6980E+00
1.2905E+03 2.0131E+00 9.6960E+00
1.2932E+03 2.0129E+00 9.6940E+00
1.2958E+03 2.0126E+00 9.6920E+00
1.2984E+03 2.0124E+00 9.6890E+00
1.3010E+03 2.0122E+00 9.6870E+00
1.3037E+03 2.0119E+00 9.6850E+00
1.3063E+03 2.0117E+00 9.6830E+00
1.3089E+03 2.0115E+00 9.6810E+00
1.3115E+03 2.0112E+00 9.6780E+00
1.3142E+03 2.0110E+00 9.6760E+00
1.3168E+03 2.0107E+00 9.6740E+00
1.3194E+03 2.0105E+00 9.6720E+00
1.3220E+03 2.0103E+00 9.6700E+00
1.3247E+03 2.0100E+00 9.6670E+00
1.3273E+03 2.0098E+00 9.6650E+00
1.3299E+03 2.0096E+00 9.6630E+00
1.3326E+03 2.0093E+00 9.6610E+00
1.3352E+03 2.0091E+00 9.6590E+00
1.3378E+03 2.0089E+00 9.6570E+00
1.3404E+03 2.0086E+00 9.6540E+00
1.3431E+03 2.0084E+00 9.6520E+00
1.3457E+03 2.0082E+00 9.6500E+00
1.3483E+03 2.0079E+00 9.6480E+00
1.3509E+03 2.0077E+00 9.6460E+00
1.3536E+03 2.0074E+00 9.6440E+00
1.3562E+03 2.0072E+00 9.6420E+00
1.3588E+03 2.0070E+00 9.6390E+00
1.3614E+03 2.0067E+00 9.6370E+00
1.3641E+03 2.0065E+00 9.6350E+00
1.3667E+03 2.0063E+00 9.6330E+00
1.3693E+03 2.0060E+00 9.6310E+00
1.3719E+03 2.0058E+00 9.6290E+00
1.3746E+03 2.0055E+00 9.6270E+00
1.3772E+03 2.0053E+00 9.6250E+00
1.3798E+03 2.0051E+00 9.6230E+00
1.3825E+03 2.0048E+00 9.6210E+00
1.3851E+03 2.0046E+00 9.6180E+00
1.3877E+03 2.0044E+00 9.6160E+00
1.3903E+03 2.0041E+00 9.6140E+00
1.3930E+03 2.0039E+00 9.6120E+00
1.3956E+03 2.0037E+00 9.6100E+00
1.3982E+03 2.0034E+00 9.6080E+00
1.4008E+03 2.0032E+00 9.6060E+00
1.4035E+03 2.0029E+00 9.6040E+00
1.4061E+03 2.0027E+00 9.6020E+00
1.4087E+03 2.0025E+00 9.6000E+00
1.4113E+03 2.0022E+00 9.5980E+00
1.4140E+03 2.0020E+00 9.5960E+00
1.4166E+03 2.0017E+00 9.5940E+00
1.4192E+03 2.0015E+00 9.5920E+00
1.4218E+03 2.0013E+00 9.5900E+00
1.4245E+03 2.0010E+00 9.5880E+00
1.4271E+03 2.0008E+00 9.5860E+00
1.4297E+03 2.0006E+00 9.5840E+00
1.4324E+03 2.0003E+00 9.5820E+00
1.4350E+03 2.0001E+00 9.5800E+00
1.4376E+03 1.9998E+00 9.5780E+00
1.4402E+03 1.9996E+00 9.5760E+00
1.4429E+03 1.9994E+00 9.5740E+00
1.4455E+03 1.9991E+00 9.5720E+00
1.4481E+03 1.9989E+00 9.5700E+00
1.4507E+03 1.9987E+00 9.5680E+00
1.4534E+03 1.9984E+00 9.5660E+00
1.4560E+03 1.9982E+00 9.5640E+00
1.4586E+03 1.9979E+00 9.5620E+00
1.4612E+03 1.9977E+00 9.5600E+00
1.4639E+03 1.9975E+00 9.5580E+00
1.4665E+03 1.9972E+00 9.5560E+00
1.4691E+03 1.9970E+00 9.5540E+00
1.4717E+03 1.9967E+00 9.5520E+00
1.4744E+03 1.9965E+00 9.5500E+00
1.4770E+03 1.9963E+00 9.5480E+00
1.4796E+03 1.9960E+00 9.5470E+00
1.4823E+03 1.9958E+00 9.5450E+00
1.4849E+03 1.9956E+00 9.5430E+00
1.4875E+03 1.9953E+00 9.5410E+00
1.4901E+03 1.9951E+00 9.5390E+00
1.4928E+03 1.9948E+00 9.5370E+00
1.4954E+03 1.9946E+00 9.5350E+00
1.4980E+03 1.9944E+00 9.5330E+00
1.5006E+03 1.9941E+00 9.5310E+00
1.5033E+03 1.9939E+00 9.5290E+00
1.5059E+03 1.9936E+00 9.5270E+00
1.5085E+03 1.9934E+00 9.5260E+00
1.5111E+03 1.9932E+00 9.5240E+00
1.5138E+03 1.9929E+00 9.5220E+00
1.5164E+03 1.9927E+00 9.5200E+00
1.5190E+03 1.9925E+00 9.5180E+00
1.5217E+03 1.9922E+00 9.5160E+00
1.5243E+03 1.9920E+00 9.5140E+00
1.5269E+03 1.9917E+00 9.5130E+00
1.5295E+03 1.9915E+00 9.5110E+00
1.5322E+03 1.9913E+00 9.5090E+00
1.5348E+03 1.9910E+00 9.5070E+00
1.5374E+03 1.9908E+00 9.5050E+00
1.5400E+03 1.9906E+00 9.5030E+00
1.5427E+03 1.9903E+00 9.5010E+00
1.5453E+03 1.9901E+00 9.5000E+00
1.5479E+03 1.9898E+00 9.4980E+00
1.5505E+03 1.9896E+00 9.4960E+00
1.5532E+03 1.9894E+00 9.4940E+00
1.5558E+03 1.9891E+00 9.4920E+00
1.5584E+03 1.9889E+00 9.4910E+00
1.5610E+03 1.9887E+00 9.4890E+00
1.5637E+03 1.9884E+00 9.4870E+00
1.5663E+03 1.9882E+00 9.4850E+00
1.5689E+03 1.9879E+00 9.4830E+00
1.5716E+03 1.9877E+00 9.4820E+00
1.5742E+03 1.9875E+00 9.4800E+00
1.5768E+03 1.9872E+00 9.4780E+00
1.5794E+03 1.9870E+00 9.4760E+00
1.5821E+03 1.9868E+00 9.4740E+00
1.5847E+03 1.9865E+00 9.4730E+00
1.5873E+03 1.9863E+00 9.4710E+00
1.5899E+03 1.9860E+00 9.4690E+00
1.5926E+03 1.9858E+00 9.4670E+00
1.5952E+03 1.9856E+00 9.4650E+00
1.5978E+03 1.9853E+00 9.4640E+00
1.6004E+03 1.9851E+00 9.4620E+00
1.6031E+03 1.9849E+00 9.4600E+00
1.6057E+03 1.9846E+00 9.4580E+00
1.6083E+03 1.9844E+00 9.4570E+00
1.6109E+03 1.9841E+00 9.4550E+00
1.6136E+03 1.9839E+00 9.4530E+00
1.6162E+03 1.9837E+00 9.4510E+00
1.6188E+03 1.9834E+00 9.4500E+00
1.6215E+03 1.9832E+00 9.4480E+00
1.6241E+03 1.9830E+00 9.4460E+00
1.6267E+03 1.9827E+00 9.4450E+00
1.6293E+03 1.9825E+00 9.4430E+00
1.6320E+03 1.9823E+00 9.4410E+00
1.6346E+03 1.9820E+00 9.4390E+00
1.6372E+03 1.9818E+00 9.4380E+00
1.6398E+03 1.9816E+00 9.4360E+00
1.6425E+03 1.9813E+00 9.4340E+00
1.6451E+03 1.9811E+00 9.4330E+00
1.6477E+03 1.9808E+00 9.4310E+00
1.6503E+03 1.9806E+00 9.4290E+00
1.6530E+03 1.9804E+00 9.4270E+00
1.6556E+03 1.9801E+00 9.4260E+00
1.6582E+03 1.9799E+00 9.4240E+00
1.6608E+03 1.9797E+00 9.4220E+00
1.6635E+03 1.9794E+00 9.4210E+00
1.6661E+03 1.9792E+00 9.4190E+00
1.6687E+03 1.9790E+00 9.4170E+00
1.6714E+03 1.9787E+00 9.4160E+00
1.6740E+03 1.9785E+00 9.4140E+00
1.6766E+03 1.9783E+00 9.4120E+00
1.6792E+03 1.9780E+00 9.4110E+00
1.6819E+03 1.9778E+00 9.4090E+00
1.6845E+03 1.9776E+00 9.4070E+00
1.6871E+03 1.9773E+00 9.4060E+00
1.6897E+03 1.9771E+00 9.4040E+00
1.6924E+03 1.9769E+00 9.4020E+00
1.6950E+03 1.9766E+00 9.4010E+00
1.6976E+03 1.9764E+00 9.3990E+00
1.7002E+03 1.9762E+00 9.3980E+00
1.7029E+03 1.9759E+00 9.3960E+00
1.7055E+03 1.9757E+00 9.3940E+00
1.7081E+03 1.9755E+00 9.3930E+00
1.7107E+03 1.9752E+00 9.3910E+00
1.7134E+03 1.9750E+00 9.3890E+00
1.7160E+03 1.9748E+00 9.3880E+00
1.7186E+03 1.9745E+00 9.3860E+00
1.7213E+03 1.9743E+00 9.3850E+00
1.7239E+03 1.9741E+00 9.3830E+00
1.7265E+03 1.9738E+00 9.3810E+00
1.7291E+03 1.9736E+00 9.3800E+00
1.7318E+03 1.9734E+00 9.3780E+00
1.7344E+03 1.9731E+00 9.3770E+00
1.7370E+03 1.9729E+00 9.3750E+00
1.7396E+03 1.9727E+00 9.3730E+00
1.7423E+03 1.9724E+00 9.3720E+00
1.7449E+03 1.9722E+00 9.3700E+00
1.7475E+03 1.9720E+00 9.3690E+00
1.7501E+03 1.9717E+00 9.3670E+00
1.7528E+03 1.9715E+00 9.3650E+00
1.7554E+03 1.9713E+00 9.3640E+00
1.7580E+03 1.9710E+00 9.3620E+00
1.7606E+03 1.9708E+00 9.3610E+00
1.7633E+03 1.9706E+00 9.3590E+00
1.7659E+03 1.9703E+00 9.3580E+00
1.7685E+03 1.9701E+00 9.3560E+00
1.7712E+03 1.9699E+00 9.3540E+00
1.7738E+03 1.9696E+00 9.3530E+00
1.7764E+03 1.9694E+00 9.3510E+00
1.7790E+03 1.9692E+00 9.3500E+00
1.7817E+03 1.9689E+00 9.3480E+00
1.7843E+03 1.9687E+00 9.3470E+00
1.7869E+03 1.9685E+00 9.3450E+00
1.7895E+03 1.9683E+00 9.3440E+00
1.7922E+03 1.9680E+00 9.3420E+00
1.7948E+03 1.9678E+00 9.3400E+00
1.7974E+03 1.9676E+00 9.3390E+00
1.8000E+03 1.9673E+00 9.3370E+00
1.8027E+03 1.9671E+00 9.3360E+00
1.8053E+03 1.9669E+00 9.3340E+00
1.8079E+03 1.9666E+00 9.3330E+00
1.8105E+03 1.9664E+00 9.3310E+00
1.8132E+03 1.9662E+00 9.3300E+00
1.8158E+03 1.9660E+00 9.3280E+00
1.8184E+03 1.9657E+00 9.3270E+00
1.8211E+03 1.9655E+00 9.3250E+00
1.8237E+03 1.9653E+00 9.3240E+00
1.8263E+03 1.9650E+00 9.3220E+00
1.8289E+03 1.9648E+00 9.3210E+00
1.8316E+03 1.9646E+00 9.3190E+00
1.8342E+03 1.9644E+00 9.3180E+00
1.8368E+03 1.9641E+00 9.3160E+00
1.8394E+03 1.9639E+00 9.3150E+00
1.8421E+03 1.9637E+00 9.3130E+00
1.8447E+03 1.9634E+00 9.3120E+00
1.8473E+03 1.9632E+00 9.3100E+00
1.8499E+03 1.9630E+00 9.3090E+00
1.8526E+03 1.9628E+00 9.3070E+00
1.8552E+03 1.9625E+00 9.3060E+00
1.8578E+03 1.9623E+00 9.3040E+00
1.8605E+03 1.9621E+00 9.3030E+00
1.8631E+03 1.9618E+00 9.3010E+00
1.8657E+03 1.9616E+00 9.3000E+00
1.8683E+03 1.9614E+00 9.2990E+00
1.8710E+03 1.9612E+00 9.2970E+00
1.8736E+03 1.9609E+00 9.2960E+00
1.8762E+03 1.9607E+00 9.2940E+00
1.8788E+03 1.9605E+00 9.2930E+00
1.8815E+03 1.9603E+00 9.2910E+00
1.8841E+03 1.9600E+00 9.2900E+00
1.8867E+03 1.9598E+00 9.2880E+00
1.8893E+03 1.9596E+00 9.2870E+00
1.8920E+03 1.9594E+00 9.2850E+00
1.8946E+03 1.9591E+00 9.2840E+00
1.8972E+03 1.9589E+00 9.2830E+00
1.8998E+03 1.9587E+00 9.2810E+00
1.9025E+03 1.9584E+00 9.2800E+00
1.9051E+03 1.9582E+00 9.2780E+00
1.9077E+03 1.9580E+00 9.2770E+00
1.9104E+03 1.9578E+00 9.2750E+00
1.9130E+03 1.9575E+00 9.2740E+00
1.9156E+03 1.9573E+00 9.2730E+00
1.9182E+03 1.9571E+00 9.2710E+00
1.9209E+03 1.9569E+00 9.2700E+00
1.9235E+03 1.9566E+00 9.2680E+00
1.9261E+03 1.9564E+00 9.2670E+00
1.9287E+03 1.9562E+00 9.2660E+00
1.9314E+03 1.9560E+00 9.2640E+00
1.9340E+03 1.9558E+00 9.2630E+00
1.9366E+03 1.9555E+00 9.2610E+00
1.9392E+03 1.9553E+00 9.2600E+00
1.9419E+03 1.9551E+00 9.2590E+00
1.9445E+03 1.9549E+00 9.2570E+00
1.9471E+03 1.9546E+00 9.2560E+00
1.9497E+03 1.9544E+00 9.2540E+00
1.9524E+03 1.9542E+00 9.2530E+00
1.9550E+03 1.9540E+00 9.2520E+00
1.9576E+03 1.9537E+00 9.2500E+00
1.9603E+03 1.9535E+00 9.2490E+00
1.9629E+03 1.9533E+00 9.2470E+00
1.9655E+03 1.9531E+00 9.2460E+00
1.9681E+03 1.9528E+00 9.2450E+00
1.9708E+03 1.9526E+00 9.2430E+00
1.9734E+03 1.9524E+00 9.2420E+00
1.9760E+03 1.9522E+00 9.2410E+00
1.9786E+03 1.9520E+00 9.2390E+00
1.9813E+03 1.9517E+00 9.2380E+00
1.9839E+03 1.9515E+00 9.2370E+00
1.9865E+03 1.9513E+00 9.2350E+00
1.9891E+03 1.9511E+00 9.2340E+00
1.9918E+03 1.9509E+00 9.2320E+00
1.9944E+03 1.9506E+00 9.2310E+00
1.9970E+03 1.9504E+00 9.2300E+00
1.9996E+03 1.9502E+00 9.2280E+00
2.0023E+03 1.9500E+00 9.2270E+00
2.0049E+03 1.9497E+00 9.2260E+00
2.0075E+03 1.9495E+00 9.2240E+00
2.0102E+03 1.9493E+00 9.2230E+00
2.0128E+03 1.9491E+00 9.2220E+00
2.0154E+03 1.9489E+00 9.2200E+00
2.0180E+03 1.9486E+00 9.2190E+00
2.0207E+03 1.9484E+00 9.2180E+00
2.0233E+03 1.9482E+00 9.2160E+00
2.0259E+03 1.9480E+00 9.2150E+00
2.0285E+03 1.9478E+00 9.2140E+00
2.0312E+03 1.9475E+00 9.2120E+00
2.0338E+03 1.9473E+00 9.2110E+00
2.0364E+03 1.9471E+00 9.2100E+00
2.0390E+03 1.9469E+00 9.2080E+00
2.0417E+03 1.9467E+00 9.2070E+00
2.0443E+03 1.9465E+00 9.2060E+00
2.0469E+03 1.9462E+00 9.2050E+00
2.0495E+03 1.9460E+00 9.2030E+00
2.0522E+03 1.9458E+00 9.2020E+00
2.0548E+03 1.9456E+00 9.2010E+00
2.0574E+03 1.9454E+00 9.1990E+00
2.0601E+03 1.9451E+00 9.1980E+00
2.0627E+03 1.9449E+00 9.1970E+00
2.0653E+03 1.9447E+00 9.1950E+00
2.0679E+03 1.9445E+00 9.1940E+00
2.0706E+03 1.9443E+00 9.1930E+00
2.0732E+03 1.9441E+00 9.1920E+00
2.0758E+03 1.9438E+00 9.1900E+00
2.0784E+03 1.9436E+00 9.1890E+00
2.0811E+03 1.9434E+00 9.1880E+00
2.0837E+03 1.9432E+00 9.1860E+00
2.0863E+03 1.9430E+00 9.1850E+00
2.0889E+03 1.9428E+00 9.1840E+00
2.0916E+03 1.9425E+00 9.1830E+00
2.0942E+03 1.9423E+00 9.1810E+00
2.0968E+03 1.9421E+00 9.1800E+00
2.0994E+03 1.9419E+00 9.1790E+00
2.1021E+03 1.9417E+00 9.1780E+00
2.1047E+03 1.9415E+00 9.1760E+00
2.1073E+03 1.9412E+00 9.1750E+00
2.1100E+03 1.9410E+00 9.1740E+00
2.1126E+03 1.9408E+00 9.1720E+00
2.1152E+03 1.9406E+00 9.1710E+00
2.1178E+03 1.9404E+00 9.1700E+00
2.1205E+03 1.9402E+00 9.1690E+00
2.1231E+03 1.9400E+00 9.1670E+00
2.1257E+03 1.9397E+00 9.1660E+00
2.1283E+03 1.9395E+00 9.1650E+00
2.1310E+03 1.9393E+00 9.1640E+00
2.1336E+03 1.9391E+00 9.1620E+00
2.1362E+03 1.9389E+00 9.1610E+00
2.1388E+03 1.9387E+00 9.1600E+00
2.1415E+03 1.9385E+00 9.1590E+00
2.1441E+03 1.9382E+00 9.1580E+00
2.1467E+03 1.9380E+00 9.1560E+00
2.1494E+03 1.9378E+00 9.1550E+00
2.1520E+03 1.9376E+00 9.1540E+00
2.1546E+03 1.9374E+00 9.1530E+00
2.1572E+03 1.9372E+00 9.1510E+00
2.1599E+03 1.9370E+00 9.1500E+00
2.1625E+03 1.9367E+00 9.1490E+00
2.1651E+03 1.9365E+00 9.1480E+00
2.1677E+03 1.9363E+00 9.1470E+00
2.1704E+03 1.9361E+00 9.1450E+00
2.1730E+03 1.9359E+00 9.1440E+00
2.1756E+03 1.9357E+00 9.1430E+00
2.1782E+03 1.9355E+00 9.1420E+00
2.1809E+03 1.9353E+00 9.1400E+00
2.1835E+03 1.9351E+00 9.1390E+00
2.1861E+03 1.9348E+00 9.1380E+00
2.1887E+03 1.9346E+00 9.1370E+00
2.1914E+03 1.9344E+00 9.1360E+00
2.1940E+03 1.9342E+00 9.1340E+00
2.1966E+03 1.9340E+00 9.1330E+00
2.1993E+03 1.9338E+00 9.1320E+00
2.2019E+03 1.9336E+00 9.1310E+00
2.2045E+03 1.9334E+00 9.1300E+00
2.2071E+03 1.9332E+00 9.1280E+00
2.2098E+03 1.9329E+00 9.1270E+00
2.2124E+03 1.9327E+00 9.1260E+00
2.2150E+03 1.9325E+00 9.1250E+00
2.2176E+03 1.9323E+00 9.1240E+00
2.2203E+03 1.9321E+00 9.1230E+00
2.2229E+03 1.9319E+00 9.1210E+00
2.2255E+03 1.9317E+00 9.1200E+00
2.2281E+03 1.9315E+00 9.1190E+00
2.2308E+03 1.9313E+00 9.1180E+00
2.2334E+03 1.9311E+00 9.1170E+00
2.2360E+03 1.9309E+00 9.1150E+00
2.2386E+03 1.9306E+00 9.1140E+00
2.2413E+03 1.9304E+00 9.1130E+00
2.2439E+03 1.9302E+00 9.1120E+00
2.2465E+03 1.9300E+00 9.1110E+00
2.2492E+03 1.9298E+00 9.1100E+00
2.2518E+03 1.9296E+00 9.1080E+00
2.2544E+03 1.9294E+00 9.1070E+00
2.2570E+03 1.9292E+00 9.1060E+00
2.2597E+03 1.9290E+00 9.1050E+00
2.2623E+03 1.9288E+00 9.1040E+00
2.2649E+03 1.9286E+00 9.1030E+00
2.2675E+03 1.9284E+00 9.1020E+00
2.2702E+03 1.9281E+00 9.1000E+00
2.2728E+03 1.9279E+00 9.0990E+00
2.2754E+03 1.9277E+00 9.0980E+00
2.2780E+03 1.9275E+00 9.0970E+00
2.2807E+03 1.9273E+00 9.0960E+00
2.2833E+03 1.9271E+00 9.0950E+00
2.2859E+03 1.9269E+00 9.0940E+00
2.2885E+03 1.9267E+00 9.0920E+00
2.2912E+03 1.9265E+00 9.0910E+00
2.2938E+03 1.9263E+00 9.0900E+00
2.2964E+03 1.9261E+00 9.0890E+00
2.2991E+03 1.9259E+00 9.0880E+00
2.3017E+03 1.9257E+00 9.0870E+00
2.3043E+03 1.9255E+00 9.0860E+00
2.3069E+03 1.9253E+00 9.0840E+00
2.3096E+03 1.9251E+00 9.0830E+00
2.3122E+03 1.9249E+00 9.0820E+00
2.3148E+03 1.9246E+00 9.0810E+00
2.3174E+03 1.9244E+00 9.0800E+00
2.3201E+03 1.9242E+00 9.0790E+00
2.3227E+03 1.9240E+00 9.0780E+00
2.3253E+03 1.9238E+00 9.0770E+00
2.3279E+03 1.9236E+00 9.0760E+00
2.3306E+03 1.9234E+00 9.0740E+00
2.3332E+03 1.9232E+00 9.0730E+00
2.3358E+03 1.9230E+00 9.0720E+00
2.3384E+03 1.9228E+00 9.0710E+00
2.3411E+03 1.9226E+00 9.0700E+00
2.3437E+03 1.9224E+00 9.0690E+00
2.3463E+03 1.9222E+00 9.0680E+00
2.3490E+03 1.9220E+00 9.0670E+00
2.3516E+03 1.9218E+00 9.0660E+00
2.3542E+03 1.9216E+00 9.0640E+00
2.3568E+03 1.9214E+00 9.0630E+00
2.3595E+03 1.9212E+00 9.0620E+00
2.3621E+03 1.9210E+00 9.0610E+00
2.3647E+03 1.9208E+00 9.0600E+00
2.3673E+03 1.9206E+00 9.0590E+00
2.3700E+03 1.9204E+00 9.0580E+00
2.3726E+03 1.9202E+00 9.0570E+00
2.3752E+03 1.9200E+00 9.0560E+00
2.3778E+03 1.9198E+00 9.0550E+00
2.3805E+03 1.9196E+00 9.0540E+00
2.3831E+03 1.9194E+00 9.0530E+00
2.3857E+03 1.9192E+00 9.0510E+00
2.3883E+03 1.9190E+00 9.0500E+00
2.3910E+03 1.9188E+00 9.0490E+00
2.3936E+03 1.9186E+00 9.0480E+00
2.3962E+03 1.9184E+00 9.0470E+00
2.3989E+03 1.9182E+00 9.0460E+00
2.4015E+03 1.9180E+00 9.0450E+00
2.4041E+03 1.9178E+00 9.0440E+00
2.4067E+03 1.9176E+00 9.0430E+00
2.4094E+03 1.9174E+00 9.0420E+00
2.4120E+03 1.9172E+00 9.0410E+00
2.4146E+03 1.9170E+00 9.0400E+00
2.4172E+03 1.9168E+00 9.0390E+00
2.4199E+03 1.9166E+00 9.0380E+00
2.4225E+03 1.9164E+00 9.0360E+00
2.4251E+03 1.9162E+00 9.0350E+00
2.4277E+03 1.9160E+00 9.0340E+00
2.4304E+03 1.9158E+00 9.0330E+00
2.4330E+03 1.9156E+00 9.0320E+00
2.4356E+03 1.9154E+00 9.0310E+00
2.4382E+03 1.9152E+00 9.0300E+00
2.4409E+03 1.9150E+00 9.0290E+00
2.4435E+03 1.9148E+00 9.0280E+00
2.4461E+03 1.9146E+00 9.0270E+00
2.4488E+03 1.9144E+00 9.0260E+00
2.4514E+03 1.9142E+00 9.0250E+00
2.4540E+03 1.9140E+00 9.0240E+00
2.4566E+03 1.9138E+00 9.0230E+00
2.4593E+03 1.9136E+00 9.0220E+00
2.4619E+03 1.9134E+00 9.0210E+00
2.4645E+03 1.9132E+00 9.0200E+00
2.4671E+03 1.9130E+00 9.0190E+00
2.4698E+03 1.9128E+00 9.0180E+00
2.4724E+03 1.9126E+00 9.0170E+00
2.4750E+03 1.9124E+00 9.0160E+00
2.4776E+03 1.9122E+00 9.0150E+00
2.4803E+03 1.9120E+00 9.0140E+00
2.4829E+03 1.9118E+00 9.0130E+00
2.4855E+03 1.9116E+00 9.0120E+00
2.4882E+03 1.9114E+00 9.0110E+00
2.4908E+03 1.9112E+00 9.0090E+00
2.4934E+03 1.9110E+00 9.0080E+00
2.4960E+03 1.9108E+00 9.0070E+00
2.4987E+03 1.9107E+00 9.0060E+00
2.5013E+03 1.9105E+00 9.0050E+00
2.5039E+03 1.9103E+00 9.0040E+00
2.5065E+03 1.9101E+00 9.0030E+00
2.5092E+03 1.9099E+00 9.0020E+00
2.5118E+03 1.9097E+00 9.0010E+00
2.5144E+03 1.9095E+00 9.0000E+00
2.5170E+03 1.9093E+00 8.9990E+00
2.5197E+03 1.9091E+00 8.9980E+00
2.5223E+03 1.9089E+00 8.9970E+00
2.5249E+03 1.9087E+00 8.9960E+00
2.5275E+03 1.9085E+00 8.9950E+00
2.5302E+03 1.9083E+00 8.9940E+00
2.5328E+03 1.9081E+00 8.9930E+00
2.5354E+03 1.9079E+00 8.9920E+00
2.5381E+03 1.9077E+00 8.9910E+00
2.5407E+03 1.9075E+00 8.9900E+00
2.5433E+03 1.9074E+00 8.9890E+00
2.5459E+03 1.9072E+00 8.9880E+00
2.5486E+03 1.9070E+00 8.9870E+00
2.5512E+03 1.9068E+00 8.9860E+00
2.5538E+03 1.9066E+00 8.9850E+00
2.5564E+03 1.9064E+00 8.9840E+00
2.5591E+03 1.9062E+00 8.9830E+00
2.5617E+03 1.9060E+00 8.9820E+00
2.5643E+03 1.9058E+00 8.9810E+00
2.5669E+03 1.9056E+00 8.9810E+00
2.5696E+03 1.9054E+00 8.9800E+00
2.5722E+03 1.9052E+00 8.9790E+00
2.5748E+03 1.9050E+00 8.9780E+00
2.5774E+03 1.9049E+00 8.9770E+00
2.5801E+03 1.9047E+00 8.9760E+00
2.5827E+03 1.9045E+00 8.9750E+00
2.5853E+03 1.9043E+00 8.9740E+00
2.5880E+03 1.9041E+00 8.9730E+00
2.5906E+03 1.9039E+00 8.9720E+00
2.5932E+03 1.9037E+00 8.9710E+00
2.5958E+03 1.9035E+00 8.9700E+00
2.5985E+03 1.9033E+00 8.9690E+00
2.6011E+03 1.9031E+00 8.9680E+00
2.6037E+03 1.9030E+00 8.9670E+00
2.6063E+03 1.9028E+00 8.9660E+00
2.6090E+03 1.9026E+00 8.9650E+00
2.6116E+03 1.9024E+00 8.9640E+00
2.6142E+03 1.9022E+00 8.9630E+00
2.6168E+03 1.9020E+00 8.9620E+00
2.6195E+03 1.9018E+00 8.9610E+00
2.6221E+03 1.9016E+00 8.9600E+00
2.6247E+03 1.9014E+00 8.9590E+00
2.6273E+03 1.9012E+00 8.9580E+00
2.6300E+03 1.9011E+00 8.9570E+00
