6.2415E+00 3.3400E-01 1.2609E+01
8.9983E+00 4.2662E-01 1.2188E+01
1.1755E+01 5.0759E-01 1.2013E+01
1.4512E+01 5.7976E-01 1.1928E+01
1.7269E+01 6.4494E-01 1.1883E+01
2.0026E+01 7.0437E-01 1.1857E+01
2.2782E+01 7.5898E-01 1.1842E+01
2.5539E+01 8.0946E-01 1.1832E+01
2.8296E+01 8.5636E-01 1.1826E+01
3.1053E+01 9.0012E-01 1.1820E+01
3.3810E+01 9.4109E-01 1.1816E+01
3.6567E+01 9.7957E-01 1.1812E+01
3.9323E+01 1.0158E+00 1.1808E+01
4.2080E+01 1.0500E+00 1.1803E+01
4.4837E+01 1.0824E+00 1.1799E+01
4.7594E+01 1.1131E+00 1.1794E+01
5.0351E+01 1.1423E+00 1.1789E+01
5.3108E+01 1.1701E+00 1.1783E+01
5.5864E+01 1.1965E+00 1.1777E+01
5.8621E+01 1.2218E+00 1.1771E+01
6.1378E+01 1.2459E+00 1.1764E+01
6.4135E+01 1.2690E+00 1.1757E+01
6.6892E+01 1.2911E+00 1.1750E+01
6.9649E+01 1.3123E+00 1.1742E+01
7.2405E+01 1.3326E+00 1.1735E+01
7.5162E+01 1.3522E+00 1.1727E+01
7.7919E+01 1.3710E+00 1.1719E+01
8.0676E+01 1.3890E+00 1.1710E+01
8.3433E+01 1.4065E+00 1.1702E+01
8.6190E+01 1.4232E+00 1.1693E+01
8.8946E+01 1.4394E+00 1.1685E+01
9.1703E+01 1.4550E+00 1.1676E+01
9.4460E+01 1.4701E+00 1.1667E+01
9.7217E+01 1.4847E+00 1.1658E+01
9.9974E+01 1.4988E+00 1.1649E+01
1.0273E+02 1.5124E+00 1.1640E+01
1.0549E+02 1.5256E+00 1.1630E+01
1.0824E+02 1.5384E+00 1.1621E+01
1.1100E+02 1.5507E+00 1.1612E+01
1.1376E+02 1.5627E+00 1.1603E+01
1.1651E+02 1.5743E+00 1.1593E+01
1.1927E+02 1.5856E+00 1.1584E+01
1.2203E+02 1.5966E+00 1.1574E+01
1.2479E+02 1.6072E+00 1.1565E+01
1.2754E+02 1.6175E+00 1.1556E+01
1.3030E+02 1.6275E+00 1.1546E+01
1.3306E+02 1.6373E+00 1.1537E+01
1.3581E+02 1.6467E+00 1.1527E+01
1.3857E+02 1.6559E+00 1.1518E+01
1.4133E+02 1.6649E+00 1.1509E+01
1.4408E+02 1.6736E+00 1.1499E+01
1.4684E+02 1.6821E+00 1.1490E+01
1.4960E+02 1.6904E+00 1.1481E+01
1.5235E+02 1.6984E+00 1.1471E+01
1.5511E+02 1.7063E+00 1.1462E+01
1.5787E+02 1.7139E+00 1.1453E+01
1.6062E+02 1.7214E+00 1.1443E+01
1.6338E+02 1.7287E+00 1.1434E+01
1.6614E+02 1.7357E+00 1.1425E+01
1.6889E+02 1.7427E+00 1.1416E+01
1.7165E+02 1.7494E+00 1.1407E+01
1.7441E+02 1.7560E+00 1.1398E+01
1.7716E+02 1.7624E+00 1.1389E+01
1.7992E+02 1.7687E+00 1.1380E+01
1.8268E+02 1.7748E+00 1.1371E+01
1.8544E+02 1.7808E+00 1.1362E+01
1.8819E+02 1.7866E+00 1.1353E+01
1.9095E+02 1.7923E+00 1.1344E+01
1.9371E+02 1.7979E+00 1.1335E+01
1.9646E+02 1.8034E+00 1.1326E+01
1.9922E+02 1.8087E+00 1.1317E+01
2.0198E+02 1.8139E+00 1.1309E+01
2.0473E+02 1.8190E+00 1.1300E+01
2.0749E+02 1.8240E+00 1.1291E+01
2.1025E+02 1.8289E+00 1.1283E+01
2.1300E+02 1.8336E+00 1.1274E+01
2.1576E+02 1.8383E+00 1.1266E+01
2.1852E+02 1.8429E+00 1.1257E+01
2.2127E+02 1.8473E+00 1.1249E+01
2.2403E+02 1.8517E+00 1.1240E+01
2.2679E+02 1.8560E+00 1.1232E+01
2.2954E+02 1.8602E+00 1.1224E+01
2.3230E+02 1.8643E+00 1.1215E+01
2.3506E+02 1.8683E+00 1.1207E+01
2.3782E+02 1.8722E+00 1.1199E+01
2.4057E+02 1.8761E+00 1.1191E+01
2.4333E+02 1.8799E+00 1.1183E+01
2.4609E+02 1.8836E+00 1.1175E+01
2.4884E+02 1.8872E+00 1.1166E+01
2.5160E+02 1.8908E+00 1.1158E+01
2.5436E+02 1.8943E+00 1.1151E+01
2.5711E+02 1.8977E+00 1.1143E+01
2.5987E+02 1.9010E+00 1.1135E+01
2.6263E+02 1.9043E+00 1.1127E+01
2.6538E+02 1.9075E+00 1.1119E+01
2.6814E+02 1.9107E+00 1.1111E+01
2.7090E+02 1.9138E+00 1.1104E+01
2.7365E+02 1.9168E+00 1.1096E+01
2.7641E+02 1.9198E+00 1.1088E+01
2.7917E+02 1.9227E+00 1.1081E+01
2.8192E+02 1.9256E+00 1.1073E+01
2.8468E+02 1.9284E+00 1.1066E+01
2.8744E+02 1.9311E+00 1.1058E+01
2.9019E+02 1.9338E+00 1.1051E+01
2.9295E+02 1.9365E+00 1.1043E+01
2.9571E+02 1.9391E+00 1.1036E+01
2.9847E+02 1.9417E+00 1.1028E+01
3.0122E+02 1.9442E+00 1.1021E+01
3.0398E+02 1.9466E+00 1.1014E+01
3.0674E+02 1.9490E+00 1.1007E+01
3.0949E+02 1.9514E+00 1.0999E+01
3.1225E+02 1.9538E+00 1.0992E+01
3.1501E+02 1.9560E+00 1.0985E+01
3.1776E+02 1.9583E+00 1.0978E+01
3.2052E+02 1.9605E+00 1.0971E+01
3.2328E+02 1.9626E+00 1.0964E+01
3.2603E+02 1.9648E+00 1.0957E+01
3.2879E+02 1.9669E+00 1.0950E+01
3.3155E+02 1.9689E+00 1.0943E+01
3.3430E+02 1.9709E+00 1.0936E+01
3.3706E+02 1.9729E+00 1.0929E+01
3.3982E+02 1.9748E+00 1.0923E+01
3.4257E+02 1.9767E+00 1.0916E+01
3.4533E+02 1.9786E+00 1.0909E+01
3.4809E+02 1.9805E+00 1.0902E+01
3.5085E+02 1.9823E+00 1.0896E+01
3.5360E+02 1.9840E+00 1.0889E+01
3.5636E+02 1.9858E+00 1.0882E+01
3.5912E+02 1.9875E+00 1.0876E+01
3.6187E+02 1.9892E+00 1.0869E+01
3.6463E+02 1.9908E+00 1.0863E+01
3.6739E+02 1.9924E+00 1.0856E+01
3.7014E+02 1.9940E+00 1.0850E+01
3.7290E+02 1.9956E+00 1.0843E+01
3.7566E+02 1.9971E+00 1.0837E+01
3.7841E+02 1.9987E+00 1.0831E+01
3.8117E+02 2.0001E+00 1.0824E+01
3.8393E+02 2.0016E+00 1.0818E+01
3.8668E+02 2.0030E+00 1.0812E+01
3.8944E+02 2.0045E+00 1.0805E+01
3.9220E+02 2.0058E+00 1.0799E+01
3.9495E+02 2.0072E+00 1.0793E+01
3.9771E+02 2.0085E+00 1.0787E+01
4.0047E+02 2.0099E+00 1.0781E+01
4.0322E+02 2.0111E+00 1.0775E+01
4.0598E+02 2.0124E+00 1.0769E+01
4.0874E+02 2.0137E+00 1.0762E+01
4.1150E+02 2.0149E+00 1.0756E+01
4.1425E+02 2.0161E+00 1.0750E+01
4.1701E+02 2.0173E+00 1.0744E+01
4.1977E+02 2.0184E+00 1.0739E+01
4.2252E+02 2.0196E+00 1.0733E+01
4.2528E+02 2.0207E+00 1.0727E+01
4.2804E+02 2.0218E+00 1.0721E+01
4.3079E+02 2.0229E+00 1.0715E+01
4.3355E+02 2.0240E+00 1.0709E+01
4.3631E+02 2.0250E+00 1.0703E+01
4.3906E+02 2.0260E+00 1.0698E+01
4.4182E+02 2.0270E+00 1.0692E+01
4.4458E+02 2.0280E+00 1.0686E+01
4.4733E+02 2.0290E+00 1.0681E+01
4.5009E+02 2.0300E+00 1.0675E+01
4.5285E+02 2.0309E+00 1.0669E+01
4.5560E+02 2.0318E+00 1.0664E+01
4.5836E+02 2.0327E+00 1.0658E+01
4.6112E+02 2.0336E+00 1.0653E+01
4.6388E+02 2.0345E+00 1.0647E+01
4.6663E+02 2.0354E+00 1.0641E+01
4.6939E+02 2.0362E+00 1.0636E+01
4.7215E+02 2.0371E+00 1.0631E+01
4.7490E+02 2.0379E+00 1.0625E+01
4.7766E+02 2.0387E+00 1.0620E+01
4.8042E+02 2.0395E+00 1.0614E+01
4.8317E+02 2.0402E+00 1.0609E+01
4.8593E+02 2.0410E+00 1.0604E+01
4.8869E+02 2.0418E+00 1.0598E+01
4.9144E+02 2.0425E+00 1.0593E+01
4.9420E+02 2.0432E+00 1.0588E+01
4.9696E+02 2.0439E+00 1.0582E+01
4.9971E+02 2.0446E+00 1.0577E+01
5.0247E+02 2.0453E+00 1.0572E+01
5.0523E+02 2.0460E+00 1.0567E+01
5.0798E+02 2.0466E+00 1.0562E+01
5.1074E+02 2.0473E+00 1.0556E+01
5.1350E+02 2.0479E+00 1.0551E+01
5.1625E+02 2.0485E+00 1.0546E+01
5.1901E+02 2.0491E+00 1.0541E+01
5.2177E+02 2.0497E+00 1.0536E+01
5.2453E+02 2.0503E+00 1.0531E+01
5.2728E+02 2.0509E+00 1.0526E+01
5.3004E+02 2.0515E+00 1.0521E+01
5.3280E+02 2.0520E+00 1.0516E+01
5.3555E+02 2.0526E+00 1.0511E+01
5.3831E+02 2.0531E+00 1.0506E+01
5.4107E+02 2.0537E+00 1.0501E+01
5.4382E+02 2.0542E+00 1.0496E+01
5.4658E+02 2.0547E+00 1.0491E+01
5.4934E+02 2.0552E+00 1.0486E+01
5.5209E+02 2.0557E+00 1.0482E+01
5.5485E+02 2.0561E+00 1.0477E+01
5.5761E+02 2.0566E+00 1.0472E+01
5.6036E+02 2.0571E+00 1.0467E+01
5.6312E+02 2.0575E+00 1.0462E+01
5.6588E+02 2.0580E+00 1.0458E+01
5.6863E+02 2.0584E+00 1.0453E+01
5.7139E+02 2.0588E+00 1.0448E+01
5.7415E+02 2.0592E+00 1.0444E+01
5.7691E+02 2.0596E+00 1.0439E+01
5.7966E+02 2.0600E+00 1.0434E+01
5.8242E+02 2.0604E+00 1.0430E+01
5.8518E+02 2.0608E+00 1.0425E+01
5.8793E+02 2.0612E+00 1.0420E+01
5.9069E+02 2.0615E+00 1.0416E+01
5.9345E+02 2.0619E+00 1.0411E+01
5.9620E+02 2.0623E+00 1.0407E+01
5.9896E+02 2.0626E+00 1.0402E+01
6.0172E+02 2.0629E+00 1.0398E+01
6.0447E+02 2.0633E+00 1.0393E+01
6.0723E+02 2.0636E+00 1.0389E+01
6.0999E+02 2.0639E+00 1.0384E+01
6.1274E+02 2.0642E+00 1.0380E+01
6.1550E+02 2.0645E+00 1.0375E+01
6.1826E+02 2.0648E+00 1.0371E+01
6.2101E+02 2.0651E+00 1.0366E+01
6.2377E+02 2.0654E+00 1.0362E+01
6.2653E+02 2.0656E+00 1.0358E+01
6.2928E+02 2.0659E+00 1.0353E+01
6.3204E+02 2.0662E+00 1.0349E+01
6.3480E+02 2.0664E+00 1.0345E+01
6.3756E+02 2.0667E+00 1.0340E+01
6.4031E+02 2.0669E+00 1.0336E+01
6.4307E+02 2.0671E+00 1.0332E+01
6.4583E+02 2.0674E+00 1.0327E+01
6.4858E+02 2.0676E+00 1.0323E+01
6.5134E+02 2.0678E+00 1.0319E+01
6.5410E+02 2.0680E+00 1.0315E+01
6.5685E+02 2.0682E+00 1.0311E+01
6.5961E+02 2.0684E+00 1.0306E+01
6.6237E+02 2.0686E+00 1.0302E+01
6.6512E+02 2.0688E+00 1.0298E+01
6.6788E+02 2.0690E+00 1.0294E+01
6.7064E+02 2.0692E+00 1.0290E+01
6.7339E+02 2.0694E+00 1.0286E+01
6.7615E+02 2.0695E+00 1.0282E+01
6.7891E+02 2.0697E+00 1.0277E+01
6.8166E+02 2.0699E+00 1.0273E+01
6.8442E+02 2.0700E+00 1.0269E+01
6.8718E+02 2.0702E+00 1.0265E+01
6.8993E+02 2.0703E+00 1.0261E+01
6.9269E+02 2.0704E+00 1.0257E+01
6.9545E+02 2.0706E+00 1.0253E+01
6.9821E+02 2.0707E+00 1.0249E+01
7.0096E+02 2.0708E+00 1.0245E+01
7.0372E+02 2.0710E+00 1.0241E+01
7.0648E+02 2.0711E+00 1.0237E+01
7.0923E+02 2.0712E+00 1.0233E+01
7.1199E+02 2.0713E+00 1.0230E+01
7.1475E+02 2.0714E+00 1.0226E+01
7.1750E+02 2.0715E+00 1.0222E+01
7.2026E+02 2.0716E+00 1.0218E+01
7.2302E+02 2.0717E+00 1.0214E+01
7.2577E+02 2.0718E+00 1.0210E+01
7.2853E+02 2.0718E+00 1.0206E+01
7.3129E+02 2.0719E+00 1.0202E+01
7.3404E+02 2.0720E+00 1.0199E+01
7.3680E+02 2.0721E+00 1.0195E+01
7.3956E+02 2.0721E+00 1.0191E+01
7.4231E+02 2.0722E+00 1.0187E+01
7.4507E+02 2.0723E+00 1.0184E+01
7.4783E+02 2.0723E+00 1.0180E+01
7.5059E+02 2.0724E+00 1.0176E+01
7.5334E+02 2.0724E+00 1.0172E+01
7.5610E+02 2.0725E+00 1.0169E+01
7.5886E+02 2.0725E+00 1.0165E+01
7.6161E+02 2.0725E+00 1.0161E+01
7.6437E+02 2.0726E+00 1.0158E+01
7.6713E+02 2.0726E+00 1.0154E+01
7.6988E+02 2.0726E+00 1.0150E+01
7.7264E+02 2.0727E+00 1.0147E+01
7.7540E+02 2.0727E+00 1.0143E+01
7.7815E+02 2.0727E+00 1.0139E+01
7.8091E+02 2.0727E+00 1.0136E+01
7.8367E+02 2.0727E+00 1.0132E+01
7.8642E+02 2.0727E+00 1.0129E+01
7.8918E+02 2.0727E+00 1.0125E+01
7.9194E+02 2.0727E+00 1.0121E+01
7.9469E+02 2.0727E+00 1.0118E+01
7.9745E+02 2.0727E+00 1.0114E+01
8.0021E+02 2.0727E+00 1.0111E+01
8.0296E+02 2.0727E+00 1.0107E+01
8.0572E+02 2.0727E+00 1.0104E+01
8.0848E+02 2.0727E+00 1.0100E+01
8.1124E+02 2.0727E+00 1.0097E+01
8.1399E+02 2.0726E+00 1.0093E+01
8.1675E+02 2.0726E+00 1.0090E+01
8.1951E+02 2.0726E+00 1.0086E+01
8.2226E+02 2.0726E+00 1.0083E+01
8.2502E+02 2.0725E+00 1.0079E+01
8.2778E+02 2.0725E+00 1.0076E+01
8.3053E+02 2.0725E+00 1.0073E+01
8.3329E+02 2.0724E+00 1.0069E+01
8.3605E+02 2.0724E+00 1.0066E+01
8.3880E+02 2.0723E+00 1.0063E+01
8.4156E+02 2.0723E+00 1.0059E+01
8.4432E+02 2.0722E+00 1.0056E+01
8.4707E+02 2.0722E+00 1.0052E+01
8.4983E+02 2.0721E+00 1.0049E+01
8.5259E+02 2.0721E+00 1.0046E+01
8.5534E+02 2.0720E+00 1.0042E+01
8.5810E+02 2.0719E+00 1.0039E+01
8.6086E+02 2.0719E+00 1.0036E+01
8.6362E+02 2.0718E+00 1.0033E+01
8.6637E+02 2.0718E+00 1.0029E+01
8.6913E+02 2.0717E+00 1.0026E+01
8.7189E+02 2.0716E+00 1.0023E+01
8.7464E+02 2.0715E+00 1.0020E+01
8.7740E+02 2.0715E+00 1.0016E+01
8.8016E+02 2.0714E+00 1.0013E+01
8.8291E+02 2.0713E+00 1.0010E+01
8.8567E+02 2.0712E+00 1.0007E+01
8.8843E+02 2.0711E+00 1.0003E+01
8.9118E+02 2.0710E+00 1.0000E+01
8.9394E+02 2.0710E+00 9.9970E+00
8.9670E+02 2.0709E+00 9.9940E+00
8.9945E+02 2.0708E+00 9.9910E+00
9.0221E+02 2.0707E+00 9.9880E+00
9.0497E+02 2.0706E+00 9.9840E+00
9.0772E+02 2.0705E+00 9.9810E+00
9.1048E+02 2.0704E+00 9.9780E+00
9.1324E+02 2.0703E+00 9.9750E+00
9.1599E+02 2.0702E+00 9.9720E+00
9.1875E+02 2.0701E+00 9.9690E+00
9.2151E+02 2.0700E+00 9.9660E+00
9.2427E+02 2.0698E+00 9.9630E+00
9.2702E+02 2.0697E+00 9.9600E+00
9.2978E+02 2.0696E+00 9.9570E+00
9.3254E+02 2.0695E+00 9.9530E+00
9.3529E+02 2.0694E+00 9.9500E+00
9.3805E+02 2.0693E+00 9.9470E+00
9.4081E+02 2.0692E+00 9.9440E+00
9.4356E+02 2.0690E+00 9.9410E+00
9.4632E+02 2.0689E+00 9.9380E+00
9.4908E+02 2.0688E+00 9.9350E+00
9.5183E+02 2.0687E+00 9.9320E+00
9.5459E+02 2.0685E+00 9.9290E+00
9.5735E+02 2.0684E+00 9.9260E+00
9.6010E+02 2.0683E+00 9.9230E+00
9.6286E+02 2.0681E+00 9.9200E+00
9.6562E+02 2.0680E+00 9.9170E+00
9.6837E+02 2.0679E+00 9.9150E+00
9.7113E+02 2.0677E+00 9.9120E+00
9.7389E+02 2.0676E+00 9.9090E+00
9.7665E+02 2.0675E+00 9.9060E+00
9.7940E+02 2.0673E+00 9.9030E+00
9.8216E+02 2.0672E+00 9.9000E+00
9.8492E+02 2.0670E+00 9.8970E+00
9.8767E+02 2.0669E+00 9.8940E+00
9.9043E+02 2.0668E+00 9.8910E+00
9.9319E+02 2.0666E+00 9.8880E+00
9.9594E+02 2.0665E+00 9.8850E+00
9.9870E+02 2.0663E+00 9.8830E+00
1.0015E+03 2.0662E+00 9.8800E+00
1.0042E+03 2.0660E+00 9.8770E+00
1.0070E+03 2.0659E+00 9.8740E+00
1.0097E+03 2.0657E+00 9.8710E+00
1.0125E+03 2.0655E+00 9.8680E+00
1.0152E+03 2.0654E+00 9.8660E+00
1.0180E+03 2.0652E+00 9.8630E+00
1.0208E+03 2.0651E+00 9.8600E+00
1.0235E+03 2.0649E+00 9.8570E+00
1.0263E+03 2.0648E+00 9.8540E+00
1.0290E+03 2.0646E+00 9.8520E+00
1.0318E+03 2.0644E+00 9.8490E+00
1.0345E+03 2.0643E+00 9.8460E+00
1.0373E+03 2.0641E+00 9.8430E+00
1.0401E+03 2.0639E+00 9.8410E+00
1.0428E+03 2.0638E+00 9.8380E+00
1.0456E+03 2.0636E+00 9.8350E+00
1.0483E+03 2.0634E+00 9.8320E+00
1.0511E+03 2.0633E+00 9.8300E+00
1.0538E+03 2.0631E+00 9.8270E+00
1.0566E+03 2.0629E+00 9.8240E+00
1.0593E+03 2.0627E+00 9.8220E+00
1.0621E+03 2.0626E+00 9.8190E+00
1.0649E+03 2.0624E+00 9.8160E+00
1.0676E+03 2.0622E+00 9.8140E+00
1.0704E+03 2.0620E+00 9.8110E+00
1.0731E+03 2.0619E+00 9.8080E+00
1.0759E+03 2.0617E+00 9.8060E+00
1.0786E+03 2.0615E+00 9.8030E+00
1.0814E+03 2.0613E+00 9.8000E+00
1.0842E+03 2.0611E+00 9.7980E+00
1.0869E+03 2.0610E+00 9.7950E+00
1.0897E+03 2.0608E+00 9.7920E+00
1.0924E+03 2.0606E+00 9.7900E+00
1.0952E+03 2.0604E+00 9.7870E+00
1.0979E+03 2.0602E+00 9.7850E+00
1.1007E+03 2.0600E+00 9.7820E+00
1.1035E+03 2.0598E+00 9.7790E+00
1.1062E+03 2.0597E+00 9.7770E+00
1.1090E+03 2.0595E+00 9.7740E+00
1.1117E+03 2.0593E+00 9.7720E+00
1.1145E+03 2.0591E+00 9.7690E+00
1.1172E+03 2.0589E+00 9.7670E+00
1.1200E+03 2.0587E+00 9.7640E+00
1.1228E+03 2.0585E+00 9.7620E+00
1.1255E+03 2.0583E+00 9.7590E+00
1.1283E+03 2.0581E+00 9.7560E+00
1.1310E+03 2.0579E+00 9.7540E+00
1.1338E+03 2.0577E+00 9.7510E+00
1.1365E+03 2.0575E+00 9.7490E+00
1.1393E+03 2.0573E+00 9.7460E+00
1.1421E+03 2.0571E+00 9.7440E+00
1.1448E+03 2.0569E+00 9.7410E+00
1.1476E+03 2.0567E+00 9.7390E+00
1.1503E+03 2.0565E+00 9.7360E+00
1.1531E+03 2.0563E+00 9.7340E+00
1.1558E+03 2.0561E+00 9.7320E+00
1.1586E+03 2.0559E+00 9.7290E+00
1.1614E+03 2.0557E+00 9.7270E+00
1.1641E+03 2.0555E+00 9.7240E+00
1.1669E+03 2.0553E+00 9.7220E+00
1.1696E+03 2.0551E+00 9.7190E+00
1.1724E+03 2.0549E+00 9.7170E+00
1.1751E+03 2.0547E+00 9.7140E+00
1.1779E+03 2.0545E+00 9.7120E+00
1.1807E+03 2.0543E+00 9.7100E+00
1.1834E+03 2.0541E+00 9.7070E+00
1.1862E+03 2.0539E+00 9.7050E+00
1.1889E+03 2.0537E+00 9.7020E+00
1.1917E+03 2.0535E+00 9.7000E+00
1.1944E+03 2.0533E+00 9.6980E+00
1.1972E+03 2.0530E+00 9.6950E+00
1.1999E+03 2.0528E+00 9.6930E+00
1.2027E+03 2.0526E+00 9.6900E+00
1.2055E+03 2.0524E+00 9.6880E+00
1.2082E+03 2.0522E+00 9.6860E+00
1.2110E+03 2.0520E+00 9.6830E+00
1.2137E+03 2.0518E+00 9.6810E+00
1.2165E+03 2.0516E+00 9.6790E+00
1.2192E+03 2.0514E+00 9.6760E+00
1.2220E+03 2.0511E+00 9.6740E+00
1.2248E+03 2.0509E+00 9.6720E+00
1.2275E+03 2.0507E+00 9.6690E+00
1.2303E+03 2.0505E+00 9.6670E+00
1.2330E+03 2.0503E+00 9.6650E+00
1.2358E+03 2.0501E+00 9.6620E+00
1.2385E+03 2.0498E+00 9.6600E+00
1.2413E+03 2.0496E+00 9.6580E+00
1.2441E+03 2.0494E+00 9.6560E+00
1.2468E+03 2.0492E+00 9.6530E+00
1.2496E+03 2.0490E+00 9.6510E+00
1.2523E+03 2.0488E+00 9.6490E+00
1.2551E+03 2.0485E+00 9.6460E+00
1.2578E+03 2.0483E+00 9.6440E+00
1.2606E+03 2.0481E+00 9.6420E+00
1.2634E+03 2.0479E+00 9.6400E+00
1.2661E+03 2.0477E+00 9.6370E+00
1.2689E+03 2.0474E+00 9.6350E+00
1.2716E+03 2.0472E+00 9.6330E+00
1.2744E+03 2.0470E+00 9.6310E+00
1.2771E+03 2.0468E+00 9.6290E+00
1.2799E+03 2.0465E+00 9.6260E+00
1.2827E+03 2.0463E+00 9.6240E+00
1.2854E+03 2.0461E+00 9.6220E+00
1.2882E+03 2.0459E+00 9.6200E+00
1.2909E+03 2.0456E+00 9.6170E+00
1.2937E+03 2.0454E+00 9.6150E+00
1.2964E+03 2.0452E+00 9.6130E+00
1.2992E+03 2.0450E+00 9.6110E+00
1.3020E+03 2.0447E+00 9.6090E+00
1.3047E+03 2.0445E+00 9.6070E+00
1.3075E+03 2.0443E+00 9.6040E+00
1.3102E+03 2.0441E+00 9.6020E+00
1.3130E+03 2.0438E+00 9.6000E+00
1.3157E+03 2.0436E+00 9.5980E+00
1.3185E+03 2.0434E+00 9.5960E+00
1.3212E+03 2.0432E+00 9.5940E+00
1.3240E+03 2.0429E+00 9.5910E+00
1.3268E+03 2.0427E+00 9.5890E+00
1.3295E+03 2.0425E+00 9.5870E+00
1.3323E+03 2.0422E+00 9.5850E+00
1.3350E+03 2.0420E+00 9.5830E+00
1.3378E+03 2.0418E+00 9.5810E+00
1.3405E+03 2.0416E+00 9.5790E+00
1.3433E+03 2.0413E+00 9.5770E+00
1.3461E+03 2.0411E+00 9.5750E+00
1.3488E+03 2.0409E+00 9.5720E+00
1.3516E+03 2.0406E+00 9.5700E+00
1.3543E+03 2.0404E+00 9.5680E+00
1.3571E+03 2.0402E+00 9.5660E+00
1.3598E+03 2.0399E+00 9.5640E+00
1.3626E+03 2.0397E+00 9.5620E+00
1.3654E+03 2.0395E+00 9.5600E+00
1.3681E+03 2.0392E+00 9.5580E+00
1.3709E+03 2.0390E+00 9.5560E+00
1.3736E+03 2.0388E+00 9.5540E+00
1.3764E+03 2.0385E+00 9.5520E+00
1.3791E+03 2.0383E+00 9.5500E+00
1.3819E+03 2.0381E+00 9.5480E+00
1.3847E+03 2.0379E+00 9.5460E+00
1.3874E+03 2.0376E+00 9.5440E+00
1.3902E+03 2.0374E+00 9.5410E+00
1.3929E+03 2.0371E+00 9.5390E+00
1.3957E+03 2.0369E+00 9.5370E+00
1.3984E+03 2.0367E+00 9.5350E+00
1.4012E+03 2.0364E+00 9.5330E+00
1.4040E+03 2.0362E+00 9.5310E+00
1.4067E+03 2.0360E+00 9.5290E+00
1.4095E+03 2.0357E+00 9.5270E+00
1.4122E+03 2.0355E+00 9.5250E+00
1.4150E+03 2.0353E+00 9.5230E+00
1.4177E+03 2.0350E+00 9.5210E+00
1.4205E+03 2.0348E+00 9.5190E+00
1.4233E+03 2.0346E+00 9.5170E+00
1.4260E+03 2.0343E+00 9.5150E+00
1.4288E+03 2.0341E+00 9.5130E+00
1.4315E+03 2.0339E+00 9.5110E+00
1.4343E+03 2.0336E+00 9.5100E+00
1.4370E+03 2.0334E+00 9.5080E+00
1.4398E+03 2.0332E+00 9.5060E+00
1.4425E+03 2.0329E+00 9.5040E+00
1.4453E+03 2.0327E+00 9.5020E+00
1.4481E+03 2.0324E+00 9.5000E+00
1.4508E+03 2.0322E+00 9.4980E+00
1.4536E+03 2.0320E+00 9.4960E+00
1.4563E+03 2.0317E+00 9.4940E+00
1.4591E+03 2.0315E+00 9.4920E+00
1.4618E+03 2.0313E+00 9.4900E+00
1.4646E+03 2.0310E+00 9.4880E+00
1.4674E+03 2.0308E+00 9.4860E+00
1.4701E+03 2.0305E+00 9.4840E+00
1.4729E+03 2.0303E+00 9.4820E+00
1.4756E+03 2.0301E+00 9.4810E+00
1.4784E+03 2.0298E+00 9.4790E+00
1.4811E+03 2.0296E+00 9.4770E+00
1.4839E+03 2.0294E+00 9.4750E+00
1.4867E+03 2.0291E+00 9.4730E+00
1.4894E+03 2.0289E+00 9.4710E+00
1.4922E+03 2.0286E+00 9.4690E+00
1.4949E+03 2.0284E+00 9.4670E+00
1.4977E+03 2.0282E+00 9.4650E+00
1.5004E+03 2.0279E+00 9.4640E+00
1.5032E+03 2.0277E+00 9.4620E+00
1.5060E+03 2.0274E+00 9.4600E+00
1.5087E+03 2.0272E+00 9.4580E+00
1.5115E+03 2.0270E+00 9.4560E+00
1.5142E+03 2.0267E+00 9.4540E+00
1.5170E+03 2.0265E+00 9.4520E+00
1.5197E+03 2.0262E+00 9.4510E+00
1.5225E+03 2.0260E+00 9.4490E+00
1.5253E+03 2.0258E+00 9.4470E+00
1.5280E+03 2.0255E+00 9.4450E+00
1.5308E+03 2.0253E+00 9.4430E+00
1.5335E+03 2.0251E+00 9.4410E+00
1.5363E+03 2.0248E+00 9.4400E+00
1.5390E+03 2.0246E+00 9.4380E+00
1.5418E+03 2.0243E+00 9.4360E+00
1.5446E+03 2.0241E+00 9.4340E+00
1.5473E+03 2.0239E+00 9.4320E+00
1.5501E+03 2.0236E+00 9.4310E+00
1.5528E+03 2.0234E+00 9.4290E+00
1.5556E+03 2.0231E+00 9.4270E+00
1.5583E+03 2.0229E+00 9.4250E+00
1.5611E+03 2.0227E+00 9.4230E+00
1.5638E+03 2.0224E+00 9.4220E+00
1.5666E+03 2.0222E+00 9.4200E+00
1.5694E+03 2.0219E+00 9.4180E+00
1.5721E+03 2.0217E+00 9.4160E+00
1.5749E+03 2.0215E+00 9.4140E+00
1.5776E+03 2.0212E+00 9.4130E+00
1.5804E+03 2.0210E+00 9.4110E+00
1.5831E+03 2.0207E+00 9.4090E+00
1.5859E+03 2.0205E+00 9.4070E+00
1.5887E+03 2.0203E+00 9.4060E+00
1.5914E+03 2.0200E+00 9.4040E+00
1.5942E+03 2.0198E+00 9.4020E+00
1.5969E+03 2.0195E+00 9.4000E+00
1.5997E+03 2.0193E+00 9.3990E+00
1.6024E+03 2.0191E+00 9.3970E+00
1.6052E+03 2.0188E+00 9.3950E+00
1.6080E+03 2.0186E+00 9.3930E+00
1.6107E+03 2.0183E+00 9.3920E+00
1.6135E+03 2.0181E+00 9.3900E+00
1.6162E+03 2.0179E+00 9.3880E+00
1.6190E+03 2.0176E+00 9.3870E+00
1.6217E+03 2.0174E+00 9.3850E+00
1.6245E+03 2.0171E+00 9.3830E+00
1.6273E+03 2.0169E+00 9.3810E+00
1.6300E+03 2.0167E+00 9.3800E+00
1.6328E+03 2.0164E+00 9.3780E+00
1.6355E+03 2.0162E+00 9.3760E+00
1.6383E+03 2.0159E+00 9.3750E+00
1.6410E+03 2.0157E+00 9.3730E+00
1.6438E+03 2.0155E+00 9.3710E+00
1.6466E+03 2.0152E+00 9.3700E+00
1.6493E+03 2.0150E+00 9.3680E+00
1.6521E+03 2.0147E+00 9.3660E+00
1.6548E+03 2.0145E+00 9.3640E+00
1.6576E+03 2.0143E+00 9.3630E+00
1.6603E+03 2.0140E+00 9.3610E+00
1.6631E+03 2.0138E+00 9.3590E+00
1.6659E+03 2.0135E+00 9.3580E+00
1.6686E+03 2.0133E+00 9.3560E+00
1.6714E+03 2.0131E+00 9.3540E+00
1.6741E+03 2.0128E+00 9.3530E+00
1.6769E+03 2.0126E+00 9.3510E+00
1.6796E+03 2.0123E+00 9.3500E+00
1.6824E+03 2.0121E+00 9.3480E+00
1.6852E+03 2.0119E+00 9.3460E+00
1.6879E+03 2.0116E+00 9.3450E+00
1.6907E+03 2.0114E+00 9.3430E+00
1.6934E+03 2.0111E+00 9.3410E+00
1.6962E+03 2.0109E+00 9.3400E+00
1.6989E+03 2.0107E+00 9.3380E+00
1.7017E+03 2.0104E+00 9.3360E+00
1.7044E+03 2.0102E+00 9.3350E+00
1.7072E+03 2.0099E+00 9.3330E+00
1.7100E+03 2.0097E+00 9.3320E+00
1.7127E+03 2.0095E+00 9.3300E+00
1.7155E+03 2.0092E+00 9.3280E+00
1.7182E+03 2.0090E+00 9.3270E+00
1.7210E+03 2.0087E+00 9.3250E+00
1.7237E+03 2.0085E+00 9.3240E+00
1.7265E+03 2.0083E+00 9.3220E+00
1.7293E+03 2.0080E+00 9.3200E+00
1.7320E+03 2.0078E+00 9.3190E+00
1.7348E+03 2.0075E+00 9.3170E+00
1.7375E+03 2.0073E+00 9.3160E+00
1.7403E+03 2.0071E+00 9.3140E+00
1.7430E+03 2.0068E+00 9.3120E+00
1.7458E+03 2.0066E+00 9.3110E+00
1.7486E+03 2.0064E+00 9.3090E+00
1.7513E+03 2.0061E+00 9.3080E+00
1.7541E+03 2.0059E+00 9.3060E+00
1.7568E+03 2.0056E+00 9.3050E+00
1.7596E+03 2.0054E+00 9.3030E+00
1.7623E+03 2.0052E+00 9.3010E+00
1.7651E+03 2.0049E+00 9.3000E+00
1.7679E+03 2.0047E+00 9.2980E+00
1.7706E+03 2.0044E+00 9.2970E+00
1.7734E+03 2.0042E+00 9.2950E+00
1.7761E+03 2.0040E+00 9.2940E+00
1.7789E+03 2.0037E+00 9.2920E+00
1.7816E+03 2.0035E+00 9.2910E+00
1.7844E+03 2.0033E+00 9.2890E+00
1.7872E+03 2.0030E+00 9.2870E+00
1.7899E+03 2.0028E+00 9.2860E+00
1.7927E+03 2.0025E+00 9.2840E+00
1.7954E+03 2.0023E+00 9.2830E+00
1.7982E+03 2.0021E+00 9.2810E+00
1.8009E+03 2.0018E+00 9.2800E+00
1.8037E+03 2.0016E+00 9.2780E+00
1.8065E+03 2.0014E+00 9.2770E+00
1.8092E+03 2.0011E+00 9.2750E+00
1.8120E+03 2.0009E+00 9.2740E+00
1.8147E+03 2.0006E+00 9.2720E+00
1.8175E+03 2.0004E+00 9.2710E+00
1.8202E+03 2.0002E+00 9.2690E+00
1.8230E+03 1.9999E+00 9.2680E+00
1.8257E+03 1.9997E+00 9.2660E+00
1.8285E+03 1.9995E+00 9.2650E+00
1.8313E+03 1.9992E+00 9.2630E+00
1.8340E+03 1.9990E+00 9.2620E+00
1.8368E+03 1.9988E+00 9.2600E+00
1.8395E+03 1.9985E+00 9.2590E+00
1.8423E+03 1.9983E+00 9.2570E+00
1.8450E+03 1.9980E+00 9.2560E+00
1.8478E+03 1.9978E+00 9.2540E+00
1.8506E+03 1.9976E+00 9.2530E+00
1.8533E+03 1.9973E+00 9.2510E+00
1.8561E+03 1.9971E+00 9.2500E+00
1.8588E+03 1.9969E+00 9.2480E+00
1.8616E+03 1.9966E+00 9.2470E+00
1.8643E+03 1.9964E+00 9.2460E+00
1.8671E+03 1.9962E+00 9.2440E+00
1.8699E+03 1.9959E+00 9.2430E+00
1.8726E+03 1.9957E+00 9.2410E+00
1.8754E+03 1.9955E+00 9.2400E+00
1.8781E+03 1.9952E+00 9.2380E+00
1.8809E+03 1.9950E+00 9.2370E+00
1.8836E+03 1.9947E+00 9.2350E+00
1.8864E+03 1.9945E+00 9.2340E+00
1.8892E+03 1.9943E+00 9.2320E+00
1.8919E+03 1.9940E+00 9.2310E+00
1.8947E+03 1.9938E+00 9.2300E+00
1.8974E+03 1.9936E+00 9.2280E+00
1.9002E+03 1.9933E+00 9.2270E+00
1.9029E+03 1.9931E+00 9.2250E+00
1.9057E+03 1.9929E+00 9.2240E+00
1.9085E+03 1.9926E+00 9.2220E+00
1.9112E+03 1.9924E+00 9.2210E+00
1.9140E+03 1.9922E+00 9.2200E+00
1.9167E+03 1.9919E+00 9.2180E+00
1.9195E+03 1.9917E+00 9.2170E+00
1.9222E+03 1.9915E+00 9.2150E+00
1.9250E+03 1.9912E+00 9.2140E+00
1.9278E+03 1.9910E+00 9.2130E+00
1.9305E+03 1.9908E+00 9.2110E+00
1.9333E+03 1.9905E+00 9.2100E+00
1.9360E+03 1.9903E+00 9.2080E+00
1.9388E+03 1.9901E+00 9.2070E+00
1.9415E+03 1.9898E+00 9.2060E+00
1.9443E+03 1.9896E+00 9.2040E+00
1.9470E+03 1.9894E+00 9.2030E+00
1.9498E+03 1.9891E+00 9.2010E+00
1.9526E+03 1.9889E+00 9.2000E+00
1.9553E+03 1.9887E+00 9.1990E+00
1.9581E+03 1.9884E+00 9.1970E+00
1.9608E+03 1.9882E+00 9.1960E+00
1.9636E+03 1.9880E+00 9.1940E+00
1.9663E+03 1.9878E+00 9.1930E+00
1.9691E+03 1.9875E+00 9.1920E+00
1.9719E+03 1.9873E+00 9.1900E+00
1.9746E+03 1.9871E+00 9.1890E+00
1.9774E+03 1.9868E+00 9.1880E+00
1.9801E+03 1.9866E+00 9.1860E+00
1.9829E+03 1.9864E+00 9.1850E+00
1.9856E+03 1.9861E+00 9.1830E+00
1.9884E+03 1.9859E+00 9.1820E+00
1.9912E+03 1.9857E+00 9.1810E+00
1.9939E+03 1.9854E+00 9.1790E+00
1.9967E+03 1.9852E+00 9.1780E+00
1.9994E+03 1.9850E+00 9.1770E+00
2.0022E+03 1.9848E+00 9.1750E+00
2.0049E+03 1.9845E+00 9.1740E+00
2.0077E+03 1.9843E+00 9.1730E+00
2.0105E+03 1.9841E+00 9.1710E+00
2.0132E+03 1.9838E+00 9.1700E+00
2.0160E+03 1.9836E+00 9.1690E+00
2.0187E+03 1.9834E+00 9.1670E+00
2.0215E+03 1.9831E+00 9.1660E+00
2.0242E+03 1.9829E+00 9.1650E+00
2.0270E+03 1.9827E+00 9.1630E+00
2.0298E+03 1.9825E+00 9.1620E+00
2.0325E+03 1.9822E+00 9.1610E+00
2.0353E+03 1.9820E+00 9.1590E+00
2.0380E+03 1.9818E+00 9.1580E+00
2.0408E+03 1.9815E+00 9.1570E+00
2.0435E+03 1.9813E+00 9.1550E+00
2.0463E+03 1.9811E+00 9.1540E+00
2.0491E+03 1.9809E+00 9.1530E+00
2.0518E+03 1.9806E+00 9.1510E+00
2.0546E+03 1.9804E+00 9.1500E+00
2.0573E+03 1.9802E+00 9.1490E+00
2.0601E+03 1.9800E+00 9.1480E+00
2.0628E+03 1.9797E+00 9.1460E+00
2.0656E+03 1.9795E+00 9.1450E+00
2.0683E+03 1.9793E+00 9.1440E+00
2.0711E+03 1.9790E+00 9.1420E+00
2.0739E+03 1.9788E+00 9.1410E+00
2.0766E+03 1.9786E+00 9.1400E+00
2.0794E+03 1.9784E+00 9.1380E+00
2.0821E+03 1.9781E+00 9.1370E+00
2.0849E+03 1.9779E+00 9.1360E+00
2.0876E+03 1.9777E+00 9.1350E+00
2.0904E+03 1.9775E+00 9.1330E+00
2.0932E+03 1.9772E+00 9.1320E+00
2.0959E+03 1.9770E+00 9.1310E+00
2.0987E+03 1.9768E+00 9.1300E+00
2.1014E+03 1.9766E+00 9.1280E+00
2.1042E+03 1.9763E+00 9.1270E+00
2.1069E+03 1.9761E+00 9.1260E+00
2.1097E+03 1.9759E+00 9.1240E+00
2.1125E+03 1.9757E+00 9.1230E+00
2.1152E+03 1.9754E+00 9.1220E+00
2.1180E+03 1.9752E+00 9.1210E+00
2.1207E+03 1.9750E+00 9.1190E+00
2.1235E+03 1.9748E+00 9.1180E+00
2.1262E+03 1.9745E+00 9.1170E+00
2.1290E+03 1.9743E+00 9.1160E+00
2.1318E+03 1.9741E+00 9.1140E+00
2.1345E+03 1.9739E+00 9.1130E+00
2.1373E+03 1.9736E+00 9.1120E+00
2.1400E+03 1.9734E+00 9.1110E+00
2.1428E+03 1.9732E+00 9.1090E+00
2.1455E+03 1.9730E+00 9.1080E+00
2.1483E+03 1.9727E+00 9.1070E+00
2.1511E+03 1.9725E+00 9.1060E+00
2.1538E+03 1.9723E+00 9.1040E+00
2.1566E+03 1.9721E+00 9.1030E+00
2.1593E+03 1.9718E+00 9.1020E+00
2.1621E+03 1.9716E+00 9.1010E+00
2.1648E+03 1.9714E+00 9.1000E+00
2.1676E+03 1.9712E+00 9.0980E+00
2.1704E+03 1.9710E+00 9.0970E+00
2.1731E+03 1.9707E+00 9.0960E+00
2.1759E+03 1.9705E+00 9.0950E+00
2.1786E+03 1.9703E+00 9.0930E+00
2.1814E+03 1.9701E+00 9.0920E+00
2.1841E+03 1.9698E+00 9.0910E+00
2.1869E+03 1.9696E+00 9.0900E+00
2.1896E+03 1.9694E+00 9.0890E+00
2.1924E+03 1.9692E+00 9.0870E+00
2.1952E+03 1.9690E+00 9.0860E+00
2.1979E+03 1.9687E+00 9.0850E+00
2.2007E+03 1.9685E+00 9.0840E+00
2.2034E+03 1.9683E+00 9.0830E+00
2.2062E+03 1.9681E+00 9.0810E+00
2.2089E+03 1.9679E+00 9.0800E+00
2.2117E+03 1.9676E+00 9.0790E+00
2.2145E+03 1.9674E+00 9.0780E+00
2.2172E+03 1.9672E+00 9.0770E+00
2.2200E+03 1.9670E+00 9.0750E+00
2.2227E+03 1.9668E+00 9.0740E+00
2.2255E+03 1.9665E+00 9.0730E+00
2.2282E+03 1.9663E+00 9.0720E+00
2.2310E+03 1.9661E+00 9.0710E+00
2.2338E+03 1.9659E+00 9.0690E+00
2.2365E+03 1.9657E+00 9.0680E+00
2.2393E+03 1.9654E+00 9.0670E+00
2.2420E+03 1.9652E+00 9.0660E+00
2.2448E+03 1.9650E+00 9.0650E+00
2.2475E+03 1.9648E+00 9.0640E+00
2.2503E+03 1.9646E+00 9.0620E+00
2.2531E+03 1.9643E+00 9.0610E+00
2.2558E+03 1.9641E+00 9.0600E+00
2.2586E+03 1.9639E+00 9.0590E+00
2.2613E+03 1.9637E+00 9.0580E+00
2.2641E+03 1.9635E+00 9.0570E+00
2.2668E+03 1.9633E+00 9.0550E+00
2.2696E+03 1.9630E+00 9.0540E+00
2.2724E+03 1.9628E+00 9.0530E+00
2.2751E+03 1.9626E+00 9.0520E+00
2.2779E+03 1.9624E+00 9.0510E+00
2.2806E+03 1.9622E+00 9.0500E+00
2.2834E+03 1.9619E+00 9.0480E+00
2.2861E+03 1.9617E+00 9.0470E+00
2.2889E+03 1.9615E+00 9.0460E+00
2.2917E+03 1.9613E+00 9.0450E+00
2.2944E+03 1.9611E+00 9.0440E+00
2.2972E+03 1.9609E+00 9.0430E+00
2.2999E+03 1.9607E+00 9.0420E+00
2.3027E+03 1.9604E+00 9.0400E+00
2.3054E+03 1.9602E+00 9.0390E+00
2.3082E+03 1.9600E+00 9.0380E+00
2.3110E+03 1.9598E+00 9.0370E+00
2.3137E+03 1.9596E+00 9.0360E+00
2.3165E+03 1.9594E+00 9.0350E+00
2.3192E+03 1.9591E+00 9.0340E+00
2.3220E+03 1.9589E+00 9.0320E+00
2.3247E+03 1.9587E+00 9.0310E+00
2.3275E+03 1.9585E+00 9.0300E+00
2.3302E+03 1.9583E+00 9.0290E+00
2.3330E+03 1.9581E+00 9.0280E+00
2.3358E+03 1.9579E+00 9.0270E+00
2.3385E+03 1.9576E+00 9.0260E+00
2.3413E+03 1.9574E+00 9.0250E+00
2.3440E+03 1.9572E+00 9.0240E+00
2.3468E+03 1.9570E+00 9.0220E+00
2.3495E+03 1.9568E+00 9.0210E+00
2.3523E+03 1.9566E+00 9.0200E+00
2.3551E+03 1.9564E+00 9.0190E+00
2.3578E+03 1.9561E+00 9.0180E+00
2.3606E+03 1.9559E+00 9.0170E+00
2.3633E+03 1.9557E+00 9.0160E+00
2.3661E+03 1.9555E+00 9.0150E+00
2.3688E+03 1.9553E+00 9.0140E+00
2.3716E+03 1.9551E+00 9.0120E+00
2.3744E+03 1.9549E+00 9.0110E+00
2.3771E+03 1.9547E+00 9.0100E+00
2.3799E+03 1.9544E+00 9.0090E+00
2.3826E+03 1.9542E+00 9.0080E+00
2.3854E+03 1.9540E+00 9.0070E+00
2.3881E+03 1.9538E+00 9.0060E+00
2.3909E+03 1.9536E+00 9.0050E+00
2.3937E+03 1.9534E+00 9.0040E+00
2.3964E+03 1.9532E+00 9.0030E+00
2.3992E+03 1.9530E+00 9.0020E+00
2.4019E+03 1.9528E+00 9.0000E+00
2.4047E+03 1.9525E+00 8.9990E+00
2.4074E+03 1.9523E+00 8.9980E+00
2.4102E+03 1.9521E+00 8.9970E+00
2.4130E+03 1.9519E+00 8.9960E+00
2.4157E+03 1.9517E+00 8.9950E+00
2.4185E+03 1.9515E+00 8.9940E+00
2.4212E+03 1.9513E+00 8.9930E+00
2.4240E+03 1.9511E+00 8.9920E+00
2.4267E+03 1.9509E+00 8.9910E+00
2.4295E+03 1.9507E+00 8.9900E+00
2.4323E+03 1.9504E+00 8.9890E+00
2.4350E+03 1.9502E+00 8.9880E+00
2.4378E+03 1.9500E+00 8.9870E+00
2.4405E+03 1.9498E+00 8.9850E+00
2.4433E+03 1.9496E+00 8.9840E+00
2.4460E+03 1.9494E+00 8.9830E+00
2.4488E+03 1.9492E+00 8.9820E+00
2.4515E+03 1.9490E+00 8.9810E+00
2.4543E+03 1.9488E+00 8.9800E+00
2.4571E+03 1.9486E+00 8.9790E+00
2.4598E+03 1.9484E+00 8.9780E+00
2.4626E+03 1.9482E+00 8.9770E+00
2.4653E+03 1.9479E+00 8.9760E+00
2.4681E+03 1.9477E+00 8.9750E+00
2.4708E+03 1.9475E+00 8.9740E+00
2.4736E+03 1.9473E+00 8.9730E+00
2.4764E+03 1.9471E+00 8.9720E+00
2.4791E+03 1.9469E+00 8.9710E+00
2.4819E+03 1.9467E+00 8.9700E+00
2.4846E+03 1.9465E+00 8.9690E+00
2.4874E+03 1.9463E+00 8.9680E+00
2.4901E+03 1.9461E+00 8.9670E+00
2.4929E+03 1.9459E+00 8.9660E+00
2.4957E+03 1.9457E+00 8.9650E+00
2.4984E+03 1.9455E+00 8.9640E+00
2.5012E+03 1.9453E+00 8.9620E+00
2.5039E+03 1.9451E+00 8.9610E+00
2.5067E+03 1.9448E+00 8.9600E+00
2.5094E+03 1.9446E+00 8.9590E+00
2.5122E+03 1.9444E+00 8.9580E+00
2.5150E+03 1.9442E+00 8.9570E+00
2.5177E+03 1.9440E+00 8.9560E+00
2.5205E+03 1.9438E+00 8.9550E+00
2.5232E+03 1.9436E+00 8.9540E+00
2.5260E+03 1.9434E+00 8.9530E+00
2.5287E+03 1.9432E+00 8.9520E+00
2.5315E+03 1.9430E+00 8.9510E+00
2.5343E+03 1.9428E+00 8.9500E+00
2.5370E+03 1.9426E+00 8.9490E+00
2.5398E+03 1.9424E+00 8.9480E+00
2.5425E+03 1.9422E+00 8.9470E+00
2.5453E+03 1.9420E+00 8.9460E+00
2.5480E+03 1.9418E+00 8.9450E+00
2.5508E+03 1.9416E+00 8.9440E+00
2.5536E+03 1.9414E+00 8.9430E+00
2.5563E+03 1.9412E+00 8.9420E+00
2.5591E+03 1.9410E+00 8.9410E+00
2.5618E+03 1.9408E+00 8.9400E+00
2.5646E+03 1.9406E+00 8.9390E+00
2.5673E+03 1.9404E+00 8.9380E+00
2.5701E+03 1.9402E+00 8.9370E+00
2.5728E+03 1.9400E+00 8.9360E+00
2.5756E+03 1.9398E+00 8.9350E+00
2.5784E+03 1.9396E+00 8.9340E+00
2.5811E+03 1.9393E+00 8.9330E+00
2.5839E+03 1.9391E+00 8.9320E+00
2.5866E+03 1.9389E+00 8.9310E+00
2.5894E+03 1.9387E+00 8.9300E+00
2.5921E+03 1.9385E+00 8.9290E+00
2.5949E+03 1.9383E+00 8.9280E+00
2.5977E+03 1.9381E+00 8.9270E+00
2.6004E+03 1.9379E+00 8.9260E+00
2.6032E+03 1.9377E+00 8.9250E+00
2.6059E+03 1.9375E+00 8.9240E+00
2.6087E+03 1.9373E+00 8.9230E+00
2.6114E+03 1.9371E+00 8.9220E+00
2.6142E+03 1.9369E+00 8.9210E+00
2.6170E+03 1.9367E+00 8.9200E+00
2.6197E+03 1.9365E+00 8.9190E+00
2.6225E+03 1.9363E+00 8.9190E+00
2.6252E+03 1.9361E+00 8.9180E+00
2.6280E+03 1.9359E+00 8.9170E+00
2.6307E+03 1.9357E+00 8.9160E+00
2.6335E+03 1.9355E+00 8.9150E+00
2.6363E+03 1.9353E+00 8.9140E+00
2.6390E+03 1.9351E+00 8.9130E+00
2.6418E+03 1.9349E+00 8.9120E+00
2.6445E+03 1.9347E+00 8.9110E+00
2.6473E+03 1.9345E+00 8.9100E+00
2.6500E+03 1.9343E+00 8.9090E+00
2.6528E+03 1.9342E+00 8.9080E+00
2.6556E+03 1.9340E+00 8.9070E+00
2.6583E+03 1.9338E+00 8.9060E+00
2.6611E+03 1.9336E+00 8.9050E+00
2.6638E+03 1.9334E+00 8.9040E+00
2.6666E+03 1.9332E+00 8.9030E+00
2.6693E+03 1.9330E+00 8.9020E+00
2.6721E+03 1.9328E+00 8.9010E+00
2.6749E+03 1.9326E+00 8.9000E+00
2.6776E+03 1.9324E+00 8.8990E+00
2.6804E+03 1.9322E+00 8.8980E+00
2.6831E+03 1.9320E+00 8.8970E+00
2.6859E+03 1.9318E+00 8.8970E+00
2.6886E+03 1.9316E+00 8.8960E+00
2.6914E+03 1.9314E+00 8.8950E+00
2.6941E+03 1.9312E+00 8.8940E+00
2.6969E+03 1.9310E+00 8.8930E+00
2.6997E+03 1.9308E+00 8.8920E+00
2.7024E+03 1.9306E+00 8.8910E+00
2.7052E+03 1.9304E+00 8.8900E+00
2.7079E+03 1.9302E+00 8.8890E+00
2.7107E+03 1.9300E+00 8.8880E+00
2.7134E+03 1.9298E+00 8.8870E+00
2.7162E+03 1.9296E+00 8.8860E+00
2.7190E+03 1.9294E+00 8.8850E+00
2.7217E+03 1.9292E+00 8.8840E+00
2.7245E+03 1.9290E+00 8.8830E+00
2.7272E+03 1.9289E+00 8.8830E+00
2.7300E+03 1.9287E+00 8.8820E+00
2.7327E+03 1.9285E+00 8.8810E+00
2.7355E+03 1.9283E+00 8.8800E+00
2.7383E+03 1.9281E+00 8.8790E+00
2.7410E+03 1.9279E+00 8.8780E+00
2.7438E+03 1.9277E+00 8.8770E+00
2.7465E+03 1.9275E+00 8.8760E+00
2.7493E+03 1.9273E+00 8.8750E+00
2.7520E+03 1.9271E+00 8.8740E+00
2.7548E+03 1.9269E+00 8.8730E+00
2.7576E+03 1.9267E+00 8.8720E+00
2.7603E+03 1.9265E+00 8.8720E+00
