6.2415E+00 3.7837E-01 1.3006E+01
1.0235E+01 5.2790E-01 1.2612E+01
1.4228E+01 6.5180E-01 1.2513E+01
1.8222E+01 7.5783E-01 1.2487E+01
2.2215E+01 8.5042E-01 1.2482E+01
2.6208E+01 9.3243E-01 1.2483E+01
3.0202E+01 1.0059E+00 1.2486E+01
3.4195E+01 1.0722E+00 1.2488E+01
3.8188E+01 1.1324E+00 1.2488E+01
4.2182E+01 1.1876E+00 1.2486E+01
4.6175E+01 1.2382E+00 1.2482E+01
5.0169E+01 1.2849E+00 1.2476E+01
5.4162E+01 1.3282E+00 1.2469E+01
5.8155E+01 1.3685E+00 1.2460E+01
6.2149E+01 1.4060E+00 1.2451E+01
6.6142E+01 1.4410E+00 1.2440E+01
7.0135E+01 1.4738E+00 1.2428E+01
7.4129E+01 1.5046E+00 1.2416E+01
7.8122E+01 1.5336E+00 1.2403E+01
8.2116E+01 1.5609E+00 1.2390E+01
8.6109E+01 1.5866E+00 1.2376E+01
9.0102E+01 1.6110E+00 1.2362E+01
9.4096E+01 1.6341E+00 1.2347E+01
9.8089E+01 1.6559E+00 1.2332E+01
1.0208E+02 1.6767E+00 1.2317E+01
1.0608E+02 1.6964E+00 1.2302E+01
1.1007E+02 1.7151E+00 1.2286E+01
1.1406E+02 1.7330E+00 1.2271E+01
1.1806E+02 1.7500E+00 1.2255E+01
1.2205E+02 1.7663E+00 1.2240E+01
1.2604E+02 1.7818E+00 1.2224E+01
1.3004E+02 1.7966E+00 1.2208E+01
1.3403E+02 1.8108E+00 1.2193E+01
1.3802E+02 1.8243E+00 1.2177E+01
1.4202E+02 1.8373E+00 1.2161E+01
1.4601E+02 1.8498E+00 1.2146E+01
1.5000E+02 1.8617E+00 1.2130E+01
1.5400E+02 1.8732E+00 1.2115E+01
1.5799E+02 1.8842E+00 1.2099E+01
1.6198E+02 1.8948E+00 1.2084E+01
1.6598E+02 1.9050E+00 1.2069E+01
1.6997E+02 1.9147E+00 1.2053E+01
1.7396E+02 1.9242E+00 1.2038E+01
1.7796E+02 1.9332E+00 1.2023E+01
1.8195E+02 1.9419E+00 1.2008E+01
1.8594E+02 1.9503E+00 1.1993E+01
1.8994E+02 1.9584E+00 1.1979E+01
1.9393E+02 1.9663E+00 1.1964E+01
1.9792E+02 1.9738E+00 1.1949E+01
2.0192E+02 1.9811E+00 1.1935E+01
2.0591E+02 1.9881E+00 1.1921E+01
2.0990E+02 1.9949E+00 1.1906E+01
2.1390E+02 2.0014E+00 1.1892E+01
2.1789E+02 2.0077E+00 1.1878E+01
2.2188E+02 2.0138E+00 1.1864E+01
2.2588E+02 2.0198E+00 1.1851E+01
2.2987E+02 2.0255E+00 1.1837E+01
2.3386E+02 2.0310E+00 1.1823E+01
2.3786E+02 2.0363E+00 1.1810E+01
2.4185E+02 2.0415E+00 1.1796E+01
2.4584E+02 2.0465E+00 1.1783E+01
2.4984E+02 2.0514E+00 1.1770E+01
2.5383E+02 2.0561E+00 1.1757E+01
2.5782E+02 2.0606E+00 1.1744E+01
2.6182E+02 2.0650E+00 1.1731E+01
2.6581E+02 2.0693E+00 1.1718E+01
2.6980E+02 2.0734E+00 1.1705E+01
2.7380E+02 2.0775E+00 1.1693E+01
2.7779E+02 2.0813E+00 1.1680E+01
2.8178E+02 2.0851E+00 1.1668E+01
2.8578E+02 2.0888E+00 1.1656E+01
2.8977E+02 2.0923E+00 1.1643E+01
2.9376E+02 2.0958E+00 1.1631E+01
2.9776E+02 2.0991E+00 1.1619E+01
3.0175E+02 2.1023E+00 1.1607E+01
3.0574E+02 2.1055E+00 1.1596E+01
3.0974E+02 2.1085E+00 1.1584E+01
3.1373E+02 2.1115E+00 1.1572E+01
3.1772E+02 2.1143E+00 1.1561E+01
3.2172E+02 2.1171E+00 1.1549E+01
3.2571E+02 2.1198E+00 1.1538E+01
3.2970E+02 2.1225E+00 1.1526E+01
3.3370E+02 2.1250E+00 1.1515E+01
3.3769E+02 2.1275E+00 1.1504E+01
3.4168E+02 2.1299E+00 1.1493E+01
3.4568E+02 2.1322E+00 1.1482E+01
3.4967E+02 2.1345E+00 1.1471E+01
3.5366E+02 2.1367E+00 1.1461E+01
3.5766E+02 2.1388E+00 1.1450E+01
3.6165E+02 2.1409E+00 1.1439E+01
3.6564E+02 2.1429E+00 1.1429E+01
3.6964E+02 2.1449E+00 1.1418E+01
3.7363E+02 2.1468E+00 1.1408E+01
3.7762E+02 2.1486E+00 1.1397E+01
3.8162E+02 2.1504E+00 1.1387E+01
3.8561E+02 2.1522E+00 1.1377E+01
3.8960E+02 2.1538E+00 1.1367E+01
3.9360E+02 2.1555E+00 1.1357E+01
3.9759E+02 2.1571E+00 1.1347E+01
4.0158E+02 2.1586E+00 1.1337E+01
4.0558E+02 2.1601E+00 1.1327E+01
4.0957E+02 2.1616E+00 1.1317E+01
4.1357E+02 2.1630E+00 1.1308E+01
4.1756E+02 2.1644E+00 1.1298E+01
4.2155E+02 2.1657E+00 1.1289E+01
4.2555E+02 2.1670E+00 1.1279E+01
4.2954E+02 2.1683E+00 1.1270E+01
4.3353E+02 2.1695E+00 1.1260E+01
4.3753E+02 2.1707E+00 1.1251E+01
4.4152E+02 2.1718E+00 1.1242E+01
4.4551E+02 2.1730E+00 1.1233E+01
4.4951E+02 2.1740E+00 1.1224E+01
4.5350E+02 2.1751E+00 1.1215E+01
4.5749E+02 2.1761E+00 1.1206E+01
4.6149E+02 2.1771E+00 1.1197E+01
4.6548E+02 2.1781E+00 1.1188E+01
4.6947E+02 2.1790E+00 1.1179E+01
4.7347E+02 2.1799E+00 1.1170E+01
4.7746E+02 2.1808E+00 1.1162E+01
4.8145E+02 2.1816E+00 1.1153E+01
4.8545E+02 2.1824E+00 1.1144E+01
4.8944E+02 2.1832E+00 1.1136E+01
4.9343E+02 2.1840E+00 1.1127E+01
4.9743E+02 2.1847E+00 1.1119E+01
5.0142E+02 2.1854E+00 1.1111E+01
5.0541E+02 2.1861E+00 1.1102E+01
5.0941E+02 2.1868E+00 1.1094E+01
5.1340E+02 2.1875E+00 1.1086E+01
5.1739E+02 2.1881E+00 1.1078E+01
5.2139E+02 2.1887E+00 1.1070E+01
5.2538E+02 2.1893E+00 1.1062E+01
5.2937E+02 2.1898E+00 1.1054E+01
5.3337E+02 2.1904E+00 1.1046E+01
5.3736E+02 2.1909E+00 1.1038E+01
5.4135E+02 2.1914E+00 1.1030E+01
5.4535E+02 2.1919E+00 1.1022E+01
5.4934E+02 2.1924E+00 1.1014E+01
5.5333E+02 2.1928E+00 1.1007E+01
5.5733E+02 2.1932E+00 1.0999E+01
5.6132E+02 2.1937E+00 1.0991E+01
5.6531E+02 2.1941E+00 1.0984E+01
5.6931E+02 2.1944E+00 1.0976E+01
5.7330E+02 2.1948E+00 1.0969E+01
5.7729E+02 2.1952E+00 1.0961E+01
5.8129E+02 2.1955E+00 1.0954E+01
5.8528E+02 2.1958E+00 1.0947E+01
5.8927E+02 2.1961E+00 1.0939E+01
5.9327E+02 2.1964E+00 1.0932E+01
5.9726E+02 2.1967E+00 1.0925E+01
6.0125E+02 2.1970E+00 1.0918E+01
6.0525E+02 2.1972E+00 1.0911E+01
6.0924E+02 2.1975E+00 1.0903E+01
6.1323E+02 2.1977E+00 1.0896E+01
6.1723E+02 2.1979E+00 1.0889E+01
6.2122E+02 2.1981E+00 1.0882E+01
6.2521E+02 2.1983E+00 1.0875E+01
6.2921E+02 2.1985E+00 1.0869E+01
6.3320E+02 2.1986E+00 1.0862E+01
6.3719E+02 2.1988E+00 1.0855E+01
6.4119E+02 2.1989E+00 1.0848E+01
6.4518E+02 2.1991E+00 1.0841E+01
6.4917E+02 2.1992E+00 1.0835E+01
6.5317E+02 2.1993E+00 1.0828E+01
6.5716E+02 2.1994E+00 1.0821E+01
6.6115E+02 2.1995E+00 1.0815E+01
6.6515E+02 2.1996E+00 1.0808E+01
6.6914E+02 2.1997E+00 1.0802E+01
6.7313E+02 2.1997E+00 1.0795E+01
6.7713E+02 2.1998E+00 1.0789E+01
6.8112E+02 2.1998E+00 1.0782E+01
6.8511E+02 2.1999E+00 1.0776E+01
6.8911E+02 2.1999E+00 1.0769E+01
6.9310E+02 2.1999E+00 1.0763E+01
6.9709E+02 2.1999E+00 1.0757E+01
7.0109E+02 2.2000E+00 1.0750E+01
7.0508E+02 2.1999E+00 1.0744E+01
7.0907E+02 2.1999E+00 1.0738E+01
7.1307E+02 2.1999E+00 1.0732E+01
7.1706E+02 2.1999E+00 1.0726E+01
7.2105E+02 2.1999E+00 1.0720E+01
7.2505E+02 2.1998E+00 1.0714E+01
7.2904E+02 2.1998E+00 1.0707E+01
7.3303E+02 2.1997E+00 1.0701E+01
7.3703E+02 2.1997E+00 1.0695E+01
7.4102E+02 2.1996E+00 1.0690E+01
7.4501E+02 2.1995E+00 1.0684E+01
7.4901E+02 2.1994E+00 1.0678E+01
7.5300E+02 2.1994E+00 1.0672E+01
7.5699E+02 2.1993E+00 1.0666E+01
7.6099E+02 2.1992E+00 1.0660E+01
7.6498E+02 2.1991E+00 1.0654E+01
7.6897E+02 2.1990E+00 1.0649E+01
7.7297E+02 2.1988E+00 1.0643E+01
7.7696E+02 2.1987E+00 1.0637E+01
7.8095E+02 2.1986E+00 1.0632E+01
7.8495E+02 2.1985E+00 1.0626E+01
7.8894E+02 2.1983E+00 1.0620E+01
7.9294E+02 2.1982E+00 1.0615E+01
7.9693E+02 2.1981E+00 1.0609E+01
8.0092E+02 2.1979E+00 1.0604E+01
8.0492E+02 2.1977E+00 1.0598E+01
8.0891E+02 2.1976E+00 1.0593E+01
8.1290E+02 2.1974E+00 1.0587E+01
8.1690E+02 2.1973E+00 1.0582E+01
8.2089E+02 2.1971E+00 1.0576E+01
8.2488E+02 2.1969E+00 1.0571E+01
8.2888E+02 2.1967E+00 1.0566E+01
8.3287E+02 2.1965E+00 1.0560E+01
8.3686E+02 2.1963E+00 1.0555E+01
8.4086E+02 2.1961E+00 1.0550E+01
8.4485E+02 2.1960E+00 1.0544E+01
8.4884E+02 2.1957E+00 1.0539E+01
8.5284E+02 2.1955E+00 1.0534E+01
8.5683E+02 2.1953E+00 1.0529E+01
8.6082E+02 2.1951E+00 1.0524E+01
8.6482E+02 2.1949E+00 1.0518E+01
8.6881E+02 2.1947E+00 1.0513E+01
8.7280E+02 2.1945E+00 1.0508E+01
8.7680E+02 2.1942E+00 1.0503E+01
8.8079E+02 2.1940E+00 1.0498E+01
8.8478E+02 2.1938E+00 1.0493E+01
8.8878E+02 2.1935E+00 1.0488E+01
8.9277E+02 2.1933E+00 1.0483E+01
8.9676E+02 2.1930E+00 1.0478E+01
9.0076E+02 2.1928E+00 1.0473E+01
9.0475E+02 2.1926E+00 1.0468E+01
9.0874E+02 2.1923E+00 1.0463E+01
9.1274E+02 2.1920E+00 1.0459E+01
9.1673E+02 2.1918E+00 1.0454E+01
9.2072E+02 2.1915E+00 1.0449E+01
9.2472E+02 2.1913E+00 1.0444E+01
9.2871E+02 2.1910E+00 1.0439E+01
9.3270E+02 2.1907E+00 1.0434E+01
9.3670E+02 2.1905E+00 1.0430E+01
9.4069E+02 2.1902E+00 1.0425E+01
9.4468E+02 2.1899E+00 1.0420E+01
9.4868E+02 2.1896E+00 1.0416E+01
9.5267E+02 2.1894E+00 1.0411E+01
9.5666E+02 2.1891E+00 1.0406E+01
9.6066E+02 2.1888E+00 1.0402E+01
9.6465E+02 2.1885E+00 1.0397E+01
9.6864E+02 2.1882E+00 1.0392E+01
9.7264E+02 2.1879E+00 1.0388E+01
9.7663E+02 2.1876E+00 1.0383E+01
9.8062E+02 2.1873E+00 1.0379E+01
9.8462E+02 2.1870E+00 1.0374E+01
9.8861E+02 2.1867E+00 1.0370E+01
9.9260E+02 2.1864E+00 1.0365E+01
9.9660E+02 2.1861E+00 1.0361E+01
1.0006E+03 2.1858E+00 1.0356E+01
1.0046E+03 2.1855E+00 1.0352E+01
1.0086E+03 2.1852E+00 1.0348E+01
1.0126E+03 2.1849E+00 1.0343E+01
1.0166E+03 2.1846E+00 1.0339E+01
1.0206E+03 2.1843E+00 1.0334E+01
1.0246E+03 2.1840E+00 1.0330E+01
1.0285E+03 2.1837E+00 1.0326E+01
1.0325E+03 2.1833E+00 1.0321E+01
1.0365E+03 2.1830E+00 1.0317E+01
1.0405E+03 2.1827E+00 1.0313E+01
1.0445E+03 2.1824E+00 1.0309E+01
1.0485E+03 2.1821E+00 1.0304E+01
1.0525E+03 2.1817E+00 1.0300E+01
1.0565E+03 2.1814E+00 1.0296E+01
1.0605E+03 2.1811E+00 1.0292E+01
1.0645E+03 2.1807E+00 1.0288E+01
1.0685E+03 2.1804E+00 1.0283E+01
1.0725E+03 2.1801E+00 1.0279E+01
1.0765E+03 2.1797E+00 1.0275E+01
1.0805E+03 2.1794E+00 1.0271E+01
1.0845E+03 2.1791E+00 1.0267E+01
1.0884E+03 2.1787E+00 1.0263E+01
1.0924E+03 2.1784E+00 1.0259E+01
1.0964E+03 2.1781E+00 1.0255E+01
1.1004E+03 2.1777E+00 1.0251E+01
1.1044E+03 2.1774E+00 1.0247E+01
1.1084E+03 2.1770E+00 1.0243E+01
1.1124E+03 2.1767E+00 1.0239E+01
1.1164E+03 2.1764E+00 1.0235E+01
1.1204E+03 2.1760E+00 1.0231E+01
1.1244E+03 2.1757E+00 1.0227E+01
1.1284E+03 2.1753E+00 1.0223E+01
1.1324E+03 2.1750E+00 1.0219E+01
1.1364E+03 2.1746E+00 1.0215E+01
1.1404E+03 2.1743E+00 1.0211E+01
1.1444E+03 2.1739E+00 1.0207E+01
1.1483E+03 2.1736E+00 1.0204E+01
1.1523E+03 2.1732E+00 1.0200E+01
1.1563E+03 2.1729E+00 1.0196E+01
1.1603E+03 2.1725E+00 1.0192E+01
1.1643E+03 2.1722E+00 1.0188E+01
1.1683E+03 2.1718E+00 1.0184E+01
1.1723E+03 2.1715E+00 1.0181E+01
1.1763E+03 2.1711E+00 1.0177E+01
1.1803E+03 2.1707E+00 1.0173E+01
1.1843E+03 2.1704E+00 1.0169E+01
1.1883E+03 2.1700E+00 1.0166E+01
1.1923E+03 2.1697E+00 1.0162E+01
1.1963E+03 2.1693E+00 1.0158E+01
1.2003E+03 2.1689E+00 1.0155E+01
1.2043E+03 2.1686E+00 1.0151E+01
1.2082E+03 2.1682E+00 1.0147E+01
1.2122E+03 2.1679E+00 1.0144E+01
1.2162E+03 2.1675E+00 1.0140E+01
1.2202E+03 2.1671E+00 1.0136E+01
1.2242E+03 2.1668E+00 1.0133E+01
1.2282E+03 2.1664E+00 1.0129E+01
1.2322E+03 2.1660E+00 1.0126E+01
1.2362E+03 2.1657E+00 1.0122E+01
1.2402E+03 2.1653E+00 1.0119E+01
1.2442E+03 2.1649E+00 1.0115E+01
1.2482E+03 2.1646E+00 1.0112E+01
1.2522E+03 2.1642E+00 1.0108E+01
1.2562E+03 2.1638E+00 1.0105E+01
1.2602E+03 2.1635E+00 1.0101E+01
1.2642E+03 2.1631E+00 1.0098E+01
1.2681E+03 2.1627E+00 1.0094E+01
1.2721E+03 2.1624E+00 1.0091E+01
1.2761E+03 2.1620E+00 1.0087E+01
1.2801E+03 2.1616E+00 1.0084E+01
1.2841E+03 2.1613E+00 1.0080E+01
1.2881E+03 2.1609E+00 1.0077E+01
1.2921E+03 2.1605E+00 1.0074E+01
1.2961E+03 2.1602E+00 1.0070E+01
1.3001E+03 2.1598E+00 1.0067E+01
1.3041E+03 2.1594E+00 1.0063E+01
1.3081E+03 2.1590E+00 1.0060E+01
1.3121E+03 2.1587E+00 1.0057E+01
1.3161E+03 2.1583E+00 1.0053E+01
1.3201E+03 2.1579E+00 1.0050E+01
1.3241E+03 2.1576E+00 1.0047E+01
1.3280E+03 2.1572E+00 1.0043E+01
1.3320E+03 2.1568E+00 1.0040E+01
1.3360E+03 2.1564E+00 1.0037E+01
1.3400E+03 2.1561E+00 1.0034E+01
1.3440E+03 2.1557E+00 1.0030E+01
1.3480E+03 2.1553E+00 1.0027E+01
1.3520E+03 2.1550E+00 1.0024E+01
1.3560E+03 2.1546E+00 1.0021E+01
1.3600E+03 2.1542E+00 1.0017E+01
1.3640E+03 2.1538E+00 1.0014E+01
1.3680E+03 2.1535E+00 1.0011E+01
1.3720E+03 2.1531E+00 1.0008E+01
1.3760E+03 2.1527E+00 1.0005E+01
1.3800E+03 2.1523E+00 1.0002E+01
1.3840E+03 2.1520E+00 9.9980E+00
1.3879E+03 2.1516E+00 9.9950E+00
1.3919E+03 2.1512E+00 9.9920E+00
1.3959E+03 2.1508E+00 9.9890E+00
1.3999E+03 2.1505E+00 9.9860E+00
1.4039E+03 2.1501E+00 9.9830E+00
1.4079E+03 2.1497E+00 9.9800E+00
1.4119E+03 2.1493E+00 9.9770E+00
1.4159E+03 2.1490E+00 9.9730E+00
1.4199E+03 2.1486E+00 9.9700E+00
1.4239E+03 2.1482E+00 9.9670E+00
1.4279E+03 2.1478E+00 9.9640E+00
1.4319E+03 2.1475E+00 9.9610E+00
1.4359E+03 2.1471E+00 9.9580E+00
1.4399E+03 2.1467E+00 9.9550E+00
1.4439E+03 2.1463E+00 9.9520E+00
1.4478E+03 2.1460E+00 9.9490E+00
1.4518E+03 2.1456E+00 9.9460E+00
1.4558E+03 2.1452E+00 9.9430E+00
1.4598E+03 2.1448E+00 9.9400E+00
1.4638E+03 2.1445E+00 9.9370E+00
1.4678E+03 2.1441E+00 9.9340E+00
1.4718E+03 2.1437E+00 9.9310E+00
1.4758E+03 2.1434E+00 9.9280E+00
1.4798E+03 2.1430E+00 9.9260E+00
1.4838E+03 2.1426E+00 9.9230E+00
1.4878E+03 2.1422E+00 9.9200E+00
1.4918E+03 2.1419E+00 9.9170E+00
1.4958E+03 2.1415E+00 9.9140E+00
1.4998E+03 2.1411E+00 9.9110E+00
1.5038E+03 2.1407E+00 9.9080E+00
1.5077E+03 2.1404E+00 9.9050E+00
1.5117E+03 2.1400E+00 9.9020E+00
1.5157E+03 2.1396E+00 9.9000E+00
1.5197E+03 2.1392E+00 9.8970E+00
1.5237E+03 2.1389E+00 9.8940E+00
1.5277E+03 2.1385E+00 9.8910E+00
1.5317E+03 2.1381E+00 9.8880E+00
1.5357E+03 2.1377E+00 9.8850E+00
1.5397E+03 2.1374E+00 9.8830E+00
1.5437E+03 2.1370E+00 9.8800E+00
1.5477E+03 2.1366E+00 9.8770E+00
1.5517E+03 2.1363E+00 9.8740E+00
1.5557E+03 2.1359E+00 9.8720E+00
1.5597E+03 2.1355E+00 9.8690E+00
1.5637E+03 2.1351E+00 9.8660E+00
1.5676E+03 2.1348E+00 9.8630E+00
1.5716E+03 2.1344E+00 9.8610E+00
1.5756E+03 2.1340E+00 9.8580E+00
1.5796E+03 2.1337E+00 9.8550E+00
1.5836E+03 2.1333E+00 9.8520E+00
1.5876E+03 2.1329E+00 9.8500E+00
1.5916E+03 2.1325E+00 9.8470E+00
1.5956E+03 2.1322E+00 9.8440E+00
1.5996E+03 2.1318E+00 9.8420E+00
1.6036E+03 2.1314E+00 9.8390E+00
1.6076E+03 2.1311E+00 9.8360E+00
1.6116E+03 2.1307E+00 9.8340E+00
1.6156E+03 2.1303E+00 9.8310E+00
1.6196E+03 2.1300E+00 9.8280E+00
1.6236E+03 2.1296E+00 9.8260E+00
1.6275E+03 2.1292E+00 9.8230E+00
1.6315E+03 2.1288E+00 9.8200E+00
1.6355E+03 2.1285E+00 9.8180E+00
1.6395E+03 2.1281E+00 9.8150E+00
1.6435E+03 2.1277E+00 9.8130E+00
1.6475E+03 2.1274E+00 9.8100E+00
1.6515E+03 2.1270E+00 9.8070E+00
1.6555E+03 2.1266E+00 9.8050E+00
1.6595E+03 2.1263E+00 9.8020E+00
1.6635E+03 2.1259E+00 9.8000E+00
1.6675E+03 2.1255E+00 9.7970E+00
1.6715E+03 2.1252E+00 9.7950E+00
1.6755E+03 2.1248E+00 9.7920E+00
1.6795E+03 2.1244E+00 9.7900E+00
1.6835E+03 2.1241E+00 9.7870E+00
1.6874E+03 2.1237E+00 9.7850E+00
1.6914E+03 2.1233E+00 9.7820E+00
1.6954E+03 2.1230E+00 9.7800E+00
1.6994E+03 2.1226E+00 9.7770E+00
1.7034E+03 2.1223E+00 9.7750E+00
1.7074E+03 2.1219E+00 9.7720E+00
1.7114E+03 2.1215E+00 9.7700E+00
1.7154E+03 2.1212E+00 9.7670E+00
1.7194E+03 2.1208E+00 9.7650E+00
1.7234E+03 2.1204E+00 9.7620E+00
1.7274E+03 2.1201E+00 9.7600E+00
1.7314E+03 2.1197E+00 9.7570E+00
1.7354E+03 2.1193E+00 9.7550E+00
1.7394E+03 2.1190E+00 9.7520E+00
1.7434E+03 2.1186E+00 9.7500E+00
1.7474E+03 2.1183E+00 9.7480E+00
1.7513E+03 2.1179E+00 9.7450E+00
1.7553E+03 2.1175E+00 9.7430E+00
1.7593E+03 2.1172E+00 9.7400E+00
1.7633E+03 2.1168E+00 9.7380E+00
1.7673E+03 2.1165E+00 9.7350E+00
1.7713E+03 2.1161E+00 9.7330E+00
1.7753E+03 2.1157E+00 9.7310E+00
1.7793E+03 2.1154E+00 9.7280E+00
1.7833E+03 2.1150E+00 9.7260E+00
1.7873E+03 2.1147E+00 9.7240E+00
1.7913E+03 2.1143E+00 9.7210E+00
1.7953E+03 2.1139E+00 9.7190E+00
1.7993E+03 2.1136E+00 9.7170E+00
1.8033E+03 2.1132E+00 9.7140E+00
1.8073E+03 2.1129E+00 9.7120E+00
1.8112E+03 2.1125E+00 9.7100E+00
1.8152E+03 2.1122E+00 9.7070E+00
1.8192E+03 2.1118E+00 9.7050E+00
1.8232E+03 2.1114E+00 9.7030E+00
1.8272E+03 2.1111E+00 9.7000E+00
1.8312E+03 2.1107E+00 9.6980E+00
1.8352E+03 2.1104E+00 9.6960E+00
1.8392E+03 2.1100E+00 9.6940E+00
1.8432E+03 2.1097E+00 9.6910E+00
1.8472E+03 2.1093E+00 9.6890E+00
1.8512E+03 2.1090E+00 9.6870E+00
1.8552E+03 2.1086E+00 9.6840E+00
1.8592E+03 2.1083E+00 9.6820E+00
1.8632E+03 2.1079E+00 9.6800E+00
1.8672E+03 2.1076E+00 9.6780E+00
1.8711E+03 2.1072E+00 9.6750E+00
1.8751E+03 2.1068E+00 9.6730E+00
1.8791E+03 2.1065E+00 9.6710E+00
1.8831E+03 2.1061E+00 9.6690E+00
1.8871E+03 2.1058E+00 9.6670E+00
1.8911E+03 2.1054E+00 9.6640E+00
1.8951E+03 2.1051E+00 9.6620E+00
1.8991E+03 2.1047E+00 9.6600E+00
1.9031E+03 2.1044E+00 9.6580E+00
1.9071E+03 2.1040E+00 9.6560E+00
1.9111E+03 2.1037E+00 9.6530E+00
1.9151E+03 2.1033E+00 9.6510E+00
1.9191E+03 2.1030E+00 9.6490E+00
1.9231E+03 2.1026E+00 9.6470E+00
1.9271E+03 2.1023E+00 9.6450E+00
1.9310E+03 2.1020E+00 9.6430E+00
1.9350E+03 2.1016E+00 9.6400E+00
1.9390E+03 2.1013E+00 9.6380E+00
1.9430E+03 2.1009E+00 9.6360E+00
1.9470E+03 2.1006E+00 9.6340E+00
1.9510E+03 2.1002E+00 9.6320E+00
1.9550E+03 2.0999E+00 9.6300E+00
1.9590E+03 2.0995E+00 9.6280E+00
1.9630E+03 2.0992E+00 9.6260E+00
1.9670E+03 2.0988E+00 9.6230E+00
1.9710E+03 2.0985E+00 9.6210E+00
1.9750E+03 2.0982E+00 9.6190E+00
1.9790E+03 2.0978E+00 9.6170E+00
1.9830E+03 2.0975E+00 9.6150E+00
1.9870E+03 2.0971E+00 9.6130E+00
1.9909E+03 2.0968E+00 9.6110E+00
1.9949E+03 2.0964E+00 9.6090E+00
1.9989E+03 2.0961E+00 9.6070E+00
2.0029E+03 2.0958E+00 9.6050E+00
2.0069E+03 2.0954E+00 9.6030E+00
2.0109E+03 2.0951E+00 9.6010E+00
2.0149E+03 2.0947E+00 9.5990E+00
2.0189E+03 2.0944E+00 9.5970E+00
2.0229E+03 2.0941E+00 9.5940E+00
2.0269E+03 2.0937E+00 9.5920E+00
2.0309E+03 2.0934E+00 9.5900E+00
2.0349E+03 2.0930E+00 9.5880E+00
2.0389E+03 2.0927E+00 9.5860E+00
2.0429E+03 2.0924E+00 9.5840E+00
2.0469E+03 2.0920E+00 9.5820E+00
2.0508E+03 2.0917E+00 9.5800E+00
2.0548E+03 2.0913E+00 9.5780E+00
2.0588E+03 2.0910E+00 9.5760E+00
2.0628E+03 2.0907E+00 9.5740E+00
2.0668E+03 2.0903E+00 9.5720E+00
2.0708E+03 2.0900E+00 9.5700E+00
2.0748E+03 2.0897E+00 9.5680E+00
2.0788E+03 2.0893E+00 9.5660E+00
2.0828E+03 2.0890E+00 9.5640E+00
2.0868E+03 2.0887E+00 9.5630E+00
2.0908E+03 2.0883E+00 9.5610E+00
2.0948E+03 2.0880E+00 9.5590E+00
2.0988E+03 2.0877E+00 9.5570E+00
2.1028E+03 2.0873E+00 9.5550E+00
2.1068E+03 2.0870E+00 9.5530E+00
2.1107E+03 2.0867E+00 9.5510E+00
2.1147E+03 2.0863E+00 9.5490E+00
2.1187E+03 2.0860E+00 9.5470E+00
2.1227E+03 2.0857E+00 9.5450E+00
2.1267E+03 2.0853E+00 9.5430E+00
2.1307E+03 2.0850E+00 9.5410E+00
2.1347E+03 2.0847E+00 9.5390E+00
2.1387E+03 2.0843E+00 9.5370E+00
2.1427E+03 2.0840E+00 9.5350E+00
2.1467E+03 2.0837E+00 9.5340E+00
2.1507E+03 2.0834E+00 9.5320E+00
2.1547E+03 2.0830E+00 9.5300E+00
2.1587E+03 2.0827E+00 9.5280E+00
2.1627E+03 2.0824E+00 9.5260E+00
2.1667E+03 2.0820E+00 9.5240E+00
2.1706E+03 2.0817E+00 9.5220E+00
2.1746E+03 2.0814E+00 9.5200E+00
2.1786E+03 2.0811E+00 9.5190E+00
2.1826E+03 2.0807E+00 9.5170E+00
2.1866E+03 2.0804E+00 9.5150E+00
2.1906E+03 2.0801E+00 9.5130E+00
2.1946E+03 2.0798E+00 9.5110E+00
2.1986E+03 2.0794E+00 9.5090E+00
2.2026E+03 2.0791E+00 9.5070E+00
2.2066E+03 2.0788E+00 9.5060E+00
2.2106E+03 2.0785E+00 9.5040E+00
2.2146E+03 2.0781E+00 9.5020E+00
2.2186E+03 2.0778E+00 9.5000E+00
2.2226E+03 2.0775E+00 9.4980E+00
2.2266E+03 2.0772E+00 9.4970E+00
2.2305E+03 2.0769E+00 9.4950E+00
2.2345E+03 2.0765E+00 9.4930E+00
2.2385E+03 2.0762E+00 9.4910E+00
2.2425E+03 2.0759E+00 9.4890E+00
2.2465E+03 2.0756E+00 9.4880E+00
2.2505E+03 2.0752E+00 9.4860E+00
2.2545E+03 2.0749E+00 9.4840E+00
2.2585E+03 2.0746E+00 9.4820E+00
2.2625E+03 2.0743E+00 9.4800E+00
2.2665E+03 2.0740E+00 9.4790E+00
2.2705E+03 2.0737E+00 9.4770E+00
2.2745E+03 2.0733E+00 9.4750E+00
2.2785E+03 2.0730E+00 9.4730E+00
2.2825E+03 2.0727E+00 9.4720E+00
2.2865E+03 2.0724E+00 9.4700E+00
2.2904E+03 2.0721E+00 9.4680E+00
2.2944E+03 2.0717E+00 9.4660E+00
2.2984E+03 2.0714E+00 9.4650E+00
2.3024E+03 2.0711E+00 9.4630E+00
2.3064E+03 2.0708E+00 9.4610E+00
2.3104E+03 2.0705E+00 9.4590E+00
2.3144E+03 2.0702E+00 9.4580E+00
2.3184E+03 2.0699E+00 9.4560E+00
2.3224E+03 2.0695E+00 9.4540E+00
2.3264E+03 2.0692E+00 9.4520E+00
2.3304E+03 2.0689E+00 9.4510E+00
2.3344E+03 2.0686E+00 9.4490E+00
2.3384E+03 2.0683E+00 9.4470E+00
2.3424E+03 2.0680E+00 9.4460E+00
2.3464E+03 2.0677E+00 9.4440E+00
2.3503E+03 2.0674E+00 9.4420E+00
2.3543E+03 2.0670E+00 9.4400E+00
2.3583E+03 2.0667E+00 9.4390E+00
2.3623E+03 2.0664E+00 9.4370E+00
2.3663E+03 2.0661E+00 9.4350E+00
2.3703E+03 2.0658E+00 9.4340E+00
2.3743E+03 2.0655E+00 9.4320E+00
2.3783E+03 2.0652E+00 9.4300E+00
2.3823E+03 2.0649E+00 9.4290E+00
2.3863E+03 2.0646E+00 9.4270E+00
2.3903E+03 2.0643E+00 9.4250E+00
2.3943E+03 2.0639E+00 9.4240E+00
2.3983E+03 2.0636E+00 9.4220E+00
2.4023E+03 2.0633E+00 9.4200E+00
2.4063E+03 2.0630E+00 9.4190E+00
2.4102E+03 2.0627E+00 9.4170E+00
2.4142E+03 2.0624E+00 9.4150E+00
2.4182E+03 2.0621E+00 9.4140E+00
2.4222E+03 2.0618E+00 9.4120E+00
2.4262E+03 2.0615E+00 9.4110E+00
2.4302E+03 2.0612E+00 9.4090E+00
2.4342E+03 2.0609E+00 9.4070E+00
2.4382E+03 2.0606E+00 9.4060E+00
2.4422E+03 2.0603E+00 9.4040E+00
2.4462E+03 2.0600E+00 9.4020E+00
2.4502E+03 2.0597E+00 9.4010E+00
2.4542E+03 2.0594E+00 9.3990E+00
2.4582E+03 2.0591E+00 9.3980E+00
2.4622E+03 2.0588E+00 9.3960E+00
2.4662E+03 2.0585E+00 9.3940E+00
2.4701E+03 2.0582E+00 9.3930E+00
2.4741E+03 2.0579E+00 9.3910E+00
2.4781E+03 2.0575E+00 9.3900E+00
2.4821E+03 2.0572E+00 9.3880E+00
2.4861E+03 2.0569E+00 9.3860E+00
2.4901E+03 2.0566E+00 9.3850E+00
2.4941E+03 2.0563E+00 9.3830E+00
2.4981E+03 2.0560E+00 9.3820E+00
2.5021E+03 2.0557E+00 9.3800E+00
2.5061E+03 2.0555E+00 9.3790E+00
2.5101E+03 2.0552E+00 9.3770E+00
2.5141E+03 2.0549E+00 9.3750E+00
2.5181E+03 2.0546E+00 9.3740E+00
2.5221E+03 2.0543E+00 9.3720E+00
2.5261E+03 2.0540E+00 9.3710E+00
2.5301E+03 2.0537E+00 9.3690E+00
2.5340E+03 2.0534E+00 9.3680E+00
2.5380E+03 2.0531E+00 9.3660E+00
2.5420E+03 2.0528E+00 9.3650E+00
2.5460E+03 2.0525E+00 9.3630E+00
2.5500E+03 2.0522E+00 9.3620E+00
2.5540E+03 2.0519E+00 9.3600E+00
2.5580E+03 2.0516E+00 9.3590E+00
2.5620E+03 2.0513E+00 9.3570E+00
2.5660E+03 2.0510E+00 9.3550E+00
2.5700E+03 2.0507E+00 9.3540E+00
2.5740E+03 2.0504E+00 9.3520E+00
2.5780E+03 2.0501E+00 9.3510E+00
2.5820E+03 2.0498E+00 9.3490E+00
2.5860E+03 2.0495E+00 9.3480E+00
2.5900E+03 2.0493E+00 9.3460E+00
2.5939E+03 2.0490E+00 9.3450E+00
2.5979E+03 2.0487E+00 9.3430E+00
2.6019E+03 2.0484E+00 9.3420E+00
2.6059E+03 2.0481E+00 9.3400E+00
2.6099E+03 2.0478E+00 9.3390E+00
2.6139E+03 2.0475E+00 9.3370E+00
2.6179E+03 2.0472E+00 9.3360E+00
2.6219E+03 2.0469E+00 9.3340E+00
2.6259E+03 2.0466E+00 9.3330E+00
2.6299E+03 2.0463E+00 9.3320E+00
2.6339E+03 2.0461E+00 9.3300E+00
2.6379E+03 2.0458E+00 9.3290E+00
2.6419E+03 2.0455E+00 9.3270E+00
2.6459E+03 2.0452E+00 9.3260E+00
2.6499E+03 2.0449E+00 9.3240E+00
2.6538E+03 2.0446E+00 9.3230E+00
2.6578E+03 2.0443E+00 9.3210E+00
2.6618E+03 2.0440E+00 9.3200E+00
2.6658E+03 2.0438E+00 9.3180E+00
2.6698E+03 2.0435E+00 9.3170E+00
2.6738E+03 2.0432E+00 9.3150E+00
2.6778E+03 2.0429E+00 9.3140E+00
2.6818E+03 2.0426E+00 9.3130E+00
2.6858E+03 2.0423E+00 9.3110E+00
2.6898E+03 2.0421E+00 9.3100E+00
2.6938E+03 2.0418E+00 9.3080E+00
2.6978E+03 2.0415E+00 9.3070E+00
2.7018E+03 2.0412E+00 9.3050E+00
2.7058E+03 2.0409E+00 9.3040E+00
2.7098E+03 2.0406E+00 9.3030E+00
2.7137E+03 2.0404E+00 9.3010E+00
2.7177E+03 2.0401E+00 9.3000E+00
2.7217E+03 2.0398E+00 9.2980E+00
2.7257E+03 2.0395E+00 9.2970E+00
2.7297E+03 2.0392E+00 9.2960E+00
2.7337E+03 2.0389E+00 9.2940E+00
2.7377E+03 2.0387E+00 9.2930E+00
2.7417E+03 2.0384E+00 9.2910E+00
2.7457E+03 2.0381E+00 9.2900E+00
2.7497E+03 2.0378E+00 9.2890E+00
2.7537E+03 2.0376E+00 9.2870E+00
2.7577E+03 2.0373E+00 9.2860E+00
2.7617E+03 2.0370E+00 9.2840E+00
2.7657E+03 2.0367E+00 9.2830E+00
2.7697E+03 2.0364E+00 9.2820E+00
2.7736E+03 2.0362E+00 9.2800E+00
2.7776E+03 2.0359E+00 9.2790E+00
2.7816E+03 2.0356E+00 9.2770E+00
2.7856E+03 2.0353E+00 9.2760E+00
2.7896E+03 2.0351E+00 9.2750E+00
2.7936E+03 2.0348E+00 9.2730E+00
2.7976E+03 2.0345E+00 9.2720E+00
2.8016E+03 2.0342E+00 9.2710E+00
2.8056E+03 2.0339E+00 9.2690E+00
2.8096E+03 2.0337E+00 9.2680E+00
2.8136E+03 2.0334E+00 9.2670E+00
2.8176E+03 2.0331E+00 9.2650E+00
2.8216E+03 2.0329E+00 9.2640E+00
2.8256E+03 2.0326E+00 9.2630E+00
2.8296E+03 2.0323E+00 9.2610E+00
2.8335E+03 2.0320E+00 9.2600E+00
2.8375E+03 2.0318E+00 9.2590E+00
2.8415E+03 2.0315E+00 9.2570E+00
2.8455E+03 2.0312E+00 9.2560E+00
2.8495E+03 2.0309E+00 9.2550E+00
2.8535E+03 2.0307E+00 9.2530E+00
2.8575E+03 2.0304E+00 9.2520E+00
2.8615E+03 2.0301E+00 9.2510E+00
2.8655E+03 2.0299E+00 9.2490E+00
2.8695E+03 2.0296E+00 9.2480E+00
2.8735E+03 2.0293E+00 9.2470E+00
2.8775E+03 2.0290E+00 9.2450E+00
2.8815E+03 2.0288E+00 9.2440E+00
2.8855E+03 2.0285E+00 9.2430E+00
2.8895E+03 2.0282E+00 9.2410E+00
2.8934E+03 2.0280E+00 9.2400E+00
2.8974E+03 2.0277E+00 9.2390E+00
2.9014E+03 2.0274E+00 9.2370E+00
2.9054E+03 2.0272E+00 9.2360E+00
2.9094E+03 2.0269E+00 9.2350E+00
2.9134E+03 2.0266E+00 9.2340E+00
2.9174E+03 2.0264E+00 9.2320E+00
2.9214E+03 2.0261E+00 9.2310E+00
2.9254E+03 2.0258E+00 9.2300E+00
2.9294E+03 2.0256E+00 9.2280E+00
2.9334E+03 2.0253E+00 9.2270E+00
2.9374E+03 2.0250E+00 9.2260E+00
2.9414E+03 2.0248E+00 9.2250E+00
2.9454E+03 2.0245E+00 9.2230E+00
2.9494E+03 2.0242E+00 9.2220E+00
2.9533E+03 2.0240E+00 9.2210E+00
2.9573E+03 2.0237E+00 9.2190E+00
2.9613E+03 2.0234E+00 9.2180E+00
2.9653E+03 2.0232E+00 9.2170E+00
2.9693E+03 2.0229E+00 9.2160E+00
2.9733E+03 2.0227E+00 9.2140E+00
2.9773E+03 2.0224E+00 9.2130E+00
2.9813E+03 2.0221E+00 9.2120E+00
2.9853E+03 2.0219E+00 9.2110E+00
2.9893E+03 2.0216E+00 9.2090E+00
2.9933E+03 2.0213E+00 9.2080E+00
2.9973E+03 2.0211E+00 9.2070E+00
3.0013E+03 2.0208E+00 9.2060E+00
3.0053E+03 2.0206E+00 9.2040E+00
3.0093E+03 2.0203E+00 9.2030E+00
3.0132E+03 2.0200E+00 9.2020E+00
3.0172E+03 2.0198E+00 9.2010E+00
3.0212E+03 2.0195E+00 9.1990E+00
3.0252E+03 2.0193E+00 9.1980E+00
3.0292E+03 2.0190E+00 9.1970E+00
3.0332E+03 2.0187E+00 9.1960E+00
3.0372E+03 2.0185E+00 9.1950E+00
3.0412E+03 2.0182E+00 9.1930E+00
3.0452E+03 2.0180E+00 9.1920E+00
3.0492E+03 2.0177E+00 9.1910E+00
3.0532E+03 2.0175E+00 9.1900E+00
3.0572E+03 2.0172E+00 9.1880E+00
3.0612E+03 2.0169E+00 9.1870E+00
3.0652E+03 2.0167E+00 9.1860E+00
3.0692E+03 2.0164E+00 9.1850E+00
3.0731E+03 2.0162E+00 9.1840E+00
3.0771E+03 2.0159E+00 9.1820E+00
3.0811E+03 2.0157E+00 9.1810E+00
3.0851E+03 2.0154E+00 9.1800E+00
3.0891E+03 2.0151E+00 9.1790E+00
3.0931E+03 2.0149E+00 9.1780E+00
3.0971E+03 2.0146E+00 9.1760E+00
3.1011E+03 2.0144E+00 9.1750E+00
3.1051E+03 2.0141E+00 9.1740E+00
3.1091E+03 2.0139E+00 9.1730E+00
3.1131E+03 2.0136E+00 9.1720E+00
3.1171E+03 2.0134E+00 9.1700E+00
3.1211E+03 2.0131E+00 9.1690E+00
3.1251E+03 2.0129E+00 9.1680E+00
3.1291E+03 2.0126E+00 9.1670E+00
3.1330E+03 2.0124E+00 9.1660E+00
3.1370E+03 2.0121E+00 9.1650E+00
3.1410E+03 2.0119E+00 9.1630E+00
3.1450E+03 2.0116E+00 9.1620E+00
3.1490E+03 2.0114E+00 9.1610E+00
3.1530E+03 2.0111E+00 9.1600E+00
3.1570E+03 2.0109E+00 9.1590E+00
3.1610E+03 2.0106E+00 9.1580E+00
3.1650E+03 2.0104E+00 9.1560E+00
3.1690E+03 2.0101E+00 9.1550E+00
3.1730E+03 2.0099E+00 9.1540E+00
3.1770E+03 2.0096E+00 9.1530E+00
3.1810E+03 2.0094E+00 9.1520E+00
3.1850E+03 2.0091E+00 9.1510E+00
3.1890E+03 2.0089E+00 9.1490E+00
3.1929E+03 2.0086E+00 9.1480E+00
3.1969E+03 2.0084E+00 9.1470E+00
3.2009E+03 2.0081E+00 9.1460E+00
3.2049E+03 2.0079E+00 9.1450E+00
3.2089E+03 2.0076E+00 9.1440E+00
3.2129E+03 2.0074E+00 9.1430E+00
3.2169E+03 2.0071E+00 9.1410E+00
3.2209E+03 2.0069E+00 9.1400E+00
3.2249E+03 2.0066E+00 9.1390E+00
3.2289E+03 2.0064E+00 9.1380E+00
3.2329E+03 2.0061E+00 9.1370E+00
3.2369E+03 2.0059E+00 9.1360E+00
3.2409E+03 2.0057E+00 9.1350E+00
3.2449E+03 2.0054E+00 9.1340E+00
3.2489E+03 2.0052E+00 9.1320E+00
3.2529E+03 2.0049E+00 9.1310E+00
3.2568E+03 2.0047E+00 9.1300E+00
3.2608E+03 2.0044E+00 9.1290E+00
3.2648E+03 2.0042E+00 9.1280E+00
3.2688E+03 2.0040E+00 9.1270E+00
3.2728E+03 2.0037E+00 9.1260E+00
3.2768E+03 2.0035E+00 9.1250E+00
3.2808E+03 2.0032E+00 9.1240E+00
3.2848E+03 2.0030E+00 9.1220E+00
3.2888E+03 2.0027E+00 9.1210E+00
3.2928E+03 2.0025E+00 9.1200E+00
3.2968E+03 2.0023E+00 9.1190E+00
3.3008E+03 2.0020E+00 9.1180E+00
3.3048E+03 2.0018E+00 9.1170E+00
3.3088E+03 2.0015E+00 9.1160E+00
3.3128E+03 2.0013E+00 9.1150E+00
3.3167E+03 2.0011E+00 9.1140E+00
3.3207E+03 2.0008E+00 9.1130E+00
3.3247E+03 2.0006E+00 9.1110E+00
3.3287E+03 2.0003E+00 9.1100E+00
3.3327E+03 2.0001E+00 9.1090E+00
3.3367E+03 1.9999E+00 9.1080E+00
3.3407E+03 1.9996E+00 9.1070E+00
3.3447E+03 1.9994E+00 9.1060E+00
3.3487E+03 1.9991E+00 9.1050E+00
3.3527E+03 1.9989E+00 9.1040E+00
3.3567E+03 1.9987E+00 9.1030E+00
3.3607E+03 1.9984E+00 9.1020E+00
3.3647E+03 1.9982E+00 9.1010E+00
3.3687E+03 1.9980E+00 9.1000E+00
3.3727E+03 1.9977E+00 9.0990E+00
3.3766E+03 1.9975E+00 9.0970E+00
3.3806E+03 1.9972E+00 9.0960E+00
3.3846E+03 1.9970E+00 9.0950E+00
3.3886E+03 1.9968E+00 9.0940E+00
3.3926E+03 1.9965E+00 9.0930E+00
3.3966E+03 1.9963E+00 9.0920E+00
3.4006E+03 1.9961E+00 9.0910E+00
3.4046E+03 1.9958E+00 9.0900E+00
3.4086E+03 1.9956E+00 9.0890E+00
3.4126E+03 1.9954E+00 9.0880E+00
3.4166E+03 1.9951E+00 9.0870E+00
3.4206E+03 1.9949E+00 9.0860E+00
3.4246E+03 1.9947E+00 9.0850E+00
3.4286E+03 1.9944E+00 9.0840E+00
3.4326E+03 1.9942E+00 9.0830E+00
3.4365E+03 1.9940E+00 9.0820E+00
3.4405E+03 1.9937E+00 9.0810E+00
3.4445E+03 1.9935E+00 9.0800E+00
3.4485E+03 1.9933E+00 9.0790E+00
3.4525E+03 1.9930E+00 9.0780E+00
3.4565E+03 1.9928E+00 9.0760E+00
3.4605E+03 1.9926E+00 9.0750E+00
3.4645E+03 1.9923E+00 9.0740E+00
3.4685E+03 1.9921E+00 9.0730E+00
3.4725E+03 1.9919E+00 9.0720E+00
3.4765E+03 1.9916E+00 9.0710E+00
3.4805E+03 1.9914E+00 9.0700E+00
3.4845E+03 1.9912E+00 9.0690E+00
3.4885E+03 1.9910E+00 9.0680E+00
3.4925E+03 1.9907E+00 9.0670E+00
3.4964E+03 1.9905E+00 9.0660E+00
3.5004E+03 1.9903E+00 9.0650E+00
3.5044E+03 1.9900E+00 9.0640E+00
3.5084E+03 1.9898E+00 9.0630E+00
3.5124E+03 1.9896E+00 9.0620E+00
3.5164E+03 1.9894E+00 9.0610E+00
3.5204E+03 1.9891E+00 9.0600E+00
3.5244E+03 1.9889E+00 9.0590E+00
3.5284E+03 1.9887E+00 9.0580E+00
3.5324E+03 1.9884E+00 9.0570E+00
3.5364E+03 1.9882E+00 9.0560E+00
3.5404E+03 1.9880E+00 9.0550E+00
3.5444E+03 1.9878E+00 9.0540E+00
3.5484E+03 1.9875E+00 9.0530E+00
3.5524E+03 1.9873E+00 9.0520E+00
3.5563E+03 1.9871E+00 9.0510E+00
3.5603E+03 1.9869E+00 9.0500E+00
3.5643E+03 1.9866E+00 9.0490E+00
3.5683E+03 1.9864E+00 9.0480E+00
3.5723E+03 1.9862E+00 9.0470E+00
3.5763E+03 1.9860E+00 9.0460E+00
3.5803E+03 1.9857E+00 9.0450E+00
3.5843E+03 1.9855E+00 9.0440E+00
3.5883E+03 1.9853E+00 9.0430E+00
3.5923E+03 1.9851E+00 9.0420E+00
3.5963E+03 1.9848E+00 9.0410E+00
3.6003E+03 1.9846E+00 9.0400E+00
3.6043E+03 1.9844E+00 9.0390E+00
3.6083E+03 1.9842E+00 9.0380E+00
3.6123E+03 1.9840E+00 9.0370E+00
3.6162E+03 1.9837E+00 9.0360E+00
3.6202E+03 1.9835E+00 9.0350E+00
3.6242E+03 1.9833E+00 9.0340E+00
3.6282E+03 1.9831E+00 9.0340E+00
3.6322E+03 1.9828E+00 9.0330E+00
3.6362E+03 1.9826E+00 9.0320E+00
3.6402E+03 1.9824E+00 9.0310E+00
3.6442E+03 1.9822E+00 9.0300E+00
3.6482E+03 1.9820E+00 9.0290E+00
3.6522E+03 1.9817E+00 9.0280E+00
3.6562E+03 1.9815E+00 9.0270E+00
3.6602E+03 1.9813E+00 9.0260E+00
3.6642E+03 1.9811E+00 9.0250E+00
3.6682E+03 1.9809E+00 9.0240E+00
3.6722E+03 1.9806E+00 9.0230E+00
3.6761E+03 1.9804E+00 9.0220E+00
3.6801E+03 1.9802E+00 9.0210E+00
3.6841E+03 1.9800E+00 9.0200E+00
3.6881E+03 1.9798E+00 9.0190E+00
3.6921E+03 1.9795E+00 9.0180E+00
3.6961E+03 1.9793E+00 9.0170E+00
3.7001E+03 1.9791E+00 9.0160E+00
3.7041E+03 1.9789E+00 9.0150E+00
3.7081E+03 1.9787E+00 9.0140E+00
3.7121E+03 1.9785E+00 9.0140E+00
3.7161E+03 1.9782E+00 9.0130E+00
3.7201E+03 1.9780E+00 9.0120E+00
3.7241E+03 1.9778E+00 9.0110E+00
3.7281E+03 1.9776E+00 9.0100E+00
3.7321E+03 1.9774E+00 9.0090E+00
3.7360E+03 1.9772E+00 9.0080E+00
3.7400E+03 1.9769E+00 9.0070E+00
3.7440E+03 1.9767E+00 9.0060E+00
3.7480E+03 1.9765E+00 9.0050E+00
3.7520E+03 1.9763E+00 9.0040E+00
3.7560E+03 1.9761E+00 9.0030E+00
3.7600E+03 1.9759E+00 9.0020E+00
3.7640E+03 1.9757E+00 9.0010E+00
3.7680E+03 1.9754E+00 9.0010E+00
3.7720E+03 1.9752E+00 9.0000E+00
3.7760E+03 1.9750E+00 8.9990E+00
3.7800E+03 1.9748E+00 8.9980E+00
3.7840E+03 1.9746E+00 8.9970E+00
3.7880E+03 1.9744E+00 8.9960E+00
3.7920E+03 1.9742E+00 8.9950E+00
3.7959E+03 1.9739E+00 8.9940E+00
3.7999E+03 1.9737E+00 8.9930E+00
3.8039E+03 1.9735E+00 8.9920E+00
3.8079E+03 1.9733E+00 8.9910E+00
3.8119E+03 1.9731E+00 8.9910E+00
3.8159E+03 1.9729E+00 8.9900E+00
3.8199E+03 1.9727E+00 8.9890E+00
3.8239E+03 1.9725E+00 8.9880E+00
3.8279E+03 1.9723E+00 8.9870E+00
3.8319E+03 1.9720E+00 8.9860E+00
3.8359E+03 1.9718E+00 8.9850E+00
3.8399E+03 1.9716E+00 8.9840E+00
3.8439E+03 1.9714E+00 8.9830E+00
3.8479E+03 1.9712E+00 8.9820E+00
3.8519E+03 1.9710E+00 8.9820E+00
3.8558E+03 1.9708E+00 8.9810E+00
3.8598E+03 1.9706E+00 8.9800E+00
3.8638E+03 1.9704E+00 8.9790E+00
3.8678E+03 1.9702E+00 8.9780E+00
3.8718E+03 1.9699E+00 8.9770E+00
3.8758E+03 1.9697E+00 8.9760E+00
3.8798E+03 1.9695E+00 8.9750E+00
3.8838E+03 1.9693E+00 8.9740E+00
3.8878E+03 1.9691E+00 8.9740E+00
3.8918E+03 1.9689E+00 8.9730E+00
3.8958E+03 1.9687E+00 8.9720E+00
3.8998E+03 1.9685E+00 8.9710E+00
3.9038E+03 1.9683E+00 8.9700E+00
3.9078E+03 1.9681E+00 8.9690E+00
3.9118E+03 1.9679E+00 8.9680E+00
3.9157E+03 1.9677E+00 8.9670E+00
3.9197E+03 1.9675E+00 8.9670E+00
3.9237E+03 1.9672E+00 8.9660E+00
3.9277E+03 1.9670E+00 8.9650E+00
3.9317E+03 1.9668E+00 8.9640E+00
3.9357E+03 1.9666E+00 8.9630E+00
3.9397E+03 1.9664E+00 8.9620E+00
3.9437E+03 1.9662E+00 8.9610E+00
3.9477E+03 1.9660E+00 8.9600E+00
3.9517E+03 1.9658E+00 8.9600E+00
3.9557E+03 1.9656E+00 8.9590E+00
3.9597E+03 1.9654E+00 8.9580E+00
3.9637E+03 1.9652E+00 8.9570E+00
3.9677E+03 1.9650E+00 8.9560E+00
3.9717E+03 1.9648E+00 8.9550E+00
3.9756E+03 1.9646E+00 8.9540E+00
3.9796E+03 1.9644E+00 8.9540E+00
3.9836E+03 1.9642E+00 8.9530E+00
3.9876E+03 1.9640E+00 8.9520E+00
3.9916E+03 1.9638E+00 8.9510E+00
3.9956E+03 1.9636E+00 8.9500E+00
