6.2415E+00 4.0398E-01 1.3174E+01
1.1940E+01 6.1973E-01 1.2813E+01
1.7639E+01 7.8567E-01 1.2768E+01
2.3338E+01 9.2060E-01 1.2767E+01
2.9037E+01 1.0339E+00 1.2770E+01
3.4736E+01 1.1309E+00 1.2770E+01
4.0435E+01 1.2155E+00 1.2765E+01
4.6133E+01 1.2900E+00 1.2756E+01
5.1832E+01 1.3563E+00 1.2744E+01
5.7531E+01 1.4157E+00 1.2728E+01
6.3230E+01 1.4694E+00 1.2711E+01
6.8929E+01 1.5181E+00 1.2691E+01
7.4628E+01 1.5626E+00 1.2671E+01
8.0327E+01 1.6033E+00 1.2649E+01
8.6025E+01 1.6407E+00 1.2627E+01
9.1724E+01 1.6753E+00 1.2603E+01
9.7423E+01 1.7073E+00 1.2580E+01
1.0312E+02 1.7370E+00 1.2556E+01
1.0882E+02 1.7646E+00 1.2532E+01
1.1452E+02 1.7904E+00 1.2508E+01
1.2022E+02 1.8145E+00 1.2484E+01
1.2592E+02 1.8371E+00 1.2460E+01
1.3162E+02 1.8583E+00 1.2436E+01
1.3732E+02 1.8782E+00 1.2412E+01
1.4301E+02 1.8969E+00 1.2388E+01
1.4871E+02 1.9146E+00 1.2365E+01
1.5441E+02 1.9312E+00 1.2341E+01
1.6011E+02 1.9470E+00 1.2318E+01
1.6581E+02 1.9619E+00 1.2295E+01
1.7151E+02 1.9760E+00 1.2273E+01
1.7721E+02 1.9893E+00 1.2250E+01
1.8291E+02 2.0020E+00 1.2228E+01
1.8860E+02 2.0141E+00 1.2206E+01
1.9430E+02 2.0256E+00 1.2185E+01
2.0000E+02 2.0365E+00 1.2163E+01
2.0570E+02 2.0469E+00 1.2142E+01
2.1140E+02 2.0568E+00 1.2121E+01
2.1710E+02 2.0662E+00 1.2100E+01
2.2280E+02 2.0752E+00 1.2080E+01
2.2850E+02 2.0838E+00 1.2060E+01
2.3420E+02 2.0921E+00 1.2040E+01
2.3989E+02 2.0999E+00 1.2020E+01
2.4559E+02 2.1074E+00 1.2001E+01
2.5129E+02 2.1146E+00 1.1982E+01
2.5699E+02 2.1215E+00 1.1963E+01
2.6269E+02 2.1281E+00 1.1944E+01
2.6839E+02 2.1344E+00 1.1926E+01
2.7409E+02 2.1405E+00 1.1907E+01
2.7979E+02 2.1463E+00 1.1889E+01
2.8549E+02 2.1519E+00 1.1872E+01
2.9118E+02 2.1572E+00 1.1854E+01
2.9688E+02 2.1624E+00 1.1837E+01
3.0258E+02 2.1673E+00 1.1819E+01
3.0828E+02 2.1721E+00 1.1802E+01
3.1398E+02 2.1766E+00 1.1786E+01
3.1968E+02 2.1810E+00 1.1769E+01
3.2538E+02 2.1852E+00 1.1753E+01
3.3108E+02 2.1892E+00 1.1737E+01
3.3677E+02 2.1931E+00 1.1721E+01
3.4247E+02 2.1969E+00 1.1705E+01
3.4817E+02 2.2005E+00 1.1689E+01
3.5387E+02 2.2040E+00 1.1674E+01
3.5957E+02 2.2073E+00 1.1658E+01
3.6527E+02 2.2105E+00 1.1643E+01
3.7097E+02 2.2136E+00 1.1628E+01
3.7667E+02 2.2166E+00 1.1613E+01
3.8237E+02 2.2194E+00 1.1599E+01
3.8806E+02 2.2222E+00 1.1584E+01
3.9376E+02 2.2249E+00 1.1570E+01
3.9946E+02 2.2274E+00 1.1556E+01
4.0516E+02 2.2299E+00 1.1542E+01
4.1086E+02 2.2323E+00 1.1528E+01
4.1656E+02 2.2346E+00 1.1514E+01
4.2226E+02 2.2368E+00 1.1501E+01
4.2796E+02 2.2389E+00 1.1487E+01
4.3366E+02 2.2410E+00 1.1474E+01
4.3935E+02 2.2429E+00 1.1461E+01
4.4505E+02 2.2448E+00 1.1448E+01
4.5075E+02 2.2467E+00 1.1435E+01
4.5645E+02 2.2484E+00 1.1422E+01
4.6215E+02 2.2501E+00 1.1409E+01
4.6785E+02 2.2518E+00 1.1397E+01
4.7355E+02 2.2534E+00 1.1384E+01
4.7925E+02 2.2549E+00 1.1372E+01
4.8494E+02 2.2563E+00 1.1360E+01
4.9064E+02 2.2577E+00 1.1348E+01
4.9634E+02 2.2591E+00 1.1336E+01
5.0204E+02 2.2604E+00 1.1324E+01
5.0774E+02 2.2617E+00 1.1312E+01
5.1344E+02 2.2629E+00 1.1301E+01
5.1914E+02 2.2640E+00 1.1289E+01
5.2484E+02 2.2651E+00 1.1278E+01
5.3054E+02 2.2662E+00 1.1267E+01
5.3623E+02 2.2672E+00 1.1255E+01
5.4193E+02 2.2682E+00 1.1244E+01
5.4763E+02 2.2692E+00 1.1233E+01
5.5333E+02 2.2701E+00 1.1222E+01
5.5903E+02 2.2710E+00 1.1212E+01
5.6473E+02 2.2718E+00 1.1201E+01
5.7043E+02 2.2726E+00 1.1190E+01
5.7613E+02 2.2734E+00 1.1180E+01
5.8183E+02 2.2741E+00 1.1169E+01
5.8752E+02 2.2748E+00 1.1159E+01
5.9322E+02 2.2755E+00 1.1149E+01
5.9892E+02 2.2761E+00 1.1139E+01
6.0462E+02 2.2767E+00 1.1129E+01
6.1032E+02 2.2773E+00 1.1119E+01
6.1602E+02 2.2779E+00 1.1109E+01
6.2172E+02 2.2784E+00 1.1099E+01
6.2742E+02 2.2789E+00 1.1089E+01
6.3311E+02 2.2794E+00 1.1079E+01
6.3881E+02 2.2799E+00 1.1070E+01
6.4451E+02 2.2803E+00 1.1060E+01
6.5021E+02 2.2807E+00 1.1051E+01
6.5591E+02 2.2811E+00 1.1041E+01
6.6161E+02 2.2815E+00 1.1032E+01
6.6731E+02 2.2818E+00 1.1023E+01
6.7301E+02 2.2821E+00 1.1014E+01
6.7871E+02 2.2824E+00 1.1005E+01
6.8440E+02 2.2827E+00 1.0996E+01
6.9010E+02 2.2830E+00 1.0987E+01
6.9580E+02 2.2832E+00 1.0978E+01
7.0150E+02 2.2835E+00 1.0969E+01
7.0720E+02 2.2837E+00 1.0960E+01
7.1290E+02 2.2839E+00 1.0952E+01
7.1860E+02 2.2840E+00 1.0943E+01
7.2430E+02 2.2842E+00 1.0935E+01
7.3000E+02 2.2844E+00 1.0926E+01
7.3569E+02 2.2845E+00 1.0918E+01
7.4139E+02 2.2846E+00 1.0909E+01
7.4709E+02 2.2847E+00 1.0901E+01
7.5279E+02 2.2848E+00 1.0893E+01
7.5849E+02 2.2849E+00 1.0885E+01
7.6419E+02 2.2849E+00 1.0876E+01
7.6989E+02 2.2850E+00 1.0868E+01
7.7559E+02 2.2850E+00 1.0860E+01
7.8128E+02 2.2850E+00 1.0852E+01
7.8698E+02 2.2850E+00 1.0845E+01
7.9268E+02 2.2850E+00 1.0837E+01
7.9838E+02 2.2850E+00 1.0829E+01
8.0408E+02 2.2850E+00 1.0821E+01
8.0978E+02 2.2850E+00 1.0814E+01
8.1548E+02 2.2849E+00 1.0806E+01
8.2118E+02 2.2849E+00 1.0798E+01
8.2688E+02 2.2848E+00 1.0791E+01
8.3257E+02 2.2847E+00 1.0783E+01
8.3827E+02 2.2846E+00 1.0776E+01
8.4397E+02 2.2845E+00 1.0769E+01
8.4967E+02 2.2844E+00 1.0761E+01
8.5537E+02 2.2843E+00 1.0754E+01
8.6107E+02 2.2842E+00 1.0747E+01
8.6677E+02 2.2841E+00 1.0740E+01
8.7247E+02 2.2839E+00 1.0732E+01
8.7817E+02 2.2838E+00 1.0725E+01
8.8386E+02 2.2836E+00 1.0718E+01
8.8956E+02 2.2835E+00 1.0711E+01
8.9526E+02 2.2833E+00 1.0704E+01
9.0096E+02 2.2831E+00 1.0697E+01
9.0666E+02 2.2829E+00 1.0691E+01
9.1236E+02 2.2828E+00 1.0684E+01
9.1806E+02 2.2826E+00 1.0677E+01
9.2376E+02 2.2824E+00 1.0670E+01
9.2945E+02 2.2821E+00 1.0663E+01
9.3515E+02 2.2819E+00 1.0657E+01
9.4085E+02 2.2817E+00 1.0650E+01
9.4655E+02 2.2815E+00 1.0644E+01
9.5225E+02 2.2812E+00 1.0637E+01
9.5795E+02 2.2810E+00 1.0631E+01
9.6365E+02 2.2808E+00 1.0624E+01
9.6935E+02 2.2805E+00 1.0618E+01
9.7505E+02 2.2802E+00 1.0611E+01
9.8074E+02 2.2800E+00 1.0605E+01
9.8644E+02 2.2797E+00 1.0599E+01
9.9214E+02 2.2794E+00 1.0592E+01
9.9784E+02 2.2792E+00 1.0586E+01
1.0035E+03 2.2789E+00 1.0580E+01
1.0092E+03 2.2786E+00 1.0574E+01
1.0149E+03 2.2783E+00 1.0568E+01
1.0206E+03 2.2780E+00 1.0562E+01
1.0263E+03 2.2777E+00 1.0556E+01
1.0320E+03 2.2774E+00 1.0550E+01
1.0377E+03 2.2771E+00 1.0544E+01
1.0434E+03 2.2768E+00 1.0538E+01
1.0491E+03 2.2765E+00 1.0532E+01
1.0548E+03 2.2762E+00 1.0526E+01
1.0605E+03 2.2758E+00 1.0520E+01
1.0662E+03 2.2755E+00 1.0514E+01
1.0719E+03 2.2752E+00 1.0508E+01
1.0776E+03 2.2748E+00 1.0503E+01
1.0833E+03 2.2745E+00 1.0497E+01
1.0890E+03 2.2742E+00 1.0491E+01
1.0947E+03 2.2738E+00 1.0486E+01
1.1004E+03 2.2735E+00 1.0480E+01
1.1061E+03 2.2731E+00 1.0474E+01
1.1118E+03 2.2728E+00 1.0469E+01
1.1175E+03 2.2724E+00 1.0463E+01
1.1232E+03 2.2721E+00 1.0458E+01
1.1289E+03 2.2717E+00 1.0452E+01
1.1346E+03 2.2713E+00 1.0447E+01
1.1403E+03 2.2710E+00 1.0441E+01
1.1460E+03 2.2706E+00 1.0436E+01
1.1517E+03 2.2702E+00 1.0431E+01
1.1574E+03 2.2699E+00 1.0425E+01
1.1631E+03 2.2695E+00 1.0420E+01
1.1688E+03 2.2691E+00 1.0415E+01
1.1745E+03 2.2687E+00 1.0410E+01
1.1802E+03 2.2683E+00 1.0404E+01
1.1859E+03 2.2680E+00 1.0399E+01
1.1916E+03 2.2676E+00 1.0394E+01
1.1973E+03 2.2672E+00 1.0389E+01
1.2030E+03 2.2668E+00 1.0384E+01
1.2087E+03 2.2664E+00 1.0379E+01
1.2144E+03 2.2660E+00 1.0374E+01
1.2201E+03 2.2656E+00 1.0369E+01
1.2258E+03 2.2652E+00 1.0364E+01
1.2315E+03 2.2648E+00 1.0359E+01
1.2372E+03 2.2644E+00 1.0354E+01
1.2429E+03 2.2640E+00 1.0349E+01
1.2486E+03 2.2636E+00 1.0344E+01
1.2543E+03 2.2632E+00 1.0339E+01
1.2600E+03 2.2628E+00 1.0334E+01
1.2657E+03 2.2624E+00 1.0329E+01
1.2714E+03 2.2620E+00 1.0324E+01
1.2771E+03 2.2616E+00 1.0320E+01
1.2828E+03 2.2611E+00 1.0315E+01
1.2885E+03 2.2607E+00 1.0310E+01
1.2942E+03 2.2603E+00 1.0305E+01
1.2999E+03 2.2599E+00 1.0301E+01
1.3056E+03 2.2595E+00 1.0296E+01
1.3113E+03 2.2591E+00 1.0291E+01
1.3170E+03 2.2586E+00 1.0287E+01
1.3227E+03 2.2582E+00 1.0282E+01
1.3284E+03 2.2578E+00 1.0277E+01
1.3341E+03 2.2574E+00 1.0273E+01
1.3398E+03 2.2569E+00 1.0268E+01
1.3455E+03 2.2565E+00 1.0264E+01
1.3512E+03 2.2561E+00 1.0259E+01
1.3569E+03 2.2557E+00 1.0255E+01
1.3626E+03 2.2552E+00 1.0250E+01
1.3683E+03 2.2548E+00 1.0246E+01
1.3740E+03 2.2544E+00 1.0241E+01
1.3797E+03 2.2539E+00 1.0237E+01
1.3854E+03 2.2535E+00 1.0233E+01
1.3911E+03 2.2531E+00 1.0228E+01
1.3968E+03 2.2527E+00 1.0224E+01
1.4025E+03 2.2522E+00 1.0220E+01
1.4082E+03 2.2518E+00 1.0215E+01
1.4139E+03 2.2513E+00 1.0211E+01
1.4196E+03 2.2509E+00 1.0207E+01
1.4253E+03 2.2505E+00 1.0203E+01
1.4310E+03 2.2500E+00 1.0198E+01
1.4367E+03 2.2496E+00 1.0194E+01
1.4424E+03 2.2492E+00 1.0190E+01
1.4481E+03 2.2487E+00 1.0186E+01
1.4537E+03 2.2483E+00 1.0182E+01
1.4594E+03 2.2478E+00 1.0177E+01
1.4651E+03 2.2474E+00 1.0173E+01
1.4708E+03 2.2470E+00 1.0169E+01
1.4765E+03 2.2465E+00 1.0165E+01
1.4822E+03 2.2461E+00 1.0161E+01
1.4879E+03 2.2456E+00 1.0157E+01
1.4936E+03 2.2452E+00 1.0153E+01
1.4993E+03 2.2448E+00 1.0149E+01
1.5050E+03 2.2443E+00 1.0145E+01
1.5107E+03 2.2439E+00 1.0141E+01
1.5164E+03 2.2434E+00 1.0137E+01
1.5221E+03 2.2430E+00 1.0133E+01
1.5278E+03 2.2425E+00 1.0129E+01
1.5335E+03 2.2421E+00 1.0125E+01
1.5392E+03 2.2417E+00 1.0121E+01
1.5449E+03 2.2412E+00 1.0117E+01
1.5506E+03 2.2408E+00 1.0114E+01
1.5563E+03 2.2403E+00 1.0110E+01
1.5620E+03 2.2399E+00 1.0106E+01
1.5677E+03 2.2394E+00 1.0102E+01
1.5734E+03 2.2390E+00 1.0098E+01
1.5791E+03 2.2386E+00 1.0095E+01
1.5848E+03 2.2381E+00 1.0091E+01
1.5905E+03 2.2377E+00 1.0087E+01
1.5962E+03 2.2372E+00 1.0083E+01
1.6019E+03 2.2368E+00 1.0080E+01
1.6076E+03 2.2363E+00 1.0076E+01
1.6133E+03 2.2359E+00 1.0072E+01
1.6190E+03 2.2354E+00 1.0069E+01
1.6247E+03 2.2350E+00 1.0065E+01
1.6304E+03 2.2345E+00 1.0061E+01
1.6361E+03 2.2341E+00 1.0058E+01
1.6418E+03 2.2337E+00 1.0054E+01
1.6475E+03 2.2332E+00 1.0050E+01
1.6532E+03 2.2328E+00 1.0047E+01
1.6589E+03 2.2323E+00 1.0043E+01
1.6646E+03 2.2319E+00 1.0040E+01
1.6703E+03 2.2314E+00 1.0036E+01
1.6760E+03 2.2310E+00 1.0033E+01
1.6817E+03 2.2305E+00 1.0029E+01
1.6874E+03 2.2301E+00 1.0026E+01
1.6931E+03 2.2296E+00 1.0022E+01
1.6988E+03 2.2292E+00 1.0019E+01
1.7045E+03 2.2288E+00 1.0015E+01
1.7102E+03 2.2283E+00 1.0012E+01
1.7159E+03 2.2279E+00 1.0008E+01
1.7216E+03 2.2274E+00 1.0005E+01
1.7273E+03 2.2270E+00 1.0001E+01
1.7330E+03 2.2265E+00 9.9980E+00
1.7387E+03 2.2261E+00 9.9950E+00
1.7444E+03 2.2257E+00 9.9910E+00
1.7501E+03 2.2252E+00 9.9880E+00
1.7558E+03 2.2248E+00 9.9850E+00
1.7615E+03 2.2243E+00 9.9810E+00
1.7672E+03 2.2239E+00 9.9780E+00
1.7729E+03 2.2234E+00 9.9750E+00
1.7786E+03 2.2230E+00 9.9710E+00
1.7843E+03 2.2226E+00 9.9680E+00
1.7900E+03 2.2221E+00 9.9650E+00
1.7957E+03 2.2217E+00 9.9610E+00
1.8014E+03 2.2212E+00 9.9580E+00
1.8071E+03 2.2208E+00 9.9550E+00
1.8128E+03 2.2203E+00 9.9520E+00
1.8185E+03 2.2199E+00 9.9490E+00
1.8242E+03 2.2195E+00 9.9450E+00
1.8299E+03 2.2190E+00 9.9420E+00
1.8356E+03 2.2186E+00 9.9390E+00
1.8413E+03 2.2181E+00 9.9360E+00
1.8470E+03 2.2177E+00 9.9330E+00
1.8527E+03 2.2173E+00 9.9300E+00
1.8584E+03 2.2168E+00 9.9260E+00
1.8641E+03 2.2164E+00 9.9230E+00
1.8698E+03 2.2160E+00 9.9200E+00
1.8755E+03 2.2155E+00 9.9170E+00
1.8812E+03 2.2151E+00 9.9140E+00
1.8869E+03 2.2146E+00 9.9110E+00
1.8926E+03 2.2142E+00 9.9080E+00
1.8983E+03 2.2138E+00 9.9050E+00
1.9040E+03 2.2133E+00 9.9020E+00
1.9097E+03 2.2129E+00 9.8990E+00
1.9154E+03 2.2125E+00 9.8960E+00
1.9211E+03 2.2120E+00 9.8930E+00
1.9268E+03 2.2116E+00 9.8900E+00
1.9325E+03 2.2112E+00 9.8870E+00
1.9382E+03 2.2107E+00 9.8840E+00
1.9439E+03 2.2103E+00 9.8810E+00
1.9495E+03 2.2099E+00 9.8780E+00
1.9552E+03 2.2094E+00 9.8750E+00
1.9609E+03 2.2090E+00 9.8720E+00
1.9666E+03 2.2086E+00 9.8690E+00
1.9723E+03 2.2081E+00 9.8660E+00
1.9780E+03 2.2077E+00 9.8630E+00
1.9837E+03 2.2073E+00 9.8600E+00
1.9894E+03 2.2068E+00 9.8570E+00
1.9951E+03 2.2064E+00 9.8550E+00
2.0008E+03 2.2060E+00 9.8520E+00
2.0065E+03 2.2056E+00 9.8490E+00
2.0122E+03 2.2051E+00 9.8460E+00
2.0179E+03 2.2047E+00 9.8430E+00
2.0236E+03 2.2043E+00 9.8400E+00
2.0293E+03 2.2038E+00 9.8380E+00
2.0350E+03 2.2034E+00 9.8350E+00
2.0407E+03 2.2030E+00 9.8320E+00
2.0464E+03 2.2026E+00 9.8290E+00
2.0521E+03 2.2021E+00 9.8260E+00
2.0578E+03 2.2017E+00 9.8240E+00
2.0635E+03 2.2013E+00 9.8210E+00
2.0692E+03 2.2009E+00 9.8180E+00
2.0749E+03 2.2004E+00 9.8150E+00
2.0806E+03 2.2000E+00 9.8130E+00
2.0863E+03 2.1996E+00 9.8100E+00
2.0920E+03 2.1992E+00 9.8070E+00
2.0977E+03 2.1987E+00 9.8050E+00
2.1034E+03 2.1983E+00 9.8020E+00
2.1091E+03 2.1979E+00 9.7990E+00
2.1148E+03 2.1975E+00 9.7960E+00
2.1205E+03 2.1971E+00 9.7940E+00
2.1262E+03 2.1966E+00 9.7910E+00
2.1319E+03 2.1962E+00 9.7880E+00
2.1376E+03 2.1958E+00 9.7860E+00
2.1433E+03 2.1954E+00 9.7830E+00
2.1490E+03 2.1950E+00 9.7810E+00
2.1547E+03 2.1945E+00 9.7780E+00
2.1604E+03 2.1941E+00 9.7750E+00
2.1661E+03 2.1937E+00 9.7730E+00
2.1718E+03 2.1933E+00 9.7700E+00
2.1775E+03 2.1929E+00 9.7680E+00
2.1832E+03 2.1925E+00 9.7650E+00
2.1889E+03 2.1921E+00 9.7620E+00
2.1946E+03 2.1916E+00 9.7600E+00
2.2003E+03 2.1912E+00 9.7570E+00
2.2060E+03 2.1908E+00 9.7550E+00
2.2117E+03 2.1904E+00 9.7520E+00
2.2174E+03 2.1900E+00 9.7500E+00
2.2231E+03 2.1896E+00 9.7470E+00
2.2288E+03 2.1892E+00 9.7450E+00
2.2345E+03 2.1888E+00 9.7420E+00
2.2402E+03 2.1883E+00 9.7400E+00
2.2459E+03 2.1879E+00 9.7370E+00
2.2516E+03 2.1875E+00 9.7350E+00
2.2573E+03 2.1871E+00 9.7320E+00
2.2630E+03 2.1867E+00 9.7300E+00
2.2687E+03 2.1863E+00 9.7270E+00
2.2744E+03 2.1859E+00 9.7250E+00
2.2801E+03 2.1855E+00 9.7220E+00
2.2858E+03 2.1851E+00 9.7200E+00
2.2915E+03 2.1847E+00 9.7180E+00
2.2972E+03 2.1843E+00 9.7150E+00
2.3029E+03 2.1839E+00 9.7130E+00
2.3086E+03 2.1835E+00 9.7100E+00
2.3143E+03 2.1830E+00 9.7080E+00
2.3200E+03 2.1826E+00 9.7060E+00
2.3257E+03 2.1822E+00 9.7030E+00
2.3314E+03 2.1818E+00 9.7010E+00
2.3371E+03 2.1814E+00 9.6980E+00
2.3428E+03 2.1810E+00 9.6960E+00
2.3485E+03 2.1806E+00 9.6940E+00
2.3542E+03 2.1802E+00 9.6910E+00
2.3599E+03 2.1798E+00 9.6890E+00
2.3656E+03 2.1794E+00 9.6870E+00
2.3713E+03 2.1790E+00 9.6840E+00
2.3770E+03 2.1786E+00 9.6820E+00
2.3827E+03 2.1782E+00 9.6800E+00
2.3884E+03 2.1778E+00 9.6770E+00
2.3941E+03 2.1774E+00 9.6750E+00
2.3998E+03 2.1770E+00 9.6730E+00
2.4055E+03 2.1766E+00 9.6710E+00
2.4112E+03 2.1763E+00 9.6680E+00
2.4169E+03 2.1759E+00 9.6660E+00
2.4226E+03 2.1755E+00 9.6640E+00
2.4283E+03 2.1751E+00 9.6620E+00
2.4340E+03 2.1747E+00 9.6590E+00
2.4396E+03 2.1743E+00 9.6570E+00
2.4453E+03 2.1739E+00 9.6550E+00
2.4510E+03 2.1735E+00 9.6530E+00
2.4567E+03 2.1731E+00 9.6500E+00
2.4624E+03 2.1727E+00 9.6480E+00
2.4681E+03 2.1723E+00 9.6460E+00
2.4738E+03 2.1719E+00 9.6440E+00
2.4795E+03 2.1715E+00 9.6410E+00
2.4852E+03 2.1712E+00 9.6390E+00
2.4909E+03 2.1708E+00 9.6370E+00
2.4966E+03 2.1704E+00 9.6350E+00
2.5023E+03 2.1700E+00 9.6330E+00
2.5080E+03 2.1696E+00 9.6310E+00
2.5137E+03 2.1692E+00 9.6280E+00
2.5194E+03 2.1688E+00 9.6260E+00
2.5251E+03 2.1684E+00 9.6240E+00
2.5308E+03 2.1681E+00 9.6220E+00
2.5365E+03 2.1677E+00 9.6200E+00
2.5422E+03 2.1673E+00 9.6180E+00
2.5479E+03 2.1669E+00 9.6160E+00
2.5536E+03 2.1665E+00 9.6130E+00
2.5593E+03 2.1661E+00 9.6110E+00
2.5650E+03 2.1658E+00 9.6090E+00
2.5707E+03 2.1654E+00 9.6070E+00
2.5764E+03 2.1650E+00 9.6050E+00
2.5821E+03 2.1646E+00 9.6030E+00
2.5878E+03 2.1642E+00 9.6010E+00
2.5935E+03 2.1639E+00 9.5990E+00
2.5992E+03 2.1635E+00 9.5970E+00
2.6049E+03 2.1631E+00 9.5950E+00
2.6106E+03 2.1627E+00 9.5930E+00
2.6163E+03 2.1623E+00 9.5910E+00
2.6220E+03 2.1620E+00 9.5890E+00
2.6277E+03 2.1616E+00 9.5870E+00
2.6334E+03 2.1612E+00 9.5840E+00
2.6391E+03 2.1608E+00 9.5820E+00
2.6448E+03 2.1605E+00 9.5800E+00
2.6505E+03 2.1601E+00 9.5780E+00
2.6562E+03 2.1597E+00 9.5760E+00
2.6619E+03 2.1593E+00 9.5740E+00
2.6676E+03 2.1590E+00 9.5720E+00
2.6733E+03 2.1586E+00 9.5700E+00
2.6790E+03 2.1582E+00 9.5680E+00
2.6847E+03 2.1578E+00 9.5660E+00
2.6904E+03 2.1575E+00 9.5640E+00
2.6961E+03 2.1571E+00 9.5620E+00
2.7018E+03 2.1567E+00 9.5600E+00
2.7075E+03 2.1564E+00 9.5590E+00
2.7132E+03 2.1560E+00 9.5570E+00
2.7189E+03 2.1556E+00 9.5550E+00
2.7246E+03 2.1553E+00 9.5530E+00
2.7303E+03 2.1549E+00 9.5510E+00
2.7360E+03 2.1545E+00 9.5490E+00
2.7417E+03 2.1542E+00 9.5470E+00
2.7474E+03 2.1538E+00 9.5450E+00
2.7531E+03 2.1534E+00 9.5430E+00
2.7588E+03 2.1531E+00 9.5410E+00
2.7645E+03 2.1527E+00 9.5390E+00
2.7702E+03 2.1523E+00 9.5370E+00
2.7759E+03 2.1520E+00 9.5350E+00
2.7816E+03 2.1516E+00 9.5330E+00
2.7873E+03 2.1512E+00 9.5320E+00
2.7930E+03 2.1509E+00 9.5300E+00
2.7987E+03 2.1505E+00 9.5280E+00
2.8044E+03 2.1502E+00 9.5260E+00
2.8101E+03 2.1498E+00 9.5240E+00
2.8158E+03 2.1494E+00 9.5220E+00
2.8215E+03 2.1491E+00 9.5200E+00
2.8272E+03 2.1487E+00 9.5180E+00
2.8329E+03 2.1484E+00 9.5170E+00
2.8386E+03 2.1480E+00 9.5150E+00
2.8443E+03 2.1476E+00 9.5130E+00
2.8500E+03 2.1473E+00 9.5110E+00
2.8557E+03 2.1469E+00 9.5090E+00
2.8614E+03 2.1466E+00 9.5070E+00
2.8671E+03 2.1462E+00 9.5060E+00
2.8728E+03 2.1459E+00 9.5040E+00
2.8785E+03 2.1455E+00 9.5020E+00
2.8842E+03 2.1451E+00 9.5000E+00
2.8899E+03 2.1448E+00 9.4980E+00
2.8956E+03 2.1444E+00 9.4970E+00
2.9013E+03 2.1441E+00 9.4950E+00
2.9070E+03 2.1437E+00 9.4930E+00
2.9127E+03 2.1434E+00 9.4910E+00
2.9184E+03 2.1430E+00 9.4890E+00
2.9241E+03 2.1427E+00 9.4880E+00
2.9298E+03 2.1423E+00 9.4860E+00
2.9354E+03 2.1420E+00 9.4840E+00
2.9411E+03 2.1416E+00 9.4820E+00
2.9468E+03 2.1413E+00 9.4810E+00
2.9525E+03 2.1409E+00 9.4790E+00
2.9582E+03 2.1406E+00 9.4770E+00
2.9639E+03 2.1402E+00 9.4750E+00
2.9696E+03 2.1399E+00 9.4740E+00
2.9753E+03 2.1395E+00 9.4720E+00
2.9810E+03 2.1392E+00 9.4700E+00
2.9867E+03 2.1388E+00 9.4680E+00
2.9924E+03 2.1385E+00 9.4670E+00
2.9981E+03 2.1381E+00 9.4650E+00
3.0038E+03 2.1378E+00 9.4630E+00
3.0095E+03 2.1375E+00 9.4620E+00
3.0152E+03 2.1371E+00 9.4600E+00
3.0209E+03 2.1368E+00 9.4580E+00
3.0266E+03 2.1364E+00 9.4560E+00
3.0323E+03 2.1361E+00 9.4550E+00
3.0380E+03 2.1357E+00 9.4530E+00
3.0437E+03 2.1354E+00 9.4510E+00
3.0494E+03 2.1351E+00 9.4500E+00
3.0551E+03 2.1347E+00 9.4480E+00
3.0608E+03 2.1344E+00 9.4460E+00
3.0665E+03 2.1340E+00 9.4450E+00
3.0722E+03 2.1337E+00 9.4430E+00
3.0779E+03 2.1334E+00 9.4410E+00
3.0836E+03 2.1330E+00 9.4400E+00
3.0893E+03 2.1327E+00 9.4380E+00
3.0950E+03 2.1323E+00 9.4360E+00
3.1007E+03 2.1320E+00 9.4350E+00
3.1064E+03 2.1317E+00 9.4330E+00
3.1121E+03 2.1313E+00 9.4310E+00
3.1178E+03 2.1310E+00 9.4300E+00
3.1235E+03 2.1307E+00 9.4280E+00
3.1292E+03 2.1303E+00 9.4270E+00
3.1349E+03 2.1300E+00 9.4250E+00
3.1406E+03 2.1297E+00 9.4230E+00
3.1463E+03 2.1293E+00 9.4220E+00
3.1520E+03 2.1290E+00 9.4200E+00
3.1577E+03 2.1287E+00 9.4180E+00
3.1634E+03 2.1283E+00 9.4170E+00
3.1691E+03 2.1280E+00 9.4150E+00
3.1748E+03 2.1277E+00 9.4140E+00
3.1805E+03 2.1273E+00 9.4120E+00
3.1862E+03 2.1270E+00 9.4110E+00
3.1919E+03 2.1267E+00 9.4090E+00
3.1976E+03 2.1263E+00 9.4070E+00
3.2033E+03 2.1260E+00 9.4060E+00
3.2090E+03 2.1257E+00 9.4040E+00
3.2147E+03 2.1254E+00 9.4030E+00
3.2204E+03 2.1250E+00 9.4010E+00
3.2261E+03 2.1247E+00 9.4000E+00
3.2318E+03 2.1244E+00 9.3980E+00
3.2375E+03 2.1241E+00 9.3960E+00
3.2432E+03 2.1237E+00 9.3950E+00
3.2489E+03 2.1234E+00 9.3930E+00
3.2546E+03 2.1231E+00 9.3920E+00
3.2603E+03 2.1228E+00 9.3900E+00
3.2660E+03 2.1224E+00 9.3890E+00
3.2717E+03 2.1221E+00 9.3870E+00
3.2774E+03 2.1218E+00 9.3860E+00
3.2831E+03 2.1215E+00 9.3840E+00
3.2888E+03 2.1211E+00 9.3830E+00
3.2945E+03 2.1208E+00 9.3810E+00
3.3002E+03 2.1205E+00 9.3800E+00
3.3059E+03 2.1202E+00 9.3780E+00
3.3116E+03 2.1199E+00 9.3770E+00
3.3173E+03 2.1195E+00 9.3750E+00
3.3230E+03 2.1192E+00 9.3740E+00
3.3287E+03 2.1189E+00 9.3720E+00
3.3344E+03 2.1186E+00 9.3710E+00
3.3401E+03 2.1183E+00 9.3690E+00
3.3458E+03 2.1179E+00 9.3680E+00
3.3515E+03 2.1176E+00 9.3660E+00
3.3572E+03 2.1173E+00 9.3650E+00
3.3629E+03 2.1170E+00 9.3630E+00
3.3686E+03 2.1167E+00 9.3620E+00
3.3743E+03 2.1163E+00 9.3600E+00
3.3800E+03 2.1160E+00 9.3590E+00
3.3857E+03 2.1157E+00 9.3570E+00
3.3914E+03 2.1154E+00 9.3560E+00
3.3971E+03 2.1151E+00 9.3540E+00
3.4028E+03 2.1148E+00 9.3530E+00
3.4085E+03 2.1145E+00 9.3520E+00
3.4142E+03 2.1141E+00 9.3500E+00
3.4199E+03 2.1138E+00 9.3490E+00
3.4256E+03 2.1135E+00 9.3470E+00
3.4312E+03 2.1132E+00 9.3460E+00
3.4369E+03 2.1129E+00 9.3440E+00
3.4426E+03 2.1126E+00 9.3430E+00
3.4483E+03 2.1123E+00 9.3420E+00
3.4540E+03 2.1120E+00 9.3400E+00
3.4597E+03 2.1117E+00 9.3390E+00
3.4654E+03 2.1113E+00 9.3370E+00
3.4711E+03 2.1110E+00 9.3360E+00
3.4768E+03 2.1107E+00 9.3340E+00
3.4825E+03 2.1104E+00 9.3330E+00
3.4882E+03 2.1101E+00 9.3320E+00
3.4939E+03 2.1098E+00 9.3300E+00
3.4996E+03 2.1095E+00 9.3290E+00
3.5053E+03 2.1092E+00 9.3270E+00
3.5110E+03 2.1089E+00 9.3260E+00
3.5167E+03 2.1086E+00 9.3250E+00
3.5224E+03 2.1083E+00 9.3230E+00
3.5281E+03 2.1080E+00 9.3220E+00
3.5338E+03 2.1077E+00 9.3210E+00
3.5395E+03 2.1074E+00 9.3190E+00
3.5452E+03 2.1071E+00 9.3180E+00
3.5509E+03 2.1068E+00 9.3160E+00
3.5566E+03 2.1065E+00 9.3150E+00
3.5623E+03 2.1061E+00 9.3140E+00
3.5680E+03 2.1058E+00 9.3120E+00
3.5737E+03 2.1055E+00 9.3110E+00
3.5794E+03 2.1052E+00 9.3100E+00
3.5851E+03 2.1049E+00 9.3080E+00
3.5908E+03 2.1046E+00 9.3070E+00
3.5965E+03 2.1043E+00 9.3060E+00
3.6022E+03 2.1040E+00 9.3040E+00
3.6079E+03 2.1037E+00 9.3030E+00
3.6136E+03 2.1034E+00 9.3020E+00
3.6193E+03 2.1031E+00 9.3000E+00
3.6250E+03 2.1028E+00 9.2990E+00
3.6307E+03 2.1025E+00 9.2980E+00
3.6364E+03 2.1022E+00 9.2960E+00
3.6421E+03 2.1020E+00 9.2950E+00
3.6478E+03 2.1017E+00 9.2940E+00
3.6535E+03 2.1014E+00 9.2920E+00
3.6592E+03 2.1011E+00 9.2910E+00
3.6649E+03 2.1008E+00 9.2900E+00
3.6706E+03 2.1005E+00 9.2880E+00
3.6763E+03 2.1002E+00 9.2870E+00
3.6820E+03 2.0999E+00 9.2860E+00
3.6877E+03 2.0996E+00 9.2850E+00
3.6934E+03 2.0993E+00 9.2830E+00
3.6991E+03 2.0990E+00 9.2820E+00
3.7048E+03 2.0987E+00 9.2810E+00
3.7105E+03 2.0984E+00 9.2790E+00
3.7162E+03 2.0981E+00 9.2780E+00
3.7219E+03 2.0978E+00 9.2770E+00
3.7276E+03 2.0975E+00 9.2760E+00
3.7333E+03 2.0972E+00 9.2740E+00
3.7390E+03 2.0970E+00 9.2730E+00
3.7447E+03 2.0967E+00 9.2720E+00
3.7504E+03 2.0964E+00 9.2710E+00
3.7561E+03 2.0961E+00 9.2690E+00
3.7618E+03 2.0958E+00 9.2680E+00
3.7675E+03 2.0955E+00 9.2670E+00
3.7732E+03 2.0952E+00 9.2650E+00
3.7789E+03 2.0949E+00 9.2640E+00
3.7846E+03 2.0946E+00 9.2630E+00
3.7903E+03 2.0944E+00 9.2620E+00
3.7960E+03 2.0941E+00 9.2600E+00
3.8017E+03 2.0938E+00 9.2590E+00
3.8074E+03 2.0935E+00 9.2580E+00
3.8131E+03 2.0932E+00 9.2570E+00
3.8188E+03 2.0929E+00 9.2560E+00
3.8245E+03 2.0926E+00 9.2540E+00
3.8302E+03 2.0924E+00 9.2530E+00
3.8359E+03 2.0921E+00 9.2520E+00
3.8416E+03 2.0918E+00 9.2510E+00
3.8473E+03 2.0915E+00 9.2490E+00
3.8530E+03 2.0912E+00 9.2480E+00
3.8587E+03 2.0909E+00 9.2470E+00
3.8644E+03 2.0907E+00 9.2460E+00
3.8701E+03 2.0904E+00 9.2450E+00
3.8758E+03 2.0901E+00 9.2430E+00
3.8815E+03 2.0898E+00 9.2420E+00
3.8872E+03 2.0895E+00 9.2410E+00
3.8929E+03 2.0892E+00 9.2400E+00
3.8986E+03 2.0890E+00 9.2390E+00
3.9043E+03 2.0887E+00 9.2370E+00
3.9100E+03 2.0884E+00 9.2360E+00
3.9157E+03 2.0881E+00 9.2350E+00
3.9214E+03 2.0879E+00 9.2340E+00
3.9270E+03 2.0876E+00 9.2330E+00
3.9327E+03 2.0873E+00 9.2310E+00
3.9384E+03 2.0870E+00 9.2300E+00
3.9441E+03 2.0867E+00 9.2290E+00
3.9498E+03 2.0865E+00 9.2280E+00
3.9555E+03 2.0862E+00 9.2270E+00
3.9612E+03 2.0859E+00 9.2260E+00
3.9669E+03 2.0856E+00 9.2240E+00
3.9726E+03 2.0854E+00 9.2230E+00
3.9783E+03 2.0851E+00 9.2220E+00
3.9840E+03 2.0848E+00 9.2210E+00
3.9897E+03 2.0845E+00 9.2200E+00
3.9954E+03 2.0843E+00 9.2190E+00
4.0011E+03 2.0840E+00 9.2170E+00
4.0068E+03 2.0837E+00 9.2160E+00
4.0125E+03 2.0834E+00 9.2150E+00
4.0182E+03 2.0832E+00 9.2140E+00
4.0239E+03 2.0829E+00 9.2130E+00
4.0296E+03 2.0826E+00 9.2120E+00
4.0353E+03 2.0823E+00 9.2100E+00
4.0410E+03 2.0821E+00 9.2090E+00
4.0467E+03 2.0818E+00 9.2080E+00
4.0524E+03 2.0815E+00 9.2070E+00
4.0581E+03 2.0813E+00 9.2060E+00
4.0638E+03 2.0810E+00 9.2050E+00
4.0695E+03 2.0807E+00 9.2040E+00
4.0752E+03 2.0804E+00 9.2030E+00
4.0809E+03 2.0802E+00 9.2010E+00
4.0866E+03 2.0799E+00 9.2000E+00
4.0923E+03 2.0796E+00 9.1990E+00
4.0980E+03 2.0794E+00 9.1980E+00
4.1037E+03 2.0791E+00 9.1970E+00
4.1094E+03 2.0788E+00 9.1960E+00
4.1151E+03 2.0786E+00 9.1950E+00
4.1208E+03 2.0783E+00 9.1940E+00
4.1265E+03 2.0780E+00 9.1930E+00
4.1322E+03 2.0778E+00 9.1910E+00
4.1379E+03 2.0775E+00 9.1900E+00
4.1436E+03 2.0772E+00 9.1890E+00
4.1493E+03 2.0770E+00 9.1880E+00
4.1550E+03 2.0767E+00 9.1870E+00
4.1607E+03 2.0764E+00 9.1860E+00
4.1664E+03 2.0762E+00 9.1850E+00
4.1721E+03 2.0759E+00 9.1840E+00
4.1778E+03 2.0756E+00 9.1830E+00
4.1835E+03 2.0754E+00 9.1820E+00
4.1892E+03 2.0751E+00 9.1810E+00
4.1949E+03 2.0749E+00 9.1790E+00
4.2006E+03 2.0746E+00 9.1780E+00
4.2063E+03 2.0743E+00 9.1770E+00
4.2120E+03 2.0741E+00 9.1760E+00
4.2177E+03 2.0738E+00 9.1750E+00
4.2234E+03 2.0735E+00 9.1740E+00
4.2291E+03 2.0733E+00 9.1730E+00
4.2348E+03 2.0730E+00 9.1720E+00
4.2405E+03 2.0728E+00 9.1710E+00
4.2462E+03 2.0725E+00 9.1700E+00
4.2519E+03 2.0722E+00 9.1690E+00
4.2576E+03 2.0720E+00 9.1680E+00
4.2633E+03 2.0717E+00 9.1670E+00
4.2690E+03 2.0715E+00 9.1660E+00
4.2747E+03 2.0712E+00 9.1650E+00
4.2804E+03 2.0710E+00 9.1640E+00
4.2861E+03 2.0707E+00 9.1630E+00
4.2918E+03 2.0704E+00 9.1610E+00
4.2975E+03 2.0702E+00 9.1600E+00
4.3032E+03 2.0699E+00 9.1590E+00
4.3089E+03 2.0697E+00 9.1580E+00
4.3146E+03 2.0694E+00 9.1570E+00
4.3203E+03 2.0692E+00 9.1560E+00
4.3260E+03 2.0689E+00 9.1550E+00
4.3317E+03 2.0686E+00 9.1540E+00
4.3374E+03 2.0684E+00 9.1530E+00
4.3431E+03 2.0681E+00 9.1520E+00
4.3488E+03 2.0679E+00 9.1510E+00
4.3545E+03 2.0676E+00 9.1500E+00
4.3602E+03 2.0674E+00 9.1490E+00
4.3659E+03 2.0671E+00 9.1480E+00
4.3716E+03 2.0669E+00 9.1470E+00
4.3773E+03 2.0666E+00 9.1460E+00
4.3830E+03 2.0664E+00 9.1450E+00
4.3887E+03 2.0661E+00 9.1440E+00
4.3944E+03 2.0659E+00 9.1430E+00
4.4001E+03 2.0656E+00 9.1420E+00
4.4058E+03 2.0654E+00 9.1410E+00
4.4115E+03 2.0651E+00 9.1400E+00
4.4172E+03 2.0649E+00 9.1390E+00
4.4228E+03 2.0646E+00 9.1380E+00
4.4285E+03 2.0644E+00 9.1370E+00
4.4342E+03 2.0641E+00 9.1360E+00
4.4399E+03 2.0639E+00 9.1350E+00
4.4456E+03 2.0636E+00 9.1340E+00
4.4513E+03 2.0634E+00 9.1330E+00
4.4570E+03 2.0631E+00 9.1320E+00
4.4627E+03 2.0629E+00 9.1310E+00
4.4684E+03 2.0626E+00 9.1300E+00
4.4741E+03 2.0624E+00 9.1290E+00
4.4798E+03 2.0621E+00 9.1280E+00
4.4855E+03 2.0619E+00 9.1270E+00
4.4912E+03 2.0616E+00 9.1260E+00
4.4969E+03 2.0614E+00 9.1250E+00
4.5026E+03 2.0611E+00 9.1240E+00
4.5083E+03 2.0609E+00 9.1230E+00
4.5140E+03 2.0606E+00 9.1220E+00
4.5197E+03 2.0604E+00 9.1210E+00
4.5254E+03 2.0601E+00 9.1200E+00
4.5311E+03 2.0599E+00 9.1190E+00
4.5368E+03 2.0597E+00 9.1180E+00
4.5425E+03 2.0594E+00 9.1180E+00
4.5482E+03 2.0592E+00 9.1170E+00
4.5539E+03 2.0589E+00 9.1160E+00
4.5596E+03 2.0587E+00 9.1150E+00
4.5653E+03 2.0584E+00 9.1140E+00
4.5710E+03 2.0582E+00 9.1130E+00
4.5767E+03 2.0580E+00 9.1120E+00
4.5824E+03 2.0577E+00 9.1110E+00
4.5881E+03 2.0575E+00 9.1100E+00
4.5938E+03 2.0572E+00 9.1090E+00
4.5995E+03 2.0570E+00 9.1080E+00
4.6052E+03 2.0567E+00 9.1070E+00
4.6109E+03 2.0565E+00 9.1060E+00
4.6166E+03 2.0563E+00 9.1050E+00
4.6223E+03 2.0560E+00 9.1040E+00
4.6280E+03 2.0558E+00 9.1030E+00
4.6337E+03 2.0555E+00 9.1020E+00
4.6394E+03 2.0553E+00 9.1010E+00
4.6451E+03 2.0551E+00 9.1010E+00
4.6508E+03 2.0548E+00 9.1000E+00
4.6565E+03 2.0546E+00 9.0990E+00
4.6622E+03 2.0544E+00 9.0980E+00
4.6679E+03 2.0541E+00 9.0970E+00
4.6736E+03 2.0539E+00 9.0960E+00
4.6793E+03 2.0536E+00 9.0950E+00
4.6850E+03 2.0534E+00 9.0940E+00
4.6907E+03 2.0532E+00 9.0930E+00
4.6964E+03 2.0529E+00 9.0920E+00
4.7021E+03 2.0527E+00 9.0910E+00
4.7078E+03 2.0525E+00 9.0900E+00
4.7135E+03 2.0522E+00 9.0900E+00
4.7192E+03 2.0520E+00 9.0890E+00
4.7249E+03 2.0518E+00 9.0880E+00
4.7306E+03 2.0515E+00 9.0870E+00
4.7363E+03 2.0513E+00 9.0860E+00
4.7420E+03 2.0510E+00 9.0850E+00
4.7477E+03 2.0508E+00 9.0840E+00
4.7534E+03 2.0506E+00 9.0830E+00
4.7591E+03 2.0503E+00 9.0820E+00
4.7648E+03 2.0501E+00 9.0810E+00
4.7705E+03 2.0499E+00 9.0810E+00
4.7762E+03 2.0496E+00 9.0800E+00
4.7819E+03 2.0494E+00 9.0790E+00
4.7876E+03 2.0492E+00 9.0780E+00
4.7933E+03 2.0489E+00 9.0770E+00
4.7990E+03 2.0487E+00 9.0760E+00
4.8047E+03 2.0485E+00 9.0750E+00
4.8104E+03 2.0483E+00 9.0740E+00
4.8161E+03 2.0480E+00 9.0730E+00
4.8218E+03 2.0478E+00 9.0730E+00
4.8275E+03 2.0476E+00 9.0720E+00
4.8332E+03 2.0473E+00 9.0710E+00
4.8389E+03 2.0471E+00 9.0700E+00
4.8446E+03 2.0469E+00 9.0690E+00
4.8503E+03 2.0466E+00 9.0680E+00
4.8560E+03 2.0464E+00 9.0670E+00
4.8617E+03 2.0462E+00 9.0660E+00
4.8674E+03 2.0460E+00 9.0660E+00
4.8731E+03 2.0457E+00 9.0650E+00
4.8788E+03 2.0455E+00 9.0640E+00
4.8845E+03 2.0453E+00 9.0630E+00
4.8902E+03 2.0450E+00 9.0620E+00
4.8959E+03 2.0448E+00 9.0610E+00
4.9016E+03 2.0446E+00 9.0600E+00
4.9073E+03 2.0444E+00 9.0600E+00
4.9130E+03 2.0441E+00 9.0590E+00
4.9186E+03 2.0439E+00 9.0580E+00
4.9243E+03 2.0437E+00 9.0570E+00
4.9300E+03 2.0435E+00 9.0560E+00
4.9357E+03 2.0432E+00 9.0550E+00
4.9414E+03 2.0430E+00 9.0540E+00
4.9471E+03 2.0428E+00 9.0540E+00
4.9528E+03 2.0426E+00 9.0530E+00
4.9585E+03 2.0423E+00 9.0520E+00
4.9642E+03 2.0421E+00 9.0510E+00
4.9699E+03 2.0419E+00 9.0500E+00
4.9756E+03 2.0417E+00 9.0490E+00
4.9813E+03 2.0414E+00 9.0490E+00
4.9870E+03 2.0412E+00 9.0480E+00
4.9927E+03 2.0410E+00 9.0470E+00
4.9984E+03 2.0408E+00 9.0460E+00
5.0041E+03 2.0405E+00 9.0450E+00
5.0098E+03 2.0403E+00 9.0440E+00
5.0155E+03 2.0401E+00 9.0440E+00
5.0212E+03 2.0399E+00 9.0430E+00
5.0269E+03 2.0397E+00 9.0420E+00
5.0326E+03 2.0394E+00 9.0410E+00
5.0383E+03 2.0392E+00 9.0400E+00
5.0440E+03 2.0390E+00 9.0390E+00
5.0497E+03 2.0388E+00 9.0390E+00
5.0554E+03 2.0386E+00 9.0380E+00
5.0611E+03 2.0383E+00 9.0370E+00
5.0668E+03 2.0381E+00 9.0360E+00
5.0725E+03 2.0379E+00 9.0350E+00
5.0782E+03 2.0377E+00 9.0350E+00
5.0839E+03 2.0375E+00 9.0340E+00
5.0896E+03 2.0372E+00 9.0330E+00
5.0953E+03 2.0370E+00 9.0320E+00
5.1010E+03 2.0368E+00 9.0310E+00
5.1067E+03 2.0366E+00 9.0310E+00
5.1124E+03 2.0364E+00 9.0300E+00
5.1181E+03 2.0361E+00 9.0290E+00
5.1238E+03 2.0359E+00 9.0280E+00
5.1295E+03 2.0357E+00 9.0270E+00
5.1352E+03 2.0355E+00 9.0260E+00
5.1409E+03 2.0353E+00 9.0260E+00
5.1466E+03 2.0351E+00 9.0250E+00
5.1523E+03 2.0348E+00 9.0240E+00
5.1580E+03 2.0346E+00 9.0230E+00
5.1637E+03 2.0344E+00 9.0230E+00
5.1694E+03 2.0342E+00 9.0220E+00
5.1751E+03 2.0340E+00 9.0210E+00
5.1808E+03 2.0338E+00 9.0200E+00
5.1865E+03 2.0336E+00 9.0190E+00
5.1922E+03 2.0333E+00 9.0190E+00
5.1979E+03 2.0331E+00 9.0180E+00
5.2036E+03 2.0329E+00 9.0170E+00
5.2093E+03 2.0327E+00 9.0160E+00
5.2150E+03 2.0325E+00 9.0150E+00
5.2207E+03 2.0323E+00 9.0150E+00
5.2264E+03 2.0321E+00 9.0140E+00
5.2321E+03 2.0318E+00 9.0130E+00
5.2378E+03 2.0316E+00 9.0120E+00
5.2435E+03 2.0314E+00 9.0120E+00
5.2492E+03 2.0312E+00 9.0110E+00
5.2549E+03 2.0310E+00 9.0100E+00
5.2606E+03 2.0308E+00 9.0090E+00
5.2663E+03 2.0306E+00 9.0080E+00
5.2720E+03 2.0304E+00 9.0080E+00
5.2777E+03 2.0301E+00 9.0070E+00
5.2834E+03 2.0299E+00 9.0060E+00
5.2891E+03 2.0297E+00 9.0050E+00
5.2948E+03 2.0295E+00 9.0050E+00
5.3005E+03 2.0293E+00 9.0040E+00
5.3062E+03 2.0291E+00 9.0030E+00
5.3119E+03 2.0289E+00 9.0020E+00
5.3176E+03 2.0287E+00 9.0020E+00
5.3233E+03 2.0285E+00 9.0010E+00
5.3290E+03 2.0283E+00 9.0000E+00
5.3347E+03 2.0280E+00 8.9990E+00
5.3404E+03 2.0278E+00 8.9990E+00
5.3461E+03 2.0276E+00 8.9980E+00
5.3518E+03 2.0274E+00 8.9970E+00
5.3575E+03 2.0272E+00 8.9960E+00
5.3632E+03 2.0270E+00 8.9960E+00
5.3689E+03 2.0268E+00 8.9950E+00
5.3746E+03 2.0266E+00 8.9940E+00
5.3803E+03 2.0264E+00 8.9930E+00
5.3860E+03 2.0262E+00 8.9930E+00
5.3917E+03 2.0260E+00 8.9920E+00
5.3974E+03 2.0258E+00 8.9910E+00
5.4031E+03 2.0256E+00 8.9900E+00
5.4087E+03 2.0254E+00 8.9900E+00
5.4144E+03 2.0251E+00 8.9890E+00
5.4201E+03 2.0249E+00 8.9880E+00
5.4258E+03 2.0247E+00 8.9870E+00
5.4315E+03 2.0245E+00 8.9870E+00
5.4372E+03 2.0243E+00 8.9860E+00
5.4429E+03 2.0241E+00 8.9850E+00
5.4486E+03 2.0239E+00 8.9840E+00
5.4543E+03 2.0237E+00 8.9840E+00
5.4600E+03 2.0235E+00 8.9830E+00
5.4657E+03 2.0233E+00 8.9820E+00
5.4714E+03 2.0231E+00 8.9820E+00
5.4771E+03 2.0229E+00 8.9810E+00
5.4828E+03 2.0227E+00 8.9800E+00
5.4885E+03 2.0225E+00 8.9790E+00
5.4942E+03 2.0223E+00 8.9790E+00
5.4999E+03 2.0221E+00 8.9780E+00
5.5056E+03 2.0219E+00 8.9770E+00
5.5113E+03 2.0217E+00 8.9760E+00
5.5170E+03 2.0215E+00 8.9760E+00
5.5227E+03 2.0213E+00 8.9750E+00
5.5284E+03 2.0211E+00 8.9740E+00
5.5341E+03 2.0209E+00 8.9740E+00
5.5398E+03 2.0207E+00 8.9730E+00
5.5455E+03 2.0205E+00 8.9720E+00
5.5512E+03 2.0203E+00 8.9710E+00
5.5569E+03 2.0201E+00 8.9710E+00
5.5626E+03 2.0199E+00 8.9700E+00
5.5683E+03 2.0197E+00 8.9690E+00
5.5740E+03 2.0195E+00 8.9690E+00
5.5797E+03 2.0193E+00 8.9680E+00
5.5854E+03 2.0191E+00 8.9670E+00
5.5911E+03 2.0189E+00 8.9660E+00
5.5968E+03 2.0187E+00 8.9660E+00
5.6025E+03 2.0185E+00 8.9650E+00
5.6082E+03 2.0183E+00 8.9640E+00
5.6139E+03 2.0181E+00 8.9640E+00
5.6196E+03 2.0179E+00 8.9630E+00
5.6253E+03 2.0177E+00 8.9620E+00
5.6310E+03 2.0175E+00 8.9620E+00
5.6367E+03 2.0173E+00 8.9610E+00
5.6424E+03 2.0171E+00 8.9600E+00
5.6481E+03 2.0169E+00 8.9600E+00
5.6538E+03 2.0167E+00 8.9590E+00
5.6595E+03 2.0165E+00 8.9580E+00
5.6652E+03 2.0163E+00 8.9570E+00
5.6709E+03 2.0161E+00 8.9570E+00
5.6766E+03 2.0159E+00 8.9560E+00
5.6823E+03 2.0157E+00 8.9550E+00
5.6880E+03 2.0155E+00 8.9550E+00
5.6937E+03 2.0153E+00 8.9540E+00
5.6994E+03 2.0151E+00 8.9530E+00
