6.2415E+00 3.9262E-01 1.3127E+01
1.4111E+01 6.6861E-01 1.2671E+01
2.1980E+01 8.6953E-01 1.2642E+01
2.9850E+01 1.0273E+00 1.2648E+01
3.7719E+01 1.1561E+00 1.2651E+01
4.5589E+01 1.2642E+00 1.2646E+01
5.3458E+01 1.3565E+00 1.2635E+01
6.1328E+01 1.4364E+00 1.2619E+01
6.9197E+01 1.5065E+00 1.2598E+01
7.7067E+01 1.5684E+00 1.2575E+01
8.4936E+01 1.6236E+00 1.2550E+01
9.2806E+01 1.6731E+00 1.2523E+01
1.0068E+02 1.7178E+00 1.2495E+01
1.0854E+02 1.7582E+00 1.2467E+01
1.1641E+02 1.7950E+00 1.2438E+01
1.2428E+02 1.8287E+00 1.2409E+01
1.3215E+02 1.8595E+00 1.2379E+01
1.4002E+02 1.8879E+00 1.2350E+01
1.4789E+02 1.9141E+00 1.2321E+01
1.5576E+02 1.9383E+00 1.2292E+01
1.6363E+02 1.9607E+00 1.2263E+01
1.7150E+02 1.9816E+00 1.2235E+01
1.7937E+02 2.0010E+00 1.2207E+01
1.8724E+02 2.0190E+00 1.2179E+01
1.9511E+02 2.0359E+00 1.2152E+01
2.0298E+02 2.0517E+00 1.2125E+01
2.1085E+02 2.0665E+00 1.2098E+01
2.1872E+02 2.0804E+00 1.2072E+01
2.2659E+02 2.0935E+00 1.2046E+01
2.3446E+02 2.1057E+00 1.2020E+01
2.4233E+02 2.1173E+00 1.1995E+01
2.5020E+02 2.1281E+00 1.1971E+01
2.5807E+02 2.1384E+00 1.1946E+01
2.6593E+02 2.1481E+00 1.1922E+01
2.7380E+02 2.1572E+00 1.1899E+01
2.8167E+02 2.1659E+00 1.1876E+01
2.8954E+02 2.1741E+00 1.1853E+01
2.9741E+02 2.1818E+00 1.1830E+01
3.0528E+02 2.1892E+00 1.1808E+01
3.1315E+02 2.1961E+00 1.1786E+01
3.2102E+02 2.2027E+00 1.1765E+01
3.2889E+02 2.2090E+00 1.1744E+01
3.3676E+02 2.2149E+00 1.1723E+01
3.4463E+02 2.2206E+00 1.1702E+01
3.5250E+02 2.2260E+00 1.1682E+01
3.6037E+02 2.2311E+00 1.1662E+01
3.6824E+02 2.2359E+00 1.1643E+01
3.7611E+02 2.2406E+00 1.1623E+01
3.8398E+02 2.2450E+00 1.1604E+01
3.9185E+02 2.2491E+00 1.1585E+01
3.9972E+02 2.2531E+00 1.1567E+01
4.0759E+02 2.2569E+00 1.1549E+01
4.1545E+02 2.2605E+00 1.1531E+01
4.2332E+02 2.2640E+00 1.1513E+01
4.3119E+02 2.2673E+00 1.1495E+01
4.3906E+02 2.2704E+00 1.1478E+01
4.4693E+02 2.2734E+00 1.1461E+01
4.5480E+02 2.2762E+00 1.1444E+01
4.6267E+02 2.2789E+00 1.1427E+01
4.7054E+02 2.2815E+00 1.1411E+01
4.7841E+02 2.2839E+00 1.1395E+01
4.8628E+02 2.2863E+00 1.1379E+01
4.9415E+02 2.2885E+00 1.1363E+01
5.0202E+02 2.2906E+00 1.1348E+01
5.0989E+02 2.2927E+00 1.1332E+01
5.1776E+02 2.2946E+00 1.1317E+01
5.2563E+02 2.2964E+00 1.1302E+01
5.3350E+02 2.2982E+00 1.1287E+01
5.4137E+02 2.2998E+00 1.1272E+01
5.4924E+02 2.3014E+00 1.1258E+01
5.5711E+02 2.3029E+00 1.1244E+01
5.6498E+02 2.3043E+00 1.1230E+01
5.7284E+02 2.3057E+00 1.1216E+01
5.8071E+02 2.3070E+00 1.1202E+01
5.8858E+02 2.3082E+00 1.1188E+01
5.9645E+02 2.3093E+00 1.1175E+01
6.0432E+02 2.3104E+00 1.1161E+01
6.1219E+02 2.3115E+00 1.1148E+01
6.2006E+02 2.3124E+00 1.1135E+01
6.2793E+02 2.3134E+00 1.1122E+01
6.3580E+02 2.3143E+00 1.1109E+01
6.4367E+02 2.3151E+00 1.1097E+01
6.5154E+02 2.3159E+00 1.1084E+01
6.5941E+02 2.3166E+00 1.1072E+01
6.6728E+02 2.3173E+00 1.1060E+01
6.7515E+02 2.3179E+00 1.1048E+01
6.8302E+02 2.3185E+00 1.1036E+01
6.9089E+02 2.3191E+00 1.1024E+01
6.9876E+02 2.3196E+00 1.1012E+01
7.0663E+02 2.3201E+00 1.1001E+01
7.1450E+02 2.3205E+00 1.0989E+01
7.2236E+02 2.3210E+00 1.0978E+01
7.3023E+02 2.3213E+00 1.0966E+01
7.3810E+02 2.3217E+00 1.0955E+01
7.4597E+02 2.3220E+00 1.0944E+01
7.5384E+02 2.3223E+00 1.0933E+01
7.6171E+02 2.3226E+00 1.0923E+01
7.6958E+02 2.3228E+00 1.0912E+01
7.7745E+02 2.3230E+00 1.0901E+01
7.8532E+02 2.3232E+00 1.0891E+01
7.9319E+02 2.3234E+00 1.0880E+01
8.0106E+02 2.3235E+00 1.0870E+01
8.0893E+02 2.3236E+00 1.0860E+01
8.1680E+02 2.3237E+00 1.0850E+01
8.2467E+02 2.3238E+00 1.0840E+01
8.3254E+02 2.3238E+00 1.0830E+01
8.4041E+02 2.3238E+00 1.0820E+01
8.4828E+02 2.3238E+00 1.0810E+01
8.5615E+02 2.3238E+00 1.0800E+01
8.6402E+02 2.3238E+00 1.0791E+01
8.7189E+02 2.3237E+00 1.0781E+01
8.7975E+02 2.3237E+00 1.0772E+01
8.8762E+02 2.3236E+00 1.0762E+01
8.9549E+02 2.3235E+00 1.0753E+01
9.0336E+02 2.3234E+00 1.0744E+01
9.1123E+02 2.3232E+00 1.0735E+01
9.1910E+02 2.3231E+00 1.0726E+01
9.2697E+02 2.3229E+00 1.0717E+01
9.3484E+02 2.3228E+00 1.0708E+01
9.4271E+02 2.3226E+00 1.0699E+01
9.5058E+02 2.3224E+00 1.0691E+01
9.5845E+02 2.3222E+00 1.0682E+01
9.6632E+02 2.3219E+00 1.0673E+01
9.7419E+02 2.3217E+00 1.0665E+01
9.8206E+02 2.3214E+00 1.0656E+01
9.8993E+02 2.3212E+00 1.0648E+01
9.9780E+02 2.3209E+00 1.0640E+01
1.0057E+03 2.3206E+00 1.0631E+01
1.0135E+03 2.3203E+00 1.0623E+01
1.0214E+03 2.3200E+00 1.0615E+01
1.0293E+03 2.3197E+00 1.0607E+01
1.0371E+03 2.3194E+00 1.0599E+01
1.0450E+03 2.3191E+00 1.0591E+01
1.0529E+03 2.3188E+00 1.0583E+01
1.0608E+03 2.3184E+00 1.0575E+01
1.0686E+03 2.3181E+00 1.0568E+01
1.0765E+03 2.3177E+00 1.0560E+01
1.0844E+03 2.3173E+00 1.0552E+01
1.0922E+03 2.3170E+00 1.0545E+01
1.1001E+03 2.3166E+00 1.0537E+01
1.1080E+03 2.3162E+00 1.0530E+01
1.1158E+03 2.3158E+00 1.0522E+01
1.1237E+03 2.3154E+00 1.0515E+01
1.1316E+03 2.3150E+00 1.0508E+01
1.1394E+03 2.3146E+00 1.0501E+01
1.1473E+03 2.3142E+00 1.0493E+01
1.1552E+03 2.3138E+00 1.0486E+01
1.1631E+03 2.3133E+00 1.0479E+01
1.1709E+03 2.3129E+00 1.0472E+01
1.1788E+03 2.3125E+00 1.0465E+01
1.1867E+03 2.3120E+00 1.0458E+01
1.1945E+03 2.3116E+00 1.0451E+01
1.2024E+03 2.3111E+00 1.0444E+01
1.2103E+03 2.3106E+00 1.0438E+01
1.2181E+03 2.3102E+00 1.0431E+01
1.2260E+03 2.3097E+00 1.0424E+01
1.2339E+03 2.3092E+00 1.0417E+01
1.2418E+03 2.3088E+00 1.0411E+01
1.2496E+03 2.3083E+00 1.0404E+01
1.2575E+03 2.3078E+00 1.0398E+01
1.2654E+03 2.3073E+00 1.0391E+01
1.2732E+03 2.3068E+00 1.0385E+01
1.2811E+03 2.3063E+00 1.0378E+01
1.2890E+03 2.3059E+00 1.0372E+01
1.2968E+03 2.3054E+00 1.0366E+01
1.3047E+03 2.3049E+00 1.0359E+01
1.3126E+03 2.3044E+00 1.0353E+01
1.3204E+03 2.3038E+00 1.0347E+01
1.3283E+03 2.3033E+00 1.0341E+01
1.3362E+03 2.3028E+00 1.0335E+01
1.3441E+03 2.3023E+00 1.0329E+01
1.3519E+03 2.3018E+00 1.0323E+01
1.3598E+03 2.3013E+00 1.0317E+01
1.3677E+03 2.3007E+00 1.0311E+01
1.3755E+03 2.3002E+00 1.0305E+01
1.3834E+03 2.2997E+00 1.0299E+01
1.3913E+03 2.2992E+00 1.0293E+01
1.3991E+03 2.2986E+00 1.0287E+01
1.4070E+03 2.2981E+00 1.0281E+01
1.4149E+03 2.2976E+00 1.0276E+01
1.4227E+03 2.2970E+00 1.0270E+01
1.4306E+03 2.2965E+00 1.0264E+01
1.4385E+03 2.2960E+00 1.0259E+01
1.4464E+03 2.2954E+00 1.0253E+01
1.4542E+03 2.2949E+00 1.0248E+01
1.4621E+03 2.2943E+00 1.0242E+01
1.4700E+03 2.2938E+00 1.0237E+01
1.4778E+03 2.2933E+00 1.0231E+01
1.4857E+03 2.2927E+00 1.0226E+01
1.4936E+03 2.2922E+00 1.0220E+01
1.5014E+03 2.2916E+00 1.0215E+01
1.5093E+03 2.2911E+00 1.0209E+01
1.5172E+03 2.2905E+00 1.0204E+01
1.5251E+03 2.2900E+00 1.0199E+01
1.5329E+03 2.2894E+00 1.0194E+01
1.5408E+03 2.2889E+00 1.0188E+01
1.5487E+03 2.2883E+00 1.0183E+01
1.5565E+03 2.2877E+00 1.0178E+01
1.5644E+03 2.2872E+00 1.0173E+01
1.5723E+03 2.2866E+00 1.0168E+01
1.5801E+03 2.2861E+00 1.0163E+01
1.5880E+03 2.2855E+00 1.0158E+01
1.5959E+03 2.2850E+00 1.0153E+01
1.6037E+03 2.2844E+00 1.0148E+01
1.6116E+03 2.2838E+00 1.0143E+01
1.6195E+03 2.2833E+00 1.0138E+01
1.6274E+03 2.2827E+00 1.0133E+01
1.6352E+03 2.2822E+00 1.0128E+01
1.6431E+03 2.2816E+00 1.0123E+01
1.6510E+03 2.2810E+00 1.0118E+01
1.6588E+03 2.2805E+00 1.0114E+01
1.6667E+03 2.2799E+00 1.0109E+01
1.6746E+03 2.2794E+00 1.0104E+01
1.6824E+03 2.2788E+00 1.0099E+01
1.6903E+03 2.2782E+00 1.0095E+01
1.6982E+03 2.2777E+00 1.0090E+01
1.7061E+03 2.2771E+00 1.0085E+01
1.7139E+03 2.2766E+00 1.0081E+01
1.7218E+03 2.2760E+00 1.0076E+01
1.7297E+03 2.2754E+00 1.0071E+01
1.7375E+03 2.2749E+00 1.0067E+01
1.7454E+03 2.2743E+00 1.0062E+01
1.7533E+03 2.2737E+00 1.0058E+01
1.7611E+03 2.2732E+00 1.0053E+01
1.7690E+03 2.2726E+00 1.0049E+01
1.7769E+03 2.2721E+00 1.0044E+01
1.7847E+03 2.2715E+00 1.0040E+01
1.7926E+03 2.2709E+00 1.0036E+01
1.8005E+03 2.2704E+00 1.0031E+01
1.8084E+03 2.2698E+00 1.0027E+01
1.8162E+03 2.2693E+00 1.0023E+01
1.8241E+03 2.2687E+00 1.0018E+01
1.8320E+03 2.2681E+00 1.0014E+01
1.8398E+03 2.2676E+00 1.0010E+01
1.8477E+03 2.2670E+00 1.0006E+01
1.8556E+03 2.2665E+00 1.0001E+01
1.8634E+03 2.2659E+00 9.9970E+00
1.8713E+03 2.2653E+00 9.9930E+00
1.8792E+03 2.2648E+00 9.9890E+00
1.8870E+03 2.2642E+00 9.9850E+00
1.8949E+03 2.2637E+00 9.9810E+00
1.9028E+03 2.2631E+00 9.9760E+00
1.9107E+03 2.2625E+00 9.9720E+00
1.9185E+03 2.2620E+00 9.9680E+00
1.9264E+03 2.2614E+00 9.9640E+00
1.9343E+03 2.2609E+00 9.9600E+00
1.9421E+03 2.2603E+00 9.9560E+00
1.9500E+03 2.2598E+00 9.9520E+00
1.9579E+03 2.2592E+00 9.9480E+00
1.9657E+03 2.2587E+00 9.9440E+00
1.9736E+03 2.2581E+00 9.9400E+00
1.9815E+03 2.2576E+00 9.9370E+00
1.9894E+03 2.2570E+00 9.9330E+00
1.9972E+03 2.2565E+00 9.9290E+00
2.0051E+03 2.2559E+00 9.9250E+00
2.0130E+03 2.2553E+00 9.9210E+00
2.0208E+03 2.2548E+00 9.9170E+00
2.0287E+03 2.2543E+00 9.9130E+00
2.0366E+03 2.2537E+00 9.9100E+00
2.0444E+03 2.2532E+00 9.9060E+00
2.0523E+03 2.2526E+00 9.9020E+00
2.0602E+03 2.2521E+00 9.8980E+00
2.0680E+03 2.2515E+00 9.8950E+00
2.0759E+03 2.2510E+00 9.8910E+00
2.0838E+03 2.2504E+00 9.8870E+00
2.0917E+03 2.2499E+00 9.8840E+00
2.0995E+03 2.2493E+00 9.8800E+00
2.1074E+03 2.2488E+00 9.8760E+00
2.1153E+03 2.2483E+00 9.8730E+00
2.1231E+03 2.2477E+00 9.8690E+00
2.1310E+03 2.2472E+00 9.8660E+00
2.1389E+03 2.2466E+00 9.8620E+00
2.1467E+03 2.2461E+00 9.8590E+00
2.1546E+03 2.2455E+00 9.8550E+00
2.1625E+03 2.2450E+00 9.8510E+00
2.1704E+03 2.2445E+00 9.8480E+00
2.1782E+03 2.2439E+00 9.8450E+00
2.1861E+03 2.2434E+00 9.8410E+00
2.1940E+03 2.2429E+00 9.8380E+00
2.2018E+03 2.2423E+00 9.8340E+00
2.2097E+03 2.2418E+00 9.8310E+00
2.2176E+03 2.2413E+00 9.8270E+00
2.2254E+03 2.2407E+00 9.8240E+00
2.2333E+03 2.2402E+00 9.8210E+00
2.2412E+03 2.2397E+00 9.8170E+00
2.2490E+03 2.2391E+00 9.8140E+00
2.2569E+03 2.2386E+00 9.8100E+00
2.2648E+03 2.2381E+00 9.8070E+00
2.2727E+03 2.2376E+00 9.8040E+00
2.2805E+03 2.2370E+00 9.8010E+00
2.2884E+03 2.2365E+00 9.7970E+00
2.2963E+03 2.2360E+00 9.7940E+00
2.3041E+03 2.2355E+00 9.7910E+00
2.3120E+03 2.2349E+00 9.7870E+00
2.3199E+03 2.2344E+00 9.7840E+00
2.3277E+03 2.2339E+00 9.7810E+00
2.3356E+03 2.2334E+00 9.7780E+00
2.3435E+03 2.2328E+00 9.7750E+00
2.3513E+03 2.2323E+00 9.7710E+00
2.3592E+03 2.2318E+00 9.7680E+00
2.3671E+03 2.2313E+00 9.7650E+00
2.3750E+03 2.2308E+00 9.7620E+00
2.3828E+03 2.2303E+00 9.7590E+00
2.3907E+03 2.2297E+00 9.7560E+00
2.3986E+03 2.2292E+00 9.7530E+00
2.4064E+03 2.2287E+00 9.7500E+00
2.4143E+03 2.2282E+00 9.7460E+00
2.4222E+03 2.2277E+00 9.7430E+00
2.4300E+03 2.2272E+00 9.7400E+00
2.4379E+03 2.2267E+00 9.7370E+00
2.4458E+03 2.2261E+00 9.7340E+00
2.4537E+03 2.2256E+00 9.7310E+00
2.4615E+03 2.2251E+00 9.7280E+00
2.4694E+03 2.2246E+00 9.7250E+00
2.4773E+03 2.2241E+00 9.7220E+00
2.4851E+03 2.2236E+00 9.7190E+00
2.4930E+03 2.2231E+00 9.7160E+00
2.5009E+03 2.2226E+00 9.7130E+00
2.5087E+03 2.2221E+00 9.7110E+00
2.5166E+03 2.2216E+00 9.7080E+00
2.5245E+03 2.2211E+00 9.7050E+00
2.5323E+03 2.2206E+00 9.7020E+00
2.5402E+03 2.2201E+00 9.6990E+00
2.5481E+03 2.2196E+00 9.6960E+00
2.5560E+03 2.2191E+00 9.6930E+00
2.5638E+03 2.2186E+00 9.6900E+00
2.5717E+03 2.2181E+00 9.6870E+00
2.5796E+03 2.2176E+00 9.6850E+00
2.5874E+03 2.2171E+00 9.6820E+00
2.5953E+03 2.2166E+00 9.6790E+00
2.6032E+03 2.2161E+00 9.6760E+00
2.6110E+03 2.2156E+00 9.6730E+00
2.6189E+03 2.2151E+00 9.6710E+00
2.6268E+03 2.2146E+00 9.6680E+00
2.6347E+03 2.2142E+00 9.6650E+00
2.6425E+03 2.2137E+00 9.6620E+00
2.6504E+03 2.2132E+00 9.6600E+00
2.6583E+03 2.2127E+00 9.6570E+00
2.6661E+03 2.2122E+00 9.6540E+00
2.6740E+03 2.2117E+00 9.6510E+00
2.6819E+03 2.2112E+00 9.6490E+00
2.6897E+03 2.2108E+00 9.6460E+00
2.6976E+03 2.2103E+00 9.6430E+00
2.7055E+03 2.2098E+00 9.6410E+00
2.7133E+03 2.2093E+00 9.6380E+00
2.7212E+03 2.2088E+00 9.6350E+00
2.7291E+03 2.2083E+00 9.6330E+00
2.7370E+03 2.2079E+00 9.6300E+00
2.7448E+03 2.2074E+00 9.6270E+00
2.7527E+03 2.2069E+00 9.6250E+00
2.7606E+03 2.2064E+00 9.6220E+00
2.7684E+03 2.2060E+00 9.6200E+00
2.7763E+03 2.2055E+00 9.6170E+00
2.7842E+03 2.2050E+00 9.6150E+00
2.7920E+03 2.2045E+00 9.6120E+00
2.7999E+03 2.2041E+00 9.6090E+00
2.8078E+03 2.2036E+00 9.6070E+00
2.8156E+03 2.2031E+00 9.6040E+00
2.8235E+03 2.2027E+00 9.6020E+00
2.8314E+03 2.2022E+00 9.5990E+00
2.8393E+03 2.2017E+00 9.5970E+00
2.8471E+03 2.2012E+00 9.5940E+00
2.8550E+03 2.2008E+00 9.5920E+00
2.8629E+03 2.2003E+00 9.5890E+00
2.8707E+03 2.1999E+00 9.5870E+00
2.8786E+03 2.1994E+00 9.5840E+00
2.8865E+03 2.1989E+00 9.5820E+00
2.8943E+03 2.1985E+00 9.5790E+00
2.9022E+03 2.1980E+00 9.5770E+00
2.9101E+03 2.1975E+00 9.5750E+00
2.9180E+03 2.1971E+00 9.5720E+00
2.9258E+03 2.1966E+00 9.5700E+00
2.9337E+03 2.1962E+00 9.5670E+00
2.9416E+03 2.1957E+00 9.5650E+00
2.9494E+03 2.1952E+00 9.5630E+00
2.9573E+03 2.1948E+00 9.5600E+00
2.9652E+03 2.1943E+00 9.5580E+00
2.9730E+03 2.1939E+00 9.5550E+00
2.9809E+03 2.1934E+00 9.5530E+00
2.9888E+03 2.1930E+00 9.5510E+00
2.9966E+03 2.1925E+00 9.5480E+00
3.0045E+03 2.1921E+00 9.5460E+00
3.0124E+03 2.1916E+00 9.5440E+00
3.0203E+03 2.1912E+00 9.5410E+00
3.0281E+03 2.1907E+00 9.5390E+00
3.0360E+03 2.1903E+00 9.5370E+00
3.0439E+03 2.1898E+00 9.5340E+00
3.0517E+03 2.1894E+00 9.5320E+00
3.0596E+03 2.1889E+00 9.5300E+00
3.0675E+03 2.1885E+00 9.5280E+00
3.0753E+03 2.1881E+00 9.5250E+00
3.0832E+03 2.1876E+00 9.5230E+00
3.0911E+03 2.1872E+00 9.5210E+00
3.0990E+03 2.1867E+00 9.5190E+00
3.1068E+03 2.1863E+00 9.5160E+00
3.1147E+03 2.1858E+00 9.5140E+00
3.1226E+03 2.1854E+00 9.5120E+00
3.1304E+03 2.1850E+00 9.5100E+00
3.1383E+03 2.1845E+00 9.5070E+00
3.1462E+03 2.1841E+00 9.5050E+00
3.1540E+03 2.1837E+00 9.5030E+00
3.1619E+03 2.1832E+00 9.5010E+00
3.1698E+03 2.1828E+00 9.4990E+00
3.1776E+03 2.1824E+00 9.4970E+00
3.1855E+03 2.1819E+00 9.4940E+00
3.1934E+03 2.1815E+00 9.4920E+00
3.2013E+03 2.1811E+00 9.4900E+00
3.2091E+03 2.1806E+00 9.4880E+00
3.2170E+03 2.1802E+00 9.4860E+00
3.2249E+03 2.1798E+00 9.4840E+00
3.2327E+03 2.1793E+00 9.4820E+00
3.2406E+03 2.1789E+00 9.4790E+00
3.2485E+03 2.1785E+00 9.4770E+00
3.2563E+03 2.1781E+00 9.4750E+00
3.2642E+03 2.1776E+00 9.4730E+00
3.2721E+03 2.1772E+00 9.4710E+00
3.2799E+03 2.1768E+00 9.4690E+00
3.2878E+03 2.1764E+00 9.4670E+00
3.2957E+03 2.1759E+00 9.4650E+00
3.3036E+03 2.1755E+00 9.4630E+00
3.3114E+03 2.1751E+00 9.4610E+00
3.3193E+03 2.1747E+00 9.4590E+00
3.3272E+03 2.1743E+00 9.4570E+00
3.3350E+03 2.1738E+00 9.4550E+00
3.3429E+03 2.1734E+00 9.4530E+00
3.3508E+03 2.1730E+00 9.4500E+00
3.3586E+03 2.1726E+00 9.4480E+00
3.3665E+03 2.1722E+00 9.4460E+00
3.3744E+03 2.1718E+00 9.4440E+00
3.3823E+03 2.1713E+00 9.4420E+00
3.3901E+03 2.1709E+00 9.4400E+00
3.3980E+03 2.1705E+00 9.4380E+00
3.4059E+03 2.1701E+00 9.4360E+00
3.4137E+03 2.1697E+00 9.4350E+00
3.4216E+03 2.1693E+00 9.4330E+00
3.4295E+03 2.1689E+00 9.4310E+00
3.4373E+03 2.1685E+00 9.4290E+00
3.4452E+03 2.1681E+00 9.4270E+00
3.4531E+03 2.1677E+00 9.4250E+00
3.4609E+03 2.1673E+00 9.4230E+00
3.4688E+03 2.1668E+00 9.4210E+00
3.4767E+03 2.1664E+00 9.4190E+00
3.4846E+03 2.1660E+00 9.4170E+00
3.4924E+03 2.1656E+00 9.4150E+00
3.5003E+03 2.1652E+00 9.4130E+00
3.5082E+03 2.1648E+00 9.4110E+00
3.5160E+03 2.1644E+00 9.4090E+00
3.5239E+03 2.1640E+00 9.4070E+00
3.5318E+03 2.1636E+00 9.4060E+00
3.5396E+03 2.1632E+00 9.4040E+00
3.5475E+03 2.1628E+00 9.4020E+00
3.5554E+03 2.1624E+00 9.4000E+00
3.5633E+03 2.1620E+00 9.3980E+00
3.5711E+03 2.1616E+00 9.3960E+00
3.5790E+03 2.1612E+00 9.3940E+00
3.5869E+03 2.1608E+00 9.3920E+00
3.5947E+03 2.1604E+00 9.3910E+00
3.6026E+03 2.1601E+00 9.3890E+00
3.6105E+03 2.1597E+00 9.3870E+00
3.6183E+03 2.1593E+00 9.3850E+00
3.6262E+03 2.1589E+00 9.3830E+00
3.6341E+03 2.1585E+00 9.3810E+00
3.6419E+03 2.1581E+00 9.3800E+00
3.6498E+03 2.1577E+00 9.3780E+00
3.6577E+03 2.1573E+00 9.3760E+00
3.6656E+03 2.1569E+00 9.3740E+00
3.6734E+03 2.1565E+00 9.3720E+00
3.6813E+03 2.1562E+00 9.3710E+00
3.6892E+03 2.1558E+00 9.3690E+00
3.6970E+03 2.1554E+00 9.3670E+00
3.7049E+03 2.1550E+00 9.3650E+00
3.7128E+03 2.1546E+00 9.3640E+00
3.7206E+03 2.1542E+00 9.3620E+00
3.7285E+03 2.1538E+00 9.3600E+00
3.7364E+03 2.1535E+00 9.3580E+00
3.7442E+03 2.1531E+00 9.3570E+00
3.7521E+03 2.1527E+00 9.3550E+00
3.7600E+03 2.1523E+00 9.3530E+00
3.7679E+03 2.1519E+00 9.3510E+00
3.7757E+03 2.1516E+00 9.3500E+00
3.7836E+03 2.1512E+00 9.3480E+00
3.7915E+03 2.1508E+00 9.3460E+00
3.7993E+03 2.1504E+00 9.3440E+00
3.8072E+03 2.1501E+00 9.3430E+00
3.8151E+03 2.1497E+00 9.3410E+00
3.8229E+03 2.1493E+00 9.3390E+00
3.8308E+03 2.1489E+00 9.3380E+00
3.8387E+03 2.1486E+00 9.3360E+00
3.8466E+03 2.1482E+00 9.3340E+00
3.8544E+03 2.1478E+00 9.3330E+00
3.8623E+03 2.1474E+00 9.3310E+00
3.8702E+03 2.1471E+00 9.3290E+00
3.8780E+03 2.1467E+00 9.3280E+00
3.8859E+03 2.1463E+00 9.3260E+00
3.8938E+03 2.1460E+00 9.3240E+00
3.9016E+03 2.1456E+00 9.3230E+00
3.9095E+03 2.1452E+00 9.3210E+00
3.9174E+03 2.1449E+00 9.3190E+00
3.9252E+03 2.1445E+00 9.3180E+00
3.9331E+03 2.1441E+00 9.3160E+00
3.9410E+03 2.1438E+00 9.3140E+00
3.9489E+03 2.1434E+00 9.3130E+00
3.9567E+03 2.1430E+00 9.3110E+00
3.9646E+03 2.1427E+00 9.3100E+00
3.9725E+03 2.1423E+00 9.3080E+00
3.9803E+03 2.1419E+00 9.3060E+00
3.9882E+03 2.1416E+00 9.3050E+00
3.9961E+03 2.1412E+00 9.3030E+00
4.0039E+03 2.1409E+00 9.3020E+00
4.0118E+03 2.1405E+00 9.3000E+00
4.0197E+03 2.1401E+00 9.2980E+00
4.0276E+03 2.1398E+00 9.2970E+00
4.0354E+03 2.1394E+00 9.2950E+00
4.0433E+03 2.1391E+00 9.2940E+00
4.0512E+03 2.1387E+00 9.2920E+00
4.0590E+03 2.1383E+00 9.2900E+00
4.0669E+03 2.1380E+00 9.2890E+00
4.0748E+03 2.1376E+00 9.2870E+00
4.0826E+03 2.1373E+00 9.2860E+00
4.0905E+03 2.1369E+00 9.2840E+00
4.0984E+03 2.1366E+00 9.2830E+00
4.1062E+03 2.1362E+00 9.2810E+00
4.1141E+03 2.1359E+00 9.2800E+00
4.1220E+03 2.1355E+00 9.2780E+00
4.1299E+03 2.1352E+00 9.2770E+00
4.1377E+03 2.1348E+00 9.2750E+00
4.1456E+03 2.1345E+00 9.2740E+00
4.1535E+03 2.1341E+00 9.2720E+00
4.1613E+03 2.1338E+00 9.2710E+00
4.1692E+03 2.1334E+00 9.2690E+00
4.1771E+03 2.1331E+00 9.2670E+00
4.1849E+03 2.1327E+00 9.2660E+00
4.1928E+03 2.1324E+00 9.2640E+00
4.2007E+03 2.1320E+00 9.2630E+00
4.2085E+03 2.1317E+00 9.2620E+00
4.2164E+03 2.1313E+00 9.2600E+00
4.2243E+03 2.1310E+00 9.2590E+00
4.2322E+03 2.1307E+00 9.2570E+00
4.2400E+03 2.1303E+00 9.2560E+00
4.2479E+03 2.1300E+00 9.2540E+00
4.2558E+03 2.1296E+00 9.2530E+00
4.2636E+03 2.1293E+00 9.2510E+00
4.2715E+03 2.1289E+00 9.2500E+00
4.2794E+03 2.1286E+00 9.2480E+00
4.2872E+03 2.1283E+00 9.2470E+00
4.2951E+03 2.1279E+00 9.2450E+00
4.3030E+03 2.1276E+00 9.2440E+00
4.3109E+03 2.1273E+00 9.2420E+00
4.3187E+03 2.1269E+00 9.2410E+00
4.3266E+03 2.1266E+00 9.2400E+00
4.3345E+03 2.1262E+00 9.2380E+00
4.3423E+03 2.1259E+00 9.2370E+00
4.3502E+03 2.1256E+00 9.2350E+00
4.3581E+03 2.1252E+00 9.2340E+00
4.3659E+03 2.1249E+00 9.2320E+00
4.3738E+03 2.1246E+00 9.2310E+00
4.3817E+03 2.1242E+00 9.2300E+00
4.3895E+03 2.1239E+00 9.2280E+00
4.3974E+03 2.1236E+00 9.2270E+00
4.4053E+03 2.1232E+00 9.2250E+00
4.4132E+03 2.1229E+00 9.2240E+00
4.4210E+03 2.1226E+00 9.2230E+00
4.4289E+03 2.1223E+00 9.2210E+00
4.4368E+03 2.1219E+00 9.2200E+00
4.4446E+03 2.1216E+00 9.2190E+00
4.4525E+03 2.1213E+00 9.2170E+00
4.4604E+03 2.1209E+00 9.2160E+00
4.4682E+03 2.1206E+00 9.2140E+00
4.4761E+03 2.1203E+00 9.2130E+00
4.4840E+03 2.1200E+00 9.2120E+00
4.4918E+03 2.1196E+00 9.2100E+00
4.4997E+03 2.1193E+00 9.2090E+00
4.5076E+03 2.1190E+00 9.2080E+00
4.5155E+03 2.1187E+00 9.2060E+00
4.5233E+03 2.1183E+00 9.2050E+00
4.5312E+03 2.1180E+00 9.2040E+00
4.5391E+03 2.1177E+00 9.2020E+00
4.5469E+03 2.1174E+00 9.2010E+00
4.5548E+03 2.1171E+00 9.2000E+00
4.5627E+03 2.1167E+00 9.1980E+00
4.5705E+03 2.1164E+00 9.1970E+00
4.5784E+03 2.1161E+00 9.1960E+00
4.5863E+03 2.1158E+00 9.1940E+00
4.5942E+03 2.1155E+00 9.1930E+00
4.6020E+03 2.1151E+00 9.1920E+00
4.6099E+03 2.1148E+00 9.1900E+00
4.6178E+03 2.1145E+00 9.1890E+00
4.6256E+03 2.1142E+00 9.1880E+00
4.6335E+03 2.1139E+00 9.1860E+00
4.6414E+03 2.1136E+00 9.1850E+00
4.6492E+03 2.1132E+00 9.1840E+00
4.6571E+03 2.1129E+00 9.1820E+00
4.6650E+03 2.1126E+00 9.1810E+00
4.6728E+03 2.1123E+00 9.1800E+00
4.6807E+03 2.1120E+00 9.1790E+00
4.6886E+03 2.1117E+00 9.1770E+00
4.6965E+03 2.1114E+00 9.1760E+00
4.7043E+03 2.1111E+00 9.1750E+00
4.7122E+03 2.1107E+00 9.1730E+00
4.7201E+03 2.1104E+00 9.1720E+00
4.7279E+03 2.1101E+00 9.1710E+00
4.7358E+03 2.1098E+00 9.1700E+00
4.7437E+03 2.1095E+00 9.1680E+00
4.7515E+03 2.1092E+00 9.1670E+00
4.7594E+03 2.1089E+00 9.1660E+00
4.7673E+03 2.1086E+00 9.1650E+00
4.7752E+03 2.1083E+00 9.1630E+00
4.7830E+03 2.1080E+00 9.1620E+00
4.7909E+03 2.1077E+00 9.1610E+00
4.7988E+03 2.1074E+00 9.1600E+00
4.8066E+03 2.1070E+00 9.1580E+00
4.8145E+03 2.1067E+00 9.1570E+00
4.8224E+03 2.1064E+00 9.1560E+00
4.8302E+03 2.1061E+00 9.1550E+00
4.8381E+03 2.1058E+00 9.1540E+00
4.8460E+03 2.1055E+00 9.1520E+00
4.8538E+03 2.1052E+00 9.1510E+00
4.8617E+03 2.1049E+00 9.1500E+00
4.8696E+03 2.1046E+00 9.1490E+00
4.8775E+03 2.1043E+00 9.1470E+00
4.8853E+03 2.1040E+00 9.1460E+00
4.8932E+03 2.1037E+00 9.1450E+00
4.9011E+03 2.1034E+00 9.1440E+00
4.9089E+03 2.1031E+00 9.1430E+00
4.9168E+03 2.1028E+00 9.1410E+00
4.9247E+03 2.1025E+00 9.1400E+00
4.9325E+03 2.1022E+00 9.1390E+00
4.9404E+03 2.1019E+00 9.1380E+00
4.9483E+03 2.1016E+00 9.1370E+00
4.9561E+03 2.1013E+00 9.1350E+00
4.9640E+03 2.1010E+00 9.1340E+00
4.9719E+03 2.1008E+00 9.1330E+00
4.9798E+03 2.1005E+00 9.1320E+00
4.9876E+03 2.1002E+00 9.1310E+00
4.9955E+03 2.0999E+00 9.1300E+00
5.0034E+03 2.0996E+00 9.1280E+00
5.0112E+03 2.0993E+00 9.1270E+00
5.0191E+03 2.0990E+00 9.1260E+00
5.0270E+03 2.0987E+00 9.1250E+00
5.0348E+03 2.0984E+00 9.1240E+00
5.0427E+03 2.0981E+00 9.1230E+00
5.0506E+03 2.0978E+00 9.1210E+00
5.0585E+03 2.0975E+00 9.1200E+00
5.0663E+03 2.0972E+00 9.1190E+00
5.0742E+03 2.0970E+00 9.1180E+00
5.0821E+03 2.0967E+00 9.1170E+00
5.0899E+03 2.0964E+00 9.1160E+00
5.0978E+03 2.0961E+00 9.1150E+00
5.1057E+03 2.0958E+00 9.1130E+00
5.1135E+03 2.0955E+00 9.1120E+00
5.1214E+03 2.0952E+00 9.1110E+00
5.1293E+03 2.0949E+00 9.1100E+00
5.1371E+03 2.0947E+00 9.1090E+00
5.1450E+03 2.0944E+00 9.1080E+00
5.1529E+03 2.0941E+00 9.1070E+00
5.1608E+03 2.0938E+00 9.1060E+00
5.1686E+03 2.0935E+00 9.1050E+00
5.1765E+03 2.0932E+00 9.1030E+00
5.1844E+03 2.0929E+00 9.1020E+00
5.1922E+03 2.0927E+00 9.1010E+00
5.2001E+03 2.0924E+00 9.1000E+00
5.2080E+03 2.0921E+00 9.0990E+00
5.2158E+03 2.0918E+00 9.0980E+00
5.2237E+03 2.0915E+00 9.0970E+00
5.2316E+03 2.0913E+00 9.0960E+00
5.2395E+03 2.0910E+00 9.0950E+00
5.2473E+03 2.0907E+00 9.0930E+00
5.2552E+03 2.0904E+00 9.0920E+00
5.2631E+03 2.0901E+00 9.0910E+00
5.2709E+03 2.0899E+00 9.0900E+00
5.2788E+03 2.0896E+00 9.0890E+00
5.2867E+03 2.0893E+00 9.0880E+00
5.2945E+03 2.0890E+00 9.0870E+00
5.3024E+03 2.0887E+00 9.0860E+00
5.3103E+03 2.0885E+00 9.0850E+00
5.3181E+03 2.0882E+00 9.0840E+00
5.3260E+03 2.0879E+00 9.0830E+00
5.3339E+03 2.0876E+00 9.0820E+00
5.3418E+03 2.0874E+00 9.0810E+00
5.3496E+03 2.0871E+00 9.0800E+00
5.3575E+03 2.0868E+00 9.0780E+00
5.3654E+03 2.0865E+00 9.0770E+00
5.3732E+03 2.0863E+00 9.0760E+00
5.3811E+03 2.0860E+00 9.0750E+00
5.3890E+03 2.0857E+00 9.0740E+00
5.3968E+03 2.0855E+00 9.0730E+00
5.4047E+03 2.0852E+00 9.0720E+00
5.4126E+03 2.0849E+00 9.0710E+00
5.4204E+03 2.0846E+00 9.0700E+00
5.4283E+03 2.0844E+00 9.0690E+00
5.4362E+03 2.0841E+00 9.0680E+00
5.4441E+03 2.0838E+00 9.0670E+00
5.4519E+03 2.0836E+00 9.0660E+00
5.4598E+03 2.0833E+00 9.0650E+00
5.4677E+03 2.0830E+00 9.0640E+00
5.4755E+03 2.0828E+00 9.0630E+00
5.4834E+03 2.0825E+00 9.0620E+00
5.4913E+03 2.0822E+00 9.0610E+00
5.4991E+03 2.0820E+00 9.0600E+00
5.5070E+03 2.0817E+00 9.0590E+00
5.5149E+03 2.0814E+00 9.0580E+00
5.5228E+03 2.0812E+00 9.0570E+00
5.5306E+03 2.0809E+00 9.0560E+00
5.5385E+03 2.0806E+00 9.0550E+00
5.5464E+03 2.0804E+00 9.0540E+00
5.5542E+03 2.0801E+00 9.0530E+00
5.5621E+03 2.0798E+00 9.0520E+00
5.5700E+03 2.0796E+00 9.0510E+00
5.5778E+03 2.0793E+00 9.0500E+00
5.5857E+03 2.0790E+00 9.0490E+00
5.5936E+03 2.0788E+00 9.0480E+00
5.6014E+03 2.0785E+00 9.0470E+00
5.6093E+03 2.0783E+00 9.0460E+00
5.6172E+03 2.0780E+00 9.0450E+00
5.6251E+03 2.0777E+00 9.0440E+00
5.6329E+03 2.0775E+00 9.0430E+00
5.6408E+03 2.0772E+00 9.0420E+00
5.6487E+03 2.0770E+00 9.0410E+00
5.6565E+03 2.0767E+00 9.0400E+00
5.6644E+03 2.0764E+00 9.0390E+00
5.6723E+03 2.0762E+00 9.0380E+00
5.6801E+03 2.0759E+00 9.0370E+00
5.6880E+03 2.0757E+00 9.0360E+00
5.6959E+03 2.0754E+00 9.0350E+00
5.7038E+03 2.0751E+00 9.0340E+00
5.7116E+03 2.0749E+00 9.0330E+00
5.7195E+03 2.0746E+00 9.0320E+00
5.7274E+03 2.0744E+00 9.0310E+00
5.7352E+03 2.0741E+00 9.0300E+00
5.7431E+03 2.0739E+00 9.0290E+00
5.7510E+03 2.0736E+00 9.0280E+00
5.7588E+03 2.0734E+00 9.0270E+00
5.7667E+03 2.0731E+00 9.0260E+00
5.7746E+03 2.0728E+00 9.0250E+00
5.7824E+03 2.0726E+00 9.0240E+00
5.7903E+03 2.0723E+00 9.0240E+00
5.7982E+03 2.0721E+00 9.0230E+00
5.8061E+03 2.0718E+00 9.0220E+00
5.8139E+03 2.0716E+00 9.0210E+00
5.8218E+03 2.0713E+00 9.0200E+00
5.8297E+03 2.0711E+00 9.0190E+00
5.8375E+03 2.0708E+00 9.0180E+00
5.8454E+03 2.0706E+00 9.0170E+00
5.8533E+03 2.0703E+00 9.0160E+00
5.8611E+03 2.0701E+00 9.0150E+00
5.8690E+03 2.0698E+00 9.0140E+00
5.8769E+03 2.0696E+00 9.0130E+00
5.8847E+03 2.0693E+00 9.0120E+00
5.8926E+03 2.0691E+00 9.0110E+00
5.9005E+03 2.0688E+00 9.0110E+00
5.9084E+03 2.0686E+00 9.0100E+00
5.9162E+03 2.0683E+00 9.0090E+00
5.9241E+03 2.0681E+00 9.0080E+00
5.9320E+03 2.0678E+00 9.0070E+00
5.9398E+03 2.0676E+00 9.0060E+00
5.9477E+03 2.0674E+00 9.0050E+00
5.9556E+03 2.0671E+00 9.0040E+00
5.9634E+03 2.0669E+00 9.0030E+00
5.9713E+03 2.0666E+00 9.0020E+00
5.9792E+03 2.0664E+00 9.0010E+00
5.9871E+03 2.0661E+00 9.0010E+00
5.9949E+03 2.0659E+00 9.0000E+00
6.0028E+03 2.0656E+00 8.9990E+00
6.0107E+03 2.0654E+00 8.9980E+00
6.0185E+03 2.0652E+00 8.9970E+00
6.0264E+03 2.0649E+00 8.9960E+00
6.0343E+03 2.0647E+00 8.9950E+00
6.0421E+03 2.0644E+00 8.9940E+00
6.0500E+03 2.0642E+00 8.9930E+00
6.0579E+03 2.0639E+00 8.9930E+00
6.0657E+03 2.0637E+00 8.9920E+00
6.0736E+03 2.0635E+00 8.9910E+00
6.0815E+03 2.0632E+00 8.9900E+00
6.0894E+03 2.0630E+00 8.9890E+00
6.0972E+03 2.0627E+00 8.9880E+00
6.1051E+03 2.0625E+00 8.9870E+00
6.1130E+03 2.0623E+00 8.9860E+00
6.1208E+03 2.0620E+00 8.9860E+00
6.1287E+03 2.0618E+00 8.9850E+00
6.1366E+03 2.0615E+00 8.9840E+00
6.1444E+03 2.0613E+00 8.9830E+00
6.1523E+03 2.0611E+00 8.9820E+00
6.1602E+03 2.0608E+00 8.9810E+00
6.1681E+03 2.0606E+00 8.9800E+00
6.1759E+03 2.0604E+00 8.9790E+00
6.1838E+03 2.0601E+00 8.9790E+00
6.1917E+03 2.0599E+00 8.9780E+00
6.1995E+03 2.0597E+00 8.9770E+00
6.2074E+03 2.0594E+00 8.9760E+00
6.2153E+03 2.0592E+00 8.9750E+00
6.2231E+03 2.0589E+00 8.9740E+00
6.2310E+03 2.0587E+00 8.9740E+00
6.2389E+03 2.0585E+00 8.9730E+00
6.2467E+03 2.0582E+00 8.9720E+00
6.2546E+03 2.0580E+00 8.9710E+00
6.2625E+03 2.0578E+00 8.9700E+00
6.2704E+03 2.0575E+00 8.9690E+00
6.2782E+03 2.0573E+00 8.9680E+00
6.2861E+03 2.0571E+00 8.9680E+00
6.2940E+03 2.0569E+00 8.9670E+00
6.3018E+03 2.0566E+00 8.9660E+00
6.3097E+03 2.0564E+00 8.9650E+00
6.3176E+03 2.0562E+00 8.9640E+00
6.3254E+03 2.0559E+00 8.9640E+00
6.3333E+03 2.0557E+00 8.9630E+00
6.3412E+03 2.0555E+00 8.9620E+00
6.3490E+03 2.0552E+00 8.9610E+00
6.3569E+03 2.0550E+00 8.9600E+00
6.3648E+03 2.0548E+00 8.9590E+00
6.3727E+03 2.0546E+00 8.9590E+00
6.3805E+03 2.0543E+00 8.9580E+00
6.3884E+03 2.0541E+00 8.9570E+00
6.3963E+03 2.0539E+00 8.9560E+00
6.4041E+03 2.0536E+00 8.9550E+00
6.4120E+03 2.0534E+00 8.9550E+00
6.4199E+03 2.0532E+00 8.9540E+00
6.4277E+03 2.0530E+00 8.9530E+00
6.4356E+03 2.0527E+00 8.9520E+00
6.4435E+03 2.0525E+00 8.9510E+00
6.4514E+03 2.0523E+00 8.9500E+00
6.4592E+03 2.0521E+00 8.9500E+00
6.4671E+03 2.0518E+00 8.9490E+00
6.4750E+03 2.0516E+00 8.9480E+00
6.4828E+03 2.0514E+00 8.9470E+00
6.4907E+03 2.0512E+00 8.9460E+00
6.4986E+03 2.0509E+00 8.9460E+00
6.5064E+03 2.0507E+00 8.9450E+00
6.5143E+03 2.0505E+00 8.9440E+00
6.5222E+03 2.0503E+00 8.9430E+00
6.5300E+03 2.0500E+00 8.9430E+00
6.5379E+03 2.0498E+00 8.9420E+00
6.5458E+03 2.0496E+00 8.9410E+00
6.5537E+03 2.0494E+00 8.9400E+00
6.5615E+03 2.0492E+00 8.9390E+00
6.5694E+03 2.0489E+00 8.9390E+00
6.5773E+03 2.0487E+00 8.9380E+00
6.5851E+03 2.0485E+00 8.9370E+00
6.5930E+03 2.0483E+00 8.9360E+00
6.6009E+03 2.0481E+00 8.9360E+00
6.6087E+03 2.0478E+00 8.9350E+00
6.6166E+03 2.0476E+00 8.9340E+00
6.6245E+03 2.0474E+00 8.9330E+00
6.6324E+03 2.0472E+00 8.9320E+00
6.6402E+03 2.0470E+00 8.9320E+00
6.6481E+03 2.0467E+00 8.9310E+00
6.6560E+03 2.0465E+00 8.9300E+00
6.6638E+03 2.0463E+00 8.9290E+00
6.6717E+03 2.0461E+00 8.9290E+00
6.6796E+03 2.0459E+00 8.9280E+00
6.6874E+03 2.0457E+00 8.9270E+00
6.6953E+03 2.0454E+00 8.9260E+00
6.7032E+03 2.0452E+00 8.9260E+00
6.7110E+03 2.0450E+00 8.9250E+00
6.7189E+03 2.0448E+00 8.9240E+00
6.7268E+03 2.0446E+00 8.9230E+00
6.7347E+03 2.0444E+00 8.9230E+00
6.7425E+03 2.0441E+00 8.9220E+00
6.7504E+03 2.0439E+00 8.9210E+00
6.7583E+03 2.0437E+00 8.9200E+00
6.7661E+03 2.0435E+00 8.9200E+00
6.7740E+03 2.0433E+00 8.9190E+00
6.7819E+03 2.0431E+00 8.9180E+00
6.7897E+03 2.0429E+00 8.9170E+00
6.7976E+03 2.0426E+00 8.9170E+00
6.8055E+03 2.0424E+00 8.9160E+00
6.8133E+03 2.0422E+00 8.9150E+00
6.8212E+03 2.0420E+00 8.9140E+00
6.8291E+03 2.0418E+00 8.9140E+00
6.8370E+03 2.0416E+00 8.9130E+00
6.8448E+03 2.0414E+00 8.9120E+00
6.8527E+03 2.0412E+00 8.9110E+00
6.8606E+03 2.0409E+00 8.9110E+00
6.8684E+03 2.0407E+00 8.9100E+00
6.8763E+03 2.0405E+00 8.9090E+00
6.8842E+03 2.0403E+00 8.9090E+00
6.8920E+03 2.0401E+00 8.9080E+00
6.8999E+03 2.0399E+00 8.9070E+00
6.9078E+03 2.0397E+00 8.9060E+00
6.9157E+03 2.0395E+00 8.9060E+00
6.9235E+03 2.0393E+00 8.9050E+00
6.9314E+03 2.0391E+00 8.9040E+00
6.9393E+03 2.0389E+00 8.9030E+00
6.9471E+03 2.0386E+00 8.9030E+00
6.9550E+03 2.0384E+00 8.9020E+00
6.9629E+03 2.0382E+00 8.9010E+00
6.9707E+03 2.0380E+00 8.9010E+00
6.9786E+03 2.0378E+00 8.9000E+00
6.9865E+03 2.0376E+00 8.8990E+00
6.9943E+03 2.0374E+00 8.8980E+00
7.0022E+03 2.0372E+00 8.8980E+00
7.0101E+03 2.0370E+00 8.8970E+00
7.0180E+03 2.0368E+00 8.8960E+00
7.0258E+03 2.0366E+00 8.8960E+00
7.0337E+03 2.0364E+00 8.8950E+00
7.0416E+03 2.0362E+00 8.8940E+00
7.0494E+03 2.0360E+00 8.8940E+00
7.0573E+03 2.0358E+00 8.8930E+00
7.0652E+03 2.0356E+00 8.8920E+00
7.0730E+03 2.0354E+00 8.8910E+00
7.0809E+03 2.0352E+00 8.8910E+00
7.0888E+03 2.0349E+00 8.8900E+00
7.0967E+03 2.0347E+00 8.8890E+00
7.1045E+03 2.0345E+00 8.8890E+00
7.1124E+03 2.0343E+00 8.8880E+00
7.1203E+03 2.0341E+00 8.8870E+00
7.1281E+03 2.0339E+00 8.8870E+00
7.1360E+03 2.0337E+00 8.8860E+00
7.1439E+03 2.0335E+00 8.8850E+00
7.1517E+03 2.0333E+00 8.8850E+00
7.1596E+03 2.0331E+00 8.8840E+00
7.1675E+03 2.0329E+00 8.8830E+00
7.1753E+03 2.0327E+00 8.8830E+00
7.1832E+03 2.0325E+00 8.8820E+00
7.1911E+03 2.0323E+00 8.8810E+00
7.1990E+03 2.0321E+00 8.8800E+00
7.2068E+03 2.0319E+00 8.8800E+00
7.2147E+03 2.0317E+00 8.8790E+00
7.2226E+03 2.0315E+00 8.8780E+00
7.2304E+03 2.0313E+00 8.8780E+00
7.2383E+03 2.0311E+00 8.8770E+00
7.2462E+03 2.0309E+00 8.8760E+00
7.2540E+03 2.0307E+00 8.8760E+00
7.2619E+03 2.0305E+00 8.8750E+00
7.2698E+03 2.0303E+00 8.8740E+00
7.2776E+03 2.0301E+00 8.8740E+00
7.2855E+03 2.0299E+00 8.8730E+00
7.2934E+03 2.0298E+00 8.8720E+00
7.3013E+03 2.0296E+00 8.8720E+00
7.3091E+03 2.0294E+00 8.8710E+00
7.3170E+03 2.0292E+00 8.8700E+00
7.3249E+03 2.0290E+00 8.8700E+00
7.3327E+03 2.0288E+00 8.8690E+00
7.3406E+03 2.0286E+00 8.8680E+00
7.3485E+03 2.0284E+00 8.8680E+00
7.3563E+03 2.0282E+00 8.8670E+00
7.3642E+03 2.0280E+00 8.8670E+00
7.3721E+03 2.0278E+00 8.8660E+00
7.3800E+03 2.0276E+00 8.8650E+00
7.3878E+03 2.0274E+00 8.8650E+00
7.3957E+03 2.0272E+00 8.8640E+00
7.4036E+03 2.0270E+00 8.8630E+00
7.4114E+03 2.0268E+00 8.8630E+00
7.4193E+03 2.0266E+00 8.8620E+00
7.4272E+03 2.0264E+00 8.8610E+00
7.4350E+03 2.0263E+00 8.8610E+00
7.4429E+03 2.0261E+00 8.8600E+00
7.4508E+03 2.0259E+00 8.8590E+00
7.4586E+03 2.0257E+00 8.8590E+00
7.4665E+03 2.0255E+00 8.8580E+00
7.4744E+03 2.0253E+00 8.8570E+00
7.4823E+03 2.0251E+00 8.8570E+00
7.4901E+03 2.0249E+00 8.8560E+00
7.4980E+03 2.0247E+00 8.8560E+00
7.5059E+03 2.0245E+00 8.8550E+00
7.5137E+03 2.0243E+00 8.8540E+00
7.5216E+03 2.0241E+00 8.8540E+00
7.5295E+03 2.0240E+00 8.8530E+00
7.5373E+03 2.0238E+00 8.8520E+00
7.5452E+03 2.0236E+00 8.8520E+00
7.5531E+03 2.0234E+00 8.8510E+00
7.5610E+03 2.0232E+00 8.8510E+00
7.5688E+03 2.0230E+00 8.8500E+00
7.5767E+03 2.0228E+00 8.8490E+00
7.5846E+03 2.0226E+00 8.8490E+00
7.5924E+03 2.0224E+00 8.8480E+00
7.6003E+03 2.0223E+00 8.8470E+00
7.6082E+03 2.0221E+00 8.8470E+00
7.6160E+03 2.0219E+00 8.8460E+00
7.6239E+03 2.0217E+00 8.8460E+00
7.6318E+03 2.0215E+00 8.8450E+00
7.6396E+03 2.0213E+00 8.8440E+00
7.6475E+03 2.0211E+00 8.8440E+00
7.6554E+03 2.0210E+00 8.8430E+00
7.6633E+03 2.0208E+00 8.8420E+00
7.6711E+03 2.0206E+00 8.8420E+00
7.6790E+03 2.0204E+00 8.8410E+00
7.6869E+03 2.0202E+00 8.8410E+00
7.6947E+03 2.0200E+00 8.8400E+00
7.7026E+03 2.0198E+00 8.8390E+00
7.7105E+03 2.0197E+00 8.8390E+00
7.7183E+03 2.0195E+00 8.8380E+00
7.7262E+03 2.0193E+00 8.8380E+00
7.7341E+03 2.0191E+00 8.8370E+00
7.7419E+03 2.0189E+00 8.8360E+00
7.7498E+03 2.0187E+00 8.8360E+00
7.7577E+03 2.0186E+00 8.8350E+00
7.7656E+03 2.0184E+00 8.8350E+00
7.7734E+03 2.0182E+00 8.8340E+00
7.7813E+03 2.0180E+00 8.8330E+00
7.7892E+03 2.0178E+00 8.8330E+00
7.7970E+03 2.0176E+00 8.8320E+00
7.8049E+03 2.0175E+00 8.8320E+00
7.8128E+03 2.0173E+00 8.8310E+00
7.8206E+03 2.0171E+00 8.8300E+00
7.8285E+03 2.0169E+00 8.8300E+00
7.8364E+03 2.0167E+00 8.8290E+00
7.8443E+03 2.0165E+00 8.8290E+00
7.8521E+03 2.0164E+00 8.8280E+00
7.8600E+03 2.0162E+00 8.8270E+00
7.8679E+03 2.0160E+00 8.8270E+00
