6.2415E+00 3.5483E-01 1.2790E+01
1.1949E+01 5.4767E-01 1.2268E+01
1.7656E+01 6.9914E-01 1.2178E+01
2.3363E+01 8.2421E-01 1.2161E+01
2.9070E+01 9.3047E-01 1.2161E+01
3.4777E+01 1.0225E+00 1.2162E+01
4.0484E+01 1.1033E+00 1.2161E+01
4.6191E+01 1.1751E+00 1.2157E+01
5.1898E+01 1.2394E+00 1.2151E+01
5.7605E+01 1.2974E+00 1.2142E+01
6.3312E+01 1.3501E+00 1.2131E+01
6.9019E+01 1.3982E+00 1.2119E+01
7.4726E+01 1.4422E+00 1.2104E+01
8.0433E+01 1.4828E+00 1.2089E+01
8.6140E+01 1.5202E+00 1.2073E+01
9.1848E+01 1.5549E+00 1.2056E+01
9.7555E+01 1.5872E+00 1.2038E+01
1.0326E+02 1.6172E+00 1.2020E+01
1.0897E+02 1.6452E+00 1.2001E+01
1.1468E+02 1.6715E+00 1.1982E+01
1.2038E+02 1.6961E+00 1.1963E+01
1.2609E+02 1.7192E+00 1.1944E+01
1.3180E+02 1.7409E+00 1.1925E+01
1.3750E+02 1.7614E+00 1.1905E+01
1.4321E+02 1.7808E+00 1.1886E+01
1.4892E+02 1.7990E+00 1.1866E+01
1.5463E+02 1.8163E+00 1.1847E+01
1.6033E+02 1.8327E+00 1.1828E+01
1.6604E+02 1.8483E+00 1.1809E+01
1.7175E+02 1.8630E+00 1.1790E+01
1.7745E+02 1.8771E+00 1.1771E+01
1.8316E+02 1.8904E+00 1.1752E+01
1.8887E+02 1.9031E+00 1.1734E+01
1.9457E+02 1.9152E+00 1.1715E+01
2.0028E+02 1.9268E+00 1.1697E+01
2.0599E+02 1.9378E+00 1.1679E+01
2.1170E+02 1.9483E+00 1.1661E+01
2.1740E+02 1.9584E+00 1.1643E+01
2.2311E+02 1.9680E+00 1.1626E+01
2.2882E+02 1.9772E+00 1.1608E+01
2.3452E+02 1.9861E+00 1.1591E+01
2.4023E+02 1.9945E+00 1.1574E+01
2.4594E+02 2.0026E+00 1.1557E+01
2.5165E+02 2.0104E+00 1.1540E+01
2.5735E+02 2.0178E+00 1.1524E+01
2.6306E+02 2.0250E+00 1.1507E+01
2.6877E+02 2.0319E+00 1.1491E+01
2.7447E+02 2.0385E+00 1.1475E+01
2.8018E+02 2.0448E+00 1.1459E+01
2.8589E+02 2.0509E+00 1.1444E+01
2.9159E+02 2.0568E+00 1.1428E+01
2.9730E+02 2.0625E+00 1.1413E+01
3.0301E+02 2.0679E+00 1.1397E+01
3.0872E+02 2.0732E+00 1.1382E+01
3.1442E+02 2.0782E+00 1.1367E+01
3.2013E+02 2.0831E+00 1.1353E+01
3.2584E+02 2.0878E+00 1.1338E+01
3.3154E+02 2.0923E+00 1.1324E+01
3.3725E+02 2.0966E+00 1.1309E+01
3.4296E+02 2.1008E+00 1.1295E+01
3.4867E+02 2.1049E+00 1.1281E+01
3.5437E+02 2.1088E+00 1.1267E+01
3.6008E+02 2.1126E+00 1.1254E+01
3.6579E+02 2.1162E+00 1.1240E+01
3.7149E+02 2.1197E+00 1.1227E+01
3.7720E+02 2.1231E+00 1.1213E+01
3.8291E+02 2.1264E+00 1.1200E+01
3.8862E+02 2.1296E+00 1.1187E+01
3.9432E+02 2.1326E+00 1.1174E+01
4.0003E+02 2.1356E+00 1.1161E+01
4.0574E+02 2.1385E+00 1.1149E+01
4.1144E+02 2.1412E+00 1.1136E+01
4.1715E+02 2.1439E+00 1.1124E+01
4.2286E+02 2.1465E+00 1.1111E+01
4.2856E+02 2.1490E+00 1.1099E+01
4.3427E+02 2.1514E+00 1.1087E+01
4.3998E+02 2.1537E+00 1.1075E+01
4.4569E+02 2.1560E+00 1.1063E+01
4.5139E+02 2.1582E+00 1.1052E+01
4.5710E+02 2.1603E+00 1.1040E+01
4.6281E+02 2.1623E+00 1.1028E+01
4.6851E+02 2.1643E+00 1.1017E+01
4.7422E+02 2.1662E+00 1.1006E+01
4.7993E+02 2.1680E+00 1.0995E+01
4.8564E+02 2.1698E+00 1.0983E+01
4.9134E+02 2.1715E+00 1.0972E+01
4.9705E+02 2.1732E+00 1.0961E+01
5.0276E+02 2.1748E+00 1.0951E+01
5.0846E+02 2.1764E+00 1.0940E+01
5.1417E+02 2.1779E+00 1.0929E+01
5.1988E+02 2.1793E+00 1.0919E+01
5.2558E+02 2.1808E+00 1.0908E+01
5.3129E+02 2.1821E+00 1.0898E+01
5.3700E+02 2.1834E+00 1.0888E+01
5.4271E+02 2.1847E+00 1.0878E+01
5.4841E+02 2.1859E+00 1.0867E+01
5.5412E+02 2.1871E+00 1.0857E+01
5.5983E+02 2.1883E+00 1.0847E+01
5.6553E+02 2.1894E+00 1.0838E+01
5.7124E+02 2.1904E+00 1.0828E+01
5.7695E+02 2.1915E+00 1.0818E+01
5.8266E+02 2.1925E+00 1.0809E+01
5.8836E+02 2.1934E+00 1.0799E+01
5.9407E+02 2.1944E+00 1.0790E+01
5.9978E+02 2.1953E+00 1.0780E+01
6.0548E+02 2.1961E+00 1.0771E+01
6.1119E+02 2.1969E+00 1.0762E+01
6.1690E+02 2.1977E+00 1.0753E+01
6.2260E+02 2.1985E+00 1.0743E+01
6.2831E+02 2.1993E+00 1.0734E+01
6.3402E+02 2.2000E+00 1.0725E+01
6.3973E+02 2.2007E+00 1.0717E+01
6.4543E+02 2.2013E+00 1.0708E+01
6.5114E+02 2.2020E+00 1.0699E+01
6.5685E+02 2.2026E+00 1.0690E+01
6.6255E+02 2.2032E+00 1.0682E+01
6.6826E+02 2.2037E+00 1.0673E+01
6.7397E+02 2.2043E+00 1.0665E+01
6.7968E+02 2.2048E+00 1.0656E+01
6.8538E+02 2.2053E+00 1.0648E+01
6.9109E+02 2.2058E+00 1.0640E+01
6.9680E+02 2.2062E+00 1.0631E+01
7.0250E+02 2.2067E+00 1.0623E+01
7.0821E+02 2.2071E+00 1.0615E+01
7.1392E+02 2.2075E+00 1.0607E+01
7.1963E+02 2.2078E+00 1.0599E+01
7.2533E+02 2.2082E+00 1.0591E+01
7.3104E+02 2.2085E+00 1.0583E+01
7.3675E+02 2.2089E+00 1.0575E+01
7.4245E+02 2.2092E+00 1.0568E+01
7.4816E+02 2.2095E+00 1.0560E+01
7.5387E+02 2.2097E+00 1.0552E+01
7.5957E+02 2.2100E+00 1.0545E+01
7.6528E+02 2.2103E+00 1.0537E+01
7.7099E+02 2.2105E+00 1.0530E+01
7.7670E+02 2.2107E+00 1.0522E+01
7.8240E+02 2.2109E+00 1.0515E+01
7.8811E+02 2.2111E+00 1.0507E+01
7.9382E+02 2.2113E+00 1.0500E+01
7.9952E+02 2.2114E+00 1.0493E+01
8.0523E+02 2.2116E+00 1.0485E+01
8.1094E+02 2.2117E+00 1.0478E+01
8.1665E+02 2.2118E+00 1.0471E+01
8.2235E+02 2.2119E+00 1.0464E+01
8.2806E+02 2.2120E+00 1.0457E+01
8.3377E+02 2.2121E+00 1.0450E+01
8.3947E+02 2.2122E+00 1.0443E+01
8.4518E+02 2.2123E+00 1.0436E+01
8.5089E+02 2.2123E+00 1.0429E+01
8.5659E+02 2.2124E+00 1.0423E+01
8.6230E+02 2.2124E+00 1.0416E+01
8.6801E+02 2.2124E+00 1.0409E+01
8.7372E+02 2.2125E+00 1.0402E+01
8.7942E+02 2.2125E+00 1.0396E+01
8.8513E+02 2.2125E+00 1.0389E+01
8.9084E+02 2.2124E+00 1.0383E+01
8.9654E+02 2.2124E+00 1.0376E+01
9.0225E+02 2.2124E+00 1.0370E+01
9.0796E+02 2.2124E+00 1.0363E+01
9.1367E+02 2.2123E+00 1.0357E+01
9.1937E+02 2.2123E+00 1.0350E+01
9.2508E+02 2.2122E+00 1.0344E+01
9.3079E+02 2.2121E+00 1.0338E+01
9.3649E+02 2.2121E+00 1.0331E+01
9.4220E+02 2.2120E+00 1.0325E+01
9.4791E+02 2.2119E+00 1.0319E+01
9.5361E+02 2.2118E+00 1.0313E+01
9.5932E+02 2.2117E+00 1.0307E+01
9.6503E+02 2.2116E+00 1.0301E+01
9.7074E+02 2.2115E+00 1.0295E+01
9.7644E+02 2.2113E+00 1.0289E+01
9.8215E+02 2.2112E+00 1.0283E+01
9.8786E+02 2.2111E+00 1.0277E+01
9.9356E+02 2.2109E+00 1.0271E+01
9.9927E+02 2.2108E+00 1.0265E+01
1.0050E+03 2.2106E+00 1.0259E+01
1.0107E+03 2.2105E+00 1.0253E+01
1.0164E+03 2.2103E+00 1.0248E+01
1.0221E+03 2.2101E+00 1.0242E+01
1.0278E+03 2.2099E+00 1.0236E+01
1.0335E+03 2.2098E+00 1.0231E+01
1.0392E+03 2.2096E+00 1.0225E+01
1.0449E+03 2.2094E+00 1.0219E+01
1.0506E+03 2.2092E+00 1.0214E+01
1.0563E+03 2.2090E+00 1.0208E+01
1.0620E+03 2.2088E+00 1.0203E+01
1.0678E+03 2.2086E+00 1.0197E+01
1.0735E+03 2.2084E+00 1.0192E+01
1.0792E+03 2.2082E+00 1.0186E+01
1.0849E+03 2.2079E+00 1.0181E+01
1.0906E+03 2.2077E+00 1.0176E+01
1.0963E+03 2.2075E+00 1.0170E+01
1.1020E+03 2.2072E+00 1.0165E+01
1.1077E+03 2.2070E+00 1.0160E+01
1.1134E+03 2.2068E+00 1.0154E+01
1.1191E+03 2.2065E+00 1.0149E+01
1.1248E+03 2.2063E+00 1.0144E+01
1.1305E+03 2.2060E+00 1.0139E+01
1.1362E+03 2.2058E+00 1.0134E+01
1.1419E+03 2.2055E+00 1.0128E+01
1.1477E+03 2.2052E+00 1.0123E+01
1.1534E+03 2.2050E+00 1.0118E+01
1.1591E+03 2.2047E+00 1.0113E+01
1.1648E+03 2.2044E+00 1.0108E+01
1.1705E+03 2.2042E+00 1.0103E+01
1.1762E+03 2.2039E+00 1.0098E+01
1.1819E+03 2.2036E+00 1.0093E+01
1.1876E+03 2.2033E+00 1.0088E+01
1.1933E+03 2.2030E+00 1.0083E+01
1.1990E+03 2.2027E+00 1.0079E+01
1.2047E+03 2.2025E+00 1.0074E+01
1.2104E+03 2.2022E+00 1.0069E+01
1.2161E+03 2.2019E+00 1.0064E+01
1.2218E+03 2.2016E+00 1.0059E+01
1.2276E+03 2.2013E+00 1.0055E+01
1.2333E+03 2.2010E+00 1.0050E+01
1.2390E+03 2.2007E+00 1.0045E+01
1.2447E+03 2.2003E+00 1.0041E+01
1.2504E+03 2.2000E+00 1.0036E+01
1.2561E+03 2.1997E+00 1.0031E+01
1.2618E+03 2.1994E+00 1.0027E+01
1.2675E+03 2.1991E+00 1.0022E+01
1.2732E+03 2.1988E+00 1.0017E+01
1.2789E+03 2.1984E+00 1.0013E+01
1.2846E+03 2.1981E+00 1.0008E+01
1.2903E+03 2.1978E+00 1.0004E+01
1.2960E+03 2.1975E+00 9.9990E+00
1.3017E+03 2.1971E+00 9.9950E+00
1.3075E+03 2.1968E+00 9.9900E+00
1.3132E+03 2.1965E+00 9.9860E+00
1.3189E+03 2.1962E+00 9.9820E+00
1.3246E+03 2.1958E+00 9.9770E+00
1.3303E+03 2.1955E+00 9.9730E+00
1.3360E+03 2.1951E+00 9.9680E+00
1.3417E+03 2.1948E+00 9.9640E+00
1.3474E+03 2.1945E+00 9.9600E+00
1.3531E+03 2.1941E+00 9.9560E+00
1.3588E+03 2.1938E+00 9.9510E+00
1.3645E+03 2.1934E+00 9.9470E+00
1.3702E+03 2.1931E+00 9.9430E+00
1.3759E+03 2.1927E+00 9.9390E+00
1.3816E+03 2.1924E+00 9.9340E+00
1.3874E+03 2.1920E+00 9.9300E+00
1.3931E+03 2.1917E+00 9.9260E+00
1.3988E+03 2.1913E+00 9.9220E+00
1.4045E+03 2.1910E+00 9.9180E+00
1.4102E+03 2.1906E+00 9.9140E+00
1.4159E+03 2.1903E+00 9.9100E+00
1.4216E+03 2.1899E+00 9.9060E+00
1.4273E+03 2.1896E+00 9.9020E+00
1.4330E+03 2.1892E+00 9.8980E+00
1.4387E+03 2.1888E+00 9.8940E+00
1.4444E+03 2.1885E+00 9.8900E+00
1.4501E+03 2.1881E+00 9.8860E+00
1.4558E+03 2.1878E+00 9.8820E+00
1.4615E+03 2.1874E+00 9.8780E+00
1.4673E+03 2.1870E+00 9.8740E+00
1.4730E+03 2.1867E+00 9.8700E+00
1.4787E+03 2.1863E+00 9.8660E+00
1.4844E+03 2.1859E+00 9.8620E+00
1.4901E+03 2.1856E+00 9.8580E+00
1.4958E+03 2.1852E+00 9.8540E+00
1.5015E+03 2.1848E+00 9.8510E+00
1.5072E+03 2.1845E+00 9.8470E+00
1.5129E+03 2.1841E+00 9.8430E+00
1.5186E+03 2.1837E+00 9.8390E+00
1.5243E+03 2.1833E+00 9.8350E+00
1.5300E+03 2.1830E+00 9.8320E+00
1.5357E+03 2.1826E+00 9.8280E+00
1.5414E+03 2.1822E+00 9.8240E+00
1.5472E+03 2.1818E+00 9.8200E+00
1.5529E+03 2.1815E+00 9.8170E+00
1.5586E+03 2.1811E+00 9.8130E+00
1.5643E+03 2.1807E+00 9.8090E+00
1.5700E+03 2.1803E+00 9.8060E+00
1.5757E+03 2.1800E+00 9.8020E+00
1.5814E+03 2.1796E+00 9.7990E+00
1.5871E+03 2.1792E+00 9.7950E+00
1.5928E+03 2.1788E+00 9.7910E+00
1.5985E+03 2.1785E+00 9.7880E+00
1.6042E+03 2.1781E+00 9.7840E+00
1.6099E+03 2.1777E+00 9.7810E+00
1.6156E+03 2.1773E+00 9.7770E+00
1.6213E+03 2.1769E+00 9.7740E+00
1.6270E+03 2.1766E+00 9.7700E+00
1.6328E+03 2.1762E+00 9.7670E+00
1.6385E+03 2.1758E+00 9.7630E+00
1.6442E+03 2.1754E+00 9.7600E+00
1.6499E+03 2.1750E+00 9.7560E+00
1.6556E+03 2.1746E+00 9.7530E+00
1.6613E+03 2.1743E+00 9.7490E+00
1.6670E+03 2.1739E+00 9.7460E+00
1.6727E+03 2.1735E+00 9.7430E+00
1.6784E+03 2.1731E+00 9.7390E+00
1.6841E+03 2.1727E+00 9.7360E+00
1.6898E+03 2.1723E+00 9.7320E+00
1.6955E+03 2.1720E+00 9.7290E+00
1.7012E+03 2.1716E+00 9.7260E+00
1.7069E+03 2.1712E+00 9.7220E+00
1.7127E+03 2.1708E+00 9.7190E+00
1.7184E+03 2.1704E+00 9.7160E+00
1.7241E+03 2.1700E+00 9.7130E+00
1.7298E+03 2.1697E+00 9.7090E+00
1.7355E+03 2.1693E+00 9.7060E+00
1.7412E+03 2.1689E+00 9.7030E+00
1.7469E+03 2.1685E+00 9.7000E+00
1.7526E+03 2.1681E+00 9.6960E+00
1.7583E+03 2.1677E+00 9.6930E+00
1.7640E+03 2.1674E+00 9.6900E+00
1.7697E+03 2.1670E+00 9.6870E+00
1.7754E+03 2.1666E+00 9.6840E+00
1.7811E+03 2.1662E+00 9.6800E+00
1.7868E+03 2.1658E+00 9.6770E+00
1.7926E+03 2.1654E+00 9.6740E+00
1.7983E+03 2.1650E+00 9.6710E+00
1.8040E+03 2.1647E+00 9.6680E+00
1.8097E+03 2.1643E+00 9.6650E+00
1.8154E+03 2.1639E+00 9.6620E+00
1.8211E+03 2.1635E+00 9.6590E+00
1.8268E+03 2.1631E+00 9.6560E+00
1.8325E+03 2.1627E+00 9.6530E+00
1.8382E+03 2.1623E+00 9.6490E+00
1.8439E+03 2.1620E+00 9.6460E+00
1.8496E+03 2.1616E+00 9.6430E+00
1.8553E+03 2.1612E+00 9.6400E+00
1.8610E+03 2.1608E+00 9.6370E+00
1.8667E+03 2.1604E+00 9.6340E+00
1.8725E+03 2.1600E+00 9.6310E+00
1.8782E+03 2.1597E+00 9.6280E+00
1.8839E+03 2.1593E+00 9.6250E+00
1.8896E+03 2.1589E+00 9.6230E+00
1.8953E+03 2.1585E+00 9.6200E+00
1.9010E+03 2.1581E+00 9.6170E+00
1.9067E+03 2.1577E+00 9.6140E+00
1.9124E+03 2.1573E+00 9.6110E+00
1.9181E+03 2.1570E+00 9.6080E+00
1.9238E+03 2.1566E+00 9.6050E+00
1.9295E+03 2.1562E+00 9.6020E+00
1.9352E+03 2.1558E+00 9.5990E+00
1.9409E+03 2.1554E+00 9.5960E+00
1.9466E+03 2.1550E+00 9.5940E+00
1.9524E+03 2.1547E+00 9.5910E+00
1.9581E+03 2.1543E+00 9.5880E+00
1.9638E+03 2.1539E+00 9.5850E+00
1.9695E+03 2.1535E+00 9.5820E+00
1.9752E+03 2.1531E+00 9.5790E+00
1.9809E+03 2.1528E+00 9.5770E+00
1.9866E+03 2.1524E+00 9.5740E+00
1.9923E+03 2.1520E+00 9.5710E+00
1.9980E+03 2.1516E+00 9.5680E+00
2.0037E+03 2.1512E+00 9.5660E+00
2.0094E+03 2.1508E+00 9.5630E+00
2.0151E+03 2.1505E+00 9.5600E+00
2.0208E+03 2.1501E+00 9.5570E+00
2.0265E+03 2.1497E+00 9.5550E+00
2.0323E+03 2.1493E+00 9.5520E+00
2.0380E+03 2.1489E+00 9.5490E+00
2.0437E+03 2.1486E+00 9.5460E+00
2.0494E+03 2.1482E+00 9.5440E+00
2.0551E+03 2.1478E+00 9.5410E+00
2.0608E+03 2.1474E+00 9.5380E+00
2.0665E+03 2.1470E+00 9.5360E+00
2.0722E+03 2.1467E+00 9.5330E+00
2.0779E+03 2.1463E+00 9.5300E+00
2.0836E+03 2.1459E+00 9.5280E+00
2.0893E+03 2.1455E+00 9.5250E+00
2.0950E+03 2.1452E+00 9.5230E+00
2.1007E+03 2.1448E+00 9.5200E+00
2.1064E+03 2.1444E+00 9.5170E+00
2.1121E+03 2.1440E+00 9.5150E+00
2.1179E+03 2.1437E+00 9.5120E+00
2.1236E+03 2.1433E+00 9.5100E+00
2.1293E+03 2.1429E+00 9.5070E+00
2.1350E+03 2.1425E+00 9.5040E+00
2.1407E+03 2.1421E+00 9.5020E+00
2.1464E+03 2.1418E+00 9.4990E+00
2.1521E+03 2.1414E+00 9.4970E+00
2.1578E+03 2.1410E+00 9.4940E+00
2.1635E+03 2.1407E+00 9.4920E+00
2.1692E+03 2.1403E+00 9.4890E+00
2.1749E+03 2.1399E+00 9.4870E+00
2.1806E+03 2.1395E+00 9.4840E+00
2.1863E+03 2.1392E+00 9.4820E+00
2.1920E+03 2.1388E+00 9.4790E+00
2.1978E+03 2.1384E+00 9.4770E+00
2.2035E+03 2.1380E+00 9.4740E+00
2.2092E+03 2.1377E+00 9.4720E+00
2.2149E+03 2.1373E+00 9.4690E+00
2.2206E+03 2.1369E+00 9.4670E+00
2.2263E+03 2.1366E+00 9.4650E+00
2.2320E+03 2.1362E+00 9.4620E+00
2.2377E+03 2.1358E+00 9.4600E+00
2.2434E+03 2.1355E+00 9.4570E+00
2.2491E+03 2.1351E+00 9.4550E+00
2.2548E+03 2.1347E+00 9.4530E+00
2.2605E+03 2.1343E+00 9.4500E+00
2.2662E+03 2.1340E+00 9.4480E+00
2.2719E+03 2.1336E+00 9.4450E+00
2.2777E+03 2.1332E+00 9.4430E+00
2.2834E+03 2.1329E+00 9.4410E+00
2.2891E+03 2.1325E+00 9.4380E+00
2.2948E+03 2.1321E+00 9.4360E+00
2.3005E+03 2.1318E+00 9.4340E+00
2.3062E+03 2.1314E+00 9.4310E+00
2.3119E+03 2.1310E+00 9.4290E+00
2.3176E+03 2.1307E+00 9.4270E+00
2.3233E+03 2.1303E+00 9.4240E+00
2.3290E+03 2.1300E+00 9.4220E+00
2.3347E+03 2.1296E+00 9.4200E+00
2.3404E+03 2.1292E+00 9.4170E+00
2.3461E+03 2.1289E+00 9.4150E+00
2.3518E+03 2.1285E+00 9.4130E+00
2.3576E+03 2.1281E+00 9.4110E+00
2.3633E+03 2.1278E+00 9.4080E+00
2.3690E+03 2.1274E+00 9.4060E+00
2.3747E+03 2.1271E+00 9.4040E+00
2.3804E+03 2.1267E+00 9.4020E+00
2.3861E+03 2.1263E+00 9.3990E+00
2.3918E+03 2.1260E+00 9.3970E+00
2.3975E+03 2.1256E+00 9.3950E+00
2.4032E+03 2.1253E+00 9.3930E+00
2.4089E+03 2.1249E+00 9.3900E+00
2.4146E+03 2.1245E+00 9.3880E+00
2.4203E+03 2.1242E+00 9.3860E+00
2.4260E+03 2.1238E+00 9.3840E+00
2.4317E+03 2.1235E+00 9.3820E+00
2.4375E+03 2.1231E+00 9.3790E+00
2.4432E+03 2.1227E+00 9.3770E+00
2.4489E+03 2.1224E+00 9.3750E+00
2.4546E+03 2.1220E+00 9.3730E+00
2.4603E+03 2.1217E+00 9.3710E+00
2.4660E+03 2.1213E+00 9.3690E+00
2.4717E+03 2.1210E+00 9.3660E+00
2.4774E+03 2.1206E+00 9.3640E+00
2.4831E+03 2.1203E+00 9.3620E+00
2.4888E+03 2.1199E+00 9.3600E+00
2.4945E+03 2.1196E+00 9.3580E+00
2.5002E+03 2.1192E+00 9.3560E+00
2.5059E+03 2.1188E+00 9.3540E+00
2.5116E+03 2.1185E+00 9.3520E+00
2.5174E+03 2.1181E+00 9.3490E+00
2.5231E+03 2.1178E+00 9.3470E+00
2.5288E+03 2.1174E+00 9.3450E+00
2.5345E+03 2.1171E+00 9.3430E+00
2.5402E+03 2.1167E+00 9.3410E+00
2.5459E+03 2.1164E+00 9.3390E+00
2.5516E+03 2.1160E+00 9.3370E+00
2.5573E+03 2.1157E+00 9.3350E+00
2.5630E+03 2.1153E+00 9.3330E+00
2.5687E+03 2.1150E+00 9.3310E+00
2.5744E+03 2.1146E+00 9.3290E+00
2.5801E+03 2.1143E+00 9.3270E+00
2.5858E+03 2.1140E+00 9.3250E+00
2.5915E+03 2.1136E+00 9.3230E+00
2.5973E+03 2.1133E+00 9.3210E+00
2.6030E+03 2.1129E+00 9.3190E+00
2.6087E+03 2.1126E+00 9.3170E+00
2.6144E+03 2.1122E+00 9.3150E+00
2.6201E+03 2.1119E+00 9.3130E+00
2.6258E+03 2.1115E+00 9.3110E+00
2.6315E+03 2.1112E+00 9.3090E+00
2.6372E+03 2.1108E+00 9.3070E+00
2.6429E+03 2.1105E+00 9.3050E+00
2.6486E+03 2.1102E+00 9.3030E+00
2.6543E+03 2.1098E+00 9.3010E+00
2.6600E+03 2.1095E+00 9.2990E+00
2.6657E+03 2.1091E+00 9.2970E+00
2.6714E+03 2.1088E+00 9.2950E+00
2.6771E+03 2.1085E+00 9.2930E+00
2.6829E+03 2.1081E+00 9.2910E+00
2.6886E+03 2.1078E+00 9.2890E+00
2.6943E+03 2.1074E+00 9.2870E+00
2.7000E+03 2.1071E+00 9.2850E+00
2.7057E+03 2.1068E+00 9.2830E+00
2.7114E+03 2.1064E+00 9.2810E+00
2.7171E+03 2.1061E+00 9.2800E+00
2.7228E+03 2.1057E+00 9.2780E+00
2.7285E+03 2.1054E+00 9.2760E+00
2.7342E+03 2.1051E+00 9.2740E+00
2.7399E+03 2.1047E+00 9.2720E+00
2.7456E+03 2.1044E+00 9.2700E+00
2.7513E+03 2.1041E+00 9.2680E+00
2.7570E+03 2.1037E+00 9.2660E+00
2.7628E+03 2.1034E+00 9.2640E+00
2.7685E+03 2.1031E+00 9.2630E+00
2.7742E+03 2.1027E+00 9.2610E+00
2.7799E+03 2.1024E+00 9.2590E+00
2.7856E+03 2.1021E+00 9.2570E+00
2.7913E+03 2.1017E+00 9.2550E+00
2.7970E+03 2.1014E+00 9.2530E+00
2.8027E+03 2.1011E+00 9.2510E+00
2.8084E+03 2.1007E+00 9.2500E+00
2.8141E+03 2.1004E+00 9.2480E+00
2.8198E+03 2.1001E+00 9.2460E+00
2.8255E+03 2.0997E+00 9.2440E+00
2.8312E+03 2.0994E+00 9.2420E+00
2.8369E+03 2.0991E+00 9.2410E+00
2.8427E+03 2.0988E+00 9.2390E+00
2.8484E+03 2.0984E+00 9.2370E+00
2.8541E+03 2.0981E+00 9.2350E+00
2.8598E+03 2.0978E+00 9.2330E+00
2.8655E+03 2.0974E+00 9.2320E+00
2.8712E+03 2.0971E+00 9.2300E+00
2.8769E+03 2.0968E+00 9.2280E+00
2.8826E+03 2.0965E+00 9.2260E+00
2.8883E+03 2.0961E+00 9.2240E+00
2.8940E+03 2.0958E+00 9.2230E+00
2.8997E+03 2.0955E+00 9.2210E+00
2.9054E+03 2.0952E+00 9.2190E+00
2.9111E+03 2.0948E+00 9.2170E+00
2.9168E+03 2.0945E+00 9.2160E+00
2.9226E+03 2.0942E+00 9.2140E+00
2.9283E+03 2.0939E+00 9.2120E+00
2.9340E+03 2.0935E+00 9.2100E+00
2.9397E+03 2.0932E+00 9.2090E+00
2.9454E+03 2.0929E+00 9.2070E+00
2.9511E+03 2.0926E+00 9.2050E+00
2.9568E+03 2.0923E+00 9.2040E+00
2.9625E+03 2.0919E+00 9.2020E+00
2.9682E+03 2.0916E+00 9.2000E+00
2.9739E+03 2.0913E+00 9.1980E+00
2.9796E+03 2.0910E+00 9.1970E+00
2.9853E+03 2.0907E+00 9.1950E+00
2.9910E+03 2.0903E+00 9.1930E+00
2.9967E+03 2.0900E+00 9.1920E+00
3.0025E+03 2.0897E+00 9.1900E+00
3.0082E+03 2.0894E+00 9.1880E+00
3.0139E+03 2.0891E+00 9.1870E+00
3.0196E+03 2.0887E+00 9.1850E+00
3.0253E+03 2.0884E+00 9.1830E+00
3.0310E+03 2.0881E+00 9.1820E+00
3.0367E+03 2.0878E+00 9.1800E+00
3.0424E+03 2.0875E+00 9.1780E+00
3.0481E+03 2.0872E+00 9.1770E+00
3.0538E+03 2.0869E+00 9.1750E+00
3.0595E+03 2.0865E+00 9.1730E+00
3.0652E+03 2.0862E+00 9.1720E+00
3.0709E+03 2.0859E+00 9.1700E+00
3.0766E+03 2.0856E+00 9.1680E+00
3.0824E+03 2.0853E+00 9.1670E+00
3.0881E+03 2.0850E+00 9.1650E+00
3.0938E+03 2.0847E+00 9.1640E+00
3.0995E+03 2.0844E+00 9.1620E+00
3.1052E+03 2.0840E+00 9.1600E+00
3.1109E+03 2.0837E+00 9.1590E+00
3.1166E+03 2.0834E+00 9.1570E+00
3.1223E+03 2.0831E+00 9.1560E+00
3.1280E+03 2.0828E+00 9.1540E+00
3.1337E+03 2.0825E+00 9.1520E+00
3.1394E+03 2.0822E+00 9.1510E+00
3.1451E+03 2.0819E+00 9.1490E+00
3.1508E+03 2.0816E+00 9.1480E+00
3.1565E+03 2.0813E+00 9.1460E+00
3.1623E+03 2.0810E+00 9.1440E+00
3.1680E+03 2.0806E+00 9.1430E+00
3.1737E+03 2.0803E+00 9.1410E+00
3.1794E+03 2.0800E+00 9.1400E+00
3.1851E+03 2.0797E+00 9.1380E+00
3.1908E+03 2.0794E+00 9.1370E+00
3.1965E+03 2.0791E+00 9.1350E+00
3.2022E+03 2.0788E+00 9.1330E+00
3.2079E+03 2.0785E+00 9.1320E+00
3.2136E+03 2.0782E+00 9.1300E+00
3.2193E+03 2.0779E+00 9.1290E+00
3.2250E+03 2.0776E+00 9.1270E+00
3.2307E+03 2.0773E+00 9.1260E+00
3.2364E+03 2.0770E+00 9.1240E+00
3.2421E+03 2.0767E+00 9.1230E+00
3.2479E+03 2.0764E+00 9.1210E+00
3.2536E+03 2.0761E+00 9.1200E+00
3.2593E+03 2.0758E+00 9.1180E+00
3.2650E+03 2.0755E+00 9.1170E+00
3.2707E+03 2.0752E+00 9.1150E+00
3.2764E+03 2.0749E+00 9.1140E+00
3.2821E+03 2.0746E+00 9.1120E+00
3.2878E+03 2.0743E+00 9.1110E+00
3.2935E+03 2.0740E+00 9.1090E+00
3.2992E+03 2.0737E+00 9.1080E+00
3.3049E+03 2.0734E+00 9.1060E+00
3.3106E+03 2.0731E+00 9.1050E+00
3.3163E+03 2.0728E+00 9.1030E+00
3.3220E+03 2.0725E+00 9.1020E+00
3.3278E+03 2.0722E+00 9.1000E+00
3.3335E+03 2.0719E+00 9.0990E+00
3.3392E+03 2.0716E+00 9.0970E+00
3.3449E+03 2.0713E+00 9.0960E+00
3.3506E+03 2.0710E+00 9.0940E+00
3.3563E+03 2.0707E+00 9.0930E+00
3.3620E+03 2.0704E+00 9.0910E+00
3.3677E+03 2.0702E+00 9.0900E+00
3.3734E+03 2.0699E+00 9.0890E+00
3.3791E+03 2.0696E+00 9.0870E+00
3.3848E+03 2.0693E+00 9.0860E+00
3.3905E+03 2.0690E+00 9.0840E+00
3.3962E+03 2.0687E+00 9.0830E+00
3.4019E+03 2.0684E+00 9.0810E+00
3.4077E+03 2.0681E+00 9.0800E+00
3.4134E+03 2.0678E+00 9.0780E+00
3.4191E+03 2.0675E+00 9.0770E+00
3.4248E+03 2.0672E+00 9.0760E+00
3.4305E+03 2.0669E+00 9.0740E+00
3.4362E+03 2.0667E+00 9.0730E+00
3.4419E+03 2.0664E+00 9.0710E+00
3.4476E+03 2.0661E+00 9.0700E+00
3.4533E+03 2.0658E+00 9.0690E+00
3.4590E+03 2.0655E+00 9.0670E+00
3.4647E+03 2.0652E+00 9.0660E+00
3.4704E+03 2.0649E+00 9.0640E+00
3.4761E+03 2.0646E+00 9.0630E+00
3.4818E+03 2.0644E+00 9.0620E+00
3.4876E+03 2.0641E+00 9.0600E+00
3.4933E+03 2.0638E+00 9.0590E+00
3.4990E+03 2.0635E+00 9.0570E+00
3.5047E+03 2.0632E+00 9.0560E+00
3.5104E+03 2.0629E+00 9.0550E+00
3.5161E+03 2.0626E+00 9.0530E+00
3.5218E+03 2.0624E+00 9.0520E+00
3.5275E+03 2.0621E+00 9.0510E+00
3.5332E+03 2.0618E+00 9.0490E+00
3.5389E+03 2.0615E+00 9.0480E+00
3.5446E+03 2.0612E+00 9.0460E+00
3.5503E+03 2.0609E+00 9.0450E+00
3.5560E+03 2.0607E+00 9.0440E+00
3.5617E+03 2.0604E+00 9.0420E+00
3.5675E+03 2.0601E+00 9.0410E+00
3.5732E+03 2.0598E+00 9.0400E+00
3.5789E+03 2.0595E+00 9.0380E+00
3.5846E+03 2.0593E+00 9.0370E+00
3.5903E+03 2.0590E+00 9.0360E+00
3.5960E+03 2.0587E+00 9.0340E+00
3.6017E+03 2.0584E+00 9.0330E+00
3.6074E+03 2.0581E+00 9.0320E+00
3.6131E+03 2.0579E+00 9.0300E+00
3.6188E+03 2.0576E+00 9.0290E+00
3.6245E+03 2.0573E+00 9.0280E+00
3.6302E+03 2.0570E+00 9.0260E+00
3.6359E+03 2.0568E+00 9.0250E+00
3.6416E+03 2.0565E+00 9.0240E+00
3.6474E+03 2.0562E+00 9.0230E+00
3.6531E+03 2.0559E+00 9.0210E+00
3.6588E+03 2.0556E+00 9.0200E+00
3.6645E+03 2.0554E+00 9.0190E+00
3.6702E+03 2.0551E+00 9.0170E+00
3.6759E+03 2.0548E+00 9.0160E+00
3.6816E+03 2.0545E+00 9.0150E+00
3.6873E+03 2.0543E+00 9.0130E+00
3.6930E+03 2.0540E+00 9.0120E+00
3.6987E+03 2.0537E+00 9.0110E+00
3.7044E+03 2.0535E+00 9.0100E+00
3.7101E+03 2.0532E+00 9.0080E+00
3.7158E+03 2.0529E+00 9.0070E+00
3.7215E+03 2.0526E+00 9.0060E+00
3.7273E+03 2.0524E+00 9.0040E+00
3.7330E+03 2.0521E+00 9.0030E+00
3.7387E+03 2.0518E+00 9.0020E+00
3.7444E+03 2.0516E+00 9.0010E+00
3.7501E+03 2.0513E+00 8.9990E+00
3.7558E+03 2.0510E+00 8.9980E+00
3.7615E+03 2.0507E+00 8.9970E+00
3.7672E+03 2.0505E+00 8.9960E+00
3.7729E+03 2.0502E+00 8.9940E+00
3.7786E+03 2.0499E+00 8.9930E+00
3.7843E+03 2.0497E+00 8.9920E+00
3.7900E+03 2.0494E+00 8.9910E+00
3.7957E+03 2.0491E+00 8.9890E+00
3.8014E+03 2.0489E+00 8.9880E+00
3.8071E+03 2.0486E+00 8.9870E+00
3.8129E+03 2.0483E+00 8.9860E+00
3.8186E+03 2.0481E+00 8.9840E+00
3.8243E+03 2.0478E+00 8.9830E+00
3.8300E+03 2.0475E+00 8.9820E+00
3.8357E+03 2.0473E+00 8.9810E+00
3.8414E+03 2.0470E+00 8.9800E+00
3.8471E+03 2.0467E+00 8.9780E+00
3.8528E+03 2.0465E+00 8.9770E+00
3.8585E+03 2.0462E+00 8.9760E+00
3.8642E+03 2.0459E+00 8.9750E+00
3.8699E+03 2.0457E+00 8.9730E+00
3.8756E+03 2.0454E+00 8.9720E+00
3.8813E+03 2.0452E+00 8.9710E+00
3.8870E+03 2.0449E+00 8.9700E+00
3.8928E+03 2.0446E+00 8.9690E+00
3.8985E+03 2.0444E+00 8.9670E+00
3.9042E+03 2.0441E+00 8.9660E+00
3.9099E+03 2.0438E+00 8.9650E+00
3.9156E+03 2.0436E+00 8.9640E+00
3.9213E+03 2.0433E+00 8.9630E+00
3.9270E+03 2.0431E+00 8.9620E+00
3.9327E+03 2.0428E+00 8.9600E+00
3.9384E+03 2.0425E+00 8.9590E+00
3.9441E+03 2.0423E+00 8.9580E+00
3.9498E+03 2.0420E+00 8.9570E+00
3.9555E+03 2.0418E+00 8.9560E+00
3.9612E+03 2.0415E+00 8.9540E+00
3.9669E+03 2.0413E+00 8.9530E+00
3.9727E+03 2.0410E+00 8.9520E+00
3.9784E+03 2.0407E+00 8.9510E+00
3.9841E+03 2.0405E+00 8.9500E+00
3.9898E+03 2.0402E+00 8.9490E+00
3.9955E+03 2.0400E+00 8.9470E+00
4.0012E+03 2.0397E+00 8.9460E+00
4.0069E+03 2.0395E+00 8.9450E+00
4.0126E+03 2.0392E+00 8.9440E+00
4.0183E+03 2.0389E+00 8.9430E+00
4.0240E+03 2.0387E+00 8.9420E+00
4.0297E+03 2.0384E+00 8.9410E+00
4.0354E+03 2.0382E+00 8.9390E+00
4.0411E+03 2.0379E+00 8.9380E+00
4.0468E+03 2.0377E+00 8.9370E+00
4.0526E+03 2.0374E+00 8.9360E+00
4.0583E+03 2.0372E+00 8.9350E+00
4.0640E+03 2.0369E+00 8.9340E+00
4.0697E+03 2.0367E+00 8.9330E+00
4.0754E+03 2.0364E+00 8.9310E+00
4.0811E+03 2.0362E+00 8.9300E+00
4.0868E+03 2.0359E+00 8.9290E+00
4.0925E+03 2.0357E+00 8.9280E+00
4.0982E+03 2.0354E+00 8.9270E+00
4.1039E+03 2.0351E+00 8.9260E+00
4.1096E+03 2.0349E+00 8.9250E+00
4.1153E+03 2.0346E+00 8.9240E+00
4.1210E+03 2.0344E+00 8.9230E+00
4.1267E+03 2.0341E+00 8.9210E+00
4.1325E+03 2.0339E+00 8.9200E+00
4.1382E+03 2.0337E+00 8.9190E+00
4.1439E+03 2.0334E+00 8.9180E+00
4.1496E+03 2.0332E+00 8.9170E+00
4.1553E+03 2.0329E+00 8.9160E+00
4.1610E+03 2.0327E+00 8.9150E+00
4.1667E+03 2.0324E+00 8.9140E+00
4.1724E+03 2.0322E+00 8.9130E+00
4.1781E+03 2.0319E+00 8.9120E+00
4.1838E+03 2.0317E+00 8.9100E+00
4.1895E+03 2.0314E+00 8.9090E+00
4.1952E+03 2.0312E+00 8.9080E+00
4.2009E+03 2.0309E+00 8.9070E+00
4.2066E+03 2.0307E+00 8.9060E+00
4.2124E+03 2.0304E+00 8.9050E+00
4.2181E+03 2.0302E+00 8.9040E+00
4.2238E+03 2.0300E+00 8.9030E+00
4.2295E+03 2.0297E+00 8.9020E+00
4.2352E+03 2.0295E+00 8.9010E+00
4.2409E+03 2.0292E+00 8.9000E+00
4.2466E+03 2.0290E+00 8.8990E+00
4.2523E+03 2.0287E+00 8.8980E+00
4.2580E+03 2.0285E+00 8.8960E+00
4.2637E+03 2.0282E+00 8.8950E+00
4.2694E+03 2.0280E+00 8.8940E+00
4.2751E+03 2.0278E+00 8.8930E+00
4.2808E+03 2.0275E+00 8.8920E+00
4.2865E+03 2.0273E+00 8.8910E+00
4.2922E+03 2.0270E+00 8.8900E+00
4.2980E+03 2.0268E+00 8.8890E+00
4.3037E+03 2.0266E+00 8.8880E+00
4.3094E+03 2.0263E+00 8.8870E+00
4.3151E+03 2.0261E+00 8.8860E+00
4.3208E+03 2.0258E+00 8.8850E+00
4.3265E+03 2.0256E+00 8.8840E+00
4.3322E+03 2.0254E+00 8.8830E+00
4.3379E+03 2.0251E+00 8.8820E+00
4.3436E+03 2.0249E+00 8.8810E+00
4.3493E+03 2.0246E+00 8.8800E+00
4.3550E+03 2.0244E+00 8.8790E+00
4.3607E+03 2.0242E+00 8.8780E+00
4.3664E+03 2.0239E+00 8.8770E+00
4.3721E+03 2.0237E+00 8.8760E+00
4.3779E+03 2.0235E+00 8.8750E+00
4.3836E+03 2.0232E+00 8.8740E+00
4.3893E+03 2.0230E+00 8.8730E+00
4.3950E+03 2.0227E+00 8.8720E+00
4.4007E+03 2.0225E+00 8.8710E+00
4.4064E+03 2.0223E+00 8.8700E+00
4.4121E+03 2.0220E+00 8.8690E+00
4.4178E+03 2.0218E+00 8.8680E+00
4.4235E+03 2.0216E+00 8.8670E+00
4.4292E+03 2.0213E+00 8.8660E+00
4.4349E+03 2.0211E+00 8.8640E+00
4.4406E+03 2.0209E+00 8.8630E+00
4.4463E+03 2.0206E+00 8.8620E+00
4.4520E+03 2.0204E+00 8.8610E+00
4.4578E+03 2.0202E+00 8.8600E+00
4.4635E+03 2.0199E+00 8.8600E+00
4.4692E+03 2.0197E+00 8.8590E+00
4.4749E+03 2.0195E+00 8.8580E+00
4.4806E+03 2.0192E+00 8.8570E+00
4.4863E+03 2.0190E+00 8.8560E+00
4.4920E+03 2.0188E+00 8.8550E+00
4.4977E+03 2.0185E+00 8.8540E+00
4.5034E+03 2.0183E+00 8.8530E+00
4.5091E+03 2.0181E+00 8.8520E+00
4.5148E+03 2.0178E+00 8.8510E+00
4.5205E+03 2.0176E+00 8.8500E+00
4.5262E+03 2.0174E+00 8.8490E+00
4.5319E+03 2.0172E+00 8.8480E+00
4.5377E+03 2.0169E+00 8.8470E+00
4.5434E+03 2.0167E+00 8.8460E+00
4.5491E+03 2.0165E+00 8.8450E+00
4.5548E+03 2.0162E+00 8.8440E+00
4.5605E+03 2.0160E+00 8.8430E+00
4.5662E+03 2.0158E+00 8.8420E+00
4.5719E+03 2.0156E+00 8.8410E+00
4.5776E+03 2.0153E+00 8.8400E+00
4.5833E+03 2.0151E+00 8.8390E+00
4.5890E+03 2.0149E+00 8.8380E+00
4.5947E+03 2.0146E+00 8.8370E+00
4.6004E+03 2.0144E+00 8.8360E+00
4.6061E+03 2.0142E+00 8.8350E+00
4.6118E+03 2.0140E+00 8.8340E+00
4.6176E+03 2.0137E+00 8.8330E+00
4.6233E+03 2.0135E+00 8.8320E+00
4.6290E+03 2.0133E+00 8.8310E+00
4.6347E+03 2.0131E+00 8.8300E+00
4.6404E+03 2.0128E+00 8.8290E+00
4.6461E+03 2.0126E+00 8.8290E+00
4.6518E+03 2.0124E+00 8.8280E+00
4.6575E+03 2.0122E+00 8.8270E+00
4.6632E+03 2.0119E+00 8.8260E+00
4.6689E+03 2.0117E+00 8.8250E+00
4.6746E+03 2.0115E+00 8.8240E+00
4.6803E+03 2.0113E+00 8.8230E+00
4.6860E+03 2.0110E+00 8.8220E+00
4.6917E+03 2.0108E+00 8.8210E+00
4.6975E+03 2.0106E+00 8.8200E+00
4.7032E+03 2.0104E+00 8.8190E+00
4.7089E+03 2.0102E+00 8.8180E+00
4.7146E+03 2.0099E+00 8.8170E+00
4.7203E+03 2.0097E+00 8.8160E+00
4.7260E+03 2.0095E+00 8.8160E+00
4.7317E+03 2.0093E+00 8.8150E+00
4.7374E+03 2.0091E+00 8.8140E+00
4.7431E+03 2.0088E+00 8.8130E+00
4.7488E+03 2.0086E+00 8.8120E+00
4.7545E+03 2.0084E+00 8.8110E+00
4.7602E+03 2.0082E+00 8.8100E+00
4.7659E+03 2.0080E+00 8.8090E+00
4.7716E+03 2.0077E+00 8.8080E+00
4.7774E+03 2.0075E+00 8.8070E+00
4.7831E+03 2.0073E+00 8.8060E+00
4.7888E+03 2.0071E+00 8.8050E+00
4.7945E+03 2.0069E+00 8.8050E+00
4.8002E+03 2.0066E+00 8.8040E+00
4.8059E+03 2.0064E+00 8.8030E+00
4.8116E+03 2.0062E+00 8.8020E+00
4.8173E+03 2.0060E+00 8.8010E+00
4.8230E+03 2.0058E+00 8.8000E+00
4.8287E+03 2.0056E+00 8.7990E+00
4.8344E+03 2.0053E+00 8.7980E+00
4.8401E+03 2.0051E+00 8.7970E+00
4.8458E+03 2.0049E+00 8.7970E+00
4.8515E+03 2.0047E+00 8.7960E+00
4.8572E+03 2.0045E+00 8.7950E+00
4.8630E+03 2.0043E+00 8.7940E+00
4.8687E+03 2.0040E+00 8.7930E+00
4.8744E+03 2.0038E+00 8.7920E+00
4.8801E+03 2.0036E+00 8.7910E+00
4.8858E+03 2.0034E+00 8.7900E+00
4.8915E+03 2.0032E+00 8.7890E+00
4.8972E+03 2.0030E+00 8.7890E+00
4.9029E+03 2.0028E+00 8.7880E+00
4.9086E+03 2.0025E+00 8.7870E+00
4.9143E+03 2.0023E+00 8.7860E+00
4.9200E+03 2.0021E+00 8.7850E+00
4.9257E+03 2.0019E+00 8.7840E+00
4.9314E+03 2.0017E+00 8.7830E+00
4.9371E+03 2.0015E+00 8.7830E+00
4.9429E+03 2.0013E+00 8.7820E+00
4.9486E+03 2.0011E+00 8.7810E+00
4.9543E+03 2.0009E+00 8.7800E+00
4.9600E+03 2.0006E+00 8.7790E+00
4.9657E+03 2.0004E+00 8.7780E+00
4.9714E+03 2.0002E+00 8.7770E+00
4.9771E+03 2.0000E+00 8.7770E+00
4.9828E+03 1.9998E+00 8.7760E+00
4.9885E+03 1.9996E+00 8.7750E+00
4.9942E+03 1.9994E+00 8.7740E+00
4.9999E+03 1.9992E+00 8.7730E+00
5.0056E+03 1.9990E+00 8.7720E+00
5.0113E+03 1.9987E+00 8.7710E+00
5.0170E+03 1.9985E+00 8.7710E+00
5.0228E+03 1.9983E+00 8.7700E+00
5.0285E+03 1.9981E+00 8.7690E+00
5.0342E+03 1.9979E+00 8.7680E+00
5.0399E+03 1.9977E+00 8.7670E+00
5.0456E+03 1.9975E+00 8.7660E+00
5.0513E+03 1.9973E+00 8.7660E+00
5.0570E+03 1.9971E+00 8.7650E+00
5.0627E+03 1.9969E+00 8.7640E+00
5.0684E+03 1.9967E+00 8.7630E+00
5.0741E+03 1.9965E+00 8.7620E+00
5.0798E+03 1.9963E+00 8.7610E+00
5.0855E+03 1.9961E+00 8.7610E+00
5.0912E+03 1.9958E+00 8.7600E+00
5.0969E+03 1.9956E+00 8.7590E+00
5.1027E+03 1.9954E+00 8.7580E+00
5.1084E+03 1.9952E+00 8.7570E+00
5.1141E+03 1.9950E+00 8.7560E+00
5.1198E+03 1.9948E+00 8.7560E+00
5.1255E+03 1.9946E+00 8.7550E+00
5.1312E+03 1.9944E+00 8.7540E+00
5.1369E+03 1.9942E+00 8.7530E+00
5.1426E+03 1.9940E+00 8.7520E+00
5.1483E+03 1.9938E+00 8.7510E+00
5.1540E+03 1.9936E+00 8.7510E+00
5.1597E+03 1.9934E+00 8.7500E+00
5.1654E+03 1.9932E+00 8.7490E+00
5.1711E+03 1.9930E+00 8.7480E+00
5.1768E+03 1.9928E+00 8.7470E+00
5.1826E+03 1.9926E+00 8.7470E+00
5.1883E+03 1.9924E+00 8.7460E+00
5.1940E+03 1.9922E+00 8.7450E+00
5.1997E+03 1.9920E+00 8.7440E+00
5.2054E+03 1.9918E+00 8.7430E+00
5.2111E+03 1.9916E+00 8.7430E+00
5.2168E+03 1.9914E+00 8.7420E+00
5.2225E+03 1.9912E+00 8.7410E+00
5.2282E+03 1.9910E+00 8.7400E+00
5.2339E+03 1.9908E+00 8.7390E+00
5.2396E+03 1.9906E+00 8.7390E+00
5.2453E+03 1.9904E+00 8.7380E+00
5.2510E+03 1.9902E+00 8.7370E+00
5.2567E+03 1.9900E+00 8.7360E+00
5.2625E+03 1.9898E+00 8.7350E+00
5.2682E+03 1.9896E+00 8.7350E+00
5.2739E+03 1.9894E+00 8.7340E+00
5.2796E+03 1.9892E+00 8.7330E+00
5.2853E+03 1.9890E+00 8.7320E+00
5.2910E+03 1.9888E+00 8.7320E+00
5.2967E+03 1.9886E+00 8.7310E+00
5.3024E+03 1.9884E+00 8.7300E+00
5.3081E+03 1.9882E+00 8.7290E+00
5.3138E+03 1.9880E+00 8.7280E+00
5.3195E+03 1.9878E+00 8.7280E+00
5.3252E+03 1.9876E+00 8.7270E+00
5.3309E+03 1.9874E+00 8.7260E+00
5.3366E+03 1.9872E+00 8.7250E+00
5.3424E+03 1.9870E+00 8.7250E+00
5.3481E+03 1.9868E+00 8.7240E+00
5.3538E+03 1.9866E+00 8.7230E+00
5.3595E+03 1.9864E+00 8.7220E+00
5.3652E+03 1.9862E+00 8.7210E+00
5.3709E+03 1.9860E+00 8.7210E+00
5.3766E+03 1.9858E+00 8.7200E+00
5.3823E+03 1.9856E+00 8.7190E+00
5.3880E+03 1.9854E+00 8.7180E+00
5.3937E+03 1.9852E+00 8.7180E+00
5.3994E+03 1.9850E+00 8.7170E+00
5.4051E+03 1.9848E+00 8.7160E+00
5.4108E+03 1.9847E+00 8.7150E+00
5.4165E+03 1.9845E+00 8.7150E+00
5.4222E+03 1.9843E+00 8.7140E+00
5.4280E+03 1.9841E+00 8.7130E+00
5.4337E+03 1.9839E+00 8.7120E+00
5.4394E+03 1.9837E+00 8.7120E+00
5.4451E+03 1.9835E+00 8.7110E+00
5.4508E+03 1.9833E+00 8.7100E+00
5.4565E+03 1.9831E+00 8.7090E+00
5.4622E+03 1.9829E+00 8.7090E+00
5.4679E+03 1.9827E+00 8.7080E+00
5.4736E+03 1.9825E+00 8.7070E+00
5.4793E+03 1.9823E+00 8.7060E+00
5.4850E+03 1.9821E+00 8.7060E+00
5.4907E+03 1.9820E+00 8.7050E+00
5.4964E+03 1.9818E+00 8.7040E+00
5.5021E+03 1.9816E+00 8.7030E+00
5.5079E+03 1.9814E+00 8.7030E+00
5.5136E+03 1.9812E+00 8.7020E+00
5.5193E+03 1.9810E+00 8.7010E+00
5.5250E+03 1.9808E+00 8.7000E+00
5.5307E+03 1.9806E+00 8.7000E+00
5.5364E+03 1.9804E+00 8.6990E+00
5.5421E+03 1.9802E+00 8.6980E+00
5.5478E+03 1.9801E+00 8.6970E+00
5.5535E+03 1.9799E+00 8.6970E+00
5.5592E+03 1.9797E+00 8.6960E+00
5.5649E+03 1.9795E+00 8.6950E+00
5.5706E+03 1.9793E+00 8.6950E+00
5.5763E+03 1.9791E+00 8.6940E+00
5.5820E+03 1.9789E+00 8.6930E+00
5.5878E+03 1.9787E+00 8.6920E+00
5.5935E+03 1.9785E+00 8.6920E+00
5.5992E+03 1.9784E+00 8.6910E+00
5.6049E+03 1.9782E+00 8.6900E+00
5.6106E+03 1.9780E+00 8.6890E+00
5.6163E+03 1.9778E+00 8.6890E+00
5.6220E+03 1.9776E+00 8.6880E+00
5.6277E+03 1.9774E+00 8.6870E+00
5.6334E+03 1.9772E+00 8.6870E+00
5.6391E+03 1.9771E+00 8.6860E+00
5.6448E+03 1.9769E+00 8.6850E+00
5.6505E+03 1.9767E+00 8.6840E+00
5.6562E+03 1.9765E+00 8.6840E+00
5.6619E+03 1.9763E+00 8.6830E+00
5.6677E+03 1.9761E+00 8.6820E+00
5.6734E+03 1.9759E+00 8.6820E+00
5.6791E+03 1.9758E+00 8.6810E+00
5.6848E+03 1.9756E+00 8.6800E+00
5.6905E+03 1.9754E+00 8.6800E+00
5.6962E+03 1.9752E+00 8.6790E+00
5.7019E+03 1.9750E+00 8.6780E+00
5.7076E+03 1.9748E+00 8.6770E+00
