6.2415E+00 3.6572E-01 1.2813E+01
1.0957E+01 5.3657E-01 1.2397E+01
1.5673E+01 6.7537E-01 1.2324E+01
2.0389E+01 7.9247E-01 1.2317E+01
2.5105E+01 8.9355E-01 1.2327E+01
2.9821E+01 9.8219E-01 1.2338E+01
3.4537E+01 1.0609E+00 1.2347E+01
3.9253E+01 1.1313E+00 1.2353E+01
4.3969E+01 1.1950E+00 1.2355E+01
4.8685E+01 1.2527E+00 1.2355E+01
5.3401E+01 1.3055E+00 1.2352E+01
5.8117E+01 1.3539E+00 1.2346E+01
6.2833E+01 1.3985E+00 1.2339E+01
6.7549E+01 1.4397E+00 1.2329E+01
7.2265E+01 1.4779E+00 1.2319E+01
7.6981E+01 1.5134E+00 1.2307E+01
8.1697E+01 1.5466E+00 1.2294E+01
8.6413E+01 1.5775E+00 1.2281E+01
9.1129E+01 1.6065E+00 1.2266E+01
9.5845E+01 1.6337E+00 1.2252E+01
1.0056E+02 1.6593E+00 1.2236E+01
1.0528E+02 1.6833E+00 1.2221E+01
1.0999E+02 1.7060E+00 1.2204E+01
1.1471E+02 1.7275E+00 1.2188E+01
1.1942E+02 1.7478E+00 1.2172E+01
1.2414E+02 1.7670E+00 1.2155E+01
1.2886E+02 1.7852E+00 1.2138E+01
1.3357E+02 1.8024E+00 1.2121E+01
1.3829E+02 1.8189E+00 1.2104E+01
1.4300E+02 1.8345E+00 1.2087E+01
1.4772E+02 1.8493E+00 1.2071E+01
1.5244E+02 1.8635E+00 1.2054E+01
1.5715E+02 1.8770E+00 1.2037E+01
1.6187E+02 1.8898E+00 1.2020E+01
1.6658E+02 1.9021E+00 1.2003E+01
1.7130E+02 1.9139E+00 1.1986E+01
1.7602E+02 1.9251E+00 1.1970E+01
1.8073E+02 1.9359E+00 1.1953E+01
1.8545E+02 1.9462E+00 1.1937E+01
1.9016E+02 1.9560E+00 1.1920E+01
1.9488E+02 1.9655E+00 1.1904E+01
1.9960E+02 1.9745E+00 1.1888E+01
2.0431E+02 1.9832E+00 1.1872E+01
2.0903E+02 1.9916E+00 1.1856E+01
2.1374E+02 1.9996E+00 1.1840E+01
2.1846E+02 2.0073E+00 1.1824E+01
2.2318E+02 2.0147E+00 1.1809E+01
2.2789E+02 2.0218E+00 1.1793E+01
2.3261E+02 2.0287E+00 1.1778E+01
2.3732E+02 2.0353E+00 1.1763E+01
2.4204E+02 2.0416E+00 1.1748E+01
2.4676E+02 2.0477E+00 1.1733E+01
2.5147E+02 2.0536E+00 1.1718E+01
2.5619E+02 2.0593E+00 1.1703E+01
2.6090E+02 2.0648E+00 1.1689E+01
2.6562E+02 2.0700E+00 1.1674E+01
2.7034E+02 2.0751E+00 1.1660E+01
2.7505E+02 2.0800E+00 1.1646E+01
2.7977E+02 2.0848E+00 1.1632E+01
2.8448E+02 2.0893E+00 1.1618E+01
2.8920E+02 2.0937E+00 1.1604E+01
2.9391E+02 2.0980E+00 1.1590E+01
2.9863E+02 2.1021E+00 1.1577E+01
3.0335E+02 2.1061E+00 1.1563E+01
3.0806E+02 2.1099E+00 1.1550E+01
3.1278E+02 2.1136E+00 1.1537E+01
3.1749E+02 2.1172E+00 1.1523E+01
3.2221E+02 2.1207E+00 1.1510E+01
3.2693E+02 2.1240E+00 1.1497E+01
3.3164E+02 2.1273E+00 1.1485E+01
3.3636E+02 2.1304E+00 1.1472E+01
3.4107E+02 2.1334E+00 1.1459E+01
3.4579E+02 2.1363E+00 1.1447E+01
3.5051E+02 2.1392E+00 1.1435E+01
3.5522E+02 2.1419E+00 1.1422E+01
3.5994E+02 2.1446E+00 1.1410E+01
3.6465E+02 2.1471E+00 1.1398E+01
3.6937E+02 2.1496E+00 1.1386E+01
3.7409E+02 2.1520E+00 1.1374E+01
3.7880E+02 2.1543E+00 1.1363E+01
3.8352E+02 2.1566E+00 1.1351E+01
3.8823E+02 2.1587E+00 1.1339E+01
3.9295E+02 2.1608E+00 1.1328E+01
3.9767E+02 2.1629E+00 1.1316E+01
4.0238E+02 2.1648E+00 1.1305E+01
4.0710E+02 2.1668E+00 1.1294E+01
4.1181E+02 2.1686E+00 1.1283E+01
4.1653E+02 2.1704E+00 1.1272E+01
4.2125E+02 2.1721E+00 1.1261E+01
4.2596E+02 2.1738E+00 1.1250E+01
4.3068E+02 2.1754E+00 1.1239E+01
4.3539E+02 2.1770E+00 1.1229E+01
4.4011E+02 2.1785E+00 1.1218E+01
4.4483E+02 2.1799E+00 1.1208E+01
4.4954E+02 2.1813E+00 1.1197E+01
4.5426E+02 2.1827E+00 1.1187E+01
4.5897E+02 2.1840E+00 1.1177E+01
4.6369E+02 2.1853E+00 1.1166E+01
4.6841E+02 2.1866E+00 1.1156E+01
4.7312E+02 2.1878E+00 1.1146E+01
4.7784E+02 2.1889E+00 1.1136E+01
4.8255E+02 2.1900E+00 1.1126E+01
4.8727E+02 2.1911E+00 1.1117E+01
4.9199E+02 2.1921E+00 1.1107E+01
4.9670E+02 2.1932E+00 1.1097E+01
5.0142E+02 2.1941E+00 1.1088E+01
5.0613E+02 2.1951E+00 1.1078E+01
5.1085E+02 2.1960E+00 1.1069E+01
5.1557E+02 2.1968E+00 1.1059E+01
5.2028E+02 2.1977E+00 1.1050E+01
5.2500E+02 2.1985E+00 1.1041E+01
5.2971E+02 2.1993E+00 1.1032E+01
5.3443E+02 2.2000E+00 1.1022E+01
5.3914E+02 2.2007E+00 1.1013E+01
5.4386E+02 2.2014E+00 1.1004E+01
5.4858E+02 2.2021E+00 1.0996E+01
5.5329E+02 2.2028E+00 1.0987E+01
5.5801E+02 2.2034E+00 1.0978E+01
5.6272E+02 2.2040E+00 1.0969E+01
5.6744E+02 2.2046E+00 1.0960E+01
5.7216E+02 2.2051E+00 1.0952E+01
5.7687E+02 2.2056E+00 1.0943E+01
5.8159E+02 2.2061E+00 1.0935E+01
5.8630E+02 2.2066E+00 1.0926E+01
5.9102E+02 2.2071E+00 1.0918E+01
5.9574E+02 2.2075E+00 1.0910E+01
6.0045E+02 2.2080E+00 1.0901E+01
6.0517E+02 2.2084E+00 1.0893E+01
6.0988E+02 2.2087E+00 1.0885E+01
6.1460E+02 2.2091E+00 1.0877E+01
6.1932E+02 2.2095E+00 1.0869E+01
6.2403E+02 2.2098E+00 1.0861E+01
6.2875E+02 2.2101E+00 1.0853E+01
6.3346E+02 2.2104E+00 1.0845E+01
6.3818E+02 2.2107E+00 1.0837E+01
6.4290E+02 2.2109E+00 1.0829E+01
6.4761E+02 2.2112E+00 1.0822E+01
6.5233E+02 2.2114E+00 1.0814E+01
6.5704E+02 2.2116E+00 1.0806E+01
6.6176E+02 2.2119E+00 1.0799E+01
6.6648E+02 2.2120E+00 1.0791E+01
6.7119E+02 2.2122E+00 1.0784E+01
6.7591E+02 2.2124E+00 1.0776E+01
6.8062E+02 2.2125E+00 1.0769E+01
6.8534E+02 2.2127E+00 1.0761E+01
6.9006E+02 2.2128E+00 1.0754E+01
6.9477E+02 2.2129E+00 1.0747E+01
6.9949E+02 2.2130E+00 1.0739E+01
7.0420E+02 2.2131E+00 1.0732E+01
7.0892E+02 2.2132E+00 1.0725E+01
7.1364E+02 2.2133E+00 1.0718E+01
7.1835E+02 2.2133E+00 1.0711E+01
7.2307E+02 2.2134E+00 1.0704E+01
7.2778E+02 2.2134E+00 1.0697E+01
7.3250E+02 2.2134E+00 1.0690E+01
7.3722E+02 2.2134E+00 1.0683E+01
7.4193E+02 2.2135E+00 1.0676E+01
7.4665E+02 2.2134E+00 1.0669E+01
7.5136E+02 2.2134E+00 1.0663E+01
7.5608E+02 2.2134E+00 1.0656E+01
7.6079E+02 2.2134E+00 1.0649E+01
7.6551E+02 2.2133E+00 1.0643E+01
7.7023E+02 2.2133E+00 1.0636E+01
7.7494E+02 2.2132E+00 1.0629E+01
7.7966E+02 2.2132E+00 1.0623E+01
7.8437E+02 2.2131E+00 1.0616E+01
7.8909E+02 2.2130E+00 1.0610E+01
7.9381E+02 2.2130E+00 1.0603E+01
7.9852E+02 2.2129E+00 1.0597E+01
8.0324E+02 2.2128E+00 1.0591E+01
8.0795E+02 2.2127E+00 1.0584E+01
8.1267E+02 2.2125E+00 1.0578E+01
8.1739E+02 2.2124E+00 1.0572E+01
8.2210E+02 2.2123E+00 1.0565E+01
8.2682E+02 2.2122E+00 1.0559E+01
8.3153E+02 2.2120E+00 1.0553E+01
8.3625E+02 2.2119E+00 1.0547E+01
8.4097E+02 2.2117E+00 1.0541E+01
8.4568E+02 2.2116E+00 1.0535E+01
8.5040E+02 2.2114E+00 1.0529E+01
8.5511E+02 2.2112E+00 1.0523E+01
8.5983E+02 2.2110E+00 1.0517E+01
8.6455E+02 2.2109E+00 1.0511E+01
8.6926E+02 2.2107E+00 1.0505E+01
8.7398E+02 2.2105E+00 1.0499E+01
8.7869E+02 2.2103E+00 1.0493E+01
8.8341E+02 2.2101E+00 1.0487E+01
8.8813E+02 2.2099E+00 1.0482E+01
8.9284E+02 2.2097E+00 1.0476E+01
8.9756E+02 2.2095E+00 1.0470E+01
9.0227E+02 2.2092E+00 1.0464E+01
9.0699E+02 2.2090E+00 1.0459E+01
9.1171E+02 2.2088E+00 1.0453E+01
9.1642E+02 2.2086E+00 1.0447E+01
9.2114E+02 2.2083E+00 1.0442E+01
9.2585E+02 2.2081E+00 1.0436E+01
9.3057E+02 2.2078E+00 1.0431E+01
9.3529E+02 2.2076E+00 1.0425E+01
9.4000E+02 2.2073E+00 1.0420E+01
9.4472E+02 2.2071E+00 1.0414E+01
9.4943E+02 2.2068E+00 1.0409E+01
9.5415E+02 2.2066E+00 1.0404E+01
9.5887E+02 2.2063E+00 1.0398E+01
9.6358E+02 2.2060E+00 1.0393E+01
9.6830E+02 2.2057E+00 1.0388E+01
9.7301E+02 2.2055E+00 1.0382E+01
9.7773E+02 2.2052E+00 1.0377E+01
9.8244E+02 2.2049E+00 1.0372E+01
9.8716E+02 2.2046E+00 1.0366E+01
9.9188E+02 2.2043E+00 1.0361E+01
9.9659E+02 2.2040E+00 1.0356E+01
1.0013E+03 2.2037E+00 1.0351E+01
1.0060E+03 2.2034E+00 1.0346E+01
1.0107E+03 2.2031E+00 1.0341E+01
1.0155E+03 2.2028E+00 1.0336E+01
1.0202E+03 2.2025E+00 1.0331E+01
1.0249E+03 2.2022E+00 1.0326E+01
1.0296E+03 2.2019E+00 1.0321E+01
1.0343E+03 2.2016E+00 1.0316E+01
1.0390E+03 2.2013E+00 1.0311E+01
1.0438E+03 2.2010E+00 1.0306E+01
1.0485E+03 2.2007E+00 1.0301E+01
1.0532E+03 2.2003E+00 1.0296E+01
1.0579E+03 2.2000E+00 1.0291E+01
1.0626E+03 2.1997E+00 1.0286E+01
1.0673E+03 2.1994E+00 1.0282E+01
1.0720E+03 2.1990E+00 1.0277E+01
1.0768E+03 2.1987E+00 1.0272E+01
1.0815E+03 2.1984E+00 1.0267E+01
1.0862E+03 2.1980E+00 1.0262E+01
1.0909E+03 2.1977E+00 1.0258E+01
1.0956E+03 2.1973E+00 1.0253E+01
1.1003E+03 2.1970E+00 1.0248E+01
1.1051E+03 2.1966E+00 1.0244E+01
1.1098E+03 2.1963E+00 1.0239E+01
1.1145E+03 2.1960E+00 1.0235E+01
1.1192E+03 2.1956E+00 1.0230E+01
1.1239E+03 2.1953E+00 1.0225E+01
1.1286E+03 2.1949E+00 1.0221E+01
1.1334E+03 2.1945E+00 1.0216E+01
1.1381E+03 2.1942E+00 1.0212E+01
1.1428E+03 2.1938E+00 1.0207E+01
1.1475E+03 2.1935E+00 1.0203E+01
1.1522E+03 2.1931E+00 1.0198E+01
1.1569E+03 2.1928E+00 1.0194E+01
1.1617E+03 2.1924E+00 1.0190E+01
1.1664E+03 2.1920E+00 1.0185E+01
1.1711E+03 2.1917E+00 1.0181E+01
1.1758E+03 2.1913E+00 1.0176E+01
1.1805E+03 2.1909E+00 1.0172E+01
1.1852E+03 2.1906E+00 1.0168E+01
1.1899E+03 2.1902E+00 1.0163E+01
1.1947E+03 2.1898E+00 1.0159E+01
1.1994E+03 2.1895E+00 1.0155E+01
1.2041E+03 2.1891E+00 1.0151E+01
1.2088E+03 2.1887E+00 1.0146E+01
1.2135E+03 2.1883E+00 1.0142E+01
1.2182E+03 2.1880E+00 1.0138E+01
1.2230E+03 2.1876E+00 1.0134E+01
1.2277E+03 2.1872E+00 1.0130E+01
1.2324E+03 2.1868E+00 1.0126E+01
1.2371E+03 2.1865E+00 1.0121E+01
1.2418E+03 2.1861E+00 1.0117E+01
1.2465E+03 2.1857E+00 1.0113E+01
1.2513E+03 2.1853E+00 1.0109E+01
1.2560E+03 2.1849E+00 1.0105E+01
1.2607E+03 2.1845E+00 1.0101E+01
1.2654E+03 2.1842E+00 1.0097E+01
1.2701E+03 2.1838E+00 1.0093E+01
1.2748E+03 2.1834E+00 1.0089E+01
1.2796E+03 2.1830E+00 1.0085E+01
1.2843E+03 2.1826E+00 1.0081E+01
1.2890E+03 2.1822E+00 1.0077E+01
1.2937E+03 2.1818E+00 1.0073E+01
1.2984E+03 2.1815E+00 1.0069E+01
1.3031E+03 2.1811E+00 1.0065E+01
1.3078E+03 2.1807E+00 1.0061E+01
1.3126E+03 2.1803E+00 1.0058E+01
1.3173E+03 2.1799E+00 1.0054E+01
1.3220E+03 2.1795E+00 1.0050E+01
1.3267E+03 2.1791E+00 1.0046E+01
1.3314E+03 2.1787E+00 1.0042E+01
1.3361E+03 2.1783E+00 1.0038E+01
1.3409E+03 2.1779E+00 1.0035E+01
1.3456E+03 2.1775E+00 1.0031E+01
1.3503E+03 2.1771E+00 1.0027E+01
1.3550E+03 2.1768E+00 1.0023E+01
1.3597E+03 2.1764E+00 1.0020E+01
1.3644E+03 2.1760E+00 1.0016E+01
1.3692E+03 2.1756E+00 1.0012E+01
1.3739E+03 2.1752E+00 1.0009E+01
1.3786E+03 2.1748E+00 1.0005E+01
1.3833E+03 2.1744E+00 1.0001E+01
1.3880E+03 2.1740E+00 9.9980E+00
1.3927E+03 2.1736E+00 9.9940E+00
1.3974E+03 2.1732E+00 9.9900E+00
1.4022E+03 2.1728E+00 9.9870E+00
1.4069E+03 2.1724E+00 9.9830E+00
1.4116E+03 2.1720E+00 9.9800E+00
1.4163E+03 2.1716E+00 9.9760E+00
1.4210E+03 2.1712E+00 9.9720E+00
1.4257E+03 2.1708E+00 9.9690E+00
1.4305E+03 2.1704E+00 9.9650E+00
1.4352E+03 2.1700E+00 9.9620E+00
1.4399E+03 2.1696E+00 9.9580E+00
1.4446E+03 2.1692E+00 9.9550E+00
1.4493E+03 2.1688E+00 9.9510E+00
1.4540E+03 2.1684E+00 9.9480E+00
1.4588E+03 2.1680E+00 9.9440E+00
1.4635E+03 2.1676E+00 9.9410E+00
1.4682E+03 2.1672E+00 9.9380E+00
1.4729E+03 2.1668E+00 9.9340E+00
1.4776E+03 2.1664E+00 9.9310E+00
1.4823E+03 2.1660E+00 9.9270E+00
1.4871E+03 2.1656E+00 9.9240E+00
1.4918E+03 2.1652E+00 9.9210E+00
1.4965E+03 2.1648E+00 9.9170E+00
1.5012E+03 2.1644E+00 9.9140E+00
1.5059E+03 2.1640E+00 9.9110E+00
1.5106E+03 2.1636E+00 9.9070E+00
1.5153E+03 2.1632E+00 9.9040E+00
1.5201E+03 2.1628E+00 9.9010E+00
1.5248E+03 2.1624E+00 9.8970E+00
1.5295E+03 2.1620E+00 9.8940E+00
1.5342E+03 2.1616E+00 9.8910E+00
1.5389E+03 2.1612E+00 9.8880E+00
1.5436E+03 2.1608E+00 9.8840E+00
1.5484E+03 2.1604E+00 9.8810E+00
1.5531E+03 2.1600E+00 9.8780E+00
1.5578E+03 2.1596E+00 9.8750E+00
1.5625E+03 2.1592E+00 9.8710E+00
1.5672E+03 2.1588E+00 9.8680E+00
1.5719E+03 2.1584E+00 9.8650E+00
1.5767E+03 2.1580E+00 9.8620E+00
1.5814E+03 2.1576E+00 9.8590E+00
1.5861E+03 2.1572E+00 9.8560E+00
1.5908E+03 2.1568E+00 9.8530E+00
1.5955E+03 2.1564E+00 9.8490E+00
1.6002E+03 2.1560E+00 9.8460E+00
1.6050E+03 2.1556E+00 9.8430E+00
1.6097E+03 2.1552E+00 9.8400E+00
1.6144E+03 2.1548E+00 9.8370E+00
1.6191E+03 2.1544E+00 9.8340E+00
1.6238E+03 2.1540E+00 9.8310E+00
1.6285E+03 2.1536E+00 9.8280E+00
1.6332E+03 2.1532E+00 9.8250E+00
1.6380E+03 2.1528E+00 9.8220E+00
1.6427E+03 2.1524E+00 9.8190E+00
1.6474E+03 2.1520E+00 9.8160E+00
1.6521E+03 2.1516E+00 9.8130E+00
1.6568E+03 2.1513E+00 9.8100E+00
1.6615E+03 2.1509E+00 9.8070E+00
1.6663E+03 2.1505E+00 9.8040E+00
1.6710E+03 2.1501E+00 9.8010E+00
1.6757E+03 2.1497E+00 9.7980E+00
1.6804E+03 2.1493E+00 9.7950E+00
1.6851E+03 2.1489E+00 9.7920E+00
1.6898E+03 2.1485E+00 9.7890E+00
1.6946E+03 2.1481E+00 9.7860E+00
1.6993E+03 2.1477E+00 9.7830E+00
1.7040E+03 2.1473E+00 9.7800E+00
1.7087E+03 2.1469E+00 9.7770E+00
1.7134E+03 2.1465E+00 9.7750E+00
1.7181E+03 2.1461E+00 9.7720E+00
1.7229E+03 2.1457E+00 9.7690E+00
1.7276E+03 2.1453E+00 9.7660E+00
1.7323E+03 2.1449E+00 9.7630E+00
1.7370E+03 2.1445E+00 9.7600E+00
1.7417E+03 2.1441E+00 9.7570E+00
1.7464E+03 2.1438E+00 9.7550E+00
1.7511E+03 2.1434E+00 9.7520E+00
1.7559E+03 2.1430E+00 9.7490E+00
1.7606E+03 2.1426E+00 9.7460E+00
1.7653E+03 2.1422E+00 9.7430E+00
1.7700E+03 2.1418E+00 9.7410E+00
1.7747E+03 2.1414E+00 9.7380E+00
1.7794E+03 2.1410E+00 9.7350E+00
1.7842E+03 2.1406E+00 9.7320E+00
1.7889E+03 2.1402E+00 9.7300E+00
1.7936E+03 2.1398E+00 9.7270E+00
1.7983E+03 2.1395E+00 9.7240E+00
1.8030E+03 2.1391E+00 9.7210E+00
1.8077E+03 2.1387E+00 9.7190E+00
1.8125E+03 2.1383E+00 9.7160E+00
1.8172E+03 2.1379E+00 9.7130E+00
1.8219E+03 2.1375E+00 9.7110E+00
1.8266E+03 2.1371E+00 9.7080E+00
1.8313E+03 2.1367E+00 9.7050E+00
1.8360E+03 2.1364E+00 9.7030E+00
1.8407E+03 2.1360E+00 9.7000E+00
1.8455E+03 2.1356E+00 9.6970E+00
1.8502E+03 2.1352E+00 9.6950E+00
1.8549E+03 2.1348E+00 9.6920E+00
1.8596E+03 2.1344E+00 9.6900E+00
1.8643E+03 2.1340E+00 9.6870E+00
1.8690E+03 2.1337E+00 9.6840E+00
1.8738E+03 2.1333E+00 9.6820E+00
1.8785E+03 2.1329E+00 9.6790E+00
1.8832E+03 2.1325E+00 9.6770E+00
1.8879E+03 2.1321E+00 9.6740E+00
1.8926E+03 2.1317E+00 9.6710E+00
1.8973E+03 2.1314E+00 9.6690E+00
1.9021E+03 2.1310E+00 9.6660E+00
1.9068E+03 2.1306E+00 9.6640E+00
1.9115E+03 2.1302E+00 9.6610E+00
1.9162E+03 2.1298E+00 9.6590E+00
1.9209E+03 2.1294E+00 9.6560E+00
1.9256E+03 2.1291E+00 9.6540E+00
1.9304E+03 2.1287E+00 9.6510E+00
1.9351E+03 2.1283E+00 9.6490E+00
1.9398E+03 2.1279E+00 9.6460E+00
1.9445E+03 2.1275E+00 9.6440E+00
1.9492E+03 2.1272E+00 9.6410E+00
1.9539E+03 2.1268E+00 9.6390E+00
1.9586E+03 2.1264E+00 9.6360E+00
1.9634E+03 2.1260E+00 9.6340E+00
1.9681E+03 2.1257E+00 9.6310E+00
1.9728E+03 2.1253E+00 9.6290E+00
1.9775E+03 2.1249E+00 9.6260E+00
1.9822E+03 2.1245E+00 9.6240E+00
1.9869E+03 2.1242E+00 9.6220E+00
1.9917E+03 2.1238E+00 9.6190E+00
1.9964E+03 2.1234E+00 9.6170E+00
2.0011E+03 2.1230E+00 9.6140E+00
2.0058E+03 2.1227E+00 9.6120E+00
2.0105E+03 2.1223E+00 9.6100E+00
2.0152E+03 2.1219E+00 9.6070E+00
2.0200E+03 2.1215E+00 9.6050E+00
2.0247E+03 2.1212E+00 9.6020E+00
2.0294E+03 2.1208E+00 9.6000E+00
2.0341E+03 2.1204E+00 9.5980E+00
2.0388E+03 2.1200E+00 9.5950E+00
2.0435E+03 2.1197E+00 9.5930E+00
2.0483E+03 2.1193E+00 9.5910E+00
2.0530E+03 2.1189E+00 9.5880E+00
2.0577E+03 2.1186E+00 9.5860E+00
2.0624E+03 2.1182E+00 9.5840E+00
2.0671E+03 2.1178E+00 9.5810E+00
2.0718E+03 2.1175E+00 9.5790E+00
2.0765E+03 2.1171E+00 9.5770E+00
2.0813E+03 2.1167E+00 9.5750E+00
2.0860E+03 2.1163E+00 9.5720E+00
2.0907E+03 2.1160E+00 9.5700E+00
2.0954E+03 2.1156E+00 9.5680E+00
2.1001E+03 2.1152E+00 9.5650E+00
2.1048E+03 2.1149E+00 9.5630E+00
2.1096E+03 2.1145E+00 9.5610E+00
2.1143E+03 2.1142E+00 9.5590E+00
2.1190E+03 2.1138E+00 9.5560E+00
2.1237E+03 2.1134E+00 9.5540E+00
2.1284E+03 2.1131E+00 9.5520E+00
2.1331E+03 2.1127E+00 9.5500E+00
2.1379E+03 2.1123E+00 9.5480E+00
2.1426E+03 2.1120E+00 9.5450E+00
2.1473E+03 2.1116E+00 9.5430E+00
2.1520E+03 2.1112E+00 9.5410E+00
2.1567E+03 2.1109E+00 9.5390E+00
2.1614E+03 2.1105E+00 9.5360E+00
2.1662E+03 2.1102E+00 9.5340E+00
2.1709E+03 2.1098E+00 9.5320E+00
2.1756E+03 2.1094E+00 9.5300E+00
2.1803E+03 2.1091E+00 9.5280E+00
2.1850E+03 2.1087E+00 9.5260E+00
2.1897E+03 2.1084E+00 9.5230E+00
2.1944E+03 2.1080E+00 9.5210E+00
2.1992E+03 2.1076E+00 9.5190E+00
2.2039E+03 2.1073E+00 9.5170E+00
2.2086E+03 2.1069E+00 9.5150E+00
2.2133E+03 2.1066E+00 9.5130E+00
2.2180E+03 2.1062E+00 9.5110E+00
2.2227E+03 2.1059E+00 9.5090E+00
2.2275E+03 2.1055E+00 9.5060E+00
2.2322E+03 2.1052E+00 9.5040E+00
2.2369E+03 2.1048E+00 9.5020E+00
2.2416E+03 2.1044E+00 9.5000E+00
2.2463E+03 2.1041E+00 9.4980E+00
2.2510E+03 2.1037E+00 9.4960E+00
2.2558E+03 2.1034E+00 9.4940E+00
2.2605E+03 2.1030E+00 9.4920E+00
2.2652E+03 2.1027E+00 9.4900E+00
2.2699E+03 2.1023E+00 9.4880E+00
2.2746E+03 2.1020E+00 9.4860E+00
2.2793E+03 2.1016E+00 9.4840E+00
2.2840E+03 2.1013E+00 9.4810E+00
2.2888E+03 2.1009E+00 9.4790E+00
2.2935E+03 2.1006E+00 9.4770E+00
2.2982E+03 2.1002E+00 9.4750E+00
2.3029E+03 2.0999E+00 9.4730E+00
2.3076E+03 2.0995E+00 9.4710E+00
2.3123E+03 2.0992E+00 9.4690E+00
2.3171E+03 2.0988E+00 9.4670E+00
2.3218E+03 2.0985E+00 9.4650E+00
2.3265E+03 2.0981E+00 9.4630E+00
2.3312E+03 2.0978E+00 9.4610E+00
2.3359E+03 2.0974E+00 9.4590E+00
2.3406E+03 2.0971E+00 9.4570E+00
2.3454E+03 2.0968E+00 9.4550E+00
2.3501E+03 2.0964E+00 9.4530E+00
2.3548E+03 2.0961E+00 9.4510E+00
2.3595E+03 2.0957E+00 9.4490E+00
2.3642E+03 2.0954E+00 9.4470E+00
2.3689E+03 2.0950E+00 9.4450E+00
2.3737E+03 2.0947E+00 9.4430E+00
2.3784E+03 2.0943E+00 9.4420E+00
2.3831E+03 2.0940E+00 9.4400E+00
2.3878E+03 2.0937E+00 9.4380E+00
2.3925E+03 2.0933E+00 9.4360E+00
2.3972E+03 2.0930E+00 9.4340E+00
2.4019E+03 2.0926E+00 9.4320E+00
2.4067E+03 2.0923E+00 9.4300E+00
2.4114E+03 2.0920E+00 9.4280E+00
2.4161E+03 2.0916E+00 9.4260E+00
2.4208E+03 2.0913E+00 9.4240E+00
2.4255E+03 2.0909E+00 9.4220E+00
2.4302E+03 2.0906E+00 9.4200E+00
2.4350E+03 2.0903E+00 9.4180E+00
2.4397E+03 2.0899E+00 9.4170E+00
2.4444E+03 2.0896E+00 9.4150E+00
2.4491E+03 2.0893E+00 9.4130E+00
2.4538E+03 2.0889E+00 9.4110E+00
2.4585E+03 2.0886E+00 9.4090E+00
2.4633E+03 2.0882E+00 9.4070E+00
2.4680E+03 2.0879E+00 9.4050E+00
2.4727E+03 2.0876E+00 9.4030E+00
2.4774E+03 2.0872E+00 9.4020E+00
2.4821E+03 2.0869E+00 9.4000E+00
2.4868E+03 2.0866E+00 9.3980E+00
2.4916E+03 2.0862E+00 9.3960E+00
2.4963E+03 2.0859E+00 9.3940E+00
2.5010E+03 2.0856E+00 9.3920E+00
2.5057E+03 2.0853E+00 9.3910E+00
2.5104E+03 2.0849E+00 9.3890E+00
2.5151E+03 2.0846E+00 9.3870E+00
2.5198E+03 2.0843E+00 9.3850E+00
2.5246E+03 2.0839E+00 9.3830E+00
2.5293E+03 2.0836E+00 9.3820E+00
2.5340E+03 2.0833E+00 9.3800E+00
2.5387E+03 2.0829E+00 9.3780E+00
2.5434E+03 2.0826E+00 9.3760E+00
2.5481E+03 2.0823E+00 9.3740E+00
2.5529E+03 2.0820E+00 9.3730E+00
2.5576E+03 2.0816E+00 9.3710E+00
2.5623E+03 2.0813E+00 9.3690E+00
2.5670E+03 2.0810E+00 9.3670E+00
2.5717E+03 2.0807E+00 9.3650E+00
2.5764E+03 2.0803E+00 9.3640E+00
2.5812E+03 2.0800E+00 9.3620E+00
2.5859E+03 2.0797E+00 9.3600E+00
2.5906E+03 2.0794E+00 9.3580E+00
2.5953E+03 2.0790E+00 9.3570E+00
2.6000E+03 2.0787E+00 9.3550E+00
2.6047E+03 2.0784E+00 9.3530E+00
2.6095E+03 2.0781E+00 9.3510E+00
2.6142E+03 2.0777E+00 9.3500E+00
2.6189E+03 2.0774E+00 9.3480E+00
2.6236E+03 2.0771E+00 9.3460E+00
2.6283E+03 2.0768E+00 9.3440E+00
2.6330E+03 2.0764E+00 9.3430E+00
2.6377E+03 2.0761E+00 9.3410E+00
2.6425E+03 2.0758E+00 9.3390E+00
2.6472E+03 2.0755E+00 9.3380E+00
2.6519E+03 2.0752E+00 9.3360E+00
2.6566E+03 2.0748E+00 9.3340E+00
2.6613E+03 2.0745E+00 9.3330E+00
2.6660E+03 2.0742E+00 9.3310E+00
2.6708E+03 2.0739E+00 9.3290E+00
2.6755E+03 2.0736E+00 9.3270E+00
2.6802E+03 2.0733E+00 9.3260E+00
2.6849E+03 2.0729E+00 9.3240E+00
2.6896E+03 2.0726E+00 9.3220E+00
2.6943E+03 2.0723E+00 9.3210E+00
2.6991E+03 2.0720E+00 9.3190E+00
2.7038E+03 2.0717E+00 9.3170E+00
2.7085E+03 2.0714E+00 9.3160E+00
2.7132E+03 2.0711E+00 9.3140E+00
2.7179E+03 2.0707E+00 9.3120E+00
2.7226E+03 2.0704E+00 9.3110E+00
2.7273E+03 2.0701E+00 9.3090E+00
2.7321E+03 2.0698E+00 9.3080E+00
2.7368E+03 2.0695E+00 9.3060E+00
2.7415E+03 2.0692E+00 9.3040E+00
2.7462E+03 2.0689E+00 9.3030E+00
2.7509E+03 2.0686E+00 9.3010E+00
2.7556E+03 2.0682E+00 9.2990E+00
2.7604E+03 2.0679E+00 9.2980E+00
2.7651E+03 2.0676E+00 9.2960E+00
2.7698E+03 2.0673E+00 9.2950E+00
2.7745E+03 2.0670E+00 9.2930E+00
2.7792E+03 2.0667E+00 9.2910E+00
2.7839E+03 2.0664E+00 9.2900E+00
2.7887E+03 2.0661E+00 9.2880E+00
2.7934E+03 2.0658E+00 9.2870E+00
2.7981E+03 2.0655E+00 9.2850E+00
2.8028E+03 2.0652E+00 9.2830E+00
2.8075E+03 2.0648E+00 9.2820E+00
2.8122E+03 2.0645E+00 9.2800E+00
2.8170E+03 2.0642E+00 9.2790E+00
2.8217E+03 2.0639E+00 9.2770E+00
2.8264E+03 2.0636E+00 9.2750E+00
2.8311E+03 2.0633E+00 9.2740E+00
2.8358E+03 2.0630E+00 9.2720E+00
2.8405E+03 2.0627E+00 9.2710E+00
2.8452E+03 2.0624E+00 9.2690E+00
2.8500E+03 2.0621E+00 9.2680E+00
2.8547E+03 2.0618E+00 9.2660E+00
2.8594E+03 2.0615E+00 9.2650E+00
2.8641E+03 2.0612E+00 9.2630E+00
2.8688E+03 2.0609E+00 9.2610E+00
2.8735E+03 2.0606E+00 9.2600E+00
2.8783E+03 2.0603E+00 9.2580E+00
2.8830E+03 2.0600E+00 9.2570E+00
2.8877E+03 2.0597E+00 9.2550E+00
2.8924E+03 2.0594E+00 9.2540E+00
2.8971E+03 2.0591E+00 9.2520E+00
2.9018E+03 2.0588E+00 9.2510E+00
2.9066E+03 2.0585E+00 9.2490E+00
2.9113E+03 2.0582E+00 9.2480E+00
2.9160E+03 2.0579E+00 9.2460E+00
2.9207E+03 2.0576E+00 9.2450E+00
2.9254E+03 2.0573E+00 9.2430E+00
2.9301E+03 2.0570E+00 9.2420E+00
2.9349E+03 2.0567E+00 9.2400E+00
2.9396E+03 2.0564E+00 9.2390E+00
2.9443E+03 2.0561E+00 9.2370E+00
2.9490E+03 2.0558E+00 9.2360E+00
2.9537E+03 2.0555E+00 9.2340E+00
2.9584E+03 2.0552E+00 9.2330E+00
2.9631E+03 2.0549E+00 9.2310E+00
2.9679E+03 2.0546E+00 9.2300E+00
2.9726E+03 2.0543E+00 9.2280E+00
2.9773E+03 2.0540E+00 9.2270E+00
2.9820E+03 2.0538E+00 9.2250E+00
2.9867E+03 2.0535E+00 9.2240E+00
2.9914E+03 2.0532E+00 9.2220E+00
2.9962E+03 2.0529E+00 9.2210E+00
3.0009E+03 2.0526E+00 9.2200E+00
3.0056E+03 2.0523E+00 9.2180E+00
3.0103E+03 2.0520E+00 9.2170E+00
3.0150E+03 2.0517E+00 9.2150E+00
3.0197E+03 2.0514E+00 9.2140E+00
3.0245E+03 2.0511E+00 9.2120E+00
3.0292E+03 2.0508E+00 9.2110E+00
3.0339E+03 2.0505E+00 9.2090E+00
3.0386E+03 2.0503E+00 9.2080E+00
3.0433E+03 2.0500E+00 9.2070E+00
3.0480E+03 2.0497E+00 9.2050E+00
3.0528E+03 2.0494E+00 9.2040E+00
3.0575E+03 2.0491E+00 9.2020E+00
3.0622E+03 2.0488E+00 9.2010E+00
3.0669E+03 2.0485E+00 9.1990E+00
3.0716E+03 2.0482E+00 9.1980E+00
3.0763E+03 2.0480E+00 9.1970E+00
3.0810E+03 2.0477E+00 9.1950E+00
3.0858E+03 2.0474E+00 9.1940E+00
3.0905E+03 2.0471E+00 9.1920E+00
3.0952E+03 2.0468E+00 9.1910E+00
3.0999E+03 2.0465E+00 9.1900E+00
3.1046E+03 2.0463E+00 9.1880E+00
3.1093E+03 2.0460E+00 9.1870E+00
3.1141E+03 2.0457E+00 9.1850E+00
3.1188E+03 2.0454E+00 9.1840E+00
3.1235E+03 2.0451E+00 9.1830E+00
3.1282E+03 2.0448E+00 9.1810E+00
3.1329E+03 2.0446E+00 9.1800E+00
3.1376E+03 2.0443E+00 9.1790E+00
3.1424E+03 2.0440E+00 9.1770E+00
3.1471E+03 2.0437E+00 9.1760E+00
3.1518E+03 2.0434E+00 9.1740E+00
3.1565E+03 2.0431E+00 9.1730E+00
3.1612E+03 2.0429E+00 9.1720E+00
3.1659E+03 2.0426E+00 9.1700E+00
3.1706E+03 2.0423E+00 9.1690E+00
3.1754E+03 2.0420E+00 9.1680E+00
3.1801E+03 2.0417E+00 9.1660E+00
3.1848E+03 2.0415E+00 9.1650E+00
3.1895E+03 2.0412E+00 9.1640E+00
3.1942E+03 2.0409E+00 9.1620E+00
3.1989E+03 2.0406E+00 9.1610E+00
3.2037E+03 2.0404E+00 9.1600E+00
3.2084E+03 2.0401E+00 9.1580E+00
3.2131E+03 2.0398E+00 9.1570E+00
3.2178E+03 2.0395E+00 9.1560E+00
3.2225E+03 2.0393E+00 9.1540E+00
3.2272E+03 2.0390E+00 9.1530E+00
3.2320E+03 2.0387E+00 9.1520E+00
3.2367E+03 2.0384E+00 9.1500E+00
3.2414E+03 2.0382E+00 9.1490E+00
3.2461E+03 2.0379E+00 9.1480E+00
3.2508E+03 2.0376E+00 9.1460E+00
3.2555E+03 2.0373E+00 9.1450E+00
3.2603E+03 2.0371E+00 9.1440E+00
3.2650E+03 2.0368E+00 9.1420E+00
3.2697E+03 2.0365E+00 9.1410E+00
3.2744E+03 2.0362E+00 9.1400E+00
3.2791E+03 2.0360E+00 9.1390E+00
3.2838E+03 2.0357E+00 9.1370E+00
3.2885E+03 2.0354E+00 9.1360E+00
3.2933E+03 2.0352E+00 9.1350E+00
3.2980E+03 2.0349E+00 9.1330E+00
3.3027E+03 2.0346E+00 9.1320E+00
3.3074E+03 2.0343E+00 9.1310E+00
3.3121E+03 2.0341E+00 9.1300E+00
3.3168E+03 2.0338E+00 9.1280E+00
3.3216E+03 2.0335E+00 9.1270E+00
3.3263E+03 2.0333E+00 9.1260E+00
3.3310E+03 2.0330E+00 9.1240E+00
3.3357E+03 2.0327E+00 9.1230E+00
3.3404E+03 2.0325E+00 9.1220E+00
3.3451E+03 2.0322E+00 9.1210E+00
3.3499E+03 2.0319E+00 9.1190E+00
3.3546E+03 2.0317E+00 9.1180E+00
3.3593E+03 2.0314E+00 9.1170E+00
3.3640E+03 2.0311E+00 9.1160E+00
3.3687E+03 2.0309E+00 9.1140E+00
3.3734E+03 2.0306E+00 9.1130E+00
3.3782E+03 2.0303E+00 9.1120E+00
3.3829E+03 2.0301E+00 9.1110E+00
3.3876E+03 2.0298E+00 9.1090E+00
3.3923E+03 2.0295E+00 9.1080E+00
3.3970E+03 2.0293E+00 9.1070E+00
3.4017E+03 2.0290E+00 9.1060E+00
3.4064E+03 2.0287E+00 9.1040E+00
3.4112E+03 2.0285E+00 9.1030E+00
3.4159E+03 2.0282E+00 9.1020E+00
3.4206E+03 2.0280E+00 9.1010E+00
3.4253E+03 2.0277E+00 9.1000E+00
3.4300E+03 2.0274E+00 9.0980E+00
3.4347E+03 2.0272E+00 9.0970E+00
3.4395E+03 2.0269E+00 9.0960E+00
3.4442E+03 2.0266E+00 9.0950E+00
3.4489E+03 2.0264E+00 9.0930E+00
3.4536E+03 2.0261E+00 9.0920E+00
3.4583E+03 2.0259E+00 9.0910E+00
3.4630E+03 2.0256E+00 9.0900E+00
3.4678E+03 2.0253E+00 9.0890E+00
3.4725E+03 2.0251E+00 9.0870E+00
3.4772E+03 2.0248E+00 9.0860E+00
3.4819E+03 2.0246E+00 9.0850E+00
3.4866E+03 2.0243E+00 9.0840E+00
3.4913E+03 2.0241E+00 9.0830E+00
3.4961E+03 2.0238E+00 9.0810E+00
3.5008E+03 2.0235E+00 9.0800E+00
3.5055E+03 2.0233E+00 9.0790E+00
3.5102E+03 2.0230E+00 9.0780E+00
3.5149E+03 2.0228E+00 9.0770E+00
3.5196E+03 2.0225E+00 9.0750E+00
3.5243E+03 2.0223E+00 9.0740E+00
3.5291E+03 2.0220E+00 9.0730E+00
3.5338E+03 2.0217E+00 9.0720E+00
3.5385E+03 2.0215E+00 9.0710E+00
3.5432E+03 2.0212E+00 9.0700E+00
3.5479E+03 2.0210E+00 9.0680E+00
3.5526E+03 2.0207E+00 9.0670E+00
3.5574E+03 2.0205E+00 9.0660E+00
3.5621E+03 2.0202E+00 9.0650E+00
3.5668E+03 2.0200E+00 9.0640E+00
3.5715E+03 2.0197E+00 9.0630E+00
3.5762E+03 2.0195E+00 9.0610E+00
3.5809E+03 2.0192E+00 9.0600E+00
3.5857E+03 2.0190E+00 9.0590E+00
3.5904E+03 2.0187E+00 9.0580E+00
3.5951E+03 2.0185E+00 9.0570E+00
3.5998E+03 2.0182E+00 9.0560E+00
3.6045E+03 2.0179E+00 9.0550E+00
3.6092E+03 2.0177E+00 9.0530E+00
3.6139E+03 2.0174E+00 9.0520E+00
3.6187E+03 2.0172E+00 9.0510E+00
3.6234E+03 2.0169E+00 9.0500E+00
3.6281E+03 2.0167E+00 9.0490E+00
3.6328E+03 2.0164E+00 9.0480E+00
3.6375E+03 2.0162E+00 9.0470E+00
3.6422E+03 2.0160E+00 9.0460E+00
3.6470E+03 2.0157E+00 9.0440E+00
3.6517E+03 2.0155E+00 9.0430E+00
3.6564E+03 2.0152E+00 9.0420E+00
3.6611E+03 2.0150E+00 9.0410E+00
3.6658E+03 2.0147E+00 9.0400E+00
3.6705E+03 2.0145E+00 9.0390E+00
3.6753E+03 2.0142E+00 9.0380E+00
3.6800E+03 2.0140E+00 9.0370E+00
3.6847E+03 2.0137E+00 9.0350E+00
3.6894E+03 2.0135E+00 9.0340E+00
3.6941E+03 2.0132E+00 9.0330E+00
3.6988E+03 2.0130E+00 9.0320E+00
3.7036E+03 2.0127E+00 9.0310E+00
3.7083E+03 2.0125E+00 9.0300E+00
3.7130E+03 2.0123E+00 9.0290E+00
3.7177E+03 2.0120E+00 9.0280E+00
3.7224E+03 2.0118E+00 9.0270E+00
3.7271E+03 2.0115E+00 9.0260E+00
3.7318E+03 2.0113E+00 9.0240E+00
3.7366E+03 2.0110E+00 9.0230E+00
3.7413E+03 2.0108E+00 9.0220E+00
3.7460E+03 2.0105E+00 9.0210E+00
3.7507E+03 2.0103E+00 9.0200E+00
3.7554E+03 2.0101E+00 9.0190E+00
3.7601E+03 2.0098E+00 9.0180E+00
3.7649E+03 2.0096E+00 9.0170E+00
3.7696E+03 2.0093E+00 9.0160E+00
3.7743E+03 2.0091E+00 9.0150E+00
3.7790E+03 2.0089E+00 9.0140E+00
3.7837E+03 2.0086E+00 9.0130E+00
3.7884E+03 2.0084E+00 9.0110E+00
3.7932E+03 2.0081E+00 9.0100E+00
3.7979E+03 2.0079E+00 9.0090E+00
3.8026E+03 2.0077E+00 9.0080E+00
3.8073E+03 2.0074E+00 9.0070E+00
3.8120E+03 2.0072E+00 9.0060E+00
3.8167E+03 2.0069E+00 9.0050E+00
3.8215E+03 2.0067E+00 9.0040E+00
3.8262E+03 2.0065E+00 9.0030E+00
3.8309E+03 2.0062E+00 9.0020E+00
3.8356E+03 2.0060E+00 9.0010E+00
3.8403E+03 2.0058E+00 9.0000E+00
3.8450E+03 2.0055E+00 8.9990E+00
3.8497E+03 2.0053E+00 8.9980E+00
3.8545E+03 2.0050E+00 8.9970E+00
3.8592E+03 2.0048E+00 8.9960E+00
3.8639E+03 2.0046E+00 8.9950E+00
3.8686E+03 2.0043E+00 8.9940E+00
3.8733E+03 2.0041E+00 8.9930E+00
3.8780E+03 2.0039E+00 8.9910E+00
3.8828E+03 2.0036E+00 8.9900E+00
3.8875E+03 2.0034E+00 8.9890E+00
3.8922E+03 2.0032E+00 8.9880E+00
3.8969E+03 2.0029E+00 8.9870E+00
3.9016E+03 2.0027E+00 8.9860E+00
3.9063E+03 2.0025E+00 8.9850E+00
3.9111E+03 2.0022E+00 8.9840E+00
3.9158E+03 2.0020E+00 8.9830E+00
3.9205E+03 2.0018E+00 8.9820E+00
3.9252E+03 2.0015E+00 8.9810E+00
3.9299E+03 2.0013E+00 8.9800E+00
3.9346E+03 2.0011E+00 8.9790E+00
3.9394E+03 2.0008E+00 8.9780E+00
3.9441E+03 2.0006E+00 8.9770E+00
3.9488E+03 2.0004E+00 8.9760E+00
3.9535E+03 2.0001E+00 8.9750E+00
3.9582E+03 1.9999E+00 8.9740E+00
3.9629E+03 1.9997E+00 8.9730E+00
3.9676E+03 1.9994E+00 8.9720E+00
3.9724E+03 1.9992E+00 8.9710E+00
3.9771E+03 1.9990E+00 8.9700E+00
3.9818E+03 1.9988E+00 8.9690E+00
3.9865E+03 1.9985E+00 8.9680E+00
3.9912E+03 1.9983E+00 8.9670E+00
3.9959E+03 1.9981E+00 8.9660E+00
4.0007E+03 1.9978E+00 8.9650E+00
4.0054E+03 1.9976E+00 8.9640E+00
4.0101E+03 1.9974E+00 8.9630E+00
4.0148E+03 1.9972E+00 8.9620E+00
4.0195E+03 1.9969E+00 8.9610E+00
4.0242E+03 1.9967E+00 8.9600E+00
4.0290E+03 1.9965E+00 8.9590E+00
4.0337E+03 1.9962E+00 8.9580E+00
4.0384E+03 1.9960E+00 8.9570E+00
4.0431E+03 1.9958E+00 8.9560E+00
4.0478E+03 1.9956E+00 8.9550E+00
4.0525E+03 1.9953E+00 8.9540E+00
4.0572E+03 1.9951E+00 8.9530E+00
4.0620E+03 1.9949E+00 8.9520E+00
4.0667E+03 1.9947E+00 8.9510E+00
4.0714E+03 1.9944E+00 8.9500E+00
4.0761E+03 1.9942E+00 8.9490E+00
4.0808E+03 1.9940E+00 8.9480E+00
4.0855E+03 1.9938E+00 8.9470E+00
4.0903E+03 1.9935E+00 8.9470E+00
4.0950E+03 1.9933E+00 8.9460E+00
4.0997E+03 1.9931E+00 8.9450E+00
4.1044E+03 1.9929E+00 8.9440E+00
4.1091E+03 1.9926E+00 8.9430E+00
4.1138E+03 1.9924E+00 8.9420E+00
4.1186E+03 1.9922E+00 8.9410E+00
4.1233E+03 1.9920E+00 8.9400E+00
4.1280E+03 1.9918E+00 8.9390E+00
4.1327E+03 1.9915E+00 8.9380E+00
4.1374E+03 1.9913E+00 8.9370E+00
4.1421E+03 1.9911E+00 8.9360E+00
4.1469E+03 1.9909E+00 8.9350E+00
4.1516E+03 1.9907E+00 8.9340E+00
4.1563E+03 1.9904E+00 8.9330E+00
4.1610E+03 1.9902E+00 8.9320E+00
4.1657E+03 1.9900E+00 8.9310E+00
4.1704E+03 1.9898E+00 8.9300E+00
4.1751E+03 1.9896E+00 8.9290E+00
4.1799E+03 1.9893E+00 8.9280E+00
4.1846E+03 1.9891E+00 8.9280E+00
4.1893E+03 1.9889E+00 8.9270E+00
4.1940E+03 1.9887E+00 8.9260E+00
4.1987E+03 1.9885E+00 8.9250E+00
4.2034E+03 1.9882E+00 8.9240E+00
4.2082E+03 1.9880E+00 8.9230E+00
4.2129E+03 1.9878E+00 8.9220E+00
4.2176E+03 1.9876E+00 8.9210E+00
4.2223E+03 1.9874E+00 8.9200E+00
4.2270E+03 1.9872E+00 8.9190E+00
4.2317E+03 1.9869E+00 8.9180E+00
4.2365E+03 1.9867E+00 8.9170E+00
4.2412E+03 1.9865E+00 8.9160E+00
4.2459E+03 1.9863E+00 8.9160E+00
4.2506E+03 1.9861E+00 8.9150E+00
4.2553E+03 1.9859E+00 8.9140E+00
4.2600E+03 1.9856E+00 8.9130E+00
4.2648E+03 1.9854E+00 8.9120E+00
4.2695E+03 1.9852E+00 8.9110E+00
4.2742E+03 1.9850E+00 8.9100E+00
4.2789E+03 1.9848E+00 8.9090E+00
4.2836E+03 1.9846E+00 8.9080E+00
4.2883E+03 1.9844E+00 8.9070E+00
4.2930E+03 1.9841E+00 8.9060E+00
4.2978E+03 1.9839E+00 8.9060E+00
4.3025E+03 1.9837E+00 8.9050E+00
4.3072E+03 1.9835E+00 8.9040E+00
4.3119E+03 1.9833E+00 8.9030E+00
4.3166E+03 1.9831E+00 8.9020E+00
4.3213E+03 1.9829E+00 8.9010E+00
4.3261E+03 1.9826E+00 8.9000E+00
4.3308E+03 1.9824E+00 8.8990E+00
4.3355E+03 1.9822E+00 8.8980E+00
4.3402E+03 1.9820E+00 8.8980E+00
4.3449E+03 1.9818E+00 8.8970E+00
4.3496E+03 1.9816E+00 8.8960E+00
4.3544E+03 1.9814E+00 8.8950E+00
4.3591E+03 1.9812E+00 8.8940E+00
4.3638E+03 1.9810E+00 8.8930E+00
4.3685E+03 1.9807E+00 8.8920E+00
4.3732E+03 1.9805E+00 8.8910E+00
4.3779E+03 1.9803E+00 8.8900E+00
4.3827E+03 1.9801E+00 8.8900E+00
4.3874E+03 1.9799E+00 8.8890E+00
4.3921E+03 1.9797E+00 8.8880E+00
4.3968E+03 1.9795E+00 8.8870E+00
4.4015E+03 1.9793E+00 8.8860E+00
4.4062E+03 1.9791E+00 8.8850E+00
4.4109E+03 1.9789E+00 8.8840E+00
4.4157E+03 1.9787E+00 8.8840E+00
4.4204E+03 1.9784E+00 8.8830E+00
4.4251E+03 1.9782E+00 8.8820E+00
4.4298E+03 1.9780E+00 8.8810E+00
4.4345E+03 1.9778E+00 8.8800E+00
4.4392E+03 1.9776E+00 8.8790E+00
4.4440E+03 1.9774E+00 8.8780E+00
4.4487E+03 1.9772E+00 8.8770E+00
4.4534E+03 1.9770E+00 8.8770E+00
4.4581E+03 1.9768E+00 8.8760E+00
4.4628E+03 1.9766E+00 8.8750E+00
4.4675E+03 1.9764E+00 8.8740E+00
4.4723E+03 1.9762E+00 8.8730E+00
4.4770E+03 1.9760E+00 8.8720E+00
4.4817E+03 1.9758E+00 8.8720E+00
4.4864E+03 1.9756E+00 8.8710E+00
4.4911E+03 1.9754E+00 8.8700E+00
4.4958E+03 1.9751E+00 8.8690E+00
4.5005E+03 1.9749E+00 8.8680E+00
4.5053E+03 1.9747E+00 8.8670E+00
4.5100E+03 1.9745E+00 8.8660E+00
4.5147E+03 1.9743E+00 8.8660E+00
4.5194E+03 1.9741E+00 8.8650E+00
4.5241E+03 1.9739E+00 8.8640E+00
4.5288E+03 1.9737E+00 8.8630E+00
4.5336E+03 1.9735E+00 8.8620E+00
4.5383E+03 1.9733E+00 8.8610E+00
4.5430E+03 1.9731E+00 8.8610E+00
4.5477E+03 1.9729E+00 8.8600E+00
4.5524E+03 1.9727E+00 8.8590E+00
4.5571E+03 1.9725E+00 8.8580E+00
4.5619E+03 1.9723E+00 8.8570E+00
4.5666E+03 1.9721E+00 8.8560E+00
4.5713E+03 1.9719E+00 8.8560E+00
4.5760E+03 1.9717E+00 8.8550E+00
4.5807E+03 1.9715E+00 8.8540E+00
4.5854E+03 1.9713E+00 8.8530E+00
4.5902E+03 1.9711E+00 8.8520E+00
4.5949E+03 1.9709E+00 8.8510E+00
4.5996E+03 1.9707E+00 8.8510E+00
4.6043E+03 1.9705E+00 8.8500E+00
4.6090E+03 1.9703E+00 8.8490E+00
4.6137E+03 1.9701E+00 8.8480E+00
4.6184E+03 1.9699E+00 8.8470E+00
4.6232E+03 1.9697E+00 8.8470E+00
4.6279E+03 1.9695E+00 8.8460E+00
4.6326E+03 1.9693E+00 8.8450E+00
4.6373E+03 1.9691E+00 8.8440E+00
4.6420E+03 1.9689E+00 8.8430E+00
4.6467E+03 1.9687E+00 8.8430E+00
4.6515E+03 1.9685E+00 8.8420E+00
4.6562E+03 1.9683E+00 8.8410E+00
4.6609E+03 1.9681E+00 8.8400E+00
4.6656E+03 1.9679E+00 8.8390E+00
4.6703E+03 1.9677E+00 8.8390E+00
4.6750E+03 1.9675E+00 8.8380E+00
4.6798E+03 1.9673E+00 8.8370E+00
4.6845E+03 1.9671E+00 8.8360E+00
4.6892E+03 1.9669E+00 8.8350E+00
4.6939E+03 1.9667E+00 8.8350E+00
4.6986E+03 1.9665E+00 8.8340E+00
4.7033E+03 1.9664E+00 8.8330E+00
4.7081E+03 1.9662E+00 8.8320E+00
4.7128E+03 1.9660E+00 8.8310E+00
4.7175E+03 1.9658E+00 8.8310E+00
