6.2415E+00 3.8969E-01 1.3141E+01
9.0717E+00 4.9723E-01 1.2809E+01
1.1902E+01 5.8959E-01 1.2675E+01
1.4732E+01 6.7074E-01 1.2611E+01
1.7562E+01 7.4313E-01 1.2576E+01
2.0393E+01 8.0841E-01 1.2555E+01
2.3223E+01 8.6780E-01 1.2540E+01
2.6053E+01 9.2220E-01 1.2528E+01
2.8883E+01 9.7230E-01 1.2518E+01
3.1713E+01 1.0187E+00 1.2509E+01
3.4544E+01 1.0617E+00 1.2499E+01
3.7374E+01 1.1019E+00 1.2489E+01
4.0204E+01 1.1395E+00 1.2479E+01
4.3034E+01 1.1747E+00 1.2468E+01
4.5864E+01 1.2079E+00 1.2457E+01
4.8695E+01 1.2391E+00 1.2446E+01
5.1525E+01 1.2686E+00 1.2434E+01
5.4355E+01 1.2965E+00 1.2421E+01
5.7185E+01 1.3229E+00 1.2409E+01
6.0015E+01 1.3480E+00 1.2396E+01
6.2846E+01 1.3718E+00 1.2383E+01
6.5676E+01 1.3945E+00 1.2369E+01
6.8506E+01 1.4161E+00 1.2356E+01
7.1336E+01 1.4367E+00 1.2342E+01
7.4167E+01 1.4564E+00 1.2328E+01
7.6997E+01 1.4752E+00 1.2315E+01
7.9827E+01 1.4932E+00 1.2300E+01
8.2657E+01 1.5105E+00 1.2286E+01
8.5487E+01 1.5270E+00 1.2272E+01
8.8318E+01 1.5429E+00 1.2258E+01
9.1148E+01 1.5581E+00 1.2244E+01
9.3978E+01 1.5727E+00 1.2230E+01
9.6808E+01 1.5868E+00 1.2215E+01
9.9638E+01 1.6003E+00 1.2201E+01
1.0247E+02 1.6133E+00 1.2187E+01
1.0530E+02 1.6259E+00 1.2173E+01
1.0813E+02 1.6380E+00 1.2158E+01
1.1096E+02 1.6496E+00 1.2144E+01
1.1379E+02 1.6609E+00 1.2130E+01
1.1662E+02 1.6717E+00 1.2116E+01
1.1945E+02 1.6822E+00 1.2102E+01
1.2228E+02 1.6923E+00 1.2088E+01
1.2511E+02 1.7021E+00 1.2074E+01
1.2794E+02 1.7116E+00 1.2061E+01
1.3077E+02 1.7208E+00 1.2047E+01
1.3360E+02 1.7296E+00 1.2033E+01
1.3643E+02 1.7382E+00 1.2020E+01
1.3926E+02 1.7465E+00 1.2006E+01
1.4209E+02 1.7546E+00 1.1993E+01
1.4492E+02 1.7624E+00 1.1979E+01
1.4775E+02 1.7700E+00 1.1966E+01
1.5058E+02 1.7773E+00 1.1953E+01
1.5341E+02 1.7844E+00 1.1939E+01
1.5624E+02 1.7913E+00 1.1926E+01
1.5907E+02 1.7980E+00 1.1913E+01
1.6190E+02 1.8045E+00 1.1901E+01
1.6473E+02 1.8109E+00 1.1888E+01
1.6756E+02 1.8170E+00 1.1875E+01
1.7039E+02 1.8230E+00 1.1862E+01
1.7322E+02 1.8288E+00 1.1850E+01
1.7605E+02 1.8344E+00 1.1837E+01
1.7888E+02 1.8399E+00 1.1825E+01
1.8171E+02 1.8452E+00 1.1813E+01
1.8454E+02 1.8504E+00 1.1800E+01
1.8737E+02 1.8555E+00 1.1788E+01
1.9021E+02 1.8604E+00 1.1776E+01
1.9304E+02 1.8652E+00 1.1764E+01
1.9587E+02 1.8698E+00 1.1752E+01
1.9870E+02 1.8743E+00 1.1740E+01
2.0153E+02 1.8788E+00 1.1729E+01
2.0436E+02 1.8831E+00 1.1717E+01
2.0719E+02 1.8872E+00 1.1705E+01
2.1002E+02 1.8913E+00 1.1694E+01
2.1285E+02 1.8953E+00 1.1682E+01
2.1568E+02 1.8992E+00 1.1671E+01
2.1851E+02 1.9030E+00 1.1660E+01
2.2134E+02 1.9066E+00 1.1649E+01
2.2417E+02 1.9102E+00 1.1637E+01
2.2700E+02 1.9137E+00 1.1626E+01
2.2983E+02 1.9172E+00 1.1615E+01
2.3266E+02 1.9205E+00 1.1605E+01
2.3549E+02 1.9237E+00 1.1594E+01
2.3832E+02 1.9269E+00 1.1583E+01
2.4115E+02 1.9300E+00 1.1572E+01
2.4398E+02 1.9330E+00 1.1562E+01
2.4681E+02 1.9360E+00 1.1551E+01
2.4964E+02 1.9389E+00 1.1541E+01
2.5247E+02 1.9417E+00 1.1530E+01
2.5530E+02 1.9444E+00 1.1520E+01
2.5813E+02 1.9471E+00 1.1510E+01
2.6096E+02 1.9497E+00 1.1499E+01
2.6379E+02 1.9522E+00 1.1489E+01
2.6662E+02 1.9547E+00 1.1479E+01
2.6945E+02 1.9572E+00 1.1469E+01
2.7228E+02 1.9596E+00 1.1459E+01
2.7511E+02 1.9619E+00 1.1449E+01
2.7794E+02 1.9642E+00 1.1440E+01
2.8077E+02 1.9664E+00 1.1430E+01
2.8360E+02 1.9685E+00 1.1420E+01
2.8643E+02 1.9707E+00 1.1410E+01
2.8926E+02 1.9727E+00 1.1401E+01
2.9209E+02 1.9747E+00 1.1391E+01
2.9492E+02 1.9767E+00 1.1382E+01
2.9775E+02 1.9787E+00 1.1373E+01
3.0058E+02 1.9805E+00 1.1363E+01
3.0341E+02 1.9824E+00 1.1354E+01
3.0624E+02 1.9842E+00 1.1345E+01
3.0907E+02 1.9859E+00 1.1336E+01
3.1190E+02 1.9877E+00 1.1326E+01
3.1473E+02 1.9894E+00 1.1317E+01
3.1756E+02 1.9910E+00 1.1308E+01
3.2039E+02 1.9926E+00 1.1300E+01
3.2322E+02 1.9942E+00 1.1291E+01
3.2606E+02 1.9957E+00 1.1282E+01
3.2889E+02 1.9972E+00 1.1273E+01
3.3172E+02 1.9987E+00 1.1264E+01
3.3455E+02 2.0001E+00 1.1256E+01
3.3738E+02 2.0015E+00 1.1247E+01
3.4021E+02 2.0029E+00 1.1238E+01
3.4304E+02 2.0043E+00 1.1230E+01
3.4587E+02 2.0056E+00 1.1222E+01
3.4870E+02 2.0068E+00 1.1213E+01
3.5153E+02 2.0081E+00 1.1205E+01
3.5436E+02 2.0093E+00 1.1196E+01
3.5719E+02 2.0105E+00 1.1188E+01
3.6002E+02 2.0117E+00 1.1180E+01
3.6285E+02 2.0128E+00 1.1172E+01
3.6568E+02 2.0140E+00 1.1164E+01
3.6851E+02 2.0151E+00 1.1156E+01
3.7134E+02 2.0161E+00 1.1148E+01
3.7417E+02 2.0172E+00 1.1140E+01
3.7700E+02 2.0182E+00 1.1132E+01
3.7983E+02 2.0192E+00 1.1124E+01
3.8266E+02 2.0202E+00 1.1116E+01
3.8549E+02 2.0211E+00 1.1108E+01
3.8832E+02 2.0221E+00 1.1100E+01
3.9115E+02 2.0230E+00 1.1093E+01
3.9398E+02 2.0239E+00 1.1085E+01
3.9681E+02 2.0247E+00 1.1077E+01
3.9964E+02 2.0256E+00 1.1070E+01
4.0247E+02 2.0264E+00 1.1062E+01
4.0530E+02 2.0272E+00 1.1055E+01
4.0813E+02 2.0280E+00 1.1047E+01
4.1096E+02 2.0288E+00 1.1040E+01
4.1379E+02 2.0296E+00 1.1032E+01
4.1662E+02 2.0303E+00 1.1025E+01
4.1945E+02 2.0310E+00 1.1018E+01
4.2228E+02 2.0317E+00 1.1010E+01
4.2511E+02 2.0324E+00 1.1003E+01
4.2794E+02 2.0331E+00 1.0996E+01
4.3077E+02 2.0338E+00 1.0989E+01
4.3360E+02 2.0344E+00 1.0982E+01
4.3643E+02 2.0350E+00 1.0974E+01
4.3926E+02 2.0356E+00 1.0967E+01
4.4209E+02 2.0362E+00 1.0960E+01
4.4492E+02 2.0368E+00 1.0953E+01
4.4775E+02 2.0374E+00 1.0946E+01
4.5058E+02 2.0379E+00 1.0940E+01
4.5341E+02 2.0385E+00 1.0933E+01
4.5624E+02 2.0390E+00 1.0926E+01
4.5907E+02 2.0395E+00 1.0919E+01
4.6191E+02 2.0400E+00 1.0912E+01
4.6474E+02 2.0405E+00 1.0906E+01
4.6757E+02 2.0410E+00 1.0899E+01
4.7040E+02 2.0414E+00 1.0892E+01
4.7323E+02 2.0419E+00 1.0886E+01
4.7606E+02 2.0423E+00 1.0879E+01
4.7889E+02 2.0428E+00 1.0872E+01
4.8172E+02 2.0432E+00 1.0866E+01
4.8455E+02 2.0436E+00 1.0859E+01
4.8738E+02 2.0440E+00 1.0853E+01
4.9021E+02 2.0444E+00 1.0846E+01
4.9304E+02 2.0447E+00 1.0840E+01
4.9587E+02 2.0451E+00 1.0834E+01
4.9870E+02 2.0454E+00 1.0827E+01
5.0153E+02 2.0458E+00 1.0821E+01
5.0436E+02 2.0461E+00 1.0815E+01
5.0719E+02 2.0464E+00 1.0808E+01
5.1002E+02 2.0467E+00 1.0802E+01
5.1285E+02 2.0470E+00 1.0796E+01
5.1568E+02 2.0473E+00 1.0790E+01
5.1851E+02 2.0476E+00 1.0784E+01
5.2134E+02 2.0479E+00 1.0778E+01
5.2417E+02 2.0482E+00 1.0771E+01
5.2700E+02 2.0484E+00 1.0765E+01
5.2983E+02 2.0487E+00 1.0759E+01
5.3266E+02 2.0489E+00 1.0753E+01
5.3549E+02 2.0491E+00 1.0747E+01
5.3832E+02 2.0494E+00 1.0741E+01
5.4115E+02 2.0496E+00 1.0736E+01
5.4398E+02 2.0498E+00 1.0730E+01
5.4681E+02 2.0500E+00 1.0724E+01
5.4964E+02 2.0502E+00 1.0718E+01
5.5247E+02 2.0504E+00 1.0712E+01
5.5530E+02 2.0506E+00 1.0706E+01
5.5813E+02 2.0507E+00 1.0701E+01
5.6096E+02 2.0509E+00 1.0695E+01
5.6379E+02 2.0511E+00 1.0689E+01
5.6662E+02 2.0512E+00 1.0683E+01
5.6945E+02 2.0514E+00 1.0678E+01
5.7228E+02 2.0515E+00 1.0672E+01
5.7511E+02 2.0516E+00 1.0667E+01
5.7794E+02 2.0518E+00 1.0661E+01
5.8077E+02 2.0519E+00 1.0655E+01
5.8360E+02 2.0520E+00 1.0650E+01
5.8643E+02 2.0521E+00 1.0644E+01
5.8926E+02 2.0522E+00 1.0639E+01
5.9209E+02 2.0523E+00 1.0633E+01
5.9492E+02 2.0524E+00 1.0628E+01
5.9776E+02 2.0525E+00 1.0622E+01
6.0059E+02 2.0526E+00 1.0617E+01
6.0342E+02 2.0526E+00 1.0612E+01
6.0625E+02 2.0527E+00 1.0606E+01
6.0908E+02 2.0528E+00 1.0601E+01
6.1191E+02 2.0528E+00 1.0596E+01
6.1474E+02 2.0529E+00 1.0590E+01
6.1757E+02 2.0529E+00 1.0585E+01
6.2040E+02 2.0530E+00 1.0580E+01
6.2323E+02 2.0530E+00 1.0575E+01
6.2606E+02 2.0530E+00 1.0570E+01
6.2889E+02 2.0531E+00 1.0564E+01
6.3172E+02 2.0531E+00 1.0559E+01
6.3455E+02 2.0531E+00 1.0554E+01
6.3738E+02 2.0531E+00 1.0549E+01
6.4021E+02 2.0531E+00 1.0544E+01
6.4304E+02 2.0531E+00 1.0539E+01
6.4587E+02 2.0531E+00 1.0534E+01
6.4870E+02 2.0531E+00 1.0529E+01
6.5153E+02 2.0531E+00 1.0524E+01
6.5436E+02 2.0531E+00 1.0519E+01
6.5719E+02 2.0531E+00 1.0514E+01
6.6002E+02 2.0531E+00 1.0509E+01
6.6285E+02 2.0531E+00 1.0504E+01
6.6568E+02 2.0530E+00 1.0499E+01
6.6851E+02 2.0530E+00 1.0494E+01
6.7134E+02 2.0530E+00 1.0489E+01
6.7417E+02 2.0529E+00 1.0484E+01
6.7700E+02 2.0529E+00 1.0480E+01
6.7983E+02 2.0528E+00 1.0475E+01
6.8266E+02 2.0528E+00 1.0470E+01
6.8549E+02 2.0527E+00 1.0465E+01
6.8832E+02 2.0527E+00 1.0460E+01
6.9115E+02 2.0526E+00 1.0456E+01
6.9398E+02 2.0526E+00 1.0451E+01
6.9681E+02 2.0525E+00 1.0446E+01
6.9964E+02 2.0524E+00 1.0442E+01
7.0247E+02 2.0524E+00 1.0437E+01
7.0530E+02 2.0523E+00 1.0432E+01
7.0813E+02 2.0522E+00 1.0428E+01
7.1096E+02 2.0521E+00 1.0423E+01
7.1379E+02 2.0520E+00 1.0418E+01
7.1662E+02 2.0520E+00 1.0414E+01
7.1945E+02 2.0519E+00 1.0409E+01
7.2228E+02 2.0518E+00 1.0405E+01
7.2511E+02 2.0517E+00 1.0400E+01
7.2794E+02 2.0516E+00 1.0396E+01
7.3077E+02 2.0515E+00 1.0391E+01
7.3361E+02 2.0514E+00 1.0387E+01
7.3644E+02 2.0513E+00 1.0382E+01
7.3927E+02 2.0512E+00 1.0378E+01
7.4210E+02 2.0510E+00 1.0373E+01
7.4493E+02 2.0509E+00 1.0369E+01
7.4776E+02 2.0508E+00 1.0364E+01
7.5059E+02 2.0507E+00 1.0360E+01
7.5342E+02 2.0506E+00 1.0356E+01
7.5625E+02 2.0504E+00 1.0351E+01
7.5908E+02 2.0503E+00 1.0347E+01
7.6191E+02 2.0502E+00 1.0343E+01
7.6474E+02 2.0501E+00 1.0338E+01
7.6757E+02 2.0499E+00 1.0334E+01
7.7040E+02 2.0498E+00 1.0330E+01
7.7323E+02 2.0497E+00 1.0326E+01
7.7606E+02 2.0495E+00 1.0321E+01
7.7889E+02 2.0494E+00 1.0317E+01
7.8172E+02 2.0492E+00 1.0313E+01
7.8455E+02 2.0491E+00 1.0309E+01
7.8738E+02 2.0489E+00 1.0305E+01
7.9021E+02 2.0488E+00 1.0300E+01
7.9304E+02 2.0486E+00 1.0296E+01
7.9587E+02 2.0485E+00 1.0292E+01
7.9870E+02 2.0483E+00 1.0288E+01
8.0153E+02 2.0482E+00 1.0284E+01
8.0436E+02 2.0480E+00 1.0280E+01
8.0719E+02 2.0478E+00 1.0276E+01
8.1002E+02 2.0477E+00 1.0272E+01
8.1285E+02 2.0475E+00 1.0268E+01
8.1568E+02 2.0474E+00 1.0263E+01
8.1851E+02 2.0472E+00 1.0259E+01
8.2134E+02 2.0470E+00 1.0255E+01
8.2417E+02 2.0468E+00 1.0251E+01
8.2700E+02 2.0467E+00 1.0247E+01
8.2983E+02 2.0465E+00 1.0244E+01
8.3266E+02 2.0463E+00 1.0240E+01
8.3549E+02 2.0461E+00 1.0236E+01
8.3832E+02 2.0460E+00 1.0232E+01
8.4115E+02 2.0458E+00 1.0228E+01
8.4398E+02 2.0456E+00 1.0224E+01
8.4681E+02 2.0454E+00 1.0220E+01
8.4964E+02 2.0452E+00 1.0216E+01
8.5247E+02 2.0450E+00 1.0212E+01
8.5530E+02 2.0449E+00 1.0208E+01
8.5813E+02 2.0447E+00 1.0205E+01
8.6096E+02 2.0445E+00 1.0201E+01
8.6379E+02 2.0443E+00 1.0197E+01
8.6662E+02 2.0441E+00 1.0193E+01
8.6946E+02 2.0439E+00 1.0189E+01
8.7229E+02 2.0437E+00 1.0185E+01
8.7512E+02 2.0435E+00 1.0182E+01
8.7795E+02 2.0433E+00 1.0178E+01
8.8078E+02 2.0431E+00 1.0174E+01
8.8361E+02 2.0429E+00 1.0170E+01
8.8644E+02 2.0427E+00 1.0167E+01
8.8927E+02 2.0425E+00 1.0163E+01
8.9210E+02 2.0423E+00 1.0159E+01
8.9493E+02 2.0421E+00 1.0156E+01
8.9776E+02 2.0419E+00 1.0152E+01
9.0059E+02 2.0417E+00 1.0148E+01
9.0342E+02 2.0415E+00 1.0145E+01
9.0625E+02 2.0412E+00 1.0141E+01
9.0908E+02 2.0410E+00 1.0137E+01
9.1191E+02 2.0408E+00 1.0134E+01
9.1474E+02 2.0406E+00 1.0130E+01
9.1757E+02 2.0404E+00 1.0127E+01
9.2040E+02 2.0402E+00 1.0123E+01
9.2323E+02 2.0400E+00 1.0119E+01
9.2606E+02 2.0397E+00 1.0116E+01
9.2889E+02 2.0395E+00 1.0112E+01
9.3172E+02 2.0393E+00 1.0109E+01
9.3455E+02 2.0391E+00 1.0105E+01
9.3738E+02 2.0389E+00 1.0102E+01
9.4021E+02 2.0386E+00 1.0098E+01
9.4304E+02 2.0384E+00 1.0095E+01
9.4587E+02 2.0382E+00 1.0091E+01
9.4870E+02 2.0380E+00 1.0088E+01
9.5153E+02 2.0377E+00 1.0084E+01
9.5436E+02 2.0375E+00 1.0081E+01
9.5719E+02 2.0373E+00 1.0078E+01
9.6002E+02 2.0371E+00 1.0074E+01
9.6285E+02 2.0368E+00 1.0071E+01
9.6568E+02 2.0366E+00 1.0067E+01
9.6851E+02 2.0364E+00 1.0064E+01
9.7134E+02 2.0361E+00 1.0060E+01
9.7417E+02 2.0359E+00 1.0057E+01
9.7700E+02 2.0357E+00 1.0054E+01
9.7983E+02 2.0354E+00 1.0050E+01
9.8266E+02 2.0352E+00 1.0047E+01
9.8549E+02 2.0350E+00 1.0044E+01
9.8832E+02 2.0347E+00 1.0040E+01
9.9115E+02 2.0345E+00 1.0037E+01
9.9398E+02 2.0343E+00 1.0034E+01
9.9681E+02 2.0340E+00 1.0030E+01
9.9964E+02 2.0338E+00 1.0027E+01
1.0025E+03 2.0336E+00 1.0024E+01
1.0053E+03 2.0333E+00 1.0021E+01
1.0081E+03 2.0331E+00 1.0017E+01
1.0110E+03 2.0328E+00 1.0014E+01
1.0138E+03 2.0326E+00 1.0011E+01
1.0166E+03 2.0324E+00 1.0008E+01
1.0195E+03 2.0321E+00 1.0004E+01
1.0223E+03 2.0319E+00 1.0001E+01
1.0251E+03 2.0316E+00 9.9980E+00
1.0279E+03 2.0314E+00 9.9950E+00
1.0308E+03 2.0311E+00 9.9920E+00
1.0336E+03 2.0309E+00 9.9880E+00
1.0364E+03 2.0306E+00 9.9850E+00
1.0393E+03 2.0304E+00 9.9820E+00
1.0421E+03 2.0302E+00 9.9790E+00
1.0449E+03 2.0299E+00 9.9760E+00
1.0478E+03 2.0297E+00 9.9730E+00
1.0506E+03 2.0294E+00 9.9700E+00
1.0534E+03 2.0292E+00 9.9660E+00
1.0562E+03 2.0289E+00 9.9630E+00
1.0591E+03 2.0287E+00 9.9600E+00
1.0619E+03 2.0284E+00 9.9570E+00
1.0647E+03 2.0282E+00 9.9540E+00
1.0676E+03 2.0279E+00 9.9510E+00
1.0704E+03 2.0277E+00 9.9480E+00
1.0732E+03 2.0274E+00 9.9450E+00
1.0761E+03 2.0272E+00 9.9420E+00
1.0789E+03 2.0269E+00 9.9390E+00
1.0817E+03 2.0267E+00 9.9360E+00
1.0846E+03 2.0264E+00 9.9330E+00
1.0874E+03 2.0262E+00 9.9300E+00
1.0902E+03 2.0259E+00 9.9270E+00
1.0930E+03 2.0256E+00 9.9240E+00
1.0959E+03 2.0254E+00 9.9210E+00
1.0987E+03 2.0251E+00 9.9180E+00
1.1015E+03 2.0249E+00 9.9150E+00
1.1044E+03 2.0246E+00 9.9120E+00
1.1072E+03 2.0244E+00 9.9090E+00
1.1100E+03 2.0241E+00 9.9060E+00
1.1129E+03 2.0239E+00 9.9030E+00
1.1157E+03 2.0236E+00 9.9000E+00
1.1185E+03 2.0233E+00 9.8970E+00
1.1213E+03 2.0231E+00 9.8940E+00
1.1242E+03 2.0228E+00 9.8910E+00
1.1270E+03 2.0226E+00 9.8880E+00
1.1298E+03 2.0223E+00 9.8860E+00
1.1327E+03 2.0221E+00 9.8830E+00
1.1355E+03 2.0218E+00 9.8800E+00
1.1383E+03 2.0215E+00 9.8770E+00
1.1412E+03 2.0213E+00 9.8740E+00
1.1440E+03 2.0210E+00 9.8710E+00
1.1468E+03 2.0208E+00 9.8680E+00
1.1496E+03 2.0205E+00 9.8660E+00
1.1525E+03 2.0202E+00 9.8630E+00
1.1553E+03 2.0200E+00 9.8600E+00
1.1581E+03 2.0197E+00 9.8570E+00
1.1610E+03 2.0195E+00 9.8540E+00
1.1638E+03 2.0192E+00 9.8510E+00
1.1666E+03 2.0189E+00 9.8490E+00
1.1695E+03 2.0187E+00 9.8460E+00
1.1723E+03 2.0184E+00 9.8430E+00
1.1751E+03 2.0181E+00 9.8400E+00
1.1779E+03 2.0179E+00 9.8380E+00
1.1808E+03 2.0176E+00 9.8350E+00
1.1836E+03 2.0174E+00 9.8320E+00
1.1864E+03 2.0171E+00 9.8290E+00
1.1893E+03 2.0168E+00 9.8270E+00
1.1921E+03 2.0166E+00 9.8240E+00
1.1949E+03 2.0163E+00 9.8210E+00
1.1978E+03 2.0160E+00 9.8180E+00
1.2006E+03 2.0158E+00 9.8160E+00
1.2034E+03 2.0155E+00 9.8130E+00
1.2062E+03 2.0153E+00 9.8100E+00
1.2091E+03 2.0150E+00 9.8080E+00
1.2119E+03 2.0147E+00 9.8050E+00
1.2147E+03 2.0145E+00 9.8020E+00
1.2176E+03 2.0142E+00 9.8000E+00
1.2204E+03 2.0139E+00 9.7970E+00
1.2232E+03 2.0137E+00 9.7940E+00
1.2261E+03 2.0134E+00 9.7920E+00
1.2289E+03 2.0131E+00 9.7890E+00
1.2317E+03 2.0129E+00 9.7860E+00
1.2346E+03 2.0126E+00 9.7840E+00
1.2374E+03 2.0123E+00 9.7810E+00
1.2402E+03 2.0121E+00 9.7790E+00
1.2430E+03 2.0118E+00 9.7760E+00
1.2459E+03 2.0116E+00 9.7730E+00
1.2487E+03 2.0113E+00 9.7710E+00
1.2515E+03 2.0110E+00 9.7680E+00
1.2544E+03 2.0108E+00 9.7660E+00
1.2572E+03 2.0105E+00 9.7630E+00
1.2600E+03 2.0102E+00 9.7600E+00
1.2629E+03 2.0100E+00 9.7580E+00
1.2657E+03 2.0097E+00 9.7550E+00
1.2685E+03 2.0094E+00 9.7530E+00
1.2713E+03 2.0092E+00 9.7500E+00
1.2742E+03 2.0089E+00 9.7480E+00
1.2770E+03 2.0086E+00 9.7450E+00
1.2798E+03 2.0084E+00 9.7430E+00
1.2827E+03 2.0081E+00 9.7400E+00
1.2855E+03 2.0078E+00 9.7380E+00
1.2883E+03 2.0076E+00 9.7350E+00
1.2912E+03 2.0073E+00 9.7330E+00
1.2940E+03 2.0070E+00 9.7300E+00
1.2968E+03 2.0068E+00 9.7280E+00
1.2996E+03 2.0065E+00 9.7250E+00
1.3025E+03 2.0062E+00 9.7230E+00
1.3053E+03 2.0060E+00 9.7200E+00
1.3081E+03 2.0057E+00 9.7180E+00
1.3110E+03 2.0054E+00 9.7150E+00
1.3138E+03 2.0052E+00 9.7130E+00
1.3166E+03 2.0049E+00 9.7100E+00
1.3195E+03 2.0046E+00 9.7080E+00
1.3223E+03 2.0044E+00 9.7050E+00
1.3251E+03 2.0041E+00 9.7030E+00
1.3279E+03 2.0038E+00 9.7010E+00
1.3308E+03 2.0036E+00 9.6980E+00
1.3336E+03 2.0033E+00 9.6960E+00
1.3364E+03 2.0030E+00 9.6930E+00
1.3393E+03 2.0028E+00 9.6910E+00
1.3421E+03 2.0025E+00 9.6890E+00
1.3449E+03 2.0022E+00 9.6860E+00
1.3478E+03 2.0020E+00 9.6840E+00
1.3506E+03 2.0017E+00 9.6810E+00
1.3534E+03 2.0014E+00 9.6790E+00
1.3563E+03 2.0012E+00 9.6770E+00
1.3591E+03 2.0009E+00 9.6740E+00
1.3619E+03 2.0006E+00 9.6720E+00
1.3647E+03 2.0004E+00 9.6700E+00
1.3676E+03 2.0001E+00 9.6670E+00
1.3704E+03 1.9998E+00 9.6650E+00
1.3732E+03 1.9996E+00 9.6630E+00
1.3761E+03 1.9993E+00 9.6600E+00
1.3789E+03 1.9990E+00 9.6580E+00
1.3817E+03 1.9988E+00 9.6560E+00
1.3846E+03 1.9985E+00 9.6530E+00
1.3874E+03 1.9982E+00 9.6510E+00
1.3902E+03 1.9980E+00 9.6490E+00
1.3930E+03 1.9977E+00 9.6460E+00
1.3959E+03 1.9974E+00 9.6440E+00
1.3987E+03 1.9972E+00 9.6420E+00
1.4015E+03 1.9969E+00 9.6400E+00
1.4044E+03 1.9966E+00 9.6370E+00
1.4072E+03 1.9964E+00 9.6350E+00
1.4100E+03 1.9961E+00 9.6330E+00
1.4129E+03 1.9959E+00 9.6300E+00
1.4157E+03 1.9956E+00 9.6280E+00
1.4185E+03 1.9953E+00 9.6260E+00
1.4213E+03 1.9951E+00 9.6240E+00
1.4242E+03 1.9948E+00 9.6210E+00
1.4270E+03 1.9945E+00 9.6190E+00
1.4298E+03 1.9943E+00 9.6170E+00
1.4327E+03 1.9940E+00 9.6150E+00
1.4355E+03 1.9937E+00 9.6130E+00
1.4383E+03 1.9935E+00 9.6100E+00
1.4412E+03 1.9932E+00 9.6080E+00
1.4440E+03 1.9929E+00 9.6060E+00
1.4468E+03 1.9927E+00 9.6040E+00
1.4496E+03 1.9924E+00 9.6010E+00
1.4525E+03 1.9921E+00 9.5990E+00
1.4553E+03 1.9919E+00 9.5970E+00
1.4581E+03 1.9916E+00 9.5950E+00
1.4610E+03 1.9913E+00 9.5930E+00
1.4638E+03 1.9911E+00 9.5910E+00
1.4666E+03 1.9908E+00 9.5880E+00
1.4695E+03 1.9906E+00 9.5860E+00
1.4723E+03 1.9903E+00 9.5840E+00
1.4751E+03 1.9900E+00 9.5820E+00
1.4779E+03 1.9898E+00 9.5800E+00
1.4808E+03 1.9895E+00 9.5780E+00
1.4836E+03 1.9892E+00 9.5750E+00
1.4864E+03 1.9890E+00 9.5730E+00
1.4893E+03 1.9887E+00 9.5710E+00
1.4921E+03 1.9884E+00 9.5690E+00
1.4949E+03 1.9882E+00 9.5670E+00
1.4978E+03 1.9879E+00 9.5650E+00
1.5006E+03 1.9877E+00 9.5630E+00
1.5034E+03 1.9874E+00 9.5610E+00
1.5063E+03 1.9871E+00 9.5590E+00
1.5091E+03 1.9869E+00 9.5560E+00
1.5119E+03 1.9866E+00 9.5540E+00
1.5147E+03 1.9863E+00 9.5520E+00
1.5176E+03 1.9861E+00 9.5500E+00
1.5204E+03 1.9858E+00 9.5480E+00
1.5232E+03 1.9856E+00 9.5460E+00
1.5261E+03 1.9853E+00 9.5440E+00
1.5289E+03 1.9850E+00 9.5420E+00
1.5317E+03 1.9848E+00 9.5400E+00
1.5346E+03 1.9845E+00 9.5380E+00
1.5374E+03 1.9842E+00 9.5360E+00
1.5402E+03 1.9840E+00 9.5340E+00
1.5430E+03 1.9837E+00 9.5320E+00
1.5459E+03 1.9835E+00 9.5290E+00
1.5487E+03 1.9832E+00 9.5270E+00
1.5515E+03 1.9829E+00 9.5250E+00
1.5544E+03 1.9827E+00 9.5230E+00
1.5572E+03 1.9824E+00 9.5210E+00
1.5600E+03 1.9822E+00 9.5190E+00
1.5629E+03 1.9819E+00 9.5170E+00
1.5657E+03 1.9816E+00 9.5150E+00
1.5685E+03 1.9814E+00 9.5130E+00
1.5713E+03 1.9811E+00 9.5110E+00
1.5742E+03 1.9809E+00 9.5090E+00
1.5770E+03 1.9806E+00 9.5070E+00
1.5798E+03 1.9803E+00 9.5050E+00
1.5827E+03 1.9801E+00 9.5030E+00
1.5855E+03 1.9798E+00 9.5010E+00
1.5883E+03 1.9796E+00 9.4990E+00
1.5912E+03 1.9793E+00 9.4970E+00
1.5940E+03 1.9790E+00 9.4950E+00
1.5968E+03 1.9788E+00 9.4930E+00
1.5996E+03 1.9785E+00 9.4910E+00
1.6025E+03 1.9783E+00 9.4890E+00
1.6053E+03 1.9780E+00 9.4880E+00
1.6081E+03 1.9778E+00 9.4860E+00
1.6110E+03 1.9775E+00 9.4840E+00
1.6138E+03 1.9772E+00 9.4820E+00
1.6166E+03 1.9770E+00 9.4800E+00
1.6195E+03 1.9767E+00 9.4780E+00
1.6223E+03 1.9765E+00 9.4760E+00
1.6251E+03 1.9762E+00 9.4740E+00
1.6280E+03 1.9759E+00 9.4720E+00
1.6308E+03 1.9757E+00 9.4700E+00
1.6336E+03 1.9754E+00 9.4680E+00
1.6364E+03 1.9752E+00 9.4660E+00
1.6393E+03 1.9749E+00 9.4640E+00
1.6421E+03 1.9747E+00 9.4620E+00
1.6449E+03 1.9744E+00 9.4610E+00
1.6478E+03 1.9741E+00 9.4590E+00
1.6506E+03 1.9739E+00 9.4570E+00
1.6534E+03 1.9736E+00 9.4550E+00
1.6563E+03 1.9734E+00 9.4530E+00
1.6591E+03 1.9731E+00 9.4510E+00
1.6619E+03 1.9729E+00 9.4490E+00
1.6647E+03 1.9726E+00 9.4470E+00
1.6676E+03 1.9724E+00 9.4450E+00
1.6704E+03 1.9721E+00 9.4440E+00
1.6732E+03 1.9719E+00 9.4420E+00
1.6761E+03 1.9716E+00 9.4400E+00
1.6789E+03 1.9713E+00 9.4380E+00
1.6817E+03 1.9711E+00 9.4360E+00
1.6846E+03 1.9708E+00 9.4340E+00
1.6874E+03 1.9706E+00 9.4320E+00
1.6902E+03 1.9703E+00 9.4310E+00
1.6930E+03 1.9701E+00 9.4290E+00
1.6959E+03 1.9698E+00 9.4270E+00
1.6987E+03 1.9696E+00 9.4250E+00
1.7015E+03 1.9693E+00 9.4230E+00
1.7044E+03 1.9691E+00 9.4210E+00
1.7072E+03 1.9688E+00 9.4200E+00
1.7100E+03 1.9686E+00 9.4180E+00
1.7129E+03 1.9683E+00 9.4160E+00
1.7157E+03 1.9680E+00 9.4140E+00
1.7185E+03 1.9678E+00 9.4120E+00
1.7213E+03 1.9675E+00 9.4110E+00
1.7242E+03 1.9673E+00 9.4090E+00
1.7270E+03 1.9670E+00 9.4070E+00
1.7298E+03 1.9668E+00 9.4050E+00
1.7327E+03 1.9665E+00 9.4030E+00
1.7355E+03 1.9663E+00 9.4020E+00
1.7383E+03 1.9660E+00 9.4000E+00
1.7412E+03 1.9658E+00 9.3980E+00
1.7440E+03 1.9655E+00 9.3960E+00
1.7468E+03 1.9653E+00 9.3940E+00
1.7496E+03 1.9650E+00 9.3930E+00
1.7525E+03 1.9648E+00 9.3910E+00
1.7553E+03 1.9645E+00 9.3890E+00
1.7581E+03 1.9643E+00 9.3870E+00
1.7610E+03 1.9640E+00 9.3860E+00
1.7638E+03 1.9638E+00 9.3840E+00
1.7666E+03 1.9635E+00 9.3820E+00
1.7695E+03 1.9633E+00 9.3800E+00
1.7723E+03 1.9630E+00 9.3790E+00
1.7751E+03 1.9628E+00 9.3770E+00
1.7780E+03 1.9625E+00 9.3750E+00
1.7808E+03 1.9623E+00 9.3730E+00
1.7836E+03 1.9620E+00 9.3720E+00
1.7864E+03 1.9618E+00 9.3700E+00
1.7893E+03 1.9615E+00 9.3680E+00
1.7921E+03 1.9613E+00 9.3670E+00
1.7949E+03 1.9610E+00 9.3650E+00
1.7978E+03 1.9608E+00 9.3630E+00
1.8006E+03 1.9605E+00 9.3610E+00
1.8034E+03 1.9603E+00 9.3600E+00
1.8063E+03 1.9601E+00 9.3580E+00
1.8091E+03 1.9598E+00 9.3560E+00
1.8119E+03 1.9596E+00 9.3550E+00
1.8147E+03 1.9593E+00 9.3530E+00
1.8176E+03 1.9591E+00 9.3510E+00
1.8204E+03 1.9588E+00 9.3490E+00
1.8232E+03 1.9586E+00 9.3480E+00
1.8261E+03 1.9583E+00 9.3460E+00
1.8289E+03 1.9581E+00 9.3440E+00
1.8317E+03 1.9578E+00 9.3430E+00
1.8346E+03 1.9576E+00 9.3410E+00
1.8374E+03 1.9573E+00 9.3390E+00
1.8402E+03 1.9571E+00 9.3380E+00
1.8430E+03 1.9569E+00 9.3360E+00
1.8459E+03 1.9566E+00 9.3340E+00
1.8487E+03 1.9564E+00 9.3330E+00
1.8515E+03 1.9561E+00 9.3310E+00
1.8544E+03 1.9559E+00 9.3290E+00
1.8572E+03 1.9556E+00 9.3280E+00
1.8600E+03 1.9554E+00 9.3260E+00
1.8629E+03 1.9551E+00 9.3240E+00
1.8657E+03 1.9549E+00 9.3230E+00
1.8685E+03 1.9547E+00 9.3210E+00
1.8713E+03 1.9544E+00 9.3200E+00
1.8742E+03 1.9542E+00 9.3180E+00
1.8770E+03 1.9539E+00 9.3160E+00
1.8798E+03 1.9537E+00 9.3150E+00
1.8827E+03 1.9534E+00 9.3130E+00
1.8855E+03 1.9532E+00 9.3110E+00
1.8883E+03 1.9530E+00 9.3100E+00
1.8912E+03 1.9527E+00 9.3080E+00
1.8940E+03 1.9525E+00 9.3070E+00
1.8968E+03 1.9522E+00 9.3050E+00
1.8997E+03 1.9520E+00 9.3030E+00
1.9025E+03 1.9518E+00 9.3020E+00
1.9053E+03 1.9515E+00 9.3000E+00
1.9081E+03 1.9513E+00 9.2990E+00
1.9110E+03 1.9510E+00 9.2970E+00
1.9138E+03 1.9508E+00 9.2950E+00
1.9166E+03 1.9506E+00 9.2940E+00
1.9195E+03 1.9503E+00 9.2920E+00
1.9223E+03 1.9501E+00 9.2910E+00
1.9251E+03 1.9498E+00 9.2890E+00
1.9280E+03 1.9496E+00 9.2870E+00
1.9308E+03 1.9494E+00 9.2860E+00
1.9336E+03 1.9491E+00 9.2840E+00
1.9364E+03 1.9489E+00 9.2830E+00
1.9393E+03 1.9486E+00 9.2810E+00
1.9421E+03 1.9484E+00 9.2800E+00
1.9449E+03 1.9482E+00 9.2780E+00
1.9478E+03 1.9479E+00 9.2760E+00
1.9506E+03 1.9477E+00 9.2750E+00
1.9534E+03 1.9474E+00 9.2730E+00
1.9563E+03 1.9472E+00 9.2720E+00
1.9591E+03 1.9470E+00 9.2700E+00
1.9619E+03 1.9467E+00 9.2690E+00
1.9647E+03 1.9465E+00 9.2670E+00
1.9676E+03 1.9463E+00 9.2660E+00
1.9704E+03 1.9460E+00 9.2640E+00
1.9732E+03 1.9458E+00 9.2630E+00
1.9761E+03 1.9456E+00 9.2610E+00
1.9789E+03 1.9453E+00 9.2590E+00
1.9817E+03 1.9451E+00 9.2580E+00
1.9846E+03 1.9448E+00 9.2560E+00
1.9874E+03 1.9446E+00 9.2550E+00
1.9902E+03 1.9444E+00 9.2530E+00
1.9930E+03 1.9441E+00 9.2520E+00
1.9959E+03 1.9439E+00 9.2500E+00
1.9987E+03 1.9437E+00 9.2490E+00
2.0015E+03 1.9434E+00 9.2470E+00
2.0044E+03 1.9432E+00 9.2460E+00
2.0072E+03 1.9430E+00 9.2440E+00
2.0100E+03 1.9427E+00 9.2430E+00
2.0129E+03 1.9425E+00 9.2410E+00
2.0157E+03 1.9423E+00 9.2400E+00
2.0185E+03 1.9420E+00 9.2380E+00
2.0213E+03 1.9418E+00 9.2370E+00
2.0242E+03 1.9416E+00 9.2350E+00
2.0270E+03 1.9413E+00 9.2340E+00
2.0298E+03 1.9411E+00 9.2320E+00
2.0327E+03 1.9409E+00 9.2310E+00
2.0355E+03 1.9406E+00 9.2290E+00
2.0383E+03 1.9404E+00 9.2280E+00
2.0412E+03 1.9402E+00 9.2260E+00
2.0440E+03 1.9399E+00 9.2250E+00
2.0468E+03 1.9397E+00 9.2240E+00
2.0497E+03 1.9395E+00 9.2220E+00
2.0525E+03 1.9392E+00 9.2210E+00
2.0553E+03 1.9390E+00 9.2190E+00
2.0581E+03 1.9388E+00 9.2180E+00
2.0610E+03 1.9385E+00 9.2160E+00
2.0638E+03 1.9383E+00 9.2150E+00
2.0666E+03 1.9381E+00 9.2130E+00
2.0695E+03 1.9378E+00 9.2120E+00
2.0723E+03 1.9376E+00 9.2100E+00
2.0751E+03 1.9374E+00 9.2090E+00
2.0780E+03 1.9372E+00 9.2080E+00
2.0808E+03 1.9369E+00 9.2060E+00
2.0836E+03 1.9367E+00 9.2050E+00
2.0864E+03 1.9365E+00 9.2030E+00
2.0893E+03 1.9362E+00 9.2020E+00
2.0921E+03 1.9360E+00 9.2000E+00
2.0949E+03 1.9358E+00 9.1990E+00
2.0978E+03 1.9356E+00 9.1970E+00
2.1006E+03 1.9353E+00 9.1960E+00
2.1034E+03 1.9351E+00 9.1950E+00
2.1063E+03 1.9349E+00 9.1930E+00
2.1091E+03 1.9346E+00 9.1920E+00
2.1119E+03 1.9344E+00 9.1900E+00
2.1147E+03 1.9342E+00 9.1890E+00
2.1176E+03 1.9340E+00 9.1880E+00
2.1204E+03 1.9337E+00 9.1860E+00
2.1232E+03 1.9335E+00 9.1850E+00
2.1261E+03 1.9333E+00 9.1830E+00
2.1289E+03 1.9331E+00 9.1820E+00
2.1317E+03 1.9328E+00 9.1810E+00
2.1346E+03 1.9326E+00 9.1790E+00
2.1374E+03 1.9324E+00 9.1780E+00
2.1402E+03 1.9321E+00 9.1760E+00
2.1430E+03 1.9319E+00 9.1750E+00
2.1459E+03 1.9317E+00 9.1740E+00
2.1487E+03 1.9315E+00 9.1720E+00
2.1515E+03 1.9312E+00 9.1710E+00
2.1544E+03 1.9310E+00 9.1690E+00
2.1572E+03 1.9308E+00 9.1680E+00
2.1600E+03 1.9306E+00 9.1670E+00
2.1629E+03 1.9303E+00 9.1650E+00
2.1657E+03 1.9301E+00 9.1640E+00
2.1685E+03 1.9299E+00 9.1630E+00
2.1714E+03 1.9297E+00 9.1610E+00
2.1742E+03 1.9294E+00 9.1600E+00
2.1770E+03 1.9292E+00 9.1580E+00
2.1798E+03 1.9290E+00 9.1570E+00
2.1827E+03 1.9288E+00 9.1560E+00
2.1855E+03 1.9286E+00 9.1540E+00
2.1883E+03 1.9283E+00 9.1530E+00
2.1912E+03 1.9281E+00 9.1520E+00
2.1940E+03 1.9279E+00 9.1500E+00
2.1968E+03 1.9277E+00 9.1490E+00
2.1997E+03 1.9274E+00 9.1480E+00
2.2025E+03 1.9272E+00 9.1460E+00
2.2053E+03 1.9270E+00 9.1450E+00
2.2081E+03 1.9268E+00 9.1440E+00
2.2110E+03 1.9266E+00 9.1420E+00
2.2138E+03 1.9263E+00 9.1410E+00
2.2166E+03 1.9261E+00 9.1400E+00
2.2195E+03 1.9259E+00 9.1380E+00
2.2223E+03 1.9257E+00 9.1370E+00
2.2251E+03 1.9254E+00 9.1360E+00
2.2280E+03 1.9252E+00 9.1340E+00
2.2308E+03 1.9250E+00 9.1330E+00
2.2336E+03 1.9248E+00 9.1320E+00
2.2364E+03 1.9246E+00 9.1300E+00
2.2393E+03 1.9243E+00 9.1290E+00
2.2421E+03 1.9241E+00 9.1280E+00
2.2449E+03 1.9239E+00 9.1260E+00
2.2478E+03 1.9237E+00 9.1250E+00
2.2506E+03 1.9235E+00 9.1240E+00
2.2534E+03 1.9233E+00 9.1220E+00
2.2563E+03 1.9230E+00 9.1210E+00
2.2591E+03 1.9228E+00 9.1200E+00
2.2619E+03 1.9226E+00 9.1190E+00
2.2647E+03 1.9224E+00 9.1170E+00
2.2676E+03 1.9222E+00 9.1160E+00
2.2704E+03 1.9219E+00 9.1150E+00
2.2732E+03 1.9217E+00 9.1130E+00
2.2761E+03 1.9215E+00 9.1120E+00
2.2789E+03 1.9213E+00 9.1110E+00
2.2817E+03 1.9211E+00 9.1090E+00
2.2846E+03 1.9209E+00 9.1080E+00
2.2874E+03 1.9206E+00 9.1070E+00
2.2902E+03 1.9204E+00 9.1060E+00
2.2930E+03 1.9202E+00 9.1040E+00
2.2959E+03 1.9200E+00 9.1030E+00
2.2987E+03 1.9198E+00 9.1020E+00
2.3015E+03 1.9196E+00 9.1010E+00
2.3044E+03 1.9193E+00 9.0990E+00
2.3072E+03 1.9191E+00 9.0980E+00
2.3100E+03 1.9189E+00 9.0970E+00
2.3129E+03 1.9187E+00 9.0950E+00
2.3157E+03 1.9185E+00 9.0940E+00
2.3185E+03 1.9183E+00 9.0930E+00
2.3214E+03 1.9181E+00 9.0920E+00
2.3242E+03 1.9178E+00 9.0900E+00
2.3270E+03 1.9176E+00 9.0890E+00
2.3298E+03 1.9174E+00 9.0880E+00
2.3327E+03 1.9172E+00 9.0870E+00
2.3355E+03 1.9170E+00 9.0850E+00
2.3383E+03 1.9168E+00 9.0840E+00
2.3412E+03 1.9166E+00 9.0830E+00
2.3440E+03 1.9163E+00 9.0820E+00
2.3468E+03 1.9161E+00 9.0800E+00
2.3497E+03 1.9159E+00 9.0790E+00
2.3525E+03 1.9157E+00 9.0780E+00
2.3553E+03 1.9155E+00 9.0770E+00
2.3581E+03 1.9153E+00 9.0750E+00
2.3610E+03 1.9151E+00 9.0740E+00
2.3638E+03 1.9149E+00 9.0730E+00
2.3666E+03 1.9146E+00 9.0720E+00
2.3695E+03 1.9144E+00 9.0700E+00
2.3723E+03 1.9142E+00 9.0690E+00
2.3751E+03 1.9140E+00 9.0680E+00
2.3780E+03 1.9138E+00 9.0670E+00
2.3808E+03 1.9136E+00 9.0660E+00
2.3836E+03 1.9134E+00 9.0640E+00
2.3864E+03 1.9132E+00 9.0630E+00
2.3893E+03 1.9130E+00 9.0620E+00
2.3921E+03 1.9127E+00 9.0610E+00
2.3949E+03 1.9125E+00 9.0600E+00
2.3978E+03 1.9123E+00 9.0580E+00
2.4006E+03 1.9121E+00 9.0570E+00
2.4034E+03 1.9119E+00 9.0560E+00
2.4063E+03 1.9117E+00 9.0550E+00
2.4091E+03 1.9115E+00 9.0530E+00
2.4119E+03 1.9113E+00 9.0520E+00
2.4147E+03 1.9111E+00 9.0510E+00
2.4176E+03 1.9109E+00 9.0500E+00
2.4204E+03 1.9106E+00 9.0490E+00
2.4232E+03 1.9104E+00 9.0470E+00
2.4261E+03 1.9102E+00 9.0460E+00
2.4289E+03 1.9100E+00 9.0450E+00
2.4317E+03 1.9098E+00 9.0440E+00
2.4346E+03 1.9096E+00 9.0430E+00
2.4374E+03 1.9094E+00 9.0420E+00
2.4402E+03 1.9092E+00 9.0400E+00
2.4431E+03 1.9090E+00 9.0390E+00
2.4459E+03 1.9088E+00 9.0380E+00
2.4487E+03 1.9086E+00 9.0370E+00
2.4515E+03 1.9084E+00 9.0360E+00
2.4544E+03 1.9082E+00 9.0340E+00
2.4572E+03 1.9079E+00 9.0330E+00
2.4600E+03 1.9077E+00 9.0320E+00
2.4629E+03 1.9075E+00 9.0310E+00
2.4657E+03 1.9073E+00 9.0300E+00
2.4685E+03 1.9071E+00 9.0290E+00
2.4714E+03 1.9069E+00 9.0270E+00
2.4742E+03 1.9067E+00 9.0260E+00
2.4770E+03 1.9065E+00 9.0250E+00
2.4798E+03 1.9063E+00 9.0240E+00
2.4827E+03 1.9061E+00 9.0230E+00
2.4855E+03 1.9059E+00 9.0220E+00
2.4883E+03 1.9057E+00 9.0200E+00
2.4912E+03 1.9055E+00 9.0190E+00
2.4940E+03 1.9053E+00 9.0180E+00
2.4968E+03 1.9051E+00 9.0170E+00
2.4997E+03 1.9049E+00 9.0160E+00
2.5025E+03 1.9047E+00 9.0150E+00
2.5053E+03 1.9045E+00 9.0140E+00
2.5081E+03 1.9043E+00 9.0120E+00
2.5110E+03 1.9041E+00 9.0110E+00
2.5138E+03 1.9039E+00 9.0100E+00
2.5166E+03 1.9036E+00 9.0090E+00
2.5195E+03 1.9034E+00 9.0080E+00
2.5223E+03 1.9032E+00 9.0070E+00
2.5251E+03 1.9030E+00 9.0060E+00
2.5280E+03 1.9028E+00 9.0040E+00
2.5308E+03 1.9026E+00 9.0030E+00
2.5336E+03 1.9024E+00 9.0020E+00
2.5364E+03 1.9022E+00 9.0010E+00
2.5393E+03 1.9020E+00 9.0000E+00
2.5421E+03 1.9018E+00 8.9990E+00
2.5449E+03 1.9016E+00 8.9980E+00
2.5478E+03 1.9014E+00 8.9970E+00
2.5506E+03 1.9012E+00 8.9950E+00
2.5534E+03 1.9010E+00 8.9940E+00
2.5563E+03 1.9008E+00 8.9930E+00
2.5591E+03 1.9006E+00 8.9920E+00
2.5619E+03 1.9004E+00 8.9910E+00
2.5648E+03 1.9002E+00 8.9900E+00
2.5676E+03 1.9000E+00 8.9890E+00
2.5704E+03 1.8998E+00 8.9880E+00
2.5732E+03 1.8996E+00 8.9870E+00
2.5761E+03 1.8994E+00 8.9850E+00
2.5789E+03 1.8992E+00 8.9840E+00
2.5817E+03 1.8990E+00 8.9830E+00
2.5846E+03 1.8988E+00 8.9820E+00
2.5874E+03 1.8986E+00 8.9810E+00
2.5902E+03 1.8984E+00 8.9800E+00
2.5931E+03 1.8982E+00 8.9790E+00
2.5959E+03 1.8980E+00 8.9780E+00
2.5987E+03 1.8978E+00 8.9770E+00
2.6015E+03 1.8976E+00 8.9760E+00
2.6044E+03 1.8974E+00 8.9740E+00
2.6072E+03 1.8972E+00 8.9730E+00
2.6100E+03 1.8970E+00 8.9720E+00
2.6129E+03 1.8968E+00 8.9710E+00
2.6157E+03 1.8966E+00 8.9700E+00
2.6185E+03 1.8964E+00 8.9690E+00
2.6214E+03 1.8963E+00 8.9680E+00
2.6242E+03 1.8961E+00 8.9670E+00
2.6270E+03 1.8959E+00 8.9660E+00
2.6298E+03 1.8957E+00 8.9650E+00
2.6327E+03 1.8955E+00 8.9640E+00
2.6355E+03 1.8953E+00 8.9630E+00
2.6383E+03 1.8951E+00 8.9610E+00
2.6412E+03 1.8949E+00 8.9600E+00
2.6440E+03 1.8947E+00 8.9590E+00
2.6468E+03 1.8945E+00 8.9580E+00
2.6497E+03 1.8943E+00 8.9570E+00
2.6525E+03 1.8941E+00 8.9560E+00
2.6553E+03 1.8939E+00 8.9550E+00
2.6581E+03 1.8937E+00 8.9540E+00
2.6610E+03 1.8935E+00 8.9530E+00
2.6638E+03 1.8933E+00 8.9520E+00
2.6666E+03 1.8931E+00 8.9510E+00
2.6695E+03 1.8929E+00 8.9500E+00
2.6723E+03 1.8927E+00 8.9490E+00
2.6751E+03 1.8925E+00 8.9480E+00
2.6780E+03 1.8923E+00 8.9470E+00
2.6808E+03 1.8921E+00 8.9460E+00
2.6836E+03 1.8920E+00 8.9440E+00
2.6864E+03 1.8918E+00 8.9430E+00
2.6893E+03 1.8916E+00 8.9420E+00
2.6921E+03 1.8914E+00 8.9410E+00
2.6949E+03 1.8912E+00 8.9400E+00
2.6978E+03 1.8910E+00 8.9390E+00
2.7006E+03 1.8908E+00 8.9380E+00
2.7034E+03 1.8906E+00 8.9370E+00
2.7063E+03 1.8904E+00 8.9360E+00
2.7091E+03 1.8902E+00 8.9350E+00
2.7119E+03 1.8900E+00 8.9340E+00
2.7148E+03 1.8898E+00 8.9330E+00
2.7176E+03 1.8896E+00 8.9320E+00
2.7204E+03 1.8895E+00 8.9310E+00
2.7232E+03 1.8893E+00 8.9300E+00
2.7261E+03 1.8891E+00 8.9290E+00
2.7289E+03 1.8889E+00 8.9280E+00
2.7317E+03 1.8887E+00 8.9270E+00
2.7346E+03 1.8885E+00 8.9260E+00
2.7374E+03 1.8883E+00 8.9250E+00
2.7402E+03 1.8881E+00 8.9240E+00
2.7431E+03 1.8879E+00 8.9230E+00
2.7459E+03 1.8877E+00 8.9220E+00
2.7487E+03 1.8875E+00 8.9210E+00
2.7515E+03 1.8874E+00 8.9200E+00
2.7544E+03 1.8872E+00 8.9190E+00
2.7572E+03 1.8870E+00 8.9180E+00
2.7600E+03 1.8868E+00 8.9170E+00
2.7629E+03 1.8866E+00 8.9160E+00
2.7657E+03 1.8864E+00 8.9150E+00
2.7685E+03 1.8862E+00 8.9140E+00
2.7714E+03 1.8860E+00 8.9130E+00
2.7742E+03 1.8858E+00 8.9120E+00
2.7770E+03 1.8856E+00 8.9110E+00
2.7798E+03 1.8855E+00 8.9100E+00
2.7827E+03 1.8853E+00 8.9090E+00
2.7855E+03 1.8851E+00 8.9080E+00
2.7883E+03 1.8849E+00 8.9070E+00
2.7912E+03 1.8847E+00 8.9060E+00
2.7940E+03 1.8845E+00 8.9050E+00
2.7968E+03 1.8843E+00 8.9040E+00
2.7997E+03 1.8841E+00 8.9030E+00
2.8025E+03 1.8840E+00 8.9020E+00
2.8053E+03 1.8838E+00 8.9010E+00
2.8081E+03 1.8836E+00 8.9000E+00
2.8110E+03 1.8834E+00 8.8990E+00
2.8138E+03 1.8832E+00 8.8980E+00
2.8166E+03 1.8830E+00 8.8970E+00
2.8195E+03 1.8828E+00 8.8960E+00
2.8223E+03 1.8827E+00 8.8950E+00
2.8251E+03 1.8825E+00 8.8940E+00
2.8280E+03 1.8823E+00 8.8930E+00
2.8308E+03 1.8821E+00 8.8920E+00
2.8336E+03 1.8819E+00 8.8910E+00
