6.2415E+00 3.7115E-01 1.3229E+01
8.7031E+00 4.5725E-01 1.2817E+01
1.1165E+01 5.3234E-01 1.2614E+01
1.3626E+01 5.9912E-01 1.2496E+01
1.6088E+01 6.5932E-01 1.2421E+01
1.8549E+01 7.1411E-01 1.2367E+01
2.1011E+01 7.6439E-01 1.2327E+01
2.3472E+01 8.1080E-01 1.2295E+01
2.5934E+01 8.5388E-01 1.2269E+01
2.8396E+01 8.9402E-01 1.2245E+01
3.0857E+01 9.3158E-01 1.2225E+01
3.3319E+01 9.6684E-01 1.2206E+01
3.5780E+01 1.0000E+00 1.2188E+01
3.8242E+01 1.0314E+00 1.2171E+01
4.0703E+01 1.0610E+00 1.2155E+01
4.3165E+01 1.0891E+00 1.2139E+01
4.5627E+01 1.1157E+00 1.2123E+01
4.8088E+01 1.1411E+00 1.2108E+01
5.0550E+01 1.1653E+00 1.2093E+01
5.3011E+01 1.1884E+00 1.2078E+01
5.5473E+01 1.2104E+00 1.2064E+01
5.7934E+01 1.2315E+00 1.2049E+01
6.0396E+01 1.2517E+00 1.2035E+01
6.2858E+01 1.2710E+00 1.2020E+01
6.5319E+01 1.2896E+00 1.2006E+01
6.7781E+01 1.3075E+00 1.1992E+01
7.0242E+01 1.3247E+00 1.1978E+01
7.2704E+01 1.3412E+00 1.1964E+01
7.5165E+01 1.3571E+00 1.1951E+01
7.7627E+01 1.3724E+00 1.1937E+01
8.0089E+01 1.3872E+00 1.1923E+01
8.2550E+01 1.4015E+00 1.1910E+01
8.5012E+01 1.4153E+00 1.1896E+01
8.7473E+01 1.4287E+00 1.1883E+01
8.9935E+01 1.4416E+00 1.1869E+01
9.2396E+01 1.4540E+00 1.1856E+01
9.4858E+01 1.4661E+00 1.1843E+01
9.7320E+01 1.4778E+00 1.1830E+01
9.9781E+01 1.4892E+00 1.1817E+01
1.0224E+02 1.5001E+00 1.1804E+01
1.0470E+02 1.5108E+00 1.1791E+01
1.0717E+02 1.5212E+00 1.1779E+01
1.0963E+02 1.5312E+00 1.1766E+01
1.1209E+02 1.5410E+00 1.1754E+01
1.1455E+02 1.5504E+00 1.1741E+01
1.1701E+02 1.5597E+00 1.1729E+01
1.1947E+02 1.5686E+00 1.1716E+01
1.2194E+02 1.5773E+00 1.1704E+01
1.2440E+02 1.5858E+00 1.1692E+01
1.2686E+02 1.5941E+00 1.1680E+01
1.2932E+02 1.6021E+00 1.1668E+01
1.3178E+02 1.6099E+00 1.1656E+01
1.3424E+02 1.6176E+00 1.1645E+01
1.3670E+02 1.6250E+00 1.1633E+01
1.3917E+02 1.6322E+00 1.1621E+01
1.4163E+02 1.6393E+00 1.1610E+01
1.4409E+02 1.6462E+00 1.1598E+01
1.4655E+02 1.6529E+00 1.1587E+01
1.4901E+02 1.6595E+00 1.1576E+01
1.5147E+02 1.6659E+00 1.1564E+01
1.5394E+02 1.6721E+00 1.1553E+01
1.5640E+02 1.6782E+00 1.1542E+01
1.5886E+02 1.6842E+00 1.1531E+01
1.6132E+02 1.6900E+00 1.1520E+01
1.6378E+02 1.6957E+00 1.1510E+01
1.6624E+02 1.7012E+00 1.1499E+01
1.6871E+02 1.7067E+00 1.1488E+01
1.7117E+02 1.7120E+00 1.1478E+01
1.7363E+02 1.7172E+00 1.1467E+01
1.7609E+02 1.7223E+00 1.1457E+01
1.7855E+02 1.7272E+00 1.1446E+01
1.8101E+02 1.7321E+00 1.1436E+01
1.8347E+02 1.7368E+00 1.1426E+01
1.8594E+02 1.7415E+00 1.1415E+01
1.8840E+02 1.7460E+00 1.1405E+01
1.9086E+02 1.7505E+00 1.1395E+01
1.9332E+02 1.7549E+00 1.1385E+01
1.9578E+02 1.7592E+00 1.1375E+01
1.9824E+02 1.7633E+00 1.1366E+01
2.0071E+02 1.7674E+00 1.1356E+01
2.0317E+02 1.7715E+00 1.1346E+01
2.0563E+02 1.7754E+00 1.1336E+01
2.0809E+02 1.7793E+00 1.1327E+01
2.1055E+02 1.7830E+00 1.1317E+01
2.1301E+02 1.7868E+00 1.1308E+01
2.1547E+02 1.7904E+00 1.1299E+01
2.1794E+02 1.7940E+00 1.1289E+01
2.2040E+02 1.7974E+00 1.1280E+01
2.2286E+02 1.8009E+00 1.1271E+01
2.2532E+02 1.8042E+00 1.1262E+01
2.2778E+02 1.8075E+00 1.1253E+01
2.3024E+02 1.8108E+00 1.1243E+01
2.3271E+02 1.8139E+00 1.1235E+01
2.3517E+02 1.8171E+00 1.1226E+01
2.3763E+02 1.8201E+00 1.1217E+01
2.4009E+02 1.8231E+00 1.1208E+01
2.4255E+02 1.8260E+00 1.1199E+01
2.4501E+02 1.8289E+00 1.1190E+01
2.4748E+02 1.8318E+00 1.1182E+01
2.4994E+02 1.8346E+00 1.1173E+01
2.5240E+02 1.8373E+00 1.1165E+01
2.5486E+02 1.8400E+00 1.1156E+01
2.5732E+02 1.8426E+00 1.1148E+01
2.5978E+02 1.8452E+00 1.1139E+01
2.6224E+02 1.8477E+00 1.1131E+01
2.6471E+02 1.8502E+00 1.1123E+01
2.6717E+02 1.8527E+00 1.1115E+01
2.6963E+02 1.8551E+00 1.1106E+01
2.7209E+02 1.8575E+00 1.1098E+01
2.7455E+02 1.8598E+00 1.1090E+01
2.7701E+02 1.8621E+00 1.1082E+01
2.7948E+02 1.8643E+00 1.1074E+01
2.8194E+02 1.8665E+00 1.1066E+01
2.8440E+02 1.8687E+00 1.1058E+01
2.8686E+02 1.8708E+00 1.1050E+01
2.8932E+02 1.8729E+00 1.1043E+01
2.9178E+02 1.8750E+00 1.1035E+01
2.9425E+02 1.8770E+00 1.1027E+01
2.9671E+02 1.8790E+00 1.1019E+01
2.9917E+02 1.8809E+00 1.1012E+01
3.0163E+02 1.8829E+00 1.1004E+01
3.0409E+02 1.8848E+00 1.0997E+01
3.0655E+02 1.8866E+00 1.0989E+01
3.0901E+02 1.8884E+00 1.0982E+01
3.1148E+02 1.8902E+00 1.0974E+01
3.1394E+02 1.8920E+00 1.0967E+01
3.1640E+02 1.8938E+00 1.0960E+01
3.1886E+02 1.8955E+00 1.0952E+01
3.2132E+02 1.8971E+00 1.0945E+01
3.2378E+02 1.8988E+00 1.0938E+01
3.2625E+02 1.9004E+00 1.0931E+01
3.2871E+02 1.9020E+00 1.0923E+01
3.3117E+02 1.9036E+00 1.0916E+01
3.3363E+02 1.9052E+00 1.0909E+01
3.3609E+02 1.9067E+00 1.0902E+01
3.3855E+02 1.9082E+00 1.0895E+01
3.4101E+02 1.9096E+00 1.0888E+01
3.4348E+02 1.9111E+00 1.0881E+01
3.4594E+02 1.9125E+00 1.0874E+01
3.4840E+02 1.9139E+00 1.0868E+01
3.5086E+02 1.9153E+00 1.0861E+01
3.5332E+02 1.9167E+00 1.0854E+01
3.5578E+02 1.9180E+00 1.0847E+01
3.5825E+02 1.9193E+00 1.0841E+01
3.6071E+02 1.9206E+00 1.0834E+01
3.6317E+02 1.9219E+00 1.0827E+01
3.6563E+02 1.9232E+00 1.0821E+01
3.6809E+02 1.9244E+00 1.0814E+01
3.7055E+02 1.9256E+00 1.0808E+01
3.7302E+02 1.9268E+00 1.0801E+01
3.7548E+02 1.9280E+00 1.0795E+01
3.7794E+02 1.9291E+00 1.0788E+01
3.8040E+02 1.9303E+00 1.0782E+01
3.8286E+02 1.9314E+00 1.0775E+01
3.8532E+02 1.9325E+00 1.0769E+01
3.8778E+02 1.9336E+00 1.0763E+01
3.9025E+02 1.9347E+00 1.0756E+01
3.9271E+02 1.9357E+00 1.0750E+01
3.9517E+02 1.9368E+00 1.0744E+01
3.9763E+02 1.9378E+00 1.0738E+01
4.0009E+02 1.9388E+00 1.0732E+01
4.0255E+02 1.9398E+00 1.0725E+01
4.0502E+02 1.9408E+00 1.0719E+01
4.0748E+02 1.9417E+00 1.0713E+01
4.0994E+02 1.9427E+00 1.0707E+01
4.1240E+02 1.9436E+00 1.0701E+01
4.1486E+02 1.9445E+00 1.0695E+01
4.1732E+02 1.9454E+00 1.0689E+01
4.1979E+02 1.9463E+00 1.0683E+01
4.2225E+02 1.9472E+00 1.0677E+01
4.2471E+02 1.9480E+00 1.0672E+01
4.2717E+02 1.9489E+00 1.0666E+01
4.2963E+02 1.9497E+00 1.0660E+01
4.3209E+02 1.9505E+00 1.0654E+01
4.3455E+02 1.9513E+00 1.0648E+01
4.3702E+02 1.9521E+00 1.0643E+01
4.3948E+02 1.9529E+00 1.0637E+01
4.4194E+02 1.9537E+00 1.0631E+01
4.4440E+02 1.9544E+00 1.0625E+01
4.4686E+02 1.9552E+00 1.0620E+01
4.4932E+02 1.9559E+00 1.0614E+01
4.5179E+02 1.9566E+00 1.0609E+01
4.5425E+02 1.9574E+00 1.0603E+01
4.5671E+02 1.9581E+00 1.0598E+01
4.5917E+02 1.9587E+00 1.0592E+01
4.6163E+02 1.9594E+00 1.0587E+01
4.6409E+02 1.9601E+00 1.0581E+01
4.6655E+02 1.9608E+00 1.0576E+01
4.6902E+02 1.9614E+00 1.0570E+01
4.7148E+02 1.9620E+00 1.0565E+01
4.7394E+02 1.9627E+00 1.0559E+01
4.7640E+02 1.9633E+00 1.0554E+01
4.7886E+02 1.9639E+00 1.0549E+01
4.8132E+02 1.9645E+00 1.0543E+01
4.8379E+02 1.9651E+00 1.0538E+01
4.8625E+02 1.9656E+00 1.0533E+01
4.8871E+02 1.9662E+00 1.0528E+01
4.9117E+02 1.9668E+00 1.0522E+01
4.9363E+02 1.9673E+00 1.0517E+01
4.9609E+02 1.9679E+00 1.0512E+01
4.9856E+02 1.9684E+00 1.0507E+01
5.0102E+02 1.9689E+00 1.0502E+01
5.0348E+02 1.9694E+00 1.0497E+01
5.0594E+02 1.9700E+00 1.0492E+01
5.0840E+02 1.9705E+00 1.0486E+01
5.1086E+02 1.9709E+00 1.0481E+01
5.1332E+02 1.9714E+00 1.0476E+01
5.1579E+02 1.9719E+00 1.0471E+01
5.1825E+02 1.9724E+00 1.0466E+01
5.2071E+02 1.9728E+00 1.0461E+01
5.2317E+02 1.9733E+00 1.0457E+01
5.2563E+02 1.9737E+00 1.0452E+01
5.2809E+02 1.9742E+00 1.0447E+01
5.3056E+02 1.9746E+00 1.0442E+01
5.3302E+02 1.9750E+00 1.0437E+01
5.3548E+02 1.9754E+00 1.0432E+01
5.3794E+02 1.9758E+00 1.0427E+01
5.4040E+02 1.9762E+00 1.0422E+01
5.4286E+02 1.9766E+00 1.0418E+01
5.4533E+02 1.9770E+00 1.0413E+01
5.4779E+02 1.9774E+00 1.0408E+01
5.5025E+02 1.9778E+00 1.0403E+01
5.5271E+02 1.9781E+00 1.0399E+01
5.5517E+02 1.9785E+00 1.0394E+01
5.5763E+02 1.9789E+00 1.0389E+01
5.6009E+02 1.9792E+00 1.0385E+01
5.6256E+02 1.9796E+00 1.0380E+01
5.6502E+02 1.9799E+00 1.0375E+01
5.6748E+02 1.9802E+00 1.0371E+01
5.6994E+02 1.9806E+00 1.0366E+01
5.7240E+02 1.9809E+00 1.0362E+01
5.7486E+02 1.9812E+00 1.0357E+01
5.7733E+02 1.9815E+00 1.0353E+01
5.7979E+02 1.9818E+00 1.0348E+01
5.8225E+02 1.9821E+00 1.0344E+01
5.8471E+02 1.9824E+00 1.0339E+01
5.8717E+02 1.9827E+00 1.0335E+01
5.8963E+02 1.9830E+00 1.0330E+01
5.9209E+02 1.9832E+00 1.0326E+01
5.9456E+02 1.9835E+00 1.0321E+01
5.9702E+02 1.9838E+00 1.0317E+01
5.9948E+02 1.9840E+00 1.0312E+01
6.0194E+02 1.9843E+00 1.0308E+01
6.0440E+02 1.9845E+00 1.0304E+01
6.0686E+02 1.9848E+00 1.0299E+01
6.0933E+02 1.9850E+00 1.0295E+01
6.1179E+02 1.9852E+00 1.0291E+01
6.1425E+02 1.9855E+00 1.0287E+01
6.1671E+02 1.9857E+00 1.0282E+01
6.1917E+02 1.9859E+00 1.0278E+01
6.2163E+02 1.9861E+00 1.0274E+01
6.2410E+02 1.9864E+00 1.0270E+01
6.2656E+02 1.9866E+00 1.0265E+01
6.2902E+02 1.9868E+00 1.0261E+01
6.3148E+02 1.9870E+00 1.0257E+01
6.3394E+02 1.9872E+00 1.0253E+01
6.3640E+02 1.9873E+00 1.0249E+01
6.3886E+02 1.9875E+00 1.0244E+01
6.4133E+02 1.9877E+00 1.0240E+01
6.4379E+02 1.9879E+00 1.0236E+01
6.4625E+02 1.9881E+00 1.0232E+01
6.4871E+02 1.9882E+00 1.0228E+01
6.5117E+02 1.9884E+00 1.0224E+01
6.5363E+02 1.9886E+00 1.0220E+01
6.5610E+02 1.9887E+00 1.0216E+01
6.5856E+02 1.9889E+00 1.0212E+01
6.6102E+02 1.9890E+00 1.0208E+01
6.6348E+02 1.9892E+00 1.0204E+01
6.6594E+02 1.9893E+00 1.0200E+01
6.6840E+02 1.9895E+00 1.0196E+01
6.7086E+02 1.9896E+00 1.0192E+01
6.7333E+02 1.9897E+00 1.0188E+01
6.7579E+02 1.9899E+00 1.0184E+01
6.7825E+02 1.9900E+00 1.0180E+01
6.8071E+02 1.9901E+00 1.0176E+01
6.8317E+02 1.9902E+00 1.0172E+01
6.8563E+02 1.9903E+00 1.0168E+01
6.8810E+02 1.9904E+00 1.0165E+01
6.9056E+02 1.9906E+00 1.0161E+01
6.9302E+02 1.9907E+00 1.0157E+01
6.9548E+02 1.9908E+00 1.0153E+01
6.9794E+02 1.9909E+00 1.0149E+01
7.0040E+02 1.9910E+00 1.0145E+01
7.0287E+02 1.9910E+00 1.0142E+01
7.0533E+02 1.9911E+00 1.0138E+01
7.0779E+02 1.9912E+00 1.0134E+01
7.1025E+02 1.9913E+00 1.0130E+01
7.1271E+02 1.9914E+00 1.0127E+01
7.1517E+02 1.9915E+00 1.0123E+01
7.1763E+02 1.9915E+00 1.0119E+01
7.2010E+02 1.9916E+00 1.0116E+01
7.2256E+02 1.9917E+00 1.0112E+01
7.2502E+02 1.9917E+00 1.0108E+01
7.2748E+02 1.9918E+00 1.0104E+01
7.2994E+02 1.9919E+00 1.0101E+01
7.3240E+02 1.9919E+00 1.0097E+01
7.3487E+02 1.9920E+00 1.0094E+01
7.3733E+02 1.9920E+00 1.0090E+01
7.3979E+02 1.9921E+00 1.0086E+01
7.4225E+02 1.9921E+00 1.0083E+01
7.4471E+02 1.9922E+00 1.0079E+01
7.4717E+02 1.9922E+00 1.0076E+01
7.4964E+02 1.9923E+00 1.0072E+01
7.5210E+02 1.9923E+00 1.0068E+01
7.5456E+02 1.9923E+00 1.0065E+01
7.5702E+02 1.9924E+00 1.0061E+01
7.5948E+02 1.9924E+00 1.0058E+01
7.6194E+02 1.9924E+00 1.0054E+01
7.6440E+02 1.9924E+00 1.0051E+01
7.6687E+02 1.9925E+00 1.0047E+01
7.6933E+02 1.9925E+00 1.0044E+01
7.7179E+02 1.9925E+00 1.0040E+01
7.7425E+02 1.9925E+00 1.0037E+01
7.7671E+02 1.9925E+00 1.0034E+01
7.7917E+02 1.9925E+00 1.0030E+01
7.8164E+02 1.9926E+00 1.0027E+01
7.8410E+02 1.9926E+00 1.0023E+01
7.8656E+02 1.9926E+00 1.0020E+01
7.8902E+02 1.9926E+00 1.0016E+01
7.9148E+02 1.9926E+00 1.0013E+01
7.9394E+02 1.9926E+00 1.0010E+01
7.9640E+02 1.9926E+00 1.0006E+01
7.9887E+02 1.9926E+00 1.0003E+01
8.0133E+02 1.9926E+00 1.0000E+01
8.0379E+02 1.9925E+00 9.9960E+00
8.0625E+02 1.9925E+00 9.9930E+00
8.0871E+02 1.9925E+00 9.9900E+00
8.1117E+02 1.9925E+00 9.9860E+00
8.1364E+02 1.9925E+00 9.9830E+00
8.1610E+02 1.9925E+00 9.9800E+00
8.1856E+02 1.9925E+00 9.9770E+00
8.2102E+02 1.9924E+00 9.9730E+00
8.2348E+02 1.9924E+00 9.9700E+00
8.2594E+02 1.9924E+00 9.9670E+00
8.2841E+02 1.9924E+00 9.9640E+00
8.3087E+02 1.9923E+00 9.9600E+00
8.3333E+02 1.9923E+00 9.9570E+00
8.3579E+02 1.9923E+00 9.9540E+00
8.3825E+02 1.9922E+00 9.9510E+00
8.4071E+02 1.9922E+00 9.9480E+00
8.4317E+02 1.9921E+00 9.9440E+00
8.4564E+02 1.9921E+00 9.9410E+00
8.4810E+02 1.9921E+00 9.9380E+00
8.5056E+02 1.9920E+00 9.9350E+00
8.5302E+02 1.9920E+00 9.9320E+00
8.5548E+02 1.9919E+00 9.9290E+00
8.5794E+02 1.9919E+00 9.9250E+00
8.6041E+02 1.9918E+00 9.9220E+00
8.6287E+02 1.9918E+00 9.9190E+00
8.6533E+02 1.9917E+00 9.9160E+00
8.6779E+02 1.9917E+00 9.9130E+00
8.7025E+02 1.9916E+00 9.9100E+00
8.7271E+02 1.9916E+00 9.9070E+00
8.7518E+02 1.9915E+00 9.9040E+00
8.7764E+02 1.9914E+00 9.9010E+00
8.8010E+02 1.9914E+00 9.8980E+00
8.8256E+02 1.9913E+00 9.8950E+00
8.8502E+02 1.9913E+00 9.8920E+00
8.8748E+02 1.9912E+00 9.8890E+00
8.8994E+02 1.9911E+00 9.8860E+00
8.9241E+02 1.9911E+00 9.8830E+00
8.9487E+02 1.9910E+00 9.8800E+00
8.9733E+02 1.9909E+00 9.8770E+00
8.9979E+02 1.9908E+00 9.8740E+00
9.0225E+02 1.9908E+00 9.8710E+00
9.0471E+02 1.9907E+00 9.8680E+00
9.0718E+02 1.9906E+00 9.8650E+00
9.0964E+02 1.9905E+00 9.8620E+00
9.1210E+02 1.9905E+00 9.8590E+00
9.1456E+02 1.9904E+00 9.8560E+00
9.1702E+02 1.9903E+00 9.8530E+00
9.1948E+02 1.9902E+00 9.8500E+00
9.2194E+02 1.9901E+00 9.8470E+00
9.2441E+02 1.9900E+00 9.8440E+00
9.2687E+02 1.9900E+00 9.8410E+00
9.2933E+02 1.9899E+00 9.8390E+00
9.3179E+02 1.9898E+00 9.8360E+00
9.3425E+02 1.9897E+00 9.8330E+00
9.3671E+02 1.9896E+00 9.8300E+00
9.3918E+02 1.9895E+00 9.8270E+00
9.4164E+02 1.9894E+00 9.8240E+00
9.4410E+02 1.9893E+00 9.8210E+00
9.4656E+02 1.9892E+00 9.8190E+00
9.4902E+02 1.9891E+00 9.8160E+00
9.5148E+02 1.9890E+00 9.8130E+00
9.5395E+02 1.9889E+00 9.8100E+00
9.5641E+02 1.9888E+00 9.8070E+00
9.5887E+02 1.9887E+00 9.8050E+00
9.6133E+02 1.9886E+00 9.8020E+00
9.6379E+02 1.9885E+00 9.7990E+00
9.6625E+02 1.9884E+00 9.7960E+00
9.6871E+02 1.9883E+00 9.7940E+00
9.7118E+02 1.9882E+00 9.7910E+00
9.7364E+02 1.9881E+00 9.7880E+00
9.7610E+02 1.9880E+00 9.7850E+00
9.7856E+02 1.9879E+00 9.7830E+00
9.8102E+02 1.9878E+00 9.7800E+00
9.8348E+02 1.9877E+00 9.7770E+00
9.8595E+02 1.9876E+00 9.7740E+00
9.8841E+02 1.9875E+00 9.7720E+00
9.9087E+02 1.9873E+00 9.7690E+00
9.9333E+02 1.9872E+00 9.7660E+00
9.9579E+02 1.9871E+00 9.7640E+00
9.9825E+02 1.9870E+00 9.7610E+00
1.0007E+03 1.9869E+00 9.7580E+00
1.0032E+03 1.9868E+00 9.7560E+00
1.0056E+03 1.9866E+00 9.7530E+00
1.0081E+03 1.9865E+00 9.7500E+00
1.0106E+03 1.9864E+00 9.7480E+00
1.0130E+03 1.9863E+00 9.7450E+00
1.0155E+03 1.9862E+00 9.7420E+00
1.0179E+03 1.9860E+00 9.7400E+00
1.0204E+03 1.9859E+00 9.7370E+00
1.0229E+03 1.9858E+00 9.7350E+00
1.0253E+03 1.9857E+00 9.7320E+00
1.0278E+03 1.9855E+00 9.7290E+00
1.0303E+03 1.9854E+00 9.7270E+00
1.0327E+03 1.9853E+00 9.7240E+00
1.0352E+03 1.9852E+00 9.7220E+00
1.0376E+03 1.9850E+00 9.7190E+00
1.0401E+03 1.9849E+00 9.7160E+00
1.0426E+03 1.9848E+00 9.7140E+00
1.0450E+03 1.9846E+00 9.7110E+00
1.0475E+03 1.9845E+00 9.7090E+00
1.0499E+03 1.9844E+00 9.7060E+00
1.0524E+03 1.9842E+00 9.7040E+00
1.0549E+03 1.9841E+00 9.7010E+00
1.0573E+03 1.9840E+00 9.6990E+00
1.0598E+03 1.9838E+00 9.6960E+00
1.0623E+03 1.9837E+00 9.6940E+00
1.0647E+03 1.9836E+00 9.6910E+00
1.0672E+03 1.9834E+00 9.6890E+00
1.0696E+03 1.9833E+00 9.6860E+00
1.0721E+03 1.9832E+00 9.6840E+00
1.0746E+03 1.9830E+00 9.6810E+00
1.0770E+03 1.9829E+00 9.6790E+00
1.0795E+03 1.9827E+00 9.6760E+00
1.0819E+03 1.9826E+00 9.6740E+00
1.0844E+03 1.9824E+00 9.6710E+00
1.0869E+03 1.9823E+00 9.6690E+00
1.0893E+03 1.9822E+00 9.6660E+00
1.0918E+03 1.9820E+00 9.6640E+00
1.0943E+03 1.9819E+00 9.6620E+00
1.0967E+03 1.9817E+00 9.6590E+00
1.0992E+03 1.9816E+00 9.6570E+00
1.1016E+03 1.9814E+00 9.6540E+00
1.1041E+03 1.9813E+00 9.6520E+00
1.1066E+03 1.9811E+00 9.6490E+00
1.1090E+03 1.9810E+00 9.6470E+00
1.1115E+03 1.9808E+00 9.6450E+00
1.1139E+03 1.9807E+00 9.6420E+00
1.1164E+03 1.9805E+00 9.6400E+00
1.1189E+03 1.9804E+00 9.6380E+00
1.1213E+03 1.9802E+00 9.6350E+00
1.1238E+03 1.9801E+00 9.6330E+00
1.1263E+03 1.9799E+00 9.6300E+00
1.1287E+03 1.9798E+00 9.6280E+00
1.1312E+03 1.9796E+00 9.6260E+00
1.1336E+03 1.9795E+00 9.6230E+00
1.1361E+03 1.9793E+00 9.6210E+00
1.1386E+03 1.9792E+00 9.6190E+00
1.1410E+03 1.9790E+00 9.6160E+00
1.1435E+03 1.9789E+00 9.6140E+00
1.1459E+03 1.9787E+00 9.6120E+00
1.1484E+03 1.9786E+00 9.6090E+00
1.1509E+03 1.9784E+00 9.6070E+00
1.1533E+03 1.9782E+00 9.6050E+00
1.1558E+03 1.9781E+00 9.6030E+00
1.1583E+03 1.9779E+00 9.6000E+00
1.1607E+03 1.9778E+00 9.5980E+00
1.1632E+03 1.9776E+00 9.5960E+00
1.1656E+03 1.9775E+00 9.5930E+00
1.1681E+03 1.9773E+00 9.5910E+00
1.1706E+03 1.9771E+00 9.5890E+00
1.1730E+03 1.9770E+00 9.5870E+00
1.1755E+03 1.9768E+00 9.5840E+00
1.1779E+03 1.9766E+00 9.5820E+00
1.1804E+03 1.9765E+00 9.5800E+00
1.1829E+03 1.9763E+00 9.5780E+00
1.1853E+03 1.9762E+00 9.5750E+00
1.1878E+03 1.9760E+00 9.5730E+00
1.1903E+03 1.9758E+00 9.5710E+00
1.1927E+03 1.9757E+00 9.5690E+00
1.1952E+03 1.9755E+00 9.5670E+00
1.1976E+03 1.9753E+00 9.5640E+00
1.2001E+03 1.9752E+00 9.5620E+00
1.2026E+03 1.9750E+00 9.5600E+00
1.2050E+03 1.9748E+00 9.5580E+00
1.2075E+03 1.9747E+00 9.5560E+00
1.2099E+03 1.9745E+00 9.5530E+00
1.2124E+03 1.9743E+00 9.5510E+00
1.2149E+03 1.9742E+00 9.5490E+00
1.2173E+03 1.9740E+00 9.5470E+00
1.2198E+03 1.9738E+00 9.5450E+00
1.2223E+03 1.9737E+00 9.5430E+00
1.2247E+03 1.9735E+00 9.5400E+00
1.2272E+03 1.9733E+00 9.5380E+00
1.2296E+03 1.9732E+00 9.5360E+00
1.2321E+03 1.9730E+00 9.5340E+00
1.2346E+03 1.9728E+00 9.5320E+00
1.2370E+03 1.9727E+00 9.5300E+00
1.2395E+03 1.9725E+00 9.5280E+00
1.2419E+03 1.9723E+00 9.5250E+00
1.2444E+03 1.9721E+00 9.5230E+00
1.2469E+03 1.9720E+00 9.5210E+00
1.2493E+03 1.9718E+00 9.5190E+00
1.2518E+03 1.9716E+00 9.5170E+00
1.2543E+03 1.9715E+00 9.5150E+00
1.2567E+03 1.9713E+00 9.5130E+00
1.2592E+03 1.9711E+00 9.5110E+00
1.2616E+03 1.9709E+00 9.5090E+00
1.2641E+03 1.9708E+00 9.5070E+00
1.2666E+03 1.9706E+00 9.5040E+00
1.2690E+03 1.9704E+00 9.5020E+00
1.2715E+03 1.9702E+00 9.5000E+00
1.2739E+03 1.9701E+00 9.4980E+00
1.2764E+03 1.9699E+00 9.4960E+00
1.2789E+03 1.9697E+00 9.4940E+00
1.2813E+03 1.9695E+00 9.4920E+00
1.2838E+03 1.9694E+00 9.4900E+00
1.2863E+03 1.9692E+00 9.4880E+00
1.2887E+03 1.9690E+00 9.4860E+00
1.2912E+03 1.9688E+00 9.4840E+00
1.2936E+03 1.9686E+00 9.4820E+00
1.2961E+03 1.9685E+00 9.4800E+00
1.2986E+03 1.9683E+00 9.4780E+00
1.3010E+03 1.9681E+00 9.4760E+00
1.3035E+03 1.9679E+00 9.4740E+00
1.3059E+03 1.9678E+00 9.4720E+00
1.3084E+03 1.9676E+00 9.4700E+00
1.3109E+03 1.9674E+00 9.4680E+00
1.3133E+03 1.9672E+00 9.4660E+00
1.3158E+03 1.9670E+00 9.4640E+00
1.3183E+03 1.9669E+00 9.4620E+00
1.3207E+03 1.9667E+00 9.4600E+00
1.3232E+03 1.9665E+00 9.4580E+00
1.3256E+03 1.9663E+00 9.4560E+00
1.3281E+03 1.9661E+00 9.4540E+00
1.3306E+03 1.9660E+00 9.4520E+00
1.3330E+03 1.9658E+00 9.4500E+00
1.3355E+03 1.9656E+00 9.4480E+00
1.3380E+03 1.9654E+00 9.4460E+00
1.3404E+03 1.9652E+00 9.4440E+00
1.3429E+03 1.9651E+00 9.4420E+00
1.3453E+03 1.9649E+00 9.4400E+00
1.3478E+03 1.9647E+00 9.4380E+00
1.3503E+03 1.9645E+00 9.4360E+00
1.3527E+03 1.9643E+00 9.4340E+00
1.3552E+03 1.9641E+00 9.4330E+00
1.3576E+03 1.9640E+00 9.4310E+00
1.3601E+03 1.9638E+00 9.4290E+00
1.3626E+03 1.9636E+00 9.4270E+00
1.3650E+03 1.9634E+00 9.4250E+00
1.3675E+03 1.9632E+00 9.4230E+00
1.3700E+03 1.9630E+00 9.4210E+00
1.3724E+03 1.9629E+00 9.4190E+00
1.3749E+03 1.9627E+00 9.4170E+00
1.3773E+03 1.9625E+00 9.4150E+00
1.3798E+03 1.9623E+00 9.4130E+00
1.3823E+03 1.9621E+00 9.4120E+00
1.3847E+03 1.9619E+00 9.4100E+00
1.3872E+03 1.9617E+00 9.4080E+00
1.3896E+03 1.9616E+00 9.4060E+00
1.3921E+03 1.9614E+00 9.4040E+00
1.3946E+03 1.9612E+00 9.4020E+00
1.3970E+03 1.9610E+00 9.4000E+00
1.3995E+03 1.9608E+00 9.3990E+00
1.4020E+03 1.9606E+00 9.3970E+00
1.4044E+03 1.9604E+00 9.3950E+00
1.4069E+03 1.9603E+00 9.3930E+00
1.4093E+03 1.9601E+00 9.3910E+00
1.4118E+03 1.9599E+00 9.3890E+00
1.4143E+03 1.9597E+00 9.3870E+00
1.4167E+03 1.9595E+00 9.3860E+00
1.4192E+03 1.9593E+00 9.3840E+00
1.4216E+03 1.9591E+00 9.3820E+00
1.4241E+03 1.9590E+00 9.3800E+00
1.4266E+03 1.9588E+00 9.3780E+00
1.4290E+03 1.9586E+00 9.3770E+00
1.4315E+03 1.9584E+00 9.3750E+00
1.4340E+03 1.9582E+00 9.3730E+00
1.4364E+03 1.9580E+00 9.3710E+00
1.4389E+03 1.9578E+00 9.3690E+00
1.4413E+03 1.9576E+00 9.3670E+00
1.4438E+03 1.9574E+00 9.3660E+00
1.4463E+03 1.9573E+00 9.3640E+00
1.4487E+03 1.9571E+00 9.3620E+00
1.4512E+03 1.9569E+00 9.3600E+00
1.4536E+03 1.9567E+00 9.3590E+00
1.4561E+03 1.9565E+00 9.3570E+00
1.4586E+03 1.9563E+00 9.3550E+00
1.4610E+03 1.9561E+00 9.3530E+00
1.4635E+03 1.9559E+00 9.3510E+00
1.4660E+03 1.9557E+00 9.3500E+00
1.4684E+03 1.9556E+00 9.3480E+00
1.4709E+03 1.9554E+00 9.3460E+00
1.4733E+03 1.9552E+00 9.3440E+00
1.4758E+03 1.9550E+00 9.3430E+00
1.4783E+03 1.9548E+00 9.3410E+00
1.4807E+03 1.9546E+00 9.3390E+00
1.4832E+03 1.9544E+00 9.3370E+00
1.4856E+03 1.9542E+00 9.3360E+00
1.4881E+03 1.9540E+00 9.3340E+00
1.4906E+03 1.9538E+00 9.3320E+00
1.4930E+03 1.9537E+00 9.3310E+00
1.4955E+03 1.9535E+00 9.3290E+00
1.4980E+03 1.9533E+00 9.3270E+00
1.5004E+03 1.9531E+00 9.3250E+00
1.5029E+03 1.9529E+00 9.3240E+00
1.5053E+03 1.9527E+00 9.3220E+00
1.5078E+03 1.9525E+00 9.3200E+00
1.5103E+03 1.9523E+00 9.3190E+00
1.5127E+03 1.9521E+00 9.3170E+00
1.5152E+03 1.9519E+00 9.3150E+00
1.5176E+03 1.9517E+00 9.3130E+00
1.5201E+03 1.9516E+00 9.3120E+00
1.5226E+03 1.9514E+00 9.3100E+00
1.5250E+03 1.9512E+00 9.3080E+00
1.5275E+03 1.9510E+00 9.3070E+00
1.5300E+03 1.9508E+00 9.3050E+00
1.5324E+03 1.9506E+00 9.3030E+00
1.5349E+03 1.9504E+00 9.3020E+00
1.5373E+03 1.9502E+00 9.3000E+00
1.5398E+03 1.9500E+00 9.2980E+00
1.5423E+03 1.9498E+00 9.2970E+00
1.5447E+03 1.9496E+00 9.2950E+00
1.5472E+03 1.9494E+00 9.2930E+00
1.5496E+03 1.9493E+00 9.2920E+00
1.5521E+03 1.9491E+00 9.2900E+00
1.5546E+03 1.9489E+00 9.2880E+00
1.5570E+03 1.9487E+00 9.2870E+00
1.5595E+03 1.9485E+00 9.2850E+00
1.5620E+03 1.9483E+00 9.2840E+00
1.5644E+03 1.9481E+00 9.2820E+00
1.5669E+03 1.9479E+00 9.2800E+00
1.5693E+03 1.9477E+00 9.2790E+00
1.5718E+03 1.9475E+00 9.2770E+00
1.5743E+03 1.9473E+00 9.2750E+00
1.5767E+03 1.9471E+00 9.2740E+00
1.5792E+03 1.9469E+00 9.2720E+00
1.5816E+03 1.9468E+00 9.2710E+00
1.5841E+03 1.9466E+00 9.2690E+00
1.5866E+03 1.9464E+00 9.2670E+00
1.5890E+03 1.9462E+00 9.2660E+00
1.5915E+03 1.9460E+00 9.2640E+00
1.5940E+03 1.9458E+00 9.2620E+00
1.5964E+03 1.9456E+00 9.2610E+00
1.5989E+03 1.9454E+00 9.2590E+00
1.6013E+03 1.9452E+00 9.2580E+00
1.6038E+03 1.9450E+00 9.2560E+00
1.6063E+03 1.9448E+00 9.2550E+00
1.6087E+03 1.9446E+00 9.2530E+00
1.6112E+03 1.9444E+00 9.2510E+00
1.6136E+03 1.9442E+00 9.2500E+00
1.6161E+03 1.9441E+00 9.2480E+00
1.6186E+03 1.9439E+00 9.2470E+00
1.6210E+03 1.9437E+00 9.2450E+00
1.6235E+03 1.9435E+00 9.2440E+00
1.6260E+03 1.9433E+00 9.2420E+00
1.6284E+03 1.9431E+00 9.2400E+00
1.6309E+03 1.9429E+00 9.2390E+00
1.6333E+03 1.9427E+00 9.2370E+00
1.6358E+03 1.9425E+00 9.2360E+00
1.6383E+03 1.9423E+00 9.2340E+00
1.6407E+03 1.9421E+00 9.2330E+00
1.6432E+03 1.9419E+00 9.2310E+00
1.6456E+03 1.9417E+00 9.2300E+00
1.6481E+03 1.9415E+00 9.2280E+00
1.6506E+03 1.9414E+00 9.2260E+00
1.6530E+03 1.9412E+00 9.2250E+00
1.6555E+03 1.9410E+00 9.2230E+00
1.6580E+03 1.9408E+00 9.2220E+00
1.6604E+03 1.9406E+00 9.2200E+00
1.6629E+03 1.9404E+00 9.2190E+00
1.6653E+03 1.9402E+00 9.2170E+00
1.6678E+03 1.9400E+00 9.2160E+00
1.6703E+03 1.9398E+00 9.2140E+00
1.6727E+03 1.9396E+00 9.2130E+00
1.6752E+03 1.9394E+00 9.2110E+00
1.6776E+03 1.9392E+00 9.2100E+00
1.6801E+03 1.9390E+00 9.2080E+00
1.6826E+03 1.9388E+00 9.2070E+00
1.6850E+03 1.9386E+00 9.2050E+00
1.6875E+03 1.9384E+00 9.2040E+00
1.6900E+03 1.9383E+00 9.2020E+00
1.6924E+03 1.9381E+00 9.2010E+00
1.6949E+03 1.9379E+00 9.1990E+00
1.6973E+03 1.9377E+00 9.1980E+00
1.6998E+03 1.9375E+00 9.1960E+00
1.7023E+03 1.9373E+00 9.1950E+00
1.7047E+03 1.9371E+00 9.1930E+00
1.7072E+03 1.9369E+00 9.1920E+00
1.7096E+03 1.9367E+00 9.1900E+00
1.7121E+03 1.9365E+00 9.1890E+00
1.7146E+03 1.9363E+00 9.1870E+00
1.7170E+03 1.9361E+00 9.1860E+00
1.7195E+03 1.9359E+00 9.1850E+00
1.7220E+03 1.9357E+00 9.1830E+00
1.7244E+03 1.9355E+00 9.1820E+00
1.7269E+03 1.9354E+00 9.1800E+00
1.7293E+03 1.9352E+00 9.1790E+00
1.7318E+03 1.9350E+00 9.1770E+00
1.7343E+03 1.9348E+00 9.1760E+00
1.7367E+03 1.9346E+00 9.1740E+00
1.7392E+03 1.9344E+00 9.1730E+00
1.7416E+03 1.9342E+00 9.1720E+00
1.7441E+03 1.9340E+00 9.1700E+00
1.7466E+03 1.9338E+00 9.1690E+00
1.7490E+03 1.9336E+00 9.1670E+00
1.7515E+03 1.9334E+00 9.1660E+00
1.7540E+03 1.9332E+00 9.1640E+00
1.7564E+03 1.9330E+00 9.1630E+00
1.7589E+03 1.9328E+00 9.1610E+00
1.7613E+03 1.9327E+00 9.1600E+00
1.7638E+03 1.9325E+00 9.1590E+00
1.7663E+03 1.9323E+00 9.1570E+00
1.7687E+03 1.9321E+00 9.1560E+00
1.7712E+03 1.9319E+00 9.1540E+00
1.7736E+03 1.9317E+00 9.1530E+00
1.7761E+03 1.9315E+00 9.1520E+00
1.7786E+03 1.9313E+00 9.1500E+00
1.7810E+03 1.9311E+00 9.1490E+00
1.7835E+03 1.9309E+00 9.1470E+00
1.7860E+03 1.9307E+00 9.1460E+00
1.7884E+03 1.9305E+00 9.1450E+00
1.7909E+03 1.9303E+00 9.1430E+00
1.7933E+03 1.9301E+00 9.1420E+00
1.7958E+03 1.9299E+00 9.1400E+00
1.7983E+03 1.9298E+00 9.1390E+00
1.8007E+03 1.9296E+00 9.1380E+00
1.8032E+03 1.9294E+00 9.1360E+00
1.8056E+03 1.9292E+00 9.1350E+00
1.8081E+03 1.9290E+00 9.1340E+00
1.8106E+03 1.9288E+00 9.1320E+00
1.8130E+03 1.9286E+00 9.1310E+00
1.8155E+03 1.9284E+00 9.1290E+00
1.8180E+03 1.9282E+00 9.1280E+00
1.8204E+03 1.9280E+00 9.1270E+00
1.8229E+03 1.9278E+00 9.1250E+00
1.8253E+03 1.9276E+00 9.1240E+00
1.8278E+03 1.9274E+00 9.1230E+00
1.8303E+03 1.9273E+00 9.1210E+00
1.8327E+03 1.9271E+00 9.1200E+00
1.8352E+03 1.9269E+00 9.1190E+00
1.8376E+03 1.9267E+00 9.1170E+00
1.8401E+03 1.9265E+00 9.1160E+00
1.8426E+03 1.9263E+00 9.1140E+00
1.8450E+03 1.9261E+00 9.1130E+00
1.8475E+03 1.9259E+00 9.1120E+00
1.8500E+03 1.9257E+00 9.1100E+00
1.8524E+03 1.9255E+00 9.1090E+00
1.8549E+03 1.9253E+00 9.1080E+00
1.8573E+03 1.9251E+00 9.1060E+00
1.8598E+03 1.9250E+00 9.1050E+00
1.8623E+03 1.9248E+00 9.1040E+00
1.8647E+03 1.9246E+00 9.1020E+00
1.8672E+03 1.9244E+00 9.1010E+00
1.8696E+03 1.9242E+00 9.1000E+00
1.8721E+03 1.9240E+00 9.0980E+00
1.8746E+03 1.9238E+00 9.0970E+00
1.8770E+03 1.9236E+00 9.0960E+00
1.8795E+03 1.9234E+00 9.0950E+00
1.8820E+03 1.9232E+00 9.0930E+00
1.8844E+03 1.9230E+00 9.0920E+00
1.8869E+03 1.9228E+00 9.0910E+00
1.8893E+03 1.9227E+00 9.0890E+00
1.8918E+03 1.9225E+00 9.0880E+00
1.8943E+03 1.9223E+00 9.0870E+00
1.8967E+03 1.9221E+00 9.0850E+00
1.8992E+03 1.9219E+00 9.0840E+00
1.9016E+03 1.9217E+00 9.0830E+00
1.9041E+03 1.9215E+00 9.0820E+00
1.9066E+03 1.9213E+00 9.0800E+00
1.9090E+03 1.9211E+00 9.0790E+00
1.9115E+03 1.9209E+00 9.0780E+00
1.9140E+03 1.9207E+00 9.0760E+00
1.9164E+03 1.9206E+00 9.0750E+00
1.9189E+03 1.9204E+00 9.0740E+00
1.9213E+03 1.9202E+00 9.0730E+00
1.9238E+03 1.9200E+00 9.0710E+00
1.9263E+03 1.9198E+00 9.0700E+00
1.9287E+03 1.9196E+00 9.0690E+00
1.9312E+03 1.9194E+00 9.0670E+00
1.9336E+03 1.9192E+00 9.0660E+00
1.9361E+03 1.9190E+00 9.0650E+00
1.9386E+03 1.9188E+00 9.0640E+00
1.9410E+03 1.9186E+00 9.0620E+00
1.9435E+03 1.9185E+00 9.0610E+00
1.9460E+03 1.9183E+00 9.0600E+00
1.9484E+03 1.9181E+00 9.0590E+00
1.9509E+03 1.9179E+00 9.0570E+00
1.9533E+03 1.9177E+00 9.0560E+00
1.9558E+03 1.9175E+00 9.0550E+00
1.9583E+03 1.9173E+00 9.0540E+00
1.9607E+03 1.9171E+00 9.0520E+00
1.9632E+03 1.9169E+00 9.0510E+00
1.9657E+03 1.9168E+00 9.0500E+00
1.9681E+03 1.9166E+00 9.0490E+00
1.9706E+03 1.9164E+00 9.0470E+00
1.9730E+03 1.9162E+00 9.0460E+00
1.9755E+03 1.9160E+00 9.0450E+00
1.9780E+03 1.9158E+00 9.0440E+00
1.9804E+03 1.9156E+00 9.0420E+00
1.9829E+03 1.9154E+00 9.0410E+00
1.9853E+03 1.9152E+00 9.0400E+00
1.9878E+03 1.9150E+00 9.0390E+00
1.9903E+03 1.9149E+00 9.0380E+00
1.9927E+03 1.9147E+00 9.0360E+00
1.9952E+03 1.9145E+00 9.0350E+00
1.9977E+03 1.9143E+00 9.0340E+00
2.0001E+03 1.9141E+00 9.0330E+00
2.0026E+03 1.9139E+00 9.0310E+00
2.0050E+03 1.9137E+00 9.0300E+00
2.0075E+03 1.9135E+00 9.0290E+00
2.0100E+03 1.9133E+00 9.0280E+00
2.0124E+03 1.9132E+00 9.0270E+00
2.0149E+03 1.9130E+00 9.0250E+00
2.0173E+03 1.9128E+00 9.0240E+00
2.0198E+03 1.9126E+00 9.0230E+00
2.0223E+03 1.9124E+00 9.0220E+00
2.0247E+03 1.9122E+00 9.0210E+00
2.0272E+03 1.9120E+00 9.0190E+00
2.0297E+03 1.9118E+00 9.0180E+00
2.0321E+03 1.9117E+00 9.0170E+00
2.0346E+03 1.9115E+00 9.0160E+00
2.0370E+03 1.9113E+00 9.0150E+00
2.0395E+03 1.9111E+00 9.0130E+00
2.0420E+03 1.9109E+00 9.0120E+00
2.0444E+03 1.9107E+00 9.0110E+00
2.0469E+03 1.9105E+00 9.0100E+00
2.0493E+03 1.9103E+00 9.0090E+00
2.0518E+03 1.9102E+00 9.0080E+00
2.0543E+03 1.9100E+00 9.0060E+00
2.0567E+03 1.9098E+00 9.0050E+00
2.0592E+03 1.9096E+00 9.0040E+00
2.0617E+03 1.9094E+00 9.0030E+00
2.0641E+03 1.9092E+00 9.0020E+00
2.0666E+03 1.9090E+00 9.0010E+00
2.0690E+03 1.9088E+00 8.9990E+00
2.0715E+03 1.9087E+00 8.9980E+00
2.0740E+03 1.9085E+00 8.9970E+00
2.0764E+03 1.9083E+00 8.9960E+00
2.0789E+03 1.9081E+00 8.9950E+00
2.0813E+03 1.9079E+00 8.9940E+00
2.0838E+03 1.9077E+00 8.9920E+00
2.0863E+03 1.9075E+00 8.9910E+00
2.0887E+03 1.9074E+00 8.9900E+00
2.0912E+03 1.9072E+00 8.9890E+00
2.0937E+03 1.9070E+00 8.9880E+00
2.0961E+03 1.9068E+00 8.9870E+00
2.0986E+03 1.9066E+00 8.9860E+00
2.1010E+03 1.9064E+00 8.9840E+00
2.1035E+03 1.9062E+00 8.9830E+00
2.1060E+03 1.9061E+00 8.9820E+00
2.1084E+03 1.9059E+00 8.9810E+00
2.1109E+03 1.9057E+00 8.9800E+00
2.1133E+03 1.9055E+00 8.9790E+00
2.1158E+03 1.9053E+00 8.9780E+00
2.1183E+03 1.9051E+00 8.9760E+00
2.1207E+03 1.9049E+00 8.9750E+00
2.1232E+03 1.9048E+00 8.9740E+00
2.1257E+03 1.9046E+00 8.9730E+00
2.1281E+03 1.9044E+00 8.9720E+00
2.1306E+03 1.9042E+00 8.9710E+00
2.1330E+03 1.9040E+00 8.9700E+00
2.1355E+03 1.9038E+00 8.9690E+00
2.1380E+03 1.9036E+00 8.9670E+00
2.1404E+03 1.9035E+00 8.9660E+00
2.1429E+03 1.9033E+00 8.9650E+00
2.1453E+03 1.9031E+00 8.9640E+00
2.1478E+03 1.9029E+00 8.9630E+00
2.1503E+03 1.9027E+00 8.9620E+00
2.1527E+03 1.9025E+00 8.9610E+00
2.1552E+03 1.9024E+00 8.9600E+00
2.1577E+03 1.9022E+00 8.9590E+00
2.1601E+03 1.9020E+00 8.9570E+00
2.1626E+03 1.9018E+00 8.9560E+00
2.1650E+03 1.9016E+00 8.9550E+00
2.1675E+03 1.9014E+00 8.9540E+00
2.1700E+03 1.9013E+00 8.9530E+00
2.1724E+03 1.9011E+00 8.9520E+00
2.1749E+03 1.9009E+00 8.9510E+00
2.1773E+03 1.9007E+00 8.9500E+00
2.1798E+03 1.9005E+00 8.9490E+00
2.1823E+03 1.9003E+00 8.9480E+00
2.1847E+03 1.9002E+00 8.9460E+00
2.1872E+03 1.9000E+00 8.9450E+00
2.1897E+03 1.8998E+00 8.9440E+00
2.1921E+03 1.8996E+00 8.9430E+00
2.1946E+03 1.8994E+00 8.9420E+00
2.1970E+03 1.8992E+00 8.9410E+00
2.1995E+03 1.8991E+00 8.9400E+00
2.2020E+03 1.8989E+00 8.9390E+00
2.2044E+03 1.8987E+00 8.9380E+00
2.2069E+03 1.8985E+00 8.9370E+00
2.2093E+03 1.8983E+00 8.9360E+00
2.2118E+03 1.8981E+00 8.9350E+00
2.2143E+03 1.8980E+00 8.9340E+00
2.2167E+03 1.8978E+00 8.9320E+00
2.2192E+03 1.8976E+00 8.9310E+00
2.2217E+03 1.8974E+00 8.9300E+00
2.2241E+03 1.8972E+00 8.9290E+00
2.2266E+03 1.8971E+00 8.9280E+00
2.2290E+03 1.8969E+00 8.9270E+00
2.2315E+03 1.8967E+00 8.9260E+00
2.2340E+03 1.8965E+00 8.9250E+00
2.2364E+03 1.8963E+00 8.9240E+00
2.2389E+03 1.8961E+00 8.9230E+00
2.2413E+03 1.8960E+00 8.9220E+00
2.2438E+03 1.8958E+00 8.9210E+00
2.2463E+03 1.8956E+00 8.9200E+00
2.2487E+03 1.8954E+00 8.9190E+00
2.2512E+03 1.8952E+00 8.9180E+00
2.2537E+03 1.8951E+00 8.9170E+00
2.2561E+03 1.8949E+00 8.9160E+00
2.2586E+03 1.8947E+00 8.9150E+00
2.2610E+03 1.8945E+00 8.9140E+00
2.2635E+03 1.8943E+00 8.9120E+00
2.2660E+03 1.8942E+00 8.9110E+00
2.2684E+03 1.8940E+00 8.9100E+00
2.2709E+03 1.8938E+00 8.9090E+00
2.2733E+03 1.8936E+00 8.9080E+00
2.2758E+03 1.8934E+00 8.9070E+00
2.2783E+03 1.8933E+00 8.9060E+00
2.2807E+03 1.8931E+00 8.9050E+00
2.2832E+03 1.8929E+00 8.9040E+00
2.2857E+03 1.8927E+00 8.9030E+00
2.2881E+03 1.8925E+00 8.9020E+00
2.2906E+03 1.8924E+00 8.9010E+00
2.2930E+03 1.8922E+00 8.9000E+00
2.2955E+03 1.8920E+00 8.8990E+00
2.2980E+03 1.8918E+00 8.8980E+00
2.3004E+03 1.8916E+00 8.8970E+00
2.3029E+03 1.8915E+00 8.8960E+00
2.3053E+03 1.8913E+00 8.8950E+00
2.3078E+03 1.8911E+00 8.8940E+00
2.3103E+03 1.8909E+00 8.8930E+00
2.3127E+03 1.8907E+00 8.8920E+00
2.3152E+03 1.8906E+00 8.8910E+00
2.3177E+03 1.8904E+00 8.8900E+00
2.3201E+03 1.8902E+00 8.8890E+00
2.3226E+03 1.8900E+00 8.8880E+00
2.3250E+03 1.8898E+00 8.8870E+00
2.3275E+03 1.8897E+00 8.8860E+00
2.3300E+03 1.8895E+00 8.8850E+00
2.3324E+03 1.8893E+00 8.8840E+00
2.3349E+03 1.8891E+00 8.8830E+00
2.3373E+03 1.8890E+00 8.8820E+00
2.3398E+03 1.8888E+00 8.8810E+00
2.3423E+03 1.8886E+00 8.8800E+00
2.3447E+03 1.8884E+00 8.8790E+00
2.3472E+03 1.8882E+00 8.8780E+00
2.3497E+03 1.8881E+00 8.8770E+00
2.3521E+03 1.8879E+00 8.8760E+00
2.3546E+03 1.8877E+00 8.8750E+00
2.3570E+03 1.8875E+00 8.8740E+00
2.3595E+03 1.8874E+00 8.8730E+00
2.3620E+03 1.8872E+00 8.8720E+00
2.3644E+03 1.8870E+00 8.8710E+00
2.3669E+03 1.8868E+00 8.8700E+00
2.3693E+03 1.8866E+00 8.8690E+00
2.3718E+03 1.8865E+00 8.8680E+00
2.3743E+03 1.8863E+00 8.8670E+00
2.3767E+03 1.8861E+00 8.8660E+00
2.3792E+03 1.8859E+00 8.8650E+00
2.3817E+03 1.8858E+00 8.8640E+00
2.3841E+03 1.8856E+00 8.8630E+00
2.3866E+03 1.8854E+00 8.8620E+00
2.3890E+03 1.8852E+00 8.8610E+00
2.3915E+03 1.8851E+00 8.8600E+00
2.3940E+03 1.8849E+00 8.8590E+00
2.3964E+03 1.8847E+00 8.8580E+00
2.3989E+03 1.8845E+00 8.8570E+00
2.4013E+03 1.8844E+00 8.8560E+00
2.4038E+03 1.8842E+00 8.8560E+00
2.4063E+03 1.8840E+00 8.8550E+00
2.4087E+03 1.8838E+00 8.8540E+00
2.4112E+03 1.8837E+00 8.8530E+00
2.4137E+03 1.8835E+00 8.8520E+00
2.4161E+03 1.8833E+00 8.8510E+00
2.4186E+03 1.8831E+00 8.8500E+00
2.4210E+03 1.8830E+00 8.8490E+00
2.4235E+03 1.8828E+00 8.8480E+00
2.4260E+03 1.8826E+00 8.8470E+00
2.4284E+03 1.8824E+00 8.8460E+00
2.4309E+03 1.8823E+00 8.8450E+00
2.4333E+03 1.8821E+00 8.8440E+00
2.4358E+03 1.8819E+00 8.8430E+00
2.4383E+03 1.8817E+00 8.8420E+00
2.4407E+03 1.8816E+00 8.8410E+00
2.4432E+03 1.8814E+00 8.8400E+00
2.4457E+03 1.8812E+00 8.8390E+00
2.4481E+03 1.8810E+00 8.8380E+00
2.4506E+03 1.8809E+00 8.8380E+00
2.4530E+03 1.8807E+00 8.8370E+00
2.4555E+03 1.8805E+00 8.8360E+00
2.4580E+03 1.8803E+00 8.8350E+00
2.4604E+03 1.8802E+00 8.8340E+00
2.4629E+03 1.8800E+00 8.8330E+00
2.4653E+03 1.8798E+00 8.8320E+00
