6.2415E+00 3.1909E-01 1.2307E+01
1.0418E+01 4.5076E-01 1.1805E+01
1.4595E+01 5.6013E-01 1.1665E+01
1.8772E+01 6.5406E-01 1.1617E+01
2.2949E+01 7.3642E-01 1.1600E+01
2.7126E+01 8.0968E-01 1.1593E+01
3.1303E+01 8.7554E-01 1.1591E+01
3.5480E+01 9.3525E-01 1.1589E+01
3.9657E+01 9.8975E-01 1.1588E+01
4.3834E+01 1.0398E+00 1.1585E+01
4.8011E+01 1.0859E+00 1.1581E+01
5.2188E+01 1.1287E+00 1.1576E+01
5.6365E+01 1.1684E+00 1.1570E+01
6.0542E+01 1.2055E+00 1.1563E+01
6.4719E+01 1.2401E+00 1.1555E+01
6.8896E+01 1.2726E+00 1.1546E+01
7.3073E+01 1.3032E+00 1.1537E+01
7.7250E+01 1.3319E+00 1.1527E+01
8.1427E+01 1.3591E+00 1.1516E+01
8.5604E+01 1.3847E+00 1.1505E+01
8.9781E+01 1.4090E+00 1.1494E+01
9.3958E+01 1.4321E+00 1.1482E+01
9.8135E+01 1.4539E+00 1.1470E+01
1.0231E+02 1.4747E+00 1.1457E+01
1.0649E+02 1.4945E+00 1.1445E+01
1.1067E+02 1.5134E+00 1.1432E+01
1.1484E+02 1.5314E+00 1.1419E+01
1.1902E+02 1.5486E+00 1.1406E+01
1.2320E+02 1.5651E+00 1.1393E+01
1.2737E+02 1.5808E+00 1.1380E+01
1.3155E+02 1.5959E+00 1.1367E+01
1.3573E+02 1.6103E+00 1.1354E+01
1.3991E+02 1.6242E+00 1.1341E+01
1.4408E+02 1.6375E+00 1.1328E+01
1.4826E+02 1.6503E+00 1.1315E+01
1.5244E+02 1.6625E+00 1.1301E+01
1.5661E+02 1.6744E+00 1.1288E+01
1.6079E+02 1.6857E+00 1.1275E+01
1.6497E+02 1.6967E+00 1.1262E+01
1.6914E+02 1.7072E+00 1.1249E+01
1.7332E+02 1.7174E+00 1.1236E+01
1.7750E+02 1.7272E+00 1.1223E+01
1.8168E+02 1.7367E+00 1.1210E+01
1.8585E+02 1.7458E+00 1.1198E+01
1.9003E+02 1.7546E+00 1.1185E+01
1.9421E+02 1.7632E+00 1.1172E+01
1.9838E+02 1.7714E+00 1.1160E+01
2.0256E+02 1.7794E+00 1.1147E+01
2.0674E+02 1.7871E+00 1.1135E+01
2.1091E+02 1.7946E+00 1.1122E+01
2.1509E+02 1.8018E+00 1.1110E+01
2.1927E+02 1.8088E+00 1.1098E+01
2.2345E+02 1.8156E+00 1.1086E+01
2.2762E+02 1.8222E+00 1.1074E+01
2.3180E+02 1.8286E+00 1.1062E+01
2.3598E+02 1.8348E+00 1.1050E+01
2.4015E+02 1.8408E+00 1.1038E+01
2.4433E+02 1.8466E+00 1.1026E+01
2.4851E+02 1.8523E+00 1.1015E+01
2.5268E+02 1.8578E+00 1.1003E+01
2.5686E+02 1.8631E+00 1.0992E+01
2.6104E+02 1.8683E+00 1.0980E+01
2.6522E+02 1.8733E+00 1.0969E+01
2.6939E+02 1.8782E+00 1.0958E+01
2.7357E+02 1.8830E+00 1.0947E+01
2.7775E+02 1.8876E+00 1.0936E+01
2.8192E+02 1.8921E+00 1.0925E+01
2.8610E+02 1.8965E+00 1.0914E+01
2.9028E+02 1.9007E+00 1.0903E+01
2.9445E+02 1.9049E+00 1.0892E+01
2.9863E+02 1.9089E+00 1.0882E+01
3.0281E+02 1.9128E+00 1.0871E+01
3.0699E+02 1.9166E+00 1.0861E+01
3.1116E+02 1.9204E+00 1.0850E+01
3.1534E+02 1.9240E+00 1.0840E+01
3.1952E+02 1.9275E+00 1.0830E+01
3.2369E+02 1.9309E+00 1.0819E+01
3.2787E+02 1.9343E+00 1.0809E+01
3.3205E+02 1.9376E+00 1.0799E+01
3.3622E+02 1.9408E+00 1.0789E+01
3.4040E+02 1.9439E+00 1.0779E+01
3.4458E+02 1.9469E+00 1.0770E+01
3.4876E+02 1.9498E+00 1.0760E+01
3.5293E+02 1.9527E+00 1.0750E+01
3.5711E+02 1.9555E+00 1.0741E+01
3.6129E+02 1.9583E+00 1.0731E+01
3.6546E+02 1.9609E+00 1.0722E+01
3.6964E+02 1.9635E+00 1.0712E+01
3.7382E+02 1.9661E+00 1.0703E+01
3.7799E+02 1.9686E+00 1.0694E+01
3.8217E+02 1.9710E+00 1.0684E+01
3.8635E+02 1.9734E+00 1.0675E+01
3.9053E+02 1.9757E+00 1.0666E+01
3.9470E+02 1.9779E+00 1.0657E+01
3.9888E+02 1.9801E+00 1.0648E+01
4.0306E+02 1.9823E+00 1.0639E+01
4.0723E+02 1.9844E+00 1.0630E+01
4.1141E+02 1.9864E+00 1.0622E+01
4.1559E+02 1.9884E+00 1.0613E+01
4.1976E+02 1.9904E+00 1.0604E+01
4.2394E+02 1.9923E+00 1.0596E+01
4.2812E+02 1.9942E+00 1.0587E+01
4.3230E+02 1.9960E+00 1.0579E+01
4.3647E+02 1.9978E+00 1.0570E+01
4.4065E+02 1.9995E+00 1.0562E+01
4.4483E+02 2.0012E+00 1.0554E+01
4.4900E+02 2.0029E+00 1.0545E+01
4.5318E+02 2.0045E+00 1.0537E+01
4.5736E+02 2.0061E+00 1.0529E+01
4.6153E+02 2.0077E+00 1.0521E+01
4.6571E+02 2.0092E+00 1.0513E+01
4.6989E+02 2.0107E+00 1.0505E+01
4.7407E+02 2.0121E+00 1.0497E+01
4.7824E+02 2.0135E+00 1.0489E+01
4.8242E+02 2.0149E+00 1.0481E+01
4.8660E+02 2.0163E+00 1.0474E+01
4.9077E+02 2.0176E+00 1.0466E+01
4.9495E+02 2.0189E+00 1.0458E+01
4.9913E+02 2.0202E+00 1.0451E+01
5.0330E+02 2.0214E+00 1.0443E+01
5.0748E+02 2.0226E+00 1.0435E+01
5.1166E+02 2.0238E+00 1.0428E+01
5.1584E+02 2.0250E+00 1.0421E+01
5.2001E+02 2.0261E+00 1.0413E+01
5.2419E+02 2.0272E+00 1.0406E+01
5.2837E+02 2.0283E+00 1.0398E+01
5.3254E+02 2.0293E+00 1.0391E+01
5.3672E+02 2.0304E+00 1.0384E+01
5.4090E+02 2.0314E+00 1.0377E+01
5.4507E+02 2.0324E+00 1.0370E+01
5.4925E+02 2.0333E+00 1.0363E+01
5.5343E+02 2.0343E+00 1.0356E+01
5.5761E+02 2.0352E+00 1.0349E+01
5.6178E+02 2.0361E+00 1.0342E+01
5.6596E+02 2.0370E+00 1.0335E+01
5.7014E+02 2.0378E+00 1.0328E+01
5.7431E+02 2.0387E+00 1.0321E+01
5.7849E+02 2.0395E+00 1.0314E+01
5.8267E+02 2.0403E+00 1.0307E+01
5.8684E+02 2.0411E+00 1.0301E+01
5.9102E+02 2.0419E+00 1.0294E+01
5.9520E+02 2.0426E+00 1.0287E+01
5.9938E+02 2.0434E+00 1.0281E+01
6.0355E+02 2.0441E+00 1.0274E+01
6.0773E+02 2.0448E+00 1.0268E+01
6.1191E+02 2.0455E+00 1.0261E+01
6.1608E+02 2.0461E+00 1.0255E+01
6.2026E+02 2.0468E+00 1.0248E+01
6.2444E+02 2.0474E+00 1.0242E+01
6.2861E+02 2.0480E+00 1.0236E+01
6.3279E+02 2.0486E+00 1.0229E+01
6.3697E+02 2.0492E+00 1.0223E+01
6.4115E+02 2.0498E+00 1.0217E+01
6.4532E+02 2.0504E+00 1.0211E+01
6.4950E+02 2.0509E+00 1.0204E+01
6.5368E+02 2.0515E+00 1.0198E+01
6.5785E+02 2.0520E+00 1.0192E+01
6.6203E+02 2.0525E+00 1.0186E+01
6.6621E+02 2.0530E+00 1.0180E+01
6.7038E+02 2.0535E+00 1.0174E+01
6.7456E+02 2.0540E+00 1.0168E+01
6.7874E+02 2.0544E+00 1.0162E+01
6.8292E+02 2.0549E+00 1.0156E+01
6.8709E+02 2.0553E+00 1.0150E+01
6.9127E+02 2.0558E+00 1.0145E+01
6.9545E+02 2.0562E+00 1.0139E+01
6.9962E+02 2.0566E+00 1.0133E+01
7.0380E+02 2.0570E+00 1.0127E+01
7.0798E+02 2.0574E+00 1.0122E+01
7.1215E+02 2.0577E+00 1.0116E+01
7.1633E+02 2.0581E+00 1.0110E+01
7.2051E+02 2.0585E+00 1.0105E+01
7.2469E+02 2.0588E+00 1.0099E+01
7.2886E+02 2.0591E+00 1.0093E+01
7.3304E+02 2.0595E+00 1.0088E+01
7.3722E+02 2.0598E+00 1.0082E+01
7.4139E+02 2.0601E+00 1.0077E+01
7.4557E+02 2.0604E+00 1.0071E+01
7.4975E+02 2.0607E+00 1.0066E+01
7.5392E+02 2.0610E+00 1.0060E+01
7.5810E+02 2.0612E+00 1.0055E+01
7.6228E+02 2.0615E+00 1.0050E+01
7.6646E+02 2.0618E+00 1.0044E+01
7.7063E+02 2.0620E+00 1.0039E+01
7.7481E+02 2.0623E+00 1.0034E+01
7.7899E+02 2.0625E+00 1.0029E+01
7.8316E+02 2.0627E+00 1.0023E+01
7.8734E+02 2.0629E+00 1.0018E+01
7.9152E+02 2.0632E+00 1.0013E+01
7.9569E+02 2.0634E+00 1.0008E+01
7.9987E+02 2.0636E+00 1.0003E+01
8.0405E+02 2.0637E+00 9.9980E+00
8.0823E+02 2.0639E+00 9.9920E+00
8.1240E+02 2.0641E+00 9.9870E+00
8.1658E+02 2.0643E+00 9.9820E+00
8.2076E+02 2.0644E+00 9.9770E+00
8.2493E+02 2.0646E+00 9.9720E+00
8.2911E+02 2.0647E+00 9.9670E+00
8.3329E+02 2.0649E+00 9.9620E+00
8.3746E+02 2.0650E+00 9.9580E+00
8.4164E+02 2.0652E+00 9.9530E+00
8.4582E+02 2.0653E+00 9.9480E+00
8.5000E+02 2.0654E+00 9.9430E+00
8.5417E+02 2.0655E+00 9.9380E+00
8.5835E+02 2.0656E+00 9.9330E+00
8.6253E+02 2.0657E+00 9.9290E+00
8.6670E+02 2.0658E+00 9.9240E+00
8.7088E+02 2.0659E+00 9.9190E+00
8.7506E+02 2.0660E+00 9.9140E+00
8.7923E+02 2.0661E+00 9.9100E+00
8.8341E+02 2.0662E+00 9.9050E+00
8.8759E+02 2.0662E+00 9.9000E+00
8.9177E+02 2.0663E+00 9.8960E+00
8.9594E+02 2.0664E+00 9.8910E+00
9.0012E+02 2.0664E+00 9.8860E+00
9.0430E+02 2.0665E+00 9.8820E+00
9.0847E+02 2.0665E+00 9.8770E+00
9.1265E+02 2.0666E+00 9.8730E+00
9.1683E+02 2.0666E+00 9.8680E+00
9.2100E+02 2.0666E+00 9.8640E+00
9.2518E+02 2.0667E+00 9.8590E+00
9.2936E+02 2.0667E+00 9.8550E+00
9.3354E+02 2.0667E+00 9.8500E+00
9.3771E+02 2.0667E+00 9.8460E+00
9.4189E+02 2.0668E+00 9.8420E+00
9.4607E+02 2.0668E+00 9.8370E+00
9.5024E+02 2.0668E+00 9.8330E+00
9.5442E+02 2.0668E+00 9.8290E+00
9.5860E+02 2.0668E+00 9.8240E+00
9.6277E+02 2.0668E+00 9.8200E+00
9.6695E+02 2.0668E+00 9.8160E+00
9.7113E+02 2.0667E+00 9.8110E+00
9.7531E+02 2.0667E+00 9.8070E+00
9.7948E+02 2.0667E+00 9.8030E+00
9.8366E+02 2.0667E+00 9.7990E+00
9.8784E+02 2.0666E+00 9.7940E+00
9.9201E+02 2.0666E+00 9.7900E+00
9.9619E+02 2.0666E+00 9.7860E+00
1.0004E+03 2.0665E+00 9.7820E+00
1.0045E+03 2.0665E+00 9.7780E+00
1.0087E+03 2.0665E+00 9.7740E+00
1.0129E+03 2.0664E+00 9.7700E+00
1.0171E+03 2.0664E+00 9.7660E+00
1.0213E+03 2.0663E+00 9.7610E+00
1.0254E+03 2.0663E+00 9.7570E+00
1.0296E+03 2.0662E+00 9.7530E+00
1.0338E+03 2.0661E+00 9.7490E+00
1.0380E+03 2.0661E+00 9.7450E+00
1.0421E+03 2.0660E+00 9.7410E+00
1.0463E+03 2.0659E+00 9.7370E+00
1.0505E+03 2.0659E+00 9.7330E+00
1.0547E+03 2.0658E+00 9.7290E+00
1.0588E+03 2.0657E+00 9.7260E+00
1.0630E+03 2.0656E+00 9.7220E+00
1.0672E+03 2.0655E+00 9.7180E+00
1.0714E+03 2.0654E+00 9.7140E+00
1.0756E+03 2.0654E+00 9.7100E+00
1.0797E+03 2.0653E+00 9.7060E+00
1.0839E+03 2.0652E+00 9.7020E+00
1.0881E+03 2.0651E+00 9.6990E+00
1.0923E+03 2.0650E+00 9.6950E+00
1.0964E+03 2.0649E+00 9.6910E+00
1.1006E+03 2.0648E+00 9.6870E+00
1.1048E+03 2.0647E+00 9.6830E+00
1.1090E+03 2.0646E+00 9.6800E+00
1.1131E+03 2.0644E+00 9.6760E+00
1.1173E+03 2.0643E+00 9.6720E+00
1.1215E+03 2.0642E+00 9.6690E+00
1.1257E+03 2.0641E+00 9.6650E+00
1.1299E+03 2.0640E+00 9.6610E+00
1.1340E+03 2.0639E+00 9.6580E+00
1.1382E+03 2.0637E+00 9.6540E+00
1.1424E+03 2.0636E+00 9.6500E+00
1.1466E+03 2.0635E+00 9.6470E+00
1.1507E+03 2.0634E+00 9.6430E+00
1.1549E+03 2.0632E+00 9.6390E+00
1.1591E+03 2.0631E+00 9.6360E+00
1.1633E+03 2.0630E+00 9.6320E+00
1.1674E+03 2.0628E+00 9.6290E+00
1.1716E+03 2.0627E+00 9.6250E+00
1.1758E+03 2.0626E+00 9.6220E+00
1.1800E+03 2.0624E+00 9.6180E+00
1.1842E+03 2.0623E+00 9.6150E+00
1.1883E+03 2.0621E+00 9.6110E+00
1.1925E+03 2.0620E+00 9.6080E+00
1.1967E+03 2.0618E+00 9.6040E+00
1.2009E+03 2.0617E+00 9.6010E+00
1.2050E+03 2.0615E+00 9.5970E+00
1.2092E+03 2.0614E+00 9.5940E+00
1.2134E+03 2.0612E+00 9.5900E+00
1.2176E+03 2.0611E+00 9.5870E+00
1.2217E+03 2.0609E+00 9.5840E+00
1.2259E+03 2.0607E+00 9.5800E+00
1.2301E+03 2.0606E+00 9.5770E+00
1.2343E+03 2.0604E+00 9.5740E+00
1.2385E+03 2.0603E+00 9.5700E+00
1.2426E+03 2.0601E+00 9.5670E+00
1.2468E+03 2.0599E+00 9.5640E+00
1.2510E+03 2.0598E+00 9.5600E+00
1.2552E+03 2.0596E+00 9.5570E+00
1.2593E+03 2.0594E+00 9.5540E+00
1.2635E+03 2.0593E+00 9.5500E+00
1.2677E+03 2.0591E+00 9.5470E+00
1.2719E+03 2.0589E+00 9.5440E+00
1.2760E+03 2.0587E+00 9.5410E+00
1.2802E+03 2.0586E+00 9.5370E+00
1.2844E+03 2.0584E+00 9.5340E+00
1.2886E+03 2.0582E+00 9.5310E+00
1.2928E+03 2.0580E+00 9.5280E+00
1.2969E+03 2.0578E+00 9.5250E+00
1.3011E+03 2.0577E+00 9.5210E+00
1.3053E+03 2.0575E+00 9.5180E+00
1.3095E+03 2.0573E+00 9.5150E+00
1.3136E+03 2.0571E+00 9.5120E+00
1.3178E+03 2.0569E+00 9.5090E+00
1.3220E+03 2.0567E+00 9.5060E+00
1.3262E+03 2.0566E+00 9.5030E+00
1.3304E+03 2.0564E+00 9.4990E+00
1.3345E+03 2.0562E+00 9.4960E+00
1.3387E+03 2.0560E+00 9.4930E+00
1.3429E+03 2.0558E+00 9.4900E+00
1.3471E+03 2.0556E+00 9.4870E+00
1.3512E+03 2.0554E+00 9.4840E+00
1.3554E+03 2.0552E+00 9.4810E+00
1.3596E+03 2.0550E+00 9.4780E+00
1.3638E+03 2.0548E+00 9.4750E+00
1.3679E+03 2.0546E+00 9.4720E+00
1.3721E+03 2.0544E+00 9.4690E+00
1.3763E+03 2.0542E+00 9.4660E+00
1.3805E+03 2.0540E+00 9.4630E+00
1.3847E+03 2.0538E+00 9.4600E+00
1.3888E+03 2.0536E+00 9.4570E+00
1.3930E+03 2.0534E+00 9.4540E+00
1.3972E+03 2.0532E+00 9.4510E+00
1.4014E+03 2.0530E+00 9.4480E+00
1.4055E+03 2.0528E+00 9.4450E+00
1.4097E+03 2.0526E+00 9.4420E+00
1.4139E+03 2.0524E+00 9.4390E+00
1.4181E+03 2.0522E+00 9.4370E+00
1.4222E+03 2.0520E+00 9.4340E+00
1.4264E+03 2.0518E+00 9.4310E+00
1.4306E+03 2.0516E+00 9.4280E+00
1.4348E+03 2.0513E+00 9.4250E+00
1.4390E+03 2.0511E+00 9.4220E+00
1.4431E+03 2.0509E+00 9.4190E+00
1.4473E+03 2.0507E+00 9.4170E+00
1.4515E+03 2.0505E+00 9.4140E+00
1.4557E+03 2.0503E+00 9.4110E+00
1.4598E+03 2.0501E+00 9.4080E+00
1.4640E+03 2.0499E+00 9.4050E+00
1.4682E+03 2.0496E+00 9.4020E+00
1.4724E+03 2.0494E+00 9.4000E+00
1.4765E+03 2.0492E+00 9.3970E+00
1.4807E+03 2.0490E+00 9.3940E+00
1.4849E+03 2.0488E+00 9.3910E+00
1.4891E+03 2.0486E+00 9.3890E+00
1.4933E+03 2.0483E+00 9.3860E+00
1.4974E+03 2.0481E+00 9.3830E+00
1.5016E+03 2.0479E+00 9.3800E+00
1.5058E+03 2.0477E+00 9.3780E+00
1.5100E+03 2.0475E+00 9.3750E+00
1.5141E+03 2.0472E+00 9.3720E+00
1.5183E+03 2.0470E+00 9.3700E+00
1.5225E+03 2.0468E+00 9.3670E+00
1.5267E+03 2.0466E+00 9.3640E+00
1.5308E+03 2.0463E+00 9.3620E+00
1.5350E+03 2.0461E+00 9.3590E+00
1.5392E+03 2.0459E+00 9.3560E+00
1.5434E+03 2.0457E+00 9.3540E+00
1.5476E+03 2.0454E+00 9.3510E+00
1.5517E+03 2.0452E+00 9.3480E+00
1.5559E+03 2.0450E+00 9.3460E+00
1.5601E+03 2.0448E+00 9.3430E+00
1.5643E+03 2.0445E+00 9.3400E+00
1.5684E+03 2.0443E+00 9.3380E+00
1.5726E+03 2.0441E+00 9.3350E+00
1.5768E+03 2.0439E+00 9.3330E+00
1.5810E+03 2.0436E+00 9.3300E+00
1.5851E+03 2.0434E+00 9.3280E+00
1.5893E+03 2.0432E+00 9.3250E+00
1.5935E+03 2.0429E+00 9.3220E+00
1.5977E+03 2.0427E+00 9.3200E+00
1.6019E+03 2.0425E+00 9.3170E+00
1.6060E+03 2.0422E+00 9.3150E+00
1.6102E+03 2.0420E+00 9.3120E+00
1.6144E+03 2.0418E+00 9.3100E+00
1.6186E+03 2.0416E+00 9.3070E+00
1.6227E+03 2.0413E+00 9.3050E+00
1.6269E+03 2.0411E+00 9.3020E+00
1.6311E+03 2.0409E+00 9.3000E+00
1.6353E+03 2.0406E+00 9.2970E+00
1.6394E+03 2.0404E+00 9.2950E+00
1.6436E+03 2.0402E+00 9.2920E+00
1.6478E+03 2.0399E+00 9.2900E+00
1.6520E+03 2.0397E+00 9.2870E+00
1.6562E+03 2.0395E+00 9.2850E+00
1.6603E+03 2.0392E+00 9.2830E+00
1.6645E+03 2.0390E+00 9.2800E+00
1.6687E+03 2.0387E+00 9.2780E+00
1.6729E+03 2.0385E+00 9.2750E+00
1.6770E+03 2.0383E+00 9.2730E+00
1.6812E+03 2.0380E+00 9.2700E+00
1.6854E+03 2.0378E+00 9.2680E+00
1.6896E+03 2.0376E+00 9.2660E+00
1.6937E+03 2.0373E+00 9.2630E+00
1.6979E+03 2.0371E+00 9.2610E+00
1.7021E+03 2.0369E+00 9.2580E+00
1.7063E+03 2.0366E+00 9.2560E+00
1.7105E+03 2.0364E+00 9.2540E+00
1.7146E+03 2.0361E+00 9.2510E+00
1.7188E+03 2.0359E+00 9.2490E+00
1.7230E+03 2.0357E+00 9.2470E+00
1.7272E+03 2.0354E+00 9.2440E+00
1.7313E+03 2.0352E+00 9.2420E+00
1.7355E+03 2.0350E+00 9.2400E+00
1.7397E+03 2.0347E+00 9.2370E+00
1.7439E+03 2.0345E+00 9.2350E+00
1.7480E+03 2.0342E+00 9.2330E+00
1.7522E+03 2.0340E+00 9.2300E+00
1.7564E+03 2.0338E+00 9.2280E+00
1.7606E+03 2.0335E+00 9.2260E+00
1.7648E+03 2.0333E+00 9.2240E+00
1.7689E+03 2.0330E+00 9.2210E+00
1.7731E+03 2.0328E+00 9.2190E+00
1.7773E+03 2.0326E+00 9.2170E+00
1.7815E+03 2.0323E+00 9.2150E+00
1.7856E+03 2.0321E+00 9.2120E+00
1.7898E+03 2.0318E+00 9.2100E+00
1.7940E+03 2.0316E+00 9.2080E+00
1.7982E+03 2.0314E+00 9.2060E+00
1.8024E+03 2.0311E+00 9.2030E+00
1.8065E+03 2.0309E+00 9.2010E+00
1.8107E+03 2.0306E+00 9.1990E+00
1.8149E+03 2.0304E+00 9.1970E+00
1.8191E+03 2.0302E+00 9.1940E+00
1.8232E+03 2.0299E+00 9.1920E+00
1.8274E+03 2.0297E+00 9.1900E+00
1.8316E+03 2.0294E+00 9.1880E+00
1.8358E+03 2.0292E+00 9.1860E+00
1.8399E+03 2.0290E+00 9.1840E+00
1.8441E+03 2.0287E+00 9.1810E+00
1.8483E+03 2.0285E+00 9.1790E+00
1.8525E+03 2.0282E+00 9.1770E+00
1.8567E+03 2.0280E+00 9.1750E+00
1.8608E+03 2.0277E+00 9.1730E+00
1.8650E+03 2.0275E+00 9.1710E+00
1.8692E+03 2.0273E+00 9.1680E+00
1.8734E+03 2.0270E+00 9.1660E+00
1.8775E+03 2.0268E+00 9.1640E+00
1.8817E+03 2.0265E+00 9.1620E+00
1.8859E+03 2.0263E+00 9.1600E+00
1.8901E+03 2.0260E+00 9.1580E+00
1.8942E+03 2.0258E+00 9.1560E+00
1.8984E+03 2.0256E+00 9.1540E+00
1.9026E+03 2.0253E+00 9.1520E+00
1.9068E+03 2.0251E+00 9.1490E+00
1.9110E+03 2.0248E+00 9.1470E+00
1.9151E+03 2.0246E+00 9.1450E+00
1.9193E+03 2.0243E+00 9.1430E+00
1.9235E+03 2.0241E+00 9.1410E+00
1.9277E+03 2.0239E+00 9.1390E+00
1.9318E+03 2.0236E+00 9.1370E+00
1.9360E+03 2.0234E+00 9.1350E+00
1.9402E+03 2.0231E+00 9.1330E+00
1.9444E+03 2.0229E+00 9.1310E+00
1.9485E+03 2.0226E+00 9.1290E+00
1.9527E+03 2.0224E+00 9.1270E+00
1.9569E+03 2.0222E+00 9.1250E+00
1.9611E+03 2.0219E+00 9.1230E+00
1.9653E+03 2.0217E+00 9.1210E+00
1.9694E+03 2.0214E+00 9.1190E+00
1.9736E+03 2.0212E+00 9.1170E+00
1.9778E+03 2.0210E+00 9.1150E+00
1.9820E+03 2.0207E+00 9.1130E+00
1.9861E+03 2.0205E+00 9.1110E+00
1.9903E+03 2.0202E+00 9.1090E+00
1.9945E+03 2.0200E+00 9.1070E+00
1.9987E+03 2.0197E+00 9.1050E+00
2.0028E+03 2.0195E+00 9.1030E+00
2.0070E+03 2.0193E+00 9.1010E+00
2.0112E+03 2.0190E+00 9.0990E+00
2.0154E+03 2.0188E+00 9.0970E+00
2.0196E+03 2.0185E+00 9.0950E+00
2.0237E+03 2.0183E+00 9.0930E+00
2.0279E+03 2.0180E+00 9.0910E+00
2.0321E+03 2.0178E+00 9.0890E+00
2.0363E+03 2.0176E+00 9.0870E+00
2.0404E+03 2.0173E+00 9.0850E+00
2.0446E+03 2.0171E+00 9.0830E+00
2.0488E+03 2.0168E+00 9.0810E+00
2.0530E+03 2.0166E+00 9.0790E+00
2.0571E+03 2.0163E+00 9.0780E+00
2.0613E+03 2.0161E+00 9.0760E+00
2.0655E+03 2.0159E+00 9.0740E+00
2.0697E+03 2.0156E+00 9.0720E+00
2.0739E+03 2.0154E+00 9.0700E+00
2.0780E+03 2.0151E+00 9.0680E+00
2.0822E+03 2.0149E+00 9.0660E+00
2.0864E+03 2.0146E+00 9.0640E+00
2.0906E+03 2.0144E+00 9.0620E+00
2.0947E+03 2.0142E+00 9.0600E+00
2.0989E+03 2.0139E+00 9.0590E+00
2.1031E+03 2.0137E+00 9.0570E+00
2.1073E+03 2.0134E+00 9.0550E+00
2.1114E+03 2.0132E+00 9.0530E+00
2.1156E+03 2.0130E+00 9.0510E+00
2.1198E+03 2.0127E+00 9.0490E+00
2.1240E+03 2.0125E+00 9.0470E+00
2.1282E+03 2.0122E+00 9.0460E+00
2.1323E+03 2.0120E+00 9.0440E+00
2.1365E+03 2.0117E+00 9.0420E+00
2.1407E+03 2.0115E+00 9.0400E+00
2.1449E+03 2.0113E+00 9.0380E+00
2.1490E+03 2.0110E+00 9.0360E+00
2.1532E+03 2.0108E+00 9.0350E+00
2.1574E+03 2.0105E+00 9.0330E+00
2.1616E+03 2.0103E+00 9.0310E+00
2.1657E+03 2.0101E+00 9.0290E+00
2.1699E+03 2.0098E+00 9.0270E+00
2.1741E+03 2.0096E+00 9.0260E+00
2.1783E+03 2.0093E+00 9.0240E+00
2.1825E+03 2.0091E+00 9.0220E+00
2.1866E+03 2.0089E+00 9.0200E+00
2.1908E+03 2.0086E+00 9.0180E+00
2.1950E+03 2.0084E+00 9.0170E+00
2.1992E+03 2.0081E+00 9.0150E+00
2.2033E+03 2.0079E+00 9.0130E+00
2.2075E+03 2.0077E+00 9.0110E+00
2.2117E+03 2.0074E+00 9.0100E+00
2.2159E+03 2.0072E+00 9.0080E+00
2.2201E+03 2.0069E+00 9.0060E+00
2.2242E+03 2.0067E+00 9.0040E+00
2.2284E+03 2.0065E+00 9.0030E+00
2.2326E+03 2.0062E+00 9.0010E+00
2.2368E+03 2.0060E+00 8.9990E+00
2.2409E+03 2.0057E+00 8.9970E+00
2.2451E+03 2.0055E+00 8.9960E+00
2.2493E+03 2.0053E+00 8.9940E+00
2.2535E+03 2.0050E+00 8.9920E+00
2.2576E+03 2.0048E+00 8.9910E+00
2.2618E+03 2.0046E+00 8.9890E+00
2.2660E+03 2.0043E+00 8.9870E+00
2.2702E+03 2.0041E+00 8.9850E+00
2.2744E+03 2.0038E+00 8.9840E+00
2.2785E+03 2.0036E+00 8.9820E+00
2.2827E+03 2.0034E+00 8.9800E+00
2.2869E+03 2.0031E+00 8.9790E+00
2.2911E+03 2.0029E+00 8.9770E+00
2.2952E+03 2.0027E+00 8.9750E+00
2.2994E+03 2.0024E+00 8.9740E+00
2.3036E+03 2.0022E+00 8.9720E+00
2.3078E+03 2.0019E+00 8.9700E+00
2.3119E+03 2.0017E+00 8.9690E+00
2.3161E+03 2.0015E+00 8.9670E+00
2.3203E+03 2.0012E+00 8.9650E+00
2.3245E+03 2.0010E+00 8.9640E+00
2.3287E+03 2.0008E+00 8.9620E+00
2.3328E+03 2.0005E+00 8.9600E+00
2.3370E+03 2.0003E+00 8.9590E+00
2.3412E+03 2.0000E+00 8.9570E+00
2.3454E+03 1.9998E+00 8.9550E+00
2.3495E+03 1.9996E+00 8.9540E+00
2.3537E+03 1.9993E+00 8.9520E+00
2.3579E+03 1.9991E+00 8.9500E+00
2.3621E+03 1.9989E+00 8.9490E+00
2.3662E+03 1.9986E+00 8.9470E+00
2.3704E+03 1.9984E+00 8.9460E+00
2.3746E+03 1.9982E+00 8.9440E+00
2.3788E+03 1.9979E+00 8.9420E+00
2.3830E+03 1.9977E+00 8.9410E+00
2.3871E+03 1.9975E+00 8.9390E+00
2.3913E+03 1.9972E+00 8.9370E+00
2.3955E+03 1.9970E+00 8.9360E+00
2.3997E+03 1.9968E+00 8.9340E+00
2.4038E+03 1.9965E+00 8.9330E+00
2.4080E+03 1.9963E+00 8.9310E+00
2.4122E+03 1.9961E+00 8.9300E+00
2.4164E+03 1.9958E+00 8.9280E+00
2.4205E+03 1.9956E+00 8.9260E+00
2.4247E+03 1.9954E+00 8.9250E+00
2.4289E+03 1.9951E+00 8.9230E+00
2.4331E+03 1.9949E+00 8.9220E+00
2.4373E+03 1.9947E+00 8.9200E+00
2.4414E+03 1.9944E+00 8.9180E+00
2.4456E+03 1.9942E+00 8.9170E+00
2.4498E+03 1.9940E+00 8.9150E+00
2.4540E+03 1.9937E+00 8.9140E+00
2.4581E+03 1.9935E+00 8.9120E+00
2.4623E+03 1.9933E+00 8.9110E+00
2.4665E+03 1.9930E+00 8.9090E+00
2.4707E+03 1.9928E+00 8.9080E+00
2.4748E+03 1.9926E+00 8.9060E+00
2.4790E+03 1.9923E+00 8.9050E+00
2.4832E+03 1.9921E+00 8.9030E+00
2.4874E+03 1.9919E+00 8.9010E+00
2.4916E+03 1.9916E+00 8.9000E+00
2.4957E+03 1.9914E+00 8.8980E+00
2.4999E+03 1.9912E+00 8.8970E+00
2.5041E+03 1.9909E+00 8.8950E+00
2.5083E+03 1.9907E+00 8.8940E+00
2.5124E+03 1.9905E+00 8.8920E+00
2.5166E+03 1.9902E+00 8.8910E+00
2.5208E+03 1.9900E+00 8.8890E+00
2.5250E+03 1.9898E+00 8.8880E+00
2.5291E+03 1.9896E+00 8.8860E+00
2.5333E+03 1.9893E+00 8.8850E+00
2.5375E+03 1.9891E+00 8.8830E+00
2.5417E+03 1.9889E+00 8.8820E+00
2.5459E+03 1.9886E+00 8.8800E+00
2.5500E+03 1.9884E+00 8.8790E+00
2.5542E+03 1.9882E+00 8.8770E+00
2.5584E+03 1.9880E+00 8.8760E+00
2.5626E+03 1.9877E+00 8.8740E+00
2.5667E+03 1.9875E+00 8.8730E+00
2.5709E+03 1.9873E+00 8.8710E+00
2.5751E+03 1.9870E+00 8.8700E+00
2.5793E+03 1.9868E+00 8.8690E+00
2.5834E+03 1.9866E+00 8.8670E+00
2.5876E+03 1.9864E+00 8.8660E+00
2.5918E+03 1.9861E+00 8.8640E+00
2.5960E+03 1.9859E+00 8.8630E+00
2.6002E+03 1.9857E+00 8.8610E+00
2.6043E+03 1.9854E+00 8.8600E+00
2.6085E+03 1.9852E+00 8.8580E+00
2.6127E+03 1.9850E+00 8.8570E+00
2.6169E+03 1.9848E+00 8.8560E+00
2.6210E+03 1.9845E+00 8.8540E+00
2.6252E+03 1.9843E+00 8.8530E+00
2.6294E+03 1.9841E+00 8.8510E+00
2.6336E+03 1.9839E+00 8.8500E+00
2.6378E+03 1.9836E+00 8.8480E+00
2.6419E+03 1.9834E+00 8.8470E+00
2.6461E+03 1.9832E+00 8.8460E+00
2.6503E+03 1.9830E+00 8.8440E+00
2.6545E+03 1.9827E+00 8.8430E+00
2.6586E+03 1.9825E+00 8.8410E+00
2.6628E+03 1.9823E+00 8.8400E+00
2.6670E+03 1.9821E+00 8.8380E+00
2.6712E+03 1.9818E+00 8.8370E+00
2.6753E+03 1.9816E+00 8.8360E+00
2.6795E+03 1.9814E+00 8.8340E+00
2.6837E+03 1.9812E+00 8.8330E+00
2.6879E+03 1.9809E+00 8.8310E+00
2.6921E+03 1.9807E+00 8.8300E+00
2.6962E+03 1.9805E+00 8.8290E+00
2.7004E+03 1.9803E+00 8.8270E+00
2.7046E+03 1.9800E+00 8.8260E+00
2.7088E+03 1.9798E+00 8.8250E+00
2.7129E+03 1.9796E+00 8.8230E+00
2.7171E+03 1.9794E+00 8.8220E+00
2.7213E+03 1.9791E+00 8.8200E+00
2.7255E+03 1.9789E+00 8.8190E+00
2.7296E+03 1.9787E+00 8.8180E+00
2.7338E+03 1.9785E+00 8.8160E+00
2.7380E+03 1.9783E+00 8.8150E+00
2.7422E+03 1.9780E+00 8.8140E+00
2.7464E+03 1.9778E+00 8.8120E+00
2.7505E+03 1.9776E+00 8.8110E+00
2.7547E+03 1.9774E+00 8.8100E+00
2.7589E+03 1.9772E+00 8.8080E+00
2.7631E+03 1.9769E+00 8.8070E+00
2.7672E+03 1.9767E+00 8.8050E+00
2.7714E+03 1.9765E+00 8.8040E+00
2.7756E+03 1.9763E+00 8.8030E+00
2.7798E+03 1.9760E+00 8.8010E+00
2.7839E+03 1.9758E+00 8.8000E+00
2.7881E+03 1.9756E+00 8.7990E+00
2.7923E+03 1.9754E+00 8.7970E+00
2.7965E+03 1.9752E+00 8.7960E+00
2.8007E+03 1.9749E+00 8.7950E+00
2.8048E+03 1.9747E+00 8.7930E+00
2.8090E+03 1.9745E+00 8.7920E+00
2.8132E+03 1.9743E+00 8.7910E+00
2.8174E+03 1.9741E+00 8.7900E+00
2.8215E+03 1.9739E+00 8.7880E+00
2.8257E+03 1.9736E+00 8.7870E+00
2.8299E+03 1.9734E+00 8.7860E+00
2.8341E+03 1.9732E+00 8.7840E+00
2.8382E+03 1.9730E+00 8.7830E+00
2.8424E+03 1.9728E+00 8.7820E+00
2.8466E+03 1.9725E+00 8.7800E+00
2.8508E+03 1.9723E+00 8.7790E+00
2.8550E+03 1.9721E+00 8.7780E+00
2.8591E+03 1.9719E+00 8.7770E+00
2.8633E+03 1.9717E+00 8.7750E+00
2.8675E+03 1.9715E+00 8.7740E+00
2.8717E+03 1.9712E+00 8.7730E+00
2.8758E+03 1.9710E+00 8.7710E+00
2.8800E+03 1.9708E+00 8.7700E+00
2.8842E+03 1.9706E+00 8.7690E+00
2.8884E+03 1.9704E+00 8.7680E+00
2.8925E+03 1.9702E+00 8.7660E+00
2.8967E+03 1.9699E+00 8.7650E+00
2.9009E+03 1.9697E+00 8.7640E+00
2.9051E+03 1.9695E+00 8.7620E+00
2.9093E+03 1.9693E+00 8.7610E+00
2.9134E+03 1.9691E+00 8.7600E+00
2.9176E+03 1.9689E+00 8.7590E+00
2.9218E+03 1.9687E+00 8.7570E+00
2.9260E+03 1.9684E+00 8.7560E+00
2.9301E+03 1.9682E+00 8.7550E+00
2.9343E+03 1.9680E+00 8.7540E+00
2.9385E+03 1.9678E+00 8.7520E+00
2.9427E+03 1.9676E+00 8.7510E+00
2.9468E+03 1.9674E+00 8.7500E+00
2.9510E+03 1.9672E+00 8.7490E+00
2.9552E+03 1.9669E+00 8.7470E+00
2.9594E+03 1.9667E+00 8.7460E+00
2.9636E+03 1.9665E+00 8.7450E+00
2.9677E+03 1.9663E+00 8.7440E+00
2.9719E+03 1.9661E+00 8.7430E+00
2.9761E+03 1.9659E+00 8.7410E+00
2.9803E+03 1.9657E+00 8.7400E+00
2.9844E+03 1.9654E+00 8.7390E+00
2.9886E+03 1.9652E+00 8.7380E+00
2.9928E+03 1.9650E+00 8.7360E+00
2.9970E+03 1.9648E+00 8.7350E+00
3.0011E+03 1.9646E+00 8.7340E+00
3.0053E+03 1.9644E+00 8.7330E+00
3.0095E+03 1.9642E+00 8.7320E+00
3.0137E+03 1.9640E+00 8.7300E+00
3.0179E+03 1.9638E+00 8.7290E+00
3.0220E+03 1.9635E+00 8.7280E+00
3.0262E+03 1.9633E+00 8.7270E+00
3.0304E+03 1.9631E+00 8.7260E+00
3.0346E+03 1.9629E+00 8.7240E+00
3.0387E+03 1.9627E+00 8.7230E+00
3.0429E+03 1.9625E+00 8.7220E+00
3.0471E+03 1.9623E+00 8.7210E+00
3.0513E+03 1.9621E+00 8.7200E+00
3.0555E+03 1.9619E+00 8.7180E+00
3.0596E+03 1.9617E+00 8.7170E+00
3.0638E+03 1.9614E+00 8.7160E+00
3.0680E+03 1.9612E+00 8.7150E+00
3.0722E+03 1.9610E+00 8.7140E+00
3.0763E+03 1.9608E+00 8.7120E+00
3.0805E+03 1.9606E+00 8.7110E+00
3.0847E+03 1.9604E+00 8.7100E+00
3.0889E+03 1.9602E+00 8.7090E+00
3.0930E+03 1.9600E+00 8.7080E+00
3.0972E+03 1.9598E+00 8.7070E+00
3.1014E+03 1.9596E+00 8.7050E+00
3.1056E+03 1.9594E+00 8.7040E+00
3.1098E+03 1.9592E+00 8.7030E+00
3.1139E+03 1.9590E+00 8.7020E+00
3.1181E+03 1.9587E+00 8.7010E+00
3.1223E+03 1.9585E+00 8.7000E+00
3.1265E+03 1.9583E+00 8.6980E+00
3.1306E+03 1.9581E+00 8.6970E+00
3.1348E+03 1.9579E+00 8.6960E+00
3.1390E+03 1.9577E+00 8.6950E+00
3.1432E+03 1.9575E+00 8.6940E+00
3.1473E+03 1.9573E+00 8.6930E+00
3.1515E+03 1.9571E+00 8.6920E+00
3.1557E+03 1.9569E+00 8.6900E+00
3.1599E+03 1.9567E+00 8.6890E+00
3.1641E+03 1.9565E+00 8.6880E+00
3.1682E+03 1.9563E+00 8.6870E+00
3.1724E+03 1.9561E+00 8.6860E+00
3.1766E+03 1.9559E+00 8.6850E+00
3.1808E+03 1.9557E+00 8.6840E+00
3.1849E+03 1.9555E+00 8.6820E+00
3.1891E+03 1.9553E+00 8.6810E+00
3.1933E+03 1.9550E+00 8.6800E+00
3.1975E+03 1.9548E+00 8.6790E+00
3.2016E+03 1.9546E+00 8.6780E+00
3.2058E+03 1.9544E+00 8.6770E+00
3.2100E+03 1.9542E+00 8.6760E+00
3.2142E+03 1.9540E+00 8.6750E+00
3.2184E+03 1.9538E+00 8.6740E+00
3.2225E+03 1.9536E+00 8.6720E+00
3.2267E+03 1.9534E+00 8.6710E+00
3.2309E+03 1.9532E+00 8.6700E+00
3.2351E+03 1.9530E+00 8.6690E+00
3.2392E+03 1.9528E+00 8.6680E+00
3.2434E+03 1.9526E+00 8.6670E+00
3.2476E+03 1.9524E+00 8.6660E+00
3.2518E+03 1.9522E+00 8.6650E+00
3.2559E+03 1.9520E+00 8.6640E+00
3.2601E+03 1.9518E+00 8.6630E+00
3.2643E+03 1.9516E+00 8.6610E+00
3.2685E+03 1.9514E+00 8.6600E+00
3.2727E+03 1.9512E+00 8.6590E+00
3.2768E+03 1.9510E+00 8.6580E+00
3.2810E+03 1.9508E+00 8.6570E+00
3.2852E+03 1.9506E+00 8.6560E+00
3.2894E+03 1.9504E+00 8.6550E+00
3.2935E+03 1.9502E+00 8.6540E+00
3.2977E+03 1.9500E+00 8.6530E+00
3.3019E+03 1.9498E+00 8.6520E+00
3.3061E+03 1.9496E+00 8.6510E+00
3.3102E+03 1.9494E+00 8.6500E+00
3.3144E+03 1.9492E+00 8.6480E+00
3.3186E+03 1.9490E+00 8.6470E+00
3.3228E+03 1.9488E+00 8.6460E+00
3.3270E+03 1.9486E+00 8.6450E+00
3.3311E+03 1.9484E+00 8.6440E+00
3.3353E+03 1.9482E+00 8.6430E+00
3.3395E+03 1.9480E+00 8.6420E+00
3.3437E+03 1.9478E+00 8.6410E+00
3.3478E+03 1.9476E+00 8.6400E+00
3.3520E+03 1.9474E+00 8.6390E+00
3.3562E+03 1.9472E+00 8.6380E+00
3.3604E+03 1.9470E+00 8.6370E+00
3.3645E+03 1.9468E+00 8.6360E+00
3.3687E+03 1.9466E+00 8.6350E+00
3.3729E+03 1.9464E+00 8.6340E+00
3.3771E+03 1.9462E+00 8.6330E+00
3.3813E+03 1.9460E+00 8.6320E+00
3.3854E+03 1.9458E+00 8.6300E+00
3.3896E+03 1.9457E+00 8.6290E+00
3.3938E+03 1.9455E+00 8.6280E+00
3.3980E+03 1.9453E+00 8.6270E+00
3.4021E+03 1.9451E+00 8.6260E+00
3.4063E+03 1.9449E+00 8.6250E+00
3.4105E+03 1.9447E+00 8.6240E+00
3.4147E+03 1.9445E+00 8.6230E+00
3.4188E+03 1.9443E+00 8.6220E+00
3.4230E+03 1.9441E+00 8.6210E+00
3.4272E+03 1.9439E+00 8.6200E+00
3.4314E+03 1.9437E+00 8.6190E+00
3.4356E+03 1.9435E+00 8.6180E+00
3.4397E+03 1.9433E+00 8.6170E+00
3.4439E+03 1.9431E+00 8.6160E+00
3.4481E+03 1.9429E+00 8.6150E+00
3.4523E+03 1.9427E+00 8.6140E+00
3.4564E+03 1.9425E+00 8.6130E+00
3.4606E+03 1.9423E+00 8.6120E+00
3.4648E+03 1.9421E+00 8.6110E+00
3.4690E+03 1.9420E+00 8.6100E+00
3.4732E+03 1.9418E+00 8.6090E+00
3.4773E+03 1.9416E+00 8.6080E+00
3.4815E+03 1.9414E+00 8.6070E+00
3.4857E+03 1.9412E+00 8.6060E+00
3.4899E+03 1.9410E+00 8.6050E+00
3.4940E+03 1.9408E+00 8.6040E+00
3.4982E+03 1.9406E+00 8.6030E+00
3.5024E+03 1.9404E+00 8.6020E+00
3.5066E+03 1.9402E+00 8.6010E+00
3.5107E+03 1.9400E+00 8.6000E+00
3.5149E+03 1.9398E+00 8.5990E+00
3.5191E+03 1.9396E+00 8.5980E+00
3.5233E+03 1.9395E+00 8.5970E+00
3.5275E+03 1.9393E+00 8.5960E+00
3.5316E+03 1.9391E+00 8.5950E+00
3.5358E+03 1.9389E+00 8.5940E+00
3.5400E+03 1.9387E+00 8.5930E+00
3.5442E+03 1.9385E+00 8.5920E+00
3.5483E+03 1.9383E+00 8.5910E+00
3.5525E+03 1.9381E+00 8.5900E+00
3.5567E+03 1.9379E+00 8.5890E+00
3.5609E+03 1.9377E+00 8.5880E+00
3.5650E+03 1.9376E+00 8.5870E+00
3.5692E+03 1.9374E+00 8.5860E+00
3.5734E+03 1.9372E+00 8.5850E+00
3.5776E+03 1.9370E+00 8.5840E+00
3.5818E+03 1.9368E+00 8.5830E+00
3.5859E+03 1.9366E+00 8.5820E+00
3.5901E+03 1.9364E+00 8.5810E+00
3.5943E+03 1.9362E+00 8.5800E+00
3.5985E+03 1.9360E+00 8.5790E+00
3.6026E+03 1.9359E+00 8.5780E+00
3.6068E+03 1.9357E+00 8.5770E+00
3.6110E+03 1.9355E+00 8.5760E+00
3.6152E+03 1.9353E+00 8.5750E+00
3.6193E+03 1.9351E+00 8.5750E+00
3.6235E+03 1.9349E+00 8.5740E+00
3.6277E+03 1.9347E+00 8.5730E+00
3.6319E+03 1.9345E+00 8.5720E+00
3.6361E+03 1.9344E+00 8.5710E+00
3.6402E+03 1.9342E+00 8.5700E+00
3.6444E+03 1.9340E+00 8.5690E+00
3.6486E+03 1.9338E+00 8.5680E+00
3.6528E+03 1.9336E+00 8.5670E+00
3.6569E+03 1.9334E+00 8.5660E+00
3.6611E+03 1.9332E+00 8.5650E+00
3.6653E+03 1.9331E+00 8.5640E+00
3.6695E+03 1.9329E+00 8.5630E+00
3.6736E+03 1.9327E+00 8.5620E+00
3.6778E+03 1.9325E+00 8.5610E+00
3.6820E+03 1.9323E+00 8.5600E+00
3.6862E+03 1.9321E+00 8.5590E+00
3.6904E+03 1.9319E+00 8.5580E+00
3.6945E+03 1.9318E+00 8.5580E+00
3.6987E+03 1.9316E+00 8.5570E+00
3.7029E+03 1.9314E+00 8.5560E+00
3.7071E+03 1.9312E+00 8.5550E+00
3.7112E+03 1.9310E+00 8.5540E+00
3.7154E+03 1.9308E+00 8.5530E+00
3.7196E+03 1.9307E+00 8.5520E+00
3.7238E+03 1.9305E+00 8.5510E+00
3.7279E+03 1.9303E+00 8.5500E+00
3.7321E+03 1.9301E+00 8.5490E+00
3.7363E+03 1.9299E+00 8.5480E+00
3.7405E+03 1.9297E+00 8.5470E+00
3.7447E+03 1.9296E+00 8.5460E+00
3.7488E+03 1.9294E+00 8.5460E+00
3.7530E+03 1.9292E+00 8.5450E+00
3.7572E+03 1.9290E+00 8.5440E+00
3.7614E+03 1.9288E+00 8.5430E+00
3.7655E+03 1.9286E+00 8.5420E+00
3.7697E+03 1.9285E+00 8.5410E+00
3.7739E+03 1.9283E+00 8.5400E+00
3.7781E+03 1.9281E+00 8.5390E+00
3.7822E+03 1.9279E+00 8.5380E+00
3.7864E+03 1.9277E+00 8.5370E+00
3.7906E+03 1.9276E+00 8.5360E+00
3.7948E+03 1.9274E+00 8.5360E+00
3.7990E+03 1.9272E+00 8.5350E+00
3.8031E+03 1.9270E+00 8.5340E+00
3.8073E+03 1.9268E+00 8.5330E+00
3.8115E+03 1.9266E+00 8.5320E+00
3.8157E+03 1.9265E+00 8.5310E+00
3.8198E+03 1.9263E+00 8.5300E+00
3.8240E+03 1.9261E+00 8.5290E+00
3.8282E+03 1.9259E+00 8.5280E+00
3.8324E+03 1.9257E+00 8.5280E+00
3.8365E+03 1.9256E+00 8.5270E+00
3.8407E+03 1.9254E+00 8.5260E+00
3.8449E+03 1.9252E+00 8.5250E+00
3.8491E+03 1.9250E+00 8.5240E+00
3.8533E+03 1.9249E+00 8.5230E+00
3.8574E+03 1.9247E+00 8.5220E+00
3.8616E+03 1.9245E+00 8.5210E+00
3.8658E+03 1.9243E+00 8.5200E+00
3.8700E+03 1.9241E+00 8.5200E+00
3.8741E+03 1.9240E+00 8.5190E+00
3.8783E+03 1.9238E+00 8.5180E+00
3.8825E+03 1.9236E+00 8.5170E+00
3.8867E+03 1.9234E+00 8.5160E+00
3.8909E+03 1.9232E+00 8.5150E+00
3.8950E+03 1.9231E+00 8.5140E+00
3.8992E+03 1.9229E+00 8.5130E+00
3.9034E+03 1.9227E+00 8.5130E+00
3.9076E+03 1.9225E+00 8.5120E+00
3.9117E+03 1.9224E+00 8.5110E+00
3.9159E+03 1.9222E+00 8.5100E+00
3.9201E+03 1.9220E+00 8.5090E+00
3.9243E+03 1.9218E+00 8.5080E+00
3.9284E+03 1.9217E+00 8.5070E+00
3.9326E+03 1.9215E+00 8.5070E+00
3.9368E+03 1.9213E+00 8.5060E+00
3.9410E+03 1.9211E+00 8.5050E+00
3.9452E+03 1.9209E+00 8.5040E+00
3.9493E+03 1.9208E+00 8.5030E+00
3.9535E+03 1.9206E+00 8.5020E+00
3.9577E+03 1.9204E+00 8.5010E+00
3.9619E+03 1.9202E+00 8.5010E+00
3.9660E+03 1.9201E+00 8.5000E+00
3.9702E+03 1.9199E+00 8.4990E+00
3.9744E+03 1.9197E+00 8.4980E+00
3.9786E+03 1.9195E+00 8.4970E+00
3.9827E+03 1.9194E+00 8.4960E+00
3.9869E+03 1.9192E+00 8.4950E+00
3.9911E+03 1.9190E+00 8.4950E+00
3.9953E+03 1.9189E+00 8.4940E+00
3.9995E+03 1.9187E+00 8.4930E+00
4.0036E+03 1.9185E+00 8.4920E+00
4.0078E+03 1.9183E+00 8.4910E+00
4.0120E+03 1.9182E+00 8.4900E+00
4.0162E+03 1.9180E+00 8.4900E+00
4.0203E+03 1.9178E+00 8.4890E+00
4.0245E+03 1.9176E+00 8.4880E+00
4.0287E+03 1.9175E+00 8.4870E+00
4.0329E+03 1.9173E+00 8.4860E+00
4.0370E+03 1.9171E+00 8.4850E+00
4.0412E+03 1.9169E+00 8.4850E+00
4.0454E+03 1.9168E+00 8.4840E+00
4.0496E+03 1.9166E+00 8.4830E+00
4.0538E+03 1.9164E+00 8.4820E+00
4.0579E+03 1.9163E+00 8.4810E+00
4.0621E+03 1.9161E+00 8.4810E+00
4.0663E+03 1.9159E+00 8.4800E+00
4.0705E+03 1.9157E+00 8.4790E+00
4.0746E+03 1.9156E+00 8.4780E+00
4.0788E+03 1.9154E+00 8.4770E+00
4.0830E+03 1.9152E+00 8.4760E+00
4.0872E+03 1.9151E+00 8.4760E+00
4.0913E+03 1.9149E+00 8.4750E+00
4.0955E+03 1.9147E+00 8.4740E+00
4.0997E+03 1.9145E+00 8.4730E+00
4.1039E+03 1.9144E+00 8.4720E+00
4.1081E+03 1.9142E+00 8.4720E+00
4.1122E+03 1.9140E+00 8.4710E+00
4.1164E+03 1.9139E+00 8.4700E+00
4.1206E+03 1.9137E+00 8.4690E+00
4.1248E+03 1.9135E+00 8.4680E+00
4.1289E+03 1.9134E+00 8.4670E+00
4.1331E+03 1.9132E+00 8.4670E+00
4.1373E+03 1.9130E+00 8.4660E+00
4.1415E+03 1.9128E+00 8.4650E+00
4.1456E+03 1.9127E+00 8.4640E+00
4.1498E+03 1.9125E+00 8.4630E+00
4.1540E+03 1.9123E+00 8.4630E+00
4.1582E+03 1.9122E+00 8.4620E+00
4.1624E+03 1.9120E+00 8.4610E+00
4.1665E+03 1.9118E+00 8.4600E+00
4.1707E+03 1.9117E+00 8.4590E+00
4.1749E+03 1.9115E+00 8.4590E+00
4.1791E+03 1.9113E+00 8.4580E+00
