1.000000E+00 NAN NAN
1.099000E+00 NAN NAN
1.198000E+00 1.211300E-01 2.110988E+01
1.297000E+00 1.263868E-01 1.843673E+01
1.396000E+00 1.316240E-01 1.743470E+01
1.495000E+00 1.368336E-01 1.691442E+01
1.594000E+00 1.420091E-01 1.636848E+01
1.693000E+00 1.471476E-01 1.592064E+01
1.792000E+00 1.522469E-01 1.565445E+01
1.891000E+00 1.573049E-01 1.533616E+01
1.990000E+00 1.623212E-01 1.506800E+01
2.089000E+00 1.672950E-01 1.475509E+01
2.188000E+00 1.722267E-01 1.456646E+01
2.287000E+00 1.771161E-01 1.440552E+01
2.386000E+00 1.819635E-01 1.419542E+01
2.485000E+00 1.867694E-01 1.401215E+01
2.584000E+00 1.915344E-01 1.391710E+01
2.683000E+00 1.962588E-01 1.377324E+01
2.782000E+00 2.009436E-01 1.364658E+01
2.881000E+00 2.055892E-01 1.353487E+01
2.980000E+00 2.101963E-01 1.343621E+01
3.079000E+00 2.147657E-01 1.334901E+01
3.178000E+00 2.192979E-01 1.322039E+01
3.277000E+00 2.237939E-01 1.315392E+01
3.376000E+00 2.282541E-01 1.309531E+01
3.475000E+00 2.326792E-01 1.299699E+01
3.574000E+00 2.370700E-01 1.295298E+01
3.673000E+00 2.414270E-01 1.291457E+01
3.772000E+00 2.457508E-01 1.283821E+01
3.871000E+00 2.500422E-01 1.276868E+01
3.970000E+00 2.543017E-01 1.274590E+01
4.069000E+00 2.585298E-01 1.268705E+01
4.168000E+00 2.627271E-01 1.263337E+01
4.267000E+00 2.668943E-01 1.262220E+01
4.366000E+00 2.710318E-01 1.257665E+01
4.465000E+00 2.751401E-01 1.253510E+01
4.564000E+00 2.792198E-01 1.249723E+01
4.663000E+00 2.832714E-01 1.246275E+01
4.762000E+00 2.872954E-01 1.243139E+01
4.861000E+00 2.912921E-01 1.240292E+01
4.960000E+00 2.952622E-01 1.237712E+01
5.059000E+00 2.992059E-01 1.235380E+01
5.158000E+00 3.031239E-01 1.233278E+01
5.257000E+00 3.070163E-01 1.228299E+01
5.356000E+00 3.108838E-01 1.226661E+01
5.455000E+00 3.147267E-01 1.225207E+01
5.554000E+00 3.185453E-01 1.223925E+01
5.653000E+00 3.223401E-01 1.219912E+01
5.752000E+00 3.261114E-01 1.218982E+01
5.851000E+00 3.298595E-01 1.218192E+01
5.950000E+00 3.335848E-01 1.214772E+01
6.049000E+00 3.372877E-01 1.214271E+01
6.148000E+00 3.409685E-01 1.213884E+01
6.247000E+00 3.446274E-01 1.210960E+01
6.346000E+00 3.482648E-01 1.210814E+01
6.445000E+00 3.518811E-01 1.208189E+01
6.544000E+00 3.554765E-01 1.208256E+01
6.643000E+00 3.590512E-01 1.205899E+01
6.742000E+00 3.626056E-01 1.203684E+01
6.841000E+00 3.661400E-01 1.204039E+01
6.940000E+00 3.696546E-01 1.202051E+01
7.039000E+00 3.731498E-01 1.202564E+01
7.138000E+00 3.766256E-01 1.200782E+01
7.237000E+00 3.800823E-01 1.199109E+01
7.336000E+00 3.835204E-01 1.197541E+01
7.435000E+00 3.869399E-01 1.198343E+01
7.534000E+00 3.903412E-01 1.196942E+01
7.633000E+00 3.937244E-01 1.195632E+01
7.732000E+00 3.970898E-01 1.194409E+01
7.831000E+00 4.004376E-01 1.195443E+01
7.930000E+00 4.037680E-01 1.194357E+01
8.029000E+00 4.070812E-01 1.193347E+01
8.128000E+00 4.103774E-01 1.192410E+01
8.227000E+00 4.136568E-01 1.191542E+01
8.326000E+00 4.169196E-01 1.190740E+01
8.425000E+00 4.201660E-01 1.190001E+01
8.524000E+00 4.233962E-01 1.189323E+01
8.623000E+00 4.266104E-01 1.188702E+01
8.722000E+00 4.298088E-01 1.188138E+01
8.821000E+00 4.329915E-01 1.187626E+01
8.920000E+00 4.361587E-01 1.187166E+01
9.019000E+00 4.393106E-01 1.186755E+01
9.118000E+00 4.424473E-01 1.186390E+01
9.217000E+00 4.455691E-01 1.186071E+01
9.316000E+00 4.486760E-01 1.185795E+01
9.415000E+00 4.517682E-01 1.185561E+01
9.514000E+00 4.548459E-01 1.185367E+01
9.613000E+00 4.579093E-01 1.185212E+01
9.712000E+00 4.609584E-01 1.185094E+01
9.811000E+00 4.639935E-01 1.183201E+01
9.910000E+00 4.670146E-01 1.183166E+01
1.000900E+01 4.700220E-01 1.183164E+01
1.010800E+01 4.730158E-01 1.183194E+01
1.020700E+01 4.759960E-01 1.183254E+01
1.030600E+01 4.789629E-01 1.181603E+01
1.040500E+01 4.819165E-01 1.181733E+01
1.050400E+01 4.848571E-01 1.181890E+01
1.060300E+01 4.877846E-01 1.182074E+01
1.070200E+01 4.906993E-01 1.180592E+01
1.080100E+01 4.936013E-01 1.180836E+01
1.090000E+01 4.964906E-01 1.181103E+01
1.099900E+01 4.993674E-01 1.179738E+01
1.109800E+01 5.022319E-01 1.180060E+01
1.119700E+01 5.050841E-01 1.180403E+01
1.129600E+01 5.079241E-01 1.179145E+01
1.139500E+01 5.107521E-01 1.179537E+01
1.149400E+01 5.135682E-01 1.179947E+01
1.159300E+01 5.163724E-01 1.178787E+01
1.169200E+01 5.191649E-01 1.179242E+01
1.179100E+01 5.219458E-01 1.178146E+01
1.189000E+01 5.247152E-01 1.178643E+01
1.198900E+01 5.274732E-01 1.179155E+01
1.208800E+01 5.302199E-01 1.178143E+01
1.218700E+01 5.329554E-01 1.178694E+01
1.228600E+01 5.356798E-01 1.177738E+01
1.238500E+01 5.383932E-01 1.178323E+01
1.248400E+01 5.410956E-01 1.177420E+01
1.258300E+01 5.437872E-01 1.178039E+01
1.268200E+01 5.464681E-01 1.177186E+01
1.278100E+01 5.491384E-01 1.177836E+01
1.288000E+01 5.517981E-01 1.177030E+01
1.297900E+01 5.544473E-01 1.177709E+01
1.307800E+01 5.570861E-01 1.176948E+01
1.317700E+01 5.597146E-01 1.176214E+01
1.327600E+01 5.623329E-01 1.176937E+01
1.337500E+01 5.649411E-01 1.176244E+01
1.347400E+01 5.675392E-01 1.176991E+01
1.357300E+01 5.701273E-01 1.176337E+01
1.367200E+01 5.727056E-01 1.175707E+01
1.377100E+01 5.752740E-01 1.176492E+01
1.387000E+01 5.778327E-01 1.175898E+01
1.396900E+01 5.803818E-01 1.176704E+01
1.406800E+01 5.829212E-01 1.176144E+01
1.416700E+01 5.854511E-01 1.175605E+01
1.426600E+01 5.879717E-01 1.176444E+01
1.436500E+01 5.904828E-01 1.175937E+01
1.446400E+01 5.929846E-01 1.175449E+01
1.456300E+01 5.954773E-01 1.176317E+01
1.466200E+01 5.979607E-01 1.175859E+01
1.476100E+01 6.004351E-01 1.175419E+01
1.486000E+01 6.029004E-01 1.174996E+01
1.495900E+01 6.053568E-01 1.175901E+01
1.505800E+01 6.078043E-01 1.175506E+01
1.515700E+01 6.102430E-01 1.175126E+01
1.525600E+01 6.126729E-01 1.176055E+01
1.535500E+01 6.150941E-01 1.175701E+01
1.545400E+01 6.175067E-01 1.175362E+01
1.555300E+01 6.199107E-01 1.175038E+01
1.565200E+01 6.223062E-01 1.174729E+01
1.575100E+01 6.246932E-01 1.175696E+01
1.585000E+01 6.270719E-01 1.175409E+01
1.594900E+01 6.294422E-01 1.175136E+01
1.604800E+01 6.318043E-01 1.174876E+01
1.614700E+01 6.341581E-01 1.174629E+01
1.624600E+01 6.365038E-01 1.175630E+01
1.634500E+01 6.388414E-01 1.175403E+01
1.644400E+01 6.411709E-01 1.175188E+01
1.654300E+01 6.434924E-01 1.174986E+01
1.664200E+01 6.458060E-01 1.174795E+01
1.674100E+01 6.481117E-01 1.174616E+01
1.684000E+01 6.504096E-01 1.174448E+01
1.693900E+01 6.526997E-01 1.175489E+01
1.703800E+01 6.549821E-01 1.175338E+01
1.713700E+01 6.572568E-01 1.175198E+01
1.723600E+01 6.595239E-01 1.175068E+01
1.733500E+01 6.617834E-01 1.174949E+01
1.743400E+01 6.640354E-01 1.174839E+01
1.753300E+01 6.662799E-01 1.174740E+01
1.763200E+01 6.685170E-01 1.174650E+01
1.773100E+01 6.707467E-01 1.174569E+01
1.783000E+01 6.729691E-01 1.174498E+01
1.792900E+01 6.751842E-01 1.174436E+01
1.802800E+01 6.773921E-01 1.174383E+01
1.812700E+01 6.795928E-01 1.175479E+01
1.822600E+01 6.817863E-01 1.175438E+01
1.832500E+01 6.839728E-01 1.175406E+01
1.842400E+01 6.861522E-01 1.175382E+01
1.852300E+01 6.883245E-01 1.175366E+01
1.862200E+01 6.904900E-01 1.175359E+01
1.872100E+01 6.926484E-01 1.175358E+01
1.882000E+01 6.948000E-01 1.175366E+01
1.891900E+01 6.969448E-01 1.175381E+01
1.901800E+01 6.990828E-01 1.175403E+01
1.911700E+01 7.012140E-01 1.175433E+01
1.921600E+01 7.033384E-01 1.175469E+01
1.931500E+01 7.054563E-01 1.175513E+01
1.941400E+01 7.075674E-01 1.174477E+01
1.951300E+01 7.096720E-01 1.174537E+01
1.961200E+01 7.117700E-01 1.174605E+01
1.971100E+01 7.138615E-01 1.174678E+01
1.981000E+01 7.159466E-01 1.174758E+01
1.990900E+01 7.180252E-01 1.174844E+01
2.000800E+01 7.200974E-01 1.174937E+01
2.010700E+01 7.221632E-01 1.175035E+01
2.020600E+01 7.242227E-01 1.175139E+01
2.030500E+01 7.262759E-01 1.175248E+01
2.040400E+01 7.283229E-01 1.175363E+01
2.050300E+01 7.303637E-01 1.175484E+01
2.060200E+01 7.323983E-01 1.175610E+01
2.070100E+01 7.344267E-01 1.174703E+01
2.080000E+01 7.364490E-01 1.174843E+01
2.089900E+01 7.384652E-01 1.174988E+01
2.099800E+01 7.404755E-01 1.175138E+01
2.109700E+01 7.424797E-01 1.175293E+01
2.119600E+01 7.444779E-01 1.175453E+01
2.129500E+01 7.464702E-01 1.175618E+01
2.139400E+01 7.484565E-01 1.174772E+01
2.149300E+01 7.504370E-01 1.174949E+01
2.159200E+01 7.524117E-01 1.175131E+01
2.169100E+01 7.543805E-01 1.175317E+01
2.179000E+01 7.563436E-01 1.175507E+01
2.188900E+01 7.583009E-01 1.175701E+01
2.198800E+01 7.602525E-01 1.174904E+01
2.208700E+01 7.621985E-01 1.175110E+01
2.218600E+01 7.641388E-01 1.175319E+01
2.228500E+01 7.660734E-01 1.175533E+01
2.238400E+01 7.680025E-01 1.175751E+01
2.248300E+01 7.699260E-01 1.175972E+01
2.258200E+01 7.718440E-01 1.175219E+01
2.268100E+01 7.737564E-01 1.175451E+01
2.278000E+01 7.756635E-01 1.175686E+01
2.287900E+01 7.775650E-01 1.175924E+01
2.297800E+01 7.794612E-01 1.175201E+01
2.307700E+01 7.813520E-01 1.175449E+01
2.317600E+01 7.832374E-01 1.175700E+01
2.327500E+01 7.851175E-01 1.175955E+01
2.337400E+01 7.869923E-01 1.175259E+01
2.347300E+01 7.888618E-01 1.175523E+01
2.357200E+01 7.907261E-01 1.175790E+01
2.367100E+01 7.925851E-01 1.176060E+01
2.377000E+01 7.944390E-01 1.175389E+01
2.386900E+01 7.962877E-01 1.175668E+01
2.396800E+01 7.981313E-01 1.175949E+01
2.406700E+01 7.999697E-01 1.176233E+01
2.416600E+01 8.018031E-01 1.175587E+01
2.426500E+01 8.036314E-01 1.175879E+01
2.436400E+01 8.054547E-01 1.176174E+01
2.446300E+01 8.072729E-01 1.175547E+01
2.456200E+01 8.090862E-01 1.175849E+01
2.466100E+01 8.108945E-01 1.176154E+01
2.476000E+01 8.126979E-01 1.175544E+01
2.485900E+01 8.144964E-01 1.175856E+01
2.495800E+01 8.162900E-01 1.176171E+01
2.505700E+01 8.180787E-01 1.176488E+01
2.515600E+01 8.198626E-01 1.175900E+01
2.525500E+01 8.216417E-01 1.176224E+01
2.535400E+01 8.234160E-01 1.176550E+01
2.545300E+01 8.251856E-01 1.175978E+01
2.555200E+01 8.269504E-01 1.176310E+01
2.565100E+01 8.287104E-01 1.175750E+01
2.575000E+01 8.304658E-01 1.176089E+01
2.584900E+01 8.322165E-01 1.176430E+01
2.594800E+01 8.339626E-01 1.175884E+01
2.604700E+01 8.357040E-01 1.176231E+01
2.614600E+01 8.374409E-01 1.176580E+01
2.624500E+01 8.391731E-01 1.176049E+01
2.634400E+01 8.409008E-01 1.176404E+01
2.644300E+01 8.426239E-01 1.176761E+01
2.654200E+01 8.443425E-01 1.176244E+01
2.664100E+01 8.460567E-01 1.176606E+01
2.674000E+01 8.477663E-01 1.176100E+01
2.683900E+01 8.494715E-01 1.176467E+01
2.693800E+01 8.511723E-01 1.176837E+01
2.703700E+01 8.528686E-01 1.176343E+01
2.713600E+01 8.545605E-01 1.176718E+01
2.723500E+01 8.562481E-01 1.176234E+01
2.733400E+01 8.579313E-01 1.176613E+01
2.743300E+01 8.596102E-01 1.176994E+01
2.753200E+01 8.612848E-01 1.176523E+01
2.763100E+01 8.629551E-01 1.176909E+01
2.773000E+01 8.646211E-01 1.176446E+01
2.782900E+01 8.662828E-01 1.176837E+01
2.792800E+01 8.679403E-01 1.176383E+01
2.802700E+01 8.695936E-01 1.176778E+01
2.812600E+01 8.712427E-01 1.176333E+01
2.822500E+01 8.728877E-01 1.176732E+01
2.832400E+01 8.745284E-01 1.177133E+01
2.842300E+01 8.761651E-01 1.176699E+01
2.852200E+01 8.777976E-01 1.177104E+01
2.862100E+01 8.794260E-01 1.176678E+01
2.872000E+01 8.810503E-01 1.177087E+01
2.881900E+01 8.826706E-01 1.176669E+01
2.891800E+01 8.842868E-01 1.177082E+01
2.901700E+01 8.858990E-01 1.176672E+01
2.911600E+01 8.875072E-01 1.177088E+01
2.921500E+01 8.891114E-01 1.176686E+01
2.931400E+01 8.907116E-01 1.177106E+01
2.941300E+01 8.923078E-01 1.176711E+01
2.951200E+01 8.939002E-01 1.177135E+01
2.961100E+01 8.954885E-01 1.176747E+01
2.971000E+01 8.970730E-01 1.177175E+01
2.980900E+01 8.986536E-01 1.176794E+01
2.990800E+01 9.002303E-01 1.177225E+01
3.000700E+01 9.018031E-01 1.176851E+01
3.010600E+01 9.033722E-01 1.177285E+01
3.020500E+01 9.049373E-01 1.176919E+01
3.030400E+01 9.064987E-01 1.177356E+01
3.040300E+01 9.080563E-01 1.176996E+01
3.050200E+01 9.096101E-01 1.177436E+01
3.060100E+01 9.111602E-01 1.177082E+01
3.070000E+01 9.127065E-01 1.177526E+01
3.079900E+01 9.142491E-01 1.177179E+01
3.089800E+01 9.157879E-01 1.177625E+01
3.099700E+01 9.173231E-01 1.177284E+01
3.109600E+01 9.188546E-01 1.176947E+01
3.119500E+01 9.203824E-01 1.177398E+01
3.129400E+01 9.219066E-01 1.177067E+01
3.139300E+01 9.234272E-01 1.177522E+01
3.149200E+01 9.249441E-01 1.177196E+01
3.159100E+01 9.264574E-01 1.177653E+01
3.169000E+01 9.279672E-01 1.177334E+01
3.178900E+01 9.294734E-01 1.177794E+01
3.188800E+01 9.309760E-01 1.177480E+01
3.198700E+01 9.324750E-01 1.177170E+01
3.208600E+01 9.339706E-01 1.177634E+01
3.218500E+01 9.354626E-01 1.177330E+01
3.228400E+01 9.369511E-01 1.177796E+01
3.238300E+01 9.384362E-01 1.177497E+01
3.248200E+01 9.399177E-01 1.177202E+01
3.258100E+01 9.413958E-01 1.177672E+01
3.268000E+01 9.428705E-01 1.177382E+01
3.277900E+01 9.443417E-01 1.177854E+01
3.287800E+01 9.458095E-01 1.177569E+01
3.297700E+01 9.472739E-01 1.177288E+01
3.307600E+01 9.487349E-01 1.177764E+01
3.317500E+01 9.501926E-01 1.177488E+01
3.327400E+01 9.516469E-01 1.177966E+01
3.337300E+01 9.530978E-01 1.177694E+01
3.347200E+01 9.545454E-01 1.177426E+01
3.357100E+01 9.559896E-01 1.177908E+01
3.367000E+01 9.574306E-01 1.177644E+01
3.376900E+01 9.588683E-01 1.177384E+01
3.386800E+01 9.603027E-01 1.177869E+01
3.396700E+01 9.617338E-01 1.177614E+01
3.406600E+01 9.631616E-01 1.178101E+01
3.416500E+01 9.645862E-01 1.177849E+01
3.426400E+01 9.660076E-01 1.177601E+01
3.436300E+01 9.674258E-01 1.178092E+01
3.446200E+01 9.688407E-01 1.177848E+01
3.456100E+01 9.702525E-01 1.177607E+01
3.466000E+01 9.716611E-01 1.178100E+01
3.475900E+01 9.730665E-01 1.177863E+01
3.485800E+01 9.744687E-01 1.177630E+01
3.495700E+01 9.758679E-01 1.178126E+01
3.505600E+01 9.772638E-01 1.177896E+01
3.515500E+01 9.786567E-01 1.177670E+01
3.525400E+01 9.800465E-01 1.178169E+01
3.535300E+01 9.814331E-01 1.177946E+01
3.545200E+01 9.828167E-01 1.177726E+01
3.555100E+01 9.841972E-01 1.178228E+01
3.565000E+01 9.855746E-01 1.178012E+01
3.574900E+01 9.869490E-01 1.177798E+01
3.584800E+01 9.883203E-01 1.178303E+01
3.594700E+01 9.896886E-01 1.178093E+01
3.604600E+01 9.910539E-01 1.177886E+01
3.614500E+01 9.924162E-01 1.177681E+01
3.624400E+01 9.937755E-01 1.178189E+01
3.634300E+01 9.951319E-01 1.177988E+01
3.644200E+01 9.964852E-01 1.177790E+01
3.654100E+01 9.978356E-01 1.178300E+01
3.664000E+01 9.991830E-01 1.178106E+01
3.673900E+01 1.000528E+00 1.177913E+01
3.683800E+01 1.001869E+00 1.178426E+01
3.693700E+01 1.003208E+00 1.178237E+01
3.703600E+01 1.004543E+00 1.178050E+01
3.713500E+01 1.005876E+00 1.177866E+01
3.723400E+01 1.007206E+00 1.178382E+01
3.733300E+01 1.008533E+00 1.178201E+01
3.743200E+01 1.009858E+00 1.178023E+01
3.753100E+01 1.011179E+00 1.177847E+01
3.763000E+01 1.012498E+00 1.178365E+01
3.772900E+01 1.013813E+00 1.178192E+01
3.782800E+01 1.015126E+00 1.178022E+01
3.792700E+01 1.016436E+00 1.177853E+01
3.802600E+01 1.017744E+00 1.178375E+01
3.812500E+01 1.019048E+00 1.178209E+01
3.822400E+01 1.020350E+00 1.178046E+01
3.832300E+01 1.021649E+00 1.177885E+01
3.842200E+01 1.022945E+00 1.178409E+01
3.852100E+01 1.024238E+00 1.178251E+01
3.862000E+01 1.025529E+00 1.178095E+01
3.871900E+01 1.026817E+00 1.177941E+01
3.881800E+01 1.028102E+00 1.178468E+01
3.891700E+01 1.029385E+00 1.178317E+01
3.901600E+01 1.030664E+00 1.178168E+01
3.911500E+01 1.031941E+00 1.178020E+01
3.921400E+01 1.033216E+00 1.178550E+01
3.931300E+01 1.034488E+00 1.178405E+01
3.941200E+01 1.035757E+00 1.178263E+01
3.951100E+01 1.037023E+00 1.178123E+01
3.961000E+01 1.038287E+00 1.177984E+01
3.970900E+01 1.039548E+00 1.178517E+01
3.980800E+01 1.040807E+00 1.178381E+01
3.990700E+01 1.042063E+00 1.178247E+01
4.000600E+01 1.043316E+00 1.178115E+01
4.010500E+01 1.044567E+00 1.178649E+01
4.020400E+01 1.045815E+00 1.178520E+01
4.030300E+01 1.047060E+00 1.178392E+01
4.040200E+01 1.048303E+00 1.178266E+01
4.050100E+01 1.049544E+00 1.178142E+01
4.060000E+01 1.050782E+00 1.178679E+01
4.069900E+01 1.052017E+00 1.178558E+01
4.079800E+01 1.053250E+00 1.178438E+01
4.089700E+01 1.054480E+00 1.178320E+01
4.099600E+01 1.055708E+00 1.178203E+01
4.109500E+01 1.056933E+00 1.178089E+01
4.119400E+01 1.058155E+00 1.178629E+01
4.129300E+01 1.059376E+00 1.178517E+01
4.139200E+01 1.060593E+00 1.178406E+01
4.149100E+01 1.061809E+00 1.178297E+01
4.159000E+01 1.063021E+00 1.178190E+01
4.168900E+01 1.064232E+00 1.178084E+01
4.178800E+01 1.065440E+00 1.178627E+01
4.188700E+01 1.066645E+00 1.178524E+01
4.198600E+01 1.067848E+00 1.178422E+01
4.208500E+01 1.069049E+00 1.178322E+01
4.218400E+01 1.070247E+00 1.178223E+01
4.228300E+01 1.071442E+00 1.178126E+01
4.238200E+01 1.072636E+00 1.178672E+01
4.248100E+01 1.073827E+00 1.178577E+01
4.258000E+01 1.075015E+00 1.178483E+01
4.267900E+01 1.076201E+00 1.178391E+01
4.277800E+01 1.077385E+00 1.178301E+01
4.287700E+01 1.078567E+00 1.178212E+01
4.297600E+01 1.079746E+00 1.178125E+01
4.307500E+01 1.080922E+00 1.178673E+01
4.317400E+01 1.082097E+00 1.178588E+01
4.327300E+01 1.083269E+00 1.178504E+01
4.337200E+01 1.084438E+00 1.178421E+01
4.347100E+01 1.085606E+00 1.178340E+01
4.357000E+01 1.086771E+00 1.178261E+01
4.366900E+01 1.087934E+00 1.178182E+01
4.376800E+01 1.089094E+00 1.178734E+01
4.386700E+01 1.090252E+00 1.178657E+01
4.396600E+01 1.091408E+00 1.178582E+01
4.406500E+01 1.092562E+00 1.178509E+01
4.416400E+01 1.093713E+00 1.178436E+01
4.426300E+01 1.094863E+00 1.178366E+01
4.436200E+01 1.096009E+00 1.178296E+01
4.446100E+01 1.097154E+00 1.178228E+01
4.456000E+01 1.098296E+00 1.178161E+01
4.465900E+01 1.099437E+00 1.178715E+01
4.475800E+01 1.100575E+00 1.178650E+01
4.485700E+01 1.101710E+00 1.178586E+01
4.495600E+01 1.102844E+00 1.178524E+01
4.505500E+01 1.103975E+00 1.178462E+01
4.515400E+01 1.105104E+00 1.178402E+01
4.525300E+01 1.106231E+00 1.178344E+01
4.535200E+01 1.107356E+00 1.178286E+01
4.545100E+01 1.108479E+00 1.178230E+01
4.555000E+01 1.109599E+00 1.178175E+01
4.564900E+01 1.110717E+00 1.178121E+01
4.574800E+01 1.111833E+00 1.178679E+01
4.584700E+01 1.112947E+00 1.178627E+01
4.594600E+01 1.114059E+00 1.178576E+01
4.604500E+01 1.115169E+00 1.178526E+01
4.614400E+01 1.116277E+00 1.178477E+01
4.624300E+01 1.117382E+00 1.178430E+01
4.634200E+01 1.118485E+00 1.178384E+01
4.644100E+01 1.119587E+00 1.178339E+01
4.654000E+01 1.120686E+00 1.178295E+01
4.663900E+01 1.121783E+00 1.178252E+01
4.673800E+01 1.122878E+00 1.178210E+01
4.683700E+01 1.123971E+00 1.178170E+01
4.693600E+01 1.125061E+00 1.178130E+01
4.703500E+01 1.126150E+00 1.178092E+01
4.713400E+01 1.127237E+00 1.178055E+01
4.723300E+01 1.128322E+00 1.178616E+01
4.733200E+01 1.129404E+00 1.178581E+01
4.743100E+01 1.130485E+00 1.178546E+01
4.753000E+01 1.131563E+00 1.178512E+01
4.762900E+01 1.132640E+00 1.178480E+01
4.772800E+01 1.133714E+00 1.178448E+01
4.782700E+01 1.134787E+00 1.178418E+01
4.792600E+01 1.135857E+00 1.178388E+01
4.802500E+01 1.136925E+00 1.178360E+01
4.812400E+01 1.137992E+00 1.178332E+01
4.822300E+01 1.139056E+00 1.178306E+01
4.832200E+01 1.140119E+00 1.178281E+01
4.842100E+01 1.141179E+00 1.178256E+01
4.852000E+01 1.142238E+00 1.178233E+01
4.861900E+01 1.143294E+00 1.178211E+01
4.871800E+01 1.144349E+00 1.178189E+01
4.881700E+01 1.145401E+00 1.178169E+01
4.891600E+01 1.146452E+00 1.178150E+01
4.901500E+01 1.147501E+00 1.178131E+01
4.911400E+01 1.148548E+00 1.178114E+01
4.921300E+01 1.149592E+00 1.178098E+01
4.931200E+01 1.150635E+00 1.178082E+01
4.941100E+01 1.151676E+00 1.178068E+01
4.951000E+01 1.152715E+00 1.178054E+01
4.960900E+01 1.153753E+00 1.178041E+01
4.970800E+01 1.154788E+00 1.178029E+01
4.980700E+01 1.155821E+00 1.178019E+01
4.990600E+01 1.156853E+00 1.178009E+01
5.000500E+01 1.157882E+00 1.178000E+01
5.010400E+01 1.158910E+00 1.177992E+01
5.020300E+01 1.159936E+00 1.177984E+01
5.030200E+01 1.160960E+00 1.177978E+01
5.040100E+01 1.161982E+00 1.177973E+01
5.050000E+01 1.163002E+00 1.177968E+01
5.059900E+01 1.164021E+00 1.177964E+01
5.069800E+01 1.165037E+00 1.177961E+01
5.079700E+01 1.166052E+00 1.177959E+01
5.089600E+01 1.167065E+00 1.177958E+01
5.099500E+01 1.168076E+00 1.177958E+01
5.109400E+01 1.169085E+00 1.177959E+01
5.119300E+01 1.170092E+00 1.177960E+01
5.129200E+01 1.171098E+00 1.177962E+01
5.139100E+01 1.172102E+00 1.177965E+01
5.149000E+01 1.173103E+00 1.177969E+01
5.158900E+01 1.174104E+00 1.177974E+01
5.168800E+01 1.175102E+00 1.177979E+01
5.178700E+01 1.176098E+00 1.177986E+01
5.188600E+01 1.177093E+00 1.177993E+01
5.198500E+01 1.178086E+00 1.178001E+01
5.208400E+01 1.179077E+00 1.178010E+01
5.218300E+01 1.180067E+00 1.178019E+01
5.228200E+01 1.181055E+00 1.178029E+01
5.238100E+01 1.182041E+00 1.178040E+01
5.248000E+01 1.183025E+00 1.178052E+01
5.257900E+01 1.184007E+00 1.178065E+01
5.267800E+01 1.184988E+00 1.178078E+01
5.277700E+01 1.185967E+00 1.178092E+01
5.287600E+01 1.186944E+00 1.178107E+01
5.297500E+01 1.187919E+00 1.178123E+01
5.307400E+01 1.188893E+00 1.178139E+01
5.317300E+01 1.189865E+00 1.178156E+01
5.327200E+01 1.190835E+00 1.178174E+01
5.337100E+01 1.191804E+00 1.177640E+01
5.347000E+01 1.192771E+00 1.177659E+01
5.356900E+01 1.193736E+00 1.177680E+01
5.366800E+01 1.194700E+00 1.177701E+01
5.376700E+01 1.195661E+00 1.177723E+01
5.386600E+01 1.196621E+00 1.177746E+01
5.396500E+01 1.197580E+00 1.177770E+01
5.406400E+01 1.198537E+00 1.177794E+01
5.416300E+01 1.199492E+00 1.177818E+01
5.426200E+01 1.200445E+00 1.177844E+01
5.436100E+01 1.201397E+00 1.177870E+01
5.446000E+01 1.202347E+00 1.177897E+01
5.455900E+01 1.203295E+00 1.177925E+01
5.465800E+01 1.204242E+00 1.177953E+01
5.475700E+01 1.205187E+00 1.177982E+01
5.485600E+01 1.206131E+00 1.177468E+01
5.495500E+01 1.207073E+00 1.177499E+01
5.505400E+01 1.208013E+00 1.177530E+01
5.515300E+01 1.208951E+00 1.177562E+01
5.525200E+01 1.209888E+00 1.177595E+01
5.535100E+01 1.210824E+00 1.177628E+01
5.545000E+01 1.211758E+00 1.177662E+01
5.554900E+01 1.212690E+00 1.177697E+01
5.564800E+01 1.213620E+00 1.177732E+01
5.574700E+01 1.214549E+00 1.177768E+01
5.584600E+01 1.215477E+00 1.177804E+01
5.594500E+01 1.216402E+00 1.177842E+01
5.604400E+01 1.217326E+00 1.177343E+01
5.614300E+01 1.218249E+00 1.177382E+01
5.624200E+01 1.219170E+00 1.177422E+01
5.634100E+01 1.220089E+00 1.177462E+01
5.644000E+01 1.221007E+00 1.177502E+01
5.653900E+01 1.221924E+00 1.177544E+01
5.663800E+01 1.222838E+00 1.177586E+01
5.673700E+01 1.223751E+00 1.177628E+01
5.683600E+01 1.224663E+00 1.177671E+01
5.693500E+01 1.225573E+00 1.177715E+01
5.703400E+01 1.226482E+00 1.177229E+01
5.713300E+01 1.227389E+00 1.177274E+01
5.723200E+01 1.228294E+00 1.177320E+01
5.733100E+01 1.229198E+00 1.177367E+01
5.743000E+01 1.230100E+00 1.177414E+01
5.752900E+01 1.231001E+00 1.177461E+01
5.762800E+01 1.231901E+00 1.177509E+01
5.772700E+01 1.232798E+00 1.177558E+01
5.782600E+01 1.233695E+00 1.177082E+01
5.792500E+01 1.234589E+00 1.177132E+01
5.802400E+01 1.235483E+00 1.177183E+01
5.812300E+01 1.236375E+00 1.177234E+01
5.822200E+01 1.237265E+00 1.177286E+01
5.832100E+01 1.238154E+00 1.177339E+01
5.842000E+01 1.239041E+00 1.177392E+01
5.851900E+01 1.239927E+00 1.177445E+01
5.861800E+01 1.240811E+00 1.176978E+01
5.871700E+01 1.241694E+00 1.177033E+01
5.881600E+01 1.242575E+00 1.177089E+01
5.891500E+01 1.243455E+00 1.177145E+01
5.901400E+01 1.244334E+00 1.177202E+01
5.911300E+01 1.245211E+00 1.177259E+01
5.921200E+01 1.246086E+00 1.177316E+01
5.931100E+01 1.246961E+00 1.176857E+01
5.941000E+01 1.247833E+00 1.176916E+01
5.950900E+01 1.248704E+00 1.176976E+01
5.960800E+01 1.249574E+00 1.177036E+01
5.970700E+01 1.250442E+00 1.177097E+01
5.980600E+01 1.251309E+00 1.177158E+01
5.990500E+01 1.252175E+00 1.177219E+01
6.000400E+01 1.253039E+00 1.176768E+01
6.010300E+01 1.253901E+00 1.176831E+01
6.020200E+01 1.254763E+00 1.176894E+01
6.030100E+01 1.255622E+00 1.176958E+01
6.040000E+01 1.256481E+00 1.177023E+01
6.049900E+01 1.257338E+00 1.177087E+01
6.059800E+01 1.258193E+00 1.177153E+01
6.069700E+01 1.259047E+00 1.176709E+01
6.079600E+01 1.259900E+00 1.176775E+01
6.089500E+01 1.260751E+00 1.176843E+01
6.099400E+01 1.261601E+00 1.176910E+01
6.109300E+01 1.262450E+00 1.176978E+01
6.119200E+01 1.263297E+00 1.177047E+01
6.129100E+01 1.264143E+00 1.176609E+01
6.139000E+01 1.264987E+00 1.176679E+01
6.148900E+01 1.265830E+00 1.176749E+01
6.158800E+01 1.266672E+00 1.176820E+01
6.168700E+01 1.267512E+00 1.176891E+01
6.178600E+01 1.268351E+00 1.176459E+01
6.188500E+01 1.269189E+00 1.176531E+01
6.198400E+01 1.270025E+00 1.176604E+01
6.208300E+01 1.270860E+00 1.176678E+01
6.218200E+01 1.271694E+00 1.176751E+01
6.228100E+01 1.272526E+00 1.176826E+01
6.238000E+01 1.273357E+00 1.176399E+01
6.247900E+01 1.274186E+00 1.176474E+01
6.257800E+01 1.275014E+00 1.176550E+01
6.267700E+01 1.275841E+00 1.176627E+01
6.277600E+01 1.276667E+00 1.176703E+01
6.287500E+01 1.277491E+00 1.176282E+01
6.297400E+01 1.278314E+00 1.176360E+01
6.307300E+01 1.279135E+00 1.176438E+01
6.317200E+01 1.279955E+00 1.176517E+01
6.327100E+01 1.280774E+00 1.176596E+01
6.337000E+01 1.281592E+00 1.176179E+01
6.346900E+01 1.282408E+00 1.176259E+01
6.356800E+01 1.283223E+00 1.176340E+01
6.366700E+01 1.284037E+00 1.176421E+01
6.376600E+01 1.284849E+00 1.176503E+01
6.386500E+01 1.285660E+00 1.176091E+01
6.396400E+01 1.286470E+00 1.176173E+01
6.406300E+01 1.287279E+00 1.176256E+01
6.416200E+01 1.288086E+00 1.176340E+01
6.426100E+01 1.288892E+00 1.176424E+01
6.436000E+01 1.289696E+00 1.176016E+01
6.445900E+01 1.290500E+00 1.176101E+01
6.455800E+01 1.291302E+00 1.176187E+01
6.465700E+01 1.292103E+00 1.176272E+01
6.475600E+01 1.292902E+00 1.176358E+01
6.485500E+01 1.293701E+00 1.175956E+01
6.495400E+01 1.294498E+00 1.176043E+01
6.505300E+01 1.295294E+00 1.176130E+01
6.515200E+01 1.296088E+00 1.176218E+01
6.525100E+01 1.296882E+00 1.175819E+01
6.535000E+01 1.297674E+00 1.175908E+01
6.544900E+01 1.298464E+00 1.175997E+01
6.554800E+01 1.299254E+00 1.176087E+01
6.564700E+01 1.300042E+00 1.176177E+01
6.574600E+01 1.300830E+00 1.175782E+01
6.584500E+01 1.301615E+00 1.175873E+01
6.594400E+01 1.302400E+00 1.175965E+01
6.604300E+01 1.303183E+00 1.176057E+01
6.614200E+01 1.303966E+00 1.175666E+01
6.624100E+01 1.304747E+00 1.175758E+01
6.634000E+01 1.305526E+00 1.175851E+01
6.643900E+01 1.306305E+00 1.175945E+01
6.653800E+01 1.307082E+00 1.176039E+01
6.663700E+01 1.307858E+00 1.175652E+01
6.673600E+01 1.308633E+00 1.175747E+01
6.683500E+01 1.309407E+00 1.175842E+01
6.693400E+01 1.310180E+00 1.175937E+01
6.703300E+01 1.310951E+00 1.175554E+01
6.713200E+01 1.311721E+00 1.175650E+01
6.723100E+01 1.312490E+00 1.175747E+01
6.733000E+01 1.313258E+00 1.175844E+01
6.742900E+01 1.314024E+00 1.175464E+01
6.752800E+01 1.314790E+00 1.175562E+01
6.762700E+01 1.315554E+00 1.175661E+01
6.772600E+01 1.316317E+00 1.175759E+01
6.782500E+01 1.317079E+00 1.175383E+01
6.792400E+01 1.317840E+00 1.175482E+01
6.802300E+01 1.318599E+00 1.175582E+01
6.812200E+01 1.319358E+00 1.175682E+01
6.822100E+01 1.320115E+00 1.175309E+01
6.832000E+01 1.320871E+00 1.175410E+01
6.841900E+01 1.321626E+00 1.175512E+01
6.851800E+01 1.322379E+00 1.175613E+01
6.861700E+01 1.323132E+00 1.175243E+01
6.871600E+01 1.323883E+00 1.175346E+01
6.881500E+01 1.324634E+00 1.175449E+01
6.891400E+01 1.325383E+00 1.175081E+01
6.901300E+01 1.326131E+00 1.175185E+01
6.911200E+01 1.326878E+00 1.175289E+01
6.921100E+01 1.327623E+00 1.175394E+01
6.931000E+01 1.328368E+00 1.175029E+01
6.940900E+01 1.329111E+00 1.175135E+01
6.950800E+01 1.329854E+00 1.175240E+01
6.960700E+01 1.330595E+00 1.175346E+01
6.970600E+01 1.331335E+00 1.174985E+01
6.980500E+01 1.332074E+00 1.175092E+01
6.990400E+01 1.332812E+00 1.175199E+01
7.000300E+01 1.333548E+00 1.174840E+01
7.010200E+01 1.334284E+00 1.174948E+01
7.020100E+01 1.335019E+00 1.175056E+01
7.030000E+01 1.335752E+00 1.175165E+01
7.039900E+01 1.336484E+00 1.174808E+01
7.049800E+01 1.337215E+00 1.174918E+01
7.059700E+01 1.337945E+00 1.175027E+01
7.069600E+01 1.338674E+00 1.175137E+01
7.079500E+01 1.339402E+00 1.174784E+01
7.089400E+01 1.340129E+00 1.174895E+01
7.099300E+01 1.340855E+00 1.175006E+01
7.109200E+01 1.341579E+00 1.174655E+01
7.119100E+01 1.342303E+00 1.174767E+01
7.129000E+01 1.343025E+00 1.174879E+01
7.138900E+01 1.343747E+00 1.174530E+01
7.148800E+01 1.344467E+00 1.174643E+01
7.158700E+01 1.345186E+00 1.174756E+01
7.168600E+01 1.345904E+00 1.174870E+01
7.178500E+01 1.346622E+00 1.174524E+01
7.188400E+01 1.347338E+00 1.174638E+01
7.198300E+01 1.348053E+00 1.174753E+01
7.208200E+01 1.348766E+00 1.174409E+01
7.218100E+01 1.349479E+00 1.174524E+01
7.228000E+01 1.350191E+00 1.174640E+01
7.237900E+01 1.350902E+00 1.174299E+01
7.247800E+01 1.351611E+00 1.174415E+01
7.257700E+01 1.352320E+00 1.174531E+01
7.267600E+01 1.353028E+00 1.174648E+01
7.277500E+01 1.353734E+00 1.174309E+01
7.287400E+01 1.354439E+00 1.174427E+01
7.297300E+01 1.355144E+00 1.174544E+01
7.307200E+01 1.355847E+00 1.174208E+01
7.317100E+01 1.356550E+00 1.174327E+01
7.327000E+01 1.357251E+00 1.174445E+01
7.336900E+01 1.357951E+00 1.174111E+01
7.346800E+01 1.358651E+00 1.174230E+01
7.356700E+01 1.359349E+00 1.174350E+01
7.366600E+01 1.360046E+00 1.174018E+01
7.376500E+01 1.360742E+00 1.174138E+01
7.386400E+01 1.361437E+00 1.174259E+01
7.396300E+01 1.362131E+00 1.173929E+01
7.406200E+01 1.362825E+00 1.174050E+01
7.416100E+01 1.363517E+00 1.174171E+01
7.426000E+01 1.364208E+00 1.174293E+01
7.435900E+01 1.364898E+00 1.173966E+01
7.445800E+01 1.365587E+00 1.174088E+01
7.455700E+01 1.366275E+00 1.174211E+01
7.465600E+01 1.366962E+00 1.173885E+01
7.475500E+01 1.367648E+00 1.174008E+01
7.485400E+01 1.368333E+00 1.174132E+01
7.495300E+01 1.369017E+00 1.173809E+01
7.505200E+01 1.369700E+00 1.173933E+01
7.515100E+01 1.370382E+00 1.174057E+01
7.525000E+01 1.371064E+00 1.173736E+01
7.534900E+01 1.371744E+00 1.173861E+01
7.544800E+01 1.372423E+00 1.173986E+01
7.554700E+01 1.373101E+00 1.173667E+01
7.564600E+01 1.373778E+00 1.173793E+01
7.574500E+01 1.374454E+00 1.173919E+01
7.584400E+01 1.375130E+00 1.173601E+01
7.594300E+01 1.375804E+00 1.173728E+01
7.604200E+01 1.376477E+00 1.173412E+01
7.614100E+01 1.377149E+00 1.173539E+01
7.624000E+01 1.377821E+00 1.173667E+01
7.633900E+01 1.378491E+00 1.173353E+01
7.643800E+01 1.379160E+00 1.173481E+01
7.653700E+01 1.379829E+00 1.173610E+01
7.663600E+01 1.380496E+00 1.173297E+01
7.673500E+01 1.381163E+00 1.173426E+01
7.683400E+01 1.381828E+00 1.173556E+01
7.693300E+01 1.382493E+00 1.173245E+01
7.703200E+01 1.383157E+00 1.173375E+01
7.713100E+01 1.383819E+00 1.173505E+01
7.723000E+01 1.384481E+00 1.173197E+01
7.732900E+01 1.385142E+00 1.173328E+01
7.742800E+01 1.385802E+00 1.173459E+01
7.752700E+01 1.386461E+00 1.173152E+01
7.762600E+01 1.387119E+00 1.173283E+01
7.772500E+01 1.387776E+00 1.173415E+01
7.782400E+01 1.388432E+00 1.173110E+01
7.792300E+01 1.389087E+00 1.173242E+01
7.802200E+01 1.389741E+00 1.172939E+01
7.812100E+01 1.390395E+00 1.173072E+01
7.822000E+01 1.391047E+00 1.173205E+01
7.831900E+01 1.391698E+00 1.172903E+01
7.841800E+01 1.392349E+00 1.173037E+01
7.851700E+01 1.392999E+00 1.173171E+01
7.861600E+01 1.393647E+00 1.172870E+01
7.871500E+01 1.394295E+00 1.173005E+01
7.881400E+01 1.394942E+00 1.172706E+01
7.891300E+01 1.395588E+00 1.172841E+01
7.901200E+01 1.396233E+00 1.172976E+01
7.911100E+01 1.396877E+00 1.172679E+01
7.921000E+01 1.397520E+00 1.172815E+01
7.930900E+01 1.398163E+00 1.172951E+01
7.940800E+01 1.398804E+00 1.172656E+01
7.950700E+01 1.399445E+00 1.172792E+01
7.960600E+01 1.400084E+00 1.172498E+01
7.970500E+01 1.400723E+00 1.172635E+01
7.980400E+01 1.401361E+00 1.172772E+01
7.990300E+01 1.401998E+00 1.172480E+01
8.000200E+01 1.402634E+00 1.172618E+01
8.010100E+01 1.403269E+00 1.172756E+01
8.020000E+01 1.403903E+00 1.172465E+01
8.029900E+01 1.404536E+00 1.172603E+01
8.039800E+01 1.405169E+00 1.172314E+01
8.049700E+01 1.405801E+00 1.172453E+01
8.059600E+01 1.406431E+00 1.172592E+01
8.069500E+01 1.407061E+00 1.172304E+01
8.079400E+01 1.407690E+00 1.172444E+01
8.089300E+01 1.408318E+00 1.172157E+01
8.099200E+01 1.408945E+00 1.172297E+01
8.109100E+01 1.409572E+00 1.172438E+01
8.119000E+01 1.410197E+00 1.172152E+01
8.128900E+01 1.410822E+00 1.172293E+01
8.138800E+01 1.411445E+00 1.172435E+01
8.148700E+01 1.412068E+00 1.172151E+01
8.158600E+01 1.412690E+00 1.172293E+01
8.168500E+01 1.413311E+00 1.172010E+01
8.178400E+01 1.413932E+00 1.172152E+01
8.188300E+01 1.414551E+00 1.172295E+01
8.198200E+01 1.415170E+00 1.172014E+01
8.208100E+01 1.415787E+00 1.172156E+01
8.218000E+01 1.416404E+00 1.171877E+01
8.227900E+01 1.417020E+00 1.172020E+01
8.237800E+01 1.417635E+00 1.172164E+01
8.247700E+01 1.418250E+00 1.171885E+01
8.257600E+01 1.418863E+00 1.172029E+01
8.267500E+01 1.419476E+00 1.171752E+01
8.277400E+01 1.420088E+00 1.171897E+01
8.287300E+01 1.420699E+00 1.171621E+01
8.297200E+01 1.421309E+00 1.171766E+01
8.307100E+01 1.421918E+00 1.171911E+01
8.317000E+01 1.422526E+00 1.171636E+01
8.326900E+01 1.423134E+00 1.171782E+01
8.336800E+01 1.423741E+00 1.171509E+01
8.346700E+01 1.424347E+00 1.171655E+01
8.356600E+01 1.424952E+00 1.171801E+01
8.366500E+01 1.425556E+00 1.171529E+01
8.376400E+01 1.426159E+00 1.171676E+01
8.386300E+01 1.426762E+00 1.171405E+01
8.396200E+01 1.427364E+00 1.171552E+01
8.406100E+01 1.427965E+00 1.171699E+01
8.416000E+01 1.428565E+00 1.171430E+01
8.425900E+01 1.429164E+00 1.171578E+01
8.435800E+01 1.429763E+00 1.171309E+01
8.445700E+01 1.430361E+00 1.171457E+01
8.455600E+01 1.430958E+00 1.171190E+01
8.465500E+01 1.431554E+00 1.171339E+01
8.475400E+01 1.432149E+00 1.171488E+01
8.485300E+01 1.432743E+00 1.171222E+01
8.495200E+01 1.433337E+00 1.171371E+01
8.505100E+01 1.433930E+00 1.171107E+01
8.515000E+01 1.434522E+00 1.171256E+01
8.524900E+01 1.435113E+00 1.170993E+01
8.534800E+01 1.435704E+00 1.171143E+01
8.544700E+01 1.436293E+00 1.171293E+01
8.554600E+01 1.436882E+00 1.171030E+01
8.564500E+01 1.437470E+00 1.171181E+01
8.574400E+01 1.438058E+00 1.170920E+01
8.584300E+01 1.438644E+00 1.171071E+01
8.594200E+01 1.439230E+00 1.170811E+01
8.604100E+01 1.439815E+00 1.170962E+01
8.614000E+01 1.440399E+00 1.171114E+01
8.623900E+01 1.440982E+00 1.170855E+01
8.633800E+01 1.441565E+00 1.171007E+01
8.643700E+01 1.442147E+00 1.170749E+01
8.653600E+01 1.442728E+00 1.170902E+01
8.663500E+01 1.443308E+00 1.170645E+01
8.673400E+01 1.443887E+00 1.170798E+01
8.683300E+01 1.444466E+00 1.170542E+01
8.693200E+01 1.445044E+00 1.170695E+01
8.703100E+01 1.445621E+00 1.170849E+01
8.713000E+01 1.446197E+00 1.170594E+01
8.722900E+01 1.446773E+00 1.170748E+01
8.732800E+01 1.447348E+00 1.170494E+01
8.742700E+01 1.447922E+00 1.170649E+01
8.752600E+01 1.448495E+00 1.170396E+01
8.762500E+01 1.449068E+00 1.170551E+01
8.772400E+01 1.449639E+00 1.170299E+01
8.782300E+01 1.450210E+00 1.170454E+01
8.792200E+01 1.450781E+00 1.170204E+01
8.802100E+01 1.451350E+00 1.170359E+01
8.812000E+01 1.451919E+00 1.170514E+01
8.821900E+01 1.452487E+00 1.170265E+01
8.831800E+01 1.453054E+00 1.170421E+01
8.841700E+01 1.453620E+00 1.170173E+01
8.851600E+01 1.454186E+00 1.170329E+01
8.861500E+01 1.454751E+00 1.170082E+01
8.871400E+01 1.455315E+00 1.170238E+01
8.881300E+01 1.455879E+00 1.169992E+01
8.891200E+01 1.456442E+00 1.170149E+01
8.901100E+01 1.457004E+00 1.169903E+01
8.911000E+01 1.457565E+00 1.170061E+01
8.920900E+01 1.458125E+00 1.170218E+01
8.930800E+01 1.458685E+00 1.169974E+01
8.940700E+01 1.459244E+00 1.170132E+01
8.950600E+01 1.459802E+00 1.169888E+01
8.960500E+01 1.460360E+00 1.170046E+01
8.970400E+01 1.460917E+00 1.169804E+01
8.980300E+01 1.461473E+00 1.169963E+01
8.990200E+01 1.462028E+00 1.169721E+01
9.000100E+01 1.462583E+00 1.169880E+01
9.010000E+01 1.463137E+00 1.169639E+01
9.019900E+01 1.463690E+00 1.169799E+01
9.029800E+01 1.464243E+00 1.169559E+01
9.039700E+01 1.464794E+00 1.169719E+01
9.049600E+01 1.465345E+00 1.169480E+01
9.059500E+01 1.465896E+00 1.169640E+01
9.069400E+01 1.466445E+00 1.169402E+01
9.079300E+01 1.466994E+00 1.169562E+01
9.089200E+01 1.467542E+00 1.169723E+01
9.099100E+01 1.468090E+00 1.169486E+01
9.109000E+01 1.468636E+00 1.169647E+01
9.118900E+01 1.469182E+00 1.169411E+01
9.128800E+01 1.469728E+00 1.169572E+01
9.138700E+01 1.470272E+00 1.169337E+01
9.148600E+01 1.470816E+00 1.169498E+01
9.158500E+01 1.471359E+00 1.169264E+01
9.168400E+01 1.471902E+00 1.169426E+01
9.178300E+01 1.472443E+00 1.169193E+01
9.188200E+01 1.472985E+00 1.169355E+01
9.198100E+01 1.473525E+00 1.169123E+01
9.208000E+01 1.474065E+00 1.169285E+01
9.217900E+01 1.474604E+00 1.169054E+01
9.227800E+01 1.475142E+00 1.169216E+01
9.237700E+01 1.475679E+00 1.168986E+01
9.247600E+01 1.476216E+00 1.169149E+01
9.257500E+01 1.476752E+00 1.168919E+01
9.267400E+01 1.477288E+00 1.169082E+01
9.277300E+01 1.477823E+00 1.168853E+01
9.287200E+01 1.478357E+00 1.169017E+01
9.297100E+01 1.478890E+00 1.168789E+01
9.307000E+01 1.479423E+00 1.168953E+01
9.316900E+01 1.479955E+00 1.168726E+01
9.326800E+01 1.480486E+00 1.168890E+01
9.336700E+01 1.481017E+00 1.168663E+01
9.346600E+01 1.481547E+00 1.168828E+01
9.356500E+01 1.482076E+00 1.168602E+01
9.366400E+01 1.482605E+00 1.168768E+01
9.376300E+01 1.483133E+00 1.168543E+01
9.386200E+01 1.483660E+00 1.168708E+01
9.396100E+01 1.484187E+00 1.168484E+01
9.406000E+01 1.484713E+00 1.168649E+01
9.415900E+01 1.485238E+00 1.168426E+01
9.425800E+01 1.485763E+00 1.168592E+01
9.435700E+01 1.486287E+00 1.168370E+01
9.445600E+01 1.486810E+00 1.168536E+01
9.455500E+01 1.487332E+00 1.168314E+01
9.465400E+01 1.487854E+00 1.168481E+01
9.475300E+01 1.488376E+00 1.168260E+01
9.485200E+01 1.488896E+00 1.168427E+01
9.495100E+01 1.489416E+00 1.168207E+01
9.505000E+01 1.489935E+00 1.168374E+01
9.514900E+01 1.490454E+00 1.168154E+01
9.524800E+01 1.490972E+00 1.168322E+01
9.534700E+01 1.491489E+00 1.168103E+01
9.544600E+01 1.492006E+00 1.168271E+01
9.554500E+01 1.492522E+00 1.168053E+01
9.564400E+01 1.493037E+00 1.168221E+01
9.574300E+01 1.493552E+00 1.168004E+01
9.584200E+01 1.494066E+00 1.168172E+01
9.594100E+01 1.494579E+00 1.167956E+01
9.604000E+01 1.495092E+00 1.168125E+01
9.613900E+01 1.495604E+00 1.167909E+01
9.623800E+01 1.496115E+00 1.168078E+01
9.633700E+01 1.496626E+00 1.167863E+01
9.643600E+01 1.497136E+00 1.167649E+01
9.653500E+01 1.497646E+00 1.167818E+01
9.663400E+01 1.498154E+00 1.167605E+01
9.673300E+01 1.498663E+00 1.167775E+01
9.683200E+01 1.499170E+00 1.167562E+01
9.693100E+01 1.499677E+00 1.167732E+01
9.703000E+01 1.500183E+00 1.167520E+01
9.712900E+01 1.500689E+00 1.167690E+01
9.722800E+01 1.501194E+00 1.167479E+01
9.732700E+01 1.501699E+00 1.167649E+01
9.742600E+01 1.502202E+00 1.167439E+01
9.752500E+01 1.502705E+00 1.167609E+01
9.762400E+01 1.503208E+00 1.167399E+01
9.772300E+01 1.503710E+00 1.167571E+01
9.782200E+01 1.504211E+00 1.167361E+01
9.792100E+01 1.504712E+00 1.167533E+01
9.802000E+01 1.505212E+00 1.167324E+01
9.811900E+01 1.505711E+00 1.167496E+01
9.821800E+01 1.506210E+00 1.167288E+01
9.831700E+01 1.506708E+00 1.167081E+01
9.841600E+01 1.507205E+00 1.167253E+01
9.851500E+01 1.507702E+00 1.167046E+01
9.861400E+01 1.508198E+00 1.167219E+01
9.871300E+01 1.508694E+00 1.167013E+01
9.881200E+01 1.509189E+00 1.167185E+01
9.891100E+01 1.509683E+00 1.166980E+01
9.901000E+01 1.510177E+00 1.167153E+01
9.910900E+01 1.510670E+00 1.166949E+01
9.920800E+01 1.511163E+00 1.167122E+01
9.930700E+01 1.511655E+00 1.166918E+01
9.940600E+01 1.512146E+00 1.167091E+01
9.950500E+01 1.512637E+00 1.166888E+01
9.960400E+01 1.513127E+00 1.166686E+01
9.970300E+01 1.513616E+00 1.166860E+01
9.980200E+01 1.514105E+00 1.166658E+01
9.990100E+01 1.514594E+00 1.166832E+01
1.000000E+02 1.515081E+00 1.166630E+01
1.009000E+02 1.519487E+00 1.166281E+01
1.018000E+02 1.523844E+00 1.166323E+01
1.027000E+02 1.528153E+00 1.166013E+01
1.036000E+02 1.532414E+00 1.165723E+01
1.045000E+02 1.536628E+00 1.165451E+01
1.054000E+02 1.540797E+00 1.164835E+01
1.063000E+02 1.544920E+00 1.164603E+01
1.072000E+02 1.548999E+00 1.164389E+01
1.081000E+02 1.553033E+00 1.164192E+01
1.090000E+02 1.557025E+00 1.163656E+01
1.099000E+02 1.560974E+00 1.163495E+01
1.108000E+02 1.564881E+00 1.163349E+01
1.117000E+02 1.568746E+00 1.162868E+01
1.126000E+02 1.572571E+00 1.162756E+01
1.135000E+02 1.576356E+00 1.162310E+01
1.144000E+02 1.580102E+00 1.161883E+01
1.153000E+02 1.583808E+00 1.161817E+01
1.162000E+02 1.587476E+00 1.161422E+01
1.171000E+02 1.591107E+00 1.161044E+01
1.180000E+02 1.594700E+00 1.160682E+01
1.189000E+02 1.598256E+00 1.160675E+01
1.198000E+02 1.601777E+00 1.160343E+01
1.207000E+02 1.605261E+00 1.160027E+01
1.216000E+02 1.608711E+00 1.159725E+01
1.225000E+02 1.612126E+00 1.159438E+01
1.234000E+02 1.615506E+00 1.159166E+01
1.243000E+02 1.618853E+00 1.158577E+01
1.252000E+02 1.622167E+00 1.158334E+01
1.261000E+02 1.625448E+00 1.158104E+01
1.270000E+02 1.628697E+00 1.157887E+01
1.279000E+02 1.631913E+00 1.157358E+01
1.288000E+02 1.635099E+00 1.157168E+01
1.297000E+02 1.638253E+00 1.156990E+01
1.306000E+02 1.641377E+00 1.156504E+01
1.315000E+02 1.644470E+00 1.156351E+01
1.324000E+02 1.647534E+00 1.155892E+01
1.333000E+02 1.650568E+00 1.155763E+01
1.342000E+02 1.653573E+00 1.155330E+01
1.351000E+02 1.656550E+00 1.154911E+01
1.360000E+02 1.659498E+00 1.154817E+01
1.369000E+02 1.662419E+00 1.154422E+01
1.378000E+02 1.665311E+00 1.154040E+01
1.387000E+02 1.668177E+00 1.153670E+01
1.396000E+02 1.671016E+00 1.153621E+01
1.405000E+02 1.673828E+00 1.153273E+01
1.414000E+02 1.676615E+00 1.152938E+01
1.423000E+02 1.679375E+00 1.152614E+01
1.432000E+02 1.682110E+00 1.152302E+01
1.441000E+02 1.684820E+00 1.152000E+01
1.450000E+02 1.687505E+00 1.151709E+01
1.459000E+02 1.690165E+00 1.151430E+01
1.468000E+02 1.692801E+00 1.150860E+01
1.477000E+02 1.695414E+00 1.150602E+01
1.486000E+02 1.698002E+00 1.150354E+01
1.495000E+02 1.700567E+00 1.150117E+01
1.504000E+02 1.703109E+00 1.149889E+01
1.513000E+02 1.705629E+00 1.149375E+01
1.522000E+02 1.708125E+00 1.149167E+01
1.531000E+02 1.710600E+00 1.148969E+01
1.540000E+02 1.713053E+00 1.148487E+01
1.549000E+02 1.715483E+00 1.148308E+01
1.558000E+02 1.717893E+00 1.147847E+01
1.567000E+02 1.720281E+00 1.147686E+01
1.576000E+02 1.722648E+00 1.147245E+01
1.585000E+02 1.724995E+00 1.147102E+01
1.594000E+02 1.727321E+00 1.146681E+01
1.603000E+02 1.729626E+00 1.146269E+01
1.612000E+02 1.731912E+00 1.146152E+01
1.621000E+02 1.734178E+00 1.145759E+01
1.630000E+02 1.736425E+00 1.145376E+01
1.639000E+02 1.738652E+00 1.145002E+01
1.648000E+02 1.740860E+00 1.144918E+01
1.657000E+02 1.743049E+00 1.144562E+01
1.666000E+02 1.745220E+00 1.144214E+01
1.675000E+02 1.747372E+00 1.143875E+01
1.684000E+02 1.749506E+00 1.143545E+01
1.693000E+02 1.751622E+00 1.143224E+01
1.702000E+02 1.753720E+00 1.142911E+01
1.711000E+02 1.755800E+00 1.142606E+01
1.720000E+02 1.757863E+00 1.142309E+01
1.729000E+02 1.759909E+00 1.142020E+01
1.738000E+02 1.761938E+00 1.141739E+01
1.747000E+02 1.763949E+00 1.141466E+01
1.756000E+02 1.765945E+00 1.141201E+01
1.765000E+02 1.767923E+00 1.140944E+01
1.774000E+02 1.769885E+00 1.140424E+01
1.783000E+02 1.771832E+00 1.140182E+01
1.792000E+02 1.773762E+00 1.139947E+01
1.801000E+02 1.775676E+00 1.139719E+01
1.810000E+02 1.777575E+00 1.139232E+01
1.819000E+02 1.779459E+00 1.139019E+01
1.828000E+02 1.781327E+00 1.138813E+01
1.837000E+02 1.783180E+00 1.138350E+01
1.846000E+02 1.785018E+00 1.138158E+01
1.855000E+02 1.786841E+00 1.137710E+01
1.864000E+02 1.788649E+00 1.137532E+01
1.873000E+02 1.790443E+00 1.137360E+01
1.882000E+02 1.792223E+00 1.136934E+01
1.891000E+02 1.793988E+00 1.136515E+01
1.900000E+02 1.795740E+00 1.136363E+01
1.909000E+02 1.797477E+00 1.135959E+01
1.918000E+02 1.799201E+00 1.135820E+01
1.927000E+02 1.800911E+00 1.135430E+01
1.936000E+02 1.802608E+00 1.135046E+01
1.945000E+02 1.804292E+00 1.134926E+01
1.954000E+02 1.805962E+00 1.134556E+01
1.963000E+02 1.807619E+00 1.134193E+01
1.972000E+02 1.809263E+00 1.133836E+01
1.981000E+02 1.810894E+00 1.133740E+01
1.990000E+02 1.812513E+00 1.133397E+01
1.999000E+02 1.814119E+00 1.133059E+01
2.008000E+02 1.815713E+00 1.132729E+01
2.017000E+02 1.817295E+00 1.132404E+01
2.026000E+02 1.818864E+00 1.132086E+01
2.035000E+02 1.820421E+00 1.131774E+01
2.044000E+02 1.821967E+00 1.131718E+01
2.053000E+02 1.823500E+00 1.131418E+01
2.062000E+02 1.825022E+00 1.131124E+01
2.071000E+02 1.826532E+00 1.130836E+01
2.080000E+02 1.828031E+00 1.130553E+01
2.089000E+02 1.829518E+00 1.130030E+01
2.098000E+02 1.830995E+00 1.129759E+01
2.107000E+02 1.832460E+00 1.129495E+01
2.116000E+02 1.833914E+00 1.129236E+01
2.125000E+02 1.835357E+00 1.128982E+01
2.134000E+02 1.836789E+00 1.128734E+01
2.143000E+02 1.838211E+00 1.128491E+01
2.152000E+02 1.839622E+00 1.128011E+01
2.161000E+02 1.841023E+00 1.127780E+01
2.170000E+02 1.842413E+00 1.127553E+01
2.179000E+02 1.843793E+00 1.127332E+01
2.188000E+02 1.845163E+00 1.126875E+01
2.197000E+02 1.846522E+00 1.126665E+01
2.206000E+02 1.847872E+00 1.126460E+01
2.215000E+02 1.849211E+00 1.126020E+01
2.224000E+02 1.850541E+00 1.125825E+01
2.233000E+02 1.851861E+00 1.125634E+01
2.242000E+02 1.853172E+00 1.125211E+01
2.251000E+02 1.854473E+00 1.125031E+01
2.260000E+02 1.855764E+00 1.124618E+01
2.269000E+02 1.857047E+00 1.124448E+01
2.278000E+02 1.858319E+00 1.124046E+01
2.287000E+02 1.859583E+00 1.123885E+01
2.296000E+02 1.860838E+00 1.123493E+01
2.305000E+02 1.862083E+00 1.123342E+01
2.314000E+02 1.863320E+00 1.122960E+01
2.323000E+02 1.864548E+00 1.122818E+01
2.332000E+02 1.865767E+00 1.122447E+01
2.341000E+02 1.866977E+00 1.122081E+01
2.350000E+02 1.868179E+00 1.121952E+01
2.359000E+02 1.869372E+00 1.121595E+01
2.368000E+02 1.870556E+00 1.121244E+01
2.377000E+02 1.871733E+00 1.121128E+01
2.386000E+02 1.872901E+00 1.120786E+01
2.395000E+02 1.874061E+00 1.120449E+01
2.404000E+02 1.875212E+00 1.120117E+01
2.413000E+02 1.876356E+00 1.120018E+01
2.422000E+02 1.877491E+00 1.119695E+01
2.431000E+02 1.878619E+00 1.119376E+01
2.440000E+02 1.879739E+00 1.119062E+01
2.449000E+02 1.880850E+00 1.118753E+01
2.458000E+02 1.881955E+00 1.118448E+01
2.467000E+02 1.883051E+00 1.118374E+01
2.476000E+02 1.884140E+00 1.118077E+01
2.485000E+02 1.885221E+00 1.117785E+01
2.494000E+02 1.886295E+00 1.117498E+01
2.503000E+02 1.887362E+00 1.117214E+01
2.512000E+02 1.888421E+00 1.116935E+01
2.521000E+02 1.889473E+00 1.116660E+01
2.530000E+02 1.890518E+00 1.116390E+01
2.539000E+02 1.891555E+00 1.116123E+01
2.548000E+02 1.892586E+00 1.115861E+01
2.557000E+02 1.893610E+00 1.115602E+01
2.566000E+02 1.894626E+00 1.115348E+01
2.575000E+02 1.895636E+00 1.115098E+01
2.584000E+02 1.896639E+00 1.114851E+01
2.593000E+02 1.897635E+00 1.114389E+01
2.602000E+02 1.898624E+00 1.114150E+01
2.611000E+02 1.899607E+00 1.113916E+01
2.620000E+02 1.900583E+00 1.113686E+01
2.629000E+02 1.901552E+00 1.113459E+01
2.638000E+02 1.902515E+00 1.113236E+01
2.647000E+02 1.903472E+00 1.112798E+01
2.656000E+02 1.904422E+00 1.112583E+01
2.665000E+02 1.905366E+00 1.112371E+01
2.674000E+02 1.906304E+00 1.112163E+01
2.683000E+02 1.907235E+00 1.111742E+01
2.692000E+02 1.908160E+00 1.111542E+01
2.701000E+02 1.909079E+00 1.111345E+01
2.710000E+02 1.909993E+00 1.111151E+01
2.719000E+02 1.910900E+00 1.110746E+01
2.728000E+02 1.911801E+00 1.110559E+01
2.737000E+02 1.912696E+00 1.110162E+01
2.746000E+02 1.913585E+00 1.109983E+01
2.755000E+02 1.914468E+00 1.109807E+01
2.764000E+02 1.915346E+00 1.109421E+01
2.773000E+02 1.916218E+00 1.109252E+01
2.782000E+02 1.917084E+00 1.108873E+01
2.791000E+02 1.917945E+00 1.108711E+01
2.800000E+02 1.918800E+00 1.108552E+01
2.809000E+02 1.919650E+00 1.108184E+01
2.818000E+02 1.920494E+00 1.108031E+01
2.827000E+02 1.921332E+00 1.107671E+01
2.836000E+02 1.922165E+00 1.107314E+01
2.845000E+02 1.922993E+00 1.107172E+01
2.854000E+02 1.923816E+00 1.106822E+01
2.863000E+02 1.924633E+00 1.106686E+01
2.872000E+02 1.925445E+00 1.106343E+01
2.881000E+02 1.926252E+00 1.106213E+01
2.890000E+02 1.927053E+00 1.105877E+01
2.899000E+02 1.927850E+00 1.105544E+01
2.908000E+02 1.928641E+00 1.105424E+01
2.917000E+02 1.929428E+00 1.105098E+01
2.926000E+02 1.930209E+00 1.104775E+01
2.935000E+02 1.930986E+00 1.104664E+01
2.944000E+02 1.931758E+00 1.104348E+01
2.953000E+02 1.932524E+00 1.104035E+01
2.962000E+02 1.933286E+00 1.103932E+01
2.971000E+02 1.934043E+00 1.103626E+01
2.980000E+02 1.934796E+00 1.103323E+01
2.989000E+02 1.935543E+00 1.103024E+01
2.998000E+02 1.936286E+00 1.102932E+01
3.007000E+02 1.937025E+00 1.102639E+01
3.016000E+02 1.937758E+00 1.102349E+01
3.025000E+02 1.938488E+00 1.102062E+01
3.034000E+02 1.939212E+00 1.101981E+01
3.043000E+02 1.939932E+00 1.101700E+01
3.052000E+02 1.940648E+00 1.101422E+01
3.061000E+02 1.941359E+00 1.101147E+01
3.070000E+02 1.942066E+00 1.100875E+01
3.079000E+02 1.942768E+00 1.100606E+01
3.088000E+02 1.943466E+00 1.100340E+01
3.097000E+02 1.944160E+00 1.100077E+01
3.106000E+02 1.944850E+00 1.099817E+01
3.115000E+02 1.945535E+00 1.099761E+01
3.124000E+02 1.946216E+00 1.099506E+01
3.133000E+02 1.946893E+00 1.099254E+01
3.142000E+02 1.947566E+00 1.099005E+01
3.151000E+02 1.948235E+00 1.098759E+01
3.160000E+02 1.948900E+00 1.098516E+01
3.169000E+02 1.949561E+00 1.098275E+01
3.178000E+02 1.950218E+00 1.098037E+01
3.187000E+02 1.950871E+00 1.097802E+01
3.196000E+02 1.951520E+00 1.097570E+01
3.205000E+02 1.952165E+00 1.097340E+01
3.214000E+02 1.952807E+00 1.096915E+01
3.223000E+02 1.953444E+00 1.096691E+01
3.232000E+02 1.954078E+00 1.096469E+01
3.241000E+02 1.954708E+00 1.096250E+01
3.250000E+02 1.955334E+00 1.096034E+01
3.259000E+02 1.955957E+00 1.095820E+01
3.268000E+02 1.956576E+00 1.095609E+01
3.277000E+02 1.957191E+00 1.095400E+01
3.286000E+02 1.957803E+00 1.095194E+01
3.295000E+02 1.958411E+00 1.094794E+01
3.304000E+02 1.959015E+00 1.094593E+01
3.313000E+02 1.959616E+00 1.094395E+01
3.322000E+02 1.960214E+00 1.094199E+01
3.331000E+02 1.960808E+00 1.094005E+01
3.340000E+02 1.961398E+00 1.093620E+01
3.349000E+02 1.961985E+00 1.093431E+01
3.358000E+02 1.962568E+00 1.093245E+01
3.367000E+02 1.963148E+00 1.093061E+01
3.376000E+02 1.963725E+00 1.092686E+01
3.385000E+02 1.964299E+00 1.092507E+01
3.394000E+02 1.964869E+00 1.092331E+01
3.403000E+02 1.965435E+00 1.092157E+01
3.412000E+02 1.965999E+00 1.091792E+01
3.421000E+02 1.966559E+00 1.091623E+01
3.430000E+02 1.967116E+00 1.091456E+01
3.439000E+02 1.967669E+00 1.091099E+01
3.448000E+02 1.968220E+00 1.090937E+01
3.457000E+02 1.968767E+00 1.090776E+01
3.466000E+02 1.969311E+00 1.090427E+01
3.475000E+02 1.969852E+00 1.090272E+01
3.484000E+02 1.970390E+00 1.089928E+01
3.493000E+02 1.970925E+00 1.089776E+01
3.502000E+02 1.971457E+00 1.089627E+01
3.511000E+02 1.971985E+00 1.089291E+01
3.520000E+02 1.972511E+00 1.089146E+01
3.529000E+02 1.973033E+00 1.088815E+01
3.538000E+02 1.973553E+00 1.088674E+01
3.547000E+02 1.974070E+00 1.088348E+01
3.556000E+02 1.974583E+00 1.088212E+01
3.565000E+02 1.975094E+00 1.087890E+01
3.574000E+02 1.975602E+00 1.087758E+01
3.583000E+02 1.976107E+00 1.087441E+01
3.592000E+02 1.976609E+00 1.087314E+01
3.601000E+02 1.977108E+00 1.087001E+01
3.610000E+02 1.977604E+00 1.086878E+01
3.619000E+02 1.978098E+00 1.086570E+01
3.628000E+02 1.978588E+00 1.086451E+01
3.637000E+02 1.979076E+00 1.086147E+01
3.646000E+02 1.979561E+00 1.086032E+01
3.655000E+02 1.980044E+00 1.085733E+01
3.664000E+02 1.980523E+00 1.085436E+01
3.673000E+02 1.981000E+00 1.085328E+01
3.682000E+02 1.981474E+00 1.085035E+01
3.691000E+02 1.981946E+00 1.084930E+01
3.700000E+02 1.982415E+00 1.084642E+01
3.709000E+02 1.982881E+00 1.084357E+01
3.718000E+02 1.983344E+00 1.084258E+01
3.727000E+02 1.983805E+00 1.083976E+01
3.736000E+02 1.984264E+00 1.083697E+01
3.745000E+02 1.984719E+00 1.083604E+01
3.754000E+02 1.985173E+00 1.083329E+01
3.763000E+02 1.985623E+00 1.083056E+01
3.772000E+02 1.986071E+00 1.082969E+01
3.781000E+02 1.986517E+00 1.082700E+01
3.790000E+02 1.986960E+00 1.082433E+01
3.799000E+02 1.987401E+00 1.082169E+01
3.808000E+02 1.987839E+00 1.082089E+01
3.817000E+02 1.988274E+00 1.081828E+01
3.826000E+02 1.988708E+00 1.081570E+01
3.835000E+02 1.989138E+00 1.081314E+01
3.844000E+02 1.989567E+00 1.081241E+01
3.853000E+02 1.989993E+00 1.080989E+01
3.862000E+02 1.990416E+00 1.080739E+01
3.871000E+02 1.990838E+00 1.080490E+01
3.880000E+02 1.991256E+00 1.080244E+01
3.889000E+02 1.991673E+00 1.080181E+01
3.898000E+02 1.992087E+00 1.079938E+01
3.907000E+02 1.992499E+00 1.079698E+01
3.916000E+02 1.992909E+00 1.079459E+01
3.925000E+02 1.993316E+00 1.079223E+01
3.934000E+02 1.993721E+00 1.078988E+01
3.943000E+02 1.994124E+00 1.078755E+01
3.952000E+02 1.994524E+00 1.078704E+01
3.961000E+02 1.994923E+00 1.078475E+01
3.970000E+02 1.995319E+00 1.078248E+01
3.979000E+02 1.995713E+00 1.078023E+01
3.988000E+02 1.996104E+00 1.077800E+01
3.997000E+02 1.996494E+00 1.077578E+01
4.006000E+02 1.996881E+00 1.077359E+01
4.015000E+02 1.997266E+00 1.077141E+01
4.024000E+02 1.997649E+00 1.076925E+01
4.033000E+02 1.998030E+00 1.076711E+01
4.042000E+02 1.998409E+00 1.076499E+01
4.051000E+02 1.998786E+00 1.076289E+01
4.060000E+02 1.999161E+00 1.076080E+01
4.069000E+02 1.999533E+00 1.075873E+01
4.078000E+02 1.999904E+00 1.075668E+01
4.087000E+02 2.000272E+00 1.075465E+01
4.096000E+02 2.000638E+00 1.075264E+01
4.105000E+02 2.001003E+00 1.075064E+01
4.114000E+02 2.001365E+00 1.074866E+01
4.123000E+02 2.001726E+00 1.074670E+01
4.132000E+02 2.002084E+00 1.074475E+01
4.141000E+02 2.002440E+00 1.074282E+01
4.150000E+02 2.002795E+00 1.074091E+01
4.159000E+02 2.003147E+00 1.073902E+01
4.168000E+02 2.003498E+00 1.073714E+01
4.177000E+02 2.003846E+00 1.073528E+01
4.186000E+02 2.004193E+00 1.073344E+01
4.195000E+02 2.004538E+00 1.072987E+01
4.204000E+02 2.004881E+00 1.072806E+01
4.213000E+02 2.005222E+00 1.072627E+01
4.222000E+02 2.005561E+00 1.072449E+01
4.231000E+02 2.005898E+00 1.072273E+01
4.240000E+02 2.006233E+00 1.072099E+01
4.249000E+02 2.006567E+00 1.071926E+01
4.258000E+02 2.006898E+00 1.071582E+01
4.267000E+02 2.007228E+00 1.071412E+01
4.276000E+02 2.007556E+00 1.071244E+01
4.285000E+02 2.007882E+00 1.071078E+01
4.294000E+02 2.008207E+00 1.070913E+01
4.303000E+02 2.008529E+00 1.070750E+01
4.312000E+02 2.008850E+00 1.070416E+01
4.321000E+02 2.009169E+00 1.070257E+01
4.330000E+02 2.009487E+00 1.070098E+01
4.339000E+02 2.009802E+00 1.069942E+01
4.348000E+02 2.010116E+00 1.069615E+01
4.357000E+02 2.010428E+00 1.069461E+01
4.366000E+02 2.010739E+00 1.069309E+01
4.375000E+02 2.011047E+00 1.069158E+01
4.384000E+02 2.011354E+00 1.068838E+01
4.393000E+02 2.011660E+00 1.068691E+01
4.402000E+02 2.011963E+00 1.068544E+01
4.411000E+02 2.012265E+00 1.068400E+01
4.420000E+02 2.012566E+00 1.068086E+01
4.429000E+02 2.012864E+00 1.067945E+01
4.438000E+02 2.013161E+00 1.067805E+01
4.447000E+02 2.013457E+00 1.067496E+01
4.456000E+02 2.013750E+00 1.067359E+01
4.465000E+02 2.014042E+00 1.067223E+01
4.474000E+02 2.014333E+00 1.066920E+01
4.483000E+02 2.014622E+00 1.066787E+01
4.492000E+02 2.014909E+00 1.066656E+01
4.501000E+02 2.015195E+00 1.066357E+01
4.510000E+02 2.015479E+00 1.066228E+01
4.519000E+02 2.015762E+00 1.065933E+01
4.528000E+02 2.016043E+00 1.065807E+01
4.537000E+02 2.016322E+00 1.065683E+01
4.546000E+02 2.016600E+00 1.065392E+01
4.555000E+02 2.016877E+00 1.065271E+01
4.564000E+02 2.017152E+00 1.064983E+01
4.573000E+02 2.017425E+00 1.064864E+01
4.582000E+02 2.017697E+00 1.064747E+01
4.591000E+02 2.017967E+00 1.064464E+01
4.600000E+02 2.018236E+00 1.064350E+01
4.609000E+02 2.018504E+00 1.064069E+01
4.618000E+02 2.018770E+00 1.063958E+01
4.627000E+02 2.019034E+00 1.063680E+01
4.636000E+02 2.019297E+00 1.063572E+01
4.645000E+02 2.019559E+00 1.063297E+01
4.654000E+02 2.019819E+00 1.063191E+01
4.663000E+02 2.020078E+00 1.062920E+01
4.672000E+02 2.020335E+00 1.062816E+01
4.681000E+02 2.020591E+00 1.062548E+01
4.690000E+02 2.020845E+00 1.062447E+01
4.699000E+02 2.021098E+00 1.062182E+01
4.708000E+02 2.021350E+00 1.062083E+01
4.717000E+02 2.021600E+00 1.061821E+01
4.726000E+02 2.021849E+00 1.061725E+01
4.735000E+02 2.022097E+00 1.061465E+01
4.744000E+02 2.022343E+00 1.061372E+01
4.753000E+02 2.022588E+00 1.061115E+01
4.762000E+02 2.022831E+00 1.061025E+01
4.771000E+02 2.023073E+00 1.060771E+01
4.780000E+02 2.023314E+00 1.060683E+01
4.789000E+02 2.023553E+00 1.060431E+01
4.798000E+02 2.023792E+00 1.060182E+01
4.807000E+02 2.024028E+00 1.060097E+01
4.816000E+02 2.024264E+00 1.059850E+01
4.825000E+02 2.024498E+00 1.059768E+01
4.834000E+02 2.024731E+00 1.059524E+01
4.843000E+02 2.024962E+00 1.059281E+01
4.852000E+02 2.025193E+00 1.059203E+01
4.861000E+02 2.025422E+00 1.058963E+01
4.870000E+02 2.025649E+00 1.058724E+01
4.879000E+02 2.025876E+00 1.058649E+01
4.888000E+02 2.026101E+00 1.058413E+01
4.897000E+02 2.026325E+00 1.058178E+01
4.906000E+02 2.026548E+00 1.058108E+01
4.915000E+02 2.026769E+00 1.057875E+01
4.924000E+02 2.026990E+00 1.057644E+01
4.933000E+02 2.027209E+00 1.057577E+01
4.942000E+02 2.027426E+00 1.057349E+01
4.951000E+02 2.027643E+00 1.057122E+01
4.960000E+02 2.027858E+00 1.057058E+01
4.969000E+02 2.028073E+00 1.056834E+01
4.978000E+02 2.028286E+00 1.056611E+01
4.987000E+02 2.028497E+00 1.056550E+01
4.996000E+02 2.028708E+00 1.056330E+01
5.005000E+02 2.028917E+00 1.056110E+01
5.014000E+02 2.029126E+00 1.055892E+01
5.023000E+02 2.029333E+00 1.055837E+01
5.032000E+02 2.029539E+00 1.055621E+01
5.041000E+02 2.029744E+00 1.055407E+01
5.050000E+02 2.029947E+00 1.055194E+01
5.059000E+02 2.030150E+00 1.055143E+01
5.068000E+02 2.030351E+00 1.054932E+01
5.077000E+02 2.030551E+00 1.054723E+01
5.086000E+02 2.030751E+00 1.054515E+01
5.095000E+02 2.030949E+00 1.054308E+01
5.104000E+02 2.031145E+00 1.054262E+01
5.113000E+02 2.031341E+00 1.054058E+01
5.122000E+02 2.031536E+00 1.053854E+01
5.131000E+02 2.031730E+00 1.053652E+01
5.140000E+02 2.031922E+00 1.053452E+01
5.149000E+02 2.032113E+00 1.053411E+01
5.158000E+02 2.032304E+00 1.053213E+01
5.167000E+02 2.032493E+00 1.053016E+01
5.176000E+02 2.032681E+00 1.052820E+01
5.185000E+02 2.032868E+00 1.052625E+01
5.194000E+02 2.033054E+00 1.052431E+01
5.203000E+02 2.033239E+00 1.052239E+01
5.212000E+02 2.033423E+00 1.052206E+01
5.221000E+02 2.033606E+00 1.052016E+01
5.230000E+02 2.033788E+00 1.051827E+01
5.239000E+02 2.033969E+00 1.051639E+01
5.248000E+02 2.034149E+00 1.051452E+01
5.257000E+02 2.034328E+00 1.051266E+01
5.266000E+02 2.034505E+00 1.051082E+01
5.275000E+02 2.034682E+00 1.050899E+01
5.284000E+02 2.034858E+00 1.050717E+01
5.293000E+02 2.035033E+00 1.050536E+01
5.302000E+02 2.035206E+00 1.050513E+01
5.311000E+02 2.035379E+00 1.050334E+01
5.320000E+02 2.035551E+00 1.050156E+01
5.329000E+02 2.035722E+00 1.049980E+01
5.338000E+02 2.035892E+00 1.049804E+01
5.347000E+02 2.036060E+00 1.049630E+01
5.356000E+02 2.036228E+00 1.049457E+01
5.365000E+02 2.036395E+00 1.049285E+01
5.374000E+02 2.036561E+00 1.049113E+01
5.383000E+02 2.036726E+00 1.048944E+01
5.392000E+02 2.036890E+00 1.048775E+01
5.401000E+02 2.037053E+00 1.048607E+01
5.410000E+02 2.037216E+00 1.048440E+01
5.419000E+02 2.037377E+00 1.048274E+01
5.428000E+02 2.037537E+00 1.048110E+01
5.437000E+02 2.037696E+00 1.047946E+01
5.446000E+02 2.037855E+00 1.047784E+01
5.455000E+02 2.038012E+00 1.047622E+01
5.464000E+02 2.038169E+00 1.047462E+01
5.473000E+02 2.038325E+00 1.047303E+01
5.482000E+02 2.038479E+00 1.047144E+01
5.491000E+02 2.038633E+00 1.046987E+01
5.500000E+02 2.038786E+00 1.046831E+01
5.509000E+02 2.038938E+00 1.046676E+01
5.518000E+02 2.039090E+00 1.046522E+01
5.527000E+02 2.039240E+00 1.046369E+01
5.536000E+02 2.039389E+00 1.046217E+01
5.545000E+02 2.039538E+00 1.045911E+01
5.554000E+02 2.039686E+00 1.045761E+01
5.563000E+02 2.039832E+00 1.045612E+01
5.572000E+02 2.039978E+00 1.045464E+01
5.581000E+02 2.040123E+00 1.045317E+01
5.590000E+02 2.040268E+00 1.045171E+01
5.599000E+02 2.040411E+00 1.045026E+01
5.608000E+02 2.040554E+00 1.044882E+01
5.617000E+02 2.040695E+00 1.044739E+01
5.626000E+02 2.040836E+00 1.044597E+01
5.635000E+02 2.040976E+00 1.044303E+01
5.644000E+02 2.041115E+00 1.044163E+01
5.653000E+02 2.041254E+00 1.044024E+01
5.662000E+02 2.041391E+00 1.043886E+01
5.671000E+02 2.041528E+00 1.043749E+01
5.680000E+02 2.041664E+00 1.043613E+01
5.689000E+02 2.041799E+00 1.043478E+01
5.698000E+02 2.041933E+00 1.043191E+01
5.707000E+02 2.042067E+00 1.043058E+01
5.716000E+02 2.042199E+00 1.042926E+01
5.725000E+02 2.042331E+00 1.042794E+01
5.734000E+02 2.042462E+00 1.042664E+01
5.743000E+02 2.042593E+00 1.042534E+01
5.752000E+02 2.042722E+00 1.042254E+01
5.761000E+02 2.042851E+00 1.042126E+01
5.770000E+02 2.042979E+00 1.042000E+01
5.779000E+02 2.043106E+00 1.041874E+01
5.788000E+02 2.043232E+00 1.041749E+01
5.797000E+02 2.043358E+00 1.041474E+01
5.806000E+02 2.043483E+00 1.041351E+01
5.815000E+02 2.043607E+00 1.041229E+01
5.824000E+02 2.043730E+00 1.041108E+01
5.833000E+02 2.043853E+00 1.040837E+01
5.842000E+02 2.043975E+00 1.040718E+01
5.851000E+02 2.044096E+00 1.040599E+01
5.860000E+02 2.044216E+00 1.040482E+01
5.869000E+02 2.044336E+00 1.040215E+01
5.878000E+02 2.044454E+00 1.040099E+01
5.887000E+02 2.044573E+00 1.039985E+01
5.896000E+02 2.044690E+00 1.039871E+01
5.905000E+02 2.044807E+00 1.039608E+01
5.914000E+02 2.044923E+00 1.039496E+01
5.923000E+02 2.045038E+00 1.039384E+01
5.932000E+02 2.045152E+00 1.039274E+01
5.941000E+02 2.045266E+00 1.039015E+01
5.950000E+02 2.045379E+00 1.038906E+01
5.959000E+02 2.045491E+00 1.038799E+01
5.968000E+02 2.045603E+00 1.038542E+01
5.977000E+02 2.045714E+00 1.038436E+01
5.986000E+02 2.045824E+00 1.038331E+01
5.995000E+02 2.045934E+00 1.038078E+01
6.004000E+02 2.046043E+00 1.037975E+01
6.013000E+02 2.046151E+00 1.037872E+01
6.022000E+02 2.046259E+00 1.037622E+01
6.031000E+02 2.046365E+00 1.037521E+01
6.040000E+02 2.046471E+00 1.037421E+01
6.049000E+02 2.046577E+00 1.037173E+01
6.058000E+02 2.046682E+00 1.037075E+01
6.067000E+02 2.046786E+00 1.036977E+01
6.076000E+02 2.046889E+00 1.036732E+01
6.085000E+02 2.046992E+00 1.036637E+01
6.094000E+02 2.047094E+00 1.036542E+01
6.103000E+02 2.047196E+00 1.036300E+01
6.112000E+02 2.047296E+00 1.036206E+01
6.121000E+02 2.047397E+00 1.035966E+01
6.130000E+02 2.047496E+00 1.035875E+01
6.139000E+02 2.047595E+00 1.035784E+01
6.148000E+02 2.047693E+00 1.035546E+01
6.157000E+02 2.047791E+00 1.035457E+01
6.166000E+02 2.047888E+00 1.035221E+01
6.175000E+02 2.047984E+00 1.035134E+01
6.184000E+02 2.048080E+00 1.035047E+01
6.193000E+02 2.048175E+00 1.034814E+01
6.202000E+02 2.048269E+00 1.034729E+01
6.211000E+02 2.048363E+00 1.034497E+01
6.220000E+02 2.048456E+00 1.034414E+01
6.229000E+02 2.048549E+00 1.034184E+01
6.238000E+02 2.048641E+00 1.034102E+01
6.247000E+02 2.048732E+00 1.034021E+01
6.256000E+02 2.048823E+00 1.033794E+01
6.265000E+02 2.048913E+00 1.033715E+01
6.274000E+02 2.049002E+00 1.033489E+01
6.283000E+02 2.049091E+00 1.033411E+01
6.292000E+02 2.049179E+00 1.033188E+01
6.301000E+02 2.049267E+00 1.033111E+01
6.310000E+02 2.049354E+00 1.032890E+01
6.319000E+02 2.049441E+00 1.032815E+01
6.328000E+02 2.049526E+00 1.032595E+01
6.337000E+02 2.049612E+00 1.032521E+01
6.346000E+02 2.049696E+00 1.032303E+01
6.355000E+02 2.049781E+00 1.032231E+01
6.364000E+02 2.049864E+00 1.032014E+01
6.373000E+02 2.049947E+00 1.031944E+01
6.382000E+02 2.050030E+00 1.031729E+01
6.391000E+02 2.050111E+00 1.031660E+01
6.400000E+02 2.050193E+00 1.031447E+01
6.409000E+02 2.050273E+00 1.031380E+01
6.418000E+02 2.050354E+00 1.031168E+01
6.427000E+02 2.050433E+00 1.031102E+01
6.436000E+02 2.050512E+00 1.030892E+01
6.445000E+02 2.050591E+00 1.030828E+01
6.454000E+02 2.050669E+00 1.030619E+01
6.463000E+02 2.050746E+00 1.030556E+01
6.472000E+02 2.050823E+00 1.030349E+01
6.481000E+02 2.050899E+00 1.030144E+01
6.490000E+02 2.050975E+00 1.030083E+01
6.499000E+02 2.051050E+00 1.029878E+01
6.508000E+02 2.051125E+00 1.029819E+01
6.517000E+02 2.051199E+00 1.029616E+01
6.526000E+02 2.051272E+00 1.029559E+01
6.535000E+02 2.051345E+00 1.029357E+01
6.544000E+02 2.051418E+00 1.029157E+01
6.553000E+02 2.051490E+00 1.029101E+01
6.562000E+02 2.051561E+00 1.028903E+01
6.571000E+02 2.051632E+00 1.028848E+01
6.580000E+02 2.051702E+00 1.028651E+01
6.589000E+02 2.051772E+00 1.028455E+01
6.598000E+02 2.051842E+00 1.028402E+01
6.607000E+02 2.051910E+00 1.028208E+01
6.616000E+02 2.051979E+00 1.028157E+01
6.625000E+02 2.052047E+00 1.027963E+01
6.634000E+02 2.052114E+00 1.027771E+01
6.643000E+02 2.052181E+00 1.027722E+01
6.652000E+02 2.052247E+00 1.027531E+01
6.661000E+02 2.052313E+00 1.027341E+01
6.670000E+02 2.052378E+00 1.027294E+01
6.679000E+02 2.052443E+00 1.027105E+01
6.688000E+02 2.052507E+00 1.027060E+01
6.697000E+02 2.052571E+00 1.026873E+01
6.706000E+02 2.052634E+00 1.026686E+01
6.715000E+02 2.052697E+00 1.026643E+01
6.724000E+02 2.052759E+00 1.026458E+01
6.733000E+02 2.052821E+00 1.026274E+01
6.742000E+02 2.052882E+00 1.026233E+01
6.751000E+02 2.052943E+00 1.026050E+01
6.760000E+02 2.053004E+00 1.025868E+01
6.769000E+02 2.053064E+00 1.025829E+01
6.778000E+02 2.053123E+00 1.025648E+01
6.787000E+02 2.053182E+00 1.025468E+01
6.796000E+02 2.053240E+00 1.025289E+01
6.805000E+02 2.053298E+00 1.025253E+01
6.814000E+02 2.053356E+00 1.025075E+01
6.823000E+02 2.053413E+00 1.024898E+01
6.832000E+02 2.053470E+00 1.024864E+01
6.841000E+02 2.053526E+00 1.024688E+01
6.850000E+02 2.053581E+00 1.024513E+01
6.859000E+02 2.053637E+00 1.024339E+01
6.868000E+02 2.053691E+00 1.024307E+01
6.877000E+02 2.053746E+00 1.024135E+01
6.886000E+02 2.053800E+00 1.023963E+01
6.895000E+02 2.053853E+00 1.023933E+01
6.904000E+02 2.053906E+00 1.023762E+01
6.913000E+02 2.053958E+00 1.023593E+01
6.922000E+02 2.054011E+00 1.023423E+01
6.931000E+02 2.054062E+00 1.023396E+01
6.940000E+02 2.054113E+00 1.023228E+01
6.949000E+02 2.054164E+00 1.023061E+01
6.958000E+02 2.054214E+00 1.022895E+01
6.967000E+02 2.054264E+00 1.022730E+01
6.976000E+02 2.054314E+00 1.022705E+01
6.985000E+02 2.054363E+00 1.022541E+01
6.994000E+02 2.054411E+00 1.022377E+01
7.003000E+02 2.054459E+00 1.022215E+01
7.012000E+02 2.054507E+00 1.022193E+01
7.021000E+02 2.054554E+00 1.022031E+01
7.030000E+02 2.054601E+00 1.021870E+01
7.039000E+02 2.054648E+00 1.021710E+01
7.048000E+02 2.054694E+00 1.021551E+01
7.057000E+02 2.054739E+00 1.021532E+01
7.066000E+02 2.054785E+00 1.021374E+01
7.075000E+02 2.054829E+00 1.021217E+01
7.084000E+02 2.054874E+00 1.021060E+01
7.093000E+02 2.054918E+00 1.020904E+01
7.102000E+02 2.054961E+00 1.020749E+01
7.111000E+02 2.055004E+00 1.020733E+01
7.120000E+02 2.055047E+00 1.020579E+01
7.129000E+02 2.055089E+00 1.020426E+01
7.138000E+02 2.055131E+00 1.020273E+01
7.147000E+02 2.055173E+00 1.020121E+01
7.156000E+02 2.055214E+00 1.019970E+01
7.165000E+02 2.055255E+00 1.019958E+01
7.174000E+02 2.055295E+00 1.019808E+01
7.183000E+02 2.055335E+00 1.019658E+01
7.192000E+02 2.055374E+00 1.019510E+01
7.201000E+02 2.055413E+00 1.019361E+01
7.210000E+02 2.055452E+00 1.019214E+01
7.219000E+02 2.055490E+00 1.019067E+01
7.228000E+02 2.055528E+00 1.019059E+01
7.237000E+02 2.055566E+00 1.018914E+01
7.246000E+02 2.055603E+00 1.018769E+01
7.255000E+02 2.055640E+00 1.018624E+01
7.264000E+02 2.055676E+00 1.018481E+01
7.273000E+02 2.055712E+00 1.018338E+01
7.282000E+02 2.055748E+00 1.018195E+01
7.291000E+02 2.055783E+00 1.018054E+01
7.300000E+02 2.055818E+00 1.017913E+01
7.309000E+02 2.055853E+00 1.017910E+01
7.318000E+02 2.055887E+00 1.017770E+01
7.327000E+02 2.055921E+00 1.017631E+01
7.336000E+02 2.055954E+00 1.017492E+01
7.345000E+02 2.055987E+00 1.017354E+01
7.354000E+02 2.056020E+00 1.017217E+01
7.363000E+02 2.056052E+00 1.017080E+01
7.372000E+02 2.056084E+00 1.016944E+01
7.381000E+02 2.056116E+00 1.016808E+01
7.390000E+02 2.056147E+00 1.016673E+01
7.399000E+02 2.056178E+00 1.016539E+01
7.408000E+02 2.056209E+00 1.016405E+01
7.417000E+02 2.056239E+00 1.016272E+01
7.426000E+02 2.056269E+00 1.016140E+01
7.435000E+02 2.056298E+00 1.016008E+01
7.444000E+02 2.056327E+00 1.016013E+01
7.453000E+02 2.056356E+00 1.015883E+01
7.462000E+02 2.056384E+00 1.015752E+01
7.471000E+02 2.056412E+00 1.015623E+01
7.480000E+02 2.056440E+00 1.015494E+01
7.489000E+02 2.056468E+00 1.015366E+01
7.498000E+02 2.056495E+00 1.015238E+01
7.507000E+02 2.056521E+00 1.015111E+01
7.516000E+02 2.056548E+00 1.014984E+01
7.525000E+02 2.056574E+00 1.014858E+01
7.534000E+02 2.056599E+00 1.014733E+01
7.543000E+02 2.056625E+00 1.014608E+01
7.552000E+02 2.056650E+00 1.014484E+01
7.561000E+02 2.056674E+00 1.014360E+01
7.570000E+02 2.056699E+00 1.014237E+01
7.579000E+02 2.056723E+00 1.014115E+01
7.588000E+02 2.056746E+00 1.013993E+01
7.597000E+02 2.056770E+00 1.013872E+01
7.606000E+02 2.056793E+00 1.013751E+01
7.615000E+02 2.056815E+00 1.013631E+01
7.624000E+02 2.056838E+00 1.013511E+01
7.633000E+02 2.056860E+00 1.013392E+01
7.642000E+02 2.056881E+00 1.013274E+01
7.651000E+02 2.056903E+00 1.013156E+01
7.660000E+02 2.056924E+00 1.013039E+01
7.669000E+02 2.056945E+00 1.012922E+01
7.678000E+02 2.056965E+00 1.012670E+01
7.687000E+02 2.056985E+00 1.012555E+01
7.696000E+02 2.057005E+00 1.012440E+01
7.705000E+02 2.057024E+00 1.012325E+01
7.714000E+02 2.057044E+00 1.012212E+01
7.723000E+02 2.057062E+00 1.012098E+01
7.732000E+02 2.057081E+00 1.011985E+01
7.741000E+02 2.057099E+00 1.011873E+01
7.750000E+02 2.057117E+00 1.011762E+01
7.759000E+02 2.057135E+00 1.011650E+01
7.768000E+02 2.057152E+00 1.011540E+01
7.777000E+02 2.057169E+00 1.011430E+01
7.786000E+02 2.057186E+00 1.011320E+01
7.795000E+02 2.057202E+00 1.011211E+01
7.804000E+02 2.057218E+00 1.011103E+01
7.813000E+02 2.057234E+00 1.010861E+01
7.822000E+02 2.057250E+00 1.010753E+01
7.831000E+02 2.057265E+00 1.010647E+01
7.840000E+02 2.057280E+00 1.010540E+01
7.849000E+02 2.057295E+00 1.010435E+01
7.858000E+02 2.057309E+00 1.010330E+01
7.867000E+02 2.057323E+00 1.010225E+01
7.876000E+02 2.057337E+00 1.010121E+01
7.885000E+02 2.057350E+00 1.010017E+01
7.894000E+02 2.057363E+00 1.009914E+01
7.903000E+02 2.057376E+00 1.009678E+01
7.912000E+02 2.057389E+00 1.009576E+01
7.921000E+02 2.057401E+00 1.009475E+01
7.930000E+02 2.057413E+00 1.009374E+01
7.939000E+02 2.057425E+00 1.009273E+01
7.948000E+02 2.057436E+00 1.009173E+01
7.957000E+02 2.057448E+00 1.009074E+01
7.966000E+02 2.057459E+00 1.008842E+01
7.975000E+02 2.057469E+00 1.008744E+01
7.984000E+02 2.057480E+00 1.008646E+01
7.993000E+02 2.057490E+00 1.008549E+01
8.002000E+02 2.057499E+00 1.008452E+01
8.011000E+02 2.057509E+00 1.008356E+01
8.020000E+02 2.057518E+00 1.008260E+01
8.029000E+02 2.057527E+00 1.008032E+01
8.038000E+02 2.057536E+00 1.007937E+01
8.047000E+02 2.057544E+00 1.007843E+01
8.056000E+02 2.057552E+00 1.007749E+01
8.065000E+02 2.057560E+00 1.007656E+01
8.074000E+02 2.057568E+00 1.007563E+01
8.083000E+02 2.057575E+00 1.007338E+01
8.092000E+02 2.057582E+00 1.007247E+01
8.101000E+02 2.057589E+00 1.007156E+01
8.110000E+02 2.057596E+00 1.007065E+01
8.119000E+02 2.057602E+00 1.006975E+01
8.128000E+02 2.057608E+00 1.006753E+01
8.137000E+02 2.057614E+00 1.006664E+01
8.146000E+02 2.057619E+00 1.006575E+01
8.155000E+02 2.057625E+00 1.006487E+01
8.164000E+02 2.057630E+00 1.006399E+01
8.173000E+02 2.057634E+00 1.006180E+01
8.182000E+02 2.057639E+00 1.006093E+01
8.191000E+02 2.057643E+00 1.006007E+01
8.200000E+02 2.057647E+00 1.005921E+01
8.209000E+02 2.057651E+00 1.005836E+01
8.218000E+02 2.057654E+00 1.005620E+01
8.227000E+02 2.057658E+00 1.005535E+01
8.236000E+02 2.057661E+00 1.005452E+01
8.245000E+02 2.057663E+00 1.005368E+01
8.254000E+02 2.057666E+00 1.005154E+01
8.263000E+02 2.057668E+00 1.005072E+01
8.272000E+02 2.057670E+00 1.004990E+01
8.281000E+02 2.057672E+00 1.004909E+01
8.290000E+02 2.057673E+00 1.004696E+01
8.299000E+02 2.057674E+00 1.004616E+01
8.308000E+02 2.057676E+00 1.004536E+01
8.317000E+02 2.057676E+00 1.004457E+01
8.326000E+02 2.057677E+00 1.004246E+01
8.335000E+02 2.057677E+00 1.004168E+01
8.344000E+02 2.057677E+00 1.004090E+01
8.353000E+02 2.057677E+00 1.004012E+01
8.362000E+02 2.057677E+00 1.003804E+01
8.371000E+02 2.057676E+00 1.003728E+01
8.380000E+02 2.057675E+00 1.003652E+01
8.389000E+02 2.057674E+00 1.003576E+01
8.398000E+02 2.057673E+00 1.003370E+01
8.407000E+02 2.057671E+00 1.003295E+01
8.416000E+02 2.057669E+00 1.003221E+01
8.425000E+02 2.057667E+00 1.003016E+01
8.434000E+02 2.057665E+00 1.002943E+01
8.443000E+02 2.057662E+00 1.002870E+01
8.452000E+02 2.057660E+00 1.002667E+01
8.461000E+02 2.057657E+00 1.002595E+01
8.470000E+02 2.057653E+00 1.002524E+01
8.479000E+02 2.057650E+00 1.002453E+01
8.488000E+02 2.057646E+00 1.002252E+01
8.497000E+02 2.057642E+00 1.002182E+01
8.506000E+02 2.057638E+00 1.002112E+01
8.515000E+02 2.057634E+00 1.001913E+01
8.524000E+02 2.057629E+00 1.001844E+01
8.533000E+02 2.057625E+00 1.001776E+01
8.542000E+02 2.057620E+00 1.001578E+01
8.551000E+02 2.057615E+00 1.001510E+01
8.560000E+02 2.057609E+00 1.001443E+01
8.569000E+02 2.057604E+00 1.001247E+01
8.578000E+02 2.057598E+00 1.001181E+01
8.587000E+02 2.057592E+00 1.001115E+01
8.596000E+02 2.057585E+00 1.000920E+01
8.605000E+02 2.057579E+00 1.000855E+01
8.614000E+02 2.057572E+00 1.000791E+01
8.623000E+02 2.057565E+00 1.000598E+01
8.632000E+02 2.057558E+00 1.000534E+01
8.641000E+02 2.057551E+00 1.000471E+01
8.650000E+02 2.057543E+00 1.000279E+01
8.659000E+02 2.057535E+00 1.000217E+01
8.668000E+02 2.057527E+00 1.000155E+01
8.677000E+02 2.057519E+00 9.999649E+00
8.686000E+02 2.057511E+00 9.999040E+00
8.695000E+02 2.057502E+00 9.997145E+00
8.704000E+02 2.057494E+00 9.996545E+00
8.713000E+02 2.057485E+00 9.995949E+00
8.722000E+02 2.057475E+00 9.994068E+00
8.731000E+02 2.057466E+00 9.993481E+00
8.740000E+02 2.057456E+00 9.992899E+00
8.749000E+02 2.057447E+00 9.991031E+00
8.758000E+02 2.057437E+00 9.990457E+00
8.767000E+02 2.057426E+00 9.988600E+00
8.776000E+02 2.057416E+00 9.988034E+00
8.785000E+02 2.057405E+00 9.987473E+00
8.794000E+02 2.057394E+00 9.985629E+00
8.803000E+02 2.057383E+00 9.985076E+00
8.812000E+02 2.057372E+00 9.983242E+00
8.821000E+02 2.057361E+00 9.982697E+00
8.830000E+02 2.057349E+00 9.982157E+00
8.839000E+02 2.057338E+00 9.980337E+00
8.848000E+02 2.057326E+00 9.979805E+00
8.857000E+02 2.057313E+00 9.977994E+00
8.866000E+02 2.057301E+00 9.977470E+00
8.875000E+02 2.057288E+00 9.975668E+00
8.884000E+02 2.057276E+00 9.975153E+00
8.893000E+02 2.057263E+00 9.974641E+00
8.902000E+02 2.057250E+00 9.972853E+00
8.911000E+02 2.057236E+00 9.972350E+00
8.920000E+02 2.057223E+00 9.970571E+00
8.929000E+02 2.057209E+00 9.970076E+00
8.938000E+02 2.057195E+00 9.968307E+00
8.947000E+02 2.057181E+00 9.967820E+00
8.956000E+02 2.057167E+00 9.967337E+00
8.965000E+02 2.057153E+00 9.965581E+00
8.974000E+02 2.057138E+00 9.965106E+00
8.983000E+02 2.057123E+00 9.963359E+00
8.992000E+02 2.057108E+00 9.962892E+00
9.001000E+02 2.057093E+00 9.961153E+00
9.010000E+02 2.057078E+00 9.960695E+00
9.019000E+02 2.057062E+00 9.958965E+00
9.028000E+02 2.057046E+00 9.958515E+00
9.037000E+02 2.057031E+00 9.956794E+00
9.046000E+02 2.057015E+00 9.956352E+00
9.055000E+02 2.056998E+00 9.954640E+00
9.064000E+02 2.056982E+00 9.954205E+00
9.073000E+02 2.056965E+00 9.953774E+00
9.082000E+02 2.056949E+00 9.952076E+00
9.091000E+02 2.056932E+00 9.951653E+00
9.100000E+02 2.056914E+00 9.949963E+00
9.109000E+02 2.056897E+00 9.949547E+00
9.118000E+02 2.056880E+00 9.947866E+00
9.127000E+02 2.056862E+00 9.947459E+00
9.136000E+02 2.056844E+00 9.945786E+00
9.145000E+02 2.056826E+00 9.945386E+00
9.154000E+02 2.056808E+00 9.943723E+00
9.163000E+02 2.056790E+00 9.943331E+00
9.172000E+02 2.056771E+00 9.941675E+00
9.181000E+02 2.056753E+00 9.941291E+00
9.190000E+02 2.056734E+00 9.939644E+00
9.199000E+02 2.056715E+00 9.939268E+00
9.208000E+02 2.056696E+00 9.937629E+00
9.217000E+02 2.056676E+00 9.937260E+00
9.226000E+02 2.056657E+00 9.935631E+00
9.235000E+02 2.056637E+00 9.934005E+00
9.244000E+02 2.056617E+00 9.933648E+00
9.253000E+02 2.056597E+00 9.932031E+00
9.262000E+02 2.056577E+00 9.931681E+00
9.271000E+02 2.056557E+00 9.930072E+00
9.280000E+02 2.056537E+00 9.929730E+00
9.289000E+02 2.056516E+00 9.928130E+00
9.298000E+02 2.056495E+00 9.927795E+00
9.307000E+02 2.056474E+00 9.926203E+00
9.316000E+02 2.056453E+00 9.925875E+00
9.325000E+02 2.056432E+00 9.924292E+00
9.334000E+02 2.056410E+00 9.923972E+00
9.343000E+02 2.056389E+00 9.922396E+00
9.352000E+02 2.056367E+00 9.920825E+00
9.361000E+02 2.056345E+00 9.920516E+00
9.370000E+02 2.056323E+00 9.918953E+00
9.379000E+02 2.056301E+00 9.918652E+00
9.388000E+02 2.056278E+00 9.917097E+00
9.397000E+02 2.056256E+00 9.916802E+00
9.406000E+02 2.056233E+00 9.915256E+00
9.415000E+02 2.056210E+00 9.914969E+00
9.424000E+02 2.056187E+00 9.913430E+00
9.433000E+02 2.056164E+00 9.911896E+00
9.442000E+02 2.056141E+00 9.911619E+00
9.451000E+02 2.056118E+00 9.910093E+00
9.460000E+02 2.056094E+00 9.909824E+00
9.469000E+02 2.056070E+00 9.908305E+00
9.478000E+02 2.056046E+00 9.908044E+00
9.487000E+02 2.056022E+00 9.906533E+00
9.496000E+02 2.055998E+00 9.905027E+00
9.505000E+02 2.055974E+00 9.904776E+00
9.514000E+02 2.055949E+00 9.903277E+00
9.523000E+02 2.055925E+00 9.903033E+00
9.532000E+02 2.055900E+00 9.901543E+00
9.541000E+02 2.055875E+00 9.900056E+00
9.550000E+02 2.055850E+00 9.899823E+00
9.559000E+02 2.055825E+00 9.898344E+00
9.568000E+02 2.055799E+00 9.898118E+00
9.577000E+02 2.055774E+00 9.896647E+00
9.586000E+02 2.055748E+00 9.895180E+00
9.595000E+02 2.055722E+00 9.894964E+00
9.604000E+02 2.055696E+00 9.893505E+00
9.613000E+02 2.055670E+00 9.892050E+00
9.622000E+02 2.055644E+00 9.891844E+00
9.631000E+02 2.055618E+00 9.890397E+00
9.640000E+02 2.055591E+00 9.890198E+00
9.649000E+02 2.055565E+00 9.888758E+00
9.658000E+02 2.055538E+00 9.887323E+00
9.667000E+02 2.055511E+00 9.887134E+00
9.676000E+02 2.055484E+00 9.885706E+00
9.685000E+02 2.055457E+00 9.884282E+00
9.694000E+02 2.055429E+00 9.884104E+00
9.703000E+02 2.055402E+00 9.882687E+00
9.712000E+02 2.055374E+00 9.881274E+00
9.721000E+02 2.055346E+00 9.881107E+00
9.730000E+02 2.055319E+00 9.879701E+00
9.739000E+02 2.055291E+00 9.879540E+00
9.748000E+02 2.055262E+00 9.878142E+00
9.757000E+02 2.055234E+00 9.876748E+00
9.766000E+02 2.055206E+00 9.876597E+00
9.775000E+02 2.055177E+00 9.875211E+00
9.784000E+02 2.055149E+00 9.873828E+00
9.793000E+02 2.055120E+00 9.873687E+00
9.802000E+02 2.055091E+00 9.872312E+00
9.811000E+02 2.055062E+00 9.870940E+00
9.820000E+02 2.055033E+00 9.870809E+00
9.829000E+02 2.055003E+00 9.869445E+00
9.838000E+02 2.054974E+00 9.868084E+00
9.847000E+02 2.054944E+00 9.867964E+00
9.856000E+02 2.054914E+00 9.866610E+00
9.865000E+02 2.054885E+00 9.865261E+00
9.874000E+02 2.054855E+00 9.863915E+00
9.883000E+02 2.054825E+00 9.863808E+00
9.892000E+02 2.054794E+00 9.862469E+00
9.901000E+02 2.054764E+00 9.861134E+00
9.910000E+02 2.054734E+00 9.861037E+00
9.919000E+02 2.054703E+00 9.859709E+00
9.928000E+02 2.054672E+00 9.858385E+00
9.937000E+02 2.054641E+00 9.858297E+00
9.946000E+02 2.054610E+00 9.856980E+00
9.955000E+02 2.054579E+00 9.855667E+00
9.964000E+02 2.054548E+00 9.855589E+00
9.973000E+02 2.054517E+00 9.854283E+00
9.982000E+02 2.054485E+00 9.852981E+00
9.991000E+02 2.054454E+00 9.851682E+00
