1.000000E+00 NAN NAN
1.099000E+00 NAN 2.410195E+01
1.198000E+00 1.244898E-01 2.039568E+01
1.297000E+00 1.299496E-01 1.811097E+01
1.396000E+00 1.353893E-01 1.745138E+01
1.495000E+00 1.407989E-01 1.692481E+01
1.594000E+00 1.461729E-01 1.649904E+01
1.693000E+00 1.515077E-01 1.603879E+01
1.792000E+00 1.568012E-01 1.565711E+01
1.891000E+00 1.620518E-01 1.533772E+01
1.990000E+00 1.672587E-01 1.506849E+01
2.089000E+00 1.724213E-01 1.484021E+01
2.188000E+00 1.775396E-01 1.464578E+01
2.287000E+00 1.826138E-01 1.447965E+01
2.386000E+00 1.876440E-01 1.426640E+01
2.485000E+00 1.926309E-01 1.414754E+01
2.584000E+00 1.975748E-01 1.398123E+01
2.683000E+00 2.024764E-01 1.383507E+01
2.782000E+00 2.073366E-01 1.376518E+01
2.881000E+00 2.121557E-01 1.364910E+01
2.980000E+00 2.169346E-01 1.354643E+01
3.079000E+00 2.216740E-01 1.345554E+01
3.178000E+00 2.263745E-01 1.337503E+01
3.277000E+00 2.310369E-01 1.330373E+01
3.376000E+00 2.356618E-01 1.319306E+01
3.475000E+00 2.402501E-01 1.313865E+01
3.574000E+00 2.448023E-01 1.309071E+01
3.673000E+00 2.493192E-01 1.300509E+01
3.772000E+00 2.538015E-01 1.296930E+01
3.871000E+00 2.582496E-01 1.289701E+01
3.970000E+00 2.626643E-01 1.287109E+01
4.069000E+00 2.670461E-01 1.280982E+01
4.168000E+00 2.713958E-01 1.279201E+01
4.267000E+00 2.757137E-01 1.273992E+01
4.366000E+00 2.800006E-01 1.269231E+01
4.465000E+00 2.842569E-01 1.264880E+01
4.564000E+00 2.884832E-01 1.264397E+01
4.663000E+00 2.926799E-01 1.260696E+01
4.762000E+00 2.968477E-01 1.257318E+01
4.861000E+00 3.009869E-01 1.254240E+01
4.960000E+00 3.050981E-01 1.251439E+01
5.059000E+00 3.091818E-01 1.248895E+01
5.158000E+00 3.132383E-01 1.246589E+01
5.257000E+00 3.172682E-01 1.244505E+01
5.356000E+00 3.212717E-01 1.242627E+01
5.455000E+00 3.252494E-01 1.240942E+01
5.554000E+00 3.292017E-01 1.236531E+01
5.653000E+00 3.331289E-01 1.235239E+01
5.752000E+00 3.370315E-01 1.234102E+01
5.851000E+00 3.409098E-01 1.233111E+01
5.950000E+00 3.447641E-01 1.229526E+01
6.049000E+00 3.485949E-01 1.228838E+01
6.148000E+00 3.524024E-01 1.228269E+01
6.247000E+00 3.561871E-01 1.225197E+01
6.346000E+00 3.599492E-01 1.224879E+01
6.445000E+00 3.636890E-01 1.222117E+01
6.544000E+00 3.674069E-01 1.222020E+01
6.643000E+00 3.711031E-01 1.222012E+01
6.742000E+00 3.747780E-01 1.219636E+01
6.841000E+00 3.784319E-01 1.217400E+01
6.940000E+00 3.820650E-01 1.217675E+01
7.039000E+00 3.856776E-01 1.215663E+01
7.138000E+00 3.892700E-01 1.216096E+01
7.237000E+00 3.928424E-01 1.214285E+01
7.336000E+00 3.963951E-01 1.212584E+01
7.435000E+00 3.999284E-01 1.213232E+01
7.534000E+00 4.034425E-01 1.211704E+01
7.633000E+00 4.069376E-01 1.210271E+01
7.732000E+00 4.104140E-01 1.211102E+01
7.831000E+00 4.138718E-01 1.209819E+01
7.930000E+00 4.173114E-01 1.208619E+01
8.029000E+00 4.207329E-01 1.207497E+01
8.128000E+00 4.241366E-01 1.208538E+01
8.227000E+00 4.275227E-01 1.207541E+01
8.326000E+00 4.308913E-01 1.206613E+01
8.425000E+00 4.342427E-01 1.205751E+01
8.524000E+00 4.375771E-01 1.204953E+01
8.623000E+00 4.408947E-01 1.204215E+01
8.722000E+00 4.441956E-01 1.203536E+01
8.821000E+00 4.474801E-01 1.202911E+01
8.920000E+00 4.507484E-01 1.204276E+01
9.019000E+00 4.540005E-01 1.203739E+01
9.118000E+00 4.572368E-01 1.203252E+01
9.217000E+00 4.604573E-01 1.202812E+01
9.316000E+00 4.636622E-01 1.202418E+01
9.415000E+00 4.668517E-01 1.202068E+01
9.514000E+00 4.700260E-01 1.199922E+01
9.613000E+00 4.731852E-01 1.199670E+01
9.712000E+00 4.763295E-01 1.199456E+01
9.811000E+00 4.794591E-01 1.199280E+01
9.910000E+00 4.825740E-01 1.199139E+01
1.000900E+01 4.856745E-01 1.199033E+01
1.010800E+01 4.887607E-01 1.198961E+01
1.020700E+01 4.918328E-01 1.198921E+01
1.030600E+01 4.948907E-01 1.198912E+01
1.040500E+01 4.979348E-01 1.197219E+01
1.050400E+01 5.009651E-01 1.197281E+01
1.060300E+01 5.039818E-01 1.197370E+01
1.070200E+01 5.069849E-01 1.197485E+01
1.080100E+01 5.099747E-01 1.197627E+01
1.090000E+01 5.129513E-01 1.196140E+01
1.099900E+01 5.159147E-01 1.196341E+01
1.109800E+01 5.188652E-01 1.196565E+01
1.119700E+01 5.218027E-01 1.196811E+01
1.129600E+01 5.247276E-01 1.195471E+01
1.139500E+01 5.276398E-01 1.195769E+01
1.149400E+01 5.305395E-01 1.196088E+01
1.159300E+01 5.334268E-01 1.194849E+01
1.169200E+01 5.363018E-01 1.195214E+01
1.179100E+01 5.391647E-01 1.195598E+01
1.189000E+01 5.420154E-01 1.194452E+01
1.198900E+01 5.448543E-01 1.194878E+01
1.208800E+01 5.476812E-01 1.195320E+01
1.218700E+01 5.504964E-01 1.194260E+01
1.228600E+01 5.533000E-01 1.194741E+01
1.238500E+01 5.560920E-01 1.193738E+01
1.248400E+01 5.588726E-01 1.194255E+01
1.258300E+01 5.616418E-01 1.193306E+01
1.268200E+01 5.643997E-01 1.193857E+01
1.278100E+01 5.671465E-01 1.194422E+01
1.288000E+01 5.698822E-01 1.193542E+01
1.297900E+01 5.726069E-01 1.194138E+01
1.307800E+01 5.753208E-01 1.193305E+01
1.317700E+01 5.780238E-01 1.193930E+01
1.327600E+01 5.807162E-01 1.193142E+01
1.337500E+01 5.833979E-01 1.193794E+01
1.347400E+01 5.860691E-01 1.193049E+01
1.357300E+01 5.887299E-01 1.192328E+01
1.367200E+01 5.913802E-01 1.193022E+01
1.377100E+01 5.940203E-01 1.192340E+01
1.387000E+01 5.966502E-01 1.193057E+01
1.396900E+01 5.992700E-01 1.192413E+01
1.406800E+01 6.018797E-01 1.193153E+01
1.416700E+01 6.044795E-01 1.192543E+01
1.426600E+01 6.070693E-01 1.191955E+01
1.436500E+01 6.096494E-01 1.192729E+01
1.446400E+01 6.122197E-01 1.192174E+01
1.456300E+01 6.147803E-01 1.192966E+01
1.466200E+01 6.173313E-01 1.192442E+01
1.476100E+01 6.198729E-01 1.191937E+01
1.486000E+01 6.224049E-01 1.192759E+01
1.495900E+01 6.249276E-01 1.192283E+01
1.505800E+01 6.274410E-01 1.191824E+01
1.515700E+01 6.299452E-01 1.192673E+01
1.525600E+01 6.324401E-01 1.192241E+01
1.535500E+01 6.349260E-01 1.191826E+01
1.545400E+01 6.374028E-01 1.191427E+01
1.555300E+01 6.398707E-01 1.192309E+01
1.565200E+01 6.423297E-01 1.191935E+01
1.575100E+01 6.447798E-01 1.191576E+01
1.585000E+01 6.472211E-01 1.192480E+01
1.594900E+01 6.496537E-01 1.192144E+01
1.604800E+01 6.520777E-01 1.191822E+01
1.614700E+01 6.544931E-01 1.191513E+01
1.624600E+01 6.568999E-01 1.192445E+01
1.634500E+01 6.592983E-01 1.192158E+01
1.644400E+01 6.616882E-01 1.191884E+01
1.654300E+01 6.640698E-01 1.191622E+01
1.664200E+01 6.664431E-01 1.191373E+01
1.674100E+01 6.688082E-01 1.192336E+01
1.684000E+01 6.711650E-01 1.192106E+01
1.693900E+01 6.735138E-01 1.191887E+01
1.703800E+01 6.758544E-01 1.191680E+01
1.713700E+01 6.781870E-01 1.191484E+01
1.723600E+01 6.805117E-01 1.191299E+01
1.733500E+01 6.828284E-01 1.192296E+01
1.743400E+01 6.851373E-01 1.192127E+01
1.753300E+01 6.874384E-01 1.191969E+01
1.763200E+01 6.897317E-01 1.191821E+01
1.773100E+01 6.920172E-01 1.191683E+01
1.783000E+01 6.942952E-01 1.191555E+01
1.792900E+01 6.965655E-01 1.191437E+01
1.802800E+01 6.988282E-01 1.191327E+01
1.812700E+01 7.010834E-01 1.192361E+01
1.822600E+01 7.033312E-01 1.192266E+01
1.832500E+01 7.055715E-01 1.192179E+01
1.842400E+01 7.078045E-01 1.192102E+01
1.852300E+01 7.100301E-01 1.192032E+01
1.862200E+01 7.122485E-01 1.191971E+01
1.872100E+01 7.144596E-01 1.191919E+01
1.882000E+01 7.166636E-01 1.191874E+01
1.891900E+01 7.188604E-01 1.191838E+01
1.901800E+01 7.210501E-01 1.191809E+01
1.911700E+01 7.232327E-01 1.191787E+01
1.921600E+01 7.254084E-01 1.191774E+01
1.931500E+01 7.275770E-01 1.191767E+01
1.941400E+01 7.297388E-01 1.191768E+01
1.951300E+01 7.318936E-01 1.191776E+01
1.961200E+01 7.340416E-01 1.191791E+01
1.971100E+01 7.361829E-01 1.191812E+01
1.981000E+01 7.383173E-01 1.191840E+01
1.990900E+01 7.404450E-01 1.191875E+01
2.000800E+01 7.425661E-01 1.191916E+01
2.010700E+01 7.446805E-01 1.191964E+01
2.020600E+01 7.467883E-01 1.192018E+01
2.030500E+01 7.488896E-01 1.192078E+01
2.040400E+01 7.509843E-01 1.192143E+01
2.050300E+01 7.530726E-01 1.192215E+01
2.060200E+01 7.551544E-01 1.192293E+01
2.070100E+01 7.572298E-01 1.192376E+01
2.080000E+01 7.592988E-01 1.192465E+01
2.089900E+01 7.613615E-01 1.192559E+01
2.099800E+01 7.634179E-01 1.192659E+01
2.109700E+01 7.654680E-01 1.191744E+01
2.119600E+01 7.675119E-01 1.191858E+01
2.129500E+01 7.695496E-01 1.191976E+01
2.139400E+01 7.715812E-01 1.192100E+01
2.149300E+01 7.736066E-01 1.192228E+01
2.159200E+01 7.756260E-01 1.192361E+01
2.169100E+01 7.776393E-01 1.192499E+01
2.179000E+01 7.796465E-01 1.192642E+01
2.188900E+01 7.816478E-01 1.192789E+01
2.198800E+01 7.836431E-01 1.191950E+01
2.208700E+01 7.856325E-01 1.192109E+01
2.218600E+01 7.876160E-01 1.192272E+01
2.228500E+01 7.895937E-01 1.192440E+01
2.238400E+01 7.915655E-01 1.192612E+01
2.248300E+01 7.935316E-01 1.192788E+01
2.258200E+01 7.954919E-01 1.192968E+01
2.268100E+01 7.974464E-01 1.192182E+01
2.278000E+01 7.993953E-01 1.192373E+01
2.287900E+01 8.013385E-01 1.192567E+01
2.297800E+01 8.032760E-01 1.192765E+01
2.307700E+01 8.052080E-01 1.192967E+01
2.317600E+01 8.071344E-01 1.192218E+01
2.327500E+01 8.090552E-01 1.192430E+01
2.337400E+01 8.109705E-01 1.192645E+01
2.347300E+01 8.128803E-01 1.192864E+01
2.357200E+01 8.147847E-01 1.193086E+01
2.367100E+01 8.166836E-01 1.192370E+01
2.377000E+01 8.185771E-01 1.192601E+01
2.386900E+01 8.204653E-01 1.192836E+01
2.396800E+01 8.223481E-01 1.193074E+01
2.406700E+01 8.242256E-01 1.192384E+01
2.416600E+01 8.260977E-01 1.192630E+01
2.426500E+01 8.279647E-01 1.192879E+01
2.436400E+01 8.298264E-01 1.193132E+01
2.446300E+01 8.316828E-01 1.192467E+01
2.456200E+01 8.335341E-01 1.192727E+01
2.466100E+01 8.353803E-01 1.192990E+01
2.476000E+01 8.372213E-01 1.193256E+01
2.485900E+01 8.390571E-01 1.192614E+01
2.495800E+01 8.408880E-01 1.192888E+01
2.505700E+01 8.427137E-01 1.193164E+01
2.515600E+01 8.445345E-01 1.193443E+01
2.525500E+01 8.463502E-01 1.192824E+01
2.535400E+01 8.481609E-01 1.193110E+01
2.545300E+01 8.499667E-01 1.193398E+01
2.555200E+01 8.517676E-01 1.192795E+01
2.565100E+01 8.535635E-01 1.193091E+01
2.575000E+01 8.553546E-01 1.193389E+01
2.584900E+01 8.571408E-01 1.192802E+01
2.594800E+01 8.589222E-01 1.193106E+01
2.604700E+01 8.606988E-01 1.193413E+01
2.614600E+01 8.624706E-01 1.193722E+01
2.624500E+01 8.642376E-01 1.193155E+01
2.634400E+01 8.659999E-01 1.193470E+01
2.644300E+01 8.677574E-01 1.193787E+01
2.654200E+01 8.695103E-01 1.193235E+01
2.664100E+01 8.712585E-01 1.193557E+01
2.674000E+01 8.730020E-01 1.193016E+01
2.683900E+01 8.747409E-01 1.193345E+01
2.693800E+01 8.764752E-01 1.193675E+01
2.703700E+01 8.782050E-01 1.193148E+01
2.713600E+01 8.799301E-01 1.193484E+01
2.723500E+01 8.816507E-01 1.193822E+01
2.733400E+01 8.833668E-01 1.193308E+01
2.743300E+01 8.850784E-01 1.193651E+01
2.753200E+01 8.867856E-01 1.193996E+01
2.763100E+01 8.884882E-01 1.193495E+01
2.773000E+01 8.901864E-01 1.193846E+01
2.782900E+01 8.918803E-01 1.193354E+01
2.792800E+01 8.935697E-01 1.193709E+01
2.802700E+01 8.952547E-01 1.194066E+01
2.812600E+01 8.969354E-01 1.193586E+01
2.822500E+01 8.986118E-01 1.193948E+01
2.832400E+01 9.002838E-01 1.193477E+01
2.842300E+01 9.019515E-01 1.193843E+01
2.852200E+01 9.036150E-01 1.193381E+01
2.862100E+01 9.052742E-01 1.193752E+01
2.872000E+01 9.069292E-01 1.194124E+01
2.881900E+01 9.085799E-01 1.193673E+01
2.891800E+01 9.102265E-01 1.194049E+01
2.901700E+01 9.118689E-01 1.193607E+01
2.911600E+01 9.135071E-01 1.193987E+01
2.921500E+01 9.151412E-01 1.193552E+01
2.931400E+01 9.167711E-01 1.193937E+01
2.941300E+01 9.183970E-01 1.194323E+01
2.951200E+01 9.200187E-01 1.193898E+01
2.961100E+01 9.216364E-01 1.194288E+01
2.971000E+01 9.232501E-01 1.193872E+01
2.980900E+01 9.248597E-01 1.194265E+01
2.990800E+01 9.264653E-01 1.193856E+01
3.000700E+01 9.280669E-01 1.194253E+01
3.010600E+01 9.296645E-01 1.193851E+01
3.020500E+01 9.312581E-01 1.194252E+01
3.030400E+01 9.328478E-01 1.193857E+01
3.040300E+01 9.344336E-01 1.194261E+01
3.050200E+01 9.360155E-01 1.193873E+01
3.060100E+01 9.375935E-01 1.194281E+01
3.070000E+01 9.391675E-01 1.193900E+01
3.079900E+01 9.407378E-01 1.194311E+01
3.089800E+01 9.423042E-01 1.193936E+01
3.099700E+01 9.438667E-01 1.194350E+01
3.109600E+01 9.454255E-01 1.193982E+01
3.119500E+01 9.469804E-01 1.194400E+01
3.129400E+01 9.485316E-01 1.194038E+01
3.139300E+01 9.500790E-01 1.194458E+01
3.149200E+01 9.516227E-01 1.194103E+01
3.159100E+01 9.531626E-01 1.194526E+01
3.169000E+01 9.546988E-01 1.194177E+01
3.178900E+01 9.562313E-01 1.194603E+01
3.188800E+01 9.577602E-01 1.194260E+01
3.198700E+01 9.592853E-01 1.194689E+01
3.208600E+01 9.608069E-01 1.194352E+01
3.218500E+01 9.623247E-01 1.194018E+01
3.228400E+01 9.638390E-01 1.194452E+01
3.238300E+01 9.653496E-01 1.194124E+01
3.248200E+01 9.668567E-01 1.194560E+01
3.258100E+01 9.683601E-01 1.194238E+01
3.268000E+01 9.698600E-01 1.194677E+01
3.277900E+01 9.713564E-01 1.194360E+01
3.287800E+01 9.728492E-01 1.194802E+01
3.297700E+01 9.743385E-01 1.194490E+01
3.307600E+01 9.758243E-01 1.194182E+01
3.317500E+01 9.773066E-01 1.194628E+01
3.327400E+01 9.787854E-01 1.194325E+01
3.337300E+01 9.802607E-01 1.194773E+01
3.347200E+01 9.817326E-01 1.194475E+01
3.357100E+01 9.832011E-01 1.194926E+01
3.367000E+01 9.846661E-01 1.194633E+01
3.376900E+01 9.861278E-01 1.194344E+01
3.386800E+01 9.875860E-01 1.194798E+01
3.396700E+01 9.890408E-01 1.194513E+01
3.406600E+01 9.904923E-01 1.194969E+01
3.416500E+01 9.919405E-01 1.194690E+01
3.426400E+01 9.933852E-01 1.194414E+01
3.436300E+01 9.948267E-01 1.194873E+01
3.446200E+01 9.962649E-01 1.194601E+01
3.456100E+01 9.976997E-01 1.194333E+01
3.466000E+01 9.991313E-01 1.194796E+01
3.475900E+01 1.000560E+00 1.194532E+01
3.485800E+01 1.001985E+00 1.194997E+01
3.495700E+01 1.003406E+00 1.194737E+01
3.505600E+01 1.004825E+00 1.194480E+01
3.515500E+01 1.006240E+00 1.194948E+01
3.525400E+01 1.007652E+00 1.194696E+01
3.535300E+01 1.009061E+00 1.194446E+01
3.545200E+01 1.010467E+00 1.194918E+01
3.555100E+01 1.011869E+00 1.194672E+01
3.565000E+01 1.013269E+00 1.195145E+01
3.574900E+01 1.014665E+00 1.194904E+01
3.584800E+01 1.016058E+00 1.194665E+01
3.594700E+01 1.017448E+00 1.195141E+01
3.604600E+01 1.018835E+00 1.194907E+01
3.614500E+01 1.020219E+00 1.194675E+01
3.624400E+01 1.021599E+00 1.195154E+01
3.634300E+01 1.022977E+00 1.194926E+01
3.644200E+01 1.024351E+00 1.194701E+01
3.654100E+01 1.025723E+00 1.195182E+01
3.664000E+01 1.027091E+00 1.194960E+01
3.673900E+01 1.028457E+00 1.194741E+01
3.683800E+01 1.029819E+00 1.195225E+01
3.693700E+01 1.031178E+00 1.195010E+01
3.703600E+01 1.032535E+00 1.194797E+01
3.713500E+01 1.033888E+00 1.194587E+01
3.723400E+01 1.035238E+00 1.195075E+01
3.733300E+01 1.036586E+00 1.194868E+01
3.743200E+01 1.037930E+00 1.194664E+01
3.753100E+01 1.039272E+00 1.195154E+01
3.763000E+01 1.040610E+00 1.194953E+01
3.772900E+01 1.041946E+00 1.194754E+01
3.782800E+01 1.043279E+00 1.195246E+01
3.792700E+01 1.044608E+00 1.195051E+01
3.802600E+01 1.045935E+00 1.194859E+01
3.812500E+01 1.047260E+00 1.194668E+01
3.822400E+01 1.048581E+00 1.195163E+01
3.832300E+01 1.049899E+00 1.194976E+01
3.842200E+01 1.051215E+00 1.194791E+01
3.852100E+01 1.052527E+00 1.195288E+01
3.862000E+01 1.053837E+00 1.195107E+01
3.871900E+01 1.055144E+00 1.194927E+01
3.881800E+01 1.056448E+00 1.194750E+01
3.891700E+01 1.057750E+00 1.195250E+01
3.901600E+01 1.059048E+00 1.195075E+01
3.911500E+01 1.060344E+00 1.194903E+01
3.921400E+01 1.061637E+00 1.194733E+01
3.931300E+01 1.062928E+00 1.195236E+01
3.941200E+01 1.064215E+00 1.195068E+01
3.951100E+01 1.065500E+00 1.194903E+01
3.961000E+01 1.066782E+00 1.194740E+01
3.970900E+01 1.068062E+00 1.195246E+01
3.980800E+01 1.069339E+00 1.195085E+01
3.990700E+01 1.070613E+00 1.194927E+01
4.000600E+01 1.071884E+00 1.194771E+01
4.010500E+01 1.073153E+00 1.195278E+01
4.020400E+01 1.074419E+00 1.195125E+01
4.030300E+01 1.075682E+00 1.194973E+01
4.040200E+01 1.076942E+00 1.194823E+01
4.050100E+01 1.078201E+00 1.195334E+01
4.060000E+01 1.079456E+00 1.195187E+01
4.069900E+01 1.080709E+00 1.195041E+01
4.079800E+01 1.081959E+00 1.194898E+01
4.089700E+01 1.083206E+00 1.194756E+01
4.099600E+01 1.084451E+00 1.195270E+01
4.109500E+01 1.085694E+00 1.195131E+01
4.119400E+01 1.086934E+00 1.194993E+01
4.129300E+01 1.088171E+00 1.194858E+01
4.139200E+01 1.089405E+00 1.194724E+01
4.149100E+01 1.090638E+00 1.195240E+01
4.159000E+01 1.091867E+00 1.195109E+01
4.168900E+01 1.093094E+00 1.194980E+01
4.178800E+01 1.094319E+00 1.194852E+01
4.188700E+01 1.095541E+00 1.194726E+01
4.198600E+01 1.096760E+00 1.195244E+01
4.208500E+01 1.097977E+00 1.195121E+01
4.218400E+01 1.099192E+00 1.194999E+01
4.228300E+01 1.100404E+00 1.194878E+01
4.238200E+01 1.101613E+00 1.194760E+01
4.248100E+01 1.102820E+00 1.195281E+01
4.258000E+01 1.104025E+00 1.195164E+01
4.267900E+01 1.105227E+00 1.195049E+01
4.277800E+01 1.106427E+00 1.194936E+01
4.287700E+01 1.107624E+00 1.194824E+01
4.297600E+01 1.108819E+00 1.195348E+01
4.307500E+01 1.110012E+00 1.195238E+01
4.317400E+01 1.111202E+00 1.195130E+01
4.327300E+01 1.112389E+00 1.195023E+01
4.337200E+01 1.113575E+00 1.194918E+01
4.347100E+01 1.114758E+00 1.194815E+01
4.357000E+01 1.115938E+00 1.194713E+01
4.366900E+01 1.117116E+00 1.195240E+01
4.376800E+01 1.118292E+00 1.195140E+01
4.386700E+01 1.119465E+00 1.195041E+01
4.396600E+01 1.120637E+00 1.194944E+01
4.406500E+01 1.121805E+00 1.194849E+01
4.416400E+01 1.122972E+00 1.194755E+01
4.426300E+01 1.124136E+00 1.195284E+01
4.436200E+01 1.125298E+00 1.195192E+01
4.446100E+01 1.126457E+00 1.195101E+01
4.456000E+01 1.127614E+00 1.195012E+01
4.465900E+01 1.128769E+00 1.194924E+01
4.475800E+01 1.129922E+00 1.194837E+01
4.485700E+01 1.131072E+00 1.194752E+01
4.495600E+01 1.132220E+00 1.194668E+01
4.505500E+01 1.133366E+00 1.195200E+01
4.515400E+01 1.134510E+00 1.195119E+01
4.525300E+01 1.135651E+00 1.195038E+01
4.535200E+01 1.136790E+00 1.194959E+01
4.545100E+01 1.137927E+00 1.194881E+01
4.555000E+01 1.139062E+00 1.194804E+01
4.564900E+01 1.140194E+00 1.194729E+01
4.574800E+01 1.141324E+00 1.194655E+01
4.584700E+01 1.142452E+00 1.195189E+01
4.594600E+01 1.143578E+00 1.195117E+01
4.604500E+01 1.144701E+00 1.195046E+01
4.614400E+01 1.145823E+00 1.194976E+01
4.624300E+01 1.146942E+00 1.194907E+01
4.634200E+01 1.148059E+00 1.194840E+01
4.644100E+01 1.149174E+00 1.194774E+01
4.654000E+01 1.150287E+00 1.194709E+01
4.663900E+01 1.151397E+00 1.194645E+01
4.673800E+01 1.152506E+00 1.194583E+01
4.683700E+01 1.153612E+00 1.195121E+01
4.693600E+01 1.154716E+00 1.195060E+01
4.703500E+01 1.155819E+00 1.195000E+01
4.713400E+01 1.156919E+00 1.194941E+01
4.723300E+01 1.158016E+00 1.194884E+01
4.733200E+01 1.159112E+00 1.194828E+01
4.743100E+01 1.160206E+00 1.194773E+01
4.753000E+01 1.161297E+00 1.194719E+01
4.762900E+01 1.162387E+00 1.194666E+01
4.772800E+01 1.163474E+00 1.194614E+01
4.782700E+01 1.164560E+00 1.194564E+01
4.792600E+01 1.165643E+00 1.194514E+01
4.802500E+01 1.166724E+00 1.195056E+01
4.812400E+01 1.167803E+00 1.195008E+01
4.822300E+01 1.168880E+00 1.194961E+01
4.832200E+01 1.169956E+00 1.194915E+01
4.842100E+01 1.171029E+00 1.194870E+01
4.852000E+01 1.172100E+00 1.194826E+01
4.861900E+01 1.173169E+00 1.194783E+01
4.871800E+01 1.174236E+00 1.194742E+01
4.881700E+01 1.175301E+00 1.194701E+01
4.891600E+01 1.176364E+00 1.194662E+01
4.901500E+01 1.177425E+00 1.194623E+01
4.911400E+01 1.178484E+00 1.194586E+01
4.921300E+01 1.179541E+00 1.194549E+01
4.931200E+01 1.180596E+00 1.194514E+01
4.941100E+01 1.181649E+00 1.194479E+01
4.951000E+01 1.182700E+00 1.194446E+01
4.960900E+01 1.183749E+00 1.194413E+01
4.970800E+01 1.184797E+00 1.194382E+01
4.980700E+01 1.185842E+00 1.194352E+01
4.990600E+01 1.186885E+00 1.194322E+01
5.000500E+01 1.187927E+00 1.194868E+01
5.010400E+01 1.188966E+00 1.194840E+01
5.020300E+01 1.190004E+00 1.194813E+01
5.030200E+01 1.191039E+00 1.194786E+01
5.040100E+01 1.192073E+00 1.194761E+01
5.050000E+01 1.193105E+00 1.194736E+01
5.059900E+01 1.194135E+00 1.194713E+01
5.069800E+01 1.195163E+00 1.194690E+01
5.079700E+01 1.196189E+00 1.194668E+01
5.089600E+01 1.197213E+00 1.194647E+01
5.099500E+01 1.198236E+00 1.194627E+01
5.109400E+01 1.199256E+00 1.194608E+01
5.119300E+01 1.200275E+00 1.194590E+01
5.129200E+01 1.201292E+00 1.194573E+01
5.139100E+01 1.202306E+00 1.194557E+01
5.149000E+01 1.203320E+00 1.194541E+01
5.158900E+01 1.204331E+00 1.194527E+01
5.168800E+01 1.205340E+00 1.194513E+01
5.178700E+01 1.206348E+00 1.194500E+01
5.188600E+01 1.207353E+00 1.194488E+01
5.198500E+01 1.208357E+00 1.194477E+01
5.208400E+01 1.209360E+00 1.194466E+01
5.218300E+01 1.210360E+00 1.194457E+01
5.228200E+01 1.211358E+00 1.194448E+01
5.238100E+01 1.212355E+00 1.194440E+01
5.248000E+01 1.213350E+00 1.194433E+01
5.257900E+01 1.214343E+00 1.194427E+01
5.267800E+01 1.215334E+00 1.194422E+01
5.277700E+01 1.216324E+00 1.194417E+01
5.287600E+01 1.217311E+00 1.194414E+01
5.297500E+01 1.218297E+00 1.194411E+01
5.307400E+01 1.219282E+00 1.194409E+01
5.317300E+01 1.220264E+00 1.194407E+01
5.327200E+01 1.221245E+00 1.194407E+01
5.337100E+01 1.222224E+00 1.194407E+01
5.347000E+01 1.223201E+00 1.194408E+01
5.356900E+01 1.224176E+00 1.194410E+01
5.366800E+01 1.225150E+00 1.194412E+01
5.376700E+01 1.226122E+00 1.193866E+01
5.386600E+01 1.227092E+00 1.193871E+01
5.396500E+01 1.228061E+00 1.193876E+01
5.406400E+01 1.229028E+00 1.193882E+01
5.416300E+01 1.229993E+00 1.193889E+01
5.426200E+01 1.230956E+00 1.193897E+01
5.436100E+01 1.231918E+00 1.193905E+01
5.446000E+01 1.232878E+00 1.193914E+01
5.455900E+01 1.233836E+00 1.193924E+01
5.465800E+01 1.234793E+00 1.193935E+01
5.475700E+01 1.235748E+00 1.193946E+01
5.485600E+01 1.236701E+00 1.193958E+01
5.495500E+01 1.237653E+00 1.193970E+01
5.505400E+01 1.238603E+00 1.193984E+01
5.515300E+01 1.239551E+00 1.193998E+01
5.525200E+01 1.240498E+00 1.194013E+01
5.535100E+01 1.241443E+00 1.194028E+01
5.545000E+01 1.242386E+00 1.194044E+01
5.554900E+01 1.243327E+00 1.194061E+01
5.564800E+01 1.244267E+00 1.194078E+01
5.574700E+01 1.245206E+00 1.194096E+01
5.584600E+01 1.246143E+00 1.193579E+01
5.594500E+01 1.247078E+00 1.193599E+01
5.604400E+01 1.248011E+00 1.193620E+01
5.614300E+01 1.248943E+00 1.193641E+01
5.624200E+01 1.249873E+00 1.193663E+01
5.634100E+01 1.250802E+00 1.193686E+01
5.644000E+01 1.251729E+00 1.193709E+01
5.653900E+01 1.252655E+00 1.193733E+01
5.663800E+01 1.253578E+00 1.193758E+01
5.673700E+01 1.254501E+00 1.193783E+01
5.683600E+01 1.255421E+00 1.193809E+01
5.693500E+01 1.256340E+00 1.193835E+01
5.703400E+01 1.257258E+00 1.193862E+01
5.713300E+01 1.258174E+00 1.193361E+01
5.723200E+01 1.259088E+00 1.193390E+01
5.733100E+01 1.260001E+00 1.193420E+01
5.743000E+01 1.260912E+00 1.193450E+01
5.752900E+01 1.261822E+00 1.193480E+01
5.762800E+01 1.262730E+00 1.193512E+01
5.772700E+01 1.263637E+00 1.193543E+01
5.782600E+01 1.264542E+00 1.193576E+01
5.792500E+01 1.265445E+00 1.193609E+01
5.802400E+01 1.266347E+00 1.193643E+01
5.812300E+01 1.267248E+00 1.193677E+01
5.822200E+01 1.268147E+00 1.193189E+01
5.832100E+01 1.269044E+00 1.193225E+01
5.842000E+01 1.269940E+00 1.193262E+01
5.851900E+01 1.270834E+00 1.193299E+01
5.861800E+01 1.271727E+00 1.193336E+01
5.871700E+01 1.272619E+00 1.193374E+01
5.881600E+01 1.273508E+00 1.193413E+01
5.891500E+01 1.274397E+00 1.193452E+01
5.901400E+01 1.275284E+00 1.193492E+01
5.911300E+01 1.276169E+00 1.193015E+01
5.921200E+01 1.277053E+00 1.193057E+01
5.931100E+01 1.277935E+00 1.193098E+01
5.941000E+01 1.278816E+00 1.193141E+01
5.950900E+01 1.279696E+00 1.193184E+01
5.960800E+01 1.280574E+00 1.193227E+01
5.970700E+01 1.281450E+00 1.193271E+01
5.980600E+01 1.282325E+00 1.193316E+01
5.990500E+01 1.283199E+00 1.193361E+01
6.000400E+01 1.284071E+00 1.192894E+01
6.010300E+01 1.284941E+00 1.192941E+01
6.020200E+01 1.285811E+00 1.192988E+01
6.030100E+01 1.286678E+00 1.193036E+01
6.040000E+01 1.287545E+00 1.193084E+01
6.049900E+01 1.288410E+00 1.193133E+01
6.059800E+01 1.289273E+00 1.193182E+01
6.069700E+01 1.290135E+00 1.192723E+01
6.079600E+01 1.290996E+00 1.192773E+01
6.089500E+01 1.291855E+00 1.192824E+01
6.099400E+01 1.292712E+00 1.192876E+01
6.109300E+01 1.293569E+00 1.192928E+01
6.119200E+01 1.294424E+00 1.192981E+01
6.129100E+01 1.295277E+00 1.193034E+01
6.139000E+01 1.296129E+00 1.192582E+01
6.148900E+01 1.296980E+00 1.192637E+01
6.158800E+01 1.297829E+00 1.192692E+01
6.168700E+01 1.298677E+00 1.192747E+01
6.178600E+01 1.299524E+00 1.192803E+01
6.188500E+01 1.300369E+00 1.192859E+01
6.198400E+01 1.301213E+00 1.192916E+01
6.208300E+01 1.302055E+00 1.192472E+01
6.218200E+01 1.302896E+00 1.192530E+01
6.228100E+01 1.303736E+00 1.192589E+01
6.238000E+01 1.304574E+00 1.192648E+01
6.247900E+01 1.305411E+00 1.192707E+01
6.257800E+01 1.306247E+00 1.192767E+01
6.267700E+01 1.307081E+00 1.192329E+01
6.277600E+01 1.307914E+00 1.192391E+01
6.287500E+01 1.308745E+00 1.192452E+01
6.297400E+01 1.309575E+00 1.192514E+01
6.307300E+01 1.310404E+00 1.192577E+01
6.317200E+01 1.311231E+00 1.192640E+01
6.327100E+01 1.312057E+00 1.192208E+01
6.337000E+01 1.312882E+00 1.192272E+01
6.346900E+01 1.313706E+00 1.192337E+01
6.356800E+01 1.314528E+00 1.192402E+01
6.366700E+01 1.315349E+00 1.192468E+01
6.376600E+01 1.316168E+00 1.192534E+01
6.386500E+01 1.316986E+00 1.192108E+01
6.396400E+01 1.317803E+00 1.192175E+01
6.406300E+01 1.318619E+00 1.192243E+01
6.416200E+01 1.319433E+00 1.192311E+01
6.426100E+01 1.320246E+00 1.192379E+01
6.436000E+01 1.321057E+00 1.191958E+01
6.445900E+01 1.321868E+00 1.192027E+01
6.455800E+01 1.322677E+00 1.192098E+01
6.465700E+01 1.323484E+00 1.192168E+01
6.475600E+01 1.324291E+00 1.192239E+01
6.485500E+01 1.325096E+00 1.192310E+01
6.495400E+01 1.325900E+00 1.191894E+01
6.505300E+01 1.326703E+00 1.191967E+01
6.515200E+01 1.327504E+00 1.192040E+01
6.525100E+01 1.328304E+00 1.192113E+01
6.535000E+01 1.329103E+00 1.192187E+01
6.544900E+01 1.329900E+00 1.191775E+01
6.554800E+01 1.330696E+00 1.191850E+01
6.564700E+01 1.331491E+00 1.191925E+01
6.574600E+01 1.332285E+00 1.192001E+01
6.584500E+01 1.333078E+00 1.192077E+01
6.594400E+01 1.333869E+00 1.191670E+01
6.604300E+01 1.334659E+00 1.191747E+01
6.614200E+01 1.335448E+00 1.191825E+01
6.624100E+01 1.336235E+00 1.191902E+01
6.634000E+01 1.337021E+00 1.191981E+01
6.643900E+01 1.337806E+00 1.191578E+01
6.653800E+01 1.338590E+00 1.191657E+01
6.663700E+01 1.339373E+00 1.191737E+01
6.673600E+01 1.340154E+00 1.191817E+01
6.683500E+01 1.340934E+00 1.191418E+01
6.693400E+01 1.341713E+00 1.191499E+01
6.703300E+01 1.342491E+00 1.191581E+01
6.713200E+01 1.343267E+00 1.191663E+01
6.723100E+01 1.344043E+00 1.191745E+01
6.733000E+01 1.344817E+00 1.191350E+01
6.742900E+01 1.345589E+00 1.191433E+01
6.752800E+01 1.346361E+00 1.191517E+01
6.762700E+01 1.347132E+00 1.191601E+01
6.772600E+01 1.347901E+00 1.191210E+01
6.782500E+01 1.348669E+00 1.191294E+01
6.792400E+01 1.349436E+00 1.191380E+01
6.802300E+01 1.350201E+00 1.191465E+01
6.812200E+01 1.350966E+00 1.191551E+01
6.822100E+01 1.351729E+00 1.191164E+01
6.832000E+01 1.352491E+00 1.191251E+01
6.841900E+01 1.353252E+00 1.191338E+01
6.851800E+01 1.354012E+00 1.191426E+01
6.861700E+01 1.354771E+00 1.191042E+01
6.871600E+01 1.355528E+00 1.191131E+01
6.881500E+01 1.356284E+00 1.191219E+01
6.891400E+01 1.357039E+00 1.191308E+01
6.901300E+01 1.357793E+00 1.190928E+01
6.911200E+01 1.358546E+00 1.191018E+01
6.921100E+01 1.359298E+00 1.191109E+01
6.931000E+01 1.360048E+00 1.191199E+01
6.940900E+01 1.360798E+00 1.190823E+01
6.950800E+01 1.361546E+00 1.190914E+01
6.960700E+01 1.362293E+00 1.191006E+01
6.970600E+01 1.363039E+00 1.191098E+01
6.980500E+01 1.363784E+00 1.190725E+01
6.990400E+01 1.364527E+00 1.190818E+01
7.000300E+01 1.365270E+00 1.190911E+01
7.010200E+01 1.366011E+00 1.191005E+01
7.020100E+01 1.366751E+00 1.190635E+01
7.030000E+01 1.367490E+00 1.190729E+01
7.039900E+01 1.368228E+00 1.190824E+01
7.049800E+01 1.368965E+00 1.190920E+01
7.059700E+01 1.369701E+00 1.190552E+01
7.069600E+01 1.370436E+00 1.190648E+01
7.079500E+01 1.371169E+00 1.190745E+01
7.089400E+01 1.371902E+00 1.190841E+01
7.099300E+01 1.372633E+00 1.190477E+01
7.109200E+01 1.373363E+00 1.190575E+01
7.119100E+01 1.374092E+00 1.190673E+01
7.129000E+01 1.374820E+00 1.190310E+01
7.138900E+01 1.375547E+00 1.190409E+01
7.148800E+01 1.376273E+00 1.190508E+01
7.158700E+01 1.376998E+00 1.190608E+01
7.168600E+01 1.377721E+00 1.190249E+01
7.178500E+01 1.378444E+00 1.190349E+01
7.188400E+01 1.379165E+00 1.190449E+01
7.198300E+01 1.379886E+00 1.190550E+01
7.208200E+01 1.380605E+00 1.190194E+01
7.218100E+01 1.381323E+00 1.190295E+01
7.228000E+01 1.382040E+00 1.190397E+01
7.237900E+01 1.382756E+00 1.190043E+01
7.247800E+01 1.383471E+00 1.190146E+01
7.257700E+01 1.384185E+00 1.190249E+01
7.267600E+01 1.384898E+00 1.190352E+01
7.277500E+01 1.385610E+00 1.190001E+01
7.287400E+01 1.386321E+00 1.190105E+01
7.297300E+01 1.387030E+00 1.190209E+01
7.307200E+01 1.387739E+00 1.189861E+01
7.317100E+01 1.388447E+00 1.189966E+01
7.327000E+01 1.389153E+00 1.190071E+01
7.336900E+01 1.389859E+00 1.190177E+01
7.346800E+01 1.390563E+00 1.189830E+01
7.356700E+01 1.391267E+00 1.189937E+01
7.366600E+01 1.391969E+00 1.190043E+01
7.376500E+01 1.392670E+00 1.189700E+01
7.386400E+01 1.393371E+00 1.189807E+01
7.396300E+01 1.394070E+00 1.189915E+01
7.406200E+01 1.394768E+00 1.189573E+01
7.416100E+01 1.395465E+00 1.189681E+01
7.426000E+01 1.396161E+00 1.189790E+01
7.435900E+01 1.396857E+00 1.189899E+01
7.445800E+01 1.397551E+00 1.189560E+01
7.455700E+01 1.398244E+00 1.189669E+01
7.465600E+01 1.398936E+00 1.189779E+01
7.475500E+01 1.399627E+00 1.189442E+01
7.485400E+01 1.400317E+00 1.189553E+01
7.495300E+01 1.401006E+00 1.189664E+01
7.505200E+01 1.401694E+00 1.189329E+01
7.515100E+01 1.402381E+00 1.189440E+01
7.525000E+01 1.403067E+00 1.189552E+01
7.534900E+01 1.403752E+00 1.189664E+01
7.544800E+01 1.404436E+00 1.189332E+01
7.554700E+01 1.405119E+00 1.189445E+01
7.564600E+01 1.405801E+00 1.189558E+01
7.574500E+01 1.406482E+00 1.189227E+01
7.584400E+01 1.407162E+00 1.189341E+01
7.594300E+01 1.407842E+00 1.189455E+01
7.604200E+01 1.408520E+00 1.189127E+01
7.614100E+01 1.409197E+00 1.189241E+01
7.624000E+01 1.409873E+00 1.189356E+01
7.633900E+01 1.410548E+00 1.189030E+01
7.643800E+01 1.411222E+00 1.189145E+01
7.653700E+01 1.411895E+00 1.189261E+01
7.663600E+01 1.412568E+00 1.188937E+01
7.673500E+01 1.413239E+00 1.189053E+01
7.683400E+01 1.413909E+00 1.189170E+01
7.693300E+01 1.414578E+00 1.188847E+01
7.703200E+01 1.415247E+00 1.188964E+01
7.713100E+01 1.415914E+00 1.189082E+01
7.723000E+01 1.416581E+00 1.188762E+01
7.732900E+01 1.417246E+00 1.188880E+01
7.742800E+01 1.417911E+00 1.188998E+01
7.752700E+01 1.418574E+00 1.188679E+01
7.762600E+01 1.419237E+00 1.188798E+01
7.772500E+01 1.419898E+00 1.188918E+01
7.782400E+01 1.420559E+00 1.188601E+01
7.792300E+01 1.421219E+00 1.188721E+01
7.802200E+01 1.421878E+00 1.188841E+01
7.812100E+01 1.422536E+00 1.188526E+01
7.822000E+01 1.423193E+00 1.188647E+01
7.831900E+01 1.423849E+00 1.188768E+01
7.841800E+01 1.424504E+00 1.188455E+01
7.851700E+01 1.425158E+00 1.188576E+01
7.861600E+01 1.425811E+00 1.188698E+01
7.871500E+01 1.426463E+00 1.188387E+01
7.881400E+01 1.427115E+00 1.188509E+01
7.891300E+01 1.427765E+00 1.188632E+01
7.901200E+01 1.428415E+00 1.188322E+01
7.911100E+01 1.429063E+00 1.188446E+01
7.921000E+01 1.429711E+00 1.188137E+01
7.930900E+01 1.430358E+00 1.188261E+01
7.940800E+01 1.431003E+00 1.188385E+01
7.950700E+01 1.431648E+00 1.188079E+01
7.960600E+01 1.432292E+00 1.188203E+01
7.970500E+01 1.432935E+00 1.188328E+01
7.980400E+01 1.433578E+00 1.188024E+01
7.990300E+01 1.434219E+00 1.188149E+01
8.000200E+01 1.434859E+00 1.188275E+01
8.010100E+01 1.435499E+00 1.187972E+01
8.020000E+01 1.436137E+00 1.188098E+01
8.029900E+01 1.436775E+00 1.188224E+01
8.039800E+01 1.437412E+00 1.187923E+01
8.049700E+01 1.438048E+00 1.188050E+01
8.059600E+01 1.438683E+00 1.187750E+01
8.069500E+01 1.439317E+00 1.187878E+01
8.079400E+01 1.439950E+00 1.188005E+01
8.089300E+01 1.440582E+00 1.187707E+01
8.099200E+01 1.441214E+00 1.187835E+01
8.109100E+01 1.441844E+00 1.187964E+01
8.119000E+01 1.442474E+00 1.187667E+01
8.128900E+01 1.443103E+00 1.187796E+01
8.138800E+01 1.443731E+00 1.187925E+01
8.148700E+01 1.444358E+00 1.187630E+01
8.158600E+01 1.444984E+00 1.187760E+01
8.168500E+01 1.445609E+00 1.187466E+01
8.178400E+01 1.446233E+00 1.187597E+01
8.188300E+01 1.446857E+00 1.187727E+01
8.198200E+01 1.447480E+00 1.187435E+01
8.208100E+01 1.448102E+00 1.187566E+01
8.218000E+01 1.448723E+00 1.187275E+01
8.227900E+01 1.449343E+00 1.187407E+01
8.237800E+01 1.449962E+00 1.187538E+01
8.247700E+01 1.450580E+00 1.187249E+01
8.257600E+01 1.451198E+00 1.187381E+01
8.267500E+01 1.451814E+00 1.187514E+01
8.277400E+01 1.452430E+00 1.187226E+01
8.287300E+01 1.453045E+00 1.187359E+01
8.297200E+01 1.453659E+00 1.187072E+01
8.307100E+01 1.454273E+00 1.187206E+01
8.317000E+01 1.454885E+00 1.187339E+01
8.326900E+01 1.455497E+00 1.187054E+01
8.336800E+01 1.456107E+00 1.187188E+01
8.346700E+01 1.456717E+00 1.186905E+01
8.356600E+01 1.457326E+00 1.187039E+01
8.366500E+01 1.457935E+00 1.187174E+01
8.376400E+01 1.458542E+00 1.186892E+01
8.386300E+01 1.459149E+00 1.187027E+01
8.396200E+01 1.459754E+00 1.186746E+01
8.406100E+01 1.460359E+00 1.186882E+01
8.416000E+01 1.460963E+00 1.187018E+01
8.425900E+01 1.461567E+00 1.186738E+01
8.435800E+01 1.462169E+00 1.186874E+01
8.445700E+01 1.462771E+00 1.186596E+01
8.455600E+01 1.463371E+00 1.186733E+01
8.465500E+01 1.463971E+00 1.186870E+01
8.475400E+01 1.464571E+00 1.186593E+01
8.485300E+01 1.465169E+00 1.186730E+01
8.495200E+01 1.465766E+00 1.186455E+01
8.505100E+01 1.466363E+00 1.186592E+01
8.515000E+01 1.466959E+00 1.186731E+01
8.524900E+01 1.467554E+00 1.186456E+01
8.534800E+01 1.468148E+00 1.186595E+01
8.544700E+01 1.468742E+00 1.186321E+01
8.554600E+01 1.469335E+00 1.186461E+01
8.564500E+01 1.469926E+00 1.186600E+01
8.574400E+01 1.470517E+00 1.186328E+01
8.584300E+01 1.471108E+00 1.186467E+01
8.594200E+01 1.471697E+00 1.186197E+01
8.604100E+01 1.472286E+00 1.186337E+01
8.614000E+01 1.472874E+00 1.186067E+01
8.623900E+01 1.473461E+00 1.186208E+01
8.633800E+01 1.474047E+00 1.186348E+01
8.643700E+01 1.474633E+00 1.186080E+01
8.653600E+01 1.475217E+00 1.186221E+01
8.663500E+01 1.475801E+00 1.185954E+01
8.673400E+01 1.476384E+00 1.186095E+01
8.683300E+01 1.476967E+00 1.186237E+01
8.693200E+01 1.477548E+00 1.185971E+01
8.703100E+01 1.478129E+00 1.186113E+01
8.713000E+01 1.478709E+00 1.185849E+01
8.722900E+01 1.479288E+00 1.185991E+01
8.732800E+01 1.479867E+00 1.185727E+01
8.742700E+01 1.480445E+00 1.185870E+01
8.752600E+01 1.481022E+00 1.186014E+01
8.762500E+01 1.481598E+00 1.185751E+01
8.772400E+01 1.482173E+00 1.185895E+01
8.782300E+01 1.482748E+00 1.185633E+01
8.792200E+01 1.483321E+00 1.185777E+01
8.802100E+01 1.483895E+00 1.185517E+01
8.812000E+01 1.484467E+00 1.185661E+01
8.821900E+01 1.485038E+00 1.185806E+01
8.831800E+01 1.485609E+00 1.185547E+01
8.841700E+01 1.486179E+00 1.185692E+01
8.851600E+01 1.486749E+00 1.185433E+01
8.861500E+01 1.487317E+00 1.185579E+01
8.871400E+01 1.487885E+00 1.185322E+01
8.881300E+01 1.488452E+00 1.185468E+01
8.891200E+01 1.489018E+00 1.185211E+01
8.901100E+01 1.489584E+00 1.185358E+01
8.911000E+01 1.490148E+00 1.185504E+01
8.920900E+01 1.490712E+00 1.185249E+01
8.930800E+01 1.491276E+00 1.185396E+01
8.940700E+01 1.491838E+00 1.185142E+01
8.950600E+01 1.492400E+00 1.185289E+01
8.960500E+01 1.492961E+00 1.185036E+01
8.970400E+01 1.493521E+00 1.185184E+01
8.980300E+01 1.494081E+00 1.184931E+01
8.990200E+01 1.494640E+00 1.185079E+01
9.000100E+01 1.495198E+00 1.185228E+01
9.010000E+01 1.495755E+00 1.184977E+01
9.019900E+01 1.496312E+00 1.185125E+01
9.029800E+01 1.496868E+00 1.184875E+01
9.039700E+01 1.497423E+00 1.185024E+01
9.049600E+01 1.497977E+00 1.184775E+01
9.059500E+01 1.498531E+00 1.184924E+01
9.069400E+01 1.499084E+00 1.184676E+01
9.079300E+01 1.499636E+00 1.184826E+01
9.089200E+01 1.500188E+00 1.184579E+01
9.099100E+01 1.500739E+00 1.184729E+01
9.109000E+01 1.501289E+00 1.184879E+01
9.118900E+01 1.501838E+00 1.184633E+01
9.128800E+01 1.502387E+00 1.184784E+01
9.138700E+01 1.502935E+00 1.184539E+01
9.148600E+01 1.503482E+00 1.184689E+01
9.158500E+01 1.504029E+00 1.184445E+01
9.168400E+01 1.504574E+00 1.184597E+01
9.178300E+01 1.505119E+00 1.184353E+01
9.188200E+01 1.505664E+00 1.184505E+01
9.198100E+01 1.506208E+00 1.184263E+01
9.208000E+01 1.506751E+00 1.184415E+01
9.217900E+01 1.507293E+00 1.184173E+01
9.227800E+01 1.507834E+00 1.184325E+01
9.237700E+01 1.508375E+00 1.184478E+01
9.247600E+01 1.508915E+00 1.184238E+01
9.257500E+01 1.509455E+00 1.184390E+01
9.267400E+01 1.509994E+00 1.184151E+01
9.277300E+01 1.510532E+00 1.184304E+01
9.287200E+01 1.511069E+00 1.184066E+01
9.297100E+01 1.511606E+00 1.184219E+01
9.307000E+01 1.512142E+00 1.183981E+01
9.316900E+01 1.512677E+00 1.184135E+01
9.326800E+01 1.513212E+00 1.183898E+01
9.336700E+01 1.513746E+00 1.184053E+01
9.346600E+01 1.514279E+00 1.183817E+01
9.356500E+01 1.514811E+00 1.183971E+01
9.366400E+01 1.515343E+00 1.183736E+01
9.376300E+01 1.515874E+00 1.183891E+01
9.386200E+01 1.516405E+00 1.183657E+01
9.396100E+01 1.516935E+00 1.183812E+01
9.406000E+01 1.517464E+00 1.183578E+01
9.415900E+01 1.517992E+00 1.183734E+01
9.425800E+01 1.518520E+00 1.183501E+01
9.435700E+01 1.519047E+00 1.183657E+01
9.445600E+01 1.519574E+00 1.183425E+01
9.455500E+01 1.520099E+00 1.183582E+01
9.465400E+01 1.520625E+00 1.183351E+01
9.475300E+01 1.521149E+00 1.183507E+01
9.485200E+01 1.521673E+00 1.183664E+01
9.495100E+01 1.522196E+00 1.183434E+01
9.505000E+01 1.522718E+00 1.183591E+01
9.514900E+01 1.523240E+00 1.183362E+01
9.524800E+01 1.523761E+00 1.183519E+01
9.534700E+01 1.524282E+00 1.183291E+01
9.544600E+01 1.524801E+00 1.183448E+01
9.554500E+01 1.525320E+00 1.183221E+01
9.564400E+01 1.525839E+00 1.183379E+01
9.574300E+01 1.526357E+00 1.183152E+01
9.584200E+01 1.526874E+00 1.183310E+01
9.594100E+01 1.527390E+00 1.183084E+01
9.604000E+01 1.527906E+00 1.183243E+01
9.613900E+01 1.528421E+00 1.183018E+01
9.623800E+01 1.528936E+00 1.183177E+01
9.633700E+01 1.529450E+00 1.182952E+01
9.643600E+01 1.529963E+00 1.183112E+01
9.653500E+01 1.530475E+00 1.182888E+01
9.663400E+01 1.530987E+00 1.183048E+01
9.673300E+01 1.531499E+00 1.182825E+01
9.683200E+01 1.532009E+00 1.182985E+01
9.693100E+01 1.532519E+00 1.182763E+01
9.703000E+01 1.533028E+00 1.182923E+01
9.712900E+01 1.533537E+00 1.182701E+01
9.722800E+01 1.534045E+00 1.182862E+01
9.732700E+01 1.534553E+00 1.182641E+01
9.742600E+01 1.535059E+00 1.182802E+01
9.752500E+01 1.535566E+00 1.182582E+01
9.762400E+01 1.536071E+00 1.182743E+01
9.772300E+01 1.536576E+00 1.182524E+01
9.782200E+01 1.537080E+00 1.182306E+01
9.792100E+01 1.537584E+00 1.182467E+01
9.802000E+01 1.538087E+00 1.182250E+01
9.811900E+01 1.538589E+00 1.182411E+01
9.821800E+01 1.539091E+00 1.182194E+01
9.831700E+01 1.539592E+00 1.182357E+01
9.841600E+01 1.540092E+00 1.182140E+01
9.851500E+01 1.540592E+00 1.182303E+01
9.861400E+01 1.541091E+00 1.182087E+01
9.871300E+01 1.541590E+00 1.182250E+01
9.881200E+01 1.542088E+00 1.182035E+01
9.891100E+01 1.542585E+00 1.182198E+01
9.901000E+01 1.543082E+00 1.181984E+01
9.910900E+01 1.543578E+00 1.182147E+01
9.920800E+01 1.544074E+00 1.181934E+01
9.930700E+01 1.544569E+00 1.182097E+01
9.940600E+01 1.545063E+00 1.181885E+01
9.950500E+01 1.545557E+00 1.182049E+01
9.960400E+01 1.546050E+00 1.181837E+01
9.970300E+01 1.546542E+00 1.182001E+01
9.980200E+01 1.547034E+00 1.181790E+01
9.990100E+01 1.547525E+00 1.181954E+01
1.000000E+02 1.548016E+00 1.181743E+01
1.009000E+02 1.552448E+00 1.181309E+01
1.018000E+02 1.556831E+00 1.181266E+01
1.027000E+02 1.561166E+00 1.180873E+01
1.036000E+02 1.565452E+00 1.180501E+01
1.045000E+02 1.569692E+00 1.180149E+01
1.054000E+02 1.573886E+00 1.179816E+01
1.063000E+02 1.578034E+00 1.179503E+01
1.072000E+02 1.582137E+00 1.179209E+01
1.081000E+02 1.586196E+00 1.178934E+01
1.090000E+02 1.590212E+00 1.178676E+01
1.099000E+02 1.594184E+00 1.178436E+01
1.108000E+02 1.598115E+00 1.178213E+01
1.117000E+02 1.602005E+00 1.177656E+01
1.126000E+02 1.605853E+00 1.177467E+01
1.135000E+02 1.609661E+00 1.176947E+01
1.144000E+02 1.613430E+00 1.176791E+01
1.153000E+02 1.617159E+00 1.176307E+01
1.162000E+02 1.620851E+00 1.176182E+01
1.171000E+02 1.624504E+00 1.175731E+01
1.180000E+02 1.628120E+00 1.175637E+01
1.189000E+02 1.631699E+00 1.175219E+01
1.198000E+02 1.635242E+00 1.174816E+01
1.207000E+02 1.638749E+00 1.174430E+01
1.216000E+02 1.642221E+00 1.174393E+01
1.225000E+02 1.645658E+00 1.174037E+01
1.234000E+02 1.649061E+00 1.173695E+01
1.243000E+02 1.652430E+00 1.173368E+01
1.252000E+02 1.655766E+00 1.173056E+01
1.261000E+02 1.659069E+00 1.172757E+01
1.270000E+02 1.662339E+00 1.172473E+01
1.279000E+02 1.665578E+00 1.171877E+01
1.288000E+02 1.668785E+00 1.171621E+01
1.297000E+02 1.671961E+00 1.171377E+01
1.306000E+02 1.675107E+00 1.171147E+01
1.315000E+02 1.678222E+00 1.170609E+01
1.324000E+02 1.681308E+00 1.170405E+01
1.333000E+02 1.684364E+00 1.170212E+01
1.342000E+02 1.687391E+00 1.169715E+01
1.351000E+02 1.690390E+00 1.169547E+01
1.360000E+02 1.693360E+00 1.169077E+01
1.369000E+02 1.696302E+00 1.168620E+01
1.378000E+02 1.699217E+00 1.168487E+01
1.387000E+02 1.702104E+00 1.168055E+01
1.396000E+02 1.704965E+00 1.167945E+01
1.405000E+02 1.707800E+00 1.167537E+01
1.414000E+02 1.710608E+00 1.167141E+01
1.423000E+02 1.713390E+00 1.166758E+01
1.432000E+02 1.716147E+00 1.166386E+01
1.441000E+02 1.718879E+00 1.166329E+01
1.450000E+02 1.721586E+00 1.165979E+01
1.459000E+02 1.724268E+00 1.165641E+01
1.468000E+02 1.726926E+00 1.165314E+01
1.477000E+02 1.729560E+00 1.164997E+01
1.486000E+02 1.732171E+00 1.164691E+01
1.495000E+02 1.734758E+00 1.164395E+01
1.504000E+02 1.737322E+00 1.163815E+01
1.513000E+02 1.739864E+00 1.163540E+01
1.522000E+02 1.742383E+00 1.163276E+01
1.531000E+02 1.744880E+00 1.163022E+01
1.540000E+02 1.747354E+00 1.162777E+01
1.549000E+02 1.749808E+00 1.162251E+01
1.558000E+02 1.752239E+00 1.162026E+01
1.567000E+02 1.754650E+00 1.161809E+01
1.576000E+02 1.757039E+00 1.161315E+01
1.585000E+02 1.759408E+00 1.161117E+01
1.594000E+02 1.761757E+00 1.160643E+01
1.603000E+02 1.764085E+00 1.160463E+01
1.612000E+02 1.766393E+00 1.160008E+01
1.621000E+02 1.768682E+00 1.159847E+01
1.630000E+02 1.770951E+00 1.159411E+01
1.639000E+02 1.773200E+00 1.159266E+01
1.648000E+02 1.775431E+00 1.158849E+01
1.657000E+02 1.777643E+00 1.158441E+01
1.666000E+02 1.779836E+00 1.158321E+01
1.675000E+02 1.782011E+00 1.157930E+01
1.684000E+02 1.784168E+00 1.157549E+01
1.693000E+02 1.786306E+00 1.157177E+01
1.702000E+02 1.788427E+00 1.156813E+01
1.711000E+02 1.790530E+00 1.156733E+01
1.720000E+02 1.792616E+00 1.156385E+01
1.729000E+02 1.794685E+00 1.156047E+01
1.738000E+02 1.796736E+00 1.155716E+01
1.747000E+02 1.798771E+00 1.155393E+01
1.756000E+02 1.800789E+00 1.155079E+01
1.765000E+02 1.802790E+00 1.154773E+01
1.774000E+02 1.804776E+00 1.154474E+01
1.783000E+02 1.806745E+00 1.154183E+01
1.792000E+02 1.808698E+00 1.153900E+01
1.801000E+02 1.810635E+00 1.153624E+01
1.810000E+02 1.812557E+00 1.153089E+01
1.819000E+02 1.814464E+00 1.152829E+01
1.828000E+02 1.816355E+00 1.152576E+01
1.837000E+02 1.818231E+00 1.152330E+01
1.846000E+02 1.820092E+00 1.151827E+01
1.855000E+02 1.821938E+00 1.151596E+01
1.864000E+02 1.823770E+00 1.151371E+01
1.873000E+02 1.825587E+00 1.151153E+01
1.882000E+02 1.827389E+00 1.150681E+01
1.891000E+02 1.829178E+00 1.150477E+01
1.900000E+02 1.830952E+00 1.150020E+01
1.909000E+02 1.832713E+00 1.149829E+01
1.918000E+02 1.834460E+00 1.149387E+01
1.927000E+02 1.836193E+00 1.149209E+01
1.936000E+02 1.837913E+00 1.148781E+01
1.945000E+02 1.839619E+00 1.148616E+01
1.954000E+02 1.841313E+00 1.148202E+01
1.963000E+02 1.842993E+00 1.148050E+01
1.972000E+02 1.844660E+00 1.147649E+01
1.981000E+02 1.846314E+00 1.147255E+01
1.990000E+02 1.847956E+00 1.147121E+01
1.999000E+02 1.849585E+00 1.146741E+01
2.008000E+02 1.851202E+00 1.146367E+01
2.017000E+02 1.852806E+00 1.146251E+01
2.026000E+02 1.854398E+00 1.145889E+01
2.035000E+02 1.855979E+00 1.145535E+01
2.044000E+02 1.857547E+00 1.145186E+01
2.053000E+02 1.859103E+00 1.144844E+01
2.062000E+02 1.860648E+00 1.144757E+01
2.071000E+02 1.862181E+00 1.144426E+01
2.080000E+02 1.863702E+00 1.144102E+01
2.089000E+02 1.865212E+00 1.143784E+01
2.098000E+02 1.866711E+00 1.143472E+01
2.107000E+02 1.868199E+00 1.143166E+01
2.116000E+02 1.869676E+00 1.142866E+01
2.125000E+02 1.871141E+00 1.142572E+01
2.134000E+02 1.872596E+00 1.142283E+01
2.143000E+02 1.874040E+00 1.142000E+01
2.152000E+02 1.875474E+00 1.141722E+01
2.161000E+02 1.876897E+00 1.141450E+01
2.170000E+02 1.878309E+00 1.141183E+01
2.179000E+02 1.879712E+00 1.140922E+01
2.188000E+02 1.881103E+00 1.140426E+01
2.197000E+02 1.882485E+00 1.140176E+01
2.206000E+02 1.883857E+00 1.139931E+01
2.215000E+02 1.885219E+00 1.139691E+01
2.224000E+02 1.886570E+00 1.139457E+01
2.233000E+02 1.887913E+00 1.138989E+01
2.242000E+02 1.889245E+00 1.138765E+01
2.251000E+02 1.890568E+00 1.138546E+01
2.260000E+02 1.891881E+00 1.138095E+01
2.269000E+02 1.893185E+00 1.137886E+01
2.278000E+02 1.894479E+00 1.137682E+01
2.287000E+02 1.895764E+00 1.137248E+01
2.296000E+02 1.897040E+00 1.137054E+01
2.305000E+02 1.898307E+00 1.136864E+01
2.314000E+02 1.899565E+00 1.136445E+01
2.323000E+02 1.900814E+00 1.136265E+01
2.332000E+02 1.902054E+00 1.135857E+01
2.341000E+02 1.903286E+00 1.135686E+01
2.350000E+02 1.904508E+00 1.135289E+01
2.359000E+02 1.905723E+00 1.135127E+01
2.368000E+02 1.906928E+00 1.134739E+01
2.377000E+02 1.908125E+00 1.134586E+01
2.386000E+02 1.909314E+00 1.134208E+01
2.395000E+02 1.910494E+00 1.133835E+01
2.404000E+02 1.911666E+00 1.133696E+01
2.413000E+02 1.912830E+00 1.133333E+01
2.422000E+02 1.913986E+00 1.132974E+01
2.431000E+02 1.915134E+00 1.132848E+01
2.440000E+02 1.916273E+00 1.132498E+01
2.449000E+02 1.917405E+00 1.132154E+01
2.458000E+02 1.918529E+00 1.132040E+01
2.467000E+02 1.919646E+00 1.131704E+01
2.476000E+02 1.920754E+00 1.131373E+01
2.485000E+02 1.921855E+00 1.131047E+01
2.494000E+02 1.922949E+00 1.130949E+01
2.503000E+02 1.924035E+00 1.130632E+01
2.512000E+02 1.925113E+00 1.130318E+01
2.521000E+02 1.926184E+00 1.130009E+01
2.530000E+02 1.927248E+00 1.129705E+01
2.539000E+02 1.928305E+00 1.129405E+01
2.548000E+02 1.929354E+00 1.129109E+01
2.557000E+02 1.930396E+00 1.129038E+01
2.566000E+02 1.931431E+00 1.128751E+01
2.575000E+02 1.932459E+00 1.128467E+01
2.584000E+02 1.933481E+00 1.128187E+01
2.593000E+02 1.934495E+00 1.127912E+01
2.602000E+02 1.935502E+00 1.127641E+01
2.611000E+02 1.936503E+00 1.127373E+01
2.620000E+02 1.937497E+00 1.127110E+01
2.629000E+02 1.938484E+00 1.126850E+01
2.638000E+02 1.939465E+00 1.126595E+01
2.647000E+02 1.940439E+00 1.126126E+01
2.656000E+02 1.941407E+00 1.125878E+01
2.665000E+02 1.942368E+00 1.125635E+01
2.674000E+02 1.943323E+00 1.125395E+01
2.683000E+02 1.944271E+00 1.125159E+01
2.692000E+02 1.945213E+00 1.124926E+01
2.701000E+02 1.946149E+00 1.124698E+01
2.710000E+02 1.947079E+00 1.124258E+01
2.719000E+02 1.948002E+00 1.124037E+01
2.728000E+02 1.948919E+00 1.123819E+01
2.737000E+02 1.949831E+00 1.123605E+01
2.746000E+02 1.950736E+00 1.123395E+01
2.755000E+02 1.951635E+00 1.122975E+01
2.764000E+02 1.952529E+00 1.122771E+01
2.773000E+02 1.953417E+00 1.122572E+01
2.782000E+02 1.954298E+00 1.122163E+01
2.791000E+02 1.955174E+00 1.121971E+01
2.800000E+02 1.956045E+00 1.121781E+01
2.809000E+02 1.956909E+00 1.121384E+01
2.818000E+02 1.957768E+00 1.121202E+01
2.827000E+02 1.958622E+00 1.121023E+01
2.836000E+02 1.959470E+00 1.120637E+01
2.845000E+02 1.960312E+00 1.120464E+01
2.854000E+02 1.961149E+00 1.120086E+01
2.863000E+02 1.961980E+00 1.119920E+01
2.872000E+02 1.962806E+00 1.119549E+01
2.881000E+02 1.963627E+00 1.119390E+01
2.890000E+02 1.964443E+00 1.119233E+01
2.899000E+02 1.965253E+00 1.118873E+01
2.908000E+02 1.966058E+00 1.118723E+01
2.917000E+02 1.966858E+00 1.118369E+01
2.926000E+02 1.967652E+00 1.118019E+01
2.935000E+02 1.968442E+00 1.117878E+01
2.944000E+02 1.969226E+00 1.117535E+01
2.953000E+02 1.970006E+00 1.117401E+01
2.962000E+02 1.970780E+00 1.117064E+01
2.971000E+02 1.971550E+00 1.116936E+01
2.980000E+02 1.972315E+00 1.116605E+01
2.989000E+02 1.973074E+00 1.116279E+01
2.998000E+02 1.973829E+00 1.116159E+01
3.007000E+02 1.974580E+00 1.115839E+01
3.016000E+02 1.975325E+00 1.115522E+01
3.025000E+02 1.976066E+00 1.115411E+01
3.034000E+02 1.976802E+00 1.115101E+01
3.043000E+02 1.977533E+00 1.114793E+01
3.052000E+02 1.978260E+00 1.114489E+01
3.061000E+02 1.978982E+00 1.114390E+01
3.070000E+02 1.979699E+00 1.114092E+01
3.079000E+02 1.980413E+00 1.113797E+01
3.088000E+02 1.981121E+00 1.113505E+01
3.097000E+02 1.981825E+00 1.113417E+01
3.106000E+02 1.982525E+00 1.113131E+01
3.115000E+02 1.983220E+00 1.112848E+01
3.124000E+02 1.983911E+00 1.112568E+01
3.133000E+02 1.984598E+00 1.112291E+01
3.142000E+02 1.985280E+00 1.112017E+01
3.151000E+02 1.985958E+00 1.111945E+01
3.160000E+02 1.986632E+00 1.111677E+01
3.169000E+02 1.987302E+00 1.111412E+01
3.178000E+02 1.987967E+00 1.111149E+01
3.187000E+02 1.988629E+00 1.110890E+01
3.196000E+02 1.989286E+00 1.110633E+01
3.205000E+02 1.989939E+00 1.110379E+01
3.214000E+02 1.990588E+00 1.110128E+01
3.223000E+02 1.991233E+00 1.109880E+01
3.232000E+02 1.991874E+00 1.109634E+01
3.241000E+02 1.992511E+00 1.109392E+01
3.250000E+02 1.993145E+00 1.109152E+01
3.259000E+02 1.993774E+00 1.108914E+01
3.268000E+02 1.994399E+00 1.108680E+01
3.277000E+02 1.995021E+00 1.108448E+01
3.286000E+02 1.995639E+00 1.108219E+01
3.295000E+02 1.996252E+00 1.107992E+01
3.304000E+02 1.996863E+00 1.107768E+01
3.313000E+02 1.997469E+00 1.107547E+01
3.322000E+02 1.998072E+00 1.107328E+01
3.331000E+02 1.998671E+00 1.107112E+01
3.340000E+02 1.999266E+00 1.106899E+01
3.349000E+02 1.999858E+00 1.106494E+01
3.358000E+02 2.000446E+00 1.106286E+01
3.367000E+02 2.001030E+00 1.106080E+01
3.376000E+02 2.001611E+00 1.105877E+01
3.385000E+02 2.002188E+00 1.105676E+01
3.394000E+02 2.002762E+00 1.105478E+01
3.403000E+02 2.003332E+00 1.105090E+01
3.412000E+02 2.003899E+00 1.104896E+01
3.421000E+02 2.004463E+00 1.104705E+01
3.430000E+02 2.005023E+00 1.104517E+01
3.439000E+02 2.005579E+00 1.104331E+01
3.448000E+02 2.006132E+00 1.103956E+01
3.457000E+02 2.006682E+00 1.103775E+01
3.466000E+02 2.007229E+00 1.103596E+01
3.475000E+02 2.007772E+00 1.103229E+01
3.484000E+02 2.008312E+00 1.103055E+01
3.493000E+02 2.008849E+00 1.102883E+01
3.502000E+02 2.009382E+00 1.102714E+01
3.511000E+02 2.009912E+00 1.102357E+01
3.520000E+02 2.010439E+00 1.102192E+01
3.529000E+02 2.010963E+00 1.102030E+01
3.538000E+02 2.011484E+00 1.101681E+01
3.547000E+02 2.012001E+00 1.101522E+01
3.556000E+02 2.012516E+00 1.101179E+01
3.565000E+02 2.013027E+00 1.101025E+01
3.574000E+02 2.013535E+00 1.100874E+01
3.583000E+02 2.014041E+00 1.100537E+01
3.592000E+02 2.014543E+00 1.100390E+01
3.601000E+02 2.015042E+00 1.100058E+01
3.610000E+02 2.015538E+00 1.099916E+01
3.619000E+02 2.016031E+00 1.099589E+01
3.628000E+02 2.016522E+00 1.099450E+01
3.637000E+02 2.017009E+00 1.099314E+01
3.646000E+02 2.017493E+00 1.098994E+01
3.655000E+02 2.017975E+00 1.098862E+01
3.664000E+02 2.018454E+00 1.098547E+01
3.673000E+02 2.018929E+00 1.098419E+01
3.682000E+02 2.019402E+00 1.098109E+01
3.691000E+02 2.019872E+00 1.097800E+01
3.700000E+02 2.020340E+00 1.097679E+01
3.709000E+02 2.020804E+00 1.097375E+01
3.718000E+02 2.021266E+00 1.097258E+01
3.727000E+02 2.021725E+00 1.096958E+01
3.736000E+02 2.022182E+00 1.096845E+01
3.745000E+02 2.022635E+00 1.096550E+01
3.754000E+02 2.023086E+00 1.096257E+01
3.763000E+02 2.023534E+00 1.096150E+01
3.772000E+02 2.023980E+00 1.095862E+01
3.781000E+02 2.024423E+00 1.095758E+01
3.790000E+02 2.024863E+00 1.095474E+01
3.799000E+02 2.025301E+00 1.095192E+01
3.808000E+02 2.025736E+00 1.095095E+01
3.817000E+02 2.026169E+00 1.094817E+01
3.826000E+02 2.026599E+00 1.094541E+01
3.835000E+02 2.027026E+00 1.094450E+01
3.844000E+02 2.027451E+00 1.094178E+01
3.853000E+02 2.027873E+00 1.093909E+01
3.862000E+02 2.028293E+00 1.093823E+01
3.871000E+02 2.028711E+00 1.093558E+01
3.880000E+02 2.029126E+00 1.093294E+01
3.889000E+02 2.029538E+00 1.093033E+01
3.898000E+02 2.029948E+00 1.092955E+01
3.907000E+02 2.030356E+00 1.092698E+01
3.916000E+02 2.030761E+00 1.092443E+01
3.925000E+02 2.031164E+00 1.092190E+01
3.934000E+02 2.031565E+00 1.092118E+01
3.943000E+02 2.031963E+00 1.091869E+01
3.952000E+02 2.032359E+00 1.091622E+01
3.961000E+02 2.032752E+00 1.091377E+01
3.970000E+02 2.033144E+00 1.091134E+01
3.979000E+02 2.033532E+00 1.090893E+01
3.988000E+02 2.033919E+00 1.090832E+01
3.997000E+02 2.034303E+00 1.090594E+01
4.006000E+02 2.034686E+00 1.090359E+01
4.015000E+02 2.035065E+00 1.090125E+01
4.024000E+02 2.035443E+00 1.089894E+01
4.033000E+02 2.035818E+00 1.089664E+01
4.042000E+02 2.036192E+00 1.089436E+01
4.051000E+02 2.036563E+00 1.089210E+01
4.060000E+02 2.036932E+00 1.089163E+01
4.069000E+02 2.037298E+00 1.088940E+01
4.078000E+02 2.037663E+00 1.088720E+01
4.087000E+02 2.038025E+00 1.088501E+01
4.096000E+02 2.038386E+00 1.088284E+01
4.105000E+02 2.038744E+00 1.088069E+01
4.114000E+02 2.039100E+00 1.087856E+01
4.123000E+02 2.039454E+00 1.087644E+01
4.132000E+02 2.039806E+00 1.087435E+01
4.141000E+02 2.040156E+00 1.087227E+01
4.150000E+02 2.040504E+00 1.087021E+01
4.159000E+02 2.040849E+00 1.086817E+01
4.168000E+02 2.041193E+00 1.086614E+01
4.177000E+02 2.041535E+00 1.086413E+01
4.186000E+02 2.041875E+00 1.086214E+01
4.195000E+02 2.042213E+00 1.086017E+01
4.204000E+02 2.042548E+00 1.085821E+01
4.213000E+02 2.042882E+00 1.085627E+01
4.222000E+02 2.043214E+00 1.085435E+01
4.231000E+02 2.043544E+00 1.085244E+01
4.240000E+02 2.043872E+00 1.085055E+01
4.249000E+02 2.044198E+00 1.084868E+01
4.258000E+02 2.044523E+00 1.084510E+01
4.267000E+02 2.044845E+00 1.084326E+01
4.276000E+02 2.045166E+00 1.084144E+01
4.285000E+02 2.045484E+00 1.083963E+01
4.294000E+02 2.045801E+00 1.083784E+01
4.303000E+02 2.046116E+00 1.083607E+01
4.312000E+02 2.046429E+00 1.083431E+01
4.321000E+02 2.046740E+00 1.083257E+01
4.330000E+02 2.047050E+00 1.082913E+01
4.339000E+02 2.047357E+00 1.082742E+01
4.348000E+02 2.047663E+00 1.082573E+01
4.357000E+02 2.047967E+00 1.082406E+01
4.366000E+02 2.048270E+00 1.082240E+01
4.375000E+02 2.048570E+00 1.082075E+01
4.384000E+02 2.048869E+00 1.081741E+01
4.393000E+02 2.049166E+00 1.081580E+01
4.402000E+02 2.049461E+00 1.081420E+01
4.411000E+02 2.049755E+00 1.081262E+01
4.420000E+02 2.050047E+00 1.081105E+01
4.429000E+02 2.050337E+00 1.080780E+01
4.438000E+02 2.050625E+00 1.080627E+01
4.447000E+02 2.050912E+00 1.080475E+01
4.456000E+02 2.051197E+00 1.080324E+01
4.465000E+02 2.051481E+00 1.080006E+01
4.474000E+02 2.051763E+00 1.079858E+01
4.483000E+02 2.052043E+00 1.079712E+01
4.492000E+02 2.052321E+00 1.079398E+01
4.501000E+02 2.052598E+00 1.079255E+01
4.510000E+02 2.052874E+00 1.079114E+01
4.519000E+02 2.053147E+00 1.078805E+01
4.528000E+02 2.053419E+00 1.078666E+01
4.537000E+02 2.053690E+00 1.078529E+01
4.546000E+02 2.053959E+00 1.078393E+01
4.555000E+02 2.054226E+00 1.078091E+01
4.564000E+02 2.054492E+00 1.077958E+01
4.573000E+02 2.054756E+00 1.077659E+01
4.582000E+02 2.055019E+00 1.077529E+01
4.591000E+02 2.055280E+00 1.077400E+01
4.600000E+02 2.055540E+00 1.077106E+01
4.609000E+02 2.055798E+00 1.076980E+01
4.618000E+02 2.056055E+00 1.076856E+01
4.627000E+02 2.056310E+00 1.076566E+01
4.636000E+02 2.056564E+00 1.076444E+01
4.645000E+02 2.056816E+00 1.076158E+01
4.654000E+02 2.057066E+00 1.076039E+01
4.663000E+02 2.057316E+00 1.075921E+01
4.672000E+02 2.057563E+00 1.075639E+01
4.681000E+02 2.057810E+00 1.075524E+01
4.690000E+02 2.058055E+00 1.075245E+01
4.699000E+02 2.058298E+00 1.075133E+01
4.708000E+02 2.058540E+00 1.074857E+01
4.717000E+02 2.058781E+00 1.074747E+01
4.726000E+02 2.059020E+00 1.074474E+01
4.735000E+02 2.059258E+00 1.074367E+01
4.744000E+02 2.059494E+00 1.074097E+01
4.753000E+02 2.059729E+00 1.073993E+01
4.762000E+02 2.059963E+00 1.073725E+01
4.771000E+02 2.060195E+00 1.073624E+01
4.780000E+02 2.060426E+00 1.073359E+01
4.789000E+02 2.060656E+00 1.073260E+01
4.798000E+02 2.060884E+00 1.072998E+01
4.807000E+02 2.061111E+00 1.072902E+01
4.816000E+02 2.061336E+00 1.072643E+01
4.825000E+02 2.061561E+00 1.072549E+01
4.834000E+02 2.061784E+00 1.072293E+01
4.843000E+02 2.062005E+00 1.072201E+01
4.852000E+02 2.062226E+00 1.071948E+01
4.861000E+02 2.062445E+00 1.071696E+01
4.870000E+02 2.062663E+00 1.071608E+01
4.879000E+02 2.062879E+00 1.071359E+01
4.888000E+02 2.063094E+00 1.071273E+01
4.897000E+02 2.063308E+00 1.071027E+01
4.906000E+02 2.063521E+00 1.070781E+01
4.915000E+02 2.063733E+00 1.070700E+01
4.924000E+02 2.063943E+00 1.070457E+01
4.933000E+02 2.064152E+00 1.070378E+01
4.942000E+02 2.064360E+00 1.070138E+01
4.951000E+02 2.064566E+00 1.069899E+01
4.960000E+02 2.064772E+00 1.069824E+01
4.969000E+02 2.064976E+00 1.069588E+01
4.978000E+02 2.065179E+00 1.069353E+01
4.987000E+02 2.065381E+00 1.069281E+01
4.996000E+02 2.065581E+00 1.069049E+01
5.005000E+02 2.065781E+00 1.068818E+01
5.014000E+02 2.065979E+00 1.068750E+01
5.023000E+02 2.066176E+00 1.068521E+01
5.032000E+02 2.066372E+00 1.068294E+01
5.041000E+02 2.066567E+00 1.068229E+01
5.050000E+02 2.066760E+00 1.068005E+01
5.059000E+02 2.066953E+00 1.067782E+01
5.068000E+02 2.067144E+00 1.067720E+01
5.077000E+02 2.067334E+00 1.067499E+01
5.086000E+02 2.067524E+00 1.067280E+01
5.095000E+02 2.067711E+00 1.067062E+01
5.104000E+02 2.067898E+00 1.067004E+01
5.113000E+02 2.068084E+00 1.066789E+01
5.122000E+02 2.068269E+00 1.066574E+01
5.131000E+02 2.068452E+00 1.066361E+01
5.140000E+02 2.068635E+00 1.066308E+01
5.149000E+02 2.068816E+00 1.066097E+01
5.158000E+02 2.068996E+00 1.065888E+01
5.167000E+02 2.069176E+00 1.065679E+01
5.176000E+02 2.069354E+00 1.065472E+01
5.185000E+02 2.069531E+00 1.065425E+01
5.194000E+02 2.069707E+00 1.065220E+01
5.203000E+02 2.069882E+00 1.065017E+01
5.212000E+02 2.070056E+00 1.064814E+01
5.221000E+02 2.070229E+00 1.064613E+01
5.230000E+02 2.070400E+00 1.064571E+01
5.239000E+02 2.070571E+00 1.064372E+01
5.248000E+02 2.070741E+00 1.064174E+01
5.257000E+02 2.070910E+00 1.063978E+01
5.266000E+02 2.071077E+00 1.063783E+01
5.275000E+02 2.071244E+00 1.063588E+01
5.284000E+02 2.071410E+00 1.063553E+01
5.293000E+02 2.071575E+00 1.063361E+01
5.302000E+02 2.071738E+00 1.063170E+01
5.311000E+02 2.071901E+00 1.062980E+01
5.320000E+02 2.072063E+00 1.062792E+01
5.329000E+02 2.072224E+00 1.062604E+01
5.338000E+02 2.072383E+00 1.062418E+01
5.347000E+02 2.072542E+00 1.062233E+01
5.356000E+02 2.072700E+00 1.062049E+01
5.365000E+02 2.072857E+00 1.062022E+01
5.374000E+02 2.073013E+00 1.061841E+01
5.383000E+02 2.073168E+00 1.061660E+01
5.392000E+02 2.073322E+00 1.061480E+01
5.401000E+02 2.073475E+00 1.061302E+01
5.410000E+02 2.073627E+00 1.061124E+01
5.419000E+02 2.073779E+00 1.060948E+01
5.428000E+02 2.073929E+00 1.060773E+01
5.437000E+02 2.074078E+00 1.060599E+01
5.446000E+02 2.074227E+00 1.060426E+01
5.455000E+02 2.074374E+00 1.060254E+01
5.464000E+02 2.074521E+00 1.060083E+01
5.473000E+02 2.074667E+00 1.059913E+01
5.482000E+02 2.074811E+00 1.059745E+01
5.491000E+02 2.074955E+00 1.059577E+01
5.500000E+02 2.075098E+00 1.059410E+01
5.509000E+02 2.075241E+00 1.059245E+01
5.518000E+02 2.075382E+00 1.059080E+01
5.527000E+02 2.075522E+00 1.058917E+01
5.536000E+02 2.075662E+00 1.058754E+01
5.545000E+02 2.075800E+00 1.058593E+01
5.554000E+02 2.075938E+00 1.058433E+01
5.563000E+02 2.076075E+00 1.058273E+01
5.572000E+02 2.076211E+00 1.058115E+01
5.581000E+02 2.076346E+00 1.057958E+01
5.590000E+02 2.076481E+00 1.057802E+01
5.599000E+02 2.076614E+00 1.057646E+01
5.608000E+02 2.076747E+00 1.057492E+01
5.617000E+02 2.076879E+00 1.057339E+01
5.626000E+02 2.077010E+00 1.057187E+01
5.635000E+02 2.077140E+00 1.057035E+01
5.644000E+02 2.077269E+00 1.056885E+01
5.653000E+02 2.077398E+00 1.056736E+01
5.662000E+02 2.077525E+00 1.056435E+01
5.671000E+02 2.077652E+00 1.056288E+01
5.680000E+02 2.077778E+00 1.056142E+01
5.689000E+02 2.077904E+00 1.055996E+01
5.698000E+02 2.078028E+00 1.055852E+01
5.707000E+02 2.078152E+00 1.055709E+01
5.716000E+02 2.078275E+00 1.055567E+01
5.725000E+02 2.078397E+00 1.055425E+01
5.734000E+02 2.078518E+00 1.055285E+01
5.743000E+02 2.078638E+00 1.054994E+01
5.752000E+02 2.078758E+00 1.054855E+01
5.761000E+02 2.078877E+00 1.054718E+01
5.770000E+02 2.078995E+00 1.054581E+01
5.779000E+02 2.079113E+00 1.054446E+01
5.788000E+02 2.079229E+00 1.054311E+01
5.797000E+02 2.079345E+00 1.054177E+01
5.806000E+02 2.079460E+00 1.053893E+01
5.815000E+02 2.079575E+00 1.053761E+01
5.824000E+02 2.079688E+00 1.053631E+01
5.833000E+02 2.079801E+00 1.053501E+01
5.842000E+02 2.079913E+00 1.053372E+01
5.851000E+02 2.080025E+00 1.053093E+01
5.860000E+02 2.080135E+00 1.052966E+01
5.869000E+02 2.080245E+00 1.052840E+01
5.878000E+02 2.080355E+00 1.052714E+01
5.887000E+02 2.080463E+00 1.052590E+01
5.896000E+02 2.080571E+00 1.052316E+01
5.905000E+02 2.080678E+00 1.052194E+01
5.914000E+02 2.080784E+00 1.052072E+01
5.923000E+02 2.080890E+00 1.051951E+01
5.932000E+02 2.080995E+00 1.051831E+01
5.941000E+02 2.081099E+00 1.051562E+01
5.950000E+02 2.081202E+00 1.051444E+01
5.959000E+02 2.081305E+00 1.051327E+01
5.968000E+02 2.081407E+00 1.051211E+01
5.977000E+02 2.081509E+00 1.050946E+01
5.986000E+02 2.081609E+00 1.050831E+01
5.995000E+02 2.081709E+00 1.050718E+01
6.004000E+02 2.081809E+00 1.050456E+01
6.013000E+02 2.081907E+00 1.050344E+01
6.022000E+02 2.082005E+00 1.050233E+01
6.031000E+02 2.082102E+00 1.050123E+01
6.040000E+02 2.082199E+00 1.049865E+01
6.049000E+02 2.082295E+00 1.049756E+01
6.058000E+02 2.082390E+00 1.049649E+01
6.067000E+02 2.082485E+00 1.049394E+01
6.076000E+02 2.082579E+00 1.049288E+01
6.085000E+02 2.082672E+00 1.049183E+01
6.094000E+02 2.082765E+00 1.048930E+01
6.103000E+02 2.082857E+00 1.048827E+01
6.112000E+02 2.082948E+00 1.048725E+01
6.121000E+02 2.083039E+00 1.048475E+01
6.130000E+02 2.083129E+00 1.048374E+01
6.139000E+02 2.083218E+00 1.048274E+01
6.148000E+02 2.083307E+00 1.048028E+01
6.157000E+02 2.083395E+00 1.047929E+01
6.166000E+02 2.083483E+00 1.047832E+01
6.175000E+02 2.083570E+00 1.047588E+01
6.184000E+02 2.083656E+00 1.047492E+01
6.193000E+02 2.083742E+00 1.047397E+01
6.202000E+02 2.083827E+00 1.047156E+01
6.211000E+02 2.083911E+00 1.047062E+01
6.220000E+02 2.083995E+00 1.046823E+01
6.229000E+02 2.084078E+00 1.046731E+01
6.238000E+02 2.084161E+00 1.046640E+01
6.247000E+02 2.084243E+00 1.046403E+01
6.256000E+02 2.084324E+00 1.046314E+01
6.265000E+02 2.084405E+00 1.046079E+01
6.274000E+02 2.084485E+00 1.045991E+01
6.283000E+02 2.084565E+00 1.045904E+01
6.292000E+02 2.084644E+00 1.045672E+01
6.301000E+02 2.084722E+00 1.045586E+01
6.310000E+02 2.084800E+00 1.045356E+01
6.319000E+02 2.084877E+00 1.045272E+01
6.328000E+02 2.084954E+00 1.045043E+01
6.337000E+02 2.085030E+00 1.044961E+01
6.346000E+02 2.085105E+00 1.044879E+01
6.355000E+02 2.085180E+00 1.044653E+01
6.364000E+02 2.085255E+00 1.044573E+01
6.373000E+02 2.085328E+00 1.044348E+01
6.382000E+02 2.085402E+00 1.044270E+01
6.391000E+02 2.085474E+00 1.044047E+01
6.400000E+02 2.085546E+00 1.043970E+01
6.409000E+02 2.085618E+00 1.043749E+01
6.418000E+02 2.085689E+00 1.043674E+01
6.427000E+02 2.085759E+00 1.043454E+01
6.436000E+02 2.085829E+00 1.043381E+01
6.445000E+02 2.085899E+00 1.043163E+01
6.454000E+02 2.085967E+00 1.043090E+01
6.463000E+02 2.086036E+00 1.042874E+01
6.472000E+02 2.086103E+00 1.042803E+01
6.481000E+02 2.086171E+00 1.042589E+01
6.490000E+02 2.086237E+00 1.042520E+01
6.499000E+02 2.086303E+00 1.042307E+01
6.508000E+02 2.086369E+00 1.042239E+01
6.517000E+02 2.086434E+00 1.042027E+01
6.526000E+02 2.086498E+00 1.041961E+01
6.535000E+02 2.086562E+00 1.041751E+01
6.544000E+02 2.086626E+00 1.041686E+01
6.553000E+02 2.086689E+00 1.041478E+01
6.562000E+02 2.086751E+00 1.041415E+01
6.571000E+02 2.086813E+00 1.041208E+01
6.580000E+02 2.086875E+00 1.041003E+01
6.589000E+02 2.086935E+00 1.040942E+01
6.598000E+02 2.086996E+00 1.040737E+01
6.607000E+02 2.087056E+00 1.040678E+01
6.616000E+02 2.087115E+00 1.040475E+01
6.625000E+02 2.087174E+00 1.040417E+01
6.634000E+02 2.087232E+00 1.040216E+01
6.643000E+02 2.087290E+00 1.040016E+01
6.652000E+02 2.087347E+00 1.039959E+01
6.661000E+02 2.087404E+00 1.039761E+01
6.670000E+02 2.087461E+00 1.039706E+01
6.679000E+02 2.087517E+00 1.039509E+01
6.688000E+02 2.087572E+00 1.039313E+01
6.697000E+02 2.087627E+00 1.039260E+01
6.706000E+02 2.087681E+00 1.039065E+01
6.715000E+02 2.087735E+00 1.039013E+01
6.724000E+02 2.087789E+00 1.038820E+01
6.733000E+02 2.087842E+00 1.038628E+01
6.742000E+02 2.087894E+00 1.038578E+01
6.751000E+02 2.087946E+00 1.038388E+01
6.760000E+02 2.087998E+00 1.038197E+01
6.769000E+02 2.088049E+00 1.038150E+01
6.778000E+02 2.088100E+00 1.037961E+01
6.787000E+02 2.088150E+00 1.037915E+01
6.796000E+02 2.088199E+00 1.037728E+01
6.805000E+02 2.088249E+00 1.037542E+01
6.814000E+02 2.088298E+00 1.037498E+01
6.823000E+02 2.088346E+00 1.037313E+01
6.832000E+02 2.088394E+00 1.037128E+01
6.841000E+02 2.088441E+00 1.037086E+01
6.850000E+02 2.088488E+00 1.036904E+01
6.859000E+02 2.088535E+00 1.036722E+01
6.868000E+02 2.088581E+00 1.036682E+01
6.877000E+02 2.088626E+00 1.036501E+01
6.886000E+02 2.088672E+00 1.036321E+01
6.895000E+02 2.088716E+00 1.036142E+01
6.904000E+02 2.088761E+00 1.036105E+01
6.913000E+02 2.088804E+00 1.035927E+01
6.922000E+02 2.088848E+00 1.035750E+01
6.931000E+02 2.088891E+00 1.035715E+01
6.940000E+02 2.088933E+00 1.035539E+01
6.949000E+02 2.088976E+00 1.035364E+01
6.958000E+02 2.089017E+00 1.035190E+01
6.967000E+02 2.089059E+00 1.035157E+01
6.976000E+02 2.089099E+00 1.034984E+01
6.985000E+02 2.089140E+00 1.034812E+01
6.994000E+02 2.089180E+00 1.034781E+01
7.003000E+02 2.089219E+00 1.034611E+01
7.012000E+02 2.089259E+00 1.034441E+01
7.021000E+02 2.089297E+00 1.034272E+01
7.030000E+02 2.089336E+00 1.034243E+01
7.039000E+02 2.089374E+00 1.034075E+01
7.048000E+02 2.089411E+00 1.033908E+01
7.057000E+02 2.089448E+00 1.033742E+01
7.066000E+02 2.089485E+00 1.033716E+01
7.075000E+02 2.089521E+00 1.033551E+01
7.084000E+02 2.089557E+00 1.033386E+01
7.093000E+02 2.089592E+00 1.033223E+01
7.102000E+02 2.089628E+00 1.033060E+01
7.111000E+02 2.089662E+00 1.033037E+01
7.120000E+02 2.089696E+00 1.032875E+01
7.129000E+02 2.089730E+00 1.032714E+01
7.138000E+02 2.089764E+00 1.032554E+01
7.147000E+02 2.089797E+00 1.032394E+01
7.156000E+02 2.089830E+00 1.032374E+01
7.165000E+02 2.089862E+00 1.032216E+01
7.174000E+02 2.089894E+00 1.032058E+01
7.183000E+02 2.089925E+00 1.031901E+01
7.192000E+02 2.089957E+00 1.031745E+01
7.201000E+02 2.089987E+00 1.031728E+01
7.210000E+02 2.090018E+00 1.031573E+01
7.219000E+02 2.090048E+00 1.031418E+01
7.228000E+02 2.090077E+00 1.031264E+01
7.237000E+02 2.090107E+00 1.031111E+01
7.246000E+02 2.090135E+00 1.030959E+01
7.255000E+02 2.090164E+00 1.030946E+01
7.264000E+02 2.090192E+00 1.030794E+01
7.273000E+02 2.090220E+00 1.030644E+01
7.282000E+02 2.090247E+00 1.030494E+01
7.291000E+02 2.090274E+00 1.030345E+01
7.300000E+02 2.090301E+00 1.030196E+01
7.309000E+02 2.090327E+00 1.030049E+01
7.318000E+02 2.090353E+00 1.030039E+01
7.327000E+02 2.090379E+00 1.029892E+01
7.336000E+02 2.090404E+00 1.029746E+01
7.345000E+02 2.090429E+00 1.029601E+01
7.354000E+02 2.090453E+00 1.029456E+01
7.363000E+02 2.090477E+00 1.029312E+01
7.372000E+02 2.090501E+00 1.029169E+01
7.381000E+02 2.090525E+00 1.029026E+01
7.390000E+02 2.090548E+00 1.028884E+01
7.399000E+02 2.090570E+00 1.028879E+01
7.408000E+02 2.090593E+00 1.028738E+01
7.417000E+02 2.090615E+00 1.028598E+01
7.426000E+02 2.090636E+00 1.028458E+01
7.435000E+02 2.090658E+00 1.028319E+01
7.444000E+02 2.090679E+00 1.028181E+01
7.453000E+02 2.090699E+00 1.028043E+01
7.462000E+02 2.090720E+00 1.027905E+01
7.471000E+02 2.090740E+00 1.027769E+01
7.480000E+02 2.090759E+00 1.027633E+01
7.489000E+02 2.090779E+00 1.027497E+01
7.498000E+02 2.090798E+00 1.027362E+01
7.507000E+02 2.090816E+00 1.027365E+01
7.516000E+02 2.090835E+00 1.027231E+01
7.525000E+02 2.090853E+00 1.027098E+01
7.534000E+02 2.090870E+00 1.026965E+01
7.543000E+02 2.090887E+00 1.026834E+01
7.552000E+02 2.090904E+00 1.026702E+01
7.561000E+02 2.090921E+00 1.026572E+01
7.570000E+02 2.090937E+00 1.026441E+01
7.579000E+02 2.090953E+00 1.026312E+01
7.588000E+02 2.090969E+00 1.026183E+01
7.597000E+02 2.090985E+00 1.026055E+01
7.606000E+02 2.091000E+00 1.025927E+01
7.615000E+02 2.091014E+00 1.025800E+01
7.624000E+02 2.091029E+00 1.025673E+01
7.633000E+02 2.091043E+00 1.025547E+01
7.642000E+02 2.091057E+00 1.025422E+01
7.651000E+02 2.091070E+00 1.025297E+01
7.660000E+02 2.091083E+00 1.025173E+01
7.669000E+02 2.091096E+00 1.025049E+01
7.678000E+02 2.091109E+00 1.024926E+01
7.687000E+02 2.091121E+00 1.024804E+01
7.696000E+02 2.091133E+00 1.024682E+01
7.705000E+02 2.091144E+00 1.024560E+01
7.714000E+02 2.091156E+00 1.024440E+01
7.723000E+02 2.091167E+00 1.024319E+01
7.732000E+02 2.091178E+00 1.024200E+01
7.741000E+02 2.091188E+00 1.024081E+01
7.750000E+02 2.091198E+00 1.023962E+01
7.759000E+02 2.091208E+00 1.023844E+01
7.768000E+02 2.091217E+00 1.023727E+01
7.777000E+02 2.091227E+00 1.023610E+01
7.786000E+02 2.091236E+00 1.023494E+01
7.795000E+02 2.091244E+00 1.023378E+01
7.804000E+02 2.091253E+00 1.023263E+01
7.813000E+02 2.091261E+00 1.023148E+01
7.822000E+02 2.091268E+00 1.023034E+01
7.831000E+02 2.091276E+00 1.022920E+01
7.840000E+02 2.091283E+00 1.022673E+01
7.849000E+02 2.091290E+00 1.022561E+01
7.858000E+02 2.091297E+00 1.022449E+01
7.867000E+02 2.091303E+00 1.022337E+01
7.876000E+02 2.091309E+00 1.022227E+01
7.885000E+02 2.091315E+00 1.022116E+01
7.894000E+02 2.091320E+00 1.022007E+01
7.903000E+02 2.091325E+00 1.021898E+01
7.912000E+02 2.091330E+00 1.021789E+01
7.921000E+02 2.091335E+00 1.021681E+01
7.930000E+02 2.091339E+00 1.021573E+01
7.939000E+02 2.091344E+00 1.021466E+01
7.948000E+02 2.091347E+00 1.021226E+01
7.957000E+02 2.091351E+00 1.021120E+01
7.966000E+02 2.091354E+00 1.021015E+01
7.975000E+02 2.091357E+00 1.020910E+01
7.984000E+02 2.091360E+00 1.020806E+01
7.993000E+02 2.091362E+00 1.020702E+01
8.002000E+02 2.091365E+00 1.020599E+01
8.011000E+02 2.091367E+00 1.020496E+01
8.020000E+02 2.091368E+00 1.020394E+01
8.029000E+02 2.091370E+00 1.020159E+01
8.038000E+02 2.091371E+00 1.020058E+01
8.047000E+02 2.091372E+00 1.019957E+01
8.056000E+02 2.091372E+00 1.019857E+01
8.065000E+02 2.091373E+00 1.019757E+01
8.074000E+02 2.091373E+00 1.019658E+01
8.083000E+02 2.091373E+00 1.019559E+01
8.092000E+02 2.091372E+00 1.019329E+01
8.101000E+02 2.091372E+00 1.019231E+01
8.110000E+02 2.091371E+00 1.019134E+01
8.119000E+02 2.091369E+00 1.019037E+01
8.128000E+02 2.091368E+00 1.018941E+01
8.137000E+02 2.091366E+00 1.018846E+01
8.146000E+02 2.091364E+00 1.018751E+01
8.155000E+02 2.091362E+00 1.018524E+01
8.164000E+02 2.091360E+00 1.018430E+01
8.173000E+02 2.091357E+00 1.018336E+01
8.182000E+02 2.091354E+00 1.018243E+01
8.191000E+02 2.091351E+00 1.018151E+01
8.200000E+02 2.091348E+00 1.018059E+01
8.209000E+02 2.091344E+00 1.017835E+01
8.218000E+02 2.091340E+00 1.017744E+01
8.227000E+02 2.091336E+00 1.017654E+01
8.236000E+02 2.091331E+00 1.017564E+01
8.245000E+02 2.091327E+00 1.017474E+01
8.254000E+02 2.091322E+00 1.017253E+01
8.263000E+02 2.091317E+00 1.017165E+01
8.272000E+02 2.091311E+00 1.017077E+01
8.281000E+02 2.091306E+00 1.016989E+01
8.290000E+02 2.091300E+00 1.016902E+01
8.299000E+02 2.091294E+00 1.016684E+01
8.308000E+02 2.091288E+00 1.016598E+01
8.317000E+02 2.091281E+00 1.016512E+01
8.326000E+02 2.091274E+00 1.016427E+01
8.335000E+02 2.091267E+00 1.016211E+01
8.344000E+02 2.091260E+00 1.016127E+01
8.353000E+02 2.091253E+00 1.016043E+01
8.362000E+02 2.091245E+00 1.015960E+01
8.371000E+02 2.091237E+00 1.015746E+01
8.380000E+02 2.091229E+00 1.015664E+01
8.389000E+02 2.091221E+00 1.015582E+01
8.398000E+02 2.091212E+00 1.015501E+01
8.407000E+02 2.091203E+00 1.015420E+01
8.416000E+02 2.091194E+00 1.015209E+01
8.425000E+02 2.091185E+00 1.015129E+01
8.434000E+02 2.091175E+00 1.015049E+01
8.443000E+02 2.091166E+00 1.014840E+01
8.452000E+02 2.091156E+00 1.014761E+01
8.461000E+02 2.091146E+00 1.014683E+01
8.470000E+02 2.091135E+00 1.014606E+01
8.479000E+02 2.091125E+00 1.014398E+01
8.488000E+02 2.091114E+00 1.014321E+01
8.497000E+02 2.091103E+00 1.014245E+01
8.506000E+02 2.091092E+00 1.014169E+01
8.515000E+02 2.091080E+00 1.013964E+01
8.524000E+02 2.091069E+00 1.013889E+01
8.533000E+02 2.091057E+00 1.013815E+01
8.542000E+02 2.091045E+00 1.013611E+01
8.551000E+02 2.091032E+00 1.013537E+01
8.560000E+02 2.091020E+00 1.013464E+01
8.569000E+02 2.091007E+00 1.013392E+01
8.578000E+02 2.090994E+00 1.013190E+01
8.587000E+02 2.090981E+00 1.013118E+01
8.596000E+02 2.090968E+00 1.013047E+01
8.605000E+02 2.090954E+00 1.012847E+01
8.614000E+02 2.090940E+00 1.012777E+01
8.623000E+02 2.090927E+00 1.012707E+01
8.632000E+02 2.090912E+00 1.012508E+01
8.641000E+02 2.090898E+00 1.012439E+01
8.650000E+02 2.090883E+00 1.012370E+01
8.659000E+02 2.090869E+00 1.012173E+01
8.668000E+02 2.090854E+00 1.012105E+01
8.677000E+02 2.090839E+00 1.012038E+01
8.686000E+02 2.090823E+00 1.011842E+01
8.695000E+02 2.090808E+00 1.011776E+01
8.704000E+02 2.090792E+00 1.011710E+01
8.713000E+02 2.090776E+00 1.011516E+01
8.722000E+02 2.090760E+00 1.011451E+01
8.731000E+02 2.090743E+00 1.011386E+01
8.740000E+02 2.090727E+00 1.011193E+01
8.749000E+02 2.090710E+00 1.011130E+01
8.758000E+02 2.090693E+00 1.011066E+01
8.767000E+02 2.090676E+00 1.010875E+01
8.776000E+02 2.090659E+00 1.010812E+01
8.785000E+02 2.090641E+00 1.010751E+01
8.794000E+02 2.090624E+00 1.010560E+01
8.803000E+02 2.090606E+00 1.010499E+01
8.812000E+02 2.090588E+00 1.010310E+01
8.821000E+02 2.090569E+00 1.010250E+01
8.830000E+02 2.090551E+00 1.010190E+01
8.839000E+02 2.090532E+00 1.010002E+01
8.848000E+02 2.090513E+00 1.009943E+01
8.857000E+02 2.090494E+00 1.009885E+01
8.866000E+02 2.090475E+00 1.009698E+01
8.875000E+02 2.090456E+00 1.009641E+01
8.884000E+02 2.090436E+00 1.009455E+01
8.893000E+02 2.090416E+00 1.009399E+01
8.902000E+02 2.090397E+00 1.009342E+01
8.911000E+02 2.090376E+00 1.009158E+01
8.920000E+02 2.090356E+00 1.009103E+01
8.929000E+02 2.090336E+00 1.008919E+01
8.938000E+02 2.090315E+00 1.008865E+01
8.947000E+02 2.090294E+00 1.008810E+01
8.956000E+02 2.090273E+00 1.008629E+01
8.965000E+02 2.090252E+00 1.008575E+01
8.974000E+02 2.090231E+00 1.008394E+01
8.983000E+02 2.090209E+00 1.008342E+01
8.992000E+02 2.090187E+00 1.008289E+01
9.001000E+02 2.090166E+00 1.008110E+01
9.010000E+02 2.090143E+00 1.008058E+01
9.019000E+02 2.090121E+00 1.007880E+01
9.028000E+02 2.090099E+00 1.007829E+01
9.037000E+02 2.090076E+00 1.007651E+01
9.046000E+02 2.090054E+00 1.007602E+01
9.055000E+02 2.090031E+00 1.007552E+01
9.064000E+02 2.090008E+00 1.007376E+01
9.073000E+02 2.089984E+00 1.007327E+01
9.082000E+02 2.089961E+00 1.007152E+01
9.091000E+02 2.089937E+00 1.007104E+01
9.100000E+02 2.089913E+00 1.006930E+01
9.109000E+02 2.089890E+00 1.006883E+01
9.118000E+02 2.089865E+00 1.006709E+01
9.127000E+02 2.089841E+00 1.006663E+01
9.136000E+02 2.089817E+00 1.006490E+01
9.145000E+02 2.089792E+00 1.006444E+01
9.154000E+02 2.089767E+00 1.006400E+01
9.163000E+02 2.089743E+00 1.006228E+01
9.172000E+02 2.089717E+00 1.006184E+01
9.181000E+02 2.089692E+00 1.006013E+01
9.190000E+02 2.089667E+00 1.005970E+01
9.199000E+02 2.089641E+00 1.005800E+01
9.208000E+02 2.089615E+00 1.005757E+01
9.217000E+02 2.089590E+00 1.005588E+01
9.226000E+02 2.089564E+00 1.005547E+01
9.235000E+02 2.089537E+00 1.005378E+01
9.244000E+02 2.089511E+00 1.005337E+01
9.253000E+02 2.089485E+00 1.005170E+01
9.262000E+02 2.089458E+00 1.005130E+01
9.271000E+02 2.089431E+00 1.004964E+01
9.280000E+02 2.089404E+00 1.004924E+01
9.289000E+02 2.089377E+00 1.004758E+01
9.298000E+02 2.089350E+00 1.004720E+01
9.307000E+02 2.089322E+00 1.004555E+01
9.316000E+02 2.089295E+00 1.004517E+01
9.325000E+02 2.089267E+00 1.004353E+01
9.334000E+02 2.089239E+00 1.004316E+01
9.343000E+02 2.089211E+00 1.004153E+01
9.352000E+02 2.089183E+00 1.004117E+01
9.361000E+02 2.089154E+00 1.003954E+01
9.370000E+02 2.089126E+00 1.003919E+01
9.379000E+02 2.089097E+00 1.003757E+01
9.388000E+02 2.089068E+00 1.003596E+01
9.397000E+02 2.089039E+00 1.003562E+01
9.406000E+02 2.089010E+00 1.003402E+01
9.415000E+02 2.088981E+00 1.003368E+01
9.424000E+02 2.088952E+00 1.003209E+01
9.433000E+02 2.088922E+00 1.003176E+01
9.442000E+02 2.088892E+00 1.003017E+01
9.451000E+02 2.088863E+00 1.002985E+01
9.460000E+02 2.088833E+00 1.002827E+01
9.469000E+02 2.088803E+00 1.002796E+01
9.478000E+02 2.088772E+00 1.002639E+01
9.487000E+02 2.088742E+00 1.002482E+01
9.496000E+02 2.088711E+00 1.002452E+01
9.505000E+02 2.088681E+00 1.002296E+01
9.514000E+02 2.088650E+00 1.002267E+01
9.523000E+02 2.088619E+00 1.002112E+01
9.532000E+02 2.088588E+00 1.002083E+01
9.541000E+02 2.088557E+00 1.001929E+01
9.550000E+02 2.088525E+00 1.001900E+01
9.559000E+02 2.088494E+00 1.001747E+01
9.568000E+02 2.088462E+00 1.001595E+01
9.577000E+02 2.088430E+00 1.001567E+01
9.586000E+02 2.088398E+00 1.001415E+01
9.595000E+02 2.088366E+00 1.001389E+01
9.604000E+02 2.088334E+00 1.001238E+01
9.613000E+02 2.088302E+00 1.001087E+01
9.622000E+02 2.088269E+00 1.001061E+01
9.631000E+02 2.088237E+00 1.000911E+01
9.640000E+02 2.088204E+00 1.000887E+01
9.649000E+02 2.088171E+00 1.000737E+01
9.658000E+02 2.088138E+00 1.000589E+01
9.667000E+02 2.088105E+00 1.000565E+01
9.676000E+02 2.088072E+00 1.000417E+01
9.685000E+02 2.088038E+00 1.000394E+01
9.694000E+02 2.088005E+00 1.000247E+01
9.703000E+02 2.087971E+00 1.000100E+01
9.712000E+02 2.087937E+00 1.000078E+01
9.721000E+02 2.087903E+00 9.999316E+00
9.730000E+02 2.087869E+00 9.999103E+00
9.739000E+02 2.087835E+00 9.997650E+00
9.748000E+02 2.087801E+00 9.996201E+00
9.757000E+02 2.087766E+00 9.995998E+00
9.766000E+02 2.087732E+00 9.994557E+00
9.775000E+02 2.087697E+00 9.993119E+00
9.784000E+02 2.087662E+00 9.992927E+00
9.793000E+02 2.087627E+00 9.991497E+00
9.802000E+02 2.087592E+00 9.991311E+00
9.811000E+02 2.087557E+00 9.989888E+00
9.820000E+02 2.087522E+00 9.988470E+00
9.829000E+02 2.087486E+00 9.988294E+00
9.838000E+02 2.087451E+00 9.986883E+00
9.847000E+02 2.087415E+00 9.985476E+00
9.856000E+02 2.087379E+00 9.985311E+00
9.865000E+02 2.087343E+00 9.983910E+00
9.874000E+02 2.087307E+00 9.982514E+00
9.883000E+02 2.087271E+00 9.982359E+00
9.892000E+02 2.087235E+00 9.980970E+00
9.901000E+02 2.087198E+00 9.979586E+00
9.910000E+02 2.087162E+00 9.979440E+00
9.919000E+02 2.087125E+00 9.978063E+00
9.928000E+02 2.087088E+00 9.976689E+00
9.937000E+02 2.087052E+00 9.976554E+00
9.946000E+02 2.087015E+00 9.975187E+00
9.955000E+02 2.086977E+00 9.973824E+00
9.964000E+02 2.086940E+00 9.973699E+00
9.973000E+02 2.086903E+00 9.972344E+00
9.982000E+02 2.086865E+00 9.970992E+00
9.991000E+02 2.086828E+00 9.970876E+00
