1.000000E+00 NAN NAN
1.099000E+00 NAN NAN
1.198000E+00 NAN 2.482987E+01
1.297000E+00 1.140482E-01 2.109623E+01
1.396000E+00 1.179797E-01 1.856124E+01
1.495000E+00 1.219136E-01 1.769666E+01
1.594000E+00 1.258409E-01 1.714691E+01
1.693000E+00 1.297556E-01 1.669245E+01
1.792000E+00 1.336532E-01 1.618283E+01
1.891000E+00 1.375313E-01 1.587307E+01
1.990000E+00 1.413872E-01 1.549865E+01
2.089000E+00 1.452195E-01 1.517787E+01
2.188000E+00 1.490269E-01 1.490132E+01
2.287000E+00 1.528086E-01 1.466164E+01
2.386000E+00 1.565640E-01 1.445302E+01
2.485000E+00 1.602928E-01 1.427078E+01
2.584000E+00 1.639947E-01 1.403218E+01
2.683000E+00 1.676698E-01 1.389539E+01
2.782000E+00 1.713179E-01 1.370331E+01
2.881000E+00 1.749393E-01 1.360027E+01
2.980000E+00 1.785340E-01 1.344351E+01
3.079000E+00 1.821023E-01 1.330267E+01
3.178000E+00 1.856445E-01 1.317583E+01
3.277000E+00 1.891608E-01 1.312014E+01
3.376000E+00 1.926515E-01 1.301465E+01
3.475000E+00 1.961170E-01 1.291915E+01
3.574000E+00 1.995575E-01 1.283261E+01
3.673000E+00 2.029734E-01 1.275412E+01
3.772000E+00 2.063651E-01 1.268289E+01
3.871000E+00 2.097328E-01 1.256953E+01
3.970000E+00 2.130770E-01 1.251209E+01
4.069000E+00 2.163980E-01 1.246000E+01
4.168000E+00 2.196960E-01 1.241279E+01
4.267000E+00 2.229715E-01 1.232618E+01
4.366000E+00 2.262248E-01 1.228847E+01
4.465000E+00 2.294562E-01 1.225448E+01
4.564000E+00 2.326660E-01 1.218298E+01
4.663000E+00 2.358546E-01 1.215633E+01
4.762000E+00 2.390223E-01 1.209340E+01
4.861000E+00 2.421693E-01 1.203475E+01
4.960000E+00 2.452960E-01 1.201740E+01
5.059000E+00 2.484027E-01 1.196553E+01
5.158000E+00 2.514897E-01 1.195307E+01
5.257000E+00 2.545572E-01 1.190708E+01
5.356000E+00 2.576055E-01 1.186410E+01
5.455000E+00 2.606349E-01 1.182391E+01
5.554000E+00 2.636458E-01 1.181978E+01
5.653000E+00 2.666383E-01 1.178404E+01
5.752000E+00 2.696126E-01 1.175062E+01
5.851000E+00 2.725691E-01 1.171937E+01
5.950000E+00 2.755080E-01 1.169016E+01
6.049000E+00 2.784295E-01 1.166285E+01
6.148000E+00 2.813339E-01 1.163734E+01
6.247000E+00 2.842213E-01 1.161352E+01
6.346000E+00 2.870921E-01 1.159130E+01
6.445000E+00 2.899464E-01 1.157058E+01
6.544000E+00 2.927845E-01 1.155128E+01
6.643000E+00 2.956065E-01 1.153333E+01
6.742000E+00 2.984127E-01 1.151665E+01
6.841000E+00 3.012032E-01 1.150117E+01
6.940000E+00 3.039783E-01 1.148683E+01
7.039000E+00 3.067381E-01 1.147357E+01
7.138000E+00 3.094829E-01 1.146134E+01
7.237000E+00 3.122128E-01 1.145010E+01
7.336000E+00 3.149280E-01 1.141397E+01
7.435000E+00 3.176287E-01 1.140482E+01
7.534000E+00 3.203150E-01 1.139650E+01
7.633000E+00 3.229872E-01 1.138898E+01
7.732000E+00 3.256454E-01 1.135759E+01
7.831000E+00 3.282897E-01 1.135179E+01
7.930000E+00 3.309204E-01 1.134667E+01
8.029000E+00 3.335375E-01 1.131840E+01
8.128000E+00 3.361413E-01 1.131478E+01
8.227000E+00 3.387318E-01 1.131175E+01
8.326000E+00 3.413093E-01 1.128621E+01
8.425000E+00 3.438738E-01 1.128448E+01
8.524000E+00 3.464256E-01 1.128326E+01
8.623000E+00 3.489647E-01 1.126014E+01
8.722000E+00 3.514913E-01 1.126007E+01
8.821000E+00 3.540055E-01 1.123848E+01
8.920000E+00 3.565075E-01 1.123946E+01
9.019000E+00 3.589974E-01 1.121929E+01
9.118000E+00 3.614753E-01 1.122123E+01
9.217000E+00 3.639413E-01 1.120238E+01
9.316000E+00 3.663957E-01 1.120520E+01
9.415000E+00 3.688383E-01 1.118758E+01
9.514000E+00 3.712695E-01 1.119121E+01
9.613000E+00 3.736893E-01 1.117472E+01
9.712000E+00 3.760978E-01 1.115886E+01
9.811000E+00 3.784952E-01 1.116366E+01
9.910000E+00 3.808815E-01 1.114882E+01
1.000900E+01 3.832569E-01 1.115428E+01
1.010800E+01 3.856215E-01 1.114038E+01
1.020700E+01 3.879753E-01 1.112703E+01
1.030600E+01 3.903185E-01 1.113344E+01
1.040500E+01 3.926512E-01 1.112094E+01
1.050400E+01 3.949735E-01 1.110892E+01
1.060300E+01 3.972854E-01 1.109738E+01
1.070200E+01 3.995871E-01 1.110494E+01
1.080100E+01 4.018787E-01 1.109413E+01
1.090000E+01 4.041603E-01 1.108376E+01
1.099900E+01 4.064319E-01 1.109205E+01
1.109800E+01 4.086937E-01 1.108235E+01
1.119700E+01 4.109457E-01 1.107303E+01
1.129600E+01 4.131880E-01 1.106409E+01
1.139500E+01 4.154207E-01 1.105552E+01
1.149400E+01 4.176440E-01 1.106493E+01
1.159300E+01 4.198578E-01 1.105692E+01
1.169200E+01 4.220622E-01 1.104926E+01
1.179100E+01 4.242574E-01 1.104192E+01
1.189000E+01 4.264435E-01 1.103490E+01
1.198900E+01 4.286205E-01 1.102818E+01
1.208800E+01 4.307884E-01 1.103869E+01
1.218700E+01 4.329474E-01 1.103244E+01
1.228600E+01 4.350976E-01 1.102647E+01
1.238500E+01 4.372390E-01 1.102078E+01
1.248400E+01 4.393716E-01 1.101536E+01
1.258300E+01 4.414956E-01 1.101020E+01
1.268200E+01 4.436110E-01 1.100528E+01
1.278100E+01 4.457180E-01 1.100061E+01
1.288000E+01 4.478164E-01 1.099618E+01
1.297900E+01 4.499066E-01 1.099198E+01
1.307800E+01 4.519884E-01 1.098800E+01
1.317700E+01 4.540620E-01 1.098424E+01
1.327600E+01 4.561275E-01 1.098069E+01
1.337500E+01 4.581848E-01 1.097735E+01
1.347400E+01 4.602341E-01 1.097421E+01
1.357300E+01 4.622755E-01 1.097127E+01
1.367200E+01 4.643089E-01 1.096852E+01
1.377100E+01 4.663346E-01 1.096595E+01
1.387000E+01 4.683524E-01 1.096356E+01
1.396900E+01 4.703625E-01 1.096135E+01
1.406800E+01 4.723649E-01 1.095931E+01
1.416700E+01 4.743597E-01 1.095744E+01
1.426600E+01 4.763470E-01 1.095574E+01
1.436500E+01 4.783268E-01 1.095419E+01
1.446400E+01 4.802992E-01 1.095280E+01
1.456300E+01 4.822642E-01 1.095156E+01
1.466200E+01 4.842218E-01 1.095046E+01
1.476100E+01 4.861722E-01 1.094952E+01
1.486000E+01 4.881154E-01 1.093428E+01
1.495900E+01 4.900514E-01 1.093368E+01
1.505800E+01 4.919803E-01 1.093321E+01
1.515700E+01 4.939021E-01 1.093287E+01
1.525600E+01 4.958169E-01 1.093266E+01
1.535500E+01 4.977248E-01 1.093258E+01
1.545400E+01 4.996258E-01 1.093261E+01
1.555300E+01 5.015199E-01 1.091882E+01
1.565200E+01 5.034072E-01 1.091915E+01
1.575100E+01 5.052878E-01 1.091959E+01
1.585000E+01 5.071616E-01 1.092014E+01
1.594900E+01 5.090288E-01 1.092080E+01
1.604800E+01 5.108893E-01 1.090795E+01
1.614700E+01 5.127433E-01 1.090887E+01
1.624600E+01 5.145907E-01 1.090989E+01
1.634500E+01 5.164317E-01 1.091101E+01
1.644400E+01 5.182662E-01 1.091223E+01
1.654300E+01 5.200943E-01 1.090022E+01
1.664200E+01 5.219161E-01 1.090167E+01
1.674100E+01 5.237316E-01 1.090321E+01
1.684000E+01 5.255408E-01 1.090483E+01
1.693900E+01 5.273438E-01 1.089346E+01
1.703800E+01 5.291406E-01 1.089530E+01
1.713700E+01 5.309313E-01 1.089723E+01
1.723600E+01 5.327159E-01 1.088632E+01
1.733500E+01 5.344944E-01 1.088844E+01
1.743400E+01 5.362669E-01 1.089065E+01
1.753300E+01 5.380334E-01 1.089292E+01
1.763200E+01 5.397940E-01 1.088257E+01
1.773100E+01 5.415487E-01 1.088503E+01
1.783000E+01 5.432975E-01 1.088756E+01
1.792900E+01 5.450405E-01 1.087761E+01
1.802800E+01 5.467777E-01 1.088032E+01
1.812700E+01 5.485091E-01 1.088309E+01
1.822600E+01 5.502348E-01 1.087353E+01
1.832500E+01 5.519549E-01 1.087646E+01
1.842400E+01 5.536693E-01 1.087946E+01
1.852300E+01 5.553781E-01 1.087026E+01
1.862200E+01 5.570813E-01 1.087341E+01
1.872100E+01 5.587790E-01 1.086447E+01
1.882000E+01 5.604712E-01 1.086777E+01
1.891900E+01 5.621580E-01 1.087113E+01
1.901800E+01 5.638393E-01 1.086252E+01
1.911700E+01 5.655152E-01 1.086601E+01
1.921600E+01 5.671857E-01 1.085763E+01
1.931500E+01 5.688509E-01 1.086126E+01
1.941400E+01 5.705108E-01 1.086494E+01
1.951300E+01 5.721654E-01 1.085687E+01
1.961200E+01 5.738148E-01 1.086067E+01
1.971100E+01 5.754590E-01 1.085282E+01
1.981000E+01 5.770980E-01 1.085674E+01
1.990900E+01 5.787318E-01 1.084909E+01
2.000800E+01 5.803606E-01 1.085314E+01
2.010700E+01 5.819843E-01 1.085722E+01
2.020600E+01 5.836029E-01 1.084984E+01
2.030500E+01 5.852165E-01 1.085404E+01
2.040400E+01 5.868251E-01 1.084685E+01
2.050300E+01 5.884287E-01 1.085116E+01
2.060200E+01 5.900274E-01 1.084416E+01
2.070100E+01 5.916213E-01 1.084856E+01
2.080000E+01 5.932102E-01 1.084174E+01
2.089900E+01 5.947943E-01 1.084624E+01
2.099800E+01 5.963735E-01 1.083959E+01
2.109700E+01 5.979480E-01 1.084419E+01
2.119600E+01 5.995177E-01 1.083771E+01
2.129500E+01 6.010827E-01 1.084241E+01
2.139400E+01 6.026429E-01 1.083609E+01
2.149300E+01 6.041985E-01 1.084087E+01
2.159200E+01 6.057494E-01 1.083471E+01
2.169100E+01 6.072957E-01 1.083957E+01
2.179000E+01 6.088374E-01 1.083357E+01
2.188900E+01 6.103745E-01 1.083851E+01
2.198800E+01 6.119070E-01 1.083265E+01
2.208700E+01 6.134351E-01 1.083768E+01
2.218600E+01 6.149586E-01 1.083197E+01
2.228500E+01 6.164776E-01 1.082635E+01
2.238400E+01 6.179922E-01 1.083150E+01
2.248300E+01 6.195023E-01 1.082601E+01
2.258200E+01 6.210081E-01 1.083124E+01
2.268100E+01 6.225095E-01 1.082589E+01
2.278000E+01 6.240065E-01 1.083118E+01
2.287900E+01 6.254992E-01 1.082596E+01
2.297800E+01 6.269876E-01 1.082082E+01
2.307700E+01 6.284717E-01 1.082623E+01
2.317600E+01 6.299515E-01 1.082121E+01
2.327500E+01 6.314271E-01 1.082668E+01
2.337400E+01 6.328985E-01 1.082179E+01
2.347300E+01 6.343657E-01 1.081698E+01
2.357200E+01 6.358287E-01 1.082254E+01
2.367100E+01 6.372875E-01 1.081784E+01
2.377000E+01 6.387423E-01 1.081322E+01
2.386900E+01 6.401929E-01 1.081889E+01
2.396800E+01 6.416394E-01 1.081437E+01
2.406700E+01 6.430819E-01 1.082009E+01
2.416600E+01 6.445203E-01 1.081569E+01
2.426500E+01 6.459547E-01 1.081135E+01
2.436400E+01 6.473852E-01 1.081716E+01
2.446300E+01 6.488116E-01 1.081293E+01
2.456200E+01 6.502341E-01 1.080876E+01
2.466100E+01 6.516526E-01 1.081465E+01
2.476000E+01 6.530672E-01 1.081059E+01
2.485900E+01 6.544779E-01 1.080659E+01
2.495800E+01 6.558848E-01 1.081256E+01
2.505700E+01 6.572878E-01 1.080865E+01
2.515600E+01 6.586870E-01 1.080481E+01
2.525500E+01 6.600823E-01 1.081085E+01
2.535400E+01 6.614739E-01 1.080710E+01
2.545300E+01 6.628616E-01 1.080341E+01
2.555200E+01 6.642457E-01 1.080953E+01
2.565100E+01 6.656259E-01 1.080593E+01
2.575000E+01 6.670025E-01 1.080238E+01
2.584900E+01 6.683753E-01 1.079890E+01
2.594800E+01 6.697445E-01 1.080510E+01
2.604700E+01 6.711100E-01 1.080170E+01
2.614600E+01 6.724718E-01 1.079835E+01
2.624500E+01 6.738300E-01 1.080462E+01
2.634400E+01 6.751846E-01 1.080135E+01
2.644300E+01 6.765356E-01 1.079814E+01
2.654200E+01 6.778831E-01 1.079498E+01
2.664100E+01 6.792270E-01 1.080133E+01
2.674000E+01 6.805673E-01 1.079824E+01
2.683900E+01 6.819041E-01 1.079521E+01
2.693800E+01 6.832374E-01 1.079222E+01
2.703700E+01 6.845672E-01 1.079866E+01
2.713600E+01 6.858936E-01 1.079574E+01
2.723500E+01 6.872165E-01 1.079288E+01
2.733400E+01 6.885359E-01 1.079006E+01
2.743300E+01 6.898520E-01 1.079657E+01
2.753200E+01 6.911646E-01 1.079382E+01
2.763100E+01 6.924738E-01 1.079111E+01
2.773000E+01 6.937797E-01 1.078846E+01
2.782900E+01 6.950822E-01 1.079503E+01
2.792800E+01 6.963814E-01 1.079244E+01
2.802700E+01 6.976772E-01 1.078989E+01
2.812600E+01 6.989698E-01 1.078738E+01
2.822500E+01 7.002590E-01 1.078492E+01
2.832400E+01 7.015450E-01 1.079158E+01
2.842300E+01 7.028277E-01 1.078918E+01
2.852200E+01 7.041071E-01 1.078682E+01
2.862100E+01 7.053834E-01 1.078450E+01
2.872000E+01 7.066564E-01 1.078223E+01
2.881900E+01 7.079262E-01 1.078896E+01
2.891800E+01 7.091928E-01 1.078674E+01
2.901700E+01 7.104563E-01 1.078456E+01
2.911600E+01 7.117166E-01 1.078242E+01
2.921500E+01 7.129737E-01 1.078031E+01
2.931400E+01 7.142278E-01 1.078712E+01
2.941300E+01 7.154787E-01 1.078507E+01
2.951200E+01 7.167265E-01 1.078306E+01
2.961100E+01 7.179712E-01 1.078108E+01
2.971000E+01 7.192129E-01 1.077914E+01
2.980900E+01 7.204515E-01 1.077724E+01
2.990800E+01 7.216870E-01 1.078413E+01
3.000700E+01 7.229196E-01 1.078227E+01
3.010600E+01 7.241491E-01 1.078046E+01
3.020500E+01 7.253756E-01 1.077867E+01
3.030400E+01 7.265991E-01 1.077692E+01
3.040300E+01 7.278196E-01 1.077521E+01
3.050200E+01 7.290372E-01 1.077353E+01
3.060100E+01 7.302518E-01 1.078050E+01
3.070000E+01 7.314635E-01 1.077886E+01
3.079900E+01 7.326723E-01 1.077726E+01
3.089800E+01 7.338782E-01 1.077568E+01
3.099700E+01 7.350812E-01 1.077414E+01
3.109600E+01 7.362812E-01 1.077264E+01
3.119500E+01 7.374785E-01 1.077116E+01
3.129400E+01 7.386728E-01 1.076971E+01
3.139300E+01 7.398644E-01 1.077677E+01
3.149200E+01 7.410531E-01 1.077536E+01
3.159100E+01 7.422389E-01 1.077399E+01
3.169000E+01 7.434220E-01 1.077264E+01
3.178900E+01 7.446023E-01 1.077133E+01
3.188800E+01 7.457798E-01 1.077004E+01
3.198700E+01 7.469545E-01 1.076878E+01
3.208600E+01 7.481265E-01 1.076755E+01
3.218500E+01 7.492957E-01 1.076635E+01
3.228400E+01 7.504622E-01 1.076517E+01
3.238300E+01 7.516259E-01 1.076403E+01
3.248200E+01 7.527870E-01 1.077119E+01
3.258100E+01 7.539453E-01 1.077007E+01
3.268000E+01 7.551010E-01 1.076899E+01
3.277900E+01 7.562540E-01 1.076793E+01
3.287800E+01 7.574043E-01 1.076690E+01
3.297700E+01 7.585520E-01 1.076590E+01
3.307600E+01 7.596970E-01 1.076491E+01
3.317500E+01 7.608394E-01 1.076396E+01
3.327400E+01 7.619792E-01 1.076303E+01
3.337300E+01 7.631164E-01 1.076213E+01
3.347200E+01 7.642509E-01 1.076124E+01
3.357100E+01 7.653829E-01 1.076039E+01
3.367000E+01 7.665124E-01 1.075956E+01
3.376900E+01 7.676392E-01 1.075875E+01
3.386800E+01 7.687635E-01 1.075796E+01
3.396700E+01 7.698853E-01 1.075720E+01
3.406600E+01 7.710045E-01 1.075646E+01
3.416500E+01 7.721212E-01 1.075575E+01
3.426400E+01 7.732354E-01 1.076304E+01
3.436300E+01 7.743471E-01 1.076236E+01
3.446200E+01 7.754563E-01 1.076169E+01
3.456100E+01 7.765630E-01 1.076105E+01
3.466000E+01 7.776672E-01 1.076043E+01
3.475900E+01 7.787690E-01 1.075984E+01
3.485800E+01 7.798684E-01 1.075926E+01
3.495700E+01 7.809653E-01 1.075870E+01
3.505600E+01 7.820598E-01 1.075817E+01
3.515500E+01 7.831518E-01 1.075765E+01
3.525400E+01 7.842415E-01 1.075716E+01
3.535300E+01 7.853287E-01 1.075669E+01
3.545200E+01 7.864136E-01 1.075624E+01
3.555100E+01 7.874961E-01 1.075580E+01
3.565000E+01 7.885762E-01 1.075539E+01
3.574900E+01 7.896539E-01 1.075500E+01
3.584800E+01 7.907293E-01 1.075462E+01
3.594700E+01 7.918024E-01 1.075427E+01
3.604600E+01 7.928731E-01 1.075393E+01
3.614500E+01 7.939415E-01 1.075362E+01
3.624400E+01 7.950076E-01 1.075332E+01
3.634300E+01 7.960714E-01 1.075304E+01
3.644200E+01 7.971329E-01 1.075278E+01
3.654100E+01 7.981921E-01 1.075254E+01
3.664000E+01 7.992490E-01 1.075231E+01
3.673900E+01 8.003037E-01 1.075211E+01
3.683800E+01 8.013561E-01 1.074430E+01
3.693700E+01 8.024063E-01 1.074414E+01
3.703600E+01 8.034542E-01 1.074400E+01
3.713500E+01 8.044999E-01 1.074388E+01
3.723400E+01 8.055433E-01 1.074377E+01
3.733300E+01 8.065846E-01 1.074368E+01
3.743200E+01 8.076236E-01 1.074361E+01
3.753100E+01 8.086605E-01 1.074355E+01
3.763000E+01 8.096952E-01 1.074351E+01
3.772900E+01 8.107276E-01 1.074349E+01
3.782800E+01 8.117580E-01 1.074348E+01
3.792700E+01 8.127861E-01 1.074348E+01
3.802600E+01 8.138121E-01 1.074351E+01
3.812500E+01 8.148360E-01 1.074355E+01
3.822400E+01 8.158577E-01 1.074360E+01
3.832300E+01 8.168773E-01 1.074367E+01
3.842200E+01 8.178947E-01 1.074376E+01
3.852100E+01 8.189101E-01 1.074386E+01
3.862000E+01 8.199233E-01 1.074397E+01
3.871900E+01 8.209345E-01 1.073673E+01
3.881800E+01 8.219436E-01 1.073689E+01
3.891700E+01 8.229506E-01 1.073706E+01
3.901600E+01 8.239555E-01 1.073725E+01
3.911500E+01 8.249583E-01 1.073745E+01
3.921400E+01 8.259591E-01 1.073766E+01
3.931300E+01 8.269579E-01 1.073789E+01
3.941200E+01 8.279546E-01 1.073813E+01
3.951100E+01 8.289493E-01 1.073838E+01
3.961000E+01 8.299419E-01 1.073865E+01
3.970900E+01 8.309326E-01 1.073894E+01
3.980800E+01 8.319212E-01 1.073923E+01
3.990700E+01 8.329078E-01 1.073232E+01
4.000600E+01 8.338924E-01 1.073265E+01
4.010500E+01 8.348751E-01 1.073300E+01
4.020400E+01 8.358557E-01 1.073336E+01
4.030300E+01 8.368344E-01 1.073373E+01
4.040200E+01 8.378111E-01 1.073411E+01
4.050100E+01 8.387859E-01 1.073451E+01
4.060000E+01 8.397587E-01 1.073492E+01
4.069900E+01 8.407296E-01 1.073534E+01
4.079800E+01 8.416985E-01 1.072866E+01
4.089700E+01 8.426656E-01 1.072911E+01
4.099600E+01 8.436306E-01 1.072958E+01
4.109500E+01 8.445938E-01 1.073006E+01
4.119400E+01 8.455551E-01 1.073056E+01
4.129300E+01 8.465145E-01 1.073106E+01
4.139200E+01 8.474719E-01 1.073158E+01
4.149100E+01 8.484275E-01 1.073211E+01
4.159000E+01 8.493812E-01 1.072561E+01
4.168900E+01 8.503331E-01 1.072617E+01
4.178800E+01 8.512831E-01 1.072675E+01
4.188700E+01 8.522312E-01 1.072733E+01
4.198600E+01 8.531775E-01 1.072792E+01
4.208500E+01 8.541219E-01 1.072853E+01
4.218400E+01 8.550645E-01 1.072915E+01
4.228300E+01 8.560052E-01 1.072281E+01
4.238200E+01 8.569441E-01 1.072346E+01
4.248100E+01 8.578813E-01 1.072412E+01
4.258000E+01 8.588166E-01 1.072479E+01
4.267900E+01 8.597501E-01 1.072546E+01
4.277800E+01 8.606818E-01 1.072615E+01
4.287700E+01 8.616117E-01 1.071996E+01
4.297600E+01 8.625398E-01 1.072067E+01
4.307500E+01 8.634661E-01 1.072140E+01
4.317400E+01 8.643907E-01 1.072214E+01
4.327300E+01 8.653135E-01 1.072289E+01
4.337200E+01 8.662345E-01 1.072365E+01
4.347100E+01 8.671538E-01 1.072442E+01
4.357000E+01 8.680713E-01 1.071837E+01
4.366900E+01 8.689871E-01 1.071916E+01
4.376800E+01 8.699012E-01 1.071997E+01
4.386700E+01 8.708135E-01 1.072078E+01
4.396600E+01 8.717241E-01 1.072161E+01
4.406500E+01 8.726330E-01 1.071566E+01
4.416400E+01 8.735402E-01 1.071652E+01
4.426300E+01 8.744456E-01 1.071738E+01
4.436200E+01 8.753494E-01 1.071824E+01
4.446100E+01 8.762515E-01 1.071912E+01
4.456000E+01 8.771519E-01 1.072001E+01
4.465900E+01 8.780506E-01 1.071419E+01
4.475800E+01 8.789476E-01 1.071510E+01
4.485700E+01 8.798430E-01 1.071602E+01
4.495600E+01 8.807367E-01 1.071695E+01
4.505500E+01 8.816288E-01 1.071789E+01
4.515400E+01 8.825191E-01 1.071217E+01
4.525300E+01 8.834079E-01 1.071313E+01
4.535200E+01 8.842950E-01 1.071410E+01
4.545100E+01 8.851805E-01 1.071508E+01
4.555000E+01 8.860643E-01 1.071607E+01
4.564900E+01 8.869465E-01 1.071044E+01
4.574800E+01 8.878271E-01 1.071145E+01
4.584700E+01 8.887061E-01 1.071247E+01
4.594600E+01 8.895835E-01 1.071350E+01
4.604500E+01 8.904592E-01 1.070795E+01
4.614400E+01 8.913334E-01 1.070900E+01
4.624300E+01 8.922060E-01 1.071006E+01
4.634200E+01 8.930770E-01 1.071112E+01
4.644100E+01 8.939464E-01 1.071220E+01
4.654000E+01 8.948143E-01 1.070674E+01
4.663900E+01 8.956806E-01 1.070783E+01
4.673800E+01 8.965453E-01 1.070894E+01
4.683700E+01 8.974084E-01 1.071005E+01
4.693600E+01 8.982700E-01 1.070466E+01
4.703500E+01 8.991301E-01 1.070579E+01
4.713400E+01 8.999886E-01 1.070693E+01
4.723300E+01 9.008456E-01 1.070808E+01
4.733200E+01 9.017010E-01 1.070923E+01
4.743100E+01 9.025549E-01 1.070393E+01
4.753000E+01 9.034073E-01 1.070511E+01
4.762900E+01 9.042582E-01 1.070629E+01
4.772800E+01 9.051075E-01 1.070748E+01
4.782700E+01 9.059554E-01 1.070224E+01
4.792600E+01 9.068017E-01 1.070345E+01
4.802500E+01 9.076466E-01 1.070467E+01
4.812400E+01 9.084900E-01 1.070589E+01
4.822300E+01 9.093318E-01 1.070072E+01
4.832200E+01 9.101722E-01 1.070197E+01
4.842100E+01 9.110111E-01 1.070321E+01
4.852000E+01 9.118486E-01 1.070447E+01
4.861900E+01 9.126845E-01 1.069937E+01
4.871800E+01 9.135190E-01 1.070064E+01
4.881700E+01 9.143521E-01 1.070192E+01
4.891600E+01 9.151837E-01 1.069688E+01
4.901500E+01 9.160138E-01 1.069818E+01
4.911400E+01 9.168425E-01 1.069948E+01
4.921300E+01 9.176698E-01 1.070079E+01
4.931200E+01 9.184956E-01 1.069581E+01
4.941100E+01 9.193200E-01 1.069714E+01
4.951000E+01 9.201429E-01 1.069847E+01
4.960900E+01 9.209645E-01 1.069981E+01
4.970800E+01 9.217846E-01 1.069489E+01
4.980700E+01 9.226033E-01 1.069625E+01
4.990600E+01 9.234206E-01 1.069761E+01
5.000500E+01 9.242365E-01 1.069274E+01
5.010400E+01 9.250511E-01 1.069412E+01
5.020300E+01 9.258642E-01 1.069551E+01
5.030200E+01 9.266759E-01 1.069690E+01
5.040100E+01 9.274862E-01 1.069209E+01
5.050000E+01 9.282952E-01 1.069350E+01
5.059900E+01 9.291028E-01 1.069491E+01
5.069800E+01 9.299090E-01 1.069014E+01
5.079700E+01 9.307138E-01 1.069158E+01
5.089600E+01 9.315173E-01 1.069301E+01
5.099500E+01 9.323194E-01 1.069446E+01
5.109400E+01 9.331202E-01 1.068974E+01
5.119300E+01 9.339196E-01 1.069120E+01
5.129200E+01 9.347177E-01 1.069267E+01
5.139100E+01 9.355144E-01 1.068800E+01
5.149000E+01 9.363098E-01 1.068948E+01
5.158900E+01 9.371038E-01 1.069096E+01
5.168800E+01 9.378966E-01 1.068634E+01
5.178700E+01 9.386880E-01 1.068784E+01
5.188600E+01 9.394780E-01 1.068935E+01
5.198500E+01 9.402668E-01 1.069086E+01
5.208400E+01 9.410542E-01 1.068628E+01
5.218300E+01 9.418404E-01 1.068781E+01
5.228200E+01 9.426252E-01 1.068934E+01
5.238100E+01 9.434087E-01 1.068481E+01
5.248000E+01 9.441910E-01 1.068636E+01
5.257900E+01 9.449719E-01 1.068791E+01
5.267800E+01 9.457516E-01 1.068342E+01
5.277700E+01 9.465300E-01 1.068498E+01
5.287600E+01 9.473071E-01 1.068655E+01
5.297500E+01 9.480829E-01 1.068211E+01
5.307400E+01 9.488574E-01 1.068369E+01
5.317300E+01 9.496307E-01 1.068528E+01
5.327200E+01 9.504027E-01 1.068087E+01
5.337100E+01 9.511734E-01 1.068247E+01
5.347000E+01 9.519429E-01 1.068408E+01
5.356900E+01 9.527112E-01 1.067971E+01
5.366800E+01 9.534781E-01 1.068133E+01
5.376700E+01 9.542439E-01 1.068295E+01
5.386600E+01 9.550084E-01 1.067862E+01
5.396500E+01 9.557716E-01 1.068026E+01
5.406400E+01 9.565337E-01 1.068190E+01
5.416300E+01 9.572945E-01 1.067761E+01
5.426200E+01 9.580540E-01 1.067926E+01
5.436100E+01 9.588124E-01 1.068092E+01
5.446000E+01 9.595695E-01 1.067667E+01
5.455900E+01 9.603254E-01 1.067834E+01
5.465800E+01 9.610801E-01 1.068002E+01
5.475700E+01 9.618336E-01 1.067580E+01
5.485600E+01 9.625859E-01 1.067749E+01
5.495500E+01 9.633370E-01 1.067918E+01
5.505400E+01 9.640868E-01 1.067500E+01
5.515300E+01 9.648355E-01 1.067670E+01
5.525200E+01 9.655830E-01 1.067841E+01
5.535100E+01 9.663293E-01 1.067427E+01
5.545000E+01 9.670745E-01 1.067599E+01
5.554900E+01 9.678184E-01 1.067187E+01
5.564800E+01 9.685612E-01 1.067360E+01
5.574700E+01 9.693028E-01 1.067534E+01
5.584600E+01 9.700432E-01 1.067126E+01
5.594500E+01 9.707824E-01 1.067300E+01
5.604400E+01 9.715205E-01 1.067475E+01
5.614300E+01 9.722575E-01 1.067071E+01
5.624200E+01 9.729932E-01 1.067247E+01
5.634100E+01 9.737279E-01 1.067423E+01
5.644000E+01 9.744613E-01 1.067022E+01
5.653900E+01 9.751937E-01 1.067200E+01
5.663800E+01 9.759248E-01 1.066801E+01
5.673700E+01 9.766549E-01 1.066980E+01
5.683600E+01 9.773838E-01 1.067159E+01
5.693500E+01 9.781115E-01 1.066763E+01
5.703400E+01 9.788382E-01 1.066943E+01
5.713300E+01 9.795637E-01 1.067124E+01
5.723200E+01 9.802881E-01 1.066732E+01
5.733100E+01 9.810114E-01 1.066913E+01
5.743000E+01 9.817335E-01 1.066523E+01
5.752900E+01 9.824545E-01 1.066706E+01
5.762800E+01 9.831745E-01 1.066889E+01
5.772700E+01 9.838933E-01 1.066502E+01
5.782600E+01 9.846110E-01 1.066687E+01
5.792500E+01 9.853276E-01 1.066302E+01
5.802400E+01 9.860431E-01 1.066487E+01
5.812300E+01 9.867575E-01 1.066673E+01
5.822200E+01 9.874709E-01 1.066291E+01
5.832100E+01 9.881831E-01 1.066478E+01
5.842000E+01 9.888943E-01 1.066665E+01
5.851900E+01 9.896043E-01 1.066286E+01
5.861800E+01 9.903133E-01 1.066474E+01
5.871700E+01 9.910213E-01 1.066098E+01
5.881600E+01 9.917281E-01 1.066287E+01
5.891500E+01 9.924339E-01 1.066476E+01
5.901400E+01 9.931386E-01 1.066103E+01
5.911300E+01 9.938423E-01 1.066292E+01
5.921200E+01 9.945449E-01 1.065922E+01
5.931100E+01 9.952464E-01 1.066112E+01
5.941000E+01 9.959469E-01 1.065744E+01
5.950900E+01 9.966463E-01 1.065936E+01
5.960800E+01 9.973447E-01 1.066128E+01
5.970700E+01 9.980420E-01 1.065762E+01
5.980600E+01 9.987382E-01 1.065955E+01
5.990500E+01 9.994335E-01 1.065591E+01
6.000400E+01 1.000128E+00 1.065785E+01
6.010300E+01 1.000821E+00 1.065980E+01
6.020200E+01 1.001513E+00 1.065619E+01
6.030100E+01 1.002204E+00 1.065814E+01
6.040000E+01 1.002894E+00 1.065455E+01
6.049900E+01 1.003583E+00 1.065651E+01
6.059800E+01 1.004271E+00 1.065295E+01
6.069700E+01 1.004958E+00 1.065491E+01
6.079600E+01 1.005644E+00 1.065688E+01
6.089500E+01 1.006329E+00 1.065334E+01
6.099400E+01 1.007013E+00 1.065532E+01
6.109300E+01 1.007696E+00 1.065180E+01
6.119200E+01 1.008378E+00 1.065379E+01
6.129100E+01 1.009059E+00 1.065578E+01
6.139000E+01 1.009739E+00 1.065229E+01
6.148900E+01 1.010418E+00 1.065429E+01
6.158800E+01 1.011096E+00 1.065081E+01
6.168700E+01 1.011773E+00 1.065282E+01
6.178600E+01 1.012449E+00 1.064937E+01
6.188500E+01 1.013124E+00 1.065138E+01
6.198400E+01 1.013798E+00 1.064795E+01
6.208300E+01 1.014472E+00 1.064997E+01
6.218200E+01 1.015144E+00 1.065199E+01
6.228100E+01 1.015815E+00 1.064858E+01
6.238000E+01 1.016486E+00 1.065061E+01
6.247900E+01 1.017155E+00 1.064722E+01
6.257800E+01 1.017824E+00 1.064926E+01
6.267700E+01 1.018492E+00 1.064589E+01
6.277600E+01 1.019158E+00 1.064794E+01
6.287500E+01 1.019824E+00 1.064458E+01
6.297400E+01 1.020489E+00 1.064664E+01
6.307300E+01 1.021153E+00 1.064869E+01
6.317200E+01 1.021816E+00 1.064536E+01
6.327100E+01 1.022478E+00 1.064742E+01
6.337000E+01 1.023140E+00 1.064411E+01
6.346900E+01 1.023800E+00 1.064618E+01
6.356800E+01 1.024459E+00 1.064289E+01
6.366700E+01 1.025118E+00 1.064497E+01
6.376600E+01 1.025775E+00 1.064169E+01
6.386500E+01 1.026432E+00 1.064378E+01
6.396400E+01 1.027088E+00 1.064052E+01
6.406300E+01 1.027743E+00 1.064261E+01
6.416200E+01 1.028396E+00 1.064470E+01
6.426100E+01 1.029050E+00 1.064147E+01
6.436000E+01 1.029702E+00 1.064357E+01
6.445900E+01 1.030353E+00 1.064035E+01
6.455800E+01 1.031003E+00 1.064246E+01
6.465700E+01 1.031653E+00 1.063926E+01
6.475600E+01 1.032301E+00 1.064137E+01
6.485500E+01 1.032949E+00 1.063819E+01
6.495400E+01 1.033596E+00 1.064031E+01
6.505300E+01 1.034242E+00 1.063714E+01
6.515200E+01 1.034887E+00 1.063927E+01
6.525100E+01 1.035531E+00 1.063612E+01
6.535000E+01 1.036174E+00 1.063825E+01
6.544900E+01 1.036817E+00 1.063512E+01
6.554800E+01 1.037458E+00 1.063725E+01
6.564700E+01 1.038099E+00 1.063939E+01
6.574600E+01 1.038739E+00 1.063628E+01
6.584500E+01 1.039377E+00 1.063843E+01
6.594400E+01 1.040015E+00 1.063533E+01
6.604300E+01 1.040653E+00 1.063749E+01
6.614200E+01 1.041289E+00 1.063441E+01
6.624100E+01 1.041925E+00 1.063657E+01
6.634000E+01 1.042559E+00 1.063350E+01
6.643900E+01 1.043193E+00 1.063567E+01
6.653800E+01 1.043826E+00 1.063262E+01
6.663700E+01 1.044458E+00 1.063479E+01
6.673600E+01 1.045089E+00 1.063176E+01
6.683500E+01 1.045719E+00 1.063394E+01
6.693400E+01 1.046349E+00 1.063092E+01
6.703300E+01 1.046978E+00 1.063310E+01
6.713200E+01 1.047605E+00 1.063010E+01
6.723100E+01 1.048232E+00 1.063229E+01
6.733000E+01 1.048859E+00 1.062931E+01
6.742900E+01 1.049484E+00 1.063150E+01
6.752800E+01 1.050108E+00 1.062853E+01
6.762700E+01 1.050732E+00 1.063073E+01
6.772600E+01 1.051355E+00 1.062778E+01
6.782500E+01 1.051977E+00 1.062998E+01
6.792400E+01 1.052598E+00 1.062704E+01
6.802300E+01 1.053218E+00 1.062925E+01
6.812200E+01 1.053838E+00 1.062633E+01
6.822100E+01 1.054457E+00 1.062854E+01
6.832000E+01 1.055074E+00 1.062563E+01
6.841900E+01 1.055692E+00 1.062785E+01
6.851800E+01 1.056308E+00 1.062496E+01
6.861700E+01 1.056923E+00 1.062718E+01
6.871600E+01 1.057538E+00 1.062430E+01
6.881500E+01 1.058152E+00 1.062653E+01
6.891400E+01 1.058765E+00 1.062367E+01
6.901300E+01 1.059377E+00 1.062591E+01
6.911200E+01 1.059988E+00 1.062305E+01
6.921100E+01 1.060599E+00 1.062529E+01
6.931000E+01 1.061209E+00 1.062246E+01
6.940900E+01 1.061817E+00 1.062470E+01
6.950800E+01 1.062426E+00 1.062188E+01
6.960700E+01 1.063033E+00 1.062413E+01
6.970600E+01 1.063640E+00 1.062132E+01
6.980500E+01 1.064245E+00 1.062358E+01
6.990400E+01 1.064850E+00 1.062078E+01
7.000300E+01 1.065455E+00 1.062304E+01
7.010200E+01 1.066058E+00 1.062026E+01
7.020100E+01 1.066661E+00 1.061749E+01
7.030000E+01 1.067263E+00 1.061976E+01
7.039900E+01 1.067864E+00 1.061700E+01
7.049800E+01 1.068464E+00 1.061927E+01
7.059700E+01 1.069063E+00 1.061653E+01
7.069600E+01 1.069662E+00 1.061881E+01
7.079500E+01 1.070260E+00 1.061608E+01
7.089400E+01 1.070857E+00 1.061836E+01
7.099300E+01 1.071454E+00 1.061564E+01
7.109200E+01 1.072049E+00 1.061793E+01
7.119100E+01 1.072644E+00 1.061522E+01
7.129000E+01 1.073238E+00 1.061752E+01
7.138900E+01 1.073831E+00 1.061482E+01
7.148800E+01 1.074424E+00 1.061712E+01
7.158700E+01 1.075016E+00 1.061444E+01
7.168600E+01 1.075607E+00 1.061674E+01
7.178500E+01 1.076197E+00 1.061408E+01
7.188400E+01 1.076787E+00 1.061142E+01
7.198300E+01 1.077375E+00 1.061373E+01
7.208200E+01 1.077963E+00 1.061108E+01
7.218100E+01 1.078551E+00 1.061340E+01
7.228000E+01 1.079137E+00 1.061076E+01
7.237900E+01 1.079723E+00 1.061308E+01
7.247800E+01 1.080308E+00 1.061046E+01
7.257700E+01 1.080892E+00 1.061278E+01
7.267600E+01 1.081476E+00 1.061017E+01
7.277500E+01 1.082058E+00 1.061250E+01
7.287400E+01 1.082640E+00 1.060991E+01
7.297300E+01 1.083222E+00 1.060732E+01
7.307200E+01 1.083802E+00 1.060965E+01
7.317100E+01 1.084382E+00 1.060708E+01
7.327000E+01 1.084961E+00 1.060941E+01
7.336900E+01 1.085539E+00 1.060685E+01
7.346800E+01 1.086117E+00 1.060919E+01
7.356700E+01 1.086694E+00 1.060664E+01
7.366600E+01 1.087270E+00 1.060899E+01
7.376500E+01 1.087845E+00 1.060645E+01
7.386400E+01 1.088420E+00 1.060880E+01
7.396300E+01 1.088994E+00 1.060627E+01
7.406200E+01 1.089567E+00 1.060375E+01
7.416100E+01 1.090139E+00 1.060611E+01
7.426000E+01 1.090711E+00 1.060360E+01
7.435900E+01 1.091282E+00 1.060596E+01
7.445800E+01 1.091853E+00 1.060347E+01
7.455700E+01 1.092422E+00 1.060583E+01
7.465600E+01 1.092991E+00 1.060335E+01
7.475500E+01 1.093559E+00 1.060087E+01
7.485400E+01 1.094127E+00 1.060324E+01
7.495300E+01 1.094693E+00 1.060077E+01
7.505200E+01 1.095260E+00 1.060315E+01
7.515100E+01 1.095825E+00 1.060070E+01
7.525000E+01 1.096389E+00 1.060307E+01
7.534900E+01 1.096953E+00 1.060063E+01
7.544800E+01 1.097517E+00 1.060301E+01
7.554700E+01 1.098079E+00 1.060058E+01
7.564600E+01 1.098641E+00 1.059816E+01
7.574500E+01 1.099202E+00 1.060054E+01
7.584400E+01 1.099762E+00 1.059813E+01
7.594300E+01 1.100322E+00 1.060052E+01
7.604200E+01 1.100881E+00 1.059812E+01
7.614100E+01 1.101439E+00 1.060052E+01
7.624000E+01 1.101997E+00 1.059812E+01
7.633900E+01 1.102554E+00 1.059574E+01
7.643800E+01 1.103110E+00 1.059814E+01
7.653700E+01 1.103666E+00 1.059577E+01
7.663600E+01 1.104221E+00 1.059817E+01
7.673500E+01 1.104775E+00 1.059581E+01
7.683400E+01 1.105328E+00 1.059346E+01
7.693300E+01 1.105881E+00 1.059587E+01
7.703200E+01 1.106433E+00 1.059352E+01
7.713100E+01 1.106985E+00 1.059594E+01
7.723000E+01 1.107536E+00 1.059360E+01
7.732900E+01 1.108086E+00 1.059602E+01
7.742800E+01 1.108635E+00 1.059369E+01
7.752700E+01 1.109184E+00 1.059138E+01
7.762600E+01 1.109732E+00 1.059380E+01
7.772500E+01 1.110279E+00 1.059150E+01
7.782400E+01 1.110826E+00 1.059392E+01
7.792300E+01 1.111372E+00 1.059162E+01
7.802200E+01 1.111917E+00 1.058934E+01
7.812100E+01 1.112462E+00 1.059177E+01
7.822000E+01 1.113006E+00 1.058949E+01
7.831900E+01 1.113550E+00 1.059192E+01
7.841800E+01 1.114092E+00 1.058965E+01
7.851700E+01 1.114634E+00 1.058739E+01
7.861600E+01 1.115176E+00 1.058983E+01
7.871500E+01 1.115716E+00 1.058758E+01
7.881400E+01 1.116257E+00 1.059002E+01
7.891300E+01 1.116796E+00 1.058778E+01
7.901200E+01 1.117335E+00 1.058555E+01
7.911100E+01 1.117873E+00 1.058799E+01
7.921000E+01 1.118410E+00 1.058577E+01
7.930900E+01 1.118947E+00 1.058822E+01
7.940800E+01 1.119483E+00 1.058600E+01
7.950700E+01 1.120019E+00 1.058379E+01
7.960600E+01 1.120554E+00 1.058625E+01
7.970500E+01 1.121088E+00 1.058405E+01
7.980400E+01 1.121621E+00 1.058651E+01
7.990300E+01 1.122154E+00 1.058432E+01
8.000200E+01 1.122687E+00 1.058214E+01
8.010100E+01 1.123218E+00 1.058460E+01
8.020000E+01 1.123749E+00 1.058243E+01
8.029900E+01 1.124280E+00 1.058489E+01
8.039800E+01 1.124809E+00 1.058273E+01
8.049700E+01 1.125338E+00 1.058057E+01
8.059600E+01 1.125867E+00 1.058304E+01
8.069500E+01 1.126395E+00 1.058089E+01
8.079400E+01 1.126922E+00 1.058336E+01
8.089300E+01 1.127448E+00 1.058122E+01
8.099200E+01 1.127974E+00 1.057909E+01
8.109100E+01 1.128500E+00 1.058157E+01
8.119000E+01 1.129024E+00 1.057945E+01
8.128900E+01 1.129548E+00 1.057733E+01
8.138800E+01 1.130072E+00 1.057981E+01
8.148700E+01 1.130594E+00 1.057770E+01
8.158600E+01 1.131117E+00 1.058019E+01
8.168500E+01 1.131638E+00 1.057809E+01
8.178400E+01 1.132159E+00 1.057600E+01
8.188300E+01 1.132679E+00 1.057848E+01
8.198200E+01 1.133199E+00 1.057640E+01
8.208100E+01 1.133718E+00 1.057889E+01
8.218000E+01 1.134236E+00 1.057682E+01
8.227900E+01 1.134754E+00 1.057475E+01
8.237800E+01 1.135271E+00 1.057724E+01
8.247700E+01 1.135788E+00 1.057518E+01
8.257600E+01 1.136304E+00 1.057313E+01
8.267500E+01 1.136819E+00 1.057563E+01
8.277400E+01 1.137334E+00 1.057358E+01
8.287300E+01 1.137848E+00 1.057608E+01
8.297200E+01 1.138362E+00 1.057405E+01
8.307100E+01 1.138875E+00 1.057202E+01
8.317000E+01 1.139387E+00 1.057452E+01
8.326900E+01 1.139899E+00 1.057250E+01
8.336800E+01 1.140410E+00 1.057048E+01
8.346700E+01 1.140921E+00 1.057299E+01
8.356600E+01 1.141430E+00 1.057098E+01
8.366500E+01 1.141940E+00 1.056898E+01
8.376400E+01 1.142448E+00 1.057150E+01
8.386300E+01 1.142957E+00 1.056950E+01
8.396200E+01 1.143464E+00 1.057202E+01
8.406100E+01 1.143971E+00 1.057003E+01
8.416000E+01 1.144477E+00 1.056805E+01
8.425900E+01 1.144983E+00 1.057057E+01
8.435800E+01 1.145488E+00 1.056860E+01
8.445700E+01 1.145993E+00 1.056664E+01
8.455600E+01 1.146497E+00 1.056916E+01
8.465500E+01 1.147000E+00 1.056720E+01
8.475400E+01 1.147503E+00 1.056525E+01
8.485300E+01 1.148005E+00 1.056778E+01
8.495200E+01 1.148507E+00 1.056583E+01
8.505100E+01 1.149008E+00 1.056390E+01
8.515000E+01 1.149508E+00 1.056643E+01
8.524900E+01 1.150008E+00 1.056450E+01
8.534800E+01 1.150508E+00 1.056703E+01
8.544700E+01 1.151006E+00 1.056511E+01
8.554600E+01 1.151505E+00 1.056319E+01
8.564500E+01 1.152002E+00 1.056573E+01
8.574400E+01 1.152499E+00 1.056382E+01
8.584300E+01 1.152995E+00 1.056191E+01
8.594200E+01 1.153491E+00 1.056446E+01
8.604100E+01 1.153987E+00 1.056256E+01
8.614000E+01 1.154481E+00 1.056067E+01
8.623900E+01 1.154975E+00 1.056321E+01
8.633800E+01 1.155469E+00 1.056133E+01
8.643700E+01 1.155962E+00 1.055945E+01
8.653600E+01 1.156454E+00 1.056200E+01
8.663500E+01 1.156946E+00 1.056013E+01
8.673400E+01 1.157438E+00 1.055826E+01
8.683300E+01 1.157928E+00 1.056082E+01
8.693200E+01 1.158418E+00 1.055896E+01
8.703100E+01 1.158908E+00 1.055711E+01
8.713000E+01 1.159397E+00 1.055966E+01
8.722900E+01 1.159885E+00 1.055782E+01
8.732800E+01 1.160373E+00 1.055598E+01
8.742700E+01 1.160861E+00 1.055854E+01
8.752600E+01 1.161348E+00 1.055670E+01
8.762500E+01 1.161834E+00 1.055488E+01
8.772400E+01 1.162319E+00 1.055744E+01
8.782300E+01 1.162805E+00 1.055562E+01
8.792200E+01 1.163289E+00 1.055380E+01
8.802100E+01 1.163773E+00 1.055637E+01
8.812000E+01 1.164257E+00 1.055456E+01
8.821900E+01 1.164740E+00 1.055276E+01
8.831800E+01 1.165222E+00 1.055533E+01
8.841700E+01 1.165704E+00 1.055353E+01
8.851600E+01 1.166185E+00 1.055174E+01
8.861500E+01 1.166666E+00 1.055431E+01
8.871400E+01 1.167146E+00 1.055253E+01
8.881300E+01 1.167626E+00 1.055075E+01
8.891200E+01 1.168105E+00 1.055333E+01
8.901100E+01 1.168583E+00 1.055156E+01
8.911000E+01 1.169061E+00 1.054979E+01
8.920900E+01 1.169539E+00 1.055237E+01
8.930800E+01 1.170016E+00 1.055061E+01
8.940700E+01 1.170492E+00 1.054885E+01
8.950600E+01 1.170968E+00 1.055143E+01
8.960500E+01 1.171443E+00 1.054969E+01
8.970400E+01 1.171918E+00 1.054795E+01
8.980300E+01 1.172392E+00 1.055053E+01
8.990200E+01 1.172866E+00 1.054879E+01
9.000100E+01 1.173339E+00 1.054706E+01
9.010000E+01 1.173812E+00 1.054965E+01
9.019900E+01 1.174284E+00 1.054792E+01
9.029800E+01 1.174755E+00 1.054620E+01
9.039700E+01 1.175226E+00 1.054879E+01
9.049600E+01 1.175697E+00 1.054708E+01
9.059500E+01 1.176167E+00 1.054537E+01
9.069400E+01 1.176636E+00 1.054796E+01
9.079300E+01 1.177105E+00 1.054626E+01
9.089200E+01 1.177574E+00 1.054457E+01
9.099100E+01 1.178042E+00 1.054287E+01
9.109000E+01 1.178509E+00 1.054547E+01
9.118900E+01 1.178976E+00 1.054378E+01
9.128800E+01 1.179442E+00 1.054210E+01
9.138700E+01 1.179908E+00 1.054470E+01
9.148600E+01 1.180373E+00 1.054303E+01
9.158500E+01 1.180838E+00 1.054136E+01
9.168400E+01 1.181302E+00 1.054396E+01
9.178300E+01 1.181766E+00 1.054230E+01
9.188200E+01 1.182229E+00 1.054064E+01
9.198100E+01 1.182692E+00 1.054324E+01
9.208000E+01 1.183154E+00 1.054159E+01
9.217900E+01 1.183616E+00 1.053994E+01
9.227800E+01 1.184077E+00 1.053830E+01
9.237700E+01 1.184537E+00 1.054091E+01
9.247600E+01 1.184998E+00 1.053927E+01
9.257500E+01 1.185457E+00 1.053764E+01
9.267400E+01 1.185916E+00 1.054025E+01
9.277300E+01 1.186375E+00 1.053862E+01
9.287200E+01 1.186833E+00 1.053700E+01
9.297100E+01 1.187291E+00 1.053961E+01
9.307000E+01 1.187748E+00 1.053800E+01
9.316900E+01 1.188204E+00 1.053638E+01
9.326800E+01 1.188660E+00 1.053900E+01
9.336700E+01 1.189116E+00 1.053739E+01
9.346600E+01 1.189571E+00 1.053579E+01
9.356500E+01 1.190026E+00 1.053420E+01
9.366400E+01 1.190480E+00 1.053681E+01
9.376300E+01 1.190933E+00 1.053522E+01
9.386200E+01 1.191386E+00 1.053364E+01
9.396100E+01 1.191839E+00 1.053626E+01
9.406000E+01 1.192291E+00 1.053468E+01
9.415900E+01 1.192743E+00 1.053310E+01
9.425800E+01 1.193194E+00 1.053153E+01
9.435700E+01 1.193644E+00 1.053416E+01
9.445600E+01 1.194095E+00 1.053259E+01
9.455500E+01 1.194544E+00 1.053103E+01
9.465400E+01 1.194993E+00 1.053366E+01
9.475300E+01 1.195442E+00 1.053210E+01
9.485200E+01 1.195890E+00 1.053055E+01
9.495100E+01 1.196338E+00 1.052900E+01
9.505000E+01 1.196785E+00 1.053163E+01
9.514900E+01 1.197232E+00 1.053009E+01
9.524800E+01 1.197678E+00 1.052855E+01
9.534700E+01 1.198123E+00 1.053118E+01
9.544600E+01 1.198569E+00 1.052965E+01
9.554500E+01 1.199013E+00 1.052813E+01
9.564400E+01 1.199458E+00 1.052660E+01
9.574300E+01 1.199902E+00 1.052924E+01
9.584200E+01 1.200345E+00 1.052772E+01
9.594100E+01 1.200788E+00 1.052621E+01
9.604000E+01 1.201230E+00 1.052884E+01
9.613900E+01 1.201672E+00 1.052734E+01
9.623800E+01 1.202113E+00 1.052583E+01
9.633700E+01 1.202554E+00 1.052433E+01
9.643600E+01 1.202995E+00 1.052697E+01
9.653500E+01 1.203434E+00 1.052548E+01
9.663400E+01 1.203874E+00 1.052399E+01
9.673300E+01 1.204313E+00 1.052663E+01
9.683200E+01 1.204751E+00 1.052515E+01
9.693100E+01 1.205190E+00 1.052366E+01
9.703000E+01 1.205627E+00 1.052219E+01
9.712900E+01 1.206064E+00 1.052483E+01
9.722800E+01 1.206501E+00 1.052336E+01
9.732700E+01 1.206937E+00 1.052189E+01
9.742600E+01 1.207373E+00 1.052043E+01
9.752500E+01 1.207808E+00 1.052308E+01
9.762400E+01 1.208243E+00 1.052162E+01
9.772300E+01 1.208677E+00 1.052017E+01
9.782200E+01 1.209111E+00 1.052281E+01
9.792100E+01 1.209544E+00 1.052137E+01
9.802000E+01 1.209977E+00 1.051992E+01
9.811900E+01 1.210410E+00 1.051848E+01
9.821800E+01 1.210842E+00 1.052113E+01
9.831700E+01 1.211273E+00 1.051970E+01
9.841600E+01 1.211704E+00 1.051826E+01
9.851500E+01 1.212135E+00 1.051684E+01
9.861400E+01 1.212565E+00 1.051949E+01
9.871300E+01 1.212995E+00 1.051807E+01
9.881200E+01 1.213424E+00 1.051665E+01
9.891100E+01 1.213853E+00 1.051523E+01
9.901000E+01 1.214281E+00 1.051789E+01
9.910900E+01 1.214709E+00 1.051648E+01
9.920800E+01 1.215136E+00 1.051507E+01
9.930700E+01 1.215563E+00 1.051773E+01
9.940600E+01 1.215990E+00 1.051633E+01
9.950500E+01 1.216416E+00 1.051493E+01
9.960400E+01 1.216841E+00 1.051354E+01
9.970300E+01 1.217266E+00 1.051620E+01
9.980200E+01 1.217691E+00 1.051481E+01
9.990100E+01 1.218115E+00 1.051343E+01
1.000000E+02 1.218539E+00 1.051204E+01
1.009000E+02 1.222371E+00 1.051135E+01
1.018000E+02 1.226167E+00 1.050683E+01
1.027000E+02 1.229927E+00 1.050251E+01
1.036000E+02 1.233651E+00 1.050235E+01
1.045000E+02 1.237340E+00 1.049842E+01
1.054000E+02 1.240995E+00 1.049467E+01
1.063000E+02 1.244616E+00 1.049111E+01
1.072000E+02 1.248204E+00 1.048774E+01
1.081000E+02 1.251759E+00 1.048454E+01
1.090000E+02 1.255281E+00 1.048152E+01
1.099000E+02 1.258771E+00 1.047866E+01
1.108000E+02 1.262230E+00 1.047597E+01
1.117000E+02 1.265657E+00 1.047344E+01
1.126000E+02 1.269054E+00 1.047106E+01
1.135000E+02 1.272420E+00 1.046884E+01
1.144000E+02 1.275756E+00 1.046305E+01
1.153000E+02 1.279063E+00 1.046114E+01
1.162000E+02 1.282341E+00 1.045937E+01
1.171000E+02 1.285590E+00 1.045407E+01
1.180000E+02 1.288811E+00 1.045260E+01
1.189000E+02 1.292004E+00 1.044762E+01
1.198000E+02 1.295169E+00 1.044642E+01
1.207000E+02 1.298307E+00 1.044174E+01
1.216000E+02 1.301418E+00 1.044080E+01
1.225000E+02 1.304503E+00 1.043642E+01
1.234000E+02 1.307561E+00 1.043573E+01
1.243000E+02 1.310594E+00 1.043162E+01
1.252000E+02 1.313601E+00 1.042766E+01
1.261000E+02 1.316583E+00 1.042383E+01
1.270000E+02 1.319540E+00 1.042363E+01
1.279000E+02 1.322472E+00 1.042006E+01
1.288000E+02 1.325380E+00 1.041662E+01
1.297000E+02 1.328264E+00 1.041331E+01
1.306000E+02 1.331125E+00 1.041012E+01
1.315000E+02 1.333962E+00 1.040706E+01
1.324000E+02 1.336776E+00 1.040411E+01
1.333000E+02 1.339567E+00 1.040128E+01
1.342000E+02 1.342335E+00 1.039857E+01
1.351000E+02 1.345082E+00 1.039597E+01
1.360000E+02 1.347806E+00 1.039349E+01
1.369000E+02 1.350508E+00 1.039111E+01
1.378000E+02 1.353190E+00 1.038884E+01
1.387000E+02 1.355849E+00 1.038336E+01
1.396000E+02 1.358488E+00 1.038131E+01
1.405000E+02 1.361106E+00 1.037935E+01
1.414000E+02 1.363704E+00 1.037423E+01
1.423000E+02 1.366281E+00 1.037248E+01
1.432000E+02 1.368839E+00 1.037083E+01
1.441000E+02 1.371376E+00 1.036604E+01
1.450000E+02 1.373894E+00 1.036459E+01
1.459000E+02 1.376393E+00 1.036001E+01
1.468000E+02 1.378872E+00 1.035874E+01
1.477000E+02 1.381333E+00 1.035437E+01
1.486000E+02 1.383775E+00 1.035329E+01
1.495000E+02 1.386198E+00 1.034912E+01
1.504000E+02 1.388603E+00 1.034821E+01
1.513000E+02 1.390990E+00 1.034424E+01
1.522000E+02 1.393359E+00 1.034037E+01
1.531000E+02 1.395711E+00 1.033971E+01
1.540000E+02 1.398045E+00 1.033603E+01
1.549000E+02 1.400361E+00 1.033243E+01
1.558000E+02 1.402661E+00 1.033202E+01
1.567000E+02 1.404943E+00 1.032860E+01
1.576000E+02 1.407209E+00 1.032528E+01
1.585000E+02 1.409458E+00 1.032204E+01
1.594000E+02 1.411691E+00 1.031889E+01
1.603000E+02 1.413908E+00 1.031582E+01
1.612000E+02 1.416108E+00 1.031285E+01
1.621000E+02 1.418293E+00 1.030995E+01
1.630000E+02 1.420462E+00 1.030714E+01
1.639000E+02 1.422615E+00 1.030440E+01
1.648000E+02 1.424753E+00 1.030175E+01
1.657000E+02 1.426876E+00 1.029917E+01
1.666000E+02 1.428984E+00 1.029667E+01
1.675000E+02 1.431076E+00 1.029425E+01
1.684000E+02 1.433154E+00 1.029190E+01
1.693000E+02 1.435218E+00 1.028962E+01
1.702000E+02 1.437267E+00 1.028742E+01
1.711000E+02 1.439301E+00 1.028529E+01
1.720000E+02 1.441322E+00 1.028032E+01
1.729000E+02 1.443328E+00 1.027833E+01
1.738000E+02 1.445320E+00 1.027641E+01
1.747000E+02 1.447299E+00 1.027456E+01
1.756000E+02 1.449264E+00 1.026990E+01
1.765000E+02 1.451216E+00 1.026819E+01
1.774000E+02 1.453154E+00 1.026655E+01
1.783000E+02 1.455079E+00 1.026211E+01
1.792000E+02 1.456991E+00 1.026060E+01
1.801000E+02 1.458890E+00 1.025631E+01
1.810000E+02 1.460776E+00 1.025492E+01
1.819000E+02 1.462650E+00 1.025078E+01
1.828000E+02 1.464510E+00 1.024952E+01
1.837000E+02 1.466359E+00 1.024551E+01
1.846000E+02 1.468195E+00 1.024438E+01
1.855000E+02 1.470018E+00 1.024051E+01
1.864000E+02 1.471830E+00 1.023949E+01
1.873000E+02 1.473630E+00 1.023575E+01
1.882000E+02 1.475417E+00 1.023485E+01
1.891000E+02 1.477193E+00 1.023124E+01
1.900000E+02 1.478958E+00 1.022770E+01
1.909000E+02 1.480710E+00 1.022696E+01
1.918000E+02 1.482452E+00 1.022354E+01
1.927000E+02 1.484181E+00 1.022019E+01
1.936000E+02 1.485900E+00 1.021962E+01
1.945000E+02 1.487608E+00 1.021638E+01
1.954000E+02 1.489304E+00 1.021321E+01
1.963000E+02 1.490990E+00 1.021010E+01
1.972000E+02 1.492664E+00 1.020705E+01
1.981000E+02 1.494328E+00 1.020674E+01
1.990000E+02 1.495982E+00 1.020380E+01
1.999000E+02 1.497624E+00 1.020091E+01
2.008000E+02 1.499257E+00 1.019809E+01
2.017000E+02 1.500879E+00 1.019532E+01
2.026000E+02 1.502490E+00 1.019260E+01
2.035000E+02 1.504092E+00 1.018995E+01
2.044000E+02 1.505683E+00 1.018734E+01
2.053000E+02 1.507265E+00 1.018479E+01
2.062000E+02 1.508836E+00 1.018229E+01
2.071000E+02 1.510398E+00 1.017985E+01
2.080000E+02 1.511950E+00 1.017745E+01
2.089000E+02 1.513493E+00 1.017511E+01
2.098000E+02 1.515025E+00 1.017282E+01
2.107000E+02 1.516549E+00 1.017058E+01
2.116000E+02 1.518062E+00 1.016838E+01
2.125000E+02 1.519567E+00 1.016624E+01
2.134000E+02 1.521062E+00 1.016414E+01
2.143000E+02 1.522549E+00 1.015953E+01
2.152000E+02 1.524026E+00 1.015753E+01
2.161000E+02 1.525494E+00 1.015558E+01
2.170000E+02 1.526953E+00 1.015368E+01
2.179000E+02 1.528403E+00 1.015182E+01
2.188000E+02 1.529845E+00 1.014747E+01
2.197000E+02 1.531278E+00 1.014571E+01
2.206000E+02 1.532702E+00 1.014398E+01
2.215000E+02 1.534117E+00 1.014231E+01
2.224000E+02 1.535525E+00 1.013816E+01
2.233000E+02 1.536923E+00 1.013657E+01
2.242000E+02 1.538314E+00 1.013503E+01
2.251000E+02 1.539696E+00 1.013103E+01
2.260000E+02 1.541070E+00 1.012957E+01
2.269000E+02 1.542435E+00 1.012567E+01
2.278000E+02 1.543793E+00 1.012430E+01
2.287000E+02 1.545143E+00 1.012296E+01
2.296000E+02 1.546484E+00 1.011920E+01
2.305000E+02 1.547818E+00 1.011795E+01
2.314000E+02 1.549144E+00 1.011429E+01
2.323000E+02 1.550463E+00 1.011311E+01
2.332000E+02 1.551773E+00 1.010954E+01
2.341000E+02 1.553076E+00 1.010844E+01
2.350000E+02 1.554371E+00 1.010496E+01
2.359000E+02 1.555659E+00 1.010394E+01
2.368000E+02 1.556940E+00 1.010054E+01
2.377000E+02 1.558213E+00 1.009960E+01
2.386000E+02 1.559478E+00 1.009628E+01
2.395000E+02 1.560737E+00 1.009301E+01
2.404000E+02 1.561988E+00 1.009218E+01
2.413000E+02 1.563232E+00 1.008899E+01
2.422000E+02 1.564469E+00 1.008585E+01
2.431000E+02 1.565699E+00 1.008513E+01
2.440000E+02 1.566922E+00 1.008206E+01
2.449000E+02 1.568138E+00 1.007904E+01
2.458000E+02 1.569347E+00 1.007842E+01
2.467000E+02 1.570549E+00 1.007547E+01
2.476000E+02 1.571745E+00 1.007257E+01
2.485000E+02 1.572933E+00 1.006970E+01
2.494000E+02 1.574115E+00 1.006922E+01
2.503000E+02 1.575291E+00 1.006643E+01
2.512000E+02 1.576460E+00 1.006368E+01
2.521000E+02 1.577622E+00 1.006096E+01
2.530000E+02 1.578778E+00 1.005828E+01
2.539000E+02 1.579927E+00 1.005797E+01
2.548000E+02 1.581070E+00 1.005536E+01
2.557000E+02 1.582207E+00 1.005279E+01
2.566000E+02 1.583337E+00 1.005026E+01
2.575000E+02 1.584462E+00 1.004776E+01
2.584000E+02 1.585580E+00 1.004530E+01
2.593000E+02 1.586692E+00 1.004288E+01
2.602000E+02 1.587797E+00 1.004049E+01
2.611000E+02 1.588897E+00 1.003814E+01
2.620000E+02 1.589991E+00 1.003582E+01
2.629000E+02 1.591079E+00 1.003581E+01
2.638000E+02 1.592160E+00 1.003355E+01
2.647000E+02 1.593236E+00 1.003133E+01
2.656000E+02 1.594306E+00 1.002914E+01
2.665000E+02 1.595371E+00 1.002699E+01
2.674000E+02 1.596429E+00 1.002260E+01
2.683000E+02 1.597482E+00 1.002052E+01
2.692000E+02 1.598529E+00 1.001846E+01
2.701000E+02 1.599571E+00 1.001644E+01
2.710000E+02 1.600607E+00 1.001445E+01
2.719000E+02 1.601638E+00 1.001249E+01
2.728000E+02 1.602662E+00 1.001056E+01
2.737000E+02 1.603682E+00 1.000866E+01
2.746000E+02 1.604696E+00 1.000679E+01
2.755000E+02 1.605705E+00 1.000495E+01
2.764000E+02 1.606708E+00 1.000093E+01
2.773000E+02 1.607706E+00 9.999153E+00
2.782000E+02 1.608699E+00 9.997407E+00
2.791000E+02 1.609686E+00 9.995691E+00
2.800000E+02 1.610669E+00 9.994003E+00
2.809000E+02 1.611646E+00 9.990146E+00
2.818000E+02 1.612618E+00 9.988518E+00
2.827000E+02 1.613585E+00 9.986918E+00
2.836000E+02 1.614547E+00 9.985347E+00
2.845000E+02 1.615504E+00 9.981620E+00
2.854000E+02 1.616455E+00 9.980107E+00
2.863000E+02 1.617402E+00 9.978620E+00
2.872000E+02 1.618344E+00 9.977161E+00
2.881000E+02 1.619281E+00 9.973560E+00
2.890000E+02 1.620214E+00 9.972157E+00
2.899000E+02 1.621141E+00 9.970780E+00
2.908000E+02 1.622064E+00 9.967273E+00
2.917000E+02 1.622982E+00 9.965950E+00
2.926000E+02 1.623895E+00 9.964654E+00
2.935000E+02 1.624803E+00 9.961237E+00
2.944000E+02 1.625707E+00 9.959993E+00
2.953000E+02 1.626606E+00 9.956637E+00
2.962000E+02 1.627501E+00 9.955446E+00
2.971000E+02 1.628391E+00 9.952150E+00
2.980000E+02 1.629277E+00 9.951011E+00
2.989000E+02 1.630158E+00 9.949896E+00
2.998000E+02 1.631034E+00 9.946684E+00
3.007000E+02 1.631906E+00 9.945620E+00
3.016000E+02 1.632774E+00 9.942465E+00
3.025000E+02 1.633637E+00 9.941450E+00
3.034000E+02 1.634496E+00 9.938352E+00
3.043000E+02 1.635351E+00 9.937386E+00
3.052000E+02 1.636201E+00 9.934343E+00
3.061000E+02 1.637047E+00 9.933425E+00
3.070000E+02 1.637889E+00 9.930436E+00
3.079000E+02 1.638727E+00 9.929565E+00
3.088000E+02 1.639560E+00 9.926630E+00
3.097000E+02 1.640390E+00 9.923723E+00
3.106000E+02 1.641215E+00 9.922923E+00
3.115000E+02 1.642036E+00 9.920068E+00
3.124000E+02 1.642853E+00 9.919314E+00
3.133000E+02 1.643666E+00 9.916510E+00
3.142000E+02 1.644475E+00 9.913734E+00
3.151000E+02 1.645280E+00 9.913047E+00
3.160000E+02 1.646081E+00 9.910321E+00
3.169000E+02 1.646878E+00 9.907622E+00
3.178000E+02 1.647671E+00 9.907002E+00
3.187000E+02 1.648460E+00 9.904351E+00
3.196000E+02 1.649245E+00 9.901726E+00
3.205000E+02 1.650027E+00 9.901171E+00
3.214000E+02 1.650804E+00 9.898595E+00
3.223000E+02 1.651578E+00 9.896043E+00
3.232000E+02 1.652348E+00 9.893517E+00
3.241000E+02 1.653114E+00 9.893047E+00
3.250000E+02 1.653877E+00 9.890568E+00
3.259000E+02 1.654636E+00 9.888113E+00
3.268000E+02 1.655391E+00 9.885682E+00
3.277000E+02 1.656143E+00 9.885295E+00
3.286000E+02 1.656891E+00 9.882909E+00
3.295000E+02 1.657635E+00 9.880547E+00
3.304000E+02 1.658376E+00 9.878209E+00
3.313000E+02 1.659113E+00 9.875894E+00
3.322000E+02 1.659846E+00 9.875608E+00
3.331000E+02 1.660576E+00 9.873336E+00
3.340000E+02 1.661303E+00 9.871088E+00
3.349000E+02 1.662026E+00 9.868863E+00
3.358000E+02 1.662746E+00 9.866660E+00
3.367000E+02 1.663462E+00 9.864480E+00
3.376000E+02 1.664175E+00 9.864309E+00
3.385000E+02 1.664884E+00 9.862170E+00
3.394000E+02 1.665590E+00 9.860053E+00
3.403000E+02 1.666293E+00 9.857958E+00
3.412000E+02 1.666992E+00 9.855885E+00
3.421000E+02 1.667688E+00 9.853833E+00
3.430000E+02 1.668381E+00 9.851803E+00
3.439000E+02 1.669070E+00 9.849794E+00
3.448000E+02 1.669756E+00 9.847806E+00
3.457000E+02 1.670439E+00 9.845839E+00
3.466000E+02 1.671119E+00 9.843893E+00
3.475000E+02 1.671795E+00 9.841967E+00
3.484000E+02 1.672469E+00 9.840062E+00
3.493000E+02 1.673139E+00 9.838177E+00
3.502000E+02 1.673806E+00 9.836312E+00
3.511000E+02 1.674470E+00 9.834467E+00
3.520000E+02 1.675131E+00 9.832643E+00
3.529000E+02 1.675789E+00 9.830838E+00
3.538000E+02 1.676443E+00 9.829052E+00
3.547000E+02 1.677095E+00 9.827287E+00
3.556000E+02 1.677744E+00 9.825540E+00
3.565000E+02 1.678389E+00 9.823813E+00
3.574000E+02 1.679032E+00 9.822105E+00
3.583000E+02 1.679671E+00 9.820416E+00
3.592000E+02 1.680308E+00 9.818746E+00
3.601000E+02 1.680942E+00 9.817095E+00
3.610000E+02 1.681573E+00 9.813545E+00
3.619000E+02 1.682201E+00 9.811933E+00
3.628000E+02 1.682826E+00 9.810339E+00
3.637000E+02 1.683448E+00 9.808764E+00
3.646000E+02 1.684067E+00 9.807207E+00
3.655000E+02 1.684683E+00 9.805668E+00
3.664000E+02 1.685297E+00 9.804147E+00
3.673000E+02 1.685908E+00 9.800743E+00
3.682000E+02 1.686516E+00 9.799260E+00
3.691000E+02 1.687121E+00 9.797794E+00
3.700000E+02 1.687724E+00 9.796345E+00
3.709000E+02 1.688323E+00 9.794914E+00
3.718000E+02 1.688920E+00 9.791612E+00
3.727000E+02 1.689515E+00 9.790218E+00
3.736000E+02 1.690106E+00 9.788840E+00
3.745000E+02 1.690695E+00 9.787479E+00
3.754000E+02 1.691281E+00 9.786135E+00
3.763000E+02 1.691865E+00 9.782931E+00
3.772000E+02 1.692446E+00 9.781623E+00
3.781000E+02 1.693024E+00 9.780330E+00
3.790000E+02 1.693600E+00 9.777185E+00
3.799000E+02 1.694173E+00 9.775928E+00
3.808000E+02 1.694744E+00 9.774686E+00
3.817000E+02 1.695312E+00 9.773460E+00
3.826000E+02 1.695877E+00 9.770391E+00
3.835000E+02 1.696440E+00 9.769199E+00
3.844000E+02 1.697000E+00 9.768023E+00
3.853000E+02 1.697558E+00 9.765010E+00
3.862000E+02 1.698114E+00 9.763867E+00
3.871000E+02 1.698667E+00 9.762740E+00
3.880000E+02 1.699217E+00 9.759782E+00
3.889000E+02 1.699765E+00 9.758687E+00
3.898000E+02 1.700311E+00 9.757607E+00
3.907000E+02 1.700854E+00 9.754703E+00
3.916000E+02 1.701394E+00 9.753655E+00
3.925000E+02 1.701933E+00 9.750787E+00
3.934000E+02 1.702469E+00 9.749771E+00
3.943000E+02 1.703002E+00 9.748769E+00
3.952000E+02 1.703533E+00 9.745954E+00
3.961000E+02 1.704062E+00 9.744983E+00
3.970000E+02 1.704589E+00 9.742203E+00
3.979000E+02 1.705113E+00 9.741263E+00
3.988000E+02 1.705635E+00 9.740337E+00
3.997000E+02 1.706154E+00 9.737607E+00
4.006000E+02 1.706672E+00 9.736712E+00
4.015000E+02 1.707187E+00 9.734016E+00
4.024000E+02 1.707699E+00 9.733150E+00
4.033000E+02 1.708210E+00 9.730489E+00
4.042000E+02 1.708718E+00 9.729652E+00
4.051000E+02 1.709224E+00 9.727024E+00
4.060000E+02 1.709728E+00 9.726216E+00
4.069000E+02 1.710230E+00 9.723621E+00
4.078000E+02 1.710729E+00 9.722842E+00
4.087000E+02 1.711227E+00 9.720280E+00
4.096000E+02 1.711722E+00 9.719529E+00
4.105000E+02 1.712215E+00 9.716998E+00
4.114000E+02 1.712706E+00 9.716276E+00
4.123000E+02 1.713194E+00 9.713777E+00
4.132000E+02 1.713681E+00 9.713082E+00
4.141000E+02 1.714165E+00 9.710615E+00
4.150000E+02 1.714648E+00 9.708165E+00
4.159000E+02 1.715128E+00 9.707511E+00
4.168000E+02 1.715606E+00 9.705092E+00
4.177000E+02 1.716082E+00 9.704465E+00
4.186000E+02 1.716556E+00 9.702077E+00
4.195000E+02 1.717029E+00 9.699705E+00
4.204000E+02 1.717499E+00 9.699118E+00
4.213000E+02 1.717967E+00 9.696776E+00
4.222000E+02 1.718433E+00 9.696216E+00
4.231000E+02 1.718896E+00 9.693904E+00
4.240000E+02 1.719358E+00 9.691607E+00
4.249000E+02 1.719818E+00 9.691086E+00
4.258000E+02 1.720277E+00 9.688819E+00
4.267000E+02 1.720733E+00 9.686567E+00
4.276000E+02 1.721187E+00 9.686085E+00
4.285000E+02 1.721639E+00 9.683861E+00
4.294000E+02 1.722089E+00 9.681653E+00
4.303000E+02 1.722538E+00 9.681210E+00
4.312000E+02 1.722984E+00 9.679030E+00
4.321000E+02 1.723429E+00 9.676865E+00
4.330000E+02 1.723871E+00 9.676459E+00
4.339000E+02 1.724312E+00 9.674321E+00
4.348000E+02 1.724751E+00 9.672199E+00
4.357000E+02 1.725188E+00 9.670092E+00
4.366000E+02 1.725623E+00 9.669735E+00
4.375000E+02 1.726056E+00 9.667654E+00
4.384000E+02 1.726488E+00 9.665588E+00
4.393000E+02 1.726918E+00 9.663537E+00
4.402000E+02 1.727345E+00 9.663228E+00
4.411000E+02 1.727772E+00 9.661203E+00
4.420000E+02 1.728196E+00 9.659192E+00
4.429000E+02 1.728618E+00 9.657196E+00
4.438000E+02 1.729039E+00 9.656935E+00
4.447000E+02 1.729458E+00 9.654964E+00
4.456000E+02 1.729875E+00 9.653007E+00
4.465000E+02 1.730290E+00 9.651064E+00
4.474000E+02 1.730704E+00 9.649134E+00
4.483000E+02 1.731116E+00 9.648931E+00
4.492000E+02 1.731526E+00 9.647027E+00
4.501000E+02 1.731935E+00 9.645137E+00
4.510000E+02 1.732341E+00 9.643259E+00
4.519000E+02 1.732747E+00 9.641395E+00
4.528000E+02 1.733150E+00 9.641249E+00
4.537000E+02 1.733552E+00 9.639410E+00
4.546000E+02 1.733952E+00 9.637584E+00
4.555000E+02 1.734350E+00 9.635771E+00
4.564000E+02 1.734747E+00 9.633971E+00
4.573000E+02 1.735142E+00 9.632183E+00
4.582000E+02 1.735535E+00 9.630409E+00
4.591000E+02 1.735927E+00 9.628648E+00
4.600000E+02 1.736317E+00 9.628590E+00
4.609000E+02 1.736706E+00 9.626852E+00
4.618000E+02 1.737092E+00 9.625126E+00
4.627000E+02 1.737478E+00 9.623414E+00
4.636000E+02 1.737861E+00 9.621713E+00
4.645000E+02 1.738244E+00 9.620025E+00
4.654000E+02 1.738624E+00 9.618350E+00
4.663000E+02 1.739003E+00 9.616687E+00
4.672000E+02 1.739380E+00 9.615036E+00
4.681000E+02 1.739756E+00 9.613397E+00
4.690000E+02 1.740131E+00 9.611770E+00
4.699000E+02 1.740503E+00 9.610155E+00
4.708000E+02 1.740874E+00 9.608552E+00
4.717000E+02 1.741244E+00 9.606961E+00
4.726000E+02 1.741612E+00 9.605382E+00
4.735000E+02 1.741979E+00 9.605481E+00
4.744000E+02 1.742344E+00 9.603924E+00
4.753000E+02 1.742708E+00 9.602379E+00
4.762000E+02 1.743070E+00 9.600845E+00
4.771000E+02 1.743431E+00 9.599322E+00
4.780000E+02 1.743790E+00 9.597812E+00
4.789000E+02 1.744147E+00 9.596312E+00
4.798000E+02 1.744504E+00 9.594824E+00
4.807000E+02 1.744858E+00 9.591694E+00
4.816000E+02 1.745212E+00 9.590230E+00
4.825000E+02 1.745564E+00 9.588777E+00
4.834000E+02 1.745914E+00 9.587336E+00
4.843000E+02 1.746263E+00 9.585905E+00
4.852000E+02 1.746611E+00 9.584486E+00
4.861000E+02 1.746957E+00 9.583078E+00
4.870000E+02 1.747302E+00 9.581680E+00
4.879000E+02 1.747645E+00 9.580294E+00
4.888000E+02 1.747987E+00 9.578918E+00
4.897000E+02 1.748328E+00 9.577553E+00
4.906000E+02 1.748667E+00 9.576199E+00
4.915000E+02 1.749005E+00 9.574856E+00
4.924000E+02 1.749341E+00 9.573523E+00
4.933000E+02 1.749676E+00 9.572201E+00
4.942000E+02 1.750010E+00 9.569258E+00
4.951000E+02 1.750342E+00 9.567958E+00
4.960000E+02 1.750673E+00 9.566668E+00
4.969000E+02 1.751003E+00 9.565389E+00
4.978000E+02 1.751331E+00 9.564121E+00
4.987000E+02 1.751659E+00 9.562862E+00
4.996000E+02 1.751984E+00 9.561614E+00
5.005000E+02 1.752309E+00 9.560376E+00
5.014000E+02 1.752632E+00 9.557529E+00
5.023000E+02 1.752954E+00 9.556313E+00
5.032000E+02 1.753274E+00 9.555106E+00
5.041000E+02 1.753593E+00 9.553910E+00
5.050000E+02 1.753911E+00 9.552723E+00
5.059000E+02 1.754228E+00 9.551547E+00
5.068000E+02 1.754543E+00 9.548769E+00
5.077000E+02 1.754857E+00 9.547614E+00
5.086000E+02 1.755170E+00 9.546468E+00
5.095000E+02 1.755482E+00 9.545332E+00
5.104000E+02 1.755792E+00 9.544206E+00
5.113000E+02 1.756101E+00 9.541485E+00
5.122000E+02 1.756409E+00 9.540379E+00
5.131000E+02 1.756715E+00 9.539283E+00
5.140000E+02 1.757021E+00 9.538196E+00
5.149000E+02 1.757325E+00 9.537119E+00
5.158000E+02 1.757628E+00 9.534454E+00
5.167000E+02 1.757930E+00 9.533397E+00
5.176000E+02 1.758230E+00 9.532349E+00
5.185000E+02 1.758530E+00 9.531311E+00
5.194000E+02 1.758828E+00 9.528690E+00
5.203000E+02 1.759125E+00 9.527671E+00
5.212000E+02 1.759420E+00 9.526661E+00
5.221000E+02 1.759715E+00 9.525660E+00
5.230000E+02 1.760008E+00 9.523082E+00
5.239000E+02 1.760300E+00 9.522101E+00
5.248000E+02 1.760592E+00 9.521129E+00
5.257000E+02 1.760881E+00 9.520166E+00
5.266000E+02 1.761170E+00 9.517630E+00
5.275000E+02 1.761458E+00 9.516686E+00
5.284000E+02 1.761744E+00 9.515750E+00
5.293000E+02 1.762030E+00 9.513247E+00
5.302000E+02 1.762314E+00 9.512330E+00
5.311000E+02 1.762597E+00 9.511422E+00
5.320000E+02 1.762879E+00 9.508949E+00
5.329000E+02 1.763160E+00 9.508060E+00
5.338000E+02 1.763439E+00 9.507179E+00
5.347000E+02 1.763718E+00 9.504737E+00
5.356000E+02 1.763995E+00 9.503874E+00
5.365000E+02 1.764272E+00 9.503020E+00
5.374000E+02 1.764547E+00 9.500609E+00
5.383000E+02 1.764821E+00 9.499773E+00
5.392000E+02 1.765094E+00 9.498945E+00
5.401000E+02 1.765366E+00 9.496564E+00
5.410000E+02 1.765637E+00 9.495754E+00
5.419000E+02 1.765907E+00 9.494952E+00
5.428000E+02 1.766176E+00 9.492601E+00
5.437000E+02 1.766444E+00 9.491817E+00
5.446000E+02 1.766710E+00 9.489485E+00
5.455000E+02 1.766976E+00 9.488719E+00
5.464000E+02 1.767241E+00 9.487960E+00
5.473000E+02 1.767504E+00 9.485658E+00
5.482000E+02 1.767767E+00 9.484916E+00
5.491000E+02 1.768028E+00 9.482634E+00
5.500000E+02 1.768289E+00 9.481909E+00
5.509000E+02 1.768548E+00 9.481193E+00
5.518000E+02 1.768807E+00 9.478938E+00
5.527000E+02 1.769064E+00 9.478239E+00
5.536000E+02 1.769320E+00 9.476004E+00
5.545000E+02 1.769576E+00 9.475321E+00
5.554000E+02 1.769830E+00 9.473105E+00
5.563000E+02 1.770083E+00 9.472439E+00
5.572000E+02 1.770336E+00 9.470242E+00
5.581000E+02 1.770587E+00 9.469592E+00
5.590000E+02 1.770838E+00 9.468949E+00
5.599000E+02 1.771087E+00 9.466780E+00
5.608000E+02 1.771335E+00 9.466153E+00
5.617000E+02 1.771583E+00 9.464002E+00
5.626000E+02 1.771829E+00 9.463392E+00
5.635000E+02 1.772075E+00 9.461259E+00
5.644000E+02 1.772319E+00 9.460665E+00
5.653000E+02 1.772563E+00 9.458551E+00
5.662000E+02 1.772806E+00 9.457972E+00
5.671000E+02 1.773047E+00 9.455876E+00
5.680000E+02 1.773288E+00 9.455313E+00
5.689000E+02 1.773528E+00 9.453235E+00
5.698000E+02 1.773767E+00 9.452687E+00
5.707000E+02 1.774005E+00 9.450627E+00
5.716000E+02 1.774242E+00 9.450095E+00
5.725000E+02 1.774478E+00 9.448052E+00
5.734000E+02 1.774713E+00 9.447535E+00
5.743000E+02 1.774947E+00 9.445509E+00
5.752000E+02 1.775181E+00 9.445008E+00
5.761000E+02 1.775413E+00 9.443000E+00
5.770000E+02 1.775644E+00 9.441001E+00
5.779000E+02 1.775875E+00 9.440522E+00
5.788000E+02 1.776105E+00 9.438540E+00
5.797000E+02 1.776334E+00 9.438077E+00
5.806000E+02 1.776561E+00 9.436112E+00
5.815000E+02 1.776788E+00 9.435663E+00
5.824000E+02 1.777015E+00 9.433715E+00
5.833000E+02 1.777240E+00 9.431776E+00
5.842000E+02 1.777464E+00 9.431349E+00
5.851000E+02 1.777688E+00 9.429427E+00
5.860000E+02 1.777910E+00 9.429015E+00
5.869000E+02 1.778132E+00 9.427109E+00
5.878000E+02 1.778353E+00 9.426711E+00
5.887000E+02 1.778573E+00 9.424822E+00
5.896000E+02 1.778792E+00 9.422941E+00
5.905000E+02 1.779011E+00 9.422565E+00
5.914000E+02 1.779228E+00 9.420700E+00
5.923000E+02 1.779445E+00 9.418845E+00
5.932000E+02 1.779660E+00 9.418490E+00
5.941000E+02 1.779875E+00 9.416650E+00
5.950000E+02 1.780090E+00 9.416309E+00
5.959000E+02 1.780303E+00 9.414485E+00
5.968000E+02 1.780515E+00 9.412670E+00
5.977000E+02 1.780727E+00 9.412350E+00
5.986000E+02 1.780938E+00 9.410551E+00
5.995000E+02 1.781148E+00 9.408759E+00
6.004000E+02 1.781357E+00 9.408460E+00
6.013000E+02 1.781565E+00 9.406685E+00
6.022000E+02 1.781773E+00 9.404917E+00
6.031000E+02 1.781980E+00 9.404639E+00
6.040000E+02 1.782185E+00 9.402886E+00
6.049000E+02 1.782391E+00 9.401142E+00
6.058000E+02 1.782595E+00 9.400884E+00
6.067000E+02 1.782798E+00 9.399156E+00
6.076000E+02 1.783001E+00 9.397435E+00
6.085000E+02 1.783203E+00 9.397197E+00
6.094000E+02 1.783404E+00 9.395491E+00
6.103000E+02 1.783605E+00 9.393794E+00
6.112000E+02 1.783804E+00 9.392104E+00
6.121000E+02 1.784003E+00 9.391893E+00
6.130000E+02 1.784201E+00 9.390218E+00
6.139000E+02 1.784399E+00 9.388551E+00
6.148000E+02 1.784595E+00 9.388359E+00
6.157000E+02 1.784791E+00 9.386707E+00
6.166000E+02 1.784986E+00 9.385062E+00
6.175000E+02 1.785180E+00 9.383425E+00
6.184000E+02 1.785374E+00 9.383259E+00
6.193000E+02 1.785567E+00 9.381637E+00
6.202000E+02 1.785759E+00 9.380022E+00
6.211000E+02 1.785950E+00 9.378415E+00
6.220000E+02 1.786140E+00 9.378275E+00
6.229000E+02 1.786330E+00 9.376682E+00
6.238000E+02 1.786519E+00 9.375097E+00
6.247000E+02 1.786708E+00 9.373519E+00
6.256000E+02 1.786895E+00 9.373404E+00
6.265000E+02 1.787082E+00 9.371840E+00
6.274000E+02 1.787268E+00 9.370284E+00
6.283000E+02 1.787454E+00 9.368735E+00
6.292000E+02 1.787638E+00 9.368645E+00
6.301000E+02 1.787822E+00 9.367110E+00
6.310000E+02 1.788006E+00 9.365582E+00
6.319000E+02 1.788188E+00 9.364061E+00
6.328000E+02 1.788370E+00 9.362548E+00
6.337000E+02 1.788551E+00 9.362489E+00
6.346000E+02 1.788732E+00 9.360989E+00
6.355000E+02 1.788911E+00 9.359496E+00
6.364000E+02 1.789090E+00 9.358011E+00
6.373000E+02 1.789269E+00 9.356533E+00
6.382000E+02 1.789446E+00 9.356504E+00
6.391000E+02 1.789623E+00 9.355039E+00
6.400000E+02 1.789800E+00 9.353581E+00
6.409000E+02 1.789975E+00 9.352130E+00
6.418000E+02 1.790150E+00 9.350686E+00
6.427000E+02 1.790324E+00 9.349249E+00
6.436000E+02 1.790498E+00 9.349256E+00
6.445000E+02 1.790671E+00 9.347832E+00
6.454000E+02 1.790843E+00 9.346416E+00
6.463000E+02 1.791015E+00 9.345006E+00
6.472000E+02 1.791186E+00 9.343602E+00
6.481000E+02 1.791356E+00 9.342206E+00
6.490000E+02 1.791525E+00 9.340817E+00
6.499000E+02 1.791694E+00 9.340865E+00
6.508000E+02 1.791863E+00 9.339488E+00
6.517000E+02 1.792030E+00 9.338118E+00
6.526000E+02 1.792197E+00 9.336755E+00
6.535000E+02 1.792364E+00 9.335398E+00
6.544000E+02 1.792529E+00 9.334048E+00
6.553000E+02 1.792694E+00 9.332705E+00
6.562000E+02 1.792859E+00 9.331369E+00
6.571000E+02 1.793022E+00 9.330039E+00
6.580000E+02 1.793185E+00 9.330138E+00
6.589000E+02 1.793348E+00 9.328820E+00
6.598000E+02 1.793510E+00 9.327509E+00
6.607000E+02 1.793671E+00 9.326204E+00
6.616000E+02 1.793832E+00 9.324906E+00
6.625000E+02 1.793992E+00 9.323615E+00
6.634000E+02 1.794151E+00 9.322330E+00
6.643000E+02 1.794310E+00 9.321051E+00
6.652000E+02 1.794468E+00 9.319779E+00
6.661000E+02 1.794625E+00 9.318513E+00
6.670000E+02 1.794782E+00 9.317254E+00
6.679000E+02 1.794938E+00 9.316001E+00
6.688000E+02 1.795094E+00 9.314754E+00
6.697000E+02 1.795249E+00 9.313513E+00
6.706000E+02 1.795404E+00 9.313689E+00
6.715000E+02 1.795558E+00 9.312460E+00
6.724000E+02 1.795711E+00 9.311238E+00
6.733000E+02 1.795864E+00 9.310022E+00
6.742000E+02 1.796016E+00 9.308811E+00
6.751000E+02 1.796167E+00 9.307608E+00
6.760000E+02 1.796318E+00 9.306410E+00
6.769000E+02 1.796468E+00 9.305218E+00
6.778000E+02 1.796618E+00 9.304033E+00
6.787000E+02 1.796767E+00 9.302853E+00
6.796000E+02 1.796916E+00 9.301680E+00
6.805000E+02 1.797064E+00 9.300513E+00
6.814000E+02 1.797211E+00 9.299352E+00
6.823000E+02 1.797358E+00 9.298196E+00
6.832000E+02 1.797504E+00 9.297047E+00
6.841000E+02 1.797650E+00 9.295904E+00
6.850000E+02 1.797795E+00 9.294767E+00
6.859000E+02 1.797940E+00 9.293635E+00
6.868000E+02 1.798084E+00 9.292510E+00
6.877000E+02 1.798227E+00 9.291390E+00
6.886000E+02 1.798370E+00 9.290277E+00
6.895000E+02 1.798512E+00 9.289169E+00
6.904000E+02 1.798654E+00 9.288067E+00
6.913000E+02 1.798795E+00 9.286971E+00
6.922000E+02 1.798936E+00 9.285881E+00
6.931000E+02 1.799076E+00 9.284796E+00
6.940000E+02 1.799215E+00 9.283717E+00
6.949000E+02 1.799354E+00 9.282644E+00
6.958000E+02 1.799493E+00 9.281577E+00
6.967000E+02 1.799631E+00 9.280515E+00
6.976000E+02 1.799768E+00 9.278075E+00
6.985000E+02 1.799905E+00 9.277025E+00
6.994000E+02 1.800041E+00 9.275981E+00
7.003000E+02 1.800177E+00 9.274943E+00
7.012000E+02 1.800312E+00 9.273911E+00
7.021000E+02 1.800447E+00 9.272884E+00
7.030000E+02 1.800581E+00 9.271862E+00
7.039000E+02 1.800715E+00 9.270846E+00
7.048000E+02 1.800848E+00 9.269836E+00
7.057000E+02 1.800981E+00 9.268831E+00
7.066000E+02 1.801113E+00 9.267832E+00
7.075000E+02 1.801244E+00 9.266838E+00
7.084000E+02 1.801375E+00 9.265850E+00
7.093000E+02 1.801506E+00 9.264867E+00
7.102000E+02 1.801636E+00 9.262516E+00
7.111000E+02 1.801765E+00 9.261545E+00
7.120000E+02 1.801894E+00 9.260579E+00
7.129000E+02 1.802023E+00 9.259618E+00
7.138000E+02 1.802151E+00 9.258663E+00
7.147000E+02 1.802278E+00 9.257713E+00
7.156000E+02 1.802405E+00 9.256769E+00
7.165000E+02 1.802532E+00 9.255830E+00
7.174000E+02 1.802658E+00 9.254896E+00
7.183000E+02 1.802783E+00 9.252601E+00
7.192000E+02 1.802908E+00 9.251678E+00
7.201000E+02 1.803033E+00 9.250761E+00
7.210000E+02 1.803157E+00 9.249849E+00
7.219000E+02 1.803280E+00 9.248942E+00
7.228000E+02 1.803404E+00 9.248040E+00
7.237000E+02 1.803526E+00 9.247144E+00
7.246000E+02 1.803648E+00 9.244891E+00
7.255000E+02 1.803770E+00 9.244005E+00
7.264000E+02 1.803891E+00 9.243125E+00
7.273000E+02 1.804011E+00 9.242250E+00
7.282000E+02 1.804132E+00 9.241380E+00
7.291000E+02 1.804251E+00 9.240514E+00
7.300000E+02 1.804370E+00 9.239654E+00
7.309000E+02 1.804489E+00 9.237443E+00
7.318000E+02 1.804607E+00 9.236594E+00
7.327000E+02 1.804725E+00 9.235750E+00
7.336000E+02 1.804843E+00 9.234911E+00
7.345000E+02 1.804959E+00 9.234076E+00
7.354000E+02 1.805076E+00 9.231895E+00
7.363000E+02 1.805192E+00 9.231071E+00
7.372000E+02 1.805307E+00 9.230253E+00
7.381000E+02 1.805422E+00 9.229439E+00
7.390000E+02 1.805537E+00 9.228630E+00
7.399000E+02 1.805651E+00 9.226478E+00
7.408000E+02 1.805764E+00 9.225679E+00
7.417000E+02 1.805878E+00 9.224886E+00
7.426000E+02 1.805990E+00 9.224097E+00
7.435000E+02 1.806103E+00 9.223313E+00
7.444000E+02 1.806214E+00 9.221189E+00
7.453000E+02 1.806326E+00 9.220416E+00
7.462000E+02 1.806437E+00 9.219647E+00
7.471000E+02 1.806547E+00 9.218883E+00
7.480000E+02 1.806657E+00 9.218124E+00
7.489000E+02 1.806767E+00 9.216028E+00
7.498000E+02 1.806876E+00 9.215279E+00
7.507000E+02 1.806985E+00 9.214534E+00
7.516000E+02 1.807093E+00 9.213795E+00
7.525000E+02 1.807201E+00 9.211721E+00
7.534000E+02 1.807308E+00 9.210992E+00
7.543000E+02 1.807415E+00 9.210267E+00
7.552000E+02 1.807522E+00 9.209546E+00
7.561000E+02 1.807628E+00 9.207495E+00
7.570000E+02 1.807734E+00 9.206785E+00
7.579000E+02 1.807839E+00 9.206079E+00
7.588000E+02 1.807944E+00 9.205378E+00
7.597000E+02 1.808048E+00 9.203348E+00
7.606000E+02 1.808152E+00 9.202656E+00
7.615000E+02 1.808256E+00 9.201970E+00
7.624000E+02 1.808359E+00 9.201287E+00
7.633000E+02 1.808462E+00 9.199279E+00
7.642000E+02 1.808564E+00 9.198606E+00
7.651000E+02 1.808666E+00 9.197938E+00
7.660000E+02 1.808768E+00 9.195946E+00
7.669000E+02 1.808869E+00 9.195288E+00
7.678000E+02 1.808969E+00 9.194634E+00
7.687000E+02 1.809070E+00 9.193984E+00
7.696000E+02 1.809170E+00 9.192013E+00
7.705000E+02 1.809269E+00 9.191373E+00
7.714000E+02 1.809368E+00 9.190737E+00
7.723000E+02 1.809467E+00 9.188782E+00
7.732000E+02 1.809565E+00 9.188156E+00
7.741000E+02 1.809663E+00 9.187533E+00
7.750000E+02 1.809760E+00 9.185594E+00
7.759000E+02 1.809857E+00 9.184982E+00
7.768000E+02 1.809954E+00 9.184373E+00
7.777000E+02 1.810050E+00 9.183769E+00
7.786000E+02 1.810146E+00 9.181850E+00
7.795000E+02 1.810242E+00 9.181255E+00
7.804000E+02 1.810337E+00 9.180665E+00
7.813000E+02 1.810432E+00 9.178761E+00
7.822000E+02 1.810526E+00 9.178180E+00
7.831000E+02 1.810620E+00 9.177602E+00
7.840000E+02 1.810713E+00 9.175715E+00
7.849000E+02 1.810807E+00 9.175146E+00
7.858000E+02 1.810899E+00 9.174582E+00
7.867000E+02 1.810992E+00 9.172709E+00
7.876000E+02 1.811084E+00 9.172154E+00
7.885000E+02 1.811175E+00 9.170292E+00
7.894000E+02 1.811267E+00 9.169745E+00
7.903000E+02 1.811358E+00 9.169203E+00
7.912000E+02 1.811448E+00 9.167356E+00
7.921000E+02 1.811538E+00 9.166823E+00
7.930000E+02 1.811628E+00 9.166293E+00
7.939000E+02 1.811717E+00 9.164461E+00
7.948000E+02 1.811806E+00 9.163940E+00
7.957000E+02 1.811895E+00 9.163424E+00
7.966000E+02 1.811983E+00 9.161606E+00
7.975000E+02 1.812071E+00 9.161098E+00
7.984000E+02 1.812159E+00 9.159290E+00
7.993000E+02 1.812246E+00 9.158791E+00
8.002000E+02 1.812333E+00 9.158296E+00
8.011000E+02 1.812419E+00 9.156503E+00
8.020000E+02 1.812505E+00 9.156016E+00
8.029000E+02 1.812591E+00 9.154232E+00
8.038000E+02 1.812676E+00 9.153754E+00
8.047000E+02 1.812761E+00 9.153280E+00
8.056000E+02 1.812846E+00 9.151511E+00
8.065000E+02 1.812930E+00 9.151045E+00
8.074000E+02 1.813014E+00 9.149286E+00
8.083000E+02 1.813098E+00 9.148828E+00
8.092000E+02 1.813181E+00 9.148375E+00
8.101000E+02 1.813264E+00 9.146629E+00
8.110000E+02 1.813347E+00 9.146184E+00
8.119000E+02 1.813429E+00 9.144448E+00
8.128000E+02 1.813511E+00 9.144012E+00
8.137000E+02 1.813592E+00 9.143579E+00
8.146000E+02 1.813673E+00 9.141856E+00
8.155000E+02 1.813754E+00 9.141432E+00
8.164000E+02 1.813835E+00 9.139719E+00
8.173000E+02 1.813915E+00 9.139302E+00
8.182000E+02 1.813995E+00 9.137599E+00
8.191000E+02 1.814074E+00 9.137191E+00
8.200000E+02 1.814153E+00 9.135497E+00
8.209000E+02 1.814232E+00 9.135096E+00
8.218000E+02 1.814311E+00 9.134700E+00
8.227000E+02 1.814389E+00 9.133019E+00
8.236000E+02 1.814467E+00 9.132631E+00
8.245000E+02 1.814544E+00 9.130959E+00
8.254000E+02 1.814621E+00 9.130579E+00
8.263000E+02 1.814698E+00 9.128916E+00
8.272000E+02 1.814774E+00 9.128544E+00
8.281000E+02 1.814850E+00 9.126891E+00
8.290000E+02 1.814926E+00 9.126526E+00
8.299000E+02 1.815002E+00 9.124882E+00
8.308000E+02 1.815077E+00 9.124525E+00
8.317000E+02 1.815152E+00 9.122890E+00
8.326000E+02 1.815226E+00 9.122540E+00
8.335000E+02 1.815300E+00 9.122195E+00
8.344000E+02 1.815374E+00 9.120573E+00
8.353000E+02 1.815448E+00 9.120235E+00
8.362000E+02 1.815521E+00 9.118622E+00
8.371000E+02 1.815594E+00 9.118291E+00
8.380000E+02 1.815667E+00 9.116687E+00
8.389000E+02 1.815739E+00 9.116365E+00
8.398000E+02 1.815811E+00 9.114769E+00
8.407000E+02 1.815883E+00 9.114454E+00
8.416000E+02 1.815954E+00 9.112867E+00
8.425000E+02 1.816025E+00 9.112560E+00
8.434000E+02 1.816096E+00 9.110982E+00
8.443000E+02 1.816166E+00 9.110682E+00
8.452000E+02 1.816236E+00 9.109112E+00
8.461000E+02 1.816306E+00 9.107548E+00
8.470000E+02 1.816375E+00 9.107259E+00
8.479000E+02 1.816445E+00 9.105703E+00
8.488000E+02 1.816514E+00 9.105422E+00
8.497000E+02 1.816582E+00 9.103874E+00
8.506000E+02 1.816650E+00 9.103600E+00
8.515000E+02 1.816718E+00 9.102061E+00
8.524000E+02 1.816786E+00 9.101795E+00
8.533000E+02 1.816853E+00 9.100264E+00
8.542000E+02 1.816920E+00 9.100005E+00
8.551000E+02 1.816987E+00 9.098483E+00
8.560000E+02 1.817054E+00 9.098231E+00
8.569000E+02 1.817120E+00 9.096717E+00
8.578000E+02 1.817186E+00 9.096472E+00
8.587000E+02 1.817251E+00 9.094967E+00
8.596000E+02 1.817317E+00 9.093465E+00
8.605000E+02 1.817382E+00 9.093232E+00
8.614000E+02 1.817446E+00 9.091739E+00
8.623000E+02 1.817511E+00 9.091512E+00
8.632000E+02 1.817575E+00 9.090028E+00
8.641000E+02 1.817639E+00 9.089808E+00
8.650000E+02 1.817702E+00 9.088332E+00
8.659000E+02 1.817766E+00 9.086859E+00
8.668000E+02 1.817829E+00 9.086651E+00
8.677000E+02 1.817891E+00 9.085187E+00
8.686000E+02 1.817954E+00 9.084985E+00
8.695000E+02 1.818016E+00 9.083529E+00
8.704000E+02 1.818078E+00 9.083334E+00
8.713000E+02 1.818139E+00 9.081886E+00
8.722000E+02 1.818201E+00 9.080442E+00
8.731000E+02 1.818262E+00 9.080258E+00
8.740000E+02 1.818322E+00 9.078822E+00
8.749000E+02 1.818383E+00 9.078645E+00
8.758000E+02 1.818443E+00 9.077217E+00
8.767000E+02 1.818503E+00 9.075794E+00
8.776000E+02 1.818563E+00 9.075627E+00
8.785000E+02 1.818622E+00 9.074211E+00
8.794000E+02 1.818681E+00 9.074051E+00
8.803000E+02 1.818740E+00 9.072643E+00
8.812000E+02 1.818798E+00 9.071239E+00
8.821000E+02 1.818857E+00 9.071090E+00
8.830000E+02 1.818915E+00 9.069693E+00
8.839000E+02 1.818972E+00 9.069551E+00
8.848000E+02 1.819030E+00 9.068162E+00
8.857000E+02 1.819087E+00 9.066778E+00
8.866000E+02 1.819144E+00 9.066645E+00
8.875000E+02 1.819201E+00 9.065268E+00
8.884000E+02 1.819257E+00 9.063896E+00
8.893000E+02 1.819313E+00 9.063773E+00
8.902000E+02 1.819369E+00 9.062408E+00
8.911000E+02 1.819425E+00 9.062292E+00
8.920000E+02 1.819480E+00 9.060935E+00
8.929000E+02 1.819535E+00 9.059582E+00
8.938000E+02 1.819590E+00 9.059476E+00
8.947000E+02 1.819644E+00 9.058130E+00
8.956000E+02 1.819699E+00 9.056788E+00
8.965000E+02 1.819753E+00 9.056692E+00
8.974000E+02 1.819807E+00 9.055357E+00
8.983000E+02 1.819860E+00 9.054027E+00
8.992000E+02 1.819913E+00 9.053941E+00
9.001000E+02 1.819966E+00 9.052618E+00
9.010000E+02 1.820019E+00 9.051299E+00
9.019000E+02 1.820072E+00 9.051222E+00
9.028000E+02 1.820124E+00 9.049910E+00
9.037000E+02 1.820176E+00 9.048602E+00
9.046000E+02 1.820228E+00 9.048536E+00
9.055000E+02 1.820279E+00 9.047235E+00
9.064000E+02 1.820330E+00 9.045939E+00
9.073000E+02 1.820381E+00 9.045881E+00
9.082000E+02 1.820432E+00 9.044592E+00
9.091000E+02 1.820483E+00 9.043306E+00
9.100000E+02 1.820533E+00 9.043259E+00
9.109000E+02 1.820583E+00 9.041980E+00
9.118000E+02 1.820633E+00 9.040706E+00
9.127000E+02 1.820682E+00 9.040668E+00
9.136000E+02 1.820732E+00 9.039400E+00
9.145000E+02 1.820781E+00 9.038137E+00
9.154000E+02 1.820830E+00 9.038108E+00
9.163000E+02 1.820878E+00 9.036851E+00
9.172000E+02 1.820926E+00 9.035599E+00
9.181000E+02 1.820975E+00 9.034350E+00
9.190000E+02 1.821022E+00 9.034334E+00
9.199000E+02 1.821070E+00 9.033092E+00
9.208000E+02 1.821117E+00 9.031853E+00
9.217000E+02 1.821165E+00 9.031847E+00
9.226000E+02 1.821211E+00 9.030615E+00
9.235000E+02 1.821258E+00 9.029388E+00
9.244000E+02 1.821305E+00 9.029390E+00
9.253000E+02 1.821351E+00 9.028169E+00
9.262000E+02 1.821397E+00 9.026952E+00
9.271000E+02 1.821442E+00 9.025739E+00
9.280000E+02 1.821488E+00 9.025754E+00
9.289000E+02 1.821533E+00 9.024547E+00
9.298000E+02 1.821578E+00 9.023345E+00
9.307000E+02 1.821623E+00 9.022145E+00
9.316000E+02 1.821668E+00 9.022172E+00
9.325000E+02 1.821712E+00 9.020980E+00
9.334000E+02 1.821756E+00 9.019791E+00
9.343000E+02 1.821800E+00 9.018606E+00
9.352000E+02 1.821844E+00 9.018645E+00
9.361000E+02 1.821887E+00 9.017466E+00
9.370000E+02 1.821930E+00 9.016292E+00
9.379000E+02 1.821973E+00 9.015120E+00
9.388000E+02 1.822016E+00 9.015171E+00
9.397000E+02 1.822059E+00 9.014006E+00
9.406000E+02 1.822101E+00 9.012845E+00
9.415000E+02 1.822143E+00 9.011688E+00
9.424000E+02 1.822185E+00 9.011750E+00
9.433000E+02 1.822227E+00 9.010599E+00
9.442000E+02 1.822268E+00 9.009452E+00
9.451000E+02 1.822310E+00 9.008308E+00
9.460000E+02 1.822351E+00 9.008382E+00
9.469000E+02 1.822391E+00 9.007245E+00
9.478000E+02 1.822432E+00 9.006111E+00
9.487000E+02 1.822472E+00 9.004981E+00
9.496000E+02 1.822513E+00 9.005067E+00
9.505000E+02 1.822552E+00 9.003943E+00
9.514000E+02 1.822592E+00 9.002822E+00
9.523000E+02 1.822632E+00 9.001705E+00
9.532000E+02 1.822671E+00 9.000592E+00
9.541000E+02 1.822710E+00 9.000692E+00
9.550000E+02 1.822749E+00 8.999585E+00
9.559000E+02 1.822788E+00 8.998481E+00
9.568000E+02 1.822826E+00 8.997380E+00
9.577000E+02 1.822864E+00 8.996283E+00
9.586000E+02 1.822902E+00 8.996398E+00
9.595000E+02 1.822940E+00 8.995307E+00
9.604000E+02 1.822978E+00 8.994220E+00
9.613000E+02 1.823015E+00 8.993136E+00
9.622000E+02 1.823052E+00 8.992055E+00
9.631000E+02 1.823089E+00 8.992184E+00
9.640000E+02 1.823126E+00 8.991110E+00
9.649000E+02 1.823163E+00 8.990039E+00
9.658000E+02 1.823199E+00 8.988971E+00
9.667000E+02 1.823235E+00 8.987907E+00
9.676000E+02 1.823271E+00 8.988049E+00
9.685000E+02 1.823307E+00 8.986991E+00
9.694000E+02 1.823343E+00 8.985936E+00
9.703000E+02 1.823378E+00 8.984884E+00
9.712000E+02 1.823413E+00 8.983836E+00
9.721000E+02 1.823448E+00 8.983992E+00
9.730000E+02 1.823483E+00 8.982950E+00
9.739000E+02 1.823518E+00 8.981911E+00
9.748000E+02 1.823552E+00 8.980875E+00
9.757000E+02 1.823586E+00 8.979843E+00
9.766000E+02 1.823620E+00 8.978814E+00
9.775000E+02 1.823654E+00 8.978986E+00
9.784000E+02 1.823688E+00 8.977963E+00
9.793000E+02 1.823721E+00 8.976943E+00
9.802000E+02 1.823754E+00 8.975926E+00
9.811000E+02 1.823787E+00 8.974913E+00
9.820000E+02 1.823820E+00 8.973902E+00
9.829000E+02 1.823853E+00 8.972895E+00
9.838000E+02 1.823885E+00 8.973087E+00
9.847000E+02 1.823917E+00 8.972085E+00
9.856000E+02 1.823949E+00 8.971087E+00
9.865000E+02 1.823981E+00 8.970092E+00
9.874000E+02 1.824013E+00 8.969101E+00
9.883000E+02 1.824044E+00 8.968112E+00
9.892000E+02 1.824076E+00 8.967126E+00
9.901000E+02 1.824107E+00 8.967337E+00
9.910000E+02 1.824138E+00 8.966357E+00
9.919000E+02 1.824168E+00 8.965380E+00
9.928000E+02 1.824199E+00 8.964407E+00
9.937000E+02 1.824229E+00 8.963437E+00
9.946000E+02 1.824259E+00 8.962469E+00
9.955000E+02 1.824289E+00 8.961505E+00
9.964000E+02 1.824319E+00 8.960544E+00
9.973000E+02 1.824349E+00 8.960775E+00
9.982000E+02 1.824378E+00 8.959820E+00
9.991000E+02 1.824408E+00 8.958867E+00
