1.000000E+00 NAN NAN
1.099000E+00 1.258619E-01 2.219166E+01
1.198000E+00 1.317667E-01 1.915152E+01
1.297000E+00 1.376588E-01 1.827979E+01
1.396000E+00 1.435250E-01 1.759555E+01
1.495000E+00 1.493579E-01 1.704909E+01
1.594000E+00 1.551524E-01 1.660671E+01
1.693000E+00 1.609052E-01 1.624479E+01
1.792000E+00 1.666138E-01 1.584672E+01
1.891000E+00 1.722772E-01 1.560540E+01
1.990000E+00 1.778942E-01 1.531769E+01
2.089000E+00 1.834646E-01 1.507329E+01
2.188000E+00 1.889885E-01 1.486460E+01
2.287000E+00 1.944659E-01 1.468571E+01
2.386000E+00 1.998972E-01 1.453190E+01
2.485000E+00 2.052828E-01 1.433417E+01
2.584000E+00 2.106235E-01 1.422266E+01
2.683000E+00 2.159197E-01 1.412660E+01
2.782000E+00 2.211722E-01 1.398659E+01
2.881000E+00 2.263814E-01 1.386266E+01
2.980000E+00 2.315485E-01 1.380554E+01
3.079000E+00 2.366739E-01 1.370597E+01
3.178000E+00 2.417585E-01 1.361741E+01
3.277000E+00 2.468028E-01 1.353860E+01
3.376000E+00 2.518078E-01 1.346847E+01
3.475000E+00 2.567740E-01 1.340608E+01
3.574000E+00 2.617022E-01 1.335063E+01
3.673000E+00 2.665930E-01 1.330143E+01
3.772000E+00 2.714472E-01 1.325786E+01
3.871000E+00 2.762653E-01 1.317931E+01
3.970000E+00 2.810481E-01 1.314640E+01
4.069000E+00 2.857961E-01 1.311764E+01
4.168000E+00 2.905100E-01 1.305544E+01
4.267000E+00 2.951903E-01 1.303469E+01
4.366000E+00 2.998376E-01 1.298151E+01
4.465000E+00 3.044525E-01 1.296744E+01
4.564000E+00 3.090355E-01 1.292188E+01
4.663000E+00 3.135872E-01 1.288008E+01
4.762000E+00 3.181081E-01 1.287436E+01
4.861000E+00 3.225986E-01 1.283853E+01
4.960000E+00 3.270593E-01 1.280569E+01
5.059000E+00 3.314907E-01 1.277562E+01
5.158000E+00 3.358932E-01 1.277841E+01
5.257000E+00 3.402672E-01 1.275275E+01
5.356000E+00 3.446132E-01 1.272934E+01
5.455000E+00 3.489317E-01 1.270802E+01
5.554000E+00 3.532231E-01 1.268867E+01
5.653000E+00 3.574876E-01 1.267114E+01
5.752000E+00 3.617259E-01 1.265532E+01
5.851000E+00 3.659381E-01 1.264111E+01
5.950000E+00 3.701248E-01 1.262841E+01
6.049000E+00 3.742863E-01 1.261712E+01
6.148000E+00 3.784229E-01 1.258129E+01
6.247000E+00 3.825350E-01 1.257292E+01
6.346000E+00 3.866230E-01 1.256572E+01
6.445000E+00 3.906871E-01 1.255962E+01
6.544000E+00 3.947277E-01 1.255456E+01
6.643000E+00 3.987450E-01 1.252628E+01
6.742000E+00 4.027395E-01 1.252340E+01
6.841000E+00 4.067114E-01 1.252140E+01
6.940000E+00 4.106609E-01 1.249691E+01
7.039000E+00 4.145886E-01 1.249675E+01
7.138000E+00 4.184944E-01 1.247458E+01
7.237000E+00 4.223789E-01 1.247608E+01
7.336000E+00 4.262421E-01 1.247823E+01
7.435000E+00 4.300844E-01 1.245900E+01
7.534000E+00 4.339061E-01 1.246256E+01
7.633000E+00 4.377073E-01 1.244516E+01
7.732000E+00 4.414883E-01 1.245000E+01
7.831000E+00 4.452494E-01 1.243426E+01
7.930000E+00 4.489909E-01 1.241943E+01
8.029000E+00 4.527129E-01 1.242603E+01
8.128000E+00 4.564156E-01 1.241264E+01
8.227000E+00 4.600994E-01 1.242024E+01
8.326000E+00 4.637644E-01 1.240817E+01
8.425000E+00 4.674108E-01 1.239683E+01
8.524000E+00 4.710388E-01 1.240581E+01
8.623000E+00 4.746487E-01 1.239564E+01
8.722000E+00 4.782406E-01 1.238611E+01
8.821000E+00 4.818146E-01 1.237719E+01
8.920000E+00 4.853712E-01 1.238778E+01
9.019000E+00 4.889103E-01 1.237984E+01
9.118000E+00 4.924322E-01 1.237245E+01
9.217000E+00 4.959372E-01 1.236559E+01
9.316000E+00 4.994252E-01 1.235924E+01
9.415000E+00 5.028967E-01 1.237148E+01
9.514000E+00 5.063516E-01 1.236592E+01
9.613000E+00 5.097902E-01 1.236082E+01
9.712000E+00 5.132127E-01 1.235615E+01
9.811000E+00 5.166191E-01 1.235190E+01
9.910000E+00 5.200098E-01 1.234805E+01
1.000900E+01 5.233847E-01 1.234459E+01
1.010800E+01 5.267441E-01 1.234151E+01
1.020700E+01 5.300882E-01 1.233879E+01
1.030600E+01 5.334170E-01 1.233641E+01
1.040500E+01 5.367307E-01 1.233438E+01
1.050400E+01 5.400295E-01 1.233266E+01
1.060300E+01 5.433135E-01 1.233126E+01
1.070200E+01 5.465829E-01 1.233017E+01
1.080100E+01 5.498377E-01 1.232936E+01
1.090000E+01 5.530782E-01 1.232883E+01
1.099900E+01 5.563044E-01 1.232858E+01
1.109800E+01 5.595165E-01 1.232859E+01
1.119700E+01 5.627146E-01 1.232886E+01
1.129600E+01 5.658988E-01 1.232937E+01
1.139500E+01 5.690694E-01 1.233012E+01
1.149400E+01 5.722263E-01 1.231559E+01
1.159300E+01 5.753697E-01 1.231689E+01
1.169200E+01 5.784998E-01 1.231840E+01
1.179100E+01 5.816167E-01 1.232012E+01
1.189000E+01 5.847204E-01 1.232204E+01
1.198900E+01 5.878111E-01 1.232416E+01
1.208800E+01 5.908889E-01 1.231153E+01
1.218700E+01 5.939539E-01 1.231411E+01
1.228600E+01 5.970062E-01 1.231685E+01
1.238500E+01 6.000459E-01 1.231977E+01
1.248400E+01 6.030732E-01 1.230829E+01
1.258300E+01 6.060881E-01 1.231161E+01
1.268200E+01 6.090907E-01 1.231509E+01
1.278100E+01 6.120811E-01 1.231872E+01
1.288000E+01 6.150595E-01 1.230825E+01
1.297900E+01 6.180260E-01 1.231224E+01
1.307800E+01 6.209805E-01 1.231636E+01
1.317700E+01 6.239233E-01 1.230662E+01
1.327600E+01 6.268544E-01 1.231107E+01
1.337500E+01 6.297739E-01 1.231564E+01
1.347400E+01 6.326820E-01 1.230657E+01
1.357300E+01 6.355786E-01 1.231144E+01
1.367200E+01 6.384639E-01 1.230282E+01
1.377100E+01 6.413379E-01 1.230798E+01
1.387000E+01 6.442009E-01 1.231324E+01
1.396900E+01 6.470527E-01 1.230521E+01
1.406800E+01 6.498936E-01 1.231073E+01
1.416700E+01 6.527237E-01 1.230309E+01
1.426600E+01 6.555429E-01 1.230887E+01
1.436500E+01 6.583514E-01 1.231473E+01
1.446400E+01 6.611492E-01 1.230761E+01
1.456300E+01 6.639365E-01 1.231370E+01
1.466200E+01 6.667133E-01 1.230693E+01
1.476100E+01 6.694797E-01 1.231324E+01
1.486000E+01 6.722358E-01 1.230681E+01
1.495900E+01 6.749816E-01 1.231332E+01
1.505800E+01 6.777173E-01 1.230721E+01
1.515700E+01 6.804428E-01 1.231391E+01
1.525600E+01 6.831583E-01 1.230810E+01
1.535500E+01 6.858639E-01 1.231499E+01
1.545400E+01 6.885595E-01 1.230948E+01
1.555300E+01 6.912454E-01 1.230414E+01
1.565200E+01 6.939215E-01 1.231130E+01
1.575100E+01 6.965879E-01 1.230624E+01
1.585000E+01 6.992447E-01 1.231356E+01
1.594900E+01 7.018920E-01 1.230876E+01
1.604800E+01 7.045298E-01 1.231623E+01
1.614700E+01 7.071582E-01 1.231168E+01
1.624600E+01 7.097772E-01 1.230729E+01
1.634500E+01 7.123870E-01 1.231498E+01
1.644400E+01 7.149876E-01 1.231082E+01
1.654300E+01 7.175790E-01 1.230680E+01
1.664200E+01 7.201613E-01 1.231472E+01
1.674100E+01 7.227346E-01 1.231092E+01
1.684000E+01 7.252989E-01 1.231895E+01
1.693900E+01 7.278543E-01 1.231536E+01
1.703800E+01 7.304009E-01 1.231190E+01
1.713700E+01 7.329386E-01 1.230857E+01
1.723600E+01 7.354676E-01 1.231686E+01
1.733500E+01 7.379880E-01 1.231372E+01
1.743400E+01 7.404996E-01 1.231070E+01
1.753300E+01 7.430028E-01 1.231916E+01
1.763200E+01 7.454974E-01 1.231632E+01
1.773100E+01 7.479836E-01 1.231360E+01
1.783000E+01 7.504613E-01 1.232222E+01
1.792900E+01 7.529308E-01 1.231966E+01
1.802800E+01 7.553919E-01 1.231721E+01
1.812700E+01 7.578448E-01 1.231487E+01
1.822600E+01 7.602895E-01 1.232369E+01
1.832500E+01 7.627261E-01 1.232150E+01
1.842400E+01 7.651546E-01 1.231942E+01
1.852300E+01 7.675750E-01 1.231743E+01
1.862200E+01 7.699875E-01 1.231554E+01
1.872100E+01 7.723920E-01 1.232458E+01
1.882000E+01 7.747887E-01 1.232283E+01
1.891900E+01 7.771775E-01 1.232117E+01
1.901800E+01 7.795585E-01 1.231960E+01
1.911700E+01 7.819317E-01 1.231812E+01
1.921600E+01 7.842973E-01 1.232737E+01
1.931500E+01 7.866552E-01 1.232601E+01
1.941400E+01 7.890056E-01 1.232474E+01
1.951300E+01 7.913483E-01 1.232355E+01
1.961200E+01 7.936836E-01 1.232243E+01
1.971100E+01 7.960113E-01 1.232140E+01
1.981000E+01 7.983317E-01 1.232044E+01
1.990900E+01 8.006447E-01 1.232995E+01
2.000800E+01 8.029503E-01 1.232910E+01
2.010700E+01 8.052486E-01 1.232833E+01
2.020600E+01 8.075397E-01 1.232763E+01
2.030500E+01 8.098236E-01 1.232700E+01
2.040400E+01 8.121003E-01 1.232644E+01
2.050300E+01 8.143699E-01 1.232594E+01
2.060200E+01 8.166324E-01 1.232552E+01
2.070100E+01 8.188879E-01 1.232516E+01
2.080000E+01 8.211364E-01 1.233494E+01
2.089900E+01 8.233779E-01 1.233467E+01
2.099800E+01 8.256124E-01 1.233447E+01
2.109700E+01 8.278401E-01 1.233433E+01
2.119600E+01 8.300610E-01 1.233424E+01
2.129500E+01 8.322751E-01 1.233422E+01
2.139400E+01 8.344824E-01 1.233426E+01
2.149300E+01 8.366829E-01 1.233435E+01
2.159200E+01 8.388768E-01 1.233450E+01
2.169100E+01 8.410640E-01 1.233471E+01
2.179000E+01 8.432446E-01 1.233497E+01
2.188900E+01 8.454186E-01 1.233528E+01
2.198800E+01 8.475861E-01 1.233565E+01
2.208700E+01 8.497470E-01 1.233607E+01
2.218600E+01 8.519015E-01 1.233654E+01
2.228500E+01 8.540496E-01 1.233706E+01
2.238400E+01 8.561912E-01 1.233763E+01
2.248300E+01 8.583265E-01 1.233825E+01
2.258200E+01 8.604554E-01 1.233891E+01
2.268100E+01 8.625781E-01 1.233963E+01
2.278000E+01 8.646944E-01 1.234039E+01
2.287900E+01 8.668046E-01 1.234119E+01
2.297800E+01 8.689085E-01 1.234204E+01
2.307700E+01 8.710063E-01 1.234294E+01
2.317600E+01 8.730979E-01 1.234388E+01
2.327500E+01 8.751834E-01 1.234486E+01
2.337400E+01 8.772629E-01 1.234588E+01
2.347300E+01 8.793363E-01 1.234695E+01
2.357200E+01 8.814037E-01 1.234805E+01
2.367100E+01 8.834651E-01 1.233998E+01
2.377000E+01 8.855206E-01 1.234119E+01
2.386900E+01 8.875701E-01 1.234244E+01
2.396800E+01 8.896138E-01 1.234373E+01
2.406700E+01 8.916516E-01 1.234506E+01
2.416600E+01 8.936836E-01 1.234642E+01
2.426500E+01 8.957098E-01 1.234782E+01
2.436400E+01 8.977303E-01 1.234925E+01
2.446300E+01 8.997450E-01 1.235072E+01
2.456200E+01 9.017540E-01 1.235223E+01
2.466100E+01 9.037573E-01 1.234480E+01
2.476000E+01 9.057550E-01 1.234640E+01
2.485900E+01 9.077470E-01 1.234803E+01
2.495800E+01 9.097335E-01 1.234969E+01
2.505700E+01 9.117144E-01 1.235138E+01
2.515600E+01 9.136898E-01 1.235311E+01
2.525500E+01 9.156596E-01 1.235487E+01
2.535400E+01 9.176240E-01 1.234786E+01
2.545300E+01 9.195829E-01 1.234970E+01
2.555200E+01 9.215364E-01 1.235157E+01
2.565100E+01 9.234845E-01 1.235347E+01
2.575000E+01 9.254272E-01 1.235540E+01
2.584900E+01 9.273645E-01 1.235735E+01
2.594800E+01 9.292966E-01 1.235068E+01
2.604700E+01 9.312233E-01 1.235271E+01
2.614600E+01 9.331448E-01 1.235477E+01
2.624500E+01 9.350610E-01 1.235686E+01
2.634400E+01 9.369720E-01 1.235897E+01
2.644300E+01 9.388778E-01 1.236111E+01
2.654200E+01 9.407785E-01 1.235475E+01
2.664100E+01 9.426740E-01 1.235695E+01
2.674000E+01 9.445643E-01 1.235919E+01
2.683900E+01 9.464496E-01 1.236144E+01
2.693800E+01 9.483298E-01 1.235529E+01
2.703700E+01 9.502050E-01 1.235761E+01
2.713600E+01 9.520751E-01 1.235996E+01
2.723500E+01 9.539402E-01 1.236233E+01
2.733400E+01 9.558004E-01 1.236472E+01
2.743300E+01 9.576555E-01 1.235880E+01
2.753200E+01 9.595058E-01 1.236125E+01
2.763100E+01 9.613511E-01 1.236373E+01
2.773000E+01 9.631916E-01 1.236623E+01
2.782900E+01 9.650272E-01 1.236049E+01
2.792800E+01 9.668579E-01 1.236305E+01
2.802700E+01 9.686838E-01 1.236562E+01
2.812600E+01 9.705050E-01 1.236002E+01
2.822500E+01 9.723213E-01 1.236266E+01
2.832400E+01 9.741329E-01 1.236531E+01
2.842300E+01 9.759398E-01 1.236799E+01
2.852200E+01 9.777419E-01 1.236256E+01
2.862100E+01 9.795394E-01 1.236528E+01
2.872000E+01 9.813322E-01 1.236803E+01
2.881900E+01 9.831204E-01 1.236273E+01
2.891800E+01 9.849039E-01 1.236552E+01
2.901700E+01 9.866828E-01 1.236834E+01
2.911600E+01 9.884571E-01 1.237117E+01
2.921500E+01 9.902269E-01 1.236603E+01
2.931400E+01 9.919921E-01 1.236891E+01
2.941300E+01 9.937528E-01 1.237180E+01
2.951200E+01 9.955090E-01 1.236678E+01
2.961100E+01 9.972608E-01 1.236972E+01
2.971000E+01 9.990080E-01 1.237269E+01
2.980900E+01 1.000751E+00 1.236778E+01
2.990800E+01 1.002489E+00 1.237078E+01
3.000700E+01 1.004223E+00 1.237380E+01
3.010600E+01 1.005953E+00 1.236901E+01
3.020500E+01 1.007678E+00 1.237207E+01
3.030400E+01 1.009399E+00 1.237515E+01
3.040300E+01 1.011115E+00 1.237046E+01
3.050200E+01 1.012828E+00 1.237359E+01
3.060100E+01 1.014536E+00 1.236897E+01
3.070000E+01 1.016239E+00 1.237214E+01
3.079900E+01 1.017939E+00 1.237531E+01
3.089800E+01 1.019634E+00 1.237081E+01
3.099700E+01 1.021325E+00 1.237402E+01
3.109600E+01 1.023012E+00 1.237725E+01
3.119500E+01 1.024694E+00 1.237284E+01
3.129400E+01 1.026373E+00 1.237611E+01
3.139300E+01 1.028047E+00 1.237177E+01
3.149200E+01 1.029717E+00 1.237508E+01
3.159100E+01 1.031383E+00 1.237840E+01
3.169000E+01 1.033045E+00 1.237415E+01
3.178900E+01 1.034703E+00 1.237751E+01
3.188800E+01 1.036357E+00 1.237333E+01
3.198700E+01 1.038006E+00 1.237672E+01
3.208600E+01 1.039652E+00 1.238012E+01
3.218500E+01 1.041294E+00 1.237603E+01
3.228400E+01 1.042932E+00 1.237947E+01
3.238300E+01 1.044565E+00 1.237545E+01
3.248200E+01 1.046195E+00 1.237891E+01
3.258100E+01 1.047821E+00 1.238239E+01
3.268000E+01 1.049443E+00 1.237846E+01
3.277900E+01 1.051061E+00 1.238196E+01
3.287800E+01 1.052675E+00 1.237809E+01
3.297700E+01 1.054285E+00 1.238163E+01
3.307600E+01 1.055891E+00 1.237782E+01
3.317500E+01 1.057494E+00 1.238139E+01
3.327400E+01 1.059093E+00 1.237764E+01
3.337300E+01 1.060688E+00 1.238124E+01
3.347200E+01 1.062279E+00 1.237754E+01
3.357100E+01 1.063866E+00 1.238117E+01
3.367000E+01 1.065449E+00 1.238481E+01
3.376900E+01 1.067029E+00 1.238119E+01
3.386800E+01 1.068605E+00 1.238485E+01
3.396700E+01 1.070177E+00 1.238130E+01
3.406600E+01 1.071746E+00 1.238499E+01
3.416500E+01 1.073311E+00 1.238148E+01
3.426400E+01 1.074872E+00 1.238520E+01
3.436300E+01 1.076429E+00 1.238175E+01
3.446200E+01 1.077983E+00 1.238549E+01
3.456100E+01 1.079533E+00 1.238209E+01
3.466000E+01 1.081080E+00 1.238586E+01
3.475900E+01 1.082623E+00 1.238251E+01
3.485800E+01 1.084162E+00 1.238631E+01
3.495700E+01 1.085698E+00 1.238301E+01
3.505600E+01 1.087230E+00 1.238683E+01
3.515500E+01 1.088759E+00 1.238358E+01
3.525400E+01 1.090284E+00 1.238742E+01
3.535300E+01 1.091806E+00 1.238423E+01
3.545200E+01 1.093324E+00 1.238809E+01
3.555100E+01 1.094839E+00 1.238494E+01
3.565000E+01 1.096350E+00 1.238883E+01
3.574900E+01 1.097857E+00 1.238573E+01
3.584800E+01 1.099361E+00 1.238963E+01
3.594700E+01 1.100862E+00 1.238658E+01
3.604600E+01 1.102360E+00 1.239051E+01
3.614500E+01 1.103853E+00 1.238750E+01
3.624400E+01 1.105344E+00 1.238452E+01
3.634300E+01 1.106831E+00 1.238849E+01
3.644200E+01 1.108315E+00 1.238555E+01
3.654100E+01 1.109795E+00 1.238954E+01
3.664000E+01 1.111272E+00 1.238665E+01
3.673900E+01 1.112746E+00 1.239065E+01
3.683800E+01 1.114216E+00 1.238780E+01
3.693700E+01 1.115683E+00 1.239183E+01
3.703600E+01 1.117147E+00 1.238902E+01
3.713500E+01 1.118607E+00 1.238624E+01
3.723400E+01 1.120064E+00 1.239030E+01
3.733300E+01 1.121518E+00 1.238756E+01
3.743200E+01 1.122969E+00 1.239164E+01
3.753100E+01 1.124416E+00 1.238894E+01
3.763000E+01 1.125860E+00 1.239303E+01
3.772900E+01 1.127301E+00 1.239038E+01
3.782800E+01 1.128739E+00 1.238775E+01
3.792700E+01 1.130173E+00 1.239187E+01
3.802600E+01 1.131604E+00 1.238928E+01
3.812500E+01 1.133033E+00 1.239341E+01
3.822400E+01 1.134458E+00 1.239086E+01
3.832300E+01 1.135879E+00 1.238833E+01
3.842200E+01 1.137298E+00 1.239250E+01
3.852100E+01 1.138714E+00 1.239001E+01
3.862000E+01 1.140126E+00 1.239419E+01
3.871900E+01 1.141535E+00 1.239174E+01
3.881800E+01 1.142942E+00 1.238931E+01
3.891700E+01 1.144345E+00 1.239351E+01
3.901600E+01 1.145745E+00 1.239112E+01
3.911500E+01 1.147142E+00 1.239534E+01
3.921400E+01 1.148536E+00 1.239298E+01
3.931300E+01 1.149927E+00 1.239065E+01
3.941200E+01 1.151315E+00 1.239490E+01
3.951100E+01 1.152700E+00 1.239260E+01
3.961000E+01 1.154082E+00 1.239032E+01
3.970900E+01 1.155461E+00 1.239459E+01
3.980800E+01 1.156837E+00 1.239235E+01
3.990700E+01 1.158210E+00 1.239012E+01
4.000600E+01 1.159580E+00 1.239442E+01
4.010500E+01 1.160947E+00 1.239223E+01
4.020400E+01 1.162311E+00 1.239654E+01
4.030300E+01 1.163672E+00 1.239438E+01
4.040200E+01 1.165030E+00 1.239224E+01
4.050100E+01 1.166386E+00 1.239657E+01
4.060000E+01 1.167738E+00 1.239447E+01
4.069900E+01 1.169088E+00 1.239238E+01
4.079800E+01 1.170434E+00 1.239673E+01
4.089700E+01 1.171778E+00 1.239468E+01
4.099600E+01 1.173119E+00 1.239265E+01
4.109500E+01 1.174457E+00 1.239702E+01
4.119400E+01 1.175793E+00 1.239502E+01
4.129300E+01 1.177125E+00 1.239304E+01
4.139200E+01 1.178455E+00 1.239743E+01
4.149100E+01 1.179781E+00 1.239548E+01
4.159000E+01 1.181105E+00 1.239354E+01
4.168900E+01 1.182427E+00 1.239795E+01
4.178800E+01 1.183745E+00 1.239605E+01
4.188700E+01 1.185061E+00 1.239416E+01
4.198600E+01 1.186374E+00 1.239859E+01
4.208500E+01 1.187684E+00 1.239673E+01
4.218400E+01 1.188991E+00 1.239490E+01
4.228300E+01 1.190296E+00 1.239308E+01
4.238200E+01 1.191598E+00 1.239753E+01
4.248100E+01 1.192897E+00 1.239574E+01
4.258000E+01 1.194194E+00 1.239396E+01
4.267900E+01 1.195488E+00 1.239844E+01
4.277800E+01 1.196779E+00 1.239669E+01
4.287700E+01 1.198067E+00 1.239496E+01
4.297600E+01 1.199353E+00 1.239325E+01
4.307500E+01 1.200636E+00 1.239774E+01
4.317400E+01 1.201917E+00 1.239606E+01
4.327300E+01 1.203195E+00 1.239439E+01
4.337200E+01 1.204470E+00 1.239890E+01
4.347100E+01 1.205742E+00 1.239725E+01
4.357000E+01 1.207012E+00 1.239563E+01
4.366900E+01 1.208280E+00 1.239402E+01
4.376800E+01 1.209545E+00 1.239855E+01
4.386700E+01 1.210807E+00 1.239697E+01
4.396600E+01 1.212066E+00 1.239540E+01
4.406500E+01 1.213323E+00 1.239384E+01
4.416400E+01 1.214578E+00 1.239840E+01
4.426300E+01 1.215830E+00 1.239687E+01
4.436200E+01 1.217079E+00 1.239536E+01
4.446100E+01 1.218326E+00 1.239993E+01
4.456000E+01 1.219570E+00 1.239844E+01
4.465900E+01 1.220812E+00 1.239696E+01
4.475800E+01 1.222051E+00 1.239550E+01
4.485700E+01 1.223288E+00 1.240009E+01
4.495600E+01 1.224522E+00 1.239866E+01
4.505500E+01 1.225754E+00 1.239724E+01
4.515400E+01 1.226983E+00 1.239583E+01
4.525300E+01 1.228210E+00 1.239444E+01
4.535200E+01 1.229435E+00 1.239905E+01
4.545100E+01 1.230657E+00 1.239769E+01
4.555000E+01 1.231876E+00 1.239633E+01
4.564900E+01 1.233093E+00 1.239499E+01
4.574800E+01 1.234308E+00 1.239963E+01
4.584700E+01 1.235520E+00 1.239831E+01
4.594600E+01 1.236729E+00 1.239700E+01
4.604500E+01 1.237937E+00 1.239572E+01
4.614400E+01 1.239142E+00 1.239444E+01
4.624300E+01 1.240344E+00 1.239909E+01
4.634200E+01 1.241544E+00 1.239784E+01
4.644100E+01 1.242742E+00 1.239660E+01
4.654000E+01 1.243937E+00 1.239537E+01
4.663900E+01 1.245130E+00 1.240004E+01
4.673800E+01 1.246321E+00 1.239884E+01
4.683700E+01 1.247509E+00 1.239764E+01
4.693600E+01 1.248695E+00 1.239646E+01
4.703500E+01 1.249879E+00 1.239530E+01
4.713400E+01 1.251060E+00 1.239999E+01
4.723300E+01 1.252239E+00 1.239884E+01
4.733200E+01 1.253416E+00 1.239771E+01
4.743100E+01 1.254590E+00 1.239658E+01
4.753000E+01 1.255763E+00 1.239548E+01
4.762900E+01 1.256932E+00 1.240019E+01
4.772800E+01 1.258100E+00 1.239910E+01
4.782700E+01 1.259265E+00 1.239802E+01
4.792600E+01 1.260428E+00 1.239696E+01
4.802500E+01 1.261589E+00 1.239591E+01
4.812400E+01 1.262747E+00 1.239487E+01
4.822300E+01 1.263903E+00 1.239960E+01
4.832200E+01 1.265057E+00 1.239858E+01
4.842100E+01 1.266209E+00 1.239757E+01
4.852000E+01 1.267358E+00 1.239657E+01
4.861900E+01 1.268506E+00 1.239559E+01
4.871800E+01 1.269651E+00 1.239462E+01
4.881700E+01 1.270794E+00 1.239937E+01
4.891600E+01 1.271934E+00 1.239841E+01
4.901500E+01 1.273073E+00 1.239747E+01
4.911400E+01 1.274209E+00 1.239654E+01
4.921300E+01 1.275343E+00 1.239562E+01
4.931200E+01 1.276475E+00 1.239471E+01
4.941100E+01 1.277605E+00 1.239948E+01
4.951000E+01 1.278732E+00 1.239859E+01
4.960900E+01 1.279858E+00 1.239771E+01
4.970800E+01 1.280981E+00 1.239684E+01
4.980700E+01 1.282102E+00 1.239598E+01
4.990600E+01 1.283221E+00 1.239513E+01
5.000500E+01 1.284338E+00 1.239430E+01
5.010400E+01 1.285453E+00 1.239909E+01
5.020300E+01 1.286566E+00 1.239827E+01
5.030200E+01 1.287676E+00 1.239746E+01
5.040100E+01 1.288785E+00 1.239666E+01
5.050000E+01 1.289891E+00 1.239587E+01
5.059900E+01 1.290995E+00 1.239510E+01
5.069800E+01 1.292097E+00 1.239433E+01
5.079700E+01 1.293197E+00 1.239358E+01
5.089600E+01 1.294295E+00 1.239839E+01
5.099500E+01 1.295391E+00 1.239765E+01
5.109400E+01 1.296485E+00 1.239692E+01
5.119300E+01 1.297577E+00 1.239620E+01
5.129200E+01 1.298667E+00 1.239549E+01
5.139100E+01 1.299755E+00 1.239479E+01
5.149000E+01 1.300841E+00 1.239410E+01
5.158900E+01 1.301924E+00 1.239342E+01
5.168800E+01 1.303006E+00 1.239826E+01
5.178700E+01 1.304086E+00 1.239760E+01
5.188600E+01 1.305163E+00 1.239694E+01
5.198500E+01 1.306239E+00 1.239629E+01
5.208400E+01 1.307313E+00 1.239566E+01
5.218300E+01 1.308384E+00 1.239503E+01
5.228200E+01 1.309454E+00 1.239441E+01
5.238100E+01 1.310522E+00 1.239381E+01
5.248000E+01 1.311587E+00 1.239321E+01
5.257900E+01 1.312651E+00 1.239262E+01
5.267800E+01 1.313713E+00 1.239749E+01
5.277700E+01 1.314773E+00 1.239691E+01
5.287600E+01 1.315831E+00 1.239635E+01
5.297500E+01 1.316886E+00 1.239579E+01
5.307400E+01 1.317940E+00 1.239524E+01
5.317300E+01 1.318993E+00 1.239470E+01
5.327200E+01 1.320043E+00 1.239418E+01
5.337100E+01 1.321091E+00 1.239366E+01
5.347000E+01 1.322137E+00 1.239315E+01
5.356900E+01 1.323181E+00 1.239264E+01
5.366800E+01 1.324224E+00 1.239215E+01
5.376700E+01 1.325265E+00 1.239167E+01
5.386600E+01 1.326303E+00 1.239656E+01
5.396500E+01 1.327340E+00 1.239609E+01
5.406400E+01 1.328375E+00 1.239562E+01
5.416300E+01 1.329408E+00 1.239517E+01
5.426200E+01 1.330439E+00 1.239472E+01
5.436100E+01 1.331468E+00 1.239429E+01
5.446000E+01 1.332496E+00 1.239386E+01
5.455900E+01 1.333521E+00 1.239344E+01
5.465800E+01 1.334545E+00 1.239303E+01
5.475700E+01 1.335567E+00 1.239262E+01
5.485600E+01 1.336587E+00 1.239223E+01
5.495500E+01 1.337605E+00 1.239184E+01
5.505400E+01 1.338621E+00 1.239146E+01
5.515300E+01 1.339636E+00 1.239109E+01
5.525200E+01 1.340648E+00 1.239073E+01
5.535100E+01 1.341659E+00 1.239038E+01
5.545000E+01 1.342668E+00 1.239003E+01
5.554900E+01 1.343676E+00 1.238969E+01
5.564800E+01 1.344681E+00 1.239462E+01
5.574700E+01 1.345685E+00 1.239429E+01
5.584600E+01 1.346687E+00 1.239397E+01
5.594500E+01 1.347687E+00 1.239366E+01
5.604400E+01 1.348685E+00 1.239336E+01
5.614300E+01 1.349681E+00 1.239306E+01
5.624200E+01 1.350676E+00 1.239277E+01
5.634100E+01 1.351669E+00 1.239249E+01
5.644000E+01 1.352660E+00 1.239222E+01
5.653900E+01 1.353650E+00 1.239195E+01
5.663800E+01 1.354638E+00 1.239170E+01
5.673700E+01 1.355623E+00 1.239145E+01
5.683600E+01 1.356608E+00 1.239120E+01
5.693500E+01 1.357590E+00 1.239097E+01
5.703400E+01 1.358571E+00 1.239074E+01
5.713300E+01 1.359550E+00 1.239052E+01
5.723200E+01 1.360527E+00 1.239030E+01
5.733100E+01 1.361503E+00 1.239010E+01
5.743000E+01 1.362477E+00 1.238990E+01
5.752900E+01 1.363449E+00 1.238971E+01
5.762800E+01 1.364419E+00 1.238952E+01
5.772700E+01 1.365388E+00 1.238934E+01
5.782600E+01 1.366355E+00 1.238917E+01
5.792500E+01 1.367320E+00 1.238901E+01
5.802400E+01 1.368284E+00 1.238885E+01
5.812300E+01 1.369246E+00 1.238870E+01
5.822200E+01 1.370206E+00 1.238856E+01
5.832100E+01 1.371165E+00 1.238842E+01
5.842000E+01 1.372122E+00 1.238830E+01
5.851900E+01 1.373077E+00 1.238817E+01
5.861800E+01 1.374031E+00 1.238806E+01
5.871700E+01 1.374983E+00 1.238795E+01
5.881600E+01 1.375933E+00 1.238785E+01
5.891500E+01 1.376882E+00 1.238775E+01
5.901400E+01 1.377829E+00 1.238766E+01
5.911300E+01 1.378774E+00 1.238758E+01
5.921200E+01 1.379718E+00 1.238750E+01
5.931100E+01 1.380660E+00 1.238743E+01
5.941000E+01 1.381601E+00 1.238737E+01
5.950900E+01 1.382540E+00 1.238731E+01
5.960800E+01 1.383477E+00 1.238726E+01
5.970700E+01 1.384413E+00 1.238722E+01
5.980600E+01 1.385347E+00 1.238718E+01
5.990500E+01 1.386279E+00 1.238715E+01
6.000400E+01 1.387210E+00 1.238713E+01
6.010300E+01 1.388140E+00 1.238711E+01
6.020200E+01 1.389067E+00 1.238710E+01
6.030100E+01 1.389993E+00 1.238709E+01
6.040000E+01 1.390918E+00 1.238709E+01
6.049900E+01 1.391841E+00 1.238710E+01
6.059800E+01 1.392762E+00 1.238711E+01
6.069700E+01 1.393682E+00 1.238713E+01
6.079600E+01 1.394600E+00 1.238715E+01
6.089500E+01 1.395517E+00 1.238221E+01
6.099400E+01 1.396432E+00 1.238225E+01
6.109300E+01 1.397346E+00 1.238230E+01
6.119200E+01 1.398258E+00 1.238235E+01
6.129100E+01 1.399168E+00 1.238241E+01
6.139000E+01 1.400077E+00 1.238247E+01
6.148900E+01 1.400985E+00 1.238254E+01
6.158800E+01 1.401891E+00 1.238262E+01
6.168700E+01 1.402795E+00 1.238270E+01
6.178600E+01 1.403698E+00 1.238279E+01
6.188500E+01 1.404599E+00 1.238288E+01
6.198400E+01 1.405499E+00 1.238298E+01
6.208300E+01 1.406397E+00 1.238308E+01
6.218200E+01 1.407294E+00 1.238319E+01
6.228100E+01 1.408189E+00 1.238330E+01
6.238000E+01 1.409083E+00 1.238342E+01
6.247900E+01 1.409975E+00 1.238355E+01
6.257800E+01 1.410866E+00 1.238368E+01
6.267700E+01 1.411755E+00 1.238382E+01
6.277600E+01 1.412643E+00 1.237908E+01
6.287500E+01 1.413529E+00 1.237924E+01
6.297400E+01 1.414414E+00 1.237939E+01
6.307300E+01 1.415298E+00 1.237955E+01
6.317200E+01 1.416180E+00 1.237972E+01
6.327100E+01 1.417060E+00 1.237990E+01
6.337000E+01 1.417939E+00 1.238007E+01
6.346900E+01 1.418817E+00 1.238026E+01
6.356800E+01 1.419693E+00 1.238044E+01
6.366700E+01 1.420567E+00 1.238064E+01
6.376600E+01 1.421440E+00 1.238084E+01
6.386500E+01 1.422312E+00 1.238104E+01
6.396400E+01 1.423182E+00 1.238125E+01
6.406300E+01 1.424051E+00 1.237665E+01
6.416200E+01 1.424919E+00 1.237687E+01
6.426100E+01 1.425785E+00 1.237710E+01
6.436000E+01 1.426649E+00 1.237733E+01
6.445900E+01 1.427512E+00 1.237757E+01
6.455800E+01 1.428374E+00 1.237781E+01
6.465700E+01 1.429234E+00 1.237806E+01
6.475600E+01 1.430093E+00 1.237831E+01
6.485500E+01 1.430951E+00 1.237857E+01
6.495400E+01 1.431807E+00 1.237883E+01
6.505300E+01 1.432662E+00 1.237910E+01
6.515200E+01 1.433515E+00 1.237461E+01
6.525100E+01 1.434367E+00 1.237489E+01
6.535000E+01 1.435217E+00 1.237517E+01
6.544900E+01 1.436066E+00 1.237546E+01
6.554800E+01 1.436914E+00 1.237576E+01
6.564700E+01 1.437760E+00 1.237606E+01
6.574600E+01 1.438605E+00 1.237636E+01
6.584500E+01 1.439449E+00 1.237667E+01
6.594400E+01 1.440291E+00 1.237698E+01
6.604300E+01 1.441132E+00 1.237730E+01
6.614200E+01 1.441972E+00 1.237290E+01
6.624100E+01 1.442810E+00 1.237323E+01
6.634000E+01 1.443647E+00 1.237357E+01
6.643900E+01 1.444482E+00 1.237391E+01
6.653800E+01 1.445316E+00 1.237425E+01
6.663700E+01 1.446149E+00 1.237460E+01
6.673600E+01 1.446980E+00 1.237495E+01
6.683500E+01 1.447810E+00 1.237531E+01
6.693400E+01 1.448639E+00 1.237098E+01
6.703300E+01 1.449466E+00 1.237135E+01
6.713200E+01 1.450292E+00 1.237173E+01
6.723100E+01 1.451117E+00 1.237210E+01
6.733000E+01 1.451941E+00 1.237249E+01
6.742900E+01 1.452763E+00 1.237287E+01
6.752800E+01 1.453583E+00 1.237326E+01
6.762700E+01 1.454403E+00 1.237366E+01
6.772600E+01 1.455221E+00 1.236941E+01
6.782500E+01 1.456038E+00 1.236981E+01
6.792400E+01 1.456853E+00 1.237022E+01
6.802300E+01 1.457668E+00 1.237064E+01
6.812200E+01 1.458481E+00 1.237106E+01
6.822100E+01 1.459292E+00 1.237148E+01
6.832000E+01 1.460103E+00 1.237191E+01
6.841900E+01 1.460912E+00 1.236772E+01
6.851800E+01 1.461720E+00 1.236816E+01
6.861700E+01 1.462526E+00 1.236860E+01
6.871600E+01 1.463331E+00 1.236905E+01
6.881500E+01 1.464135E+00 1.236950E+01
6.891400E+01 1.464938E+00 1.236995E+01
6.901300E+01 1.465739E+00 1.237041E+01
6.911200E+01 1.466539E+00 1.236628E+01
6.921100E+01 1.467338E+00 1.236675E+01
6.931000E+01 1.468136E+00 1.236722E+01
6.940900E+01 1.468932E+00 1.236770E+01
6.950800E+01 1.469727E+00 1.236818E+01
6.960700E+01 1.470521E+00 1.236867E+01
6.970600E+01 1.471314E+00 1.236915E+01
6.980500E+01 1.472105E+00 1.236508E+01
6.990400E+01 1.472895E+00 1.236558E+01
7.000300E+01 1.473684E+00 1.236609E+01
7.010200E+01 1.474472E+00 1.236659E+01
7.020100E+01 1.475258E+00 1.236710E+01
7.030000E+01 1.476044E+00 1.236762E+01
7.039900E+01 1.476827E+00 1.236360E+01
7.049800E+01 1.477610E+00 1.236412E+01
7.059700E+01 1.478392E+00 1.236465E+01
7.069600E+01 1.479172E+00 1.236518E+01
7.079500E+01 1.479951E+00 1.236572E+01
7.089400E+01 1.480729E+00 1.236626E+01
7.099300E+01 1.481506E+00 1.236228E+01
7.109200E+01 1.482281E+00 1.236283E+01
7.119100E+01 1.483055E+00 1.236339E+01
7.129000E+01 1.483828E+00 1.236394E+01
7.138900E+01 1.484600E+00 1.236450E+01
7.148800E+01 1.485371E+00 1.236057E+01
7.158700E+01 1.486140E+00 1.236114E+01
7.168600E+01 1.486908E+00 1.236171E+01
7.178500E+01 1.487675E+00 1.236229E+01
7.188400E+01 1.488441E+00 1.236287E+01
7.198300E+01 1.489206E+00 1.236346E+01
7.208200E+01 1.489970E+00 1.235957E+01
7.218100E+01 1.490732E+00 1.236016E+01
7.228000E+01 1.491493E+00 1.236076E+01
7.237900E+01 1.492253E+00 1.236136E+01
7.247800E+01 1.493012E+00 1.236197E+01
7.257700E+01 1.493770E+00 1.235812E+01
7.267600E+01 1.494526E+00 1.235873E+01
7.277500E+01 1.495281E+00 1.235935E+01
7.287400E+01 1.496036E+00 1.235997E+01
7.297300E+01 1.496789E+00 1.236059E+01
7.307200E+01 1.497540E+00 1.235678E+01
7.317100E+01 1.498291E+00 1.235741E+01
7.327000E+01 1.499041E+00 1.235805E+01
7.336900E+01 1.499789E+00 1.235869E+01
7.346800E+01 1.500536E+00 1.235933E+01
7.356700E+01 1.501283E+00 1.235556E+01
7.366600E+01 1.502028E+00 1.235621E+01
7.376500E+01 1.502771E+00 1.235686E+01
7.386400E+01 1.503514E+00 1.235752E+01
7.396300E+01 1.504256E+00 1.235818E+01
7.406200E+01 1.504996E+00 1.235444E+01
7.416100E+01 1.505736E+00 1.235511E+01
7.426000E+01 1.506474E+00 1.235579E+01
7.435900E+01 1.507211E+00 1.235646E+01
7.445800E+01 1.507947E+00 1.235714E+01
7.455700E+01 1.508682E+00 1.235344E+01
7.465600E+01 1.509416E+00 1.235413E+01
7.475500E+01 1.510148E+00 1.235482E+01
7.485400E+01 1.510880E+00 1.235551E+01
7.495300E+01 1.511610E+00 1.235184E+01
7.505200E+01 1.512340E+00 1.235254E+01
7.515100E+01 1.513068E+00 1.235325E+01
7.525000E+01 1.513795E+00 1.235396E+01
7.534900E+01 1.514521E+00 1.235467E+01
7.544800E+01 1.515246E+00 1.235103E+01
7.554700E+01 1.515970E+00 1.235175E+01
7.564600E+01 1.516693E+00 1.235248E+01
7.574500E+01 1.517415E+00 1.235320E+01
7.584400E+01 1.518135E+00 1.234959E+01
7.594300E+01 1.518855E+00 1.235033E+01
7.604200E+01 1.519573E+00 1.235106E+01
7.614100E+01 1.520291E+00 1.235180E+01
7.624000E+01 1.521007E+00 1.235254E+01
7.633900E+01 1.521722E+00 1.234897E+01
7.643800E+01 1.522437E+00 1.234972E+01
7.653700E+01 1.523150E+00 1.235047E+01
7.663600E+01 1.523862E+00 1.235123E+01
7.673500E+01 1.524573E+00 1.234768E+01
7.683400E+01 1.525283E+00 1.234845E+01
7.693300E+01 1.525992E+00 1.234921E+01
7.703200E+01 1.526699E+00 1.234998E+01
7.713100E+01 1.527406E+00 1.234646E+01
7.723000E+01 1.528112E+00 1.234724E+01
7.732900E+01 1.528817E+00 1.234802E+01
7.742800E+01 1.529520E+00 1.234880E+01
7.752700E+01 1.530223E+00 1.234531E+01
7.762600E+01 1.530925E+00 1.234610E+01
7.772500E+01 1.531625E+00 1.234689E+01
7.782400E+01 1.532325E+00 1.234769E+01
7.792300E+01 1.533023E+00 1.234422E+01
7.802200E+01 1.533721E+00 1.234502E+01
7.812100E+01 1.534417E+00 1.234583E+01
7.822000E+01 1.535112E+00 1.234664E+01
7.831900E+01 1.535807E+00 1.234319E+01
7.841800E+01 1.536500E+00 1.234401E+01
7.851700E+01 1.537192E+00 1.234483E+01
7.861600E+01 1.537884E+00 1.234565E+01
7.871500E+01 1.538574E+00 1.234223E+01
7.881400E+01 1.539263E+00 1.234306E+01
7.891300E+01 1.539952E+00 1.234389E+01
7.901200E+01 1.540639E+00 1.234473E+01
7.911100E+01 1.541325E+00 1.234134E+01
7.921000E+01 1.542010E+00 1.234218E+01
7.930900E+01 1.542695E+00 1.234302E+01
7.940800E+01 1.543378E+00 1.233965E+01
7.950700E+01 1.544060E+00 1.234050E+01
7.960600E+01 1.544741E+00 1.234135E+01
7.970500E+01 1.545422E+00 1.234221E+01
7.980400E+01 1.546101E+00 1.233886E+01
7.990300E+01 1.546779E+00 1.233972E+01
8.000200E+01 1.547457E+00 1.234059E+01
8.010100E+01 1.548133E+00 1.234145E+01
8.020000E+01 1.548808E+00 1.233813E+01
8.029900E+01 1.549483E+00 1.233901E+01
8.039800E+01 1.550156E+00 1.233988E+01
8.049700E+01 1.550829E+00 1.233658E+01
8.059600E+01 1.551500E+00 1.233746E+01
8.069500E+01 1.552170E+00 1.233835E+01
8.079400E+01 1.552840E+00 1.233924E+01
8.089300E+01 1.553509E+00 1.233596E+01
8.099200E+01 1.554176E+00 1.233685E+01
8.109100E+01 1.554843E+00 1.233775E+01
8.119000E+01 1.555508E+00 1.233865E+01
8.128900E+01 1.556173E+00 1.233539E+01
8.138800E+01 1.556837E+00 1.233630E+01
8.148700E+01 1.557500E+00 1.233720E+01
8.158600E+01 1.558161E+00 1.233397E+01
8.168500E+01 1.558822E+00 1.233488E+01
8.178400E+01 1.559482E+00 1.233580E+01
8.188300E+01 1.560141E+00 1.233258E+01
8.198200E+01 1.560799E+00 1.233350E+01
8.208100E+01 1.561456E+00 1.233443E+01
8.218000E+01 1.562113E+00 1.233535E+01
8.227900E+01 1.562768E+00 1.233216E+01
8.237800E+01 1.563422E+00 1.233309E+01
8.247700E+01 1.564075E+00 1.233403E+01
8.257600E+01 1.564728E+00 1.233085E+01
8.267500E+01 1.565379E+00 1.233179E+01
8.277400E+01 1.566030E+00 1.233274E+01
8.287300E+01 1.566680E+00 1.233368E+01
8.297200E+01 1.567328E+00 1.233053E+01
8.307100E+01 1.567976E+00 1.233148E+01
8.317000E+01 1.568623E+00 1.233243E+01
8.326900E+01 1.569269E+00 1.232929E+01
8.336800E+01 1.569914E+00 1.233026E+01
8.346700E+01 1.570558E+00 1.233122E+01
8.356600E+01 1.571201E+00 1.232810E+01
8.366500E+01 1.571843E+00 1.232907E+01
8.376400E+01 1.572485E+00 1.233004E+01
8.386300E+01 1.573125E+00 1.232693E+01
8.396200E+01 1.573765E+00 1.232791E+01
8.406100E+01 1.574404E+00 1.232889E+01
8.416000E+01 1.575041E+00 1.232987E+01
8.425900E+01 1.575678E+00 1.232679E+01
8.435800E+01 1.576314E+00 1.232777E+01
8.445700E+01 1.576949E+00 1.232876E+01
8.455600E+01 1.577583E+00 1.232570E+01
8.465500E+01 1.578217E+00 1.232669E+01
8.475400E+01 1.578849E+00 1.232769E+01
8.485300E+01 1.579481E+00 1.232464E+01
8.495200E+01 1.580111E+00 1.232564E+01
8.505100E+01 1.580741E+00 1.232665E+01
8.515000E+01 1.581370E+00 1.232361E+01
8.524900E+01 1.581998E+00 1.232462E+01
8.534800E+01 1.582625E+00 1.232563E+01
8.544700E+01 1.583251E+00 1.232262E+01
8.554600E+01 1.583876E+00 1.232363E+01
8.564500E+01 1.584501E+00 1.232465E+01
8.574400E+01 1.585124E+00 1.232165E+01
8.584300E+01 1.585747E+00 1.232268E+01
8.594200E+01 1.586369E+00 1.232371E+01
8.604100E+01 1.586990E+00 1.232072E+01
8.614000E+01 1.587610E+00 1.232175E+01
8.623900E+01 1.588229E+00 1.232279E+01
8.633800E+01 1.588848E+00 1.231982E+01
8.643700E+01 1.589465E+00 1.232086E+01
8.653600E+01 1.590082E+00 1.232190E+01
8.663500E+01 1.590698E+00 1.231894E+01
8.673400E+01 1.591313E+00 1.231999E+01
8.683300E+01 1.591927E+00 1.232104E+01
8.693200E+01 1.592540E+00 1.231810E+01
8.703100E+01 1.593153E+00 1.231916E+01
8.713000E+01 1.593764E+00 1.232021E+01
8.722900E+01 1.594375E+00 1.231729E+01
8.732800E+01 1.594985E+00 1.231835E+01
8.742700E+01 1.595594E+00 1.231942E+01
8.752600E+01 1.596202E+00 1.231651E+01
8.762500E+01 1.596809E+00 1.231757E+01
8.772400E+01 1.597416E+00 1.231865E+01
8.782300E+01 1.598022E+00 1.231575E+01
8.792200E+01 1.598626E+00 1.231683E+01
8.802100E+01 1.599230E+00 1.231791E+01
8.812000E+01 1.599834E+00 1.231503E+01
8.821900E+01 1.600436E+00 1.231611E+01
8.831800E+01 1.601037E+00 1.231324E+01
8.841700E+01 1.601638E+00 1.231433E+01
8.851600E+01 1.602238E+00 1.231542E+01
8.861500E+01 1.602837E+00 1.231256E+01
8.871400E+01 1.603435E+00 1.231366E+01
8.881300E+01 1.604033E+00 1.231476E+01
8.891200E+01 1.604629E+00 1.231192E+01
8.901100E+01 1.605225E+00 1.231302E+01
8.911000E+01 1.605820E+00 1.231412E+01
8.920900E+01 1.606414E+00 1.231130E+01
8.930800E+01 1.607008E+00 1.231240E+01
8.940700E+01 1.607600E+00 1.231351E+01
8.950600E+01 1.608192E+00 1.231070E+01
8.960500E+01 1.608783E+00 1.231182E+01
8.970400E+01 1.609373E+00 1.230902E+01
8.980300E+01 1.609962E+00 1.231014E+01
8.990200E+01 1.610551E+00 1.231126E+01
9.000100E+01 1.611138E+00 1.230847E+01
9.010000E+01 1.611725E+00 1.230960E+01
9.019900E+01 1.612311E+00 1.231072E+01
9.029800E+01 1.612897E+00 1.230795E+01
9.039700E+01 1.613481E+00 1.230908E+01
9.049600E+01 1.614065E+00 1.230632E+01
9.059500E+01 1.614648E+00 1.230746E+01
9.069400E+01 1.615230E+00 1.230860E+01
9.079300E+01 1.615812E+00 1.230585E+01
9.089200E+01 1.616392E+00 1.230699E+01
9.099100E+01 1.616972E+00 1.230814E+01
9.109000E+01 1.617551E+00 1.230540E+01
9.118900E+01 1.618129E+00 1.230655E+01
9.128800E+01 1.618707E+00 1.230383E+01
9.138700E+01 1.619283E+00 1.230498E+01
9.148600E+01 1.619859E+00 1.230614E+01
9.158500E+01 1.620434E+00 1.230342E+01
9.168400E+01 1.621009E+00 1.230458E+01
9.178300E+01 1.621582E+00 1.230575E+01
9.188200E+01 1.622155E+00 1.230305E+01
9.198100E+01 1.622727E+00 1.230421E+01
9.208000E+01 1.623299E+00 1.230153E+01
9.217900E+01 1.623869E+00 1.230270E+01
9.227800E+01 1.624439E+00 1.230387E+01
9.237700E+01 1.625008E+00 1.230119E+01
9.247600E+01 1.625576E+00 1.230237E+01
9.257500E+01 1.626144E+00 1.229970E+01
9.267400E+01 1.626710E+00 1.230088E+01
9.277300E+01 1.627276E+00 1.230207E+01
9.287200E+01 1.627841E+00 1.229941E+01
9.297100E+01 1.628406E+00 1.230060E+01
9.307000E+01 1.628970E+00 1.229796E+01
9.316900E+01 1.629533E+00 1.229915E+01
9.326800E+01 1.630095E+00 1.230034E+01
9.336700E+01 1.630656E+00 1.229771E+01
9.346600E+01 1.631217E+00 1.229891E+01
9.356500E+01 1.631777E+00 1.229629E+01
9.366400E+01 1.632336E+00 1.229749E+01
9.376300E+01 1.632894E+00 1.229869E+01
9.386200E+01 1.633452E+00 1.229608E+01
9.396100E+01 1.634009E+00 1.229729E+01
9.406000E+01 1.634565E+00 1.229469E+01
9.415900E+01 1.635121E+00 1.229590E+01
9.425800E+01 1.635676E+00 1.229711E+01
9.435700E+01 1.636230E+00 1.229452E+01
9.445600E+01 1.636783E+00 1.229574E+01
9.455500E+01 1.637336E+00 1.229316E+01
9.465400E+01 1.637888E+00 1.229438E+01
9.475300E+01 1.638439E+00 1.229560E+01
9.485200E+01 1.638989E+00 1.229304E+01
9.495100E+01 1.639539E+00 1.229426E+01
9.505000E+01 1.640088E+00 1.229170E+01
9.514900E+01 1.640636E+00 1.229293E+01
9.524800E+01 1.641183E+00 1.229417E+01
9.534700E+01 1.641730E+00 1.229162E+01
9.544600E+01 1.642276E+00 1.229286E+01
9.554500E+01 1.642822E+00 1.229032E+01
9.564400E+01 1.643366E+00 1.229156E+01
9.574300E+01 1.643910E+00 1.228903E+01
9.584200E+01 1.644453E+00 1.229027E+01
9.594100E+01 1.644996E+00 1.229152E+01
9.604000E+01 1.645538E+00 1.228900E+01
9.613900E+01 1.646079E+00 1.229025E+01
9.623800E+01 1.646619E+00 1.228774E+01
9.633700E+01 1.647159E+00 1.228900E+01
9.643600E+01 1.647698E+00 1.229025E+01
9.653500E+01 1.648236E+00 1.228775E+01
9.663400E+01 1.648774E+00 1.228901E+01
9.673300E+01 1.649311E+00 1.228652E+01
9.683200E+01 1.649847E+00 1.228778E+01
9.693100E+01 1.650382E+00 1.228531E+01
9.703000E+01 1.650917E+00 1.228657E+01
9.712900E+01 1.651451E+00 1.228784E+01
9.722800E+01 1.651984E+00 1.228537E+01
9.732700E+01 1.652517E+00 1.228664E+01
9.742600E+01 1.653049E+00 1.228418E+01
9.752500E+01 1.653580E+00 1.228545E+01
9.762400E+01 1.654111E+00 1.228301E+01
9.772300E+01 1.654641E+00 1.228428E+01
9.782200E+01 1.655170E+00 1.228556E+01
9.792100E+01 1.655699E+00 1.228312E+01
9.802000E+01 1.656227E+00 1.228440E+01
9.811900E+01 1.656754E+00 1.228197E+01
9.821800E+01 1.657280E+00 1.228326E+01
9.831700E+01 1.657806E+00 1.228084E+01
9.841600E+01 1.658331E+00 1.228213E+01
9.851500E+01 1.658856E+00 1.227971E+01
9.861400E+01 1.659379E+00 1.228100E+01
9.871300E+01 1.659903E+00 1.228230E+01
9.881200E+01 1.660425E+00 1.227989E+01
9.891100E+01 1.660947E+00 1.228119E+01
9.901000E+01 1.661468E+00 1.227880E+01
9.910900E+01 1.661988E+00 1.228010E+01
9.920800E+01 1.662508E+00 1.227771E+01
9.930700E+01 1.663027E+00 1.227902E+01
9.940600E+01 1.663546E+00 1.228032E+01
9.950500E+01 1.664063E+00 1.227794E+01
9.960400E+01 1.664580E+00 1.227925E+01
9.970300E+01 1.665097E+00 1.227688E+01
9.980200E+01 1.665613E+00 1.227820E+01
9.990100E+01 1.666128E+00 1.227584E+01
1.000000E+02 1.666642E+00 1.227715E+01
1.009000E+02 1.671289E+00 1.227387E+01
1.018000E+02 1.675882E+00 1.227081E+01
1.027000E+02 1.680423E+00 1.226795E+01
1.036000E+02 1.684912E+00 1.226530E+01
1.045000E+02 1.689350E+00 1.225926E+01
1.054000E+02 1.693739E+00 1.225701E+01
1.063000E+02 1.698077E+00 1.225495E+01
1.072000E+02 1.702368E+00 1.225308E+01
1.081000E+02 1.706611E+00 1.224787E+01
1.090000E+02 1.710806E+00 1.224636E+01
1.099000E+02 1.714956E+00 1.224155E+01
1.108000E+02 1.719060E+00 1.223693E+01
1.117000E+02 1.723119E+00 1.223595E+01
1.126000E+02 1.727134E+00 1.223170E+01
1.135000E+02 1.731106E+00 1.222764E+01
1.144000E+02 1.735035E+00 1.222715E+01
1.153000E+02 1.738922E+00 1.222342E+01
1.162000E+02 1.742767E+00 1.221987E+01
1.171000E+02 1.746572E+00 1.221649E+01
1.180000E+02 1.750336E+00 1.221328E+01
1.189000E+02 1.754061E+00 1.221022E+01
1.198000E+02 1.757746E+00 1.220732E+01
1.207000E+02 1.761393E+00 1.220129E+01
1.216000E+02 1.765003E+00 1.219872E+01
1.225000E+02 1.768574E+00 1.219629E+01
1.234000E+02 1.772109E+00 1.219400E+01
1.243000E+02 1.775608E+00 1.218862E+01
1.252000E+02 1.779071E+00 1.218663E+01
1.261000E+02 1.782498E+00 1.218157E+01
1.270000E+02 1.785891E+00 1.217986E+01
1.279000E+02 1.789249E+00 1.217510E+01
1.288000E+02 1.792574E+00 1.217365E+01
1.297000E+02 1.795865E+00 1.216918E+01
1.306000E+02 1.799123E+00 1.216486E+01
1.315000E+02 1.802349E+00 1.216380E+01
1.324000E+02 1.805543E+00 1.215975E+01
1.333000E+02 1.808705E+00 1.215584E+01
1.342000E+02 1.811836E+00 1.215206E+01
1.351000E+02 1.814937E+00 1.214842E+01
1.360000E+02 1.818007E+00 1.214491E+01
1.369000E+02 1.821047E+00 1.214152E+01
1.378000E+02 1.824058E+00 1.213826E+01
1.387000E+02 1.827039E+00 1.213513E+01
1.396000E+02 1.829992E+00 1.213212E+01
1.405000E+02 1.832917E+00 1.212922E+01
1.414000E+02 1.835813E+00 1.212644E+01
1.423000E+02 1.838682E+00 1.212378E+01
1.432000E+02 1.841524E+00 1.211825E+01
1.441000E+02 1.844339E+00 1.211582E+01
1.450000E+02 1.847127E+00 1.211350E+01
1.459000E+02 1.849889E+00 1.210834E+01
1.468000E+02 1.852625E+00 1.210624E+01
1.477000E+02 1.855336E+00 1.210132E+01
1.486000E+02 1.858021E+00 1.209944E+01
1.495000E+02 1.860682E+00 1.209475E+01
1.504000E+02 1.863318E+00 1.209307E+01
1.513000E+02 1.865929E+00 1.208860E+01
1.522000E+02 1.868517E+00 1.208713E+01
1.531000E+02 1.871081E+00 1.208287E+01
1.540000E+02 1.873621E+00 1.207873E+01
1.549000E+02 1.876138E+00 1.207470E+01
1.558000E+02 1.878633E+00 1.207361E+01
1.567000E+02 1.881105E+00 1.206978E+01
1.576000E+02 1.883554E+00 1.206605E+01
1.585000E+02 1.885982E+00 1.206242E+01
1.594000E+02 1.888387E+00 1.205889E+01
1.603000E+02 1.890772E+00 1.205546E+01
1.612000E+02 1.893135E+00 1.205213E+01
1.621000E+02 1.895477E+00 1.204889E+01
1.630000E+02 1.897798E+00 1.204575E+01
1.639000E+02 1.900099E+00 1.204270E+01
1.648000E+02 1.902379E+00 1.203974E+01
1.657000E+02 1.904640E+00 1.203687E+01
1.666000E+02 1.906881E+00 1.203135E+01
1.675000E+02 1.909102E+00 1.202866E+01
1.684000E+02 1.911303E+00 1.202606E+01
1.693000E+02 1.913486E+00 1.202354E+01
1.702000E+02 1.915650E+00 1.201841E+01
1.711000E+02 1.917795E+00 1.201606E+01
1.720000E+02 1.919922E+00 1.201380E+01
1.729000E+02 1.922030E+00 1.200893E+01
1.738000E+02 1.924120E+00 1.200684E+01
1.747000E+02 1.926193E+00 1.200215E+01
1.756000E+02 1.928247E+00 1.200021E+01
1.765000E+02 1.930285E+00 1.199570E+01
1.774000E+02 1.932305E+00 1.199392E+01
1.783000E+02 1.934307E+00 1.198958E+01
1.792000E+02 1.936294E+00 1.198795E+01
1.801000E+02 1.938263E+00 1.198377E+01
1.810000E+02 1.940216E+00 1.197967E+01
1.819000E+02 1.942152E+00 1.197827E+01
1.828000E+02 1.944072E+00 1.197433E+01
1.837000E+02 1.945977E+00 1.197047E+01
1.846000E+02 1.947865E+00 1.196669E+01
1.855000E+02 1.949738E+00 1.196299E+01
1.864000E+02 1.951596E+00 1.196194E+01
1.873000E+02 1.953438E+00 1.195839E+01
1.882000E+02 1.955264E+00 1.195492E+01
1.891000E+02 1.957076E+00 1.195151E+01
1.900000E+02 1.958873E+00 1.194819E+01
1.909000E+02 1.960656E+00 1.194493E+01
1.918000E+02 1.962424E+00 1.194175E+01
1.927000E+02 1.964177E+00 1.193863E+01
1.936000E+02 1.965917E+00 1.193559E+01
1.945000E+02 1.967642E+00 1.193262E+01
1.954000E+02 1.969353E+00 1.192971E+01
1.963000E+02 1.971051E+00 1.192687E+01
1.972000E+02 1.972734E+00 1.192160E+01
1.981000E+02 1.974405E+00 1.191890E+01
1.990000E+02 1.976062E+00 1.191627E+01
1.999000E+02 1.977705E+00 1.191370E+01
2.008000E+02 1.979336E+00 1.190872E+01
2.017000E+02 1.980954E+00 1.190628E+01
2.026000E+02 1.982559E+00 1.190390E+01
2.035000E+02 1.984151E+00 1.190159E+01
2.044000E+02 1.985730E+00 1.189688E+01
2.053000E+02 1.987297E+00 1.189469E+01
2.062000E+02 1.988852E+00 1.189012E+01
2.071000E+02 1.990395E+00 1.188805E+01
2.080000E+02 1.991925E+00 1.188362E+01
2.089000E+02 1.993444E+00 1.188167E+01
2.098000E+02 1.994950E+00 1.187736E+01
2.107000E+02 1.996445E+00 1.187553E+01
2.116000E+02 1.997929E+00 1.187135E+01
2.125000E+02 1.999401E+00 1.186963E+01
2.134000E+02 2.000861E+00 1.186557E+01
2.143000E+02 2.002310E+00 1.186397E+01
2.152000E+02 2.003748E+00 1.186003E+01
2.161000E+02 2.005175E+00 1.185615E+01
2.170000E+02 2.006591E+00 1.185471E+01
2.179000E+02 2.007996E+00 1.185096E+01
2.188000E+02 2.009390E+00 1.184726E+01
2.197000E+02 2.010774E+00 1.184362E+01
2.206000E+02 2.012147E+00 1.184239E+01
2.215000E+02 2.013510E+00 1.183887E+01
2.224000E+02 2.014862E+00 1.183540E+01
2.233000E+02 2.016204E+00 1.183199E+01
2.242000E+02 2.017536E+00 1.182863E+01
2.251000E+02 2.018858E+00 1.182533E+01
2.260000E+02 2.020170E+00 1.182441E+01
2.269000E+02 2.021472E+00 1.182121E+01
2.278000E+02 2.022764E+00 1.181807E+01
2.287000E+02 2.024047E+00 1.181499E+01
2.296000E+02 2.025320E+00 1.181195E+01
2.305000E+02 2.026583E+00 1.180897E+01
2.314000E+02 2.027837E+00 1.180604E+01
2.323000E+02 2.029082E+00 1.180316E+01
2.332000E+02 2.030318E+00 1.180033E+01
2.341000E+02 2.031544E+00 1.179527E+01
2.350000E+02 2.032761E+00 1.179255E+01
2.359000E+02 2.033969E+00 1.178987E+01
2.368000E+02 2.035168E+00 1.178725E+01
2.377000E+02 2.036359E+00 1.178467E+01
2.386000E+02 2.037540E+00 1.178214E+01
2.395000E+02 2.038713E+00 1.177740E+01
2.404000E+02 2.039877E+00 1.177497E+01
2.413000E+02 2.041033E+00 1.177259E+01
2.422000E+02 2.042180E+00 1.177025E+01
2.431000E+02 2.043319E+00 1.176572E+01
2.440000E+02 2.044450E+00 1.176347E+01
2.449000E+02 2.045572E+00 1.176127E+01
2.458000E+02 2.046687E+00 1.175689E+01
2.467000E+02 2.047793E+00 1.175478E+01
2.476000E+02 2.048891E+00 1.175271E+01
2.485000E+02 2.049981E+00 1.174848E+01
2.494000E+02 2.051063E+00 1.174650E+01
2.503000E+02 2.052138E+00 1.174237E+01
2.512000E+02 2.053204E+00 1.174048E+01
2.521000E+02 2.054263E+00 1.173863E+01
2.530000E+02 2.055315E+00 1.173463E+01
2.539000E+02 2.056358E+00 1.173287E+01
2.548000E+02 2.057395E+00 1.172896E+01
2.557000E+02 2.058424E+00 1.172510E+01
2.566000E+02 2.059445E+00 1.172347E+01
2.575000E+02 2.060460E+00 1.171970E+01
2.584000E+02 2.061467E+00 1.171814E+01
2.593000E+02 2.062466E+00 1.171446E+01
2.602000E+02 2.063459E+00 1.171082E+01
2.611000E+02 2.064445E+00 1.170939E+01
2.620000E+02 2.065424E+00 1.170584E+01
2.629000E+02 2.066395E+00 1.170233E+01
2.638000E+02 2.067360E+00 1.170101E+01
2.647000E+02 2.068318E+00 1.169759E+01
2.656000E+02 2.069270E+00 1.169421E+01
2.665000E+02 2.070214E+00 1.169301E+01
2.674000E+02 2.071152E+00 1.168971E+01
2.683000E+02 2.072083E+00 1.168645E+01
2.692000E+02 2.073008E+00 1.168324E+01
2.701000E+02 2.073927E+00 1.168006E+01
2.710000E+02 2.074838E+00 1.167905E+01
2.719000E+02 2.075744E+00 1.167595E+01
2.728000E+02 2.076643E+00 1.167289E+01
2.737000E+02 2.077536E+00 1.166988E+01
2.746000E+02 2.078423E+00 1.166690E+01
2.755000E+02 2.079303E+00 1.166396E+01
2.764000E+02 2.080177E+00 1.166106E+01
2.773000E+02 2.081046E+00 1.165820E+01
2.782000E+02 2.081908E+00 1.165538E+01
2.791000E+02 2.082764E+00 1.165259E+01
2.800000E+02 2.083614E+00 1.164984E+01
2.809000E+02 2.084459E+00 1.164713E+01
2.818000E+02 2.085297E+00 1.164446E+01
2.827000E+02 2.086130E+00 1.164182E+01
2.836000E+02 2.086957E+00 1.163922E+01
2.845000E+02 2.087779E+00 1.163666E+01
2.854000E+02 2.088594E+00 1.163413E+01
2.863000E+02 2.089404E+00 1.163163E+01
2.872000E+02 2.090209E+00 1.162917E+01
2.881000E+02 2.091008E+00 1.162675E+01
2.890000E+02 2.091801E+00 1.162436E+01
2.899000E+02 2.092589E+00 1.161996E+01
2.908000E+02 2.093372E+00 1.161764E+01
2.917000E+02 2.094149E+00 1.161535E+01
2.926000E+02 2.094921E+00 1.161310E+01
2.935000E+02 2.095688E+00 1.161089E+01
2.944000E+02 2.096449E+00 1.160667E+01
2.953000E+02 2.097206E+00 1.160452E+01
2.962000E+02 2.097957E+00 1.160240E+01
2.971000E+02 2.098703E+00 1.160032E+01
2.980000E+02 2.099444E+00 1.159624E+01
2.989000E+02 2.100180E+00 1.159422E+01
2.998000E+02 2.100911E+00 1.159224E+01
3.007000E+02 2.101636E+00 1.158827E+01
3.016000E+02 2.102358E+00 1.158635E+01
3.025000E+02 2.103074E+00 1.158445E+01
3.034000E+02 2.103785E+00 1.158059E+01
3.043000E+02 2.104491E+00 1.157876E+01
3.052000E+02 2.105193E+00 1.157497E+01
3.061000E+02 2.105890E+00 1.157320E+01
3.070000E+02 2.106583E+00 1.156947E+01
3.079000E+02 2.107270E+00 1.156777E+01
3.088000E+02 2.107953E+00 1.156609E+01
3.097000E+02 2.108632E+00 1.156246E+01
3.106000E+02 2.109305E+00 1.156085E+01
3.115000E+02 2.109975E+00 1.155728E+01
3.124000E+02 2.110639E+00 1.155573E+01
3.133000E+02 2.111300E+00 1.155223E+01
3.142000E+02 2.111956E+00 1.154876E+01
3.151000E+02 2.112607E+00 1.154729E+01
3.160000E+02 2.113254E+00 1.154389E+01
3.169000E+02 2.113897E+00 1.154247E+01
3.178000E+02 2.114536E+00 1.153913E+01
3.187000E+02 2.115170E+00 1.153778E+01
3.196000E+02 2.115800E+00 1.153450E+01
3.205000E+02 2.116426E+00 1.153125E+01
3.214000E+02 2.117047E+00 1.152997E+01
3.223000E+02 2.117665E+00 1.152678E+01
3.232000E+02 2.118278E+00 1.152363E+01
3.241000E+02 2.118888E+00 1.152244E+01
3.250000E+02 2.119493E+00 1.151934E+01
3.259000E+02 2.120094E+00 1.151627E+01
3.268000E+02 2.120691E+00 1.151516E+01
3.277000E+02 2.121284E+00 1.151214E+01
3.286000E+02 2.121874E+00 1.150916E+01
3.295000E+02 2.122459E+00 1.150621E+01
3.304000E+02 2.123041E+00 1.150328E+01
3.313000E+02 2.123618E+00 1.150230E+01
3.322000E+02 2.124192E+00 1.149943E+01
3.331000E+02 2.124762E+00 1.149659E+01
3.340000E+02 2.125328E+00 1.149378E+01
3.349000E+02 2.125891E+00 1.149099E+01
3.358000E+02 2.126449E+00 1.149014E+01
3.367000E+02 2.127004E+00 1.148741E+01
3.376000E+02 2.127556E+00 1.148471E+01
3.385000E+02 2.128104E+00 1.148203E+01
3.394000E+02 2.128648E+00 1.147938E+01
3.403000E+02 2.129188E+00 1.147676E+01
3.412000E+02 2.129725E+00 1.147417E+01
3.421000E+02 2.130258E+00 1.147160E+01
3.430000E+02 2.130788E+00 1.146906E+01
3.439000E+02 2.131315E+00 1.146654E+01
3.448000E+02 2.131838E+00 1.146405E+01
3.457000E+02 2.132357E+00 1.146159E+01
3.466000E+02 2.132873E+00 1.145915E+01
3.475000E+02 2.133386E+00 1.145674E+01
3.484000E+02 2.133895E+00 1.145435E+01
3.493000E+02 2.134401E+00 1.145199E+01
3.502000E+02 2.134903E+00 1.144966E+01
3.511000E+02 2.135403E+00 1.144734E+01
3.520000E+02 2.135899E+00 1.144506E+01
3.529000E+02 2.136391E+00 1.144280E+01
3.538000E+02 2.136881E+00 1.144056E+01
3.547000E+02 2.137367E+00 1.143835E+01
3.556000E+02 2.137850E+00 1.143616E+01
3.565000E+02 2.138330E+00 1.143399E+01
3.574000E+02 2.138807E+00 1.143185E+01
3.583000E+02 2.139280E+00 1.142974E+01
3.592000E+02 2.139751E+00 1.142580E+01
3.601000E+02 2.140218E+00 1.142373E+01
3.610000E+02 2.140683E+00 1.142168E+01
3.619000E+02 2.141144E+00 1.141966E+01
3.628000E+02 2.141602E+00 1.141767E+01
3.637000E+02 2.142057E+00 1.141569E+01
3.646000E+02 2.142510E+00 1.141190E+01
3.655000E+02 2.142959E+00 1.140997E+01
3.664000E+02 2.143405E+00 1.140807E+01
3.673000E+02 2.143848E+00 1.140618E+01
3.682000E+02 2.144289E+00 1.140250E+01
3.691000E+02 2.144727E+00 1.140066E+01
3.700000E+02 2.145161E+00 1.139884E+01
3.709000E+02 2.145593E+00 1.139705E+01
3.718000E+02 2.146022E+00 1.139346E+01
3.727000E+02 2.146448E+00 1.139171E+01
3.736000E+02 2.146872E+00 1.138998E+01
3.745000E+02 2.147292E+00 1.138646E+01
3.754000E+02 2.147710E+00 1.138478E+01
3.763000E+02 2.148125E+00 1.138312E+01
3.772000E+02 2.148538E+00 1.137967E+01
3.781000E+02 2.148948E+00 1.137805E+01
3.790000E+02 2.149355E+00 1.137465E+01
3.799000E+02 2.149759E+00 1.137307E+01
3.808000E+02 2.150161E+00 1.137152E+01
3.817000E+02 2.150560E+00 1.136819E+01
3.826000E+02 2.150956E+00 1.136667E+01
3.835000E+02 2.151350E+00 1.136339E+01
3.844000E+02 2.151741E+00 1.136191E+01
3.853000E+02 2.152130E+00 1.136046E+01
3.862000E+02 2.152516E+00 1.135724E+01
3.871000E+02 2.152899E+00 1.135583E+01
3.880000E+02 2.153280E+00 1.135266E+01
3.889000E+02 2.153659E+00 1.135128E+01
3.898000E+02 2.154035E+00 1.134815E+01
3.907000E+02 2.154409E+00 1.134682E+01
3.916000E+02 2.154780E+00 1.134373E+01
3.925000E+02 2.155148E+00 1.134244E+01
3.934000E+02 2.155515E+00 1.133940E+01
3.943000E+02 2.155878E+00 1.133637E+01
3.952000E+02 2.156240E+00 1.133514E+01
3.961000E+02 2.156599E+00 1.133216E+01
3.970000E+02 2.156956E+00 1.133097E+01
3.979000E+02 2.157310E+00 1.132803E+01
3.988000E+02 2.157662E+00 1.132687E+01
3.997000E+02 2.158012E+00 1.132397E+01
4.006000E+02 2.158359E+00 1.132109E+01
4.015000E+02 2.158704E+00 1.132000E+01
4.024000E+02 2.159047E+00 1.131716E+01
4.033000E+02 2.159388E+00 1.131610E+01
4.042000E+02 2.159726E+00 1.131330E+01
4.051000E+02 2.160062E+00 1.131053E+01
4.060000E+02 2.160396E+00 1.130952E+01
4.069000E+02 2.160727E+00 1.130678E+01
4.078000E+02 2.161057E+00 1.130407E+01
4.087000E+02 2.161384E+00 1.130137E+01
4.096000E+02 2.161709E+00 1.130044E+01
4.105000E+02 2.162032E+00 1.129778E+01
4.114000E+02 2.162353E+00 1.129514E+01
4.123000E+02 2.162671E+00 1.129426E+01
4.132000E+02 2.162988E+00 1.129166E+01
4.141000E+02 2.163302E+00 1.128908E+01
4.150000E+02 2.163615E+00 1.128653E+01
4.159000E+02 2.163925E+00 1.128571E+01
4.168000E+02 2.164233E+00 1.128319E+01
4.177000E+02 2.164539E+00 1.128069E+01
4.186000E+02 2.164843E+00 1.127820E+01
4.195000E+02 2.165145E+00 1.127574E+01
4.204000E+02 2.165445E+00 1.127501E+01
4.213000E+02 2.165744E+00 1.127258E+01
4.222000E+02 2.166040E+00 1.127017E+01
4.231000E+02 2.166334E+00 1.126778E+01
4.240000E+02 2.166626E+00 1.126541E+01
4.249000E+02 2.166916E+00 1.126305E+01
4.258000E+02 2.167204E+00 1.126243E+01
4.267000E+02 2.167491E+00 1.126011E+01
4.276000E+02 2.167775E+00 1.125781E+01
4.285000E+02 2.168057E+00 1.125553E+01
4.294000E+02 2.168338E+00 1.125326E+01
4.303000E+02 2.168617E+00 1.125101E+01
4.312000E+02 2.168894E+00 1.124878E+01
4.321000E+02 2.169168E+00 1.124657E+01
4.330000E+02 2.169442E+00 1.124437E+01
4.339000E+02 2.169713E+00 1.124220E+01
4.348000E+02 2.169982E+00 1.124004E+01
4.357000E+02 2.170250E+00 1.123790E+01
4.366000E+02 2.170516E+00 1.123746E+01
4.375000E+02 2.170780E+00 1.123535E+01
4.384000E+02 2.171042E+00 1.123326E+01
4.393000E+02 2.171302E+00 1.123119E+01
4.402000E+02 2.171561E+00 1.122913E+01
4.411000E+02 2.171818E+00 1.122709E+01
4.420000E+02 2.172073E+00 1.122506E+01
4.429000E+02 2.172327E+00 1.122305E+01
4.438000E+02 2.172578E+00 1.122106E+01
4.447000E+02 2.172828E+00 1.121740E+01
4.456000E+02 2.173077E+00 1.121545E+01
4.465000E+02 2.173323E+00 1.121351E+01
4.474000E+02 2.173568E+00 1.121158E+01
4.483000E+02 2.173811E+00 1.120967E+01
4.492000E+02 2.174053E+00 1.120778E+01
4.501000E+02 2.174293E+00 1.120590E+01
4.510000E+02 2.174531E+00 1.120404E+01
4.519000E+02 2.174768E+00 1.120219E+01
4.528000E+02 2.175003E+00 1.120037E+01
4.537000E+02 2.175236E+00 1.119855E+01
4.546000E+02 2.175468E+00 1.119675E+01
4.555000E+02 2.175698E+00 1.119331E+01
4.564000E+02 2.175927E+00 1.119154E+01
4.573000E+02 2.176154E+00 1.118979E+01
4.582000E+02 2.176379E+00 1.118806E+01
4.591000E+02 2.176603E+00 1.118634E+01
4.600000E+02 2.176825E+00 1.118463E+01
4.609000E+02 2.177046E+00 1.118129E+01
4.618000E+02 2.177265E+00 1.117961E+01
4.627000E+02 2.177483E+00 1.117795E+01
4.636000E+02 2.177699E+00 1.117631E+01
4.645000E+02 2.177914E+00 1.117468E+01
4.654000E+02 2.178127E+00 1.117142E+01
4.663000E+02 2.178339E+00 1.116982E+01
4.672000E+02 2.178549E+00 1.116824E+01
4.681000E+02 2.178758E+00 1.116667E+01
4.690000E+02 2.178965E+00 1.116511E+01
4.699000E+02 2.179171E+00 1.116193E+01
4.708000E+02 2.179375E+00 1.116041E+01
4.717000E+02 2.179578E+00 1.115889E+01
4.726000E+02 2.179780E+00 1.115576E+01
4.735000E+02 2.179980E+00 1.115428E+01
4.744000E+02 2.180178E+00 1.115281E+01
4.753000E+02 2.180376E+00 1.115136E+01
4.762000E+02 2.180571E+00 1.114829E+01
4.771000E+02 2.180766E+00 1.114686E+01
4.780000E+02 2.180959E+00 1.114545E+01
4.789000E+02 2.181150E+00 1.114243E+01
4.798000E+02 2.181341E+00 1.114105E+01
4.807000E+02 2.181530E+00 1.113968E+01
4.816000E+02 2.181717E+00 1.113670E+01
4.825000E+02 2.181903E+00 1.113536E+01
4.834000E+02 2.182088E+00 1.113403E+01
4.843000E+02 2.182272E+00 1.113110E+01
4.852000E+02 2.182454E+00 1.112980E+01
4.861000E+02 2.182635E+00 1.112689E+01
4.870000E+02 2.182814E+00 1.112562E+01
4.879000E+02 2.182993E+00 1.112436E+01
4.888000E+02 2.183170E+00 1.112150E+01
4.897000E+02 2.183345E+00 1.112027E+01
4.906000E+02 2.183520E+00 1.111744E+01
4.915000E+02 2.183693E+00 1.111624E+01
4.924000E+02 2.183865E+00 1.111504E+01
4.933000E+02 2.184035E+00 1.111226E+01
4.942000E+02 2.184205E+00 1.111109E+01
4.951000E+02 2.184373E+00 1.110833E+01
4.960000E+02 2.184540E+00 1.110719E+01
4.969000E+02 2.184705E+00 1.110446E+01
4.978000E+02 2.184870E+00 1.110335E+01
4.987000E+02 2.185033E+00 1.110065E+01
4.996000E+02 2.185195E+00 1.109956E+01
5.005000E+02 2.185355E+00 1.109689E+01
5.014000E+02 2.185515E+00 1.109583E+01
5.023000E+02 2.185673E+00 1.109318E+01
5.032000E+02 2.185831E+00 1.109215E+01
5.041000E+02 2.185986E+00 1.108953E+01
5.050000E+02 2.186141E+00 1.108852E+01
5.059000E+02 2.186295E+00 1.108593E+01
5.068000E+02 2.186447E+00 1.108494E+01
5.077000E+02 2.186599E+00 1.108238E+01
5.086000E+02 2.186749E+00 1.108142E+01
5.095000E+02 2.186898E+00 1.107888E+01
5.104000E+02 2.187046E+00 1.107794E+01
5.113000E+02 2.187192E+00 1.107543E+01
5.122000E+02 2.187338E+00 1.107294E+01
5.131000E+02 2.187483E+00 1.107204E+01
5.140000E+02 2.187626E+00 1.106957E+01
5.149000E+02 2.187768E+00 1.106869E+01
5.158000E+02 2.187909E+00 1.106625E+01
5.167000E+02 2.188049E+00 1.106382E+01
5.176000E+02 2.188188E+00 1.106298E+01
5.185000E+02 2.188326E+00 1.106057E+01
5.194000E+02 2.188463E+00 1.105976E+01
5.203000E+02 2.188599E+00 1.105738E+01
5.212000E+02 2.188733E+00 1.105501E+01
5.221000E+02 2.188867E+00 1.105423E+01
5.230000E+02 2.189000E+00 1.105189E+01
5.239000E+02 2.189131E+00 1.104956E+01
5.248000E+02 2.189262E+00 1.104882E+01
5.257000E+02 2.189391E+00 1.104652E+01
5.266000E+02 2.189519E+00 1.104423E+01
5.275000E+02 2.189647E+00 1.104351E+01
5.284000E+02 2.189773E+00 1.104125E+01
5.293000E+02 2.189898E+00 1.103900E+01
5.302000E+02 2.190023E+00 1.103832E+01
5.311000E+02 2.190146E+00 1.103609E+01
5.320000E+02 2.190268E+00 1.103388E+01
5.329000E+02 2.190390E+00 1.103167E+01
5.338000E+02 2.190510E+00 1.103104E+01
5.347000E+02 2.190629E+00 1.102886E+01
5.356000E+02 2.190747E+00 1.102670E+01
5.365000E+02 2.190865E+00 1.102454E+01
5.374000E+02 2.190981E+00 1.102395E+01
5.383000E+02 2.191097E+00 1.102182E+01
5.392000E+02 2.191211E+00 1.101971E+01
5.401000E+02 2.191325E+00 1.101760E+01
5.410000E+02 2.191437E+00 1.101705E+01
5.419000E+02 2.191549E+00 1.101497E+01
5.428000E+02 2.191659E+00 1.101290E+01
5.437000E+02 2.191769E+00 1.101084E+01
5.446000E+02 2.191878E+00 1.100880E+01
5.455000E+02 2.191986E+00 1.100830E+01
5.464000E+02 2.192093E+00 1.100628E+01
5.473000E+02 2.192199E+00 1.100427E+01
5.482000E+02 2.192304E+00 1.100227E+01
5.491000E+02 2.192408E+00 1.100028E+01
5.500000E+02 2.192511E+00 1.099984E+01
5.509000E+02 2.192614E+00 1.099787E+01
5.518000E+02 2.192715E+00 1.099592E+01
5.527000E+02 2.192816E+00 1.099397E+01
5.536000E+02 2.192916E+00 1.099204E+01
5.545000E+02 2.193015E+00 1.099012E+01
5.554000E+02 2.193113E+00 1.098821E+01
5.563000E+02 2.193210E+00 1.098631E+01
5.572000E+02 2.193306E+00 1.098595E+01
5.581000E+02 2.193401E+00 1.098408E+01
5.590000E+02 2.193496E+00 1.098221E+01
5.599000E+02 2.193589E+00 1.098036E+01
5.608000E+02 2.193682E+00 1.097851E+01
5.617000E+02 2.193774E+00 1.097668E+01
5.626000E+02 2.193865E+00 1.097486E+01
5.635000E+02 2.193956E+00 1.097305E+01
5.644000E+02 2.194045E+00 1.097125E+01
5.653000E+02 2.194134E+00 1.096946E+01
5.662000E+02 2.194222E+00 1.096768E+01
5.671000E+02 2.194309E+00 1.096744E+01
5.680000E+02 2.194395E+00 1.096568E+01
5.689000E+02 2.194480E+00 1.096393E+01
5.698000E+02 2.194565E+00 1.096220E+01
5.707000E+02 2.194649E+00 1.096047E+01
5.716000E+02 2.194731E+00 1.095876E+01
5.725000E+02 2.194814E+00 1.095705E+01
5.734000E+02 2.194895E+00 1.095536E+01
5.743000E+02 2.194976E+00 1.095368E+01
5.752000E+02 2.195055E+00 1.095200E+01
5.761000E+02 2.195134E+00 1.095034E+01
5.770000E+02 2.195213E+00 1.094869E+01
5.779000E+02 2.195290E+00 1.094705E+01
5.788000E+02 2.195367E+00 1.094542E+01
5.797000E+02 2.195443E+00 1.094380E+01
5.806000E+02 2.195518E+00 1.094219E+01
5.815000E+02 2.195592E+00 1.094058E+01
5.824000E+02 2.195666E+00 1.093899E+01
5.833000E+02 2.195739E+00 1.093741E+01
5.842000E+02 2.195811E+00 1.093584E+01
5.851000E+02 2.195883E+00 1.093428E+01
5.860000E+02 2.195953E+00 1.093123E+01
5.869000E+02 2.196023E+00 1.092969E+01
5.878000E+02 2.196093E+00 1.092816E+01
5.887000E+02 2.196161E+00 1.092664E+01
5.896000E+02 2.196229E+00 1.092513E+01
5.905000E+02 2.196296E+00 1.092363E+01
5.914000E+02 2.196362E+00 1.092214E+01
5.923000E+02 2.196428E+00 1.092066E+01
5.932000E+02 2.196493E+00 1.091919E+01
5.941000E+02 2.196557E+00 1.091773E+01
5.950000E+02 2.196621E+00 1.091628E+01
5.959000E+02 2.196684E+00 1.091334E+01
5.968000E+02 2.196746E+00 1.091191E+01
5.977000E+02 2.196807E+00 1.091049E+01
5.986000E+02 2.196868E+00 1.090907E+01
5.995000E+02 2.196928E+00 1.090767E+01
6.004000E+02 2.196987E+00 1.090628E+01
6.013000E+02 2.197046E+00 1.090489E+01
6.022000E+02 2.197104E+00 1.090352E+01
6.031000E+02 2.197162E+00 1.090067E+01
6.040000E+02 2.197218E+00 1.089931E+01
6.049000E+02 2.197274E+00 1.089796E+01
6.058000E+02 2.197330E+00 1.089663E+01
6.067000E+02 2.197384E+00 1.089530E+01
6.076000E+02 2.197439E+00 1.089398E+01
6.085000E+02 2.197492E+00 1.089119E+01
6.094000E+02 2.197545E+00 1.088989E+01
6.103000E+02 2.197597E+00 1.088860E+01
6.112000E+02 2.197648E+00 1.088731E+01
6.121000E+02 2.197699E+00 1.088604E+01
6.130000E+02 2.197749E+00 1.088330E+01
6.139000E+02 2.197799E+00 1.088205E+01
6.148000E+02 2.197848E+00 1.088080E+01
6.157000E+02 2.197896E+00 1.087956E+01
6.166000E+02 2.197944E+00 1.087686E+01
6.175000E+02 2.197991E+00 1.087564E+01
6.184000E+02 2.198037E+00 1.087443E+01
6.193000E+02 2.198083E+00 1.087323E+01
6.202000E+02 2.198128E+00 1.087057E+01
6.211000E+02 2.198173E+00 1.086939E+01
6.220000E+02 2.198217E+00 1.086821E+01
6.229000E+02 2.198261E+00 1.086705E+01
6.238000E+02 2.198303E+00 1.086442E+01
6.247000E+02 2.198346E+00 1.086328E+01
6.256000E+02 2.198387E+00 1.086214E+01
6.265000E+02 2.198428E+00 1.086101E+01
6.274000E+02 2.198469E+00 1.085842E+01
6.283000E+02 2.198508E+00 1.085731E+01
6.292000E+02 2.198548E+00 1.085620E+01
6.301000E+02 2.198586E+00 1.085365E+01
6.310000E+02 2.198625E+00 1.085256E+01
6.319000E+02 2.198662E+00 1.085148E+01
6.328000E+02 2.198699E+00 1.084895E+01
6.337000E+02 2.198735E+00 1.084789E+01
6.346000E+02 2.198771E+00 1.084683E+01
6.355000E+02 2.198807E+00 1.084579E+01
6.364000E+02 2.198841E+00 1.084330E+01
6.373000E+02 2.198875E+00 1.084227E+01
6.382000E+02 2.198909E+00 1.083979E+01
6.391000E+02 2.198942E+00 1.083878E+01
6.400000E+02 2.198974E+00 1.083778E+01
6.409000E+02 2.199006E+00 1.083533E+01
6.418000E+02 2.199038E+00 1.083434E+01
6.427000E+02 2.199069E+00 1.083336E+01
6.436000E+02 2.199099E+00 1.083095E+01
6.445000E+02 2.199129E+00 1.082998E+01
6.454000E+02 2.199158E+00 1.082903E+01
6.463000E+02 2.199187E+00 1.082664E+01
6.472000E+02 2.199215E+00 1.082570E+01
6.481000E+02 2.199243E+00 1.082332E+01
6.490000E+02 2.199270E+00 1.082240E+01
6.499000E+02 2.199296E+00 1.082149E+01
6.508000E+02 2.199322E+00 1.081914E+01
6.517000E+02 2.199348E+00 1.081824E+01
6.526000E+02 2.199373E+00 1.081591E+01
6.535000E+02 2.199397E+00 1.081503E+01
6.544000E+02 2.199422E+00 1.081415E+01
6.553000E+02 2.199445E+00 1.081185E+01
6.562000E+02 2.199468E+00 1.081099E+01
6.571000E+02 2.199491E+00 1.080870E+01
6.580000E+02 2.199513E+00 1.080786E+01
6.589000E+02 2.199534E+00 1.080558E+01
6.598000E+02 2.199555E+00 1.080476E+01
6.607000E+02 2.199576E+00 1.080250E+01
6.616000E+02 2.199596E+00 1.080169E+01
6.625000E+02 2.199615E+00 1.079945E+01
6.634000E+02 2.199634E+00 1.079866E+01
6.643000E+02 2.199653E+00 1.079787E+01
6.652000E+02 2.199671E+00 1.079566E+01
6.661000E+02 2.199688E+00 1.079488E+01
6.670000E+02 2.199706E+00 1.079269E+01
6.679000E+02 2.199722E+00 1.079193E+01
6.688000E+02 2.199738E+00 1.078975E+01
6.697000E+02 2.199754E+00 1.078901E+01
6.706000E+02 2.199769E+00 1.078684E+01
6.715000E+02 2.199784E+00 1.078612E+01
6.724000E+02 2.199798E+00 1.078397E+01
6.733000E+02 2.199812E+00 1.078326E+01
6.742000E+02 2.199826E+00 1.078113E+01
6.751000E+02 2.199839E+00 1.078043E+01
6.760000E+02 2.199851E+00 1.077831E+01
6.769000E+02 2.199863E+00 1.077621E+01
6.778000E+02 2.199875E+00 1.077553E+01
6.787000E+02 2.199886E+00 1.077344E+01
6.796000E+02 2.199896E+00 1.077278E+01
6.805000E+02 2.199907E+00 1.077071E+01
6.814000E+02 2.199916E+00 1.077006E+01
6.823000E+02 2.199926E+00 1.076800E+01
6.832000E+02 2.199935E+00 1.076737E+01
6.841000E+02 2.199943E+00 1.076533E+01
6.850000E+02 2.199951E+00 1.076329E+01
6.859000E+02 2.199959E+00 1.076268E+01
6.868000E+02 2.199966E+00 1.076066E+01
6.877000E+02 2.199973E+00 1.076006E+01
6.886000E+02 2.199979E+00 1.075806E+01
6.895000E+02 2.199985E+00 1.075748E+01
6.904000E+02 2.199990E+00 1.075549E+01
6.913000E+02 2.199995E+00 1.075351E+01
6.922000E+02 2.200000E+00 1.075295E+01
6.931000E+02 2.200004E+00 1.075099E+01
6.940000E+02 2.200008E+00 1.074903E+01
6.949000E+02 2.200011E+00 1.074849E+01
6.958000E+02 2.200014E+00 1.074655E+01
6.967000E+02 2.200017E+00 1.074602E+01
6.976000E+02 2.200019E+00 1.074409E+01
6.985000E+02 2.200021E+00 1.074217E+01
6.994000E+02 2.200022E+00 1.074167E+01
7.003000E+02 2.200023E+00 1.073976E+01
7.012000E+02 2.200024E+00 1.073787E+01
7.021000E+02 2.200024E+00 1.073738E+01
7.030000E+02 2.200023E+00 1.073550E+01
7.039000E+02 2.200023E+00 1.073363E+01
7.048000E+02 2.200022E+00 1.073316E+01
7.057000E+02 2.200020E+00 1.073130E+01
7.066000E+02 2.200018E+00 1.072945E+01
7.075000E+02 2.200016E+00 1.072900E+01
7.084000E+02 2.200014E+00 1.072717E+01
7.093000E+02 2.200011E+00 1.072534E+01
7.102000E+02 2.200007E+00 1.072491E+01
7.111000E+02 2.200003E+00 1.072309E+01
7.120000E+02 2.199999E+00 1.072129E+01
7.129000E+02 2.199995E+00 1.072088E+01
7.138000E+02 2.199990E+00 1.071909E+01
7.147000E+02 2.199985E+00 1.071730E+01
7.156000E+02 2.199979E+00 1.071691E+01
7.165000E+02 2.199973E+00 1.071514E+01
7.174000E+02 2.199967E+00 1.071338E+01
7.183000E+02 2.199960E+00 1.071162E+01
7.192000E+02 2.199953E+00 1.071126E+01
7.201000E+02 2.199945E+00 1.070951E+01
7.210000E+02 2.199937E+00 1.070778E+01
7.219000E+02 2.199929E+00 1.070744E+01
7.228000E+02 2.199921E+00 1.070571E+01
7.237000E+02 2.199912E+00 1.070400E+01
7.246000E+02 2.199903E+00 1.070229E+01
7.255000E+02 2.199893E+00 1.070197E+01
7.264000E+02 2.199883E+00 1.070028E+01
7.273000E+02 2.199873E+00 1.069859E+01
7.282000E+02 2.199862E+00 1.069691E+01
7.291000E+02 2.199851E+00 1.069662E+01
7.300000E+02 2.199840E+00 1.069495E+01
7.309000E+02 2.199828E+00 1.069329E+01
7.318000E+02 2.199816E+00 1.069163E+01
7.327000E+02 2.199803E+00 1.068999E+01
7.336000E+02 2.199791E+00 1.068973E+01
7.345000E+02 2.199778E+00 1.068809E+01
7.354000E+02 2.199764E+00 1.068647E+01
7.363000E+02 2.199750E+00 1.068485E+01
7.372000E+02 2.199736E+00 1.068324E+01
7.381000E+02 2.199722E+00 1.068301E+01
7.390000E+02 2.199707E+00 1.068141E+01
7.399000E+02 2.199692E+00 1.067981E+01
7.408000E+02 2.199677E+00 1.067823E+01
7.417000E+02 2.199661E+00 1.067665E+01
7.426000E+02 2.199645E+00 1.067645E+01
7.435000E+02 2.199629E+00 1.067488E+01
7.444000E+02 2.199612E+00 1.067332E+01
7.453000E+02 2.199595E+00 1.067177E+01
7.462000E+02 2.199578E+00 1.067022E+01
7.471000E+02 2.199560E+00 1.066868E+01
7.480000E+02 2.199542E+00 1.066852E+01
7.489000E+02 2.199524E+00 1.066699E+01
7.498000E+02 2.199505E+00 1.066547E+01
7.507000E+02 2.199486E+00 1.066396E+01
7.516000E+02 2.199467E+00 1.066245E+01
7.525000E+02 2.199447E+00 1.066095E+01
7.534000E+02 2.199427E+00 1.065945E+01
7.543000E+02 2.199407E+00 1.065933E+01
7.552000E+02 2.199387E+00 1.065785E+01
7.561000E+02 2.199366E+00 1.065637E+01
7.570000E+02 2.199345E+00 1.065490E+01
7.579000E+02 2.199324E+00 1.065344E+01
7.588000E+02 2.199302E+00 1.065198E+01
7.597000E+02 2.199280E+00 1.065053E+01
7.606000E+02 2.199258E+00 1.064909E+01
7.615000E+02 2.199235E+00 1.064901E+01
7.624000E+02 2.199212E+00 1.064758E+01
7.633000E+02 2.199189E+00 1.064615E+01
7.642000E+02 2.199166E+00 1.064473E+01
7.651000E+02 2.199142E+00 1.064332E+01
7.660000E+02 2.199118E+00 1.064191E+01
7.669000E+02 2.199094E+00 1.064051E+01
7.678000E+02 2.199069E+00 1.063912E+01
7.687000E+02 2.199044E+00 1.063773E+01
7.696000E+02 2.199019E+00 1.063635E+01
7.705000E+02 2.198994E+00 1.063497E+01
7.714000E+02 2.198968E+00 1.063360E+01
7.723000E+02 2.198942E+00 1.063224E+01
7.732000E+02 2.198916E+00 1.063224E+01
7.741000E+02 2.198889E+00 1.063088E+01
7.750000E+02 2.198862E+00 1.062954E+01
7.759000E+02 2.198835E+00 1.062820E+01
7.768000E+02 2.198808E+00 1.062686E+01
7.777000E+02 2.198780E+00 1.062554E+01
7.786000E+02 2.198752E+00 1.062421E+01
7.795000E+02 2.198724E+00 1.062290E+01
7.804000E+02 2.198696E+00 1.062159E+01
7.813000E+02 2.198667E+00 1.062028E+01
7.822000E+02 2.198638E+00 1.061899E+01
7.831000E+02 2.198609E+00 1.061769E+01
7.840000E+02 2.198579E+00 1.061641E+01
7.849000E+02 2.198549E+00 1.061513E+01
7.858000E+02 2.198519E+00 1.061385E+01
7.867000E+02 2.198489E+00 1.061258E+01
7.876000E+02 2.198458E+00 1.061132E+01
7.885000E+02 2.198428E+00 1.061006E+01
7.894000E+02 2.198396E+00 1.060881E+01
7.903000E+02 2.198365E+00 1.060757E+01
7.912000E+02 2.198333E+00 1.060633E+01
7.921000E+02 2.198302E+00 1.060509E+01
7.930000E+02 2.198269E+00 1.060387E+01
7.939000E+02 2.198237E+00 1.060264E+01
7.948000E+02 2.198204E+00 1.060143E+01
7.957000E+02 2.198172E+00 1.060022E+01
7.966000E+02 2.198138E+00 1.059901E+01
7.975000E+02 2.198105E+00 1.059781E+01
7.984000E+02 2.198072E+00 1.059662E+01
7.993000E+02 2.198038E+00 1.059543E+01
8.002000E+02 2.198004E+00 1.059425E+01
8.011000E+02 2.197969E+00 1.059307E+01
8.020000E+02 2.197935E+00 1.059190E+01
8.029000E+02 2.197900E+00 1.059073E+01
8.038000E+02 2.197865E+00 1.058957E+01
8.047000E+02 2.197829E+00 1.058708E+01
8.056000E+02 2.197794E+00 1.058593E+01
8.065000E+02 2.197758E+00 1.058479E+01
8.074000E+02 2.197722E+00 1.058365E+01
8.083000E+02 2.197686E+00 1.058252E+01
8.092000E+02 2.197649E+00 1.058139E+01
8.101000E+02 2.197613E+00 1.058027E+01
8.110000E+02 2.197576E+00 1.057916E+01
8.119000E+02 2.197538E+00 1.057805E+01
8.128000E+02 2.197501E+00 1.057694E+01
8.137000E+02 2.197463E+00 1.057584E+01
8.146000E+02 2.197426E+00 1.057475E+01
8.155000E+02 2.197387E+00 1.057366E+01
8.164000E+02 2.197349E+00 1.057125E+01
8.173000E+02 2.197311E+00 1.057017E+01
8.182000E+02 2.197272E+00 1.056910E+01
8.191000E+02 2.197233E+00 1.056803E+01
8.200000E+02 2.197194E+00 1.056697E+01
8.209000E+02 2.197154E+00 1.056591E+01
8.218000E+02 2.197115E+00 1.056486E+01
8.227000E+02 2.197075E+00 1.056382E+01
8.236000E+02 2.197035E+00 1.056278E+01
8.245000E+02 2.196994E+00 1.056041E+01
8.254000E+02 2.196954E+00 1.055938E+01
8.263000E+02 2.196913E+00 1.055836E+01
8.272000E+02 2.196872E+00 1.055734E+01
8.281000E+02 2.196831E+00 1.055633E+01
8.290000E+02 2.196790E+00 1.055532E+01
8.299000E+02 2.196748E+00 1.055432E+01
8.308000E+02 2.196706E+00 1.055199E+01
8.317000E+02 2.196664E+00 1.055100E+01
8.326000E+02 2.196622E+00 1.055001E+01
8.335000E+02 2.196579E+00 1.054903E+01
8.344000E+02 2.196537E+00 1.054805E+01
8.353000E+02 2.196494E+00 1.054708E+01
8.362000E+02 2.196451E+00 1.054479E+01
8.371000E+02 2.196408E+00 1.054383E+01
8.380000E+02 2.196364E+00 1.054288E+01
8.389000E+02 2.196321E+00 1.054192E+01
8.398000E+02 2.196277E+00 1.054098E+01
8.407000E+02 2.196233E+00 1.054004E+01
8.416000E+02 2.196188E+00 1.053778E+01
8.425000E+02 2.196144E+00 1.053685E+01
8.434000E+02 2.196099E+00 1.053593E+01
8.443000E+02 2.196055E+00 1.053500E+01
8.452000E+02 2.196009E+00 1.053409E+01
8.461000E+02 2.195964E+00 1.053186E+01
8.470000E+02 2.195919E+00 1.053096E+01
8.479000E+02 2.195873E+00 1.053005E+01
8.488000E+02 2.195827E+00 1.052916E+01
8.497000E+02 2.195781E+00 1.052827E+01
8.506000E+02 2.195735E+00 1.052607E+01
8.515000E+02 2.195689E+00 1.052519E+01
8.524000E+02 2.195642E+00 1.052431E+01
8.533000E+02 2.195595E+00 1.052344E+01
8.542000E+02 2.195548E+00 1.052257E+01
8.551000E+02 2.195501E+00 1.052040E+01
8.560000E+02 2.195454E+00 1.051954E+01
8.569000E+02 2.195406E+00 1.051869E+01
8.578000E+02 2.195359E+00 1.051784E+01
8.587000E+02 2.195311E+00 1.051569E+01
8.596000E+02 2.195263E+00 1.051486E+01
8.605000E+02 2.195215E+00 1.051402E+01
8.614000E+02 2.195166E+00 1.051320E+01
8.623000E+02 2.195117E+00 1.051107E+01
8.632000E+02 2.195069E+00 1.051025E+01
8.641000E+02 2.195020E+00 1.050943E+01
8.650000E+02 2.194971E+00 1.050863E+01
8.659000E+02 2.194921E+00 1.050652E+01
8.668000E+02 2.194872E+00 1.050572E+01
8.677000E+02 2.194822E+00 1.050492E+01
8.686000E+02 2.194772E+00 1.050413E+01
8.695000E+02 2.194722E+00 1.050205E+01
8.704000E+02 2.194672E+00 1.050127E+01
8.713000E+02 2.194622E+00 1.050049E+01
8.722000E+02 2.194571E+00 1.049842E+01
8.731000E+02 2.194520E+00 1.049765E+01
8.740000E+02 2.194469E+00 1.049689E+01
8.749000E+02 2.194418E+00 1.049614E+01
8.758000E+02 2.194367E+00 1.049408E+01
8.767000E+02 2.194316E+00 1.049334E+01
8.776000E+02 2.194264E+00 1.049259E+01
8.785000E+02 2.194213E+00 1.049056E+01
8.794000E+02 2.194161E+00 1.048982E+01
8.803000E+02 2.194109E+00 1.048909E+01
8.812000E+02 2.194056E+00 1.048707E+01
8.821000E+02 2.194004E+00 1.048635E+01
8.830000E+02 2.193951E+00 1.048564E+01
8.839000E+02 2.193899E+00 1.048363E+01
8.848000E+02 2.193846E+00 1.048293E+01
8.857000E+02 2.193793E+00 1.048223E+01
8.866000E+02 2.193740E+00 1.048023E+01
8.875000E+02 2.193686E+00 1.047954E+01
8.884000E+02 2.193633E+00 1.047885E+01
8.893000E+02 2.193579E+00 1.047688E+01
8.902000E+02 2.193525E+00 1.047620E+01
8.911000E+02 2.193471E+00 1.047552E+01
8.920000E+02 2.193417E+00 1.047356E+01
8.929000E+02 2.193363E+00 1.047290E+01
8.938000E+02 2.193308E+00 1.047224E+01
8.947000E+02 2.193254E+00 1.047029E+01
8.956000E+02 2.193199E+00 1.046964E+01
8.965000E+02 2.193144E+00 1.046899E+01
8.974000E+02 2.193089E+00 1.046706E+01
8.983000E+02 2.193034E+00 1.046642E+01
8.992000E+02 2.192978E+00 1.046579E+01
9.001000E+02 2.192923E+00 1.046387E+01
9.010000E+02 2.192867E+00 1.046324E+01
9.019000E+02 2.192811E+00 1.046133E+01
9.028000E+02 2.192756E+00 1.046072E+01
9.037000E+02 2.192699E+00 1.046010E+01
9.046000E+02 2.192643E+00 1.045821E+01
9.055000E+02 2.192587E+00 1.045761E+01
9.064000E+02 2.192530E+00 1.045701E+01
9.073000E+02 2.192474E+00 1.045513E+01
9.082000E+02 2.192417E+00 1.045454E+01
9.091000E+02 2.192360E+00 1.045266E+01
9.100000E+02 2.192303E+00 1.045208E+01
9.109000E+02 2.192245E+00 1.045151E+01
9.118000E+02 2.192188E+00 1.044965E+01
9.127000E+02 2.192130E+00 1.044908E+01
9.136000E+02 2.192073E+00 1.044723E+01
9.145000E+02 2.192015E+00 1.044667E+01
9.154000E+02 2.191957E+00 1.044612E+01
9.163000E+02 2.191899E+00 1.044428E+01
9.172000E+02 2.191840E+00 1.044373E+01
9.181000E+02 2.191782E+00 1.044191E+01
9.190000E+02 2.191724E+00 1.044137E+01
9.199000E+02 2.191665E+00 1.043955E+01
9.208000E+02 2.191606E+00 1.043902E+01
9.217000E+02 2.191547E+00 1.043850E+01
9.226000E+02 2.191488E+00 1.043670E+01
9.235000E+02 2.191429E+00 1.043618E+01
9.244000E+02 2.191370E+00 1.043438E+01
9.253000E+02 2.191310E+00 1.043387E+01
9.262000E+02 2.191251E+00 1.043209E+01
9.271000E+02 2.191191E+00 1.043159E+01
9.280000E+02 2.191131E+00 1.042982E+01
9.289000E+02 2.191071E+00 1.042932E+01
9.298000E+02 2.191011E+00 1.042883E+01
9.307000E+02 2.190951E+00 1.042707E+01
9.316000E+02 2.190890E+00 1.042659E+01
9.325000E+02 2.190830E+00 1.042484E+01
9.334000E+02 2.190769E+00 1.042437E+01
9.343000E+02 2.190708E+00 1.042262E+01
9.352000E+02 2.190648E+00 1.042216E+01
9.361000E+02 2.190587E+00 1.042042E+01
9.370000E+02 2.190525E+00 1.041997E+01
9.379000E+02 2.190464E+00 1.041824E+01
9.388000E+02 2.190403E+00 1.041779E+01
9.397000E+02 2.190341E+00 1.041608E+01
9.406000E+02 2.190280E+00 1.041564E+01
9.415000E+02 2.190218E+00 1.041393E+01
9.424000E+02 2.190156E+00 1.041349E+01
9.433000E+02 2.190094E+00 1.041180E+01
9.442000E+02 2.190032E+00 1.041137E+01
9.451000E+02 2.189970E+00 1.040968E+01
9.460000E+02 2.189907E+00 1.040926E+01
9.469000E+02 2.189845E+00 1.040758E+01
9.478000E+02 2.189782E+00 1.040717E+01
9.487000E+02 2.189719E+00 1.040550E+01
9.496000E+02 2.189657E+00 1.040510E+01
9.505000E+02 2.189594E+00 1.040343E+01
9.514000E+02 2.189531E+00 1.040304E+01
9.523000E+02 2.189467E+00 1.040139E+01
9.532000E+02 2.189404E+00 1.040100E+01
9.541000E+02 2.189341E+00 1.039935E+01
9.550000E+02 2.189277E+00 1.039898E+01
9.559000E+02 2.189214E+00 1.039734E+01
9.568000E+02 2.189150E+00 1.039697E+01
9.577000E+02 2.189086E+00 1.039534E+01
9.586000E+02 2.189022E+00 1.039497E+01
9.595000E+02 2.188958E+00 1.039335E+01
9.604000E+02 2.188894E+00 1.039300E+01
9.613000E+02 2.188829E+00 1.039138E+01
9.622000E+02 2.188765E+00 1.039104E+01
9.631000E+02 2.188700E+00 1.038943E+01
9.640000E+02 2.188636E+00 1.038783E+01
9.649000E+02 2.188571E+00 1.038749E+01
9.658000E+02 2.188506E+00 1.038590E+01
9.667000E+02 2.188441E+00 1.038557E+01
9.676000E+02 2.188376E+00 1.038399E+01
9.685000E+02 2.188311E+00 1.038367E+01
9.694000E+02 2.188246E+00 1.038209E+01
9.703000E+02 2.188180E+00 1.038178E+01
9.712000E+02 2.188115E+00 1.038021E+01
9.721000E+02 2.188049E+00 1.037865E+01
9.730000E+02 2.187983E+00 1.037835E+01
9.739000E+02 2.187918E+00 1.037679E+01
9.748000E+02 2.187852E+00 1.037650E+01
9.757000E+02 2.187786E+00 1.037495E+01
9.766000E+02 2.187720E+00 1.037340E+01
9.775000E+02 2.187653E+00 1.037312E+01
9.784000E+02 2.187587E+00 1.037158E+01
9.793000E+02 2.187521E+00 1.037131E+01
9.802000E+02 2.187454E+00 1.036978E+01
9.811000E+02 2.187387E+00 1.036951E+01
9.820000E+02 2.187321E+00 1.036799E+01
9.829000E+02 2.187254E+00 1.036648E+01
9.838000E+02 2.187187E+00 1.036622E+01
9.847000E+02 2.187120E+00 1.036471E+01
9.856000E+02 2.187053E+00 1.036446E+01
9.865000E+02 2.186985E+00 1.036296E+01
9.874000E+02 2.186918E+00 1.036147E+01
9.883000E+02 2.186851E+00 1.036123E+01
9.892000E+02 2.186783E+00 1.035974E+01
9.901000E+02 2.186716E+00 1.035826E+01
9.910000E+02 2.186648E+00 1.035803E+01
9.919000E+02 2.186580E+00 1.035655E+01
9.928000E+02 2.186512E+00 1.035633E+01
9.937000E+02 2.186444E+00 1.035486E+01
9.946000E+02 2.186376E+00 1.035340E+01
9.955000E+02 2.186308E+00 1.035319E+01
9.964000E+02 2.186240E+00 1.035173E+01
9.973000E+02 2.186171E+00 1.035028E+01
9.982000E+02 2.186103E+00 1.035008E+01
9.991000E+02 2.186034E+00 1.034863E+01
