1.000000E+00 NAN NAN
1.099000E+00 NAN NAN
1.198000E+00 NAN NAN
1.297000E+00 1.130639E-01 2.125663E+01
1.396000E+00 1.172127E-01 1.862224E+01
1.495000E+00 1.213576E-01 1.771313E+01
1.594000E+00 1.254903E-01 1.713254E+01
1.693000E+00 1.296047E-01 1.665491E+01
1.792000E+00 1.336970E-01 1.612845E+01
1.891000E+00 1.377649E-01 1.580514E+01
1.990000E+00 1.418058E-01 1.542139E+01
2.089000E+00 1.458188E-01 1.509365E+01
2.188000E+00 1.498027E-01 1.481186E+01
2.287000E+00 1.537571E-01 1.456821E+01
2.386000E+00 1.576816E-01 1.435656E+01
2.485000E+00 1.615758E-01 1.417200E+01
2.584000E+00 1.654398E-01 1.393344E+01
2.683000E+00 1.692738E-01 1.379526E+01
2.782000E+00 1.730779E-01 1.367397E+01
2.881000E+00 1.768523E-01 1.349996E+01
2.980000E+00 1.805973E-01 1.334425E+01
3.079000E+00 1.843134E-01 1.326627E+01
3.178000E+00 1.880007E-01 1.313816E+01
3.277000E+00 1.916597E-01 1.302267E+01
3.376000E+00 1.952909E-01 1.291839E+01
3.475000E+00 1.988946E-01 1.287776E+01
3.574000E+00 2.024712E-01 1.279065E+01
3.673000E+00 2.060212E-01 1.271170E+01
3.772000E+00 2.095449E-01 1.264009E+01
3.871000E+00 2.130427E-01 1.252753E+01
3.970000E+00 2.165152E-01 1.246981E+01
4.069000E+00 2.199627E-01 1.241747E+01
4.168000E+00 2.233856E-01 1.237004E+01
4.267000E+00 2.267843E-01 1.232709E+01
4.366000E+00 2.301591E-01 1.224642E+01
4.465000E+00 2.335105E-01 1.221224E+01
4.564000E+00 2.368389E-01 1.218148E+01
4.663000E+00 2.401445E-01 1.211478E+01
4.762000E+00 2.434279E-01 1.209083E+01
4.861000E+00 2.466892E-01 1.203207E+01
4.960000E+00 2.499289E-01 1.201389E+01
5.059000E+00 2.531473E-01 1.196197E+01
5.158000E+00 2.563447E-01 1.194873E+01
5.257000E+00 2.595214E-01 1.190273E+01
5.356000E+00 2.626778E-01 1.185974E+01
5.455000E+00 2.658141E-01 1.185290E+01
5.554000E+00 2.689307E-01 1.181470E+01
5.653000E+00 2.720278E-01 1.177899E+01
5.752000E+00 2.751057E-01 1.174559E+01
5.851000E+00 2.781647E-01 1.174553E+01
5.950000E+00 2.812050E-01 1.171581E+01
6.049000E+00 2.842270E-01 1.168802E+01
6.148000E+00 2.872309E-01 1.166206E+01
6.247000E+00 2.902169E-01 1.163780E+01
6.346000E+00 2.931853E-01 1.161515E+01
6.445000E+00 2.961363E-01 1.159401E+01
6.544000E+00 2.990703E-01 1.157432E+01
6.643000E+00 3.019872E-01 1.155597E+01
6.742000E+00 3.048876E-01 1.153891E+01
6.841000E+00 3.077714E-01 1.152306E+01
6.940000E+00 3.106391E-01 1.150836E+01
7.039000E+00 3.134906E-01 1.149474E+01
7.138000E+00 3.163264E-01 1.148216E+01
7.237000E+00 3.191465E-01 1.147057E+01
7.336000E+00 3.219512E-01 1.145991E+01
7.435000E+00 3.247406E-01 1.142513E+01
7.534000E+00 3.275150E-01 1.141648E+01
7.633000E+00 3.302745E-01 1.140862E+01
7.732000E+00 3.330194E-01 1.140152E+01
7.831000E+00 3.357497E-01 1.139514E+01
7.930000E+00 3.384657E-01 1.136583E+01
8.029000E+00 3.411675E-01 1.136104E+01
8.128000E+00 3.438553E-01 1.135687E+01
8.227000E+00 3.465293E-01 1.133042E+01
8.326000E+00 3.491896E-01 1.132763E+01
8.425000E+00 3.518363E-01 1.132537E+01
8.524000E+00 3.544697E-01 1.130145E+01
8.623000E+00 3.570899E-01 1.130040E+01
8.722000E+00 3.596970E-01 1.129982E+01
8.821000E+00 3.622912E-01 1.127813E+01
8.920000E+00 3.648725E-01 1.127861E+01
9.019000E+00 3.674412E-01 1.125834E+01
9.118000E+00 3.699975E-01 1.125979E+01
9.217000E+00 3.725413E-01 1.124085E+01
9.316000E+00 3.750729E-01 1.124319E+01
9.415000E+00 3.775923E-01 1.122547E+01
9.514000E+00 3.800998E-01 1.122862E+01
9.613000E+00 3.825955E-01 1.121204E+01
9.712000E+00 3.850793E-01 1.121595E+01
9.811000E+00 3.875516E-01 1.120043E+01
9.910000E+00 3.900123E-01 1.120504E+01
1.000900E+01 3.924617E-01 1.119050E+01
1.010800E+01 3.948998E-01 1.119575E+01
1.020700E+01 3.973267E-01 1.118213E+01
1.030600E+01 3.997425E-01 1.116904E+01
1.040500E+01 4.021474E-01 1.117522E+01
1.050400E+01 4.045415E-01 1.116295E+01
1.060300E+01 4.069248E-01 1.115116E+01
1.070200E+01 4.092975E-01 1.115817E+01
1.080100E+01 4.116597E-01 1.114713E+01
1.090000E+01 4.140114E-01 1.113652E+01
1.099900E+01 4.163529E-01 1.114427E+01
1.109800E+01 4.186840E-01 1.113433E+01
1.119700E+01 4.210050E-01 1.112479E+01
1.129600E+01 4.233160E-01 1.111563E+01
1.139500E+01 4.256170E-01 1.112428E+01
1.149400E+01 4.279081E-01 1.111571E+01
1.159300E+01 4.301895E-01 1.110749E+01
1.169200E+01 4.324611E-01 1.109961E+01
1.179100E+01 4.347232E-01 1.110903E+01
1.189000E+01 4.369758E-01 1.110168E+01
1.198900E+01 4.392189E-01 1.109463E+01
1.208800E+01 4.414527E-01 1.108788E+01
1.218700E+01 4.436772E-01 1.108143E+01
1.228600E+01 4.458925E-01 1.109170E+01
1.238500E+01 4.480987E-01 1.108569E+01
1.248400E+01 4.502958E-01 1.107996E+01
1.258300E+01 4.524840E-01 1.107448E+01
1.268200E+01 4.546634E-01 1.106926E+01
1.278100E+01 4.568339E-01 1.106428E+01
1.288000E+01 4.589956E-01 1.105955E+01
1.297900E+01 4.611488E-01 1.105505E+01
1.307800E+01 4.632933E-01 1.105078E+01
1.317700E+01 4.654293E-01 1.106230E+01
1.327600E+01 4.675569E-01 1.105837E+01
1.337500E+01 4.696761E-01 1.105464E+01
1.347400E+01 4.717869E-01 1.105113E+01
1.357300E+01 4.738896E-01 1.104781E+01
1.367200E+01 4.759840E-01 1.104469E+01
1.377100E+01 4.780703E-01 1.104176E+01
1.387000E+01 4.801485E-01 1.103901E+01
1.396900E+01 4.822188E-01 1.103644E+01
1.406800E+01 4.842811E-01 1.103405E+01
1.416700E+01 4.863356E-01 1.103183E+01
1.426600E+01 4.883822E-01 1.102977E+01
1.436500E+01 4.904211E-01 1.102788E+01
1.446400E+01 4.924523E-01 1.102614E+01
1.456300E+01 4.944759E-01 1.102456E+01
1.466200E+01 4.964919E-01 1.102313E+01
1.476100E+01 4.985004E-01 1.100756E+01
1.486000E+01 5.005015E-01 1.100649E+01
1.495900E+01 5.024951E-01 1.100556E+01
1.505800E+01 5.044814E-01 1.100476E+01
1.515700E+01 5.064604E-01 1.100409E+01
1.525600E+01 5.084322E-01 1.100356E+01
1.535500E+01 5.103967E-01 1.100315E+01
1.545400E+01 5.123542E-01 1.100286E+01
1.555300E+01 5.143045E-01 1.100270E+01
1.565200E+01 5.162479E-01 1.100265E+01
1.575100E+01 5.181842E-01 1.098911E+01
1.585000E+01 5.201136E-01 1.098935E+01
1.594900E+01 5.220361E-01 1.098969E+01
1.604800E+01 5.239518E-01 1.099015E+01
1.614700E+01 5.258607E-01 1.099070E+01
1.624600E+01 5.277629E-01 1.099136E+01
1.634500E+01 5.296584E-01 1.097889E+01
1.644400E+01 5.315472E-01 1.097980E+01
1.654300E+01 5.334294E-01 1.098080E+01
1.664200E+01 5.353051E-01 1.098190E+01
1.674100E+01 5.371743E-01 1.098309E+01
1.684000E+01 5.390370E-01 1.097142E+01
1.693900E+01 5.408932E-01 1.097283E+01
1.703800E+01 5.427431E-01 1.097433E+01
1.713700E+01 5.445867E-01 1.097591E+01
1.723600E+01 5.464239E-01 1.096485E+01
1.733500E+01 5.482549E-01 1.096663E+01
1.743400E+01 5.500797E-01 1.096850E+01
1.753300E+01 5.518983E-01 1.097044E+01
1.763200E+01 5.537108E-01 1.095994E+01
1.773100E+01 5.555172E-01 1.096207E+01
1.783000E+01 5.573175E-01 1.096427E+01
1.792900E+01 5.591118E-01 1.096654E+01
1.802800E+01 5.609002E-01 1.095656E+01
1.812700E+01 5.626826E-01 1.095900E+01
1.822600E+01 5.644592E-01 1.096152E+01
1.832500E+01 5.662299E-01 1.095192E+01
1.842400E+01 5.679947E-01 1.095459E+01
1.852300E+01 5.697538E-01 1.095733E+01
1.862200E+01 5.715071E-01 1.094810E+01
1.872100E+01 5.732547E-01 1.095099E+01
1.882000E+01 5.749967E-01 1.095394E+01
1.891900E+01 5.767330E-01 1.094505E+01
1.901800E+01 5.784637E-01 1.094814E+01
1.911700E+01 5.801888E-01 1.095129E+01
1.921600E+01 5.819084E-01 1.094273E+01
1.931500E+01 5.836225E-01 1.094602E+01
1.941400E+01 5.853311E-01 1.094935E+01
1.951300E+01 5.870343E-01 1.094110E+01
1.961200E+01 5.887321E-01 1.094457E+01
1.971100E+01 5.904245E-01 1.093653E+01
1.981000E+01 5.921116E-01 1.094013E+01
1.990900E+01 5.937933E-01 1.094376E+01
2.000800E+01 5.954698E-01 1.093601E+01
2.010700E+01 5.971411E-01 1.093977E+01
2.020600E+01 5.988071E-01 1.093222E+01
2.030500E+01 6.004679E-01 1.093609E+01
2.040400E+01 6.021237E-01 1.094000E+01
2.050300E+01 6.037743E-01 1.093272E+01
2.060200E+01 6.054198E-01 1.093673E+01
2.070100E+01 6.070602E-01 1.092963E+01
2.080000E+01 6.086956E-01 1.093376E+01
2.089900E+01 6.103260E-01 1.092684E+01
2.099800E+01 6.119515E-01 1.093106E+01
2.109700E+01 6.135720E-01 1.092431E+01
2.119600E+01 6.151876E-01 1.092863E+01
2.129500E+01 6.167982E-01 1.093298E+01
2.139400E+01 6.184041E-01 1.092646E+01
2.149300E+01 6.200051E-01 1.093090E+01
2.159200E+01 6.216012E-01 1.092455E+01
2.169100E+01 6.231927E-01 1.092908E+01
2.179000E+01 6.247793E-01 1.092287E+01
2.188900E+01 6.263613E-01 1.092749E+01
2.198800E+01 6.279385E-01 1.092144E+01
2.208700E+01 6.295111E-01 1.092614E+01
2.218600E+01 6.310790E-01 1.092023E+01
2.228500E+01 6.326423E-01 1.092501E+01
2.238400E+01 6.342010E-01 1.091925E+01
2.248300E+01 6.357551E-01 1.092410E+01
2.258200E+01 6.373047E-01 1.091848E+01
2.268100E+01 6.388498E-01 1.091295E+01
2.278000E+01 6.403904E-01 1.091792E+01
2.287900E+01 6.419265E-01 1.091252E+01
2.297800E+01 6.434581E-01 1.091756E+01
2.307700E+01 6.449854E-01 1.091229E+01
2.317600E+01 6.465082E-01 1.091740E+01
2.327500E+01 6.480267E-01 1.091226E+01
2.337400E+01 6.495408E-01 1.091743E+01
2.347300E+01 6.510505E-01 1.091241E+01
2.357200E+01 6.525560E-01 1.090746E+01
2.367100E+01 6.540572E-01 1.091274E+01
2.377000E+01 6.555541E-01 1.090791E+01
2.386900E+01 6.570468E-01 1.091324E+01
2.396800E+01 6.585352E-01 1.090853E+01
2.406700E+01 6.600195E-01 1.090389E+01
2.416600E+01 6.614996E-01 1.090931E+01
2.426500E+01 6.629755E-01 1.090478E+01
2.436400E+01 6.644474E-01 1.091026E+01
2.446300E+01 6.659150E-01 1.090584E+01
2.456200E+01 6.673787E-01 1.090148E+01
2.466100E+01 6.688382E-01 1.090705E+01
2.476000E+01 6.702937E-01 1.090279E+01
2.485900E+01 6.717452E-01 1.090841E+01
2.495800E+01 6.731926E-01 1.090425E+01
2.505700E+01 6.746361E-01 1.090016E+01
2.515600E+01 6.760756E-01 1.090586E+01
2.525500E+01 6.775112E-01 1.090186E+01
2.535400E+01 6.789428E-01 1.089792E+01
2.545300E+01 6.803706E-01 1.090370E+01
2.555200E+01 6.817944E-01 1.089985E+01
2.565100E+01 6.832144E-01 1.089607E+01
2.575000E+01 6.846306E-01 1.090191E+01
2.584900E+01 6.860429E-01 1.089822E+01
2.594800E+01 6.874514E-01 1.089458E+01
2.604700E+01 6.888561E-01 1.090049E+01
2.614600E+01 6.902570E-01 1.089694E+01
2.624500E+01 6.916542E-01 1.089344E+01
2.634400E+01 6.930477E-01 1.089942E+01
2.644300E+01 6.944374E-01 1.089600E+01
2.654200E+01 6.958234E-01 1.089263E+01
2.664100E+01 6.972058E-01 1.089867E+01
2.674000E+01 6.985844E-01 1.089539E+01
2.683900E+01 6.999595E-01 1.089215E+01
2.693800E+01 7.013309E-01 1.088897E+01
2.703700E+01 7.026987E-01 1.089509E+01
2.713600E+01 7.040629E-01 1.089198E+01
2.723500E+01 7.054235E-01 1.088892E+01
2.733400E+01 7.067806E-01 1.089510E+01
2.743300E+01 7.081341E-01 1.089211E+01
2.753200E+01 7.094841E-01 1.088917E+01
2.763100E+01 7.108306E-01 1.088628E+01
2.773000E+01 7.121736E-01 1.089253E+01
2.782900E+01 7.135131E-01 1.088970E+01
2.792800E+01 7.148491E-01 1.088692E+01
2.802700E+01 7.161817E-01 1.088419E+01
2.812600E+01 7.175109E-01 1.089051E+01
2.822500E+01 7.188367E-01 1.088784E+01
2.832400E+01 7.201591E-01 1.088521E+01
2.842300E+01 7.214781E-01 1.088263E+01
2.852200E+01 7.227937E-01 1.088901E+01
2.862100E+01 7.241060E-01 1.088649E+01
2.872000E+01 7.254150E-01 1.088401E+01
2.881900E+01 7.267206E-01 1.088157E+01
2.891800E+01 7.280229E-01 1.088801E+01
2.901700E+01 7.293220E-01 1.088563E+01
2.911600E+01 7.306177E-01 1.088329E+01
2.921500E+01 7.319102E-01 1.088099E+01
2.931400E+01 7.331995E-01 1.087873E+01
2.941300E+01 7.344855E-01 1.088525E+01
2.951200E+01 7.357683E-01 1.088304E+01
2.961100E+01 7.370479E-01 1.088087E+01
2.971000E+01 7.383244E-01 1.087873E+01
2.980900E+01 7.395976E-01 1.087664E+01
2.990800E+01 7.408677E-01 1.088323E+01
3.000700E+01 7.421346E-01 1.088118E+01
3.010600E+01 7.433985E-01 1.087917E+01
3.020500E+01 7.446592E-01 1.087720E+01
3.030400E+01 7.459168E-01 1.087526E+01
3.040300E+01 7.471713E-01 1.088191E+01
3.050200E+01 7.484227E-01 1.088002E+01
3.060100E+01 7.496711E-01 1.087817E+01
3.070000E+01 7.509164E-01 1.087635E+01
3.079900E+01 7.521587E-01 1.087456E+01
3.089800E+01 7.533979E-01 1.087281E+01
3.099700E+01 7.546342E-01 1.087953E+01
3.109600E+01 7.558674E-01 1.087782E+01
3.119500E+01 7.570977E-01 1.087614E+01
3.129400E+01 7.583250E-01 1.087449E+01
3.139300E+01 7.595494E-01 1.087288E+01
3.149200E+01 7.607708E-01 1.087129E+01
3.159100E+01 7.619892E-01 1.086974E+01
3.169000E+01 7.632048E-01 1.087654E+01
3.178900E+01 7.644174E-01 1.087502E+01
3.188800E+01 7.656271E-01 1.087354E+01
3.198700E+01 7.668340E-01 1.087209E+01
3.208600E+01 7.680380E-01 1.087067E+01
3.218500E+01 7.692391E-01 1.086927E+01
3.228400E+01 7.704374E-01 1.086791E+01
3.238300E+01 7.716328E-01 1.086657E+01
3.248200E+01 7.728255E-01 1.087344E+01
3.258100E+01 7.740153E-01 1.087214E+01
3.268000E+01 7.752023E-01 1.087087E+01
3.277900E+01 7.763865E-01 1.086962E+01
3.287800E+01 7.775680E-01 1.086841E+01
3.297700E+01 7.787467E-01 1.086722E+01
3.307600E+01 7.799226E-01 1.086605E+01
3.317500E+01 7.810958E-01 1.086491E+01
3.327400E+01 7.822663E-01 1.086380E+01
3.337300E+01 7.834340E-01 1.086271E+01
3.347200E+01 7.845991E-01 1.086967E+01
3.357100E+01 7.857614E-01 1.086861E+01
3.367000E+01 7.869211E-01 1.086759E+01
3.376900E+01 7.880781E-01 1.086658E+01
3.386800E+01 7.892324E-01 1.086560E+01
3.396700E+01 7.903841E-01 1.086465E+01
3.406600E+01 7.915331E-01 1.086371E+01
3.416500E+01 7.926795E-01 1.086281E+01
3.426400E+01 7.938232E-01 1.086192E+01
3.436300E+01 7.949644E-01 1.086106E+01
3.446200E+01 7.961029E-01 1.086022E+01
3.456100E+01 7.972389E-01 1.085940E+01
3.466000E+01 7.983723E-01 1.085861E+01
3.475900E+01 7.995031E-01 1.085784E+01
3.485800E+01 8.006314E-01 1.085709E+01
3.495700E+01 8.017571E-01 1.086416E+01
3.505600E+01 8.028803E-01 1.086344E+01
3.515500E+01 8.040010E-01 1.086274E+01
3.525400E+01 8.051191E-01 1.086206E+01
3.535300E+01 8.062347E-01 1.086140E+01
3.545200E+01 8.073479E-01 1.086077E+01
3.555100E+01 8.084585E-01 1.086015E+01
3.565000E+01 8.095667E-01 1.085956E+01
3.574900E+01 8.106724E-01 1.085898E+01
3.584800E+01 8.117756E-01 1.085843E+01
3.594700E+01 8.128764E-01 1.085789E+01
3.604600E+01 8.139747E-01 1.085738E+01
3.614500E+01 8.150706E-01 1.085688E+01
3.624400E+01 8.161641E-01 1.085641E+01
3.634300E+01 8.172552E-01 1.085595E+01
3.644200E+01 8.183439E-01 1.085552E+01
3.654100E+01 8.194302E-01 1.085510E+01
3.664000E+01 8.205141E-01 1.085470E+01
3.673900E+01 8.215956E-01 1.085432E+01
3.683800E+01 8.226748E-01 1.085395E+01
3.693700E+01 8.237516E-01 1.085361E+01
3.703600E+01 8.248260E-01 1.085328E+01
3.713500E+01 8.258982E-01 1.085297E+01
3.723400E+01 8.269680E-01 1.085268E+01
3.733300E+01 8.280354E-01 1.085241E+01
3.743200E+01 8.291006E-01 1.085215E+01
3.753100E+01 8.301634E-01 1.085191E+01
3.763000E+01 8.312240E-01 1.085169E+01
3.772900E+01 8.322823E-01 1.085148E+01
3.782800E+01 8.333383E-01 1.085129E+01
3.792700E+01 8.343920E-01 1.085112E+01
3.802600E+01 8.354435E-01 1.085097E+01
3.812500E+01 8.364927E-01 1.085083E+01
3.822400E+01 8.375397E-01 1.085070E+01
3.832300E+01 8.385844E-01 1.085060E+01
3.842200E+01 8.396269E-01 1.085050E+01
3.852100E+01 8.406672E-01 1.085043E+01
3.862000E+01 8.417053E-01 1.085037E+01
3.871900E+01 8.427412E-01 1.085032E+01
3.881800E+01 8.437749E-01 1.085029E+01
3.891700E+01 8.448064E-01 1.084302E+01
3.901600E+01 8.458357E-01 1.084303E+01
3.911500E+01 8.468629E-01 1.084306E+01
3.921400E+01 8.478878E-01 1.084310E+01
3.931300E+01 8.489107E-01 1.084315E+01
3.941200E+01 8.499314E-01 1.084322E+01
3.951100E+01 8.509499E-01 1.084331E+01
3.961000E+01 8.519664E-01 1.084341E+01
3.970900E+01 8.529807E-01 1.084352E+01
3.980800E+01 8.539929E-01 1.084365E+01
3.990700E+01 8.550030E-01 1.084379E+01
4.000600E+01 8.560110E-01 1.084395E+01
4.010500E+01 8.570168E-01 1.084412E+01
4.020400E+01 8.580207E-01 1.084430E+01
4.030300E+01 8.590224E-01 1.084450E+01
4.040200E+01 8.600221E-01 1.084471E+01
4.050100E+01 8.610197E-01 1.083785E+01
4.060000E+01 8.620152E-01 1.083809E+01
4.069900E+01 8.630087E-01 1.083835E+01
4.079800E+01 8.640002E-01 1.083863E+01
4.089700E+01 8.649897E-01 1.083891E+01
4.099600E+01 8.659771E-01 1.083921E+01
4.109500E+01 8.669625E-01 1.083952E+01
4.119400E+01 8.679459E-01 1.083984E+01
4.129300E+01 8.689272E-01 1.084017E+01
4.139200E+01 8.699066E-01 1.084052E+01
4.149100E+01 8.708840E-01 1.084088E+01
4.159000E+01 8.718594E-01 1.083429E+01
4.168900E+01 8.728329E-01 1.083468E+01
4.178800E+01 8.738044E-01 1.083509E+01
4.188700E+01 8.747739E-01 1.083550E+01
4.198600E+01 8.757414E-01 1.083593E+01
4.208500E+01 8.767070E-01 1.083637E+01
4.218400E+01 8.776707E-01 1.083682E+01
4.228300E+01 8.786324E-01 1.083728E+01
4.238200E+01 8.795922E-01 1.083775E+01
4.248100E+01 8.805501E-01 1.083137E+01
4.258000E+01 8.815061E-01 1.083188E+01
4.267900E+01 8.824601E-01 1.083239E+01
4.277800E+01 8.834123E-01 1.083292E+01
4.287700E+01 8.843626E-01 1.083346E+01
4.297600E+01 8.853110E-01 1.083400E+01
4.307500E+01 8.862575E-01 1.083456E+01
4.317400E+01 8.872021E-01 1.082834E+01
4.327300E+01 8.881448E-01 1.082893E+01
4.337200E+01 8.890857E-01 1.082952E+01
4.347100E+01 8.900248E-01 1.083013E+01
4.357000E+01 8.909620E-01 1.083075E+01
4.366900E+01 8.918973E-01 1.083138E+01
4.376800E+01 8.928308E-01 1.083202E+01
4.386700E+01 8.937625E-01 1.082594E+01
4.396600E+01 8.946923E-01 1.082661E+01
4.406500E+01 8.956204E-01 1.082729E+01
4.416400E+01 8.965466E-01 1.082797E+01
4.426300E+01 8.974710E-01 1.082867E+01
4.436200E+01 8.983937E-01 1.082938E+01
4.446100E+01 8.993145E-01 1.083009E+01
4.456000E+01 9.002335E-01 1.082416E+01
4.465900E+01 9.011508E-01 1.082490E+01
4.475800E+01 9.020663E-01 1.082565E+01
4.485700E+01 9.029800E-01 1.082641E+01
4.495600E+01 9.038919E-01 1.082718E+01
4.505500E+01 9.048021E-01 1.082796E+01
4.515400E+01 9.057105E-01 1.082215E+01
4.525300E+01 9.066172E-01 1.082295E+01
4.535200E+01 9.075222E-01 1.082376E+01
4.545100E+01 9.084254E-01 1.082458E+01
4.555000E+01 9.093269E-01 1.082541E+01
4.564900E+01 9.102267E-01 1.082625E+01
4.574800E+01 9.111247E-01 1.082056E+01
4.584700E+01 9.120210E-01 1.082142E+01
4.594600E+01 9.129157E-01 1.082229E+01
4.604500E+01 9.138086E-01 1.082317E+01
4.614400E+01 9.146998E-01 1.082406E+01
4.624300E+01 9.155894E-01 1.081845E+01
4.634200E+01 9.164772E-01 1.081937E+01
4.644100E+01 9.173634E-01 1.082029E+01
4.654000E+01 9.182479E-01 1.082121E+01
4.663900E+01 9.191308E-01 1.082215E+01
4.673800E+01 9.200120E-01 1.081664E+01
4.683700E+01 9.208915E-01 1.081760E+01
4.693600E+01 9.217694E-01 1.081856E+01
4.703500E+01 9.226456E-01 1.081954E+01
4.713400E+01 9.235202E-01 1.082052E+01
4.723300E+01 9.243931E-01 1.081510E+01
4.733200E+01 9.252644E-01 1.081610E+01
4.743100E+01 9.261341E-01 1.081711E+01
4.753000E+01 9.270022E-01 1.081813E+01
4.762900E+01 9.278687E-01 1.081916E+01
4.772800E+01 9.287335E-01 1.081382E+01
4.782700E+01 9.295968E-01 1.081487E+01
4.792600E+01 9.304584E-01 1.081592E+01
4.802500E+01 9.313185E-01 1.081698E+01
4.812400E+01 9.321770E-01 1.081172E+01
4.822300E+01 9.330338E-01 1.081280E+01
4.832200E+01 9.338892E-01 1.081389E+01
4.842100E+01 9.347429E-01 1.081498E+01
4.852000E+01 9.355951E-01 1.081609E+01
4.861900E+01 9.364457E-01 1.081090E+01
4.871800E+01 9.372947E-01 1.081202E+01
4.881700E+01 9.381422E-01 1.081315E+01
4.891600E+01 9.389881E-01 1.081429E+01
4.901500E+01 9.398325E-01 1.080917E+01
4.911400E+01 9.406754E-01 1.081033E+01
4.921300E+01 9.415167E-01 1.081149E+01
4.931200E+01 9.423565E-01 1.081266E+01
4.941100E+01 9.431948E-01 1.080760E+01
4.951000E+01 9.440315E-01 1.080879E+01
4.960900E+01 9.448668E-01 1.080999E+01
4.970800E+01 9.457005E-01 1.081119E+01
4.980700E+01 9.465327E-01 1.080619E+01
4.990600E+01 9.473634E-01 1.080741E+01
5.000500E+01 9.481927E-01 1.080864E+01
5.010400E+01 9.490204E-01 1.080987E+01
5.020300E+01 9.498466E-01 1.080494E+01
5.030200E+01 9.506714E-01 1.080619E+01
5.040100E+01 9.514947E-01 1.080744E+01
5.050000E+01 9.523165E-01 1.080870E+01
5.059900E+01 9.531368E-01 1.080383E+01
5.069800E+01 9.539557E-01 1.080511E+01
5.079700E+01 9.547731E-01 1.080639E+01
5.089600E+01 9.555891E-01 1.080157E+01
5.099500E+01 9.564036E-01 1.080287E+01
5.109400E+01 9.572166E-01 1.080418E+01
5.119300E+01 9.580282E-01 1.080549E+01
5.129200E+01 9.588384E-01 1.080072E+01
5.139100E+01 9.596472E-01 1.080205E+01
5.149000E+01 9.604545E-01 1.080339E+01
5.158900E+01 9.612604E-01 1.080473E+01
5.168800E+01 9.620648E-01 1.080002E+01
5.178700E+01 9.628679E-01 1.080137E+01
5.188600E+01 9.636696E-01 1.080274E+01
5.198500E+01 9.644698E-01 1.079807E+01
5.208400E+01 9.652686E-01 1.079945E+01
5.218300E+01 9.660661E-01 1.080083E+01
5.228200E+01 9.668621E-01 1.080222E+01
5.238100E+01 9.676567E-01 1.079761E+01
5.248000E+01 9.684500E-01 1.079901E+01
5.257900E+01 9.692419E-01 1.080042E+01
5.267800E+01 9.700324E-01 1.079585E+01
5.277700E+01 9.708215E-01 1.079727E+01
5.287600E+01 9.716093E-01 1.079870E+01
5.297500E+01 9.723957E-01 1.079417E+01
5.307400E+01 9.731807E-01 1.079562E+01
5.317300E+01 9.739644E-01 1.079707E+01
5.327200E+01 9.747467E-01 1.079852E+01
5.337100E+01 9.755277E-01 1.079404E+01
5.347000E+01 9.763073E-01 1.079551E+01
5.356900E+01 9.770856E-01 1.079698E+01
5.366800E+01 9.778625E-01 1.079255E+01
5.376700E+01 9.786381E-01 1.079403E+01
5.386600E+01 9.794124E-01 1.079553E+01
5.396500E+01 9.801854E-01 1.079113E+01
5.406400E+01 9.809570E-01 1.079263E+01
5.416300E+01 9.817273E-01 1.079414E+01
5.426200E+01 9.824963E-01 1.078979E+01
5.436100E+01 9.832640E-01 1.079131E+01
5.446000E+01 9.840304E-01 1.079284E+01
5.455900E+01 9.847955E-01 1.078852E+01
5.465800E+01 9.855593E-01 1.079006E+01
5.475700E+01 9.863218E-01 1.079161E+01
5.485600E+01 9.870830E-01 1.079316E+01
5.495500E+01 9.878429E-01 1.078888E+01
5.505400E+01 9.886015E-01 1.079045E+01
5.515300E+01 9.893588E-01 1.079202E+01
5.525200E+01 9.901149E-01 1.078778E+01
5.535100E+01 9.908697E-01 1.078936E+01
5.545000E+01 9.916232E-01 1.079094E+01
5.554900E+01 9.923755E-01 1.078674E+01
5.564800E+01 9.931265E-01 1.078834E+01
5.574700E+01 9.938762E-01 1.078994E+01
5.584600E+01 9.946247E-01 1.078578E+01
5.594500E+01 9.953719E-01 1.078739E+01
5.604400E+01 9.961179E-01 1.078326E+01
5.614300E+01 9.968626E-01 1.078488E+01
5.624200E+01 9.976061E-01 1.078651E+01
5.634100E+01 9.983484E-01 1.078241E+01
5.644000E+01 9.990894E-01 1.078405E+01
5.653900E+01 9.998292E-01 1.078570E+01
5.663800E+01 1.000568E+00 1.078163E+01
5.673700E+01 1.001305E+00 1.078329E+01
5.683600E+01 1.002041E+00 1.078495E+01
5.693500E+01 1.002776E+00 1.078092E+01
5.703400E+01 1.003510E+00 1.078259E+01
5.713300E+01 1.004242E+00 1.078427E+01
5.723200E+01 1.004974E+00 1.078026E+01
5.733100E+01 1.005704E+00 1.078195E+01
5.743000E+01 1.006433E+00 1.078364E+01
5.752900E+01 1.007160E+00 1.077968E+01
5.762800E+01 1.007887E+00 1.078138E+01
5.772700E+01 1.008612E+00 1.077744E+01
5.782600E+01 1.009336E+00 1.077915E+01
5.792500E+01 1.010059E+00 1.078087E+01
5.802400E+01 1.010781E+00 1.077696E+01
5.812300E+01 1.011502E+00 1.077868E+01
5.822200E+01 1.012221E+00 1.078041E+01
5.832100E+01 1.012939E+00 1.077654E+01
5.842000E+01 1.013656E+00 1.077828E+01
5.851900E+01 1.014372E+00 1.077442E+01
5.861800E+01 1.015087E+00 1.077617E+01
5.871700E+01 1.015801E+00 1.077793E+01
5.881600E+01 1.016513E+00 1.077410E+01
5.891500E+01 1.017224E+00 1.077587E+01
5.901400E+01 1.017934E+00 1.077764E+01
5.911300E+01 1.018643E+00 1.077384E+01
5.921200E+01 1.019351E+00 1.077562E+01
5.931100E+01 1.020058E+00 1.077185E+01
5.941000E+01 1.020764E+00 1.077364E+01
5.950900E+01 1.021468E+00 1.077543E+01
5.960800E+01 1.022171E+00 1.077169E+01
5.970700E+01 1.022874E+00 1.077349E+01
5.980600E+01 1.023575E+00 1.076977E+01
5.990500E+01 1.024275E+00 1.077159E+01
6.000400E+01 1.024974E+00 1.077340E+01
6.010300E+01 1.025671E+00 1.076971E+01
6.020200E+01 1.026368E+00 1.077153E+01
6.030100E+01 1.027064E+00 1.076786E+01
6.040000E+01 1.027758E+00 1.076970E+01
6.049900E+01 1.028451E+00 1.077153E+01
6.059800E+01 1.029143E+00 1.076789E+01
6.069700E+01 1.029835E+00 1.076974E+01
6.079600E+01 1.030525E+00 1.076612E+01
6.089500E+01 1.031214E+00 1.076797E+01
6.099400E+01 1.031901E+00 1.076983E+01
6.109300E+01 1.032588E+00 1.076624E+01
6.119200E+01 1.033274E+00 1.076811E+01
6.129100E+01 1.033959E+00 1.076453E+01
6.139000E+01 1.034642E+00 1.076641E+01
6.148900E+01 1.035325E+00 1.076829E+01
6.158800E+01 1.036006E+00 1.076474E+01
6.168700E+01 1.036686E+00 1.076663E+01
6.178600E+01 1.037366E+00 1.076310E+01
6.188500E+01 1.038044E+00 1.076500E+01
6.198400E+01 1.038721E+00 1.076690E+01
6.208300E+01 1.039397E+00 1.076340E+01
6.218200E+01 1.040072E+00 1.076531E+01
6.228100E+01 1.040746E+00 1.076183E+01
6.238000E+01 1.041419E+00 1.076374E+01
6.247900E+01 1.042091E+00 1.076028E+01
6.257800E+01 1.042762E+00 1.076221E+01
6.267700E+01 1.043432E+00 1.076413E+01
6.277600E+01 1.044101E+00 1.076070E+01
6.287500E+01 1.044769E+00 1.076263E+01
6.297400E+01 1.045435E+00 1.075922E+01
6.307300E+01 1.046101E+00 1.076116E+01
6.317200E+01 1.046766E+00 1.075776E+01
6.327100E+01 1.047429E+00 1.075971E+01
6.337000E+01 1.048092E+00 1.076167E+01
6.346900E+01 1.048754E+00 1.075829E+01
6.356800E+01 1.049414E+00 1.076026E+01
6.366700E+01 1.050074E+00 1.075690E+01
6.376600E+01 1.050733E+00 1.075887E+01
6.386500E+01 1.051390E+00 1.075554E+01
6.396400E+01 1.052047E+00 1.075751E+01
6.406300E+01 1.052702E+00 1.075420E+01
6.416200E+01 1.053357E+00 1.075618E+01
6.426100E+01 1.054011E+00 1.075816E+01
6.436000E+01 1.054663E+00 1.075487E+01
6.445900E+01 1.055315E+00 1.075686E+01
6.455800E+01 1.055965E+00 1.075359E+01
6.465700E+01 1.056615E+00 1.075559E+01
6.475600E+01 1.057264E+00 1.075233E+01
6.485500E+01 1.057912E+00 1.075434E+01
6.495400E+01 1.058558E+00 1.075110E+01
6.505300E+01 1.059204E+00 1.075311E+01
6.515200E+01 1.059849E+00 1.074989E+01
6.525100E+01 1.060493E+00 1.075191E+01
6.535000E+01 1.061135E+00 1.075394E+01
6.544900E+01 1.061777E+00 1.075074E+01
6.554800E+01 1.062418E+00 1.075277E+01
6.564700E+01 1.063058E+00 1.074958E+01
6.574600E+01 1.063697E+00 1.075162E+01
6.584500E+01 1.064335E+00 1.074846E+01
6.594400E+01 1.064972E+00 1.075050E+01
6.604300E+01 1.065608E+00 1.074735E+01
6.614200E+01 1.066244E+00 1.074940E+01
6.624100E+01 1.066878E+00 1.074627E+01
6.634000E+01 1.067511E+00 1.074833E+01
6.643900E+01 1.068143E+00 1.074521E+01
6.653800E+01 1.068775E+00 1.074727E+01
6.663700E+01 1.069405E+00 1.074934E+01
6.673600E+01 1.070035E+00 1.074625E+01
6.683500E+01 1.070664E+00 1.074832E+01
6.693400E+01 1.071291E+00 1.074524E+01
6.703300E+01 1.071918E+00 1.074732E+01
6.713200E+01 1.072544E+00 1.074425E+01
6.723100E+01 1.073169E+00 1.074634E+01
6.733000E+01 1.073793E+00 1.074329E+01
6.742900E+01 1.074416E+00 1.074538E+01
6.752800E+01 1.075038E+00 1.074235E+01
6.762700E+01 1.075659E+00 1.074445E+01
6.772600E+01 1.076280E+00 1.074143E+01
6.782500E+01 1.076899E+00 1.074354E+01
6.792400E+01 1.077518E+00 1.074054E+01
6.802300E+01 1.078135E+00 1.074265E+01
6.812200E+01 1.078752E+00 1.073966E+01
6.822100E+01 1.079368E+00 1.074178E+01
6.832000E+01 1.079983E+00 1.073881E+01
6.841900E+01 1.080597E+00 1.074093E+01
6.851800E+01 1.081210E+00 1.073797E+01
6.861700E+01 1.081822E+00 1.074010E+01
6.871600E+01 1.082434E+00 1.073716E+01
6.881500E+01 1.083044E+00 1.073929E+01
6.891400E+01 1.083654E+00 1.073637E+01
6.901300E+01 1.084262E+00 1.073851E+01
6.911200E+01 1.084870E+00 1.073560E+01
6.921100E+01 1.085477E+00 1.073774E+01
6.931000E+01 1.086083E+00 1.073484E+01
6.940900E+01 1.086689E+00 1.073699E+01
6.950800E+01 1.087293E+00 1.073411E+01
6.960700E+01 1.087896E+00 1.073627E+01
6.970600E+01 1.088499E+00 1.073340E+01
6.980500E+01 1.089101E+00 1.073556E+01
6.990400E+01 1.089702E+00 1.073271E+01
7.000300E+01 1.090302E+00 1.073487E+01
7.010200E+01 1.090901E+00 1.073203E+01
7.020100E+01 1.091499E+00 1.073421E+01
7.030000E+01 1.092097E+00 1.073138E+01
7.039900E+01 1.092693E+00 1.073356E+01
7.049800E+01 1.093289E+00 1.073075E+01
7.059700E+01 1.093884E+00 1.073293E+01
7.069600E+01 1.094478E+00 1.073013E+01
7.079500E+01 1.095071E+00 1.073232E+01
7.089400E+01 1.095664E+00 1.072953E+01
7.099300E+01 1.096255E+00 1.073173E+01
7.109200E+01 1.096846E+00 1.072895E+01
7.119100E+01 1.097436E+00 1.073115E+01
7.129000E+01 1.098025E+00 1.072839E+01
7.138900E+01 1.098613E+00 1.073060E+01
7.148800E+01 1.099200E+00 1.072785E+01
7.158700E+01 1.099787E+00 1.073006E+01
7.168600E+01 1.100373E+00 1.072733E+01
7.178500E+01 1.100958E+00 1.072954E+01
7.188400E+01 1.101542E+00 1.072682E+01
7.198300E+01 1.102125E+00 1.072904E+01
7.208200E+01 1.102707E+00 1.072634E+01
7.218100E+01 1.103289E+00 1.072364E+01
7.228000E+01 1.103870E+00 1.072587E+01
7.237900E+01 1.104450E+00 1.072318E+01
7.247800E+01 1.105029E+00 1.072541E+01
7.257700E+01 1.105607E+00 1.072274E+01
7.267600E+01 1.106185E+00 1.072498E+01
7.277500E+01 1.106762E+00 1.072232E+01
7.287400E+01 1.107338E+00 1.072456E+01
7.297300E+01 1.107913E+00 1.072191E+01
7.307200E+01 1.108487E+00 1.072416E+01
7.317100E+01 1.109061E+00 1.072153E+01
7.327000E+01 1.109634E+00 1.072377E+01
7.336900E+01 1.110206E+00 1.072115E+01
7.346800E+01 1.110777E+00 1.072341E+01
7.356700E+01 1.111347E+00 1.072080E+01
7.366600E+01 1.111917E+00 1.071820E+01
7.376500E+01 1.112486E+00 1.072046E+01
7.386400E+01 1.113054E+00 1.071787E+01
7.396300E+01 1.113621E+00 1.072014E+01
7.406200E+01 1.114187E+00 1.071756E+01
7.416100E+01 1.114753E+00 1.071983E+01
7.426000E+01 1.115318E+00 1.071727E+01
7.435900E+01 1.115882E+00 1.071954E+01
7.445800E+01 1.116446E+00 1.071699E+01
7.455700E+01 1.117008E+00 1.071927E+01
7.465600E+01 1.117570E+00 1.071673E+01
7.475500E+01 1.118131E+00 1.071419E+01
7.485400E+01 1.118691E+00 1.071648E+01
7.495300E+01 1.119251E+00 1.071396E+01
7.505200E+01 1.119810E+00 1.071625E+01
7.515100E+01 1.120368E+00 1.071374E+01
7.525000E+01 1.120925E+00 1.071603E+01
7.534900E+01 1.121482E+00 1.071354E+01
7.544800E+01 1.122037E+00 1.071583E+01
7.554700E+01 1.122592E+00 1.071335E+01
7.564600E+01 1.123147E+00 1.071087E+01
7.574500E+01 1.123700E+00 1.071317E+01
7.584400E+01 1.124253E+00 1.071071E+01
7.594300E+01 1.124805E+00 1.071301E+01
7.604200E+01 1.125356E+00 1.071056E+01
7.614100E+01 1.125907E+00 1.071287E+01
7.624000E+01 1.126456E+00 1.071042E+01
7.633900E+01 1.127006E+00 1.070799E+01
7.643800E+01 1.127554E+00 1.071031E+01
7.653700E+01 1.128101E+00 1.070788E+01
7.663600E+01 1.128648E+00 1.071020E+01
7.673500E+01 1.129194E+00 1.070779E+01
7.683400E+01 1.129740E+00 1.071011E+01
7.693300E+01 1.130284E+00 1.070771E+01
7.703200E+01 1.130828E+00 1.070531E+01
7.713100E+01 1.131371E+00 1.070764E+01
7.723000E+01 1.131914E+00 1.070526E+01
7.732900E+01 1.132456E+00 1.070759E+01
7.742800E+01 1.132997E+00 1.070522E+01
7.752700E+01 1.133537E+00 1.070756E+01
7.762600E+01 1.134077E+00 1.070519E+01
7.772500E+01 1.134615E+00 1.070283E+01
7.782400E+01 1.135154E+00 1.070518E+01
7.792300E+01 1.135691E+00 1.070283E+01
7.802200E+01 1.136228E+00 1.070518E+01
7.812100E+01 1.136764E+00 1.070284E+01
7.822000E+01 1.137299E+00 1.070520E+01
7.831900E+01 1.137834E+00 1.070287E+01
7.841800E+01 1.138367E+00 1.070055E+01
7.851700E+01 1.138901E+00 1.070291E+01
7.861600E+01 1.139433E+00 1.070060E+01
7.871500E+01 1.139965E+00 1.070296E+01
7.881400E+01 1.140496E+00 1.070066E+01
7.891300E+01 1.141026E+00 1.069837E+01
7.901200E+01 1.141556E+00 1.070074E+01
7.911100E+01 1.142085E+00 1.069845E+01
7.921000E+01 1.142613E+00 1.070083E+01
7.930900E+01 1.143141E+00 1.069855E+01
7.940800E+01 1.143668E+00 1.069629E+01
7.950700E+01 1.144194E+00 1.069866E+01
7.960600E+01 1.144720E+00 1.069641E+01
7.970500E+01 1.145245E+00 1.069879E+01
7.980400E+01 1.145769E+00 1.069654E+01
7.990300E+01 1.146292E+00 1.069430E+01
8.000200E+01 1.146815E+00 1.069669E+01
8.010100E+01 1.147337E+00 1.069446E+01
8.020000E+01 1.147859E+00 1.069685E+01
8.029900E+01 1.148379E+00 1.069463E+01
8.039800E+01 1.148900E+00 1.069241E+01
8.049700E+01 1.149419E+00 1.069481E+01
8.059600E+01 1.149938E+00 1.069260E+01
8.069500E+01 1.150456E+00 1.069500E+01
8.079400E+01 1.150973E+00 1.069280E+01
8.089300E+01 1.151490E+00 1.069062E+01
8.099200E+01 1.152006E+00 1.069302E+01
8.109100E+01 1.152521E+00 1.069084E+01
8.119000E+01 1.153036E+00 1.069324E+01
8.128900E+01 1.153550E+00 1.069107E+01
8.138800E+01 1.154064E+00 1.068891E+01
8.148700E+01 1.154577E+00 1.069132E+01
8.158600E+01 1.155089E+00 1.068917E+01
8.168500E+01 1.155600E+00 1.069158E+01
8.178400E+01 1.156111E+00 1.068943E+01
8.188300E+01 1.156621E+00 1.068730E+01
8.198200E+01 1.157131E+00 1.068971E+01
8.208100E+01 1.157639E+00 1.068758E+01
8.218000E+01 1.158148E+00 1.069000E+01
8.227900E+01 1.158655E+00 1.068788E+01
8.237800E+01 1.159162E+00 1.068577E+01
8.247700E+01 1.159668E+00 1.068819E+01
8.257600E+01 1.160174E+00 1.068609E+01
8.267500E+01 1.160679E+00 1.068399E+01
8.277400E+01 1.161183E+00 1.068642E+01
8.287300E+01 1.161687E+00 1.068433E+01
8.297200E+01 1.162190E+00 1.068676E+01
8.307100E+01 1.162692E+00 1.068468E+01
8.317000E+01 1.163194E+00 1.068260E+01
8.326900E+01 1.163695E+00 1.068504E+01
8.336800E+01 1.164196E+00 1.068297E+01
8.346700E+01 1.164696E+00 1.068091E+01
8.356600E+01 1.165195E+00 1.068335E+01
8.366500E+01 1.165694E+00 1.068130E+01
8.376400E+01 1.166192E+00 1.068375E+01
8.386300E+01 1.166689E+00 1.068170E+01
8.396200E+01 1.167186E+00 1.067966E+01
8.406100E+01 1.167682E+00 1.068211E+01
8.416000E+01 1.168177E+00 1.068008E+01
8.425900E+01 1.168672E+00 1.067806E+01
8.435800E+01 1.169167E+00 1.068051E+01
8.445700E+01 1.169660E+00 1.067849E+01
8.455600E+01 1.170153E+00 1.068095E+01
8.465500E+01 1.170646E+00 1.067894E+01
8.475400E+01 1.171137E+00 1.067694E+01
8.485300E+01 1.171629E+00 1.067940E+01
8.495200E+01 1.172119E+00 1.067741E+01
8.505100E+01 1.172609E+00 1.067542E+01
8.515000E+01 1.173098E+00 1.067788E+01
8.524900E+01 1.173587E+00 1.067590E+01
8.534800E+01 1.174075E+00 1.067393E+01
8.544700E+01 1.174563E+00 1.067640E+01
8.554600E+01 1.175050E+00 1.067443E+01
8.564500E+01 1.175536E+00 1.067247E+01
8.574400E+01 1.176022E+00 1.067494E+01
8.584300E+01 1.176507E+00 1.067299E+01
8.594200E+01 1.176992E+00 1.067546E+01
8.604100E+01 1.177475E+00 1.067352E+01
8.614000E+01 1.177959E+00 1.067158E+01
8.623900E+01 1.178442E+00 1.067406E+01
8.633800E+01 1.178924E+00 1.067213E+01
8.643700E+01 1.179405E+00 1.067020E+01
8.653600E+01 1.179886E+00 1.067268E+01
8.663500E+01 1.180366E+00 1.067077E+01
8.673400E+01 1.180846E+00 1.066885E+01
8.683300E+01 1.181325E+00 1.067134E+01
8.693200E+01 1.181804E+00 1.066943E+01
8.703100E+01 1.182282E+00 1.066753E+01
8.713000E+01 1.182759E+00 1.067002E+01
8.722900E+01 1.183236E+00 1.066813E+01
8.732800E+01 1.183712E+00 1.066624E+01
8.742700E+01 1.184188E+00 1.066874E+01
8.752600E+01 1.184663E+00 1.066686E+01
8.762500E+01 1.185138E+00 1.066498E+01
8.772400E+01 1.185612E+00 1.066748E+01
8.782300E+01 1.186085E+00 1.066562E+01
8.792200E+01 1.186558E+00 1.066375E+01
8.802100E+01 1.187030E+00 1.066626E+01
8.812000E+01 1.187502E+00 1.066440E+01
8.821900E+01 1.187973E+00 1.066255E+01
8.831800E+01 1.188443E+00 1.066506E+01
8.841700E+01 1.188913E+00 1.066321E+01
8.851600E+01 1.189383E+00 1.066572E+01
8.861500E+01 1.189852E+00 1.066389E+01
8.871400E+01 1.190320E+00 1.066206E+01
8.881300E+01 1.190788E+00 1.066457E+01
8.891200E+01 1.191255E+00 1.066274E+01
8.901100E+01 1.191721E+00 1.066093E+01
8.911000E+01 1.192188E+00 1.066344E+01
8.920900E+01 1.192653E+00 1.066163E+01
8.930800E+01 1.193118E+00 1.065982E+01
8.940700E+01 1.193582E+00 1.066234E+01
8.950600E+01 1.194046E+00 1.066054E+01
8.960500E+01 1.194510E+00 1.065875E+01
8.970400E+01 1.194972E+00 1.065696E+01
8.980300E+01 1.195435E+00 1.065948E+01
8.990200E+01 1.195896E+00 1.065770E+01
9.000100E+01 1.196358E+00 1.065592E+01
9.010000E+01 1.196818E+00 1.065845E+01
9.019900E+01 1.197278E+00 1.065668E+01
9.029800E+01 1.197738E+00 1.065491E+01
9.039700E+01 1.198197E+00 1.065744E+01
9.049600E+01 1.198655E+00 1.065568E+01
9.059500E+01 1.199113E+00 1.065393E+01
9.069400E+01 1.199571E+00 1.065646E+01
9.079300E+01 1.200028E+00 1.065471E+01
9.089200E+01 1.200484E+00 1.065297E+01
9.099100E+01 1.200940E+00 1.065550E+01
9.109000E+01 1.201395E+00 1.065376E+01
9.118900E+01 1.201850E+00 1.065203E+01
9.128800E+01 1.202304E+00 1.065457E+01
9.138700E+01 1.202758E+00 1.065285E+01
9.148600E+01 1.203211E+00 1.065113E+01
9.158500E+01 1.203664E+00 1.065367E+01
9.168400E+01 1.204116E+00 1.065195E+01
9.178300E+01 1.204568E+00 1.065024E+01
9.188200E+01 1.205019E+00 1.065279E+01
9.198100E+01 1.205469E+00 1.065108E+01
9.208000E+01 1.205919E+00 1.064938E+01
9.217900E+01 1.206369E+00 1.064769E+01
9.227800E+01 1.206818E+00 1.065024E+01
9.237700E+01 1.207267E+00 1.064855E+01
9.247600E+01 1.207715E+00 1.064687E+01
9.257500E+01 1.208162E+00 1.064942E+01
9.267400E+01 1.208609E+00 1.064774E+01
9.277300E+01 1.209056E+00 1.064607E+01
9.287200E+01 1.209502E+00 1.064862E+01
9.297100E+01 1.209947E+00 1.064696E+01
9.307000E+01 1.210392E+00 1.064530E+01
9.316900E+01 1.210836E+00 1.064785E+01
9.326800E+01 1.211280E+00 1.064620E+01
9.336700E+01 1.211724E+00 1.064455E+01
9.346600E+01 1.212167E+00 1.064290E+01
9.356500E+01 1.212609E+00 1.064546E+01
9.366400E+01 1.213051E+00 1.064382E+01
9.376300E+01 1.213492E+00 1.064219E+01
9.386200E+01 1.213933E+00 1.064475E+01
9.396100E+01 1.214374E+00 1.064312E+01
9.406000E+01 1.214814E+00 1.064149E+01
9.415900E+01 1.215253E+00 1.064406E+01
9.425800E+01 1.215692E+00 1.064244E+01
9.435700E+01 1.216130E+00 1.064082E+01
9.445600E+01 1.216568E+00 1.063921E+01
9.455500E+01 1.217006E+00 1.064178E+01
9.465400E+01 1.217443E+00 1.064018E+01
9.475300E+01 1.217879E+00 1.063858E+01
9.485200E+01 1.218315E+00 1.064115E+01
9.495100E+01 1.218750E+00 1.063955E+01
9.505000E+01 1.219185E+00 1.063796E+01
9.514900E+01 1.219620E+00 1.063638E+01
9.524800E+01 1.220054E+00 1.063895E+01
9.534700E+01 1.220487E+00 1.063737E+01
9.544600E+01 1.220920E+00 1.063580E+01
9.554500E+01 1.221353E+00 1.063837E+01
9.564400E+01 1.221785E+00 1.063680E+01
9.574300E+01 1.222216E+00 1.063524E+01
9.584200E+01 1.222647E+00 1.063368E+01
9.594100E+01 1.223078E+00 1.063626E+01
9.604000E+01 1.223508E+00 1.063470E+01
9.613900E+01 1.223938E+00 1.063315E+01
9.623800E+01 1.224367E+00 1.063573E+01
9.633700E+01 1.224795E+00 1.063418E+01
9.643600E+01 1.225223E+00 1.063264E+01
9.653500E+01 1.225651E+00 1.063111E+01
9.663400E+01 1.226078E+00 1.063369E+01
9.673300E+01 1.226505E+00 1.063216E+01
9.683200E+01 1.226931E+00 1.063063E+01
9.693100E+01 1.227357E+00 1.063322E+01
9.703000E+01 1.227782E+00 1.063169E+01
9.712900E+01 1.228207E+00 1.063018E+01
9.722800E+01 1.228632E+00 1.062866E+01
9.732700E+01 1.229056E+00 1.063125E+01
9.742600E+01 1.229479E+00 1.062974E+01
9.752500E+01 1.229902E+00 1.062824E+01
9.762400E+01 1.230324E+00 1.063083E+01
9.772300E+01 1.230746E+00 1.062933E+01
9.782200E+01 1.231168E+00 1.062783E+01
9.792100E+01 1.231589E+00 1.062634E+01
9.802000E+01 1.232010E+00 1.062894E+01
9.811900E+01 1.232430E+00 1.062745E+01
9.821800E+01 1.232849E+00 1.062597E+01
9.831700E+01 1.233269E+00 1.062449E+01
9.841600E+01 1.233687E+00 1.062709E+01
9.851500E+01 1.234106E+00 1.062562E+01
9.861400E+01 1.234524E+00 1.062415E+01
9.871300E+01 1.234941E+00 1.062675E+01
9.881200E+01 1.235358E+00 1.062528E+01
9.891100E+01 1.235774E+00 1.062382E+01
9.901000E+01 1.236190E+00 1.062236E+01
9.910900E+01 1.236606E+00 1.062497E+01
9.920800E+01 1.237021E+00 1.062352E+01
9.930700E+01 1.237435E+00 1.062207E+01
9.940600E+01 1.237850E+00 1.062063E+01
9.950500E+01 1.238263E+00 1.062323E+01
9.960400E+01 1.238677E+00 1.062179E+01
9.970300E+01 1.239089E+00 1.062036E+01
9.980200E+01 1.239502E+00 1.061893E+01
9.990100E+01 1.239914E+00 1.062154E+01
1.000000E+02 1.240325E+00 1.062011E+01
1.009000E+02 1.244045E+00 1.061497E+01
1.018000E+02 1.247728E+00 1.061405E+01
1.027000E+02 1.251376E+00 1.060932E+01
1.036000E+02 1.254988E+00 1.060480E+01
1.045000E+02 1.258565E+00 1.060441E+01
1.054000E+02 1.262107E+00 1.060027E+01
1.063000E+02 1.265616E+00 1.059632E+01
1.072000E+02 1.269091E+00 1.059256E+01
1.081000E+02 1.272533E+00 1.058898E+01
1.090000E+02 1.275943E+00 1.058558E+01
1.099000E+02 1.279321E+00 1.058235E+01
1.108000E+02 1.282667E+00 1.057929E+01
1.117000E+02 1.285982E+00 1.057639E+01
1.126000E+02 1.289266E+00 1.057366E+01
1.135000E+02 1.292521E+00 1.057109E+01
1.144000E+02 1.295745E+00 1.056494E+01
1.153000E+02 1.298940E+00 1.056269E+01
1.162000E+02 1.302106E+00 1.056058E+01
1.171000E+02 1.305243E+00 1.055494E+01
1.180000E+02 1.308353E+00 1.055313E+01
1.189000E+02 1.311434E+00 1.054782E+01
1.198000E+02 1.314488E+00 1.054630E+01
1.207000E+02 1.317515E+00 1.054130E+01
1.216000E+02 1.320515E+00 1.054005E+01
1.225000E+02 1.323489E+00 1.053535E+01
1.234000E+02 1.326437E+00 1.053436E+01
1.243000E+02 1.329359E+00 1.052994E+01
1.252000E+02 1.332256E+00 1.052568E+01
1.261000E+02 1.335127E+00 1.052155E+01
1.270000E+02 1.337975E+00 1.052106E+01
1.279000E+02 1.340797E+00 1.051720E+01
1.288000E+02 1.343596E+00 1.051347E+01
1.297000E+02 1.346371E+00 1.050987E+01
1.306000E+02 1.349122E+00 1.050640E+01
1.315000E+02 1.351850E+00 1.050306E+01
1.324000E+02 1.354556E+00 1.049985E+01
1.333000E+02 1.357239E+00 1.049675E+01
1.342000E+02 1.359899E+00 1.049377E+01
1.351000E+02 1.362538E+00 1.049091E+01
1.360000E+02 1.365154E+00 1.048816E+01
1.369000E+02 1.367749E+00 1.048553E+01
1.378000E+02 1.370323E+00 1.048300E+01
1.387000E+02 1.372876E+00 1.047727E+01
1.396000E+02 1.375408E+00 1.047497E+01
1.405000E+02 1.377920E+00 1.047277E+01
1.414000E+02 1.380412E+00 1.046740E+01
1.423000E+02 1.382883E+00 1.046542E+01
1.432000E+02 1.385335E+00 1.046353E+01
1.441000E+02 1.387767E+00 1.045850E+01
1.450000E+02 1.390180E+00 1.045682E+01
1.459000E+02 1.392573E+00 1.045200E+01
1.468000E+02 1.394948E+00 1.045052E+01
1.477000E+02 1.397304E+00 1.044592E+01
1.486000E+02 1.399642E+00 1.044462E+01
1.495000E+02 1.401962E+00 1.044023E+01
1.504000E+02 1.404263E+00 1.043911E+01
1.513000E+02 1.406547E+00 1.043492E+01
1.522000E+02 1.408813E+00 1.043083E+01
1.531000E+02 1.411062E+00 1.042998E+01
1.540000E+02 1.413293E+00 1.042608E+01
1.549000E+02 1.415508E+00 1.042228E+01
1.558000E+02 1.417705E+00 1.041857E+01
1.567000E+02 1.419886E+00 1.041496E+01
1.576000E+02 1.422051E+00 1.041453E+01
1.585000E+02 1.424199E+00 1.041109E+01
1.594000E+02 1.426331E+00 1.040774E+01
1.603000E+02 1.428447E+00 1.040449E+01
1.612000E+02 1.430547E+00 1.040132E+01
1.621000E+02 1.432632E+00 1.039823E+01
1.630000E+02 1.434702E+00 1.039523E+01
1.639000E+02 1.436756E+00 1.039232E+01
1.648000E+02 1.438794E+00 1.038948E+01
1.657000E+02 1.440818E+00 1.038673E+01
1.666000E+02 1.442828E+00 1.038405E+01
1.675000E+02 1.444822E+00 1.038145E+01
1.684000E+02 1.446802E+00 1.037597E+01
1.693000E+02 1.448768E+00 1.037353E+01
1.702000E+02 1.450719E+00 1.037117E+01
1.711000E+02 1.452657E+00 1.036888E+01
1.720000E+02 1.454581E+00 1.036667E+01
1.729000E+02 1.456490E+00 1.036160E+01
1.738000E+02 1.458387E+00 1.035954E+01
1.747000E+02 1.460269E+00 1.035754E+01
1.756000E+02 1.462139E+00 1.035272E+01
1.765000E+02 1.463995E+00 1.035086E+01
1.774000E+02 1.465838E+00 1.034907E+01
1.783000E+02 1.467668E+00 1.034448E+01
1.792000E+02 1.469486E+00 1.034283E+01
1.801000E+02 1.471290E+00 1.033839E+01
1.810000E+02 1.473082E+00 1.033687E+01
1.819000E+02 1.474862E+00 1.033258E+01
1.828000E+02 1.476629E+00 1.033119E+01
1.837000E+02 1.478385E+00 1.032704E+01
1.846000E+02 1.480128E+00 1.032577E+01
1.855000E+02 1.481859E+00 1.032176E+01
1.864000E+02 1.483578E+00 1.032062E+01
1.873000E+02 1.485286E+00 1.031674E+01
1.882000E+02 1.486982E+00 1.031294E+01
1.891000E+02 1.488666E+00 1.031198E+01
1.900000E+02 1.490339E+00 1.030830E+01
1.909000E+02 1.492001E+00 1.030470E+01
1.918000E+02 1.493652E+00 1.030116E+01
1.927000E+02 1.495291E+00 1.030043E+01
1.936000E+02 1.496920E+00 1.029701E+01
1.945000E+02 1.498537E+00 1.029366E+01
1.954000E+02 1.500144E+00 1.029037E+01
1.963000E+02 1.501741E+00 1.028986E+01
1.972000E+02 1.503326E+00 1.028668E+01
1.981000E+02 1.504901E+00 1.028357E+01
1.990000E+02 1.506466E+00 1.028052E+01
1.999000E+02 1.508021E+00 1.027753E+01
2.008000E+02 1.509565E+00 1.027459E+01
2.017000E+02 1.511100E+00 1.027172E+01
2.026000E+02 1.512624E+00 1.026890E+01
2.035000E+02 1.514138E+00 1.026614E+01
2.044000E+02 1.515643E+00 1.026343E+01
2.053000E+02 1.517138E+00 1.026078E+01
2.062000E+02 1.518623E+00 1.025818E+01
2.071000E+02 1.520099E+00 1.025564E+01
2.080000E+02 1.521565E+00 1.025315E+01
2.089000E+02 1.523022E+00 1.025071E+01
2.098000E+02 1.524469E+00 1.024833E+01
2.107000E+02 1.525907E+00 1.024599E+01
2.116000E+02 1.527337E+00 1.024111E+01
2.125000E+02 1.528757E+00 1.023888E+01
2.134000E+02 1.530168E+00 1.023670E+01
2.143000E+02 1.531570E+00 1.023457E+01
2.152000E+02 1.532963E+00 1.023249E+01
2.161000E+02 1.534348E+00 1.022788E+01
2.170000E+02 1.535724E+00 1.022590E+01
2.179000E+02 1.537091E+00 1.022397E+01
2.188000E+02 1.538450E+00 1.022208E+01
2.197000E+02 1.539800E+00 1.021768E+01
2.206000E+02 1.541142E+00 1.021589E+01
2.215000E+02 1.542476E+00 1.021414E+01
2.224000E+02 1.543802E+00 1.020991E+01
2.233000E+02 1.545119E+00 1.020825E+01
2.242000E+02 1.546428E+00 1.020412E+01
2.251000E+02 1.547729E+00 1.020255E+01
2.260000E+02 1.549022E+00 1.020103E+01
2.269000E+02 1.550308E+00 1.019704E+01
2.278000E+02 1.551585E+00 1.019561E+01
2.287000E+02 1.552855E+00 1.019172E+01
2.296000E+02 1.554117E+00 1.019037E+01
2.305000E+02 1.555371E+00 1.018658E+01
2.314000E+02 1.556618E+00 1.018531E+01
2.323000E+02 1.557857E+00 1.018161E+01
2.332000E+02 1.559089E+00 1.018043E+01
2.341000E+02 1.560314E+00 1.017682E+01
2.350000E+02 1.561531E+00 1.017326E+01
2.359000E+02 1.562740E+00 1.017220E+01
2.368000E+02 1.563943E+00 1.016873E+01
2.377000E+02 1.565139E+00 1.016774E+01
2.386000E+02 1.566327E+00 1.016436E+01
2.395000E+02 1.567508E+00 1.016102E+01
2.404000E+02 1.568683E+00 1.016015E+01
2.413000E+02 1.569850E+00 1.015690E+01
2.422000E+02 1.571011E+00 1.015368E+01
2.431000E+02 1.572164E+00 1.015052E+01
2.440000E+02 1.573311E+00 1.014980E+01
2.449000E+02 1.574452E+00 1.014671E+01
2.458000E+02 1.575585E+00 1.014367E+01
2.467000E+02 1.576712E+00 1.014067E+01
2.476000E+02 1.577833E+00 1.014009E+01
2.485000E+02 1.578947E+00 1.013717E+01
2.494000E+02 1.580054E+00 1.013428E+01
2.503000E+02 1.581155E+00 1.013144E+01
2.512000E+02 1.582250E+00 1.012864E+01
2.521000E+02 1.583338E+00 1.012587E+01
2.530000E+02 1.584421E+00 1.012550E+01
2.539000E+02 1.585497E+00 1.012281E+01
2.548000E+02 1.586566E+00 1.012016E+01
2.557000E+02 1.587630E+00 1.011754E+01
2.566000E+02 1.588688E+00 1.011497E+01
2.575000E+02 1.589739E+00 1.011243E+01
2.584000E+02 1.590785E+00 1.010992E+01
2.593000E+02 1.591825E+00 1.010745E+01
2.602000E+02 1.592859E+00 1.010502E+01
2.611000E+02 1.593887E+00 1.010263E+01
2.620000E+02 1.594909E+00 1.010027E+01
2.629000E+02 1.595926E+00 1.009794E+01
2.638000E+02 1.596936E+00 1.009565E+01
2.647000E+02 1.597941E+00 1.009340E+01
2.656000E+02 1.598941E+00 1.009118E+01
2.665000E+02 1.599935E+00 1.008899E+01
2.674000E+02 1.600923E+00 1.008684E+01
2.683000E+02 1.601906E+00 1.008471E+01
2.692000E+02 1.602883E+00 1.008035E+01
2.701000E+02 1.603855E+00 1.007830E+01
2.710000E+02 1.604822E+00 1.007628E+01
2.719000E+02 1.605783E+00 1.007429E+01
2.728000E+02 1.606739E+00 1.007234E+01
2.737000E+02 1.607690E+00 1.007041E+01
2.746000E+02 1.608636E+00 1.006626E+01
2.755000E+02 1.609576E+00 1.006441E+01
2.764000E+02 1.610511E+00 1.006258E+01
2.773000E+02 1.611441E+00 1.006078E+01
2.782000E+02 1.612366E+00 1.005678E+01
2.791000E+02 1.613286E+00 1.005504E+01
2.800000E+02 1.614201E+00 1.005334E+01
2.809000E+02 1.615111E+00 1.005166E+01
2.818000E+02 1.616016E+00 1.004780E+01
2.827000E+02 1.616916E+00 1.004618E+01
2.836000E+02 1.617811E+00 1.004460E+01
2.845000E+02 1.618702E+00 1.004083E+01
2.854000E+02 1.619587E+00 1.003930E+01
2.863000E+02 1.620468E+00 1.003780E+01
2.872000E+02 1.621344E+00 1.003413E+01
2.881000E+02 1.622216E+00 1.003270E+01
2.890000E+02 1.623083E+00 1.003128E+01
2.899000E+02 1.623945E+00 1.002771E+01
2.908000E+02 1.624803E+00 1.002635E+01
2.917000E+02 1.625656E+00 1.002284E+01
2.926000E+02 1.626504E+00 1.002154E+01
2.935000E+02 1.627348E+00 1.001809E+01
2.944000E+02 1.628188E+00 1.001685E+01
2.953000E+02 1.629023E+00 1.001563E+01
2.962000E+02 1.629853E+00 1.001227E+01
2.971000E+02 1.630680E+00 1.001110E+01
2.980000E+02 1.631502E+00 1.000780E+01
2.989000E+02 1.632319E+00 1.000669E+01
2.998000E+02 1.633133E+00 1.000345E+01
3.007000E+02 1.633942E+00 1.000024E+01
3.016000E+02 1.634746E+00 9.999208E+00
3.025000E+02 1.635547E+00 9.996058E+00
3.034000E+02 1.636344E+00 9.995074E+00
3.043000E+02 1.637136E+00 9.991980E+00
3.052000E+02 1.637924E+00 9.991045E+00
3.061000E+02 1.638708E+00 9.988007E+00
3.070000E+02 1.639488E+00 9.984998E+00
3.079000E+02 1.640264E+00 9.984138E+00
3.088000E+02 1.641036E+00 9.981184E+00
3.097000E+02 1.641804E+00 9.978259E+00
3.106000E+02 1.642568E+00 9.977471E+00
3.115000E+02 1.643328E+00 9.974599E+00
3.124000E+02 1.644085E+00 9.973858E+00
3.133000E+02 1.644837E+00 9.971039E+00
3.142000E+02 1.645586E+00 9.968246E+00
3.151000E+02 1.646330E+00 9.965482E+00
3.160000E+02 1.647071E+00 9.964835E+00
3.169000E+02 1.647808E+00 9.962121E+00
3.178000E+02 1.648541E+00 9.959434E+00
3.187000E+02 1.649271E+00 9.956774E+00
3.196000E+02 1.649997E+00 9.956217E+00
3.205000E+02 1.650719E+00 9.953606E+00
3.214000E+02 1.651438E+00 9.951021E+00
3.223000E+02 1.652153E+00 9.948462E+00
3.232000E+02 1.652864E+00 9.947994E+00
3.241000E+02 1.653572E+00 9.945482E+00
3.250000E+02 1.654276E+00 9.942996E+00
3.259000E+02 1.654976E+00 9.940534E+00
3.268000E+02 1.655673E+00 9.938098E+00
3.277000E+02 1.656367E+00 9.935686E+00
3.286000E+02 1.657057E+00 9.935346E+00
3.295000E+02 1.657744E+00 9.932980E+00
3.304000E+02 1.658427E+00 9.930638E+00
3.313000E+02 1.659107E+00 9.928320E+00
3.322000E+02 1.659783E+00 9.926025E+00
3.331000E+02 1.660456E+00 9.923755E+00
3.340000E+02 1.661126E+00 9.921507E+00
3.349000E+02 1.661792E+00 9.919283E+00
3.358000E+02 1.662455E+00 9.917082E+00
3.367000E+02 1.663115E+00 9.914904E+00
3.376000E+02 1.663772E+00 9.914768E+00
3.385000E+02 1.664425E+00 9.912632E+00
3.394000E+02 1.665075E+00 9.910519E+00
3.403000E+02 1.665722E+00 9.908428E+00
3.412000E+02 1.666366E+00 9.906360E+00
3.421000E+02 1.667006E+00 9.904313E+00
3.430000E+02 1.667644E+00 9.902288E+00
3.439000E+02 1.668278E+00 9.900285E+00
3.448000E+02 1.668909E+00 9.898303E+00
3.457000E+02 1.669537E+00 9.896343E+00
3.466000E+02 1.670162E+00 9.892412E+00
3.475000E+02 1.670784E+00 9.890497E+00
3.484000E+02 1.671403E+00 9.888602E+00
3.493000E+02 1.672019E+00 9.886729E+00
3.502000E+02 1.672632E+00 9.884875E+00
3.511000E+02 1.673242E+00 9.883043E+00
3.520000E+02 1.673849E+00 9.881230E+00
3.529000E+02 1.674453E+00 9.879438E+00
3.538000E+02 1.675054E+00 9.877666E+00
3.547000E+02 1.675652E+00 9.875913E+00
3.556000E+02 1.676247E+00 9.874181E+00
3.565000E+02 1.676840E+00 9.870506E+00
3.574000E+02 1.677429E+00 9.868815E+00
3.583000E+02 1.678016E+00 9.867144E+00
3.592000E+02 1.678600E+00 9.865492E+00
3.601000E+02 1.679181E+00 9.863859E+00
3.610000E+02 1.679760E+00 9.862245E+00
3.619000E+02 1.680335E+00 9.858702E+00
3.628000E+02 1.680908E+00 9.857128E+00
3.637000E+02 1.681478E+00 9.855573E+00
3.646000E+02 1.682045E+00 9.854036E+00
3.655000E+02 1.682610E+00 9.852518E+00
3.664000E+02 1.683172E+00 9.849083E+00
3.673000E+02 1.683731E+00 9.847603E+00
3.682000E+02 1.684288E+00 9.846141E+00
3.691000E+02 1.684842E+00 9.844697E+00
3.700000E+02 1.685393E+00 9.841346E+00
3.709000E+02 1.685942E+00 9.839940E+00
3.718000E+02 1.686488E+00 9.838552E+00
3.727000E+02 1.687032E+00 9.835263E+00
3.736000E+02 1.687573E+00 9.833911E+00
3.745000E+02 1.688111E+00 9.832577E+00
3.754000E+02 1.688647E+00 9.831260E+00
3.763000E+02 1.689181E+00 9.828051E+00
3.772000E+02 1.689712E+00 9.826770E+00
3.781000E+02 1.690240E+00 9.825505E+00
3.790000E+02 1.690766E+00 9.822356E+00
3.799000E+02 1.691289E+00 9.821127E+00
3.808000E+02 1.691811E+00 9.818018E+00
3.817000E+02 1.692329E+00 9.816824E+00
3.826000E+02 1.692845E+00 9.815646E+00
3.835000E+02 1.693359E+00 9.812594E+00
3.844000E+02 1.693870E+00 9.811450E+00
3.853000E+02 1.694379E+00 9.810323E+00
3.862000E+02 1.694886E+00 9.807328E+00
3.871000E+02 1.695390E+00 9.806234E+00
3.880000E+02 1.695892E+00 9.803277E+00
3.889000E+02 1.696392E+00 9.802216E+00
3.898000E+02 1.696889E+00 9.799296E+00
3.907000E+02 1.697384E+00 9.798268E+00
3.916000E+02 1.697877E+00 9.797255E+00
3.925000E+02 1.698367E+00 9.794390E+00
3.934000E+02 1.698855E+00 9.793410E+00
3.943000E+02 1.699341E+00 9.790581E+00
3.952000E+02 1.699825E+00 9.789632E+00
3.961000E+02 1.700306E+00 9.786839E+00
3.970000E+02 1.700785E+00 9.785922E+00
3.979000E+02 1.701262E+00 9.783164E+00
3.988000E+02 1.701737E+00 9.782278E+00
3.997000E+02 1.702210E+00 9.779556E+00
4.006000E+02 1.702680E+00 9.778700E+00
4.015000E+02 1.703148E+00 9.776013E+00
4.024000E+02 1.703615E+00 9.773344E+00
4.033000E+02 1.704079E+00 9.772534E+00
4.042000E+02 1.704540E+00 9.769899E+00
4.051000E+02 1.705000E+00 9.769120E+00
4.060000E+02 1.705458E+00 9.766518E+00
4.069000E+02 1.705914E+00 9.765768E+00
4.078000E+02 1.706367E+00 9.763200E+00
4.087000E+02 1.706819E+00 9.760650E+00
4.096000E+02 1.707268E+00 9.759944E+00
4.105000E+02 1.707715E+00 9.757426E+00
4.114000E+02 1.708161E+00 9.756749E+00
4.123000E+02 1.708604E+00 9.754264E+00
4.132000E+02 1.709045E+00 9.751795E+00
4.141000E+02 1.709485E+00 9.751161E+00
4.150000E+02 1.709922E+00 9.748725E+00
4.159000E+02 1.710357E+00 9.746305E+00
4.168000E+02 1.710791E+00 9.745714E+00
4.177000E+02 1.711222E+00 9.743325E+00
4.186000E+02 1.711652E+00 9.740953E+00
4.195000E+02 1.712079E+00 9.740403E+00
4.204000E+02 1.712505E+00 9.738062E+00
4.213000E+02 1.712929E+00 9.735737E+00
4.222000E+02 1.713351E+00 9.735228E+00
4.231000E+02 1.713770E+00 9.732934E+00
4.240000E+02 1.714189E+00 9.730655E+00
4.249000E+02 1.714605E+00 9.730186E+00
4.258000E+02 1.715019E+00 9.727937E+00
4.267000E+02 1.715431E+00 9.725704E+00
4.276000E+02 1.715842E+00 9.723486E+00
4.285000E+02 1.716251E+00 9.723070E+00
4.294000E+02 1.716658E+00 9.720882E+00
4.303000E+02 1.717063E+00 9.718709E+00
4.312000E+02 1.717466E+00 9.716551E+00
4.321000E+02 1.717868E+00 9.716187E+00
4.330000E+02 1.718268E+00 9.714057E+00
4.339000E+02 1.718665E+00 9.711943E+00
4.348000E+02 1.719062E+00 9.709844E+00
4.357000E+02 1.719456E+00 9.707759E+00
4.366000E+02 1.719849E+00 9.707459E+00
4.375000E+02 1.720240E+00 9.705402E+00
4.384000E+02 1.720629E+00 9.703360E+00
4.393000E+02 1.721016E+00 9.701332E+00
4.402000E+02 1.721402E+00 9.699319E+00
4.411000E+02 1.721786E+00 9.699081E+00
4.420000E+02 1.722169E+00 9.697095E+00
4.429000E+02 1.722549E+00 9.695122E+00
4.438000E+02 1.722928E+00 9.693165E+00
4.447000E+02 1.723306E+00 9.691221E+00
4.456000E+02 1.723681E+00 9.689291E+00
4.465000E+02 1.724055E+00 9.687376E+00
4.474000E+02 1.724428E+00 9.687222E+00
4.483000E+02 1.724798E+00 9.685333E+00
4.492000E+02 1.725167E+00 9.683456E+00
4.501000E+02 1.725535E+00 9.681594E+00
4.510000E+02 1.725901E+00 9.679745E+00
4.519000E+02 1.726265E+00 9.677910E+00
4.528000E+02 1.726628E+00 9.676089E+00
4.537000E+02 1.726989E+00 9.674280E+00
4.546000E+02 1.727348E+00 9.672485E+00
4.555000E+02 1.727706E+00 9.670703E+00
4.564000E+02 1.728062E+00 9.668935E+00
4.573000E+02 1.728417E+00 9.667179E+00
4.582000E+02 1.728770E+00 9.665437E+00
4.591000E+02 1.729122E+00 9.665434E+00
4.600000E+02 1.729472E+00 9.663716E+00
4.609000E+02 1.729821E+00 9.662010E+00
4.618000E+02 1.730168E+00 9.660318E+00
4.627000E+02 1.730514E+00 9.658638E+00
4.636000E+02 1.730858E+00 9.656971E+00
4.645000E+02 1.731200E+00 9.655316E+00
4.654000E+02 1.731541E+00 9.653674E+00
4.663000E+02 1.731881E+00 9.652044E+00
4.672000E+02 1.732219E+00 9.650427E+00
4.681000E+02 1.732556E+00 9.648822E+00
4.690000E+02 1.732891E+00 9.647230E+00
4.699000E+02 1.733225E+00 9.645649E+00
4.708000E+02 1.733557E+00 9.644081E+00
4.717000E+02 1.733888E+00 9.640821E+00
4.726000E+02 1.734217E+00 9.639279E+00
4.735000E+02 1.734545E+00 9.637748E+00
4.744000E+02 1.734872E+00 9.636230E+00
4.753000E+02 1.735197E+00 9.634723E+00
4.762000E+02 1.735521E+00 9.633228E+00
4.771000E+02 1.735843E+00 9.631745E+00
4.780000E+02 1.736164E+00 9.630273E+00
4.789000E+02 1.736484E+00 9.628813E+00
4.798000E+02 1.736802E+00 9.627365E+00
4.807000E+02 1.737119E+00 9.625928E+00
4.816000E+02 1.737434E+00 9.624502E+00
4.825000E+02 1.737749E+00 9.623088E+00
4.834000E+02 1.738061E+00 9.620002E+00
4.843000E+02 1.738373E+00 9.618612E+00
4.852000E+02 1.738683E+00 9.617234E+00
4.861000E+02 1.738992E+00 9.615866E+00
4.870000E+02 1.739299E+00 9.614510E+00
4.879000E+02 1.739605E+00 9.613165E+00
4.888000E+02 1.739910E+00 9.611830E+00
4.897000E+02 1.740213E+00 9.608834E+00
4.906000E+02 1.740516E+00 9.607523E+00
4.915000E+02 1.740816E+00 9.606223E+00
4.924000E+02 1.741116E+00 9.604934E+00
4.933000E+02 1.741414E+00 9.603655E+00
4.942000E+02 1.741711E+00 9.602388E+00
4.951000E+02 1.742007E+00 9.599467E+00
4.960000E+02 1.742302E+00 9.598221E+00
4.969000E+02 1.742595E+00 9.596987E+00
4.978000E+02 1.742887E+00 9.595763E+00
4.987000E+02 1.743178E+00 9.594549E+00
4.996000E+02 1.743467E+00 9.591689E+00
5.005000E+02 1.743755E+00 9.590498E+00
5.014000E+02 1.744043E+00 9.589316E+00
5.023000E+02 1.744328E+00 9.588145E+00
5.032000E+02 1.744613E+00 9.585334E+00
5.041000E+02 1.744896E+00 9.584185E+00
5.050000E+02 1.745178E+00 9.583045E+00
5.059000E+02 1.745459E+00 9.581916E+00
5.068000E+02 1.745739E+00 9.579152E+00
5.077000E+02 1.746018E+00 9.578044E+00
5.086000E+02 1.746295E+00 9.576947E+00
5.095000E+02 1.746571E+00 9.575859E+00
5.104000E+02 1.746846E+00 9.573141E+00
5.113000E+02 1.747120E+00 9.572074E+00
5.122000E+02 1.747393E+00 9.571017E+00
5.131000E+02 1.747665E+00 9.569969E+00
5.140000E+02 1.747935E+00 9.567297E+00
5.149000E+02 1.748204E+00 9.566270E+00
5.158000E+02 1.748472E+00 9.565253E+00
5.167000E+02 1.748739E+00 9.562615E+00
5.176000E+02 1.749005E+00 9.561618E+00
5.185000E+02 1.749270E+00 9.560630E+00
5.194000E+02 1.749534E+00 9.558026E+00
5.203000E+02 1.749796E+00 9.557058E+00
5.212000E+02 1.750057E+00 9.556100E+00
5.221000E+02 1.750318E+00 9.553529E+00
5.230000E+02 1.750577E+00 9.552590E+00
5.239000E+02 1.750835E+00 9.551661E+00
5.248000E+02 1.751092E+00 9.549122E+00
5.257000E+02 1.751348E+00 9.548212E+00
5.266000E+02 1.751603E+00 9.547312E+00
5.275000E+02 1.751856E+00 9.544806E+00
5.284000E+02 1.752109E+00 9.543924E+00
5.293000E+02 1.752360E+00 9.541440E+00
5.302000E+02 1.752611E+00 9.540577E+00
5.311000E+02 1.752860E+00 9.539723E+00
5.320000E+02 1.753109E+00 9.537271E+00
5.329000E+02 1.753356E+00 9.536436E+00
5.338000E+02 1.753603E+00 9.534005E+00
5.347000E+02 1.753848E+00 9.533188E+00
5.356000E+02 1.754092E+00 9.532381E+00
5.365000E+02 1.754335E+00 9.529981E+00
5.374000E+02 1.754578E+00 9.529191E+00
5.383000E+02 1.754819E+00 9.526812E+00
5.392000E+02 1.755059E+00 9.526041E+00
5.401000E+02 1.755298E+00 9.523682E+00
5.410000E+02 1.755536E+00 9.522929E+00
5.419000E+02 1.755773E+00 9.522185E+00
5.428000E+02 1.756009E+00 9.519856E+00
5.437000E+02 1.756245E+00 9.519130E+00
5.446000E+02 1.756479E+00 9.516821E+00
5.455000E+02 1.756712E+00 9.516112E+00
5.464000E+02 1.756944E+00 9.513824E+00
5.473000E+02 1.757175E+00 9.513133E+00
5.482000E+02 1.757406E+00 9.510865E+00
5.491000E+02 1.757635E+00 9.510190E+00
5.500000E+02 1.757863E+00 9.507942E+00
5.509000E+02 1.758090E+00 9.507285E+00
5.518000E+02 1.758317E+00 9.505056E+00
5.527000E+02 1.758542E+00 9.504417E+00
5.536000E+02 1.758767E+00 9.502207E+00
5.545000E+02 1.758990E+00 9.501584E+00
5.554000E+02 1.759213E+00 9.499394E+00
5.563000E+02 1.759435E+00 9.498788E+00
5.572000E+02 1.759655E+00 9.496617E+00
5.581000E+02 1.759875E+00 9.496028E+00
5.590000E+02 1.760094E+00 9.493876E+00
5.599000E+02 1.760312E+00 9.493303E+00
5.608000E+02 1.760529E+00 9.491170E+00
5.617000E+02 1.760745E+00 9.490613E+00
5.626000E+02 1.760961E+00 9.488499E+00
5.635000E+02 1.761175E+00 9.486394E+00
5.644000E+02 1.761388E+00 9.485862E+00
5.653000E+02 1.761601E+00 9.483776E+00
5.662000E+02 1.761813E+00 9.483260E+00
5.671000E+02 1.762023E+00 9.481193E+00
5.680000E+02 1.762233E+00 9.480693E+00
5.689000E+02 1.762442E+00 9.478643E+00
5.698000E+02 1.762650E+00 9.476603E+00
5.707000E+02 1.762858E+00 9.476127E+00
5.716000E+02 1.763064E+00 9.474105E+00
5.725000E+02 1.763269E+00 9.473645E+00
5.734000E+02 1.763474E+00 9.471641E+00
5.743000E+02 1.763678E+00 9.469646E+00
5.752000E+02 1.763881E+00 9.469209E+00
5.761000E+02 1.764083E+00 9.467232E+00
5.770000E+02 1.764284E+00 9.465264E+00
5.779000E+02 1.764485E+00 9.464851E+00
5.788000E+02 1.764684E+00 9.462900E+00
5.797000E+02 1.764883E+00 9.462502E+00
5.806000E+02 1.765081E+00 9.460569E+00
5.815000E+02 1.765278E+00 9.458644E+00
5.824000E+02 1.765474E+00 9.458269E+00
5.833000E+02 1.765670E+00 9.456362E+00
5.842000E+02 1.765864E+00 9.454463E+00
5.851000E+02 1.766058E+00 9.454111E+00
5.860000E+02 1.766251E+00 9.452229E+00
5.869000E+02 1.766443E+00 9.450357E+00
5.878000E+02 1.766634E+00 9.450027E+00
5.887000E+02 1.766825E+00 9.448170E+00
5.896000E+02 1.767015E+00 9.446323E+00
5.905000E+02 1.767204E+00 9.446015E+00
5.914000E+02 1.767392E+00 9.444184E+00
5.923000E+02 1.767579E+00 9.442362E+00
5.932000E+02 1.767766E+00 9.442076E+00
5.941000E+02 1.767952E+00 9.440270E+00
5.950000E+02 1.768137E+00 9.438473E+00
5.959000E+02 1.768321E+00 9.436684E+00
5.968000E+02 1.768505E+00 9.436427E+00
5.977000E+02 1.768687E+00 9.434654E+00
5.986000E+02 1.768869E+00 9.432890E+00
5.995000E+02 1.769050E+00 9.431134E+00
6.004000E+02 1.769231E+00 9.430906E+00
6.013000E+02 1.769410E+00 9.429166E+00
6.022000E+02 1.769589E+00 9.427434E+00
6.031000E+02 1.769768E+00 9.427227E+00
6.040000E+02 1.769945E+00 9.425510E+00
6.049000E+02 1.770122E+00 9.423803E+00
6.058000E+02 1.770298E+00 9.422103E+00
6.067000E+02 1.770473E+00 9.421923E+00
6.076000E+02 1.770647E+00 9.420239E+00
6.085000E+02 1.770821E+00 9.418563E+00
6.094000E+02 1.770994E+00 9.416894E+00
6.103000E+02 1.771166E+00 9.415235E+00
6.112000E+02 1.771338E+00 9.415089E+00
6.121000E+02 1.771509E+00 9.413444E+00
6.130000E+02 1.771679E+00 9.411807E+00
6.139000E+02 1.771848E+00 9.410178E+00
6.148000E+02 1.772017E+00 9.408557E+00
6.157000E+02 1.772185E+00 9.408445E+00
6.166000E+02 1.772352E+00 9.406839E+00
6.175000E+02 1.772519E+00 9.405240E+00
6.184000E+02 1.772684E+00 9.403650E+00
6.193000E+02 1.772850E+00 9.402067E+00
6.202000E+02 1.773014E+00 9.401988E+00
6.211000E+02 1.773178E+00 9.400420E+00
6.220000E+02 1.773341E+00 9.398859E+00
6.229000E+02 1.773503E+00 9.397306E+00
6.238000E+02 1.773665E+00 9.395761E+00
6.247000E+02 1.773826E+00 9.394223E+00
6.256000E+02 1.773986E+00 9.394183E+00
6.265000E+02 1.774146E+00 9.392660E+00
6.274000E+02 1.774305E+00 9.391144E+00
6.283000E+02 1.774463E+00 9.389635E+00
6.292000E+02 1.774621E+00 9.388134E+00
6.301000E+02 1.774778E+00 9.386640E+00
6.310000E+02 1.774935E+00 9.385154E+00
6.319000E+02 1.775090E+00 9.385159E+00
6.328000E+02 1.775245E+00 9.383687E+00
6.337000E+02 1.775400E+00 9.382222E+00
6.346000E+02 1.775553E+00 9.380764E+00
6.355000E+02 1.775706E+00 9.379314E+00
6.364000E+02 1.775859E+00 9.377870E+00
6.373000E+02 1.776011E+00 9.376434E+00
6.382000E+02 1.776162E+00 9.375006E+00
6.391000E+02 1.776312E+00 9.373584E+00
6.400000E+02 1.776462E+00 9.373645E+00
6.409000E+02 1.776611E+00 9.372237E+00
6.418000E+02 1.776760E+00 9.370836E+00
6.427000E+02 1.776908E+00 9.369442E+00
6.436000E+02 1.777055E+00 9.368055E+00
6.445000E+02 1.777202E+00 9.366675E+00
6.454000E+02 1.777348E+00 9.365302E+00
6.463000E+02 1.777493E+00 9.363936E+00
6.472000E+02 1.777638E+00 9.362578E+00
6.481000E+02 1.777783E+00 9.361226E+00
6.490000E+02 1.777926E+00 9.359881E+00
6.499000E+02 1.778069E+00 9.358542E+00
6.508000E+02 1.778212E+00 9.357211E+00
6.517000E+02 1.778353E+00 9.355887E+00
6.526000E+02 1.778495E+00 9.356032E+00
6.535000E+02 1.778635E+00 9.354720E+00
6.544000E+02 1.778775E+00 9.353415E+00
6.553000E+02 1.778915E+00 9.352116E+00
6.562000E+02 1.779054E+00 9.350825E+00
6.571000E+02 1.779192E+00 9.349540E+00
6.580000E+02 1.779329E+00 9.348262E+00
6.589000E+02 1.779466E+00 9.346990E+00
6.598000E+02 1.779603E+00 9.345726E+00
6.607000E+02 1.779739E+00 9.344467E+00
6.616000E+02 1.779874E+00 9.343216E+00
6.625000E+02 1.780009E+00 9.341971E+00
6.634000E+02 1.780143E+00 9.340732E+00
6.643000E+02 1.780277E+00 9.339500E+00
6.652000E+02 1.780410E+00 9.338274E+00
6.661000E+02 1.780542E+00 9.337055E+00
6.670000E+02 1.780674E+00 9.335843E+00
6.679000E+02 1.780805E+00 9.334636E+00
6.688000E+02 1.780936E+00 9.333437E+00
6.697000E+02 1.781066E+00 9.332243E+00
6.706000E+02 1.781196E+00 9.331056E+00
6.715000E+02 1.781325E+00 9.329876E+00
6.724000E+02 1.781453E+00 9.328701E+00
6.733000E+02 1.781581E+00 9.327533E+00
6.742000E+02 1.781709E+00 9.326371E+00
6.751000E+02 1.781836E+00 9.325216E+00
6.760000E+02 1.781962E+00 9.322627E+00
6.769000E+02 1.782088E+00 9.321484E+00
6.778000E+02 1.782213E+00 9.320348E+00
6.787000E+02 1.782338E+00 9.319218E+00
6.796000E+02 1.782462E+00 9.318095E+00
6.805000E+02 1.782585E+00 9.316977E+00
6.814000E+02 1.782708E+00 9.315866E+00
6.823000E+02 1.782831E+00 9.314760E+00
6.832000E+02 1.782953E+00 9.313661E+00
6.841000E+02 1.783075E+00 9.312567E+00
6.850000E+02 1.783196E+00 9.311480E+00
6.859000E+02 1.783316E+00 9.310399E+00
6.868000E+02 1.783436E+00 9.309324E+00
6.877000E+02 1.783555E+00 9.308254E+00
6.886000E+02 1.783674E+00 9.305763E+00
6.895000E+02 1.783793E+00 9.304706E+00
6.904000E+02 1.783910E+00 9.303656E+00
6.913000E+02 1.784028E+00 9.302611E+00
6.922000E+02 1.784145E+00 9.301572E+00
6.931000E+02 1.784261E+00 9.300539E+00
6.940000E+02 1.784377E+00 9.299511E+00
6.949000E+02 1.784492E+00 9.298490E+00
6.958000E+02 1.784607E+00 9.297474E+00
6.967000E+02 1.784721E+00 9.295044E+00
6.976000E+02 1.784835E+00 9.294040E+00
6.985000E+02 1.784948E+00 9.293043E+00
6.994000E+02 1.785061E+00 9.292051E+00
7.003000E+02 1.785174E+00 9.291065E+00
7.012000E+02 1.785285E+00 9.290084E+00
7.021000E+02 1.785397E+00 9.289109E+00
7.030000E+02 1.785508E+00 9.288140E+00
7.039000E+02 1.785618E+00 9.285762E+00
7.048000E+02 1.785728E+00 9.284805E+00
7.057000E+02 1.785837E+00 9.283853E+00
7.066000E+02 1.785946E+00 9.282907E+00
7.075000E+02 1.786055E+00 9.281967E+00
7.084000E+02 1.786163E+00 9.281032E+00
7.093000E+02 1.786270E+00 9.278693E+00
7.102000E+02 1.786377E+00 9.277770E+00
7.111000E+02 1.786484E+00 9.276852E+00
7.120000E+02 1.786590E+00 9.275940E+00
7.129000E+02 1.786696E+00 9.275033E+00
7.138000E+02 1.786801E+00 9.274132E+00
7.147000E+02 1.786906E+00 9.271831E+00
7.156000E+02 1.787010E+00 9.270941E+00
7.165000E+02 1.787114E+00 9.270056E+00
7.174000E+02 1.787217E+00 9.269177E+00
7.183000E+02 1.787320E+00 9.268304E+00
7.192000E+02 1.787422E+00 9.266034E+00
7.201000E+02 1.787524E+00 9.265172E+00
7.210000E+02 1.787626E+00 9.264315E+00
7.219000E+02 1.787727E+00 9.263463E+00
7.228000E+02 1.787827E+00 9.262616E+00
7.237000E+02 1.787927E+00 9.260378E+00
7.246000E+02 1.788027E+00 9.259542E+00
7.255000E+02 1.788126E+00 9.258712E+00
7.264000E+02 1.788225E+00 9.257887E+00
7.273000E+02 1.788323E+00 9.255673E+00
7.282000E+02 1.788421E+00 9.254859E+00
7.291000E+02 1.788519E+00 9.254050E+00
7.300000E+02 1.788616E+00 9.253247E+00
7.309000E+02 1.788713E+00 9.251057E+00
7.318000E+02 1.788809E+00 9.250264E+00
7.327000E+02 1.788904E+00 9.249476E+00
7.336000E+02 1.789000E+00 9.248694E+00
7.345000E+02 1.789095E+00 9.246528E+00
7.354000E+02 1.789189E+00 9.245756E+00
7.363000E+02 1.789283E+00 9.244989E+00
7.372000E+02 1.789377E+00 9.244227E+00
7.381000E+02 1.789470E+00 9.242085E+00
7.390000E+02 1.789563E+00 9.241334E+00
7.399000E+02 1.789655E+00 9.240588E+00
7.408000E+02 1.789747E+00 9.239847E+00
7.417000E+02 1.789839E+00 9.237728E+00
7.426000E+02 1.789930E+00 9.236997E+00
7.435000E+02 1.790020E+00 9.236271E+00
7.444000E+02 1.790111E+00 9.234170E+00
7.453000E+02 1.790200E+00 9.233455E+00
7.462000E+02 1.790290E+00 9.232744E+00
7.471000E+02 1.790379E+00 9.232038E+00
7.480000E+02 1.790468E+00 9.229960E+00
7.489000E+02 1.790556E+00 9.229264E+00
7.498000E+02 1.790644E+00 9.228574E+00
7.507000E+02 1.790731E+00 9.226513E+00
7.516000E+02 1.790818E+00 9.225832E+00
7.525000E+02 1.790905E+00 9.225156E+00
7.534000E+02 1.790991E+00 9.223112E+00
7.543000E+02 1.791077E+00 9.222447E+00
7.552000E+02 1.791162E+00 9.221786E+00
7.561000E+02 1.791247E+00 9.219759E+00
7.570000E+02 1.791332E+00 9.219108E+00
7.579000E+02 1.791416E+00 9.218461E+00
7.588000E+02 1.791500E+00 9.216451E+00
7.597000E+02 1.791583E+00 9.215815E+00
7.606000E+02 1.791667E+00 9.215183E+00
7.615000E+02 1.791749E+00 9.213189E+00
7.624000E+02 1.791832E+00 9.212567E+00
7.633000E+02 1.791914E+00 9.211950E+00
7.642000E+02 1.791995E+00 9.209973E+00
7.651000E+02 1.792076E+00 9.209365E+00
7.660000E+02 1.792157E+00 9.208762E+00
7.669000E+02 1.792237E+00 9.206801E+00
7.678000E+02 1.792318E+00 9.206208E+00
7.687000E+02 1.792397E+00 9.205619E+00
7.696000E+02 1.792476E+00 9.203674E+00
7.705000E+02 1.792555E+00 9.203094E+00
7.714000E+02 1.792634E+00 9.202520E+00
7.723000E+02 1.792712E+00 9.200591E+00
7.732000E+02 1.792790E+00 9.200025E+00
7.741000E+02 1.792867E+00 9.198107E+00
7.750000E+02 1.792944E+00 9.197551E+00
7.759000E+02 1.793021E+00 9.197000E+00
7.768000E+02 1.793098E+00 9.195098E+00
7.777000E+02 1.793174E+00 9.194555E+00
7.786000E+02 1.793249E+00 9.192664E+00
7.795000E+02 1.793324E+00 9.192131E+00
7.804000E+02 1.793399E+00 9.191603E+00
7.813000E+02 1.793474E+00 9.189726E+00
7.822000E+02 1.793548E+00 9.189207E+00
7.831000E+02 1.793622E+00 9.187342E+00
7.840000E+02 1.793695E+00 9.186832E+00
7.849000E+02 1.793769E+00 9.186326E+00
7.858000E+02 1.793841E+00 9.184476E+00
7.867000E+02 1.793914E+00 9.183979E+00
7.876000E+02 1.793986E+00 9.182139E+00
7.885000E+02 1.794058E+00 9.181651E+00
7.894000E+02 1.794129E+00 9.179822E+00
7.903000E+02 1.794200E+00 9.179343E+00
7.912000E+02 1.794271E+00 9.178869E+00
7.921000E+02 1.794341E+00 9.177054E+00
7.930000E+02 1.794411E+00 9.176589E+00
7.939000E+02 1.794481E+00 9.174784E+00
7.948000E+02 1.794550E+00 9.174327E+00
7.957000E+02 1.794619E+00 9.172533E+00
7.966000E+02 1.794688E+00 9.172085E+00
7.975000E+02 1.794756E+00 9.170301E+00
7.984000E+02 1.794824E+00 9.169862E+00
7.993000E+02 1.794892E+00 9.169427E+00
8.002000E+02 1.794959E+00 9.167658E+00
8.011000E+02 1.795026E+00 9.167231E+00
8.020000E+02 1.795093E+00 9.165472E+00
8.029000E+02 1.795159E+00 9.165054E+00
8.038000E+02 1.795225E+00 9.163304E+00
8.047000E+02 1.795291E+00 9.162895E+00
8.056000E+02 1.795356E+00 9.161155E+00
8.065000E+02 1.795421E+00 9.160755E+00
8.074000E+02 1.795486E+00 9.159025E+00
8.083000E+02 1.795550E+00 9.158632E+00
8.092000E+02 1.795614E+00 9.156912E+00
8.101000E+02 1.795678E+00 9.156528E+00
8.110000E+02 1.795741E+00 9.154818E+00
8.119000E+02 1.795805E+00 9.154442E+00
8.128000E+02 1.795867E+00 9.152741E+00
8.137000E+02 1.795930E+00 9.152374E+00
8.146000E+02 1.795992E+00 9.150683E+00
8.155000E+02 1.796054E+00 9.150324E+00
8.164000E+02 1.796115E+00 9.148642E+00
8.173000E+02 1.796177E+00 9.148292E+00
8.182000E+02 1.796237E+00 9.146619E+00
8.191000E+02 1.796298E+00 9.146277E+00
8.200000E+02 1.796358E+00 9.144614E+00
8.209000E+02 1.796418E+00 9.144280E+00
8.218000E+02 1.796478E+00 9.142626E+00
8.227000E+02 1.796537E+00 9.142300E+00
8.236000E+02 1.796596E+00 9.140655E+00
8.245000E+02 1.796655E+00 9.140337E+00
8.254000E+02 1.796714E+00 9.138702E+00
8.263000E+02 1.796772E+00 9.138392E+00
8.272000E+02 1.796830E+00 9.136766E+00
8.281000E+02 1.796887E+00 9.136465E+00
8.290000E+02 1.796945E+00 9.134848E+00
8.299000E+02 1.797001E+00 9.133236E+00
8.308000E+02 1.797058E+00 9.132946E+00
8.317000E+02 1.797115E+00 9.131343E+00
8.326000E+02 1.797171E+00 9.131061E+00
8.335000E+02 1.797226E+00 9.129467E+00
8.344000E+02 1.797282E+00 9.129193E+00
8.353000E+02 1.797337E+00 9.127608E+00
8.362000E+02 1.797392E+00 9.127342E+00
8.371000E+02 1.797447E+00 9.125766E+00
8.380000E+02 1.797501E+00 9.124195E+00
8.389000E+02 1.797555E+00 9.123941E+00
8.398000E+02 1.797609E+00 9.122378E+00
8.407000E+02 1.797662E+00 9.122132E+00
8.416000E+02 1.797715E+00 9.120578E+00
8.425000E+02 1.797768E+00 9.120339E+00
8.434000E+02 1.797821E+00 9.118794E+00
8.443000E+02 1.797873E+00 9.117254E+00
8.452000E+02 1.797925E+00 9.117027E+00
8.461000E+02 1.797977E+00 9.115495E+00
8.470000E+02 1.798029E+00 9.115276E+00
8.479000E+02 1.798080E+00 9.113753E+00
8.488000E+02 1.798131E+00 9.112235E+00
8.497000E+02 1.798181E+00 9.112027E+00
8.506000E+02 1.798232E+00 9.110517E+00
8.515000E+02 1.798282E+00 9.110316E+00
8.524000E+02 1.798332E+00 9.108815E+00
8.533000E+02 1.798381E+00 9.107319E+00
8.542000E+02 1.798431E+00 9.107129E+00
8.551000E+02 1.798480E+00 9.105641E+00
8.560000E+02 1.798528E+00 9.105459E+00
8.569000E+02 1.798577E+00 9.103979E+00
8.578000E+02 1.798625E+00 9.102504E+00
8.587000E+02 1.798673E+00 9.102333E+00
8.596000E+02 1.798721E+00 9.100867E+00
8.605000E+02 1.798768E+00 9.099404E+00
8.614000E+02 1.798815E+00 9.099245E+00
8.623000E+02 1.798862E+00 9.097791E+00
8.632000E+02 1.798909E+00 9.097638E+00
8.641000E+02 1.798955E+00 9.096192E+00
8.650000E+02 1.799001E+00 9.094751E+00
8.659000E+02 1.799047E+00 9.094609E+00
8.668000E+02 1.799093E+00 9.093176E+00
8.677000E+02 1.799138E+00 9.091747E+00
8.686000E+02 1.799183E+00 9.091617E+00
8.695000E+02 1.799228E+00 9.090196E+00
8.704000E+02 1.799272E+00 9.088780E+00
8.713000E+02 1.799317E+00 9.088660E+00
8.722000E+02 1.799361E+00 9.087251E+00
8.731000E+02 1.799405E+00 9.085848E+00
8.740000E+02 1.799448E+00 9.085738E+00
8.749000E+02 1.799491E+00 9.084342E+00
8.758000E+02 1.799534E+00 9.082951E+00
8.767000E+02 1.799577E+00 9.082852E+00
8.776000E+02 1.799620E+00 9.081468E+00
8.785000E+02 1.799662E+00 9.080089E+00
8.794000E+02 1.799704E+00 9.080001E+00
8.803000E+02 1.799746E+00 9.078629E+00
8.812000E+02 1.799787E+00 9.077262E+00
8.821000E+02 1.799829E+00 9.077184E+00
8.830000E+02 1.799870E+00 9.075825E+00
8.839000E+02 1.799910E+00 9.074469E+00
8.848000E+02 1.799951E+00 9.074402E+00
8.857000E+02 1.799991E+00 9.073054E+00
8.866000E+02 1.800031E+00 9.071711E+00
8.875000E+02 1.800071E+00 9.071654E+00
8.884000E+02 1.800111E+00 9.070318E+00
8.893000E+02 1.800150E+00 9.068986E+00
8.902000E+02 1.800189E+00 9.067659E+00
8.911000E+02 1.800228E+00 9.067616E+00
8.920000E+02 1.800267E+00 9.066296E+00
8.929000E+02 1.800305E+00 9.064980E+00
8.938000E+02 1.800343E+00 9.064947E+00
8.947000E+02 1.800381E+00 9.063639E+00
8.956000E+02 1.800419E+00 9.062334E+00
8.965000E+02 1.800456E+00 9.061034E+00
8.974000E+02 1.800494E+00 9.061015E+00
8.983000E+02 1.800531E+00 9.059722E+00
8.992000E+02 1.800567E+00 9.058433E+00
9.001000E+02 1.800604E+00 9.058424E+00
9.010000E+02 1.800640E+00 9.057142E+00
9.019000E+02 1.800676E+00 9.055865E+00
9.028000E+02 1.800712E+00 9.054592E+00
9.037000E+02 1.800748E+00 9.054596E+00
9.046000E+02 1.800783E+00 9.053330E+00
9.055000E+02 1.800818E+00 9.052068E+00
9.064000E+02 1.800853E+00 9.050810E+00
9.073000E+02 1.800888E+00 9.050826E+00
9.082000E+02 1.800922E+00 9.049576E+00
9.091000E+02 1.800957E+00 9.048329E+00
9.100000E+02 1.800991E+00 9.047086E+00
9.109000E+02 1.801025E+00 9.047116E+00
9.118000E+02 1.801058E+00 9.045880E+00
9.127000E+02 1.801092E+00 9.044648E+00
9.136000E+02 1.801125E+00 9.043420E+00
9.145000E+02 1.801158E+00 9.043463E+00
9.154000E+02 1.801190E+00 9.042242E+00
9.163000E+02 1.801223E+00 9.041025E+00
9.172000E+02 1.801255E+00 9.039811E+00
9.181000E+02 1.801287E+00 9.039867E+00
9.190000E+02 1.801319E+00 9.038661E+00
9.199000E+02 1.801351E+00 9.037458E+00
9.208000E+02 1.801382E+00 9.036260E+00
9.217000E+02 1.801413E+00 9.035065E+00
9.226000E+02 1.801444E+00 9.035136E+00
9.235000E+02 1.801475E+00 9.033949E+00
9.244000E+02 1.801506E+00 9.032764E+00
9.253000E+02 1.801536E+00 9.031584E+00
9.262000E+02 1.801566E+00 9.030408E+00
9.271000E+02 1.801596E+00 9.030495E+00
9.280000E+02 1.801626E+00 9.029325E+00
9.289000E+02 1.801655E+00 9.028159E+00
9.298000E+02 1.801685E+00 9.026997E+00
9.307000E+02 1.801714E+00 9.025838E+00
9.316000E+02 1.801743E+00 9.025940E+00
9.325000E+02 1.801771E+00 9.024789E+00
9.334000E+02 1.801800E+00 9.023641E+00
9.343000E+02 1.801828E+00 9.022496E+00
9.352000E+02 1.801856E+00 9.021355E+00
9.361000E+02 1.801884E+00 9.021473E+00
9.370000E+02 1.801912E+00 9.020339E+00
9.379000E+02 1.801939E+00 9.019208E+00
9.388000E+02 1.801966E+00 9.018082E+00
9.397000E+02 1.801993E+00 9.016958E+00
9.406000E+02 1.802020E+00 9.017091E+00
9.415000E+02 1.802047E+00 9.015975E+00
9.424000E+02 1.802073E+00 9.014862E+00
9.433000E+02 1.802100E+00 9.013752E+00
9.442000E+02 1.802126E+00 9.012646E+00
9.451000E+02 1.802152E+00 9.011544E+00
9.460000E+02 1.802177E+00 9.011695E+00
9.469000E+02 1.802203E+00 9.010599E+00
9.478000E+02 1.802228E+00 9.009507E+00
9.487000E+02 1.802253E+00 9.008418E+00
9.496000E+02 1.802278E+00 9.007332E+00
9.505000E+02 1.802303E+00 9.006251E+00
9.514000E+02 1.802327E+00 9.005172E+00
9.523000E+02 1.802352E+00 9.005344E+00
9.532000E+02 1.802376E+00 9.004272E+00
9.541000E+02 1.802400E+00 9.003204E+00
9.550000E+02 1.802423E+00 9.002139E+00
9.559000E+02 1.802447E+00 9.001077E+00
9.568000E+02 1.802470E+00 9.000019E+00
9.577000E+02 1.802494E+00 8.998965E+00
9.586000E+02 1.802517E+00 8.999157E+00
9.595000E+02 1.802539E+00 8.998109E+00
9.604000E+02 1.802562E+00 8.997064E+00
9.613000E+02 1.802584E+00 8.996022E+00
9.622000E+02 1.802607E+00 8.994984E+00
9.631000E+02 1.802629E+00 8.993950E+00
9.640000E+02 1.802650E+00 8.992918E+00
9.649000E+02 1.802672E+00 8.991890E+00
9.658000E+02 1.802694E+00 8.992105E+00
9.667000E+02 1.802715E+00 8.991084E+00
9.676000E+02 1.802736E+00 8.990065E+00
9.685000E+02 1.802757E+00 8.989050E+00
9.694000E+02 1.802778E+00 8.988039E+00
9.703000E+02 1.802798E+00 8.987030E+00
9.712000E+02 1.802819E+00 8.986025E+00
9.721000E+02 1.802839E+00 8.985024E+00
9.730000E+02 1.802859E+00 8.984025E+00
9.739000E+02 1.802879E+00 8.984266E+00
9.748000E+02 1.802899E+00 8.983273E+00
9.757000E+02 1.802918E+00 8.982284E+00
9.766000E+02 1.802938E+00 8.981299E+00
9.775000E+02 1.802957E+00 8.980316E+00
9.784000E+02 1.802976E+00 8.979337E+00
9.793000E+02 1.802994E+00 8.978361E+00
9.802000E+02 1.803013E+00 8.977388E+00
9.811000E+02 1.803032E+00 8.976418E+00
9.820000E+02 1.803050E+00 8.975452E+00
9.829000E+02 1.803068E+00 8.974489E+00
9.838000E+02 1.803086E+00 8.974760E+00
9.847000E+02 1.803104E+00 8.973803E+00
9.856000E+02 1.803121E+00 8.972849E+00
9.865000E+02 1.803139E+00 8.971898E+00
9.874000E+02 1.803156E+00 8.970951E+00
9.883000E+02 1.803173E+00 8.970006E+00
9.892000E+02 1.803190E+00 8.969065E+00
9.901000E+02 1.803207E+00 8.968127E+00
9.910000E+02 1.803223E+00 8.967192E+00
9.919000E+02 1.803240E+00 8.966260E+00
9.928000E+02 1.803256E+00 8.965332E+00
9.937000E+02 1.803272E+00 8.964406E+00
9.946000E+02 1.803288E+00 8.963484E+00
9.955000E+02 1.803304E+00 8.962565E+00
9.964000E+02 1.803319E+00 8.961648E+00
9.973000E+02 1.803335E+00 8.960735E+00
9.982000E+02 1.803350E+00 8.961049E+00
9.991000E+02 1.803365E+00 8.960142E+00
