   9.9999999999999996E+030   8.2576842212967752E-002   34.394500000000001     
   1.0099899999999999E+031   8.2818852930624576E-002   34.359699999999997     
   1.0199799999999998E+031   8.3059162437220654E-002   34.325299999999999     
   1.0299700000000000E+031   8.3297799058245206E-002   34.291200000000003     
   1.0399600000000000E+031   8.3534790378654730E-002   34.257500000000000     
   1.0499499999999999E+031   8.3770163269189471E-002   34.224200000000003     
   1.0599400000000001E+031   8.4003943911404047E-002   34.191200000000002     
   1.0699300000000000E+031   8.4236157821684796E-002   34.158600000000000     
   1.0799200000000000E+031   8.4466829874166774E-002   34.126300000000001     
   1.0899099999999999E+031   8.4695984322668658E-002   34.094299999999997     
   1.0998999999999998E+031   8.4923644821684283E-002   34.062600000000003     
   1.1098900000000000E+031   8.5149834446471964E-002   34.031300000000002     
   1.1198799999999999E+031   8.5374575712343692E-002   34.000200000000000     
   1.1298699999999999E+031   8.5597890593040696E-002   33.969499999999996     
   1.1398600000000001E+031   8.5819800538488866E-002   33.939000000000000     
   1.1498500000000000E+031   8.6040326491691133E-002   33.908900000000003     
   1.1598399999999999E+031   8.6259488905048975E-002   33.878999999999998     
   1.1698299999999999E+031   8.6477307755899818E-002   33.849400000000003     
   1.1798200000000001E+031   8.6693802561551042E-002   33.820099999999996     
   1.1898100000000000E+031   8.6908992393650394E-002   33.790999999999997     
   1.1997999999999999E+031   8.7122895892000285E-002   33.762200000000000     
   1.2097899999999999E+031   8.7335531277858897E-002   33.733699999999999     
   1.2197800000000000E+031   8.7546916366648728E-002   33.705500000000001     
   1.2297700000000000E+031   8.7757068580319661E-002   33.677399999999999     
   1.2397599999999999E+031   8.7966004959080246E-002   33.649700000000003     
   1.2497499999999999E+031   8.8173742172785050E-002   33.622199999999999     
   1.2597400000000000E+031   8.8380296531891334E-002   33.594900000000003     
   1.2697300000000000E+031   8.8585683997946710E-002   33.567799999999998     
   1.2797199999999999E+031   8.8789920193772354E-002   33.540999999999997     
   1.2897099999999999E+031   8.8993020413185353E-002   33.514400000000002     
   1.2997000000000000E+031   8.9194999630471297E-002   33.488100000000003     
   1.3096900000000000E+031   8.9395872509379234E-002   33.461900000000000     
   1.3196799999999999E+031   8.9595653411963294E-002   33.436000000000000     
   1.3296700000000001E+031   8.9794356406938142E-002   33.410299999999999     
   1.3396599999999998E+031   8.9991995277872022E-002   33.384799999999998     
   1.3496500000000000E+031   9.0188583531029418E-002   33.359499999999997     
   1.3596399999999999E+031   9.0384134402943350E-002   33.334400000000002     
   1.3696299999999999E+031   9.0578660867752112E-002   33.309500000000000     
   1.3796200000000000E+031   9.0772175644279252E-002   33.284900000000000     
   1.3896100000000000E+031   9.0964691202832751E-002   33.260399999999997     
   1.3995999999999999E+031   9.1156219771819938E-002   33.236100000000000     
   1.4095900000000001E+031   9.1346773344157403E-002   33.211900000000000     
   1.4195799999999998E+031   9.1536363683399402E-002   33.188000000000002     
   1.4295700000000000E+031   9.1725002329716629E-002   33.164299999999997     
   1.4395599999999999E+031   9.1912700605652500E-002   33.140700000000002     
   1.4495499999999999E+031   9.2099469621730004E-002   33.117300000000000     
   1.4595400000000000E+031   9.2285320281845371E-002   33.094099999999997     
   1.4695300000000000E+031   9.2470263288470383E-002   33.071100000000001     
   1.4795199999999999E+031   9.2654309147728556E-002   33.048200000000001     
   1.4895100000000001E+031   9.2837468174309906E-002   33.025500000000001     
   1.4995000000000000E+031   9.3019750496192460E-002   33.003000000000000     
   1.5094900000000000E+031   9.3201166059230872E-002   32.980600000000003     
   1.5194800000000001E+031   9.3381724631658558E-002   32.958399999999997     
   1.5294699999999998E+031   9.3561435808369800E-002   32.936399999999999     
   1.5394600000000000E+031   9.3740309015080250E-002   32.914499999999997     
   1.5494500000000000E+031   9.3918353512431940E-002   32.892800000000001     
   1.5594399999999999E+031   9.4095578399919069E-002   32.871200000000002     
   1.5694300000000001E+031                       NaN   32.849800000000002     
   1.5794199999999998E+031   9.4447604960178635E-002   32.828499999999998     
   1.5894099999999999E+031   9.4622424059894489E-002   32.807299999999998     
   1.5994000000000001E+031   9.4796458410709605E-002   32.786299999999997     
   1.6093899999999998E+031   9.4969716361336165E-002   32.765500000000003     
   1.6193800000000000E+031   9.5142206120563733E-002   32.744799999999998     
   1.6293699999999999E+031   9.5313935760505356E-002   32.724200000000003     
   1.6393599999999999E+031   9.5484913219683873E-002   32.703800000000001     
   1.6493500000000001E+031   9.5655146305984359E-002   32.683500000000002     
   1.6593400000000000E+031   9.5824642699640666E-002   32.663300000000000     
   1.6693299999999999E+031   9.5993409956080258E-002   32.643300000000004     
   1.6793199999999999E+031   9.6161455508623109E-002   32.623399999999997     
   1.6893099999999998E+031   9.6328786671210739E-002   32.603600000000000     
   1.6993000000000000E+031   9.6495410641064136E-002   32.584000000000003     
   1.7092899999999999E+031   9.6661334501085230E-002   32.564500000000002     
   1.7192799999999999E+031   9.6826565222466313E-002   32.545099999999998     
   1.7292700000000000E+031   9.6991109667009814E-002   32.525799999999997     
   1.7392599999999998E+031   9.7154974589523990E-002   32.506700000000002     
   1.7492499999999999E+031   9.7318166639990308E-002   32.487699999999997     
   1.7592400000000001E+031   9.7480692365912266E-002   32.468800000000002     
   1.7692299999999998E+031   9.7642558214368111E-002   32.450000000000003     
   1.7792200000000000E+031   9.7803770534150097E-002   32.431300000000000     
   1.7892099999999999E+031   9.7964335577770359E-002   32.412700000000001     
   1.7991999999999999E+031   9.8124259503522576E-002   32.394300000000001     
   1.8091900000000000E+031   9.8283548377303326E-002   32.375900000000001     
   1.8191800000000000E+031   9.8442208174631979E-002   32.357700000000001     
   1.8291699999999999E+031   9.8600244782356794E-002   32.339599999999997     
   1.8391599999999999E+031   9.8757664000529266E-002   32.321599999999997     
   1.8491499999999998E+031   9.8914471544112967E-002   32.303699999999999     
   1.8591400000000000E+031   9.9070673044707611E-002   32.285899999999998     
   1.8691299999999999E+031   9.9226274052182858E-002   32.268200000000000     
   1.8791199999999999E+031   9.9381280036304212E-002   32.250599999999999     
   1.8891099999999998E+031   9.9535696388295569E-002   32.233100000000000     
   1.8990999999999997E+031   9.9689528422402834E-002   32.215699999999998     
   1.9090899999999999E+031   9.9842781377359899E-002   32.198500000000003     
   1.9190800000000001E+031   9.9995460417879184E-002   32.181300000000000     
   1.9290699999999998E+031  0.10014757063603075        32.164200000000001     
   1.9390600000000000E+031  0.10029911705268278        32.147199999999998     
   1.9490500000000001E+031  0.10045010461884944        32.130299999999998     
   1.9590399999999998E+031  0.10060053821698610        32.113500000000002     
   1.9690300000000000E+031  0.10075042266231057        32.096800000000002     
   1.9790200000000000E+031  0.10089976270405585        32.080199999999998     
   1.9890099999999999E+031  0.10104856302669839        32.063600000000001     
   1.9990000000000001E+031  0.10119682825116426        32.047199999999997     
   2.0089900000000000E+031  0.10134456293598224        32.030799999999999     
   2.0189800000000000E+031  0.10149177157852453        32.014600000000002     
   2.0289700000000001E+031  0.10163845861595178        31.998400000000000     
   2.0389599999999998E+031  0.10178462842648128        31.982299999999999     
   2.0489499999999996E+031  0.10193028533036770        31.966300000000000     
   2.0589400000000002E+031  0.10207543359097880        31.950399999999998     
   2.0689299999999999E+031  0.10222007741577092        31.934600000000000     
   2.0789199999999996E+031  0.10236422095733932        31.918900000000001     
   2.0889100000000002E+031  0.10250786831439326        31.903199999999998     
   2.0988999999999999E+031  0.10265102353264678        31.887599999999999     
   2.1088899999999997E+031  0.10279369060583418        31.872100000000000     
   2.1188799999999998E+031  0.10293587347657621        31.856700000000000     
   2.1288700000000000E+031  0.10307757603724471        31.841400000000000     
   2.1388599999999997E+031  0.10321880213092825        31.826100000000000     
   2.1488499999999999E+031  0.10335955555215132        31.810900000000000     
   2.1588400000000000E+031  0.10349984004782556        31.795800000000000     
   2.1688299999999998E+031  0.10363965931801630        31.780799999999999     
   2.1788199999999999E+031  0.10377901701672472        31.765799999999999     
   2.1888100000000001E+031  0.10391791675270683        31.750900000000001     
   2.1987999999999998E+031  0.10405636209022234        31.736100000000000     
   2.2087899999999995E+031  0.10419435654977358        31.721399999999999     
   2.2187800000000002E+031  0.10433190360881464        31.706700000000001     
   2.2287699999999999E+031  0.10446900670254544        31.692100000000000     
   2.2387599999999996E+031  0.10460566922454605        31.677600000000002     
   2.2487500000000002E+031  0.10474189452747343        31.663200000000000     
   2.2587399999999999E+031  0.10487768592373627        31.648800000000001     
   2.2687299999999996E+031  0.10501304668618405        31.634499999999999     
   2.2787199999999998E+031  0.10514798004869842        31.620300000000000     
   2.2887100000000000E+031  0.10528248920689325        31.606100000000001     
   2.2986999999999997E+031  0.10541657731865021        31.591999999999999     
   2.3086899999999999E+031  0.10555024750478602        31.577900000000000     
   2.3186800000000000E+031  0.10568350284965544        31.564000000000000     
   2.3286699999999997E+031  0.10581634640165420        31.550100000000000     
   2.3386600000000004E+031  0.10594878117387599        31.536200000000001     
   2.3486500000000001E+031  0.10608081014462301        31.522500000000001     
   2.3586399999999998E+031  0.10621243625797026        31.508700000000001     
   2.3686300000000000E+031  0.10634366242430794        31.495100000000001     
   2.3786200000000001E+031  0.10647449152082231        31.481500000000000     
   2.3886099999999999E+031  0.10660492639207832        31.468000000000000     
   2.3986000000000000E+031  0.10673496985047272        31.454499999999999     
   2.4085899999999997E+031  0.10686462467677192        31.441099999999999     
   2.4185799999999999E+031  0.10699389362056547        31.427800000000001     
   2.4285699999999996E+031  0.10712277940071438        31.414500000000000     
   2.4385600000000002E+031  0.10725128470591921        31.401299999999999     
   2.4485500000000000E+031  0.10737941219505812        31.388100000000001     
   2.4585399999999997E+031  0.10750716449773945        31.375000000000000     
   2.4685299999999998E+031  0.10763454421466298        31.361999999999998     
   2.4785200000000000E+031  0.10776155391808598        31.349000000000000     
   2.4885099999999997E+031  0.10788819615226310        31.336099999999998     
   2.4984999999999999E+031  0.10801447343384889        31.323200000000000     
   2.5084900000000001E+031  0.10814038825226996        31.310400000000001     
   2.5184799999999998E+031  0.10826594307019430        31.297599999999999     
   2.5284699999999995E+031  0.10839114032387258        31.284900000000000     
   2.5384600000000001E+031  0.10851598242354520        31.272300000000001     
   2.5484499999999998E+031  0.10864047175382302        31.259699999999999     
   2.5584399999999996E+031  0.10876461067403682        31.247100000000000     
   2.5684300000000002E+031  0.10888840151862361        31.234600000000000     
   2.5784199999999999E+031  0.10901184659749701        31.222200000000001     
   2.5884100000000001E+031  0.10913494819635056        31.209800000000001     
   2.5983999999999998E+031  0.10925770857705928        31.197500000000002     
   2.6083899999999999E+031  0.10938012997798735        31.185199999999998     
   2.6183799999999997E+031  0.10950221461432272        31.172999999999998     
   2.6283699999999998E+031  0.10962396467842324        31.160799999999998     
   2.6383600000000000E+031  0.10974538234010134        31.148700000000002     
   2.6483499999999997E+031  0.10986646974699092        31.136600000000001     
   2.6583399999999994E+031  0.10998722902478718        31.124600000000001     
   2.6683300000000000E+031  0.11010766227766623        31.112600000000000     
   2.6783199999999998E+031  0.11022777158841379        31.100600000000000     
   2.6883099999999999E+031  0.11034755901890669        31.088799999999999     
   2.6983000000000001E+031  0.11046702661024622        31.076899999999998     
   2.7082899999999998E+031  0.11058617638313147        31.065100000000001     
   2.7182799999999995E+031  0.11070501033813969        31.053400000000000     
   2.7282699999999997E+031  0.11082353045591981        31.041699999999999     
   2.7382599999999999E+031  0.11094173869755612        31.030100000000001     
   2.7482499999999996E+031  0.11105963700477707        31.018500000000000     
   2.7582400000000002E+031  0.11117722730024417        31.006900000000002     
   2.7682299999999999E+031  0.11129451148777950        30.995400000000000     
   2.7782199999999996E+031                       NaN   30.984000000000002     
   2.7882099999999998E+031  0.11152816906175708        30.972500000000000     
   2.7982000000000000E+031  0.11164454616398592        30.961200000000002     
   2.8081899999999997E+031  0.11176062459032966        30.949800000000000     
   2.8181799999999999E+031  0.11187640615417652        30.938600000000001     
   2.8281700000000000E+031  0.11199189265157074        30.927299999999999     
   2.8381599999999997E+031  0.11210708586134428        30.916100000000000     
   2.8481499999999995E+031  0.11222198754546110        30.905000000000001     
   2.8581400000000001E+031  0.11233659944914084        30.893899999999999     
   2.8681299999999998E+031  0.11245092330116972        30.882800000000000     
   2.8781200000000000E+031  0.11256496081396122        30.871800000000000     
   2.8881100000000001E+031  0.11267871368394382        30.860800000000001     
   2.8980999999999998E+031  0.11279218359162697        30.849799999999998     
   2.9080899999999996E+031  0.11290537220190425        30.838899999999999     
   2.9180799999999997E+031  0.11301828116417022        30.828099999999999     
   2.9280699999999999E+031  0.11313091211256524        30.817200000000000     
   2.9380599999999996E+031  0.11324326666618478        30.806500000000000     
   2.9480500000000002E+031  0.11335534642918872        30.795700000000000     
   2.9580400000000000E+031  0.11346715299107099        30.785000000000000     
   2.9680299999999997E+031  0.11357868792680950        30.774400000000000     
   2.9780199999999998E+031  0.11368995279705385        30.763700000000000     
   2.9880100000000000E+031  0.11380094914827771        30.753200000000000     
   2.9979999999999997E+031  0.11391167851302833        30.742599999999999     
   3.0079899999999999E+031  0.11402214240996217        30.732099999999999     
   3.0179800000000001E+031  0.11413234234415674        30.721599999999999     
   3.0279699999999998E+031  0.11424227980723678        30.711200000000002     
   3.0379599999999999E+031  0.11435195627745988        30.700800000000001     
   3.0479499999999997E+031  0.11446137321996834        30.690500000000000     
   3.0579399999999998E+031  0.11457053208695790        30.680099999999999     
   3.0679300000000000E+031  0.11467943431773620        30.669799999999999     
   3.0779200000000002E+031  0.11478808133899802        30.659600000000001     
   3.0879099999999999E+031  0.11489647456485361        30.649400000000000     
   3.0978999999999996E+031  0.11500461539707670        30.639199999999999     
   3.1078899999999998E+031  0.11511250522523335        30.629100000000001     
   3.1178799999999999E+031  0.11522014542677997        30.619000000000000     
   3.1278700000000001E+031  0.11532753736726781        30.608899999999998     
   3.1378599999999998E+031  0.11543468240044118        30.598900000000000     
   3.1478500000000000E+031  0.11554158186838481        30.588899999999999     
   3.1578399999999997E+031  0.11564823710167248        30.578900000000001     
   3.1678299999999999E+031  0.11575464941950998        30.568999999999999     
   3.1778200000000000E+031  0.11586082012982452        30.559100000000001     
   3.1878099999999998E+031  0.11596675052943933        30.549199999999999     
   3.1977999999999999E+031  0.11607244190422357        30.539400000000001     
   3.2077900000000001E+031  0.11617789552911321        30.529599999999999     
   3.2177799999999998E+031  0.11628311266835477        30.519900000000000     
   3.2277700000000000E+031  0.11638809457557979        30.510100000000001     
   3.2377599999999997E+031  0.11649284249390369        30.500399999999999     
   3.2477499999999999E+031  0.11659735765611708        30.490800000000000     
   3.2577400000000000E+031  0.11670164128467732        30.481100000000001     
   3.2677299999999997E+031  0.11680569459199802        30.471599999999999     
   3.2777199999999999E+031  0.11690951878040566        30.462000000000000     
   3.2877099999999996E+031  0.11701311504231018        30.452500000000001     
   3.2976999999999998E+031  0.11711648456037436        30.443000000000001     
   3.3076900000000000E+031  0.11721962850755679        30.433499999999999     
   3.3176799999999997E+031  0.11732254804718235        30.423999999999999     
   3.3276699999999999E+031  0.11742524433319015        30.414600000000000     
   3.3376600000000000E+031  0.11752771851008441        30.405300000000000     
   3.3476499999999997E+031  0.11762997171313330        30.395900000000001     
   3.3576399999999999E+031  0.11773200506842690        30.386600000000001     
   3.3676299999999996E+031  0.11783381969300911        30.377300000000002     
   3.3776199999999998E+031  0.11793541669495376        30.368099999999998     
   3.3876100000000000E+031  0.11803679717349244        30.358799999999999     
   3.3976000000000001E+031  0.11813796221905573        30.349599999999999     
   3.4075899999999998E+031  0.11823891291343380        30.340499999999999     
   3.4175799999999996E+031  0.11833965032981288        30.331299999999999     
   3.4275699999999997E+031  0.11844017553291677        30.322199999999999     
   3.4375599999999999E+031  0.11854048957905773        30.313099999999999     
   3.4475500000000001E+031  0.11864059351628400        30.304099999999998     
   3.4575399999999998E+031  0.11874048838436577        30.295100000000001     
   3.4675299999999995E+031  0.11884017521500938        30.286100000000001     
   3.4775199999999997E+031  0.11893965503184580        30.277100000000001     
   3.4875099999999998E+031  0.11903892885057729        30.268200000000000     
   3.4975000000000000E+031  0.11913799767901140        30.259300000000000     
   3.5074899999999997E+031  0.11923686251720431        30.250399999999999     
   3.5174799999999999E+031  0.11933552435746612        30.241499999999998     
   3.5274699999999996E+031  0.11943398418452331        30.232700000000001     
   3.5374599999999998E+031  0.11953224297552538        30.223900000000000     
   3.5474499999999999E+031  0.11963030170018558        30.215100000000000     
   3.5574399999999997E+031  0.11972816132083254        30.206399999999999     
   3.5674299999999998E+031  0.11982582279245106        30.197700000000001     
   3.5774200000000000E+031  0.11992328706283377        30.189000000000000     
   3.5874100000000002E+031  0.12002055507259295        30.180299999999999     
   3.5973999999999999E+031  0.12011762775525082        30.171700000000001     
   3.6073899999999996E+031  0.12021450603733196        30.163100000000000     
   3.6173799999999998E+031  0.12031119083843377        30.154499999999999     
   3.6273699999999999E+031  0.12040768307125393        30.145900000000001     
   3.6373600000000001E+031  0.12050398364169057        30.137400000000000     
   3.6473499999999998E+031  0.12060009344893687        30.128900000000002     
   3.6573399999999995E+031  0.12069601338552867        30.120400000000000     
   3.6673300000000001E+031  0.12079174433736142        30.111899999999999     
   3.6773200000000003E+031  0.12088728718386509        30.103500000000000     
   3.6873099999999996E+031  0.12098264279794699        30.095099999999999     
   3.6972999999999998E+031  0.12107781204617461        30.086700000000000     
   3.7072899999999995E+031  0.12117279578871937        30.078299999999999     
   3.7172799999999996E+031  0.12126759487956137        30.070000000000000     
   3.7272699999999998E+031  0.12136221016639367        30.061699999999998     
   3.7372600000000000E+031  0.12145664249080959        30.053400000000000     
   3.7472499999999997E+031  0.12155089268830357        30.045100000000001     
   3.7572399999999999E+031  0.12164496158836843        30.036899999999999     
   3.7672300000000000E+031  0.12173885001448262        30.028700000000001     
   3.7772200000000002E+031  0.12183255878425976        30.020499999999998     
   3.7872099999999999E+031  0.12192608870944371        30.012300000000000     
   3.7972000000000001E+031  0.12201944059600062        30.004200000000001     
   3.8071899999999993E+031  0.12211261524413465        29.996099999999998     
   3.8171799999999995E+031  0.12220561344841785        29.988000000000000     
   3.8271699999999997E+031  0.12229843599775049        29.979900000000001     
   3.8371599999999998E+031  0.12239108367546087        29.971800000000002     
   3.8471499999999996E+031  0.12248355725941626        29.963799999999999     
   3.8571399999999997E+031  0.12257585752195682        29.955800000000000     
   3.8671299999999999E+031  0.12266798523003175        29.947800000000001     
   3.8771200000000001E+031  0.12275994114524327        29.939900000000002     
   3.8871099999999998E+031  0.12285172602389892        29.931899999999999     
   3.8971000000000000E+031  0.12294334061699809        29.923999999999999     
   3.9070900000000001E+031  0.12303478567036071        29.916100000000000     
   3.9170799999999998E+031  0.12312606192465926        29.908200000000001     
   3.9270700000000000E+031  0.12321717011545792        29.900400000000001     
   3.9370599999999997E+031  0.12330811097320579        29.892600000000002     
   3.9470499999999994E+031  0.12339888522340631        29.884799999999998     
   3.9570399999999996E+031  0.12348949358657745        29.876999999999999     
   3.9670299999999998E+031  0.12357993677828069        29.869199999999999     
   3.9770199999999999E+031  0.12367021550922752        29.861499999999999     
   3.9870099999999997E+031  0.12376033048530546        29.853700000000000     
   3.9969999999999998E+031  0.12385028240762322        29.846000000000000     
   4.0069900000000000E+031  0.12394007197253021        29.838400000000000     
   4.0169799999999997E+031  0.12402969987167931        29.830700000000000     
   4.0269699999999999E+031  0.12411916679207445        29.823100000000000     
   4.0369600000000000E+031  0.12420847341609942        29.815500000000000     
   4.0469500000000002E+031  0.12429762042161344        29.807900000000000     
   4.0569399999999995E+031  0.12438660848190590        29.800300000000000     
   4.0669300000000001E+031  0.12447543826576639        29.792700000000000     
   4.0769199999999998E+031  0.12456411043759062        29.785200000000000     
   4.0869099999999995E+031  0.12465262565732659        29.777699999999999     
   4.0969000000000002E+031  0.12474098458058673        29.770199999999999     
   4.1068899999999999E+031  0.12482918785863556        29.762699999999999     
   4.1168799999999996E+031  0.12491723613845000        29.755199999999999     
   4.1268700000000002E+031  0.12500513006282202        29.747800000000002     
   4.1368599999999999E+031  0.12509287027023558        29.740400000000001     
   4.1468499999999996E+031  0.12518045739506475        29.733000000000001     
   4.1568400000000003E+031  0.12526789206752720        29.725600000000000     
   4.1668300000000000E+031  0.12535517491376738        29.718299999999999     
   4.1768199999999997E+031  0.12544230655584143        29.710899999999999     
   4.1868099999999994E+031  0.12552928761179394        29.703600000000002     
   4.1967999999999991E+031  0.12561611869567482        29.696300000000001     
   4.2067899999999997E+031  0.12570280041756676        29.689000000000000     
   4.2167799999999995E+031  0.12578933338366263        29.681799999999999     
   4.2267699999999992E+031  0.12587571819625581        29.674499999999998     
   4.2367599999999998E+031  0.12596195545377276        29.667300000000001     
   4.2467500000000004E+031  0.12604804575083414        29.660100000000000     
   4.2567399999999992E+031  0.12613398967828079        29.652899999999999     
   4.2667299999999999E+031  0.12621978782319035        29.645700000000001     
   4.2767200000000005E+031  0.12630544076894987        29.638600000000000     
   4.2867100000000002E+031  0.12639094909519605        29.631399999999999     
   4.2966999999999999E+031  0.12647631337800602        29.624300000000002     
   4.3066899999999996E+031  0.12656153418973612        29.617200000000000     
   4.3166799999999993E+031  0.12664661209921549        29.610199999999999     
   4.3266700000000000E+031  0.12673154767168537        29.603100000000001     
   4.3366599999999997E+031  0.12681634146883031        29.596100000000000     
   4.3466499999999994E+031  0.12690099404892097        29.588999999999999     
   4.3566400000000000E+031  0.12698550596664909        29.582000000000001     
   4.3666299999999997E+031  0.12706987777332615        29.574999999999999     
   4.3766199999999994E+031  0.12715411001683818        29.568100000000001     
   4.3866100000000001E+031  0.12723820324170981        29.561100000000000     
   4.3965999999999998E+031  0.12732215798904281        29.554200000000002     
   4.4065899999999995E+031  0.12740597479669641        29.547200000000000     
   4.4165800000000001E+031  0.12748965419917330        29.540299999999998     
   4.4265700000000007E+031  0.12757319672772258        29.533400000000000     
   4.4365599999999995E+031  0.12765660291037412        29.526599999999998     
   4.4465500000000002E+031  0.12773987327187078        29.519700000000000     
   4.4565399999999990E+031  0.12782300833384144        29.512899999999998     
   4.4665299999999996E+031  0.12790600861470336        29.506100000000000     
   4.4765200000000002E+031  0.12798887462975847        29.499300000000002     
   4.4865099999999999E+031  0.12807160689119881        29.492500000000000     
   4.4964999999999997E+031  0.12815420590811022        29.485700000000001     
   4.5064900000000003E+031                       NaN   29.478999999999999     
   4.5164800000000000E+031  0.12831900622946404        29.472200000000001     
   4.5264699999999997E+031  0.12840120853690934        29.465499999999999     
   4.5364600000000003E+031  0.12848327960585454        29.458800000000000     
   4.5464500000000000E+031  0.12856521993035611        29.452100000000002     
   4.5564399999999998E+031  0.12864703000150610        29.445399999999999     
   4.5664299999999995E+031  0.12872871030751315        29.438800000000001     
   4.5764199999999992E+031  0.12881026133366424        29.432099999999998     
   4.5864099999999998E+031  0.12889168356241038        29.425500000000000     
   4.5963999999999995E+031  0.12897297747332309        29.418900000000001     
   4.6063899999999992E+031  0.12905414354318395        29.412299999999998     
   4.6163799999999999E+031  0.12913518224595349        29.405700000000000     
   4.6263700000000005E+031  0.12921609405283430        29.399200000000000     
   4.6363599999999993E+031  0.12929687943228915        29.392600000000002     
   4.6463499999999999E+031  0.12937753885001074        29.386099999999999     
   4.6563400000000005E+031  0.12945807276898411        29.379600000000000     
   4.6663299999999994E+031  0.12953848164955353        29.373100000000001     
   4.6763200000000000E+031  0.12961876594935420        29.366599999999998     
   4.6863099999999997E+031  0.12969892612338754        29.360099999999999     
   4.6962999999999994E+031  0.12977896262401512        29.353600000000000     
   4.7062900000000000E+031  0.12985887590104384        29.347200000000001     
   4.7162799999999997E+031  0.12993866640162294        29.340800000000002     
   4.7262699999999995E+031  0.13001833457039191        29.334399999999999     
   4.7362600000000001E+031  0.13009788084943977        29.327999999999999     
   4.7462499999999998E+031  0.13017730567831845        29.321600000000000     
   4.7562399999999995E+031  0.13025660949407389        29.315200000000001     
   4.7662300000000001E+031  0.13033579273128693        29.308900000000001     
   4.7762199999999998E+031  0.13041485582205814        29.302499999999998     
   4.7862099999999996E+031  0.13049379919605028        29.296199999999999     
   4.7962000000000002E+031  0.13057262328048813        29.289899999999999     
   4.8061899999999990E+031  0.13065132850019484        29.283600000000000     
   4.8161799999999996E+031  0.13072991527760380        29.277300000000000     
   4.8261700000000002E+031  0.13080838403277065        29.271000000000001     
   4.8361599999999991E+031  0.13088673518343810        29.264800000000001     
   4.8461499999999997E+031  0.13096496914491998        29.258600000000001     
   4.8561400000000003E+031  0.13104308633033038        29.252300000000002     
   4.8661299999999991E+031  0.13112108715040202        29.246099999999998     
   4.8761199999999997E+031  0.13119897201359959        29.239899999999999     
   4.8861100000000003E+031  0.13127674132613898        29.233699999999999     
   4.8961000000000001E+031  0.13135439549199646        29.227599999999999     
   4.9060899999999998E+031  0.13143193491287677        29.221399999999999     
   4.9160800000000004E+031  0.13150935998831620        29.215299999999999     
   4.9260700000000001E+031  0.13158667111561489        29.209099999999999     
   4.9360599999999998E+031  0.13166386868994101        29.202999999999999     
   4.9460499999999995E+031  0.13174095310424327        29.196899999999999     
   4.9560399999999993E+031  0.13181792474934725        29.190799999999999     
   4.9660299999999999E+031  0.13189478401397237        29.184799999999999     
   4.9760199999999996E+031  0.13197153128467101        29.178699999999999     
   4.9860099999999993E+031  0.13204816694591789        29.172699999999999     
   4.9959999999999999E+031  0.13212469138012775        29.166599999999999     
   5.0059899999999996E+031  0.13220110496760776        29.160599999999999     
   5.0159799999999994E+031  0.13227740808662647        29.154599999999999     
   5.0259700000000000E+031  0.13235360111341080        29.148599999999998     
   5.0359600000000006E+031  0.13242968442216629        29.142600000000002     
   5.0459499999999994E+031  0.13250565838508416        29.136600000000001     
   5.0559400000000000E+031  0.13258152337240287        29.130700000000001     
   5.0659299999999989E+031  0.13265727975228045        29.124700000000001     
   5.0759199999999995E+031  0.13273292789103358        29.118800000000000     
   5.0859100000000001E+031  0.13280846815293010        29.112900000000000     
   5.0958999999999989E+031  0.13288390090035060        29.106999999999999     
   5.1058899999999995E+031  0.13295922649373362        29.101099999999999     
   5.1158800000000001E+031  0.13303444529161915        29.095199999999998     
   5.1258699999999990E+031  0.13310955765064056        29.089300000000001     
   5.1358599999999996E+031  0.13318456392559452        29.083500000000001     
   5.1458500000000002E+031  0.13325946446931317        29.077600000000000     
   5.1558400000000008E+031  0.13333425963289958        29.071800000000000     
   5.1658299999999996E+031  0.13340894976551104        29.065999999999999     
   5.1758200000000002E+031  0.13348353521451412        29.060199999999998     
   5.1858099999999991E+031  0.13355801632547959        29.054400000000001     
   5.1957999999999997E+031  0.13363239344214750        29.048600000000000     
   5.2057900000000003E+031  0.13370666690648053        29.042800000000000     
   5.2157799999999991E+031  0.13378083705869537        29.037099999999999     
   5.2257699999999997E+031  0.13385490423716503        29.031300000000002     
   5.2357600000000004E+031  0.13392886877861673        29.025600000000001     
   5.2457499999999992E+031  0.13400273101794616        29.019900000000000     
   5.2557399999999998E+031  0.13407649128836574        29.014199999999999     
   5.2657300000000004E+031  0.13415014992138147        29.008500000000002     
   5.2757199999999992E+031  0.13422370724676519        29.002800000000001     
   5.2857099999999998E+031  0.13429716359262828        28.997100000000000     
   5.2957000000000005E+031  0.13437051928537450        28.991499999999998     
   5.3056899999999993E+031  0.13444377464981072        28.985800000000001     
   5.3156799999999999E+031  0.13451693000896608        28.980200000000000     
   5.3256699999999987E+031  0.13458998568433805        28.974499999999999     
   5.3356599999999993E+031  0.13466294199575313        28.968900000000001     
   5.3456499999999999E+031  0.13473579926139251        28.963300000000000     
   5.3556400000000006E+031  0.13480855779785555        28.957699999999999     
   5.3656299999999994E+031  0.13488121792013114        28.952100000000002     
   5.3756200000000000E+031  0.13495377994164831        28.946600000000000     
   5.3856100000000006E+031  0.13502624417421866        28.940999999999999     
   5.3955999999999994E+031  0.13509861092808764        28.935500000000001     
   5.4055900000000001E+031  0.13517088051201342        28.929900000000000     
   5.4155800000000007E+031  0.13524305323312774        28.924399999999999     
   5.4255699999999995E+031  0.13531512939706086        28.918900000000001     
   5.4355600000000001E+031  0.13538710930792580        28.913399999999999     
   5.4455499999999989E+031  0.13545899326831626        28.907900000000001     
   5.4555399999999995E+031  0.13553078157932619        28.902400000000000     
   5.4655300000000002E+031  0.13560247454054530        28.896899999999999     
   5.4755199999999990E+031  0.13567407245010546        28.891500000000001     
   5.4855099999999996E+031  0.13574557560464248        28.885999999999999     
   5.4955000000000002E+031  0.13581698429934305        28.880600000000001     
   5.5054899999999990E+031  0.13588829882790873        28.875100000000000     
   5.5154799999999996E+031  0.13595951948268417        28.869700000000002     
   5.5254700000000003E+031  0.13603064655447625        28.864300000000000     
   5.5354599999999991E+031  0.13610168033272022        28.858899999999998     
   5.5454499999999997E+031  0.13617262110543604        28.853500000000000     
   5.5554400000000003E+031  0.13624346915925695        28.848199999999999     
   5.5654299999999991E+031  0.13631422477936508        28.842800000000000     
   5.5754199999999997E+031  0.13638488824958922        28.837499999999999     
   5.5854100000000004E+031  0.13645545985243079        28.832100000000001     
   5.5953999999999992E+031  0.13652593986891942        28.826799999999999     
   5.6053899999999998E+031  0.13659632857879761        28.821500000000000     
   5.6153800000000004E+031  0.13666662626045734        28.816099999999999     
   5.6253699999999992E+031  0.13673683319092442        28.810800000000000     
   5.6353599999999999E+031  0.13680694964590204        28.805499999999999     
   5.6453500000000005E+031  0.13687697589979811        28.800300000000000     
   5.6553399999999993E+031  0.13694691222564181        28.795000000000002     
   5.6653299999999999E+031  0.13701675889519618        28.789700000000000     
   5.6753200000000005E+031  0.13708651617895976        28.784500000000001     
   5.6853099999999993E+031  0.13715618434605287        28.779199999999999     
   5.6953000000000000E+031  0.13722576366443265        28.774000000000001     
   5.7052899999999988E+031  0.13729525440068804        28.768799999999999     
   5.7152799999999994E+031  0.13736465682016746        28.763600000000000     
   5.7252700000000000E+031  0.13743397118698447        28.758400000000002     
   5.7352599999999988E+031  0.13750319776400344        28.753200000000000     
   5.7452499999999994E+031  0.13757233681282327        28.748000000000001     
   5.7552400000000001E+031  0.13764138859382569        28.742799999999999     
   5.7652300000000007E+031  0.13771035336620760        28.737700000000000     
   5.7752199999999995E+031  0.13777923138786310        28.732500000000002     
   5.7852100000000001E+031  0.13784802291556650        28.727399999999999     
   5.7952000000000007E+031  0.13791672820482023        28.722200000000001     
   5.8051899999999996E+031  0.13798534751001063        28.717099999999999     
   5.8151800000000002E+031  0.13805388108426597        28.712000000000000     
   5.8251699999999990E+031  0.13812232917956557        28.706900000000001     
   5.8351599999999996E+031  0.13819069204673204        28.701799999999999     
   5.8451500000000002E+031  0.13825896993540798        28.696700000000000     
   5.8551399999999990E+031  0.13832716309408091        28.691700000000001     
   5.8651299999999997E+031  0.13839527177012700        28.686599999999999     
   5.8751200000000003E+031  0.13846329620969905        28.681500000000000     
   5.8851099999999991E+031  0.13853123665792477        28.676500000000001     
   5.8950999999999997E+031  0.13859909335868573        28.671399999999998     
   5.9050900000000003E+031  0.13866686655488047        28.666399999999999     
   5.9150799999999991E+031  0.13873455648817237        28.661400000000000     
   5.9250699999999998E+031  0.13880216339917584        28.656400000000001     
   5.9350599999999986E+031  0.13886968752740791        28.651399999999999     
   5.9450499999999992E+031  0.13893712911128731        28.646400000000000     
   5.9550399999999998E+031  0.13900448838814491        28.641400000000001     
   5.9650300000000004E+031  0.13907176559422194        28.636399999999998     
   5.9750199999999993E+031  0.13913896096474848        28.631499999999999     
   5.9850099999999999E+031  0.13920607473379523        28.626500000000000     
   5.9950000000000005E+031  0.13927310713445695        28.621600000000001     
   6.0049899999999993E+031  0.13934005839870375        28.616599999999998     
   6.0149799999999999E+031  0.13940692875754823        28.611699999999999     
   6.0249700000000005E+031  0.13947371844089204        28.606800000000000     
   6.0349599999999994E+031  0.13954042767762409        28.601900000000001     
   6.0449500000000000E+031  0.13960705669561985        28.597000000000001     
   6.0549399999999988E+031  0.13967360572173318        28.592099999999999     
   6.0649299999999994E+031  0.13974007498178684        28.587199999999999     
   6.0749200000000000E+031  0.13980646470060923        28.582300000000000     
   6.0849099999999988E+031  0.13987277510204443        28.577500000000001     
   6.0948999999999995E+031  0.13993900640892129        28.572600000000001     
   6.1048900000000001E+031  0.14000515884304790        28.567799999999998     
   6.1148799999999989E+031  0.14007123262533855        28.562899999999999     
   6.1248699999999995E+031  0.14013722797564623        28.558100000000000     
   6.1348600000000001E+031  0.14020314511287199        28.553300000000000     
   6.1448499999999989E+031  0.14026898425497469        28.548400000000001     
   6.1548399999999996E+031  0.14033474561895687        28.543600000000001     
   6.1648300000000002E+031  0.14040042942083467        28.538799999999998     
   6.1748200000000008E+031  0.14046603587569281        28.534099999999999     
   6.1848099999999996E+031  0.14053156519770083        28.529299999999999     
   6.1948000000000002E+031  0.14059701760003207        28.524500000000000     
   6.2047899999999991E+031  0.14066239329495753        28.519700000000000     
   6.2147799999999997E+031  0.14072769249387493        28.515000000000001     
   6.2247700000000003E+031  0.14079291540715860        28.510200000000001     
   6.2347599999999991E+031  0.14085806224437597        28.505500000000001     
   6.2447499999999997E+031  0.14092313321408298        28.500800000000002     
   6.2547400000000003E+031  0.14098812852401854        28.495999999999999     
   6.2647299999999992E+031  0.14105304838098848        28.491299999999999     
   6.2747199999999998E+031  0.14111789299089605        28.486599999999999     
   6.2847100000000004E+031  0.14118266255876188        28.481900000000000     
   6.2946999999999992E+031  0.14124735728872362        28.477200000000000     
   6.3046899999999998E+031  0.14131197738404616        28.472500000000000     
   6.3146799999999986E+031  0.14137652304716949        28.467900000000000     
   6.3246699999999993E+031  0.14144099447955513        28.463200000000001     
   6.3346599999999999E+031  0.14150539188186803        28.458600000000001     
   6.3446500000000005E+031  0.14156971545397956        28.453900000000001     
   6.3546400000000011E+031  0.14163396539477854        28.449300000000001     
   6.3646299999999999E+031  0.14169814190240304        28.444600000000001     
   6.3746199999999988E+031  0.14176224517411876        28.440000000000001     
   6.3846099999999994E+031  0.14182627540634332        28.435400000000001     
   6.3946000000000000E+031  0.14189023279467744        28.430800000000001     
   6.4045900000000006E+031  0.14195411753389492        28.426200000000001     
   6.4145799999999994E+031  0.14201792981793815        28.421600000000002     
   6.4245700000000000E+031  0.14208166983993567        28.417000000000002     
   6.4345599999999989E+031  0.14214533779219790        28.412400000000002     
   6.4445499999999995E+031  0.14220893386622876        28.407800000000002     
   6.4545400000000001E+031  0.14227245825276849        28.403300000000002     
   6.4645300000000007E+031  0.14233591114166305        28.398700000000002     
   6.4745199999999995E+031  0.14239929272207102        28.394200000000001     
   6.4845100000000001E+031  0.14246260318226336        28.389600000000002     
   6.4944999999999990E+031  0.14252584270982765        28.385100000000001     
   6.5044899999999996E+031  0.14258901149147432        28.380600000000001     
   6.5144800000000002E+031  0.14265210971317885        28.376100000000001     
   6.5244699999999990E+031  0.14271513756015353        28.371500000000001     
   6.5344599999999996E+031  0.14277809521684837        28.367000000000001     
   6.5444500000000003E+031  0.14284098286692551        28.362600000000000     
   6.5544400000000009E+031  0.14290380069331216        28.358100000000000     
   6.5644299999999997E+031  0.14296654887812638        28.353600000000000     
   6.5744200000000003E+031  0.14302922760278997        28.349100000000000     
   6.5844099999999991E+031  0.14309183704795625        28.344600000000000     
   6.5943999999999997E+031  0.14315437739359402        28.340199999999999     
   6.6043900000000004E+031  0.14321684881880534        28.335699999999999     
   6.6143799999999992E+031  0.14327925150210774        28.331299999999999     
   6.6243699999999998E+031  0.14334158562115409        28.326899999999998     
   6.6343599999999986E+031  0.14340385135297198        28.322399999999998     
   6.6443499999999992E+031  0.14346604887382872        28.318000000000001     
   6.6543399999999998E+031  0.14352817835926662        28.313600000000001     
   6.6643300000000005E+031  0.14359023998410889        28.309200000000001     
   6.6743199999999993E+031  0.14365223392250276        28.304800000000000     
   6.6843099999999999E+031  0.14371416034786569        28.300400000000000     
   6.6942999999999987E+031  0.14377601943290638        28.295999999999999     
   6.7042899999999993E+031  0.14383781134964663        28.291599999999999     
   6.7142799999999999E+031  0.14389953626943583        28.287299999999998     
   6.7242700000000006E+031  0.14396119436289231        28.282900000000001     
   6.7342599999999994E+031  0.14402278579995256        28.278500000000001     
   6.7442500000000000E+031  0.14408431074992645        28.274200000000000     
   6.7542400000000006E+031  0.14414576938134416        28.269800000000000     
   6.7642299999999994E+031  0.14420716186218374        28.265499999999999     
   6.7742200000000001E+031  0.14426848835964090        28.261199999999999     
   6.7842099999999989E+031  0.14432974904028611        28.256900000000002     
   6.7941999999999995E+031  0.14439094407004588        28.252500000000001     
   6.8041900000000001E+031  0.14445207361418655        28.248200000000001     
   6.8141800000000007E+031  0.14451313783726938        28.243900000000000     
   6.8241699999999995E+031  0.14457413690324347        28.239599999999999     
   6.8341600000000002E+031  0.14463507097539408        28.235399999999998     
   6.8441499999999990E+031  0.14469594021638166        28.231100000000001     
   6.8541399999999996E+031  0.14475674478817271        28.226800000000001     
   6.8641300000000002E+031  0.14481748485213472        28.222500000000000     
   6.8741199999999990E+031  0.14487816056901337        28.218299999999999     
   6.8841099999999996E+031  0.14493877209887251        28.213999999999999     
   6.8940999999999985E+031  0.14499931960118792        28.209800000000001     
   6.9040899999999991E+031  0.14505980323478049        28.205500000000001     
   6.9140799999999997E+031  0.14512022315789702        28.201300000000000     
   6.9240700000000003E+031  0.14518057952809219        28.197099999999999     
   6.9340599999999991E+031  0.14524087250234585        28.192799999999998     
   6.9440499999999998E+031  0.14530110223706341        28.188600000000001     
   6.9540400000000004E+031  0.14536126888797912        28.184400000000000     
   6.9640300000000010E+031  0.14542137261023030        28.180199999999999     
   6.9740199999999998E+031  0.14548141355837732        28.175999999999998     
   6.9840100000000004E+031  0.14554139188635618        28.171800000000001     
   6.9939999999999992E+031  0.14560130774755081        28.167700000000000     
   7.0039899999999999E+031  0.14566116129469367        28.163499999999999     
   7.0139800000000005E+031  0.14572095267993806        28.159300000000002     
   7.0239699999999993E+031  0.14578068205489078        28.155200000000001     
   7.0339599999999999E+031  0.14584034957055067        28.151000000000000     
   7.0439499999999987E+031  0.14589995537730591        28.146899999999999     
   7.0539399999999993E+031  0.14595949962503774        28.142700000000001     
   7.0639300000000000E+031  0.14601898246297976        28.138600000000000     
   7.0739200000000006E+031  0.14607840403980443        28.134399999999999     
   7.0839099999999994E+031  0.14613776450369789        28.130299999999998     
   7.0939000000000000E+031  0.14619706400218274        28.126200000000001     
   7.1038899999999988E+031  0.14625630268224343        28.122100000000000     
   7.1138799999999995E+031  0.14631548069032232        28.117999999999999     
   7.1238700000000001E+031  0.14637459817229989        28.113900000000001     
   7.1338599999999989E+031  0.14643365527350069        28.109800000000000     
   7.1438499999999995E+031  0.14649265213869067        28.105699999999999     
   7.1538400000000001E+031  0.14655158891209841        28.101600000000001     
   7.1638300000000007E+031  0.14661046573742742        28.097600000000000     
   7.1738199999999996E+031  0.14666928275778676        28.093499999999999     
   7.1838100000000002E+031  0.14672804011575519        28.089400000000001     
   7.1937999999999990E+031  0.14678673795344785        28.085400000000000     
   7.2037899999999996E+031  0.14684537641232270        28.081299999999999     
   7.2137800000000002E+031  0.14690395563344316        28.077300000000001     
   7.2237700000000008E+031  0.14696247575720595        28.073300000000000     
