1.000000E+00 9.239603E-02 3.712500E+01
1.999000E+00 1.356906E-01 1.777100E+01
2.998000E+00 1.758559E-01 1.452500E+01
3.997000E+00 2.127042E-01 1.324100E+01
4.996000E+00 2.468090E-01 1.257100E+01
5.995000E+00 2.786305E-01 1.216700E+01
6.994000E+00 3.085130E-01 1.190100E+01
7.993000E+00 3.367192E-01 1.171600E+01
8.992000E+00 3.634542E-01 1.158100E+01
9.991000E+00 3.888824E-01 1.147900E+01
1.099000E+01 4.131381E-01 1.140000E+01
1.198900E+01 4.363330E-01 1.133700E+01
1.298800E+01 4.585618E-01 1.128700E+01
1.398700E+01 4.799052E-01 1.124600E+01
1.498600E+01 5.004329E-01 1.121100E+01
1.598500E+01 5.202061E-01 1.118200E+01
1.698400E+01 5.392784E-01 1.115700E+01
1.798300E+01 5.576973E-01 1.113600E+01
1.898200E+01 5.755053E-01 1.111700E+01
1.998100E+01 5.927404E-01 1.110100E+01
2.098000E+01 6.094370E-01 1.108700E+01
2.197900E+01 6.256262E-01 1.107400E+01
2.297800E+01 6.413365E-01 1.106200E+01
2.397700E+01 6.565936E-01 1.105100E+01
2.497600E+01 6.714211E-01 1.104100E+01
2.597500E+01 6.858410E-01 1.103200E+01
2.697400E+01 6.998734E-01 1.102400E+01
2.797300E+01 7.135368E-01 1.101600E+01
2.897200E+01 7.268486E-01 1.100800E+01
2.997100E+01 7.398246E-01 1.100100E+01
3.097000E+01 7.524800E-01 1.099400E+01
3.196900E+01 7.648285E-01 1.098800E+01
3.296800E+01 7.768831E-01 1.098200E+01
3.396700E+01 7.886563E-01 1.097600E+01
3.496600E+01 8.001592E-01 1.097000E+01
3.596500E+01 8.114029E-01 1.096400E+01
3.696400E+01 8.223973E-01 1.095900E+01
3.796300E+01 8.331519E-01 1.095400E+01
3.896200E+01 8.436760E-01 1.094800E+01
3.996100E+01 8.539778E-01 1.094300E+01
4.096000E+01 8.640657E-01 1.093800E+01
4.195900E+01 8.739471E-01 1.093300E+01
4.295800E+01 8.836293E-01 1.092800E+01
4.395700E+01 8.931192E-01 1.092300E+01
4.495600E+01 9.024233E-01 1.091800E+01
4.595500E+01 9.115477E-01 1.091400E+01
4.695400E+01 9.204986E-01 1.090900E+01
4.795300E+01 9.292814E-01 1.090400E+01
4.895200E+01 9.379016E-01 1.090000E+01
4.995100E+01 9.463642E-01 1.089500E+01
5.095000E+01 9.546742E-01 1.089000E+01
5.194900E+01 9.628363E-01 1.088600E+01
5.294800E+01 9.708549E-01 1.088100E+01
5.394700E+01 9.787343E-01 1.087600E+01
5.494600E+01 9.864786E-01 1.087200E+01
5.594500E+01 9.940917E-01 1.086700E+01
5.694400E+01 1.001577E+00 1.086300E+01
5.794300E+01 1.008939E+00 1.085800E+01
5.894200E+01 1.016181E+00 1.085400E+01
5.994100E+01 1.023306E+00 1.084900E+01
6.094000E+01 1.030316E+00 1.084500E+01
6.193900E+01 1.037217E+00 1.084000E+01
6.293800E+01 1.044009E+00 1.083600E+01
6.393700E+01 1.050696E+00 1.083200E+01
6.493600E+01 1.057282E+00 1.082700E+01
6.593500E+01 1.063767E+00 1.082300E+01
6.693400E+01 1.070156E+00 1.081800E+01
6.793300E+01 1.076450E+00 1.081400E+01
6.893200E+01 1.082652E+00 1.081000E+01
6.993100E+01 1.088764E+00 1.080500E+01
7.093000E+01 1.094788E+00 1.080100E+01
7.192900E+01 1.100727E+00 1.079600E+01
7.292800E+01 1.106582E+00 1.079200E+01
7.392700E+01 1.112356E+00 1.078800E+01
7.492600E+01 1.118049E+00 1.078300E+01
7.592500E+01 1.123665E+00 1.077900E+01
7.692400E+01 1.129205E+00 1.077500E+01
7.792300E+01 1.134671E+00 1.077000E+01
7.892200E+01 1.140064E+00 1.076600E+01
7.992100E+01 1.145386E+00 1.076200E+01
8.092000E+01 1.150638E+00 1.075700E+01
8.191900E+01 1.155823E+00 1.075300E+01
8.291800E+01 1.160941E+00 1.074900E+01
8.391700E+01 1.165994E+00 1.074500E+01
8.491600E+01 1.170983E+00 1.074000E+01
8.591500E+01 1.175910E+00 1.073600E+01
8.691400E+01 1.180776E+00 1.073200E+01
8.791300E+01 1.185582E+00 1.072700E+01
8.891200E+01 1.190329E+00 1.072300E+01
8.991100E+01 1.195021E+00 1.071900E+01
9.091000E+01 1.199657E+00 1.071500E+01
9.190900E+01 1.204239E+00 1.071100E+01
9.290800E+01 1.208768E+00 1.070600E+01
9.390700E+01 1.213245E+00 1.070200E+01
9.490600E+01 1.217671E+00 1.069800E+01
9.590500E+01 1.222047E+00 1.069400E+01
9.690400E+01 1.226374E+00 1.069000E+01
9.790300E+01 1.230652E+00 1.068600E+01
9.890200E+01 1.234882E+00 1.068100E+01
9.990100E+01 1.239066E+00 1.067700E+01
1.009000E+02 1.243204E+00 1.067300E+01
1.018990E+02 1.247297E+00 1.066900E+01
1.028980E+02 1.251345E+00 1.066500E+01
1.038970E+02 1.255350E+00 1.066100E+01
1.048960E+02 1.259312E+00 1.065700E+01
1.058950E+02 1.263231E+00 1.065300E+01
1.068940E+02 1.267109E+00 1.064900E+01
1.078930E+02 1.270947E+00 1.064500E+01
1.088920E+02 1.274744E+00 1.064100E+01
1.098910E+02 1.278501E+00 1.063700E+01
1.108900E+02 1.282219E+00 1.063300E+01
1.118890E+02 1.285899E+00 1.062900E+01
1.128880E+02 1.289542E+00 1.062500E+01
1.138870E+02 1.293147E+00 1.062100E+01
1.148860E+02 1.296716E+00 1.061700E+01
1.158850E+02 1.300248E+00 1.061300E+01
1.168840E+02 1.303746E+00 1.060900E+01
1.178830E+02 1.307208E+00 1.060500E+01
1.188820E+02 1.310636E+00 1.060100E+01
1.198810E+02 1.314030E+00 1.059700E+01
1.208800E+02 1.317390E+00 1.059300E+01
1.218790E+02 1.320718E+00 1.058900E+01
1.228780E+02 1.324013E+00 1.058600E+01
1.238770E+02 1.327277E+00 1.058200E+01
1.248760E+02 1.330509E+00 1.057800E+01
1.258750E+02 1.333710E+00 1.057400E+01
1.268740E+02 1.336880E+00 1.057000E+01
1.278730E+02 1.340020E+00 1.056600E+01
1.288720E+02 1.343130E+00 1.056300E+01
1.298710E+02 1.346212E+00 1.055900E+01
1.308700E+02 1.349264E+00 1.055500E+01
1.318690E+02 1.352288E+00 1.055100E+01
1.328680E+02 1.355283E+00 1.054700E+01
1.338670E+02 1.358251E+00 1.054400E+01
1.348660E+02 1.361192E+00 1.054000E+01
1.358650E+02 1.364106E+00 1.053600E+01
1.368640E+02 1.366993E+00 1.053200E+01
1.378630E+02 1.369854E+00 1.052900E+01
1.388620E+02 1.372689E+00 1.052500E+01
1.398610E+02 1.375498E+00 1.052100E+01
1.408600E+02 1.378283E+00 1.051800E+01
1.418590E+02 1.381042E+00 1.051400E+01
1.428580E+02 1.383777E+00 1.051000E+01
1.438570E+02 1.386488E+00 1.050700E+01
1.448560E+02 1.389174E+00 1.050300E+01
1.458550E+02 1.391838E+00 1.049900E+01
1.468540E+02 1.394477E+00 1.049600E+01
1.478530E+02 1.397094E+00 1.049200E+01
1.488520E+02 1.399688E+00 1.048800E+01
1.498510E+02 1.402260E+00 1.048500E+01
1.508500E+02 1.404810E+00 1.048100E+01
1.518490E+02 1.407337E+00 1.047800E+01
1.528480E+02 1.409843E+00 1.047400E+01
1.538470E+02 1.412328E+00 1.047100E+01
1.548460E+02 1.414792E+00 1.046700E+01
1.558450E+02 1.417235E+00 1.046300E+01
1.568440E+02 1.419657E+00 1.046000E+01
1.578430E+02 1.422059E+00 1.045600E+01
1.588420E+02 1.424442E+00 1.045300E+01
1.598410E+02 1.426804E+00 1.044900E+01
1.608400E+02 1.429146E+00 1.044600E+01
1.618390E+02 1.431470E+00 1.044200E+01
1.628380E+02 1.433774E+00 1.043900E+01
1.638370E+02 1.436059E+00 1.043500E+01
1.648360E+02 1.438326E+00 1.043200E+01
1.658350E+02 1.440574E+00 1.042800E+01
1.668340E+02 1.442804E+00 1.042500E+01
1.678330E+02 1.445016E+00 1.042200E+01
1.688320E+02 1.447210E+00 1.041800E+01
1.698310E+02 1.449387E+00 1.041500E+01
1.708300E+02 1.451546E+00 1.041100E+01
1.718290E+02 1.453688E+00 1.040800E+01
1.728280E+02 1.455813E+00 1.040500E+01
1.738270E+02 1.457921E+00 1.040100E+01
1.748260E+02 1.460013E+00 1.039800E+01
1.758250E+02 1.462088E+00 1.039400E+01
1.768240E+02 1.464147E+00 1.039100E+01
1.778230E+02 1.466190E+00 1.038800E+01
1.788220E+02 1.468217E+00 1.038400E+01
1.798210E+02 1.470228E+00 1.038100E+01
1.808200E+02 1.472223E+00 1.037800E+01
1.818190E+02 1.474204E+00 1.037400E+01
1.828180E+02 1.476169E+00 1.037100E+01
1.838170E+02 1.478119E+00 1.036800E+01
1.848160E+02 1.480054E+00 1.036500E+01
1.858150E+02 1.481974E+00 1.036100E+01
1.868140E+02 1.483880E+00 1.035800E+01
1.878130E+02 1.485771E+00 1.035500E+01
1.888120E+02 1.487648E+00 1.035200E+01
1.898110E+02 1.489511E+00 1.034800E+01
1.908100E+02 1.491360E+00 1.034500E+01
1.918090E+02 1.493196E+00 1.034200E+01
1.928080E+02 1.495017E+00 1.033900E+01
1.938070E+02 1.496825E+00 1.033500E+01
1.948060E+02 1.498620E+00 1.033200E+01
1.958050E+02 1.500402E+00 1.032900E+01
1.968040E+02 1.502170E+00 1.032600E+01
1.978030E+02 1.503925E+00 1.032300E+01
1.988020E+02 1.505668E+00 1.031900E+01
1.998010E+02 1.507398E+00 1.031600E+01
2.008000E+02 1.509115E+00 1.031300E+01
2.017990E+02 1.510820E+00 1.031000E+01
2.027980E+02 1.512512E+00 1.030700E+01
2.037970E+02 1.514193E+00 1.030400E+01
2.047960E+02 1.515861E+00 1.030100E+01
2.057950E+02 1.517517E+00 1.029700E+01
2.067940E+02 1.519162E+00 1.029400E+01
2.077930E+02 1.520794E+00 1.029100E+01
2.087920E+02 1.522415E+00 1.028800E+01
2.097910E+02 1.524025E+00 1.028500E+01
2.107900E+02 1.525623E+00 1.028200E+01
2.117890E+02 1.527210E+00 1.027900E+01
2.127880E+02 1.528786E+00 1.027600E+01
2.137870E+02 1.530351E+00 1.027300E+01
2.147860E+02 1.531905E+00 1.027000E+01
2.157850E+02 1.533448E+00 1.026700E+01
2.167840E+02 1.534980E+00 1.026400E+01
2.177830E+02 1.536502E+00 1.026100E+01
2.187820E+02 1.538013E+00 1.025800E+01
2.197810E+02 1.539513E+00 1.025500E+01
2.207800E+02 1.541004E+00 1.025200E+01
2.217790E+02 1.542484E+00 1.024900E+01
2.227780E+02 1.543954E+00 1.024600E+01
2.237770E+02 1.545414E+00 1.024300E+01
2.247760E+02 1.546863E+00 1.024000E+01
2.257750E+02 1.548304E+00 1.023700E+01
2.267740E+02 1.549734E+00 1.023400E+01
2.277730E+02 1.551155E+00 1.023100E+01
2.287720E+02 1.552566E+00 1.022800E+01
2.297710E+02 1.553967E+00 1.022500E+01
2.307700E+02 1.555359E+00 1.022200E+01
2.317690E+02 1.556742E+00 1.021900E+01
2.327680E+02 1.558116E+00 1.021600E+01
2.337670E+02 1.559480E+00 1.021300E+01
2.347660E+02 1.560836E+00 1.021000E+01
2.357650E+02 1.562182E+00 1.020700E+01
2.367640E+02 1.563520E+00 1.020400E+01
2.377630E+02 1.564848E+00 1.020200E+01
2.387620E+02 1.566168E+00 1.019900E+01
2.397610E+02 1.567480E+00 1.019600E+01
2.407600E+02 1.568782E+00 1.019300E+01
2.417590E+02 1.570076E+00 1.019000E+01
2.427580E+02 1.571362E+00 1.018700E+01
2.437570E+02 1.572639E+00 1.018400E+01
2.447560E+02 1.573908E+00 1.018200E+01
2.457550E+02 1.575169E+00 1.017900E+01
2.467540E+02 1.576422E+00 1.017600E+01
2.477530E+02 1.577666E+00 1.017300E+01
2.487520E+02 1.578903E+00 1.017000E+01
2.497510E+02 1.580131E+00 1.016700E+01
2.507500E+02 1.581352E+00 1.016500E+01
2.517490E+02 1.582565E+00 1.016200E+01
2.527480E+02 1.583770E+00 1.015900E+01
2.537470E+02 1.584968E+00 1.015600E+01
2.547460E+02 1.586158E+00 1.015300E+01
2.557450E+02 1.587340E+00 1.015100E+01
2.567440E+02 1.588515E+00 1.014800E+01
2.577430E+02 1.589683E+00 1.014500E+01
2.587420E+02 1.590843E+00 1.014200E+01
2.597410E+02 1.591995E+00 1.014000E+01
2.607400E+02 1.593141E+00 1.013700E+01
2.617390E+02 1.594280E+00 1.013400E+01
2.627380E+02 1.595411E+00 1.013100E+01
2.637370E+02 1.596535E+00 1.012900E+01
2.647360E+02 1.597652E+00 1.012600E+01
2.657350E+02 1.598763E+00 1.012300E+01
2.667340E+02 1.599866E+00 1.012100E+01
2.677330E+02 1.600963E+00 1.011800E+01
2.687320E+02 1.602053E+00 1.011500E+01
2.697310E+02 1.603136E+00 1.011300E+01
2.707300E+02 1.604212E+00 1.011000E+01
2.717290E+02 1.605282E+00 1.010700E+01
2.727280E+02 1.606346E+00 1.010500E+01
2.737270E+02 1.607403E+00 1.010200E+01
2.747260E+02 1.608453E+00 1.009900E+01
2.757250E+02 1.609497E+00 1.009700E+01
2.767240E+02 1.610535E+00 1.009400E+01
2.777230E+02 1.611566E+00 1.009100E+01
2.787220E+02 1.612591E+00 1.008900E+01
2.797210E+02 1.613610E+00 1.008600E+01
2.807200E+02 1.614623E+00 1.008300E+01
2.817190E+02 1.615630E+00 1.008100E+01
2.827180E+02 1.616631E+00 1.007800E+01
2.837170E+02 1.617625E+00 1.007600E+01
2.847160E+02 1.618614E+00 1.007300E+01
2.857150E+02 1.619597E+00 1.007000E+01
2.867140E+02 1.620574E+00 1.006800E+01
2.877130E+02 1.621545E+00 1.006500E+01
2.887120E+02 1.622510E+00 1.006300E+01
2.897110E+02 1.623470E+00 1.006000E+01
2.907100E+02 1.624424E+00 1.005700E+01
2.917090E+02 1.625372E+00 1.005500E+01
2.927080E+02 1.626315E+00 1.005200E+01
2.937070E+02 1.627252E+00 1.005000E+01
2.947060E+02 1.628184E+00 1.004700E+01
2.957050E+02 1.629110E+00 1.004500E+01
2.967040E+02 1.630031E+00 1.004200E+01
2.977030E+02 1.630947E+00 1.004000E+01
2.987020E+02 1.631857E+00 1.003700E+01
2.997010E+02 1.632762E+00 1.003500E+01
3.007000E+02 1.633661E+00 1.003200E+01
3.016990E+02 1.634555E+00 1.003000E+01
3.026980E+02 1.635445E+00 1.002700E+01
3.036970E+02 1.636329E+00 1.002500E+01
3.046960E+02 1.637208E+00 1.002200E+01
3.056950E+02 1.638081E+00 1.002000E+01
3.066940E+02 1.638950E+00 1.001700E+01
3.076930E+02 1.639814E+00 1.001500E+01
3.086920E+02 1.640673E+00 1.001200E+01
3.096910E+02 1.641527E+00 1.001000E+01
3.106900E+02 1.642376E+00 1.000700E+01
3.116890E+02 1.643220E+00 1.000500E+01
3.126880E+02 1.644059E+00 1.000200E+01
3.136870E+02 1.644894E+00 1.000000E+01
3.146860E+02 1.645724E+00 9.997000E+00
3.156850E+02 1.646549E+00 9.995000E+00
3.166840E+02 1.647370E+00 9.993000E+00
3.176830E+02 1.648185E+00 9.990000E+00
3.186820E+02 1.648997E+00 9.988000E+00
3.196810E+02 1.649803E+00 9.985000E+00
3.206800E+02 1.650606E+00 9.983000E+00
3.216790E+02 1.651403E+00 9.981000E+00
3.226780E+02 1.652196E+00 9.978000E+00
3.236770E+02 1.652985E+00 9.976000E+00
3.246760E+02 1.653769E+00 9.973000E+00
3.256750E+02 1.654549E+00 9.971000E+00
3.266740E+02 1.655325E+00 9.969000E+00
3.276730E+02 1.656096E+00 9.966000E+00
3.286720E+02 1.656863E+00 9.964000E+00
3.296710E+02 1.657626E+00 9.961000E+00
3.306700E+02 1.658384E+00 9.959000E+00
3.316690E+02 1.659138E+00 9.957000E+00
3.326680E+02 1.659889E+00 9.954000E+00
3.336670E+02 1.660635E+00 9.952000E+00
3.346660E+02 1.661376E+00 9.950000E+00
3.356650E+02 1.662114E+00 9.947000E+00
3.366640E+02 1.662848E+00 9.945000E+00
3.376630E+02 1.663578E+00 9.943000E+00
3.386620E+02 1.664303E+00 9.940000E+00
3.396610E+02 1.665025E+00 9.938000E+00
3.406600E+02 1.665743E+00 9.936000E+00
3.416590E+02 1.666457E+00 9.933000E+00
3.426580E+02 1.667167E+00 9.931000E+00
3.436570E+02 1.667873E+00 9.929000E+00
3.446560E+02 1.668575E+00 9.927000E+00
3.456550E+02 1.669273E+00 9.924000E+00
3.466540E+02 1.669968E+00 9.922000E+00
3.476530E+02 1.670659E+00 9.920000E+00
3.486520E+02 1.671346E+00 9.917000E+00
3.496510E+02 1.672030E+00 9.915000E+00
3.506500E+02 1.672709E+00 9.913000E+00
3.516490E+02 1.673385E+00 9.911000E+00
3.526480E+02 1.674058E+00 9.908000E+00
3.536470E+02 1.674727E+00 9.906000E+00
3.546460E+02 1.675392E+00 9.904000E+00
3.556450E+02 1.676054E+00 9.902000E+00
3.566440E+02 1.676712E+00 9.899000E+00
3.576430E+02 1.677367E+00 9.897000E+00
3.586420E+02 1.678018E+00 9.895000E+00
3.596410E+02 1.678666E+00 9.893000E+00
3.606400E+02 1.679310E+00 9.890000E+00
3.616390E+02 1.679951E+00 9.888000E+00
3.626380E+02 1.680588E+00 9.886000E+00
3.636370E+02 1.681222E+00 9.884000E+00
3.646360E+02 1.681853E+00 9.882000E+00
3.656350E+02 1.682480E+00 9.879000E+00
3.666340E+02 1.683104E+00 9.877000E+00
3.676330E+02 1.683725E+00 9.875000E+00
3.686320E+02 1.684342E+00 9.873000E+00
3.696310E+02 1.684957E+00 9.871000E+00
3.706300E+02 1.685568E+00 9.868000E+00
3.716290E+02 1.686175E+00 9.866000E+00
3.726280E+02 1.686780E+00 9.864000E+00
3.736270E+02 1.687381E+00 9.862000E+00
3.746260E+02 1.687980E+00 9.860000E+00
3.756250E+02 1.688575E+00 9.857000E+00
3.766240E+02 1.689167E+00 9.855000E+00
3.776230E+02 1.689756E+00 9.853000E+00
3.786220E+02 1.690342E+00 9.851000E+00
3.796210E+02 1.690925E+00 9.849000E+00
3.806200E+02 1.691504E+00 9.847000E+00
3.816190E+02 1.692081E+00 9.845000E+00
3.826180E+02 1.692655E+00 9.842000E+00
3.836170E+02 1.693226E+00 9.840000E+00
3.846160E+02 1.693794E+00 9.838000E+00
3.856150E+02 1.694359E+00 9.836000E+00
3.866140E+02 1.694921E+00 9.834000E+00
3.876130E+02 1.695480E+00 9.832000E+00
3.886120E+02 1.696036E+00 9.830000E+00
3.896110E+02 1.696590E+00 9.828000E+00
3.906100E+02 1.697140E+00 9.825000E+00
3.916090E+02 1.697688E+00 9.823000E+00
3.926080E+02 1.698233E+00 9.821000E+00
3.936070E+02 1.698775E+00 9.819000E+00
3.946060E+02 1.699314E+00 9.817000E+00
3.956050E+02 1.699851E+00 9.815000E+00
3.966040E+02 1.700385E+00 9.813000E+00
3.976030E+02 1.700916E+00 9.811000E+00
3.986020E+02 1.701444E+00 9.809000E+00
3.996010E+02 1.701970E+00 9.807000E+00
4.006000E+02 1.702493E+00 9.805000E+00
4.015990E+02 1.703013E+00 9.803000E+00
4.025980E+02 1.703531E+00 9.800000E+00
4.035970E+02 1.704046E+00 9.798000E+00
4.045960E+02 1.704559E+00 9.796000E+00
4.055950E+02 1.705069E+00 9.794000E+00
4.065940E+02 1.705576E+00 9.792000E+00
4.075930E+02 1.706081E+00 9.790000E+00
4.085920E+02 1.706583E+00 9.788000E+00
4.095910E+02 1.707083E+00 9.786000E+00
4.105900E+02 1.707580E+00 9.784000E+00
4.115890E+02 1.708075E+00 9.782000E+00
4.125880E+02 1.708567E+00 9.780000E+00
4.135870E+02 1.709057E+00 9.778000E+00
4.145860E+02 1.709544E+00 9.776000E+00
4.155850E+02 1.710029E+00 9.774000E+00
4.165840E+02 1.710511E+00 9.772000E+00
4.175830E+02 1.710991E+00 9.770000E+00
4.185820E+02 1.711469E+00 9.768000E+00
4.195810E+02 1.711944E+00 9.766000E+00
4.205800E+02 1.712417E+00 9.764000E+00
4.215790E+02 1.712887E+00 9.762000E+00
4.225780E+02 1.713355E+00 9.760000E+00
4.235770E+02 1.713821E+00 9.758000E+00
4.245760E+02 1.714284E+00 9.756000E+00
4.255750E+02 1.714745E+00 9.754000E+00
4.265740E+02 1.715204E+00 9.752000E+00
4.275730E+02 1.715661E+00 9.750000E+00
4.285720E+02 1.716115E+00 9.748000E+00
4.295710E+02 1.716567E+00 9.746000E+00
4.305700E+02 1.717017E+00 9.744000E+00
4.315690E+02 1.717465E+00 9.742000E+00
4.325680E+02 1.717910E+00 9.740000E+00
4.335670E+02 1.718353E+00 9.738000E+00
4.345660E+02 1.718794E+00 9.736000E+00
4.355650E+02 1.719233E+00 9.734000E+00
4.365640E+02 1.719670E+00 9.733000E+00
4.375630E+02 1.720104E+00 9.731000E+00
4.385620E+02 1.720537E+00 9.729000E+00
4.395610E+02 1.720967E+00 9.727000E+00
4.405600E+02 1.721395E+00 9.725000E+00
4.415590E+02 1.721821E+00 9.723000E+00
4.425580E+02 1.722245E+00 9.721000E+00
4.435570E+02 1.722667E+00 9.719000E+00
4.445560E+02 1.723087E+00 9.717000E+00
4.455550E+02 1.723505E+00 9.715000E+00
4.465540E+02 1.723920E+00 9.713000E+00
4.475530E+02 1.724334E+00 9.711000E+00
4.485520E+02 1.724746E+00 9.709000E+00
4.495510E+02 1.725155E+00 9.708000E+00
4.505500E+02 1.725563E+00 9.706000E+00
4.515490E+02 1.725969E+00 9.704000E+00
4.525480E+02 1.726373E+00 9.702000E+00
4.535470E+02 1.726774E+00 9.700000E+00
4.545460E+02 1.727174E+00 9.698000E+00
4.555450E+02 1.727572E+00 9.696000E+00
4.565440E+02 1.727968E+00 9.694000E+00
4.575430E+02 1.728362E+00 9.693000E+00
4.585420E+02 1.728754E+00 9.691000E+00
4.595410E+02 1.729144E+00 9.689000E+00
4.605400E+02 1.729532E+00 9.687000E+00
4.615390E+02 1.729919E+00 9.685000E+00
4.625380E+02 1.730303E+00 9.683000E+00
4.635370E+02 1.730686E+00 9.681000E+00
4.645360E+02 1.731067E+00 9.679000E+00
4.655350E+02 1.731446E+00 9.678000E+00
4.665340E+02 1.731823E+00 9.676000E+00
4.675330E+02 1.732198E+00 9.674000E+00
4.685320E+02 1.732572E+00 9.672000E+00
4.695310E+02 1.732944E+00 9.670000E+00
4.705300E+02 1.733314E+00 9.668000E+00
4.715290E+02 1.733682E+00 9.667000E+00
4.725280E+02 1.734048E+00 9.665000E+00
4.735270E+02 1.734413E+00 9.663000E+00
4.745260E+02 1.734776E+00 9.661000E+00
4.755250E+02 1.735137E+00 9.659000E+00
4.765240E+02 1.735496E+00 9.657000E+00
4.775230E+02 1.735854E+00 9.656000E+00
4.785220E+02 1.736210E+00 9.654000E+00
4.795210E+02 1.736564E+00 9.652000E+00
4.805200E+02 1.736917E+00 9.650000E+00
4.815190E+02 1.737268E+00 9.648000E+00
4.825180E+02 1.737617E+00 9.647000E+00
4.835170E+02 1.737965E+00 9.645000E+00
4.845160E+02 1.738311E+00 9.643000E+00
4.855150E+02 1.738655E+00 9.641000E+00
4.865140E+02 1.738997E+00 9.639000E+00
4.875130E+02 1.739338E+00 9.638000E+00
4.885120E+02 1.739678E+00 9.636000E+00
4.895110E+02 1.740016E+00 9.634000E+00
4.905100E+02 1.740352E+00 9.632000E+00
4.915090E+02 1.740686E+00 9.631000E+00
4.925080E+02 1.741019E+00 9.629000E+00
4.935070E+02 1.741351E+00 9.627000E+00
4.945060E+02 1.741680E+00 9.625000E+00
4.955050E+02 1.742009E+00 9.624000E+00
4.965040E+02 1.742335E+00 9.622000E+00
4.975030E+02 1.742660E+00 9.620000E+00
4.985020E+02 1.742984E+00 9.618000E+00
4.995010E+02 1.743306E+00 9.616000E+00
5.005000E+02 1.743627E+00 9.615000E+00
5.014990E+02 1.743946E+00 9.613000E+00
5.024980E+02 1.744263E+00 9.611000E+00
5.034970E+02 1.744579E+00 9.610000E+00
5.044960E+02 1.744894E+00 9.608000E+00
5.054950E+02 1.745207E+00 9.606000E+00
5.064940E+02 1.745518E+00 9.604000E+00
5.074930E+02 1.745828E+00 9.603000E+00
5.084920E+02 1.746137E+00 9.601000E+00
5.094910E+02 1.746444E+00 9.599000E+00
5.104900E+02 1.746750E+00 9.597000E+00
5.114890E+02 1.747054E+00 9.596000E+00
5.124880E+02 1.747357E+00 9.594000E+00
5.134870E+02 1.747658E+00 9.592000E+00
5.144860E+02 1.747958E+00 9.591000E+00
5.154850E+02 1.748257E+00 9.589000E+00
5.164840E+02 1.748554E+00 9.587000E+00
5.174830E+02 1.748849E+00 9.585000E+00
5.184820E+02 1.749144E+00 9.584000E+00
5.194810E+02 1.749437E+00 9.582000E+00
5.204800E+02 1.749728E+00 9.580000E+00
5.214790E+02 1.750019E+00 9.579000E+00
5.224780E+02 1.750308E+00 9.577000E+00
5.234770E+02 1.750595E+00 9.575000E+00
5.244760E+02 1.750881E+00 9.574000E+00
5.254750E+02 1.751166E+00 9.572000E+00
5.264740E+02 1.751450E+00 9.570000E+00
5.274730E+02 1.751732E+00 9.569000E+00
5.284720E+02 1.752013E+00 9.567000E+00
5.294710E+02 1.752292E+00 9.565000E+00
5.304700E+02 1.752570E+00 9.564000E+00
5.314690E+02 1.752847E+00 9.562000E+00
5.324680E+02 1.753123E+00 9.560000E+00
5.334670E+02 1.753397E+00 9.559000E+00
5.344660E+02 1.753670E+00 9.557000E+00
5.354650E+02 1.753942E+00 9.555000E+00
5.364640E+02 1.754212E+00 9.554000E+00
5.374630E+02 1.754482E+00 9.552000E+00
5.384620E+02 1.754750E+00 9.550000E+00
5.394610E+02 1.755016E+00 9.549000E+00
5.404600E+02 1.755282E+00 9.547000E+00
5.414590E+02 1.755546E+00 9.545000E+00
5.424580E+02 1.755809E+00 9.544000E+00
5.434570E+02 1.756071E+00 9.542000E+00
5.444560E+02 1.756331E+00 9.540000E+00
5.454550E+02 1.756591E+00 9.539000E+00
5.464540E+02 1.756849E+00 9.537000E+00
5.474530E+02 1.757106E+00 9.536000E+00
5.484520E+02 1.757361E+00 9.534000E+00
5.494510E+02 1.757616E+00 9.532000E+00
5.504500E+02 1.757869E+00 9.531000E+00
5.514490E+02 1.758121E+00 9.529000E+00
5.524480E+02 1.758372E+00 9.527000E+00
5.534470E+02 1.758622E+00 9.526000E+00
5.544460E+02 1.758871E+00 9.524000E+00
5.554450E+02 1.759118E+00 9.523000E+00
5.564440E+02 1.759365E+00 9.521000E+00
5.574430E+02 1.759610E+00 9.519000E+00
5.584420E+02 1.759854E+00 9.518000E+00
5.594410E+02 1.760097E+00 9.516000E+00
5.604400E+02 1.760339E+00 9.515000E+00
5.614390E+02 1.760579E+00 9.513000E+00
5.624380E+02 1.760819E+00 9.511000E+00
5.634370E+02 1.761057E+00 9.510000E+00
5.644360E+02 1.761294E+00 9.508000E+00
5.654350E+02 1.761531E+00 9.507000E+00
5.664340E+02 1.761766E+00 9.505000E+00
5.674330E+02 1.762000E+00 9.504000E+00
5.684320E+02 1.762233E+00 9.502000E+00
5.694310E+02 1.762465E+00 9.500000E+00
5.704300E+02 1.762695E+00 9.499000E+00
5.714290E+02 1.762925E+00 9.497000E+00
5.724280E+02 1.763154E+00 9.496000E+00
5.734270E+02 1.763381E+00 9.494000E+00
5.744260E+02 1.763608E+00 9.493000E+00
5.754250E+02 1.763833E+00 9.491000E+00
5.764240E+02 1.764058E+00 9.489000E+00
5.774230E+02 1.764281E+00 9.488000E+00
5.784220E+02 1.764503E+00 9.486000E+00
5.794210E+02 1.764724E+00 9.485000E+00
5.804200E+02 1.764945E+00 9.483000E+00
5.814190E+02 1.765164E+00 9.482000E+00
5.824180E+02 1.765382E+00 9.480000E+00
5.834170E+02 1.765599E+00 9.479000E+00
5.844160E+02 1.765816E+00 9.477000E+00
5.854150E+02 1.766031E+00 9.475000E+00
5.864140E+02 1.766245E+00 9.474000E+00
5.874130E+02 1.766458E+00 9.472000E+00
5.884120E+02 1.766670E+00 9.471000E+00
5.894110E+02 1.766881E+00 9.469000E+00
5.904100E+02 1.767092E+00 9.468000E+00
5.914090E+02 1.767301E+00 9.466000E+00
5.924080E+02 1.767509E+00 9.465000E+00
5.934070E+02 1.767717E+00 9.463000E+00
5.944060E+02 1.767923E+00 9.462000E+00
5.954050E+02 1.768128E+00 9.460000E+00
5.964040E+02 1.768333E+00 9.459000E+00
5.974030E+02 1.768536E+00 9.457000E+00
5.984020E+02 1.768739E+00 9.456000E+00
5.994010E+02 1.768940E+00 9.454000E+00
6.004000E+02 1.769141E+00 9.453000E+00
6.013990E+02 1.769341E+00 9.451000E+00
6.023980E+02 1.769539E+00 9.450000E+00
6.033970E+02 1.769737E+00 9.448000E+00
6.043960E+02 1.769934E+00 9.447000E+00
6.053950E+02 1.770130E+00 9.445000E+00
6.063940E+02 1.770325E+00 9.444000E+00
6.073930E+02 1.770520E+00 9.442000E+00
6.083920E+02 1.770713E+00 9.441000E+00
6.093910E+02 1.770905E+00 9.439000E+00
6.103900E+02 1.771097E+00 9.438000E+00
6.113890E+02 1.771287E+00 9.436000E+00
6.123880E+02 1.771477E+00 9.435000E+00
6.133870E+02 1.771666E+00 9.433000E+00
6.143860E+02 1.771854E+00 9.432000E+00
6.153850E+02 1.772041E+00 9.430000E+00
6.163840E+02 1.772227E+00 9.429000E+00
6.173830E+02 1.772412E+00 9.427000E+00
6.183820E+02 1.772597E+00 9.426000E+00
6.193810E+02 1.772781E+00 9.424000E+00
6.203800E+02 1.772963E+00 9.423000E+00
6.213790E+02 1.773145E+00 9.421000E+00
6.223780E+02 1.773326E+00 9.420000E+00
6.233770E+02 1.773506E+00 9.418000E+00
6.243760E+02 1.773686E+00 9.417000E+00
6.253750E+02 1.773864E+00 9.416000E+00
6.263740E+02 1.774042E+00 9.414000E+00
6.273730E+02 1.774219E+00 9.413000E+00
6.283720E+02 1.774395E+00 9.411000E+00
6.293710E+02 1.774570E+00 9.410000E+00
6.303700E+02 1.774745E+00 9.408000E+00
6.313690E+02 1.774918E+00 9.407000E+00
6.323680E+02 1.775091E+00 9.405000E+00
6.333670E+02 1.775263E+00 9.404000E+00
6.343660E+02 1.775434E+00 9.403000E+00
6.353650E+02 1.775604E+00 9.401000E+00
6.363640E+02 1.775774E+00 9.400000E+00
6.373630E+02 1.775943E+00 9.398000E+00
6.383620E+02 1.776111E+00 9.397000E+00
6.393610E+02 1.776278E+00 9.395000E+00
6.403600E+02 1.776444E+00 9.394000E+00
6.413590E+02 1.776610E+00 9.393000E+00
6.423580E+02 1.776775E+00 9.391000E+00
6.433570E+02 1.776939E+00 9.390000E+00
6.443560E+02 1.777102E+00 9.388000E+00
6.453550E+02 1.777264E+00 9.387000E+00
6.463540E+02 1.777426E+00 9.385000E+00
6.473530E+02 1.777587E+00 9.384000E+00
6.483520E+02 1.777747E+00 9.383000E+00
6.493510E+02 1.777907E+00 9.381000E+00
6.503500E+02 1.778066E+00 9.380000E+00
6.513490E+02 1.778224E+00 9.378000E+00
6.523480E+02 1.778381E+00 9.377000E+00
6.533470E+02 1.778537E+00 9.376000E+00
6.543460E+02 1.778693E+00 9.374000E+00
6.553450E+02 1.778848E+00 9.373000E+00
6.563440E+02 1.779002E+00 9.371000E+00
6.573430E+02 1.779156E+00 9.370000E+00
6.583420E+02 1.779309E+00 9.369000E+00
6.593410E+02 1.779461E+00 9.367000E+00
6.603400E+02 1.779612E+00 9.366000E+00
6.613390E+02 1.779763E+00 9.364000E+00
6.623380E+02 1.779913E+00 9.363000E+00
6.633370E+02 1.780062E+00 9.362000E+00
6.643360E+02 1.780211E+00 9.360000E+00
6.653350E+02 1.780359E+00 9.359000E+00
6.663340E+02 1.780506E+00 9.358000E+00
6.673330E+02 1.780652E+00 9.356000E+00
6.683320E+02 1.780798E+00 9.355000E+00
6.693310E+02 1.780943E+00 9.353000E+00
6.703300E+02 1.781087E+00 9.352000E+00
6.713290E+02 1.781231E+00 9.351000E+00
6.723280E+02 1.781374E+00 9.349000E+00
6.733270E+02 1.781516E+00 9.348000E+00
6.743260E+02 1.781658E+00 9.347000E+00
6.753250E+02 1.781799E+00 9.345000E+00
6.763240E+02 1.781939E+00 9.344000E+00
6.773230E+02 1.782079E+00 9.342000E+00
6.783220E+02 1.782218E+00 9.341000E+00
6.793210E+02 1.782356E+00 9.340000E+00
6.803200E+02 1.782494E+00 9.338000E+00
6.813190E+02 1.782631E+00 9.337000E+00
6.823180E+02 1.782767E+00 9.336000E+00
6.833170E+02 1.782903E+00 9.334000E+00
6.843160E+02 1.783038E+00 9.333000E+00
6.853150E+02 1.783172E+00 9.332000E+00
6.863140E+02 1.783306E+00 9.330000E+00
6.873130E+02 1.783439E+00 9.329000E+00
6.883120E+02 1.783571E+00 9.328000E+00
6.893110E+02 1.783703E+00 9.326000E+00
6.903100E+02 1.783834E+00 9.325000E+00
6.913090E+02 1.783965E+00 9.324000E+00
6.923080E+02 1.784095E+00 9.322000E+00
6.933070E+02 1.784224E+00 9.321000E+00
6.943060E+02 1.784352E+00 9.320000E+00
6.953050E+02 1.784481E+00 9.318000E+00
6.963040E+02 1.784608E+00 9.317000E+00
6.973030E+02 1.784735E+00 9.316000E+00
6.983020E+02 1.784861E+00 9.314000E+00
6.993010E+02 1.784986E+00 9.313000E+00
7.003000E+02 1.785111E+00 9.312000E+00
7.012990E+02 1.785236E+00 9.310000E+00
7.022980E+02 1.785360E+00 9.309000E+00
7.032970E+02 1.785483E+00 9.308000E+00
7.042960E+02 1.785605E+00 9.306000E+00
7.052950E+02 1.785727E+00 9.305000E+00
7.062940E+02 1.785849E+00 9.304000E+00
7.072930E+02 1.785969E+00 9.302000E+00
7.082920E+02 1.786090E+00 9.301000E+00
7.092910E+02 1.786209E+00 9.300000E+00
7.102900E+02 1.786328E+00 9.299000E+00
7.112890E+02 1.786447E+00 9.297000E+00
7.122880E+02 1.786564E+00 9.296000E+00
7.132870E+02 1.786682E+00 9.295000E+00
7.142860E+02 1.786798E+00 9.293000E+00
7.152850E+02 1.786915E+00 9.292000E+00
7.162840E+02 1.787030E+00 9.291000E+00
7.172830E+02 1.787145E+00 9.289000E+00
7.182820E+02 1.787260E+00 9.288000E+00
7.192810E+02 1.787373E+00 9.287000E+00
7.202800E+02 1.787487E+00 9.286000E+00
7.212790E+02 1.787600E+00 9.284000E+00
7.222780E+02 1.787712E+00 9.283000E+00
7.232770E+02 1.787823E+00 9.282000E+00
7.242760E+02 1.787934E+00 9.280000E+00
7.252750E+02 1.788045E+00 9.279000E+00
7.262740E+02 1.788155E+00 9.278000E+00
7.272730E+02 1.788264E+00 9.277000E+00
7.282720E+02 1.788373E+00 9.275000E+00
7.292710E+02 1.788482E+00 9.274000E+00
7.302700E+02 1.788590E+00 9.273000E+00
7.312690E+02 1.788697E+00 9.271000E+00
7.322680E+02 1.788804E+00 9.270000E+00
7.332670E+02 1.788910E+00 9.269000E+00
7.342660E+02 1.789015E+00 9.268000E+00
7.352650E+02 1.789121E+00 9.266000E+00
7.362640E+02 1.789225E+00 9.265000E+00
7.372630E+02 1.789329E+00 9.264000E+00
7.382620E+02 1.789433E+00 9.263000E+00
7.392610E+02 1.789536E+00 9.261000E+00
7.402600E+02 1.789639E+00 9.260000E+00
7.412590E+02 1.789741E+00 9.259000E+00
7.422580E+02 1.789842E+00 9.258000E+00
7.432570E+02 1.789943E+00 9.256000E+00
7.442560E+02 1.790044E+00 9.255000E+00
7.452550E+02 1.790144E+00 9.254000E+00
7.462540E+02 1.790243E+00 9.253000E+00
7.472530E+02 1.790342E+00 9.251000E+00
7.482520E+02 1.790441E+00 9.250000E+00
7.492510E+02 1.790539E+00 9.249000E+00
7.502500E+02 1.790636E+00 9.248000E+00
7.512490E+02 1.790733E+00 9.246000E+00
7.522480E+02 1.790830E+00 9.245000E+00
7.532470E+02 1.790926E+00 9.244000E+00
7.542460E+02 1.791021E+00 9.243000E+00
7.552450E+02 1.791116E+00 9.241000E+00
7.562440E+02 1.791211E+00 9.240000E+00
7.572430E+02 1.791305E+00 9.239000E+00
7.582420E+02 1.791398E+00 9.238000E+00
7.592410E+02 1.791492E+00 9.237000E+00
7.602400E+02 1.791584E+00 9.235000E+00
7.612390E+02 1.791676E+00 9.234000E+00
7.622380E+02 1.791768E+00 9.233000E+00
7.632370E+02 1.791859E+00 9.232000E+00
7.642360E+02 1.791950E+00 9.230000E+00
7.652350E+02 1.792040E+00 9.229000E+00
7.662340E+02 1.792130E+00 9.228000E+00
7.672330E+02 1.792219E+00 9.227000E+00
7.682320E+02 1.792308E+00 9.226000E+00
7.692310E+02 1.792397E+00 9.224000E+00
7.702300E+02 1.792484E+00 9.223000E+00
7.712290E+02 1.792572E+00 9.222000E+00
7.722280E+02 1.792659E+00 9.221000E+00
7.732270E+02 1.792746E+00 9.219000E+00
7.742260E+02 1.792832E+00 9.218000E+00
7.752250E+02 1.792917E+00 9.217000E+00
7.762240E+02 1.793003E+00 9.216000E+00
7.772230E+02 1.793087E+00 9.215000E+00
7.782220E+02 1.793172E+00 9.213000E+00
7.792210E+02 1.793256E+00 9.212000E+00
7.802200E+02 1.793339E+00 9.211000E+00
7.812190E+02 1.793422E+00 9.210000E+00
7.822180E+02 1.793505E+00 9.209000E+00
7.832170E+02 1.793587E+00 9.207000E+00
7.842160E+02 1.793668E+00 9.206000E+00
7.852150E+02 1.793750E+00 9.205000E+00
7.862140E+02 1.793830E+00 9.204000E+00
7.872130E+02 1.793911E+00 9.203000E+00
7.882120E+02 1.793991E+00 9.201000E+00
7.892110E+02 1.794070E+00 9.200000E+00
7.902100E+02 1.794149E+00 9.199000E+00
7.912090E+02 1.794228E+00 9.198000E+00
7.922080E+02 1.794306E+00 9.197000E+00
7.932070E+02 1.794384E+00 9.196000E+00
7.942060E+02 1.794462E+00 9.194000E+00
7.952050E+02 1.794539E+00 9.193000E+00
7.962040E+02 1.794615E+00 9.192000E+00
7.972030E+02 1.794691E+00 9.191000E+00
7.982020E+02 1.794767E+00 9.190000E+00
7.992010E+02 1.794842E+00 9.189000E+00
8.002000E+02 1.794917E+00 9.187000E+00
8.011990E+02 1.794992E+00 9.186000E+00
8.021980E+02 1.795066E+00 9.185000E+00
8.031970E+02 1.795140E+00 9.184000E+00
8.041960E+02 1.795213E+00 9.183000E+00
8.051950E+02 1.795286E+00 9.182000E+00
8.061940E+02 1.795358E+00 9.180000E+00
8.071930E+02 1.795430E+00 9.179000E+00
8.081920E+02 1.795502E+00 9.178000E+00
8.091910E+02 1.795573E+00 9.177000E+00
8.101900E+02 1.795644E+00 9.176000E+00
8.111890E+02 1.795715E+00 9.175000E+00
8.121880E+02 1.795785E+00 9.173000E+00
8.131870E+02 1.795855E+00 9.172000E+00
8.141860E+02 1.795924E+00 9.171000E+00
8.151850E+02 1.795993E+00 9.170000E+00
8.161840E+02 1.796062E+00 9.169000E+00
8.171830E+02 1.796130E+00 9.168000E+00
8.181820E+02 1.796198E+00 9.166000E+00
8.191810E+02 1.796265E+00 9.165000E+00
8.201800E+02 1.796332E+00 9.164000E+00
8.211790E+02 1.796399E+00 9.163000E+00
8.221780E+02 1.796465E+00 9.162000E+00
8.231770E+02 1.796531E+00 9.161000E+00
8.241760E+02 1.796596E+00 9.160000E+00
8.251750E+02 1.796662E+00 9.158000E+00
8.261740E+02 1.796726E+00 9.157000E+00
8.271730E+02 1.796791E+00 9.156000E+00
8.281720E+02 1.796855E+00 9.155000E+00
8.291710E+02 1.796919E+00 9.154000E+00
8.301700E+02 1.796982E+00 9.153000E+00
8.311690E+02 1.797045E+00 9.152000E+00
8.321680E+02 1.797107E+00 9.151000E+00
8.331670E+02 1.797170E+00 9.149000E+00
8.341660E+02 1.797231E+00 9.148000E+00
8.351650E+02 1.797293E+00 9.147000E+00
8.361640E+02 1.797354E+00 9.146000E+00
8.371630E+02 1.797415E+00 9.145000E+00
8.381620E+02 1.797475E+00 9.144000E+00
8.391610E+02 1.797535E+00 9.143000E+00
8.401600E+02 1.797595E+00 9.142000E+00
8.411590E+02 1.797655E+00 9.140000E+00
8.421580E+02 1.797714E+00 9.139000E+00
8.431570E+02 1.797772E+00 9.138000E+00
8.441560E+02 1.797831E+00 9.137000E+00
8.451550E+02 1.797888E+00 9.136000E+00
8.461540E+02 1.797946E+00 9.135000E+00
8.471530E+02 1.798003E+00 9.134000E+00
8.481520E+02 1.798060E+00 9.133000E+00
8.491510E+02 1.798117E+00 9.132000E+00
8.501500E+02 1.798173E+00 9.130000E+00
8.511490E+02 1.798229E+00 9.129000E+00
8.521480E+02 1.798285E+00 9.128000E+00
8.531470E+02 1.798340E+00 9.127000E+00
8.541460E+02 1.798395E+00 9.126000E+00
8.551450E+02 1.798449E+00 9.125000E+00
8.561440E+02 1.798504E+00 9.124000E+00
8.571430E+02 1.798558E+00 9.123000E+00
8.581420E+02 1.798611E+00 9.122000E+00
8.591410E+02 1.798664E+00 9.120000E+00
8.601400E+02 1.798717E+00 9.119000E+00
8.611390E+02 1.798770E+00 9.118000E+00
8.621380E+02 1.798822E+00 9.117000E+00
8.631370E+02 1.798874E+00 9.116000E+00
8.641360E+02 1.798926E+00 9.115000E+00
8.651350E+02 1.798977E+00 9.114000E+00
8.661340E+02 1.799028E+00 9.113000E+00
8.671330E+02 1.799079E+00 9.112000E+00
8.681320E+02 1.799129E+00 9.111000E+00
8.691310E+02 1.799179E+00 9.110000E+00
8.701300E+02 1.799229E+00 9.108000E+00
8.711290E+02 1.799278E+00 9.107000E+00
8.721280E+02 1.799327E+00 9.106000E+00
8.731270E+02 1.799376E+00 9.105000E+00
8.741260E+02 1.799424E+00 9.104000E+00
8.751250E+02 1.799472E+00 9.103000E+00
8.761240E+02 1.799520E+00 9.102000E+00
8.771230E+02 1.799568E+00 9.101000E+00
8.781220E+02 1.799615E+00 9.100000E+00
8.791210E+02 1.799662E+00 9.099000E+00
8.801200E+02 1.799708E+00 9.098000E+00
8.811190E+02 1.799755E+00 9.097000E+00
8.821180E+02 1.799801E+00 9.096000E+00
8.831170E+02 1.799846E+00 9.094000E+00
8.841160E+02 1.799892E+00 9.093000E+00
8.851150E+02 1.799937E+00 9.092000E+00
8.861140E+02 1.799982E+00 9.091000E+00
8.871130E+02 1.800026E+00 9.090000E+00
8.881120E+02 1.800070E+00 9.089000E+00
8.891110E+02 1.800114E+00 9.088000E+00
8.901100E+02 1.800158E+00 9.087000E+00
8.911090E+02 1.800201E+00 9.086000E+00
8.921080E+02 1.800244E+00 9.085000E+00
8.931070E+02 1.800287E+00 9.084000E+00
8.941060E+02 1.800329E+00 9.083000E+00
8.951050E+02 1.800371E+00 9.082000E+00
8.961040E+02 1.800413E+00 9.081000E+00
8.971030E+02 1.800455E+00 9.080000E+00
8.981020E+02 1.800496E+00 9.079000E+00
8.991010E+02 1.800537E+00 9.078000E+00
9.001000E+02 1.800578E+00 9.076000E+00
9.010990E+02 1.800618E+00 9.075000E+00
9.020980E+02 1.800658E+00 9.074000E+00
9.030970E+02 1.800698E+00 9.073000E+00
9.040960E+02 1.800738E+00 9.072000E+00
9.050950E+02 1.800777E+00 9.071000E+00
9.060940E+02 1.800816E+00 9.070000E+00
9.070930E+02 1.800855E+00 9.069000E+00
9.080920E+02 1.800893E+00 9.068000E+00
9.090910E+02 1.800931E+00 9.067000E+00
9.100900E+02 1.800969E+00 9.066000E+00
9.110890E+02 1.801007E+00 9.065000E+00
9.120880E+02 1.801044E+00 9.064000E+00
9.130870E+02 1.801081E+00 9.063000E+00
9.140860E+02 1.801118E+00 9.062000E+00
9.150850E+02 1.801155E+00 9.061000E+00
9.160840E+02 1.801191E+00 9.060000E+00
9.170830E+02 1.801227E+00 9.059000E+00
9.180820E+02 1.801263E+00 9.058000E+00
9.190810E+02 1.801298E+00 9.057000E+00
9.200800E+02 1.801333E+00 9.056000E+00
9.210790E+02 1.801368E+00 9.055000E+00
9.220780E+02 1.801403E+00 9.054000E+00
9.230770E+02 1.801437E+00 9.053000E+00
9.240760E+02 1.801472E+00 9.052000E+00
9.250750E+02 1.801506E+00 9.051000E+00
9.260740E+02 1.801539E+00 9.050000E+00
9.270730E+02 1.801573E+00 9.049000E+00
9.280720E+02 1.801606E+00 9.047000E+00
9.290710E+02 1.801639E+00 9.046000E+00
9.300700E+02 1.801671E+00 9.045000E+00
9.310690E+02 1.801703E+00 9.044000E+00
9.320680E+02 1.801736E+00 9.043000E+00
9.330670E+02 1.801767E+00 9.042000E+00
9.340660E+02 1.801799E+00 9.041000E+00
9.350650E+02 1.801830E+00 9.040000E+00
9.360640E+02 1.801861E+00 9.039000E+00
9.370630E+02 1.801892E+00 9.038000E+00
9.380620E+02 1.801923E+00 9.037000E+00
9.390610E+02 1.801953E+00 9.036000E+00
9.400600E+02 1.801983E+00 9.035000E+00
9.410590E+02 1.802013E+00 9.034000E+00
9.420580E+02 1.802043E+00 9.033000E+00
9.430570E+02 1.802072E+00 9.032000E+00
9.440560E+02 1.802101E+00 9.031000E+00
9.450550E+02 1.802130E+00 9.030000E+00
9.460540E+02 1.802159E+00 9.029000E+00
9.470530E+02 1.802187E+00 9.028000E+00
9.480520E+02 1.802215E+00 9.027000E+00
9.490510E+02 1.802243E+00 9.026000E+00
9.500500E+02 1.802271E+00 9.025000E+00
9.510490E+02 1.802298E+00 9.024000E+00
9.520480E+02 1.802325E+00 9.023000E+00
9.530470E+02 1.802352E+00 9.022000E+00
9.540460E+02 1.802379E+00 9.021000E+00
9.550450E+02 1.802405E+00 9.020000E+00
9.560440E+02 1.802432E+00 9.019000E+00
9.570430E+02 1.802458E+00 9.018000E+00
9.580420E+02 1.802483E+00 9.017000E+00
9.590410E+02 1.802509E+00 9.016000E+00
9.600400E+02 1.802534E+00 9.015000E+00
9.610390E+02 1.802559E+00 9.014000E+00
9.620380E+02 1.802584E+00 9.013000E+00
9.630370E+02 1.802609E+00 9.012000E+00
9.640360E+02 1.802633E+00 9.011000E+00
9.650350E+02 1.802657E+00 9.010000E+00
9.660340E+02 1.802681E+00 9.009000E+00
9.670330E+02 1.802705E+00 9.008000E+00
9.680320E+02 1.802729E+00 9.008000E+00
9.690310E+02 1.802752E+00 9.007000E+00
9.700300E+02 1.802775E+00 9.006000E+00
9.710290E+02 1.802798E+00 9.005000E+00
9.720280E+02 1.802820E+00 9.004000E+00
9.730270E+02 1.802843E+00 9.003000E+00
9.740260E+02 1.802865E+00 9.002000E+00
9.750250E+02 1.802887E+00 9.001000E+00
9.760240E+02 1.802908E+00 9.000000E+00
9.770230E+02 1.802930E+00 8.999000E+00
9.780220E+02 1.802951E+00 8.998000E+00
9.790210E+02 1.802972E+00 8.997000E+00
9.800200E+02 1.802993E+00 8.996000E+00
9.810190E+02 1.803014E+00 8.995000E+00
9.820180E+02 1.803034E+00 8.994000E+00
9.830170E+02 1.803054E+00 8.993000E+00
9.840160E+02 1.803074E+00 8.992000E+00
9.850150E+02 1.803094E+00 8.991000E+00
9.860140E+02 1.803114E+00 8.990000E+00
9.870130E+02 1.803133E+00 8.989000E+00
9.880120E+02 1.803152E+00 8.988000E+00
9.890110E+02 1.803171E+00 8.987000E+00
9.900100E+02 1.803190E+00 8.986000E+00
9.910090E+02 1.803208E+00 8.985000E+00
9.920080E+02 1.803227E+00 8.984000E+00
9.930070E+02 1.803245E+00 8.983000E+00
9.940060E+02 1.803263E+00 8.982000E+00
9.950050E+02 1.803280E+00 8.981000E+00
9.960040E+02 1.803298E+00 8.980000E+00
9.970030E+02 1.803315E+00 8.980000E+00
9.980020E+02 1.803332E+00 8.979000E+00
9.990010E+02 1.803349E+00 8.978000E+00
