1.000000E+00 1.213041E-01 2.772700E+01
1.999000E+00 1.801056E-01 1.740700E+01
2.998000E+00 2.321201E-01 1.509800E+01
3.997000E+00 2.790086E-01 1.411300E+01
4.996000E+00 3.219411E-01 1.357800E+01
5.995000E+00 3.616853E-01 1.324900E+01
6.994000E+00 3.987761E-01 1.302900E+01
7.993000E+00 4.336046E-01 1.287400E+01
8.992000E+00 4.664696E-01 1.275900E+01
9.991000E+00 4.976064E-01 1.267200E+01
1.099000E+01 5.272042E-01 1.260400E+01
1.198900E+01 5.554195E-01 1.254900E+01
1.298800E+01 5.823825E-01 1.250500E+01
1.398700E+01 6.082043E-01 1.246800E+01
1.498600E+01 6.329798E-01 1.243700E+01
1.598500E+01 6.567913E-01 1.241000E+01
1.698400E+01 6.797111E-01 1.238700E+01
1.798300E+01 7.018030E-01 1.236700E+01
1.898200E+01 7.231231E-01 1.235000E+01
1.998100E+01 7.437220E-01 1.233400E+01
2.098000E+01 7.636449E-01 1.231900E+01
2.197900E+01 7.829326E-01 1.230600E+01
2.297800E+01 8.016220E-01 1.229400E+01
2.397700E+01 8.197468E-01 1.228300E+01
2.497600E+01 8.373377E-01 1.227200E+01
2.597500E+01 8.544228E-01 1.226300E+01
2.697400E+01 8.710280E-01 1.225300E+01
2.797300E+01 8.871772E-01 1.224500E+01
2.897200E+01 9.028924E-01 1.223600E+01
2.997100E+01 9.181940E-01 1.222800E+01
3.097000E+01 9.331009E-01 1.222000E+01
3.196900E+01 9.476307E-01 1.221300E+01
3.296800E+01 9.617999E-01 1.220500E+01
3.396700E+01 9.756238E-01 1.219800E+01
3.496600E+01 9.891168E-01 1.219100E+01
3.596500E+01 1.002292E+00 1.218400E+01
3.696400E+01 1.015163E+00 1.217800E+01
3.796300E+01 1.027741E+00 1.217100E+01
3.896200E+01 1.040038E+00 1.216500E+01
3.996100E+01 1.052063E+00 1.215800E+01
4.096000E+01 1.063827E+00 1.215200E+01
4.195900E+01 1.075340E+00 1.214600E+01
4.295800E+01 1.086610E+00 1.213900E+01
4.395700E+01 1.097646E+00 1.213300E+01
4.495600E+01 1.108455E+00 1.212700E+01
4.595500E+01 1.119046E+00 1.212100E+01
4.695400E+01 1.129425E+00 1.211500E+01
4.795300E+01 1.139600E+00 1.210900E+01
4.895200E+01 1.149577E+00 1.210300E+01
4.995100E+01 1.159362E+00 1.209700E+01
5.095000E+01 1.168962E+00 1.209100E+01
5.194900E+01 1.178381E+00 1.208500E+01
5.294800E+01 1.187626E+00 1.208000E+01
5.394700E+01 1.196702E+00 1.207400E+01
5.494600E+01 1.205613E+00 1.206800E+01
5.594500E+01 1.214365E+00 1.206200E+01
5.694400E+01 1.222962E+00 1.205600E+01
5.794300E+01 1.231407E+00 1.205100E+01
5.894200E+01 1.239707E+00 1.204500E+01
5.994100E+01 1.247864E+00 1.203900E+01
6.094000E+01 1.255882E+00 1.203300E+01
6.193900E+01 1.263766E+00 1.202800E+01
6.293800E+01 1.271518E+00 1.202200E+01
6.393700E+01 1.279142E+00 1.201600E+01
6.493600E+01 1.286642E+00 1.201100E+01
6.593500E+01 1.294020E+00 1.200500E+01
6.693400E+01 1.301280E+00 1.200000E+01
6.793300E+01 1.308425E+00 1.199400E+01
6.893200E+01 1.315457E+00 1.198800E+01
6.993100E+01 1.322379E+00 1.198300E+01
7.093000E+01 1.329194E+00 1.197700E+01
7.192900E+01 1.335905E+00 1.197200E+01
7.292800E+01 1.342514E+00 1.196600E+01
7.392700E+01 1.349023E+00 1.196100E+01
7.492600E+01 1.355435E+00 1.195500E+01
7.592500E+01 1.361751E+00 1.194900E+01
7.692400E+01 1.367975E+00 1.194400E+01
7.792300E+01 1.374107E+00 1.193800E+01
7.892200E+01 1.380151E+00 1.193300E+01
7.992100E+01 1.386108E+00 1.192800E+01
8.092000E+01 1.391981E+00 1.192200E+01
8.191900E+01 1.397770E+00 1.191700E+01
8.291800E+01 1.403477E+00 1.191100E+01
8.391700E+01 1.409105E+00 1.190600E+01
8.491600E+01 1.414655E+00 1.190000E+01
8.591500E+01 1.420129E+00 1.189500E+01
8.691400E+01 1.425528E+00 1.189000E+01
8.791300E+01 1.430854E+00 1.188400E+01
8.891200E+01 1.436108E+00 1.187900E+01
8.991100E+01 1.441292E+00 1.187400E+01
9.091000E+01 1.446408E+00 1.186800E+01
9.190900E+01 1.451455E+00 1.186300E+01
9.290800E+01 1.456437E+00 1.185800E+01
9.390700E+01 1.461354E+00 1.185200E+01
9.490600E+01 1.466207E+00 1.184700E+01
9.590500E+01 1.470998E+00 1.184200E+01
9.690400E+01 1.475728E+00 1.183700E+01
9.790300E+01 1.480397E+00 1.183100E+01
9.890200E+01 1.485008E+00 1.182600E+01
9.990100E+01 1.489561E+00 1.182100E+01
1.009000E+02 1.494058E+00 1.181600E+01
1.018990E+02 1.498499E+00 1.181100E+01
1.028980E+02 1.502885E+00 1.180500E+01
1.038970E+02 1.507217E+00 1.180000E+01
1.048960E+02 1.511497E+00 1.179500E+01
1.058950E+02 1.515725E+00 1.179000E+01
1.068940E+02 1.519902E+00 1.178500E+01
1.078930E+02 1.524029E+00 1.178000E+01
1.088920E+02 1.528107E+00 1.177500E+01
1.098910E+02 1.532137E+00 1.177000E+01
1.108900E+02 1.536120E+00 1.176500E+01
1.118890E+02 1.540056E+00 1.176000E+01
1.128880E+02 1.543946E+00 1.175500E+01
1.138870E+02 1.547792E+00 1.175000E+01
1.148860E+02 1.551593E+00 1.174500E+01
1.158850E+02 1.555350E+00 1.174000E+01
1.168840E+02 1.559065E+00 1.173500E+01
1.178830E+02 1.562738E+00 1.173000E+01
1.188820E+02 1.566369E+00 1.172500E+01
1.198810E+02 1.569959E+00 1.172000E+01
1.208800E+02 1.573510E+00 1.171500E+01
1.218790E+02 1.577021E+00 1.171000E+01
1.228780E+02 1.580493E+00 1.170500E+01
1.238770E+02 1.583928E+00 1.170000E+01
1.248760E+02 1.587324E+00 1.169500E+01
1.258750E+02 1.590684E+00 1.169000E+01
1.268740E+02 1.594007E+00 1.168600E+01
1.278730E+02 1.597294E+00 1.168100E+01
1.288720E+02 1.600546E+00 1.167600E+01
1.298710E+02 1.603764E+00 1.167100E+01
1.308700E+02 1.606947E+00 1.166600E+01
1.318690E+02 1.610096E+00 1.166200E+01
1.328680E+02 1.613213E+00 1.165700E+01
1.338670E+02 1.616296E+00 1.165200E+01
1.348660E+02 1.619347E+00 1.164700E+01
1.358650E+02 1.622367E+00 1.164300E+01
1.368640E+02 1.625355E+00 1.163800E+01
1.378630E+02 1.628313E+00 1.163300E+01
1.388620E+02 1.631240E+00 1.162800E+01
1.398610E+02 1.634137E+00 1.162400E+01
1.408600E+02 1.637005E+00 1.161900E+01
1.418590E+02 1.639844E+00 1.161500E+01
1.428580E+02 1.642654E+00 1.161000E+01
1.438570E+02 1.645436E+00 1.160500E+01
1.448560E+02 1.648190E+00 1.160100E+01
1.458550E+02 1.650916E+00 1.159600E+01
1.468540E+02 1.653616E+00 1.159200E+01
1.478530E+02 1.656288E+00 1.158700E+01
1.488520E+02 1.658935E+00 1.158200E+01
1.498510E+02 1.661555E+00 1.157800E+01
1.508500E+02 1.664150E+00 1.157300E+01
1.518490E+02 1.666720E+00 1.156900E+01
1.528480E+02 1.669264E+00 1.156400E+01
1.538470E+02 1.671784E+00 1.156000E+01
1.548460E+02 1.674280E+00 1.155500E+01
1.558450E+02 1.676752E+00 1.155100E+01
1.568440E+02 1.679200E+00 1.154600E+01
1.578430E+02 1.681625E+00 1.154200E+01
1.588420E+02 1.684027E+00 1.153800E+01
1.598410E+02 1.686406E+00 1.153300E+01
1.608400E+02 1.688763E+00 1.152900E+01
1.618390E+02 1.691098E+00 1.152400E+01
1.628380E+02 1.693411E+00 1.152000E+01
1.638370E+02 1.695702E+00 1.151600E+01
1.648360E+02 1.697972E+00 1.151100E+01
1.658350E+02 1.700221E+00 1.150700E+01
1.668340E+02 1.702450E+00 1.150300E+01
1.678330E+02 1.704658E+00 1.149800E+01
1.688320E+02 1.706845E+00 1.149400E+01
1.698310E+02 1.709013E+00 1.149000E+01
1.708300E+02 1.711161E+00 1.148500E+01
1.718290E+02 1.713289E+00 1.148100E+01
1.728280E+02 1.715399E+00 1.147700E+01
1.738270E+02 1.717489E+00 1.147300E+01
1.748260E+02 1.719560E+00 1.146800E+01
1.758250E+02 1.721613E+00 1.146400E+01
1.768240E+02 1.723648E+00 1.146000E+01
1.778230E+02 1.725665E+00 1.145600E+01
1.788220E+02 1.727663E+00 1.145200E+01
1.798210E+02 1.729645E+00 1.144700E+01
1.808200E+02 1.731608E+00 1.144300E+01
1.818190E+02 1.733555E+00 1.143900E+01
1.828180E+02 1.735484E+00 1.143500E+01
1.838170E+02 1.737397E+00 1.143100E+01
1.848160E+02 1.739292E+00 1.142700E+01
1.858150E+02 1.741172E+00 1.142300E+01
1.868140E+02 1.743035E+00 1.141900E+01
1.878130E+02 1.744882E+00 1.141400E+01
1.888120E+02 1.746713E+00 1.141000E+01
1.898110E+02 1.748529E+00 1.140600E+01
1.908100E+02 1.750329E+00 1.140200E+01
1.918090E+02 1.752114E+00 1.139800E+01
1.928080E+02 1.753883E+00 1.139400E+01
1.938070E+02 1.755638E+00 1.139000E+01
1.948060E+02 1.757378E+00 1.138600E+01
1.958050E+02 1.759103E+00 1.138200E+01
1.968040E+02 1.760813E+00 1.137800E+01
1.978030E+02 1.762510E+00 1.137400E+01
1.988020E+02 1.764192E+00 1.137000E+01
1.998010E+02 1.765860E+00 1.136600E+01
2.008000E+02 1.767514E+00 1.136200E+01
2.017990E+02 1.769154E+00 1.135800E+01
2.027980E+02 1.770781E+00 1.135500E+01
2.037970E+02 1.772395E+00 1.135100E+01
2.047960E+02 1.773995E+00 1.134700E+01
2.057950E+02 1.775582E+00 1.134300E+01
2.067940E+02 1.777156E+00 1.133900E+01
2.077930E+02 1.778718E+00 1.133500E+01
2.087920E+02 1.780266E+00 1.133100E+01
2.097910E+02 1.781802E+00 1.132700E+01
2.107900E+02 1.783326E+00 1.132400E+01
2.117890E+02 1.784837E+00 1.132000E+01
2.127880E+02 1.786336E+00 1.131600E+01
2.137870E+02 1.787823E+00 1.131200E+01
2.147860E+02 1.789298E+00 1.130800E+01
2.157850E+02 1.790762E+00 1.130500E+01
2.167840E+02 1.792213E+00 1.130100E+01
2.177830E+02 1.793654E+00 1.129700E+01
2.187820E+02 1.795082E+00 1.129300E+01
2.197810E+02 1.796500E+00 1.128900E+01
2.207800E+02 1.797906E+00 1.128600E+01
2.217790E+02 1.799301E+00 1.128200E+01
2.227780E+02 1.800685E+00 1.127800E+01
2.237770E+02 1.802058E+00 1.127500E+01
2.247760E+02 1.803421E+00 1.127100E+01
2.257750E+02 1.804772E+00 1.126700E+01
2.267740E+02 1.806114E+00 1.126300E+01
2.277730E+02 1.807445E+00 1.126000E+01
2.287720E+02 1.808765E+00 1.125600E+01
2.297710E+02 1.810076E+00 1.125300E+01
2.307700E+02 1.811376E+00 1.124900E+01
2.317690E+02 1.812666E+00 1.124500E+01
2.327680E+02 1.813946E+00 1.124200E+01
2.337670E+02 1.815217E+00 1.123800E+01
2.347660E+02 1.816477E+00 1.123400E+01
2.357650E+02 1.817728E+00 1.123100E+01
2.367640E+02 1.818970E+00 1.122700E+01
2.377630E+02 1.820202E+00 1.122400E+01
2.387620E+02 1.821425E+00 1.122000E+01
2.397610E+02 1.822638E+00 1.121600E+01
2.407600E+02 1.823842E+00 1.121300E+01
2.417590E+02 1.825037E+00 1.120900E+01
2.427580E+02 1.826224E+00 1.120600E+01
2.437570E+02 1.827401E+00 1.120200E+01
2.447560E+02 1.828569E+00 1.119900E+01
2.457550E+02 1.829729E+00 1.119500E+01
2.467540E+02 1.830880E+00 1.119200E+01
2.477530E+02 1.832022E+00 1.118800E+01
2.487520E+02 1.833156E+00 1.118500E+01
2.497510E+02 1.834282E+00 1.118100E+01
2.507500E+02 1.835399E+00 1.117800E+01
2.517490E+02 1.836508E+00 1.117400E+01
2.527480E+02 1.837608E+00 1.117100E+01
2.537470E+02 1.838701E+00 1.116800E+01
2.547460E+02 1.839785E+00 1.116400E+01
2.557450E+02 1.840862E+00 1.116100E+01
2.567440E+02 1.841930E+00 1.115700E+01
2.577430E+02 1.842991E+00 1.115400E+01
2.587420E+02 1.844044E+00 1.115100E+01
2.597410E+02 1.845090E+00 1.114700E+01
2.607400E+02 1.846127E+00 1.114400E+01
2.617390E+02 1.847158E+00 1.114000E+01
2.627380E+02 1.848180E+00 1.113700E+01
2.637370E+02 1.849196E+00 1.113400E+01
2.647360E+02 1.850204E+00 1.113000E+01
2.657350E+02 1.851204E+00 1.112700E+01
2.667340E+02 1.852198E+00 1.112400E+01
2.677330E+02 1.853184E+00 1.112000E+01
2.687320E+02 1.854163E+00 1.111700E+01
2.697310E+02 1.855136E+00 1.111400E+01
2.707300E+02 1.856101E+00 1.111000E+01
2.717290E+02 1.857059E+00 1.110700E+01
2.727280E+02 1.858011E+00 1.110400E+01
2.737270E+02 1.858956E+00 1.110100E+01
2.747260E+02 1.859894E+00 1.109700E+01
2.757250E+02 1.860825E+00 1.109400E+01
2.767240E+02 1.861750E+00 1.109100E+01
2.777230E+02 1.862668E+00 1.108800E+01
2.787220E+02 1.863580E+00 1.108400E+01
2.797210E+02 1.864485E+00 1.108100E+01
2.807200E+02 1.865384E+00 1.107800E+01
2.817190E+02 1.866276E+00 1.107500E+01
2.827180E+02 1.867163E+00 1.107100E+01
2.837170E+02 1.868043E+00 1.106800E+01
2.847160E+02 1.868917E+00 1.106500E+01
2.857150E+02 1.869784E+00 1.106200E+01
2.867140E+02 1.870646E+00 1.105900E+01
2.877130E+02 1.871502E+00 1.105600E+01
2.887120E+02 1.872352E+00 1.105200E+01
2.897110E+02 1.873195E+00 1.104900E+01
2.907100E+02 1.874033E+00 1.104600E+01
2.917090E+02 1.874866E+00 1.104300E+01
2.927080E+02 1.875692E+00 1.104000E+01
2.937070E+02 1.876513E+00 1.103700E+01
2.947060E+02 1.877328E+00 1.103400E+01
2.957050E+02 1.878137E+00 1.103000E+01
2.967040E+02 1.878941E+00 1.102700E+01
2.977030E+02 1.879739E+00 1.102400E+01
2.987020E+02 1.880532E+00 1.102100E+01
2.997010E+02 1.881319E+00 1.101800E+01
3.007000E+02 1.882101E+00 1.101500E+01
3.016990E+02 1.882878E+00 1.101200E+01
3.026980E+02 1.883649E+00 1.100900E+01
3.036970E+02 1.884415E+00 1.100600E+01
3.046960E+02 1.885176E+00 1.100300E+01
3.056950E+02 1.885931E+00 1.100000E+01
3.066940E+02 1.886682E+00 1.099700E+01
3.076930E+02 1.887427E+00 1.099400E+01
3.086920E+02 1.888167E+00 1.099100E+01
3.096910E+02 1.888903E+00 1.098800E+01
3.106900E+02 1.889633E+00 1.098500E+01
3.116890E+02 1.890358E+00 1.098200E+01
3.126880E+02 1.891079E+00 1.097900E+01
3.136870E+02 1.891794E+00 1.097600E+01
3.146860E+02 1.892505E+00 1.097300E+01
3.156850E+02 1.893211E+00 1.097000E+01
3.166840E+02 1.893912E+00 1.096700E+01
3.176830E+02 1.894609E+00 1.096400E+01
3.186820E+02 1.895301E+00 1.096100E+01
3.196810E+02 1.895988E+00 1.095800E+01
3.206800E+02 1.896670E+00 1.095500E+01
3.216790E+02 1.897348E+00 1.095200E+01
3.226780E+02 1.898022E+00 1.094900E+01
3.236770E+02 1.898691E+00 1.094600E+01
3.246760E+02 1.899355E+00 1.094300E+01
3.256750E+02 1.900015E+00 1.094000E+01
3.266740E+02 1.900671E+00 1.093700E+01
3.276730E+02 1.901322E+00 1.093500E+01
3.286720E+02 1.901969E+00 1.093200E+01
3.296710E+02 1.902612E+00 1.092900E+01
3.306700E+02 1.903251E+00 1.092600E+01
3.316690E+02 1.903885E+00 1.092300E+01
3.326680E+02 1.904515E+00 1.092000E+01
3.336670E+02 1.905141E+00 1.091700E+01
3.346660E+02 1.905762E+00 1.091400E+01
3.356650E+02 1.906380E+00 1.091200E+01
3.366640E+02 1.906994E+00 1.090900E+01
3.376630E+02 1.907603E+00 1.090600E+01
3.386620E+02 1.908208E+00 1.090300E+01
3.396610E+02 1.908810E+00 1.090000E+01
3.406600E+02 1.909407E+00 1.089700E+01
3.416590E+02 1.910001E+00 1.089500E+01
3.426580E+02 1.910591E+00 1.089200E+01
3.436570E+02 1.911177E+00 1.088900E+01
3.446560E+02 1.911759E+00 1.088600E+01
3.456550E+02 1.912337E+00 1.088300E+01
3.466540E+02 1.912911E+00 1.088100E+01
3.476530E+02 1.913482E+00 1.087800E+01
3.486520E+02 1.914049E+00 1.087500E+01
3.496510E+02 1.914612E+00 1.087200E+01
3.506500E+02 1.915172E+00 1.087000E+01
3.516490E+02 1.915728E+00 1.086700E+01
3.526480E+02 1.916280E+00 1.086400E+01
3.536470E+02 1.916828E+00 1.086100E+01
3.546460E+02 1.917374E+00 1.085900E+01
3.556450E+02 1.917915E+00 1.085600E+01
3.566440E+02 1.918453E+00 1.085300E+01
3.576430E+02 1.918988E+00 1.085100E+01
3.586420E+02 1.919519E+00 1.084800E+01
3.596410E+02 1.920047E+00 1.084500E+01
3.606400E+02 1.920571E+00 1.084200E+01
3.616390E+02 1.921092E+00 1.084000E+01
3.626380E+02 1.921609E+00 1.083700E+01
3.636370E+02 1.922123E+00 1.083400E+01
3.646360E+02 1.922634E+00 1.083200E+01
3.656350E+02 1.923142E+00 1.082900E+01
3.666340E+02 1.923646E+00 1.082600E+01
3.676330E+02 1.924147E+00 1.082400E+01
3.686320E+02 1.924645E+00 1.082100E+01
3.696310E+02 1.925139E+00 1.081800E+01
3.706300E+02 1.925630E+00 1.081600E+01
3.716290E+02 1.926119E+00 1.081300E+01
3.726280E+02 1.926604E+00 1.081000E+01
3.736270E+02 1.927086E+00 1.080800E+01
3.746260E+02 1.927564E+00 1.080500E+01
3.756250E+02 1.928040E+00 1.080300E+01
3.766240E+02 1.928513E+00 1.080000E+01
3.776230E+02 1.928983E+00 1.079700E+01
3.786220E+02 1.929449E+00 1.079500E+01
3.796210E+02 1.929913E+00 1.079200E+01
3.806200E+02 1.930374E+00 1.079000E+01
3.816190E+02 1.930831E+00 1.078700E+01
3.826180E+02 1.931286E+00 1.078400E+01
3.836170E+02 1.931738E+00 1.078200E+01
3.846160E+02 1.932187E+00 1.077900E+01
3.856150E+02 1.932633E+00 1.077700E+01
3.866140E+02 1.933076E+00 1.077400E+01
3.876130E+02 1.933517E+00 1.077200E+01
3.886120E+02 1.933955E+00 1.076900E+01
3.896110E+02 1.934389E+00 1.076600E+01
3.906100E+02 1.934821E+00 1.076400E+01
3.916090E+02 1.935251E+00 1.076100E+01
3.926080E+02 1.935677E+00 1.075900E+01
3.936070E+02 1.936101E+00 1.075600E+01
3.946060E+02 1.936522E+00 1.075400E+01
3.956050E+02 1.936941E+00 1.075100E+01
3.966040E+02 1.937356E+00 1.074900E+01
3.976030E+02 1.937770E+00 1.074600E+01
3.986020E+02 1.938180E+00 1.074400E+01
3.996010E+02 1.938588E+00 1.074100E+01
4.006000E+02 1.938993E+00 1.073900E+01
4.015990E+02 1.939396E+00 1.073600E+01
4.025980E+02 1.939796E+00 1.073400E+01
4.035970E+02 1.940194E+00 1.073100E+01
4.045960E+02 1.940589E+00 1.072900E+01
4.055950E+02 1.940981E+00 1.072600E+01
4.065940E+02 1.941371E+00 1.072400E+01
4.075930E+02 1.941759E+00 1.072100E+01
4.085920E+02 1.942144E+00 1.071900E+01
4.095910E+02 1.942527E+00 1.071700E+01
4.105900E+02 1.942907E+00 1.071400E+01
4.115890E+02 1.943285E+00 1.071200E+01
4.125880E+02 1.943660E+00 1.070900E+01
4.135870E+02 1.944033E+00 1.070700E+01
4.145860E+02 1.944404E+00 1.070400E+01
4.155850E+02 1.944772E+00 1.070200E+01
4.165840E+02 1.945138E+00 1.070000E+01
4.175830E+02 1.945502E+00 1.069700E+01
4.185820E+02 1.945863E+00 1.069500E+01
4.195810E+02 1.946222E+00 1.069200E+01
4.205800E+02 1.946579E+00 1.069000E+01
4.215790E+02 1.946933E+00 1.068800E+01
4.225780E+02 1.947285E+00 1.068500E+01
4.235770E+02 1.947635E+00 1.068300E+01
4.245760E+02 1.947983E+00 1.068000E+01
4.255750E+02 1.948329E+00 1.067800E+01
4.265740E+02 1.948672E+00 1.067600E+01
4.275730E+02 1.949013E+00 1.067300E+01
4.285720E+02 1.949352E+00 1.067100E+01
4.295710E+02 1.949689E+00 1.066900E+01
4.305700E+02 1.950024E+00 1.066600E+01
4.315690E+02 1.950356E+00 1.066400E+01
4.325680E+02 1.950687E+00 1.066200E+01
4.335670E+02 1.951015E+00 1.065900E+01
4.345660E+02 1.951341E+00 1.065700E+01
4.355650E+02 1.951665E+00 1.065500E+01
4.365640E+02 1.951988E+00 1.065200E+01
4.375630E+02 1.952308E+00 1.065000E+01
4.385620E+02 1.952626E+00 1.064800E+01
4.395610E+02 1.952942E+00 1.064500E+01
4.405600E+02 1.953256E+00 1.064300E+01
4.415590E+02 1.953568E+00 1.064100E+01
4.425580E+02 1.953878E+00 1.063800E+01
4.435570E+02 1.954186E+00 1.063600E+01
4.445560E+02 1.954492E+00 1.063400E+01
4.455550E+02 1.954796E+00 1.063100E+01
4.465540E+02 1.955098E+00 1.062900E+01
4.475530E+02 1.955398E+00 1.062700E+01
4.485520E+02 1.955697E+00 1.062500E+01
4.495510E+02 1.955993E+00 1.062200E+01
4.505500E+02 1.956288E+00 1.062000E+01
4.515490E+02 1.956580E+00 1.061800E+01
4.525480E+02 1.956871E+00 1.061600E+01
4.535470E+02 1.957160E+00 1.061300E+01
4.545460E+02 1.957447E+00 1.061100E+01
4.555450E+02 1.957732E+00 1.060900E+01
4.565440E+02 1.958016E+00 1.060700E+01
4.575430E+02 1.958297E+00 1.060400E+01
4.585420E+02 1.958577E+00 1.060200E+01
4.595410E+02 1.958855E+00 1.060000E+01
4.605400E+02 1.959132E+00 1.059800E+01
4.615390E+02 1.959406E+00 1.059500E+01
4.625380E+02 1.959679E+00 1.059300E+01
4.635370E+02 1.959950E+00 1.059100E+01
4.645360E+02 1.960219E+00 1.058900E+01
4.655350E+02 1.960486E+00 1.058700E+01
4.665340E+02 1.960752E+00 1.058400E+01
4.675330E+02 1.961016E+00 1.058200E+01
4.685320E+02 1.961278E+00 1.058000E+01
4.695310E+02 1.961539E+00 1.057800E+01
4.705300E+02 1.961798E+00 1.057600E+01
4.715290E+02 1.962055E+00 1.057300E+01
4.725280E+02 1.962311E+00 1.057100E+01
4.735270E+02 1.962565E+00 1.056900E+01
4.745260E+02 1.962817E+00 1.056700E+01
4.755250E+02 1.963068E+00 1.056500E+01
4.765240E+02 1.963317E+00 1.056300E+01
4.775230E+02 1.963565E+00 1.056000E+01
4.785220E+02 1.963811E+00 1.055800E+01
4.795210E+02 1.964055E+00 1.055600E+01
4.805200E+02 1.964298E+00 1.055400E+01
4.815190E+02 1.964539E+00 1.055200E+01
4.825180E+02 1.964778E+00 1.055000E+01
4.835170E+02 1.965016E+00 1.054700E+01
4.845160E+02 1.965253E+00 1.054500E+01
4.855150E+02 1.965488E+00 1.054300E+01
4.865140E+02 1.965721E+00 1.054100E+01
4.875130E+02 1.965953E+00 1.053900E+01
4.885120E+02 1.966184E+00 1.053700E+01
4.895110E+02 1.966412E+00 1.053500E+01
4.905100E+02 1.966640E+00 1.053300E+01
4.915090E+02 1.966866E+00 1.053000E+01
4.925080E+02 1.967090E+00 1.052800E+01
4.935070E+02 1.967313E+00 1.052600E+01
4.945060E+02 1.967535E+00 1.052400E+01
4.955050E+02 1.967755E+00 1.052200E+01
4.965040E+02 1.967973E+00 1.052000E+01
4.975030E+02 1.968190E+00 1.051800E+01
4.985020E+02 1.968406E+00 1.051600E+01
4.995010E+02 1.968620E+00 1.051400E+01
5.005000E+02 1.968833E+00 1.051200E+01
5.014990E+02 1.969045E+00 1.051000E+01
5.024980E+02 1.969255E+00 1.050800E+01
5.034970E+02 1.969464E+00 1.050500E+01
5.044960E+02 1.969671E+00 1.050300E+01
5.054950E+02 1.969877E+00 1.050100E+01
5.064940E+02 1.970081E+00 1.049900E+01
5.074930E+02 1.970285E+00 1.049700E+01
5.084920E+02 1.970487E+00 1.049500E+01
5.094910E+02 1.970687E+00 1.049300E+01
5.104900E+02 1.970886E+00 1.049100E+01
5.114890E+02 1.971084E+00 1.048900E+01
5.124880E+02 1.971281E+00 1.048700E+01
5.134870E+02 1.971476E+00 1.048500E+01
5.144860E+02 1.971670E+00 1.048300E+01
5.154850E+02 1.971863E+00 1.048100E+01
5.164840E+02 1.972054E+00 1.047900E+01
5.174830E+02 1.972244E+00 1.047700E+01
5.184820E+02 1.972433E+00 1.047500E+01
5.194810E+02 1.972620E+00 1.047300E+01
5.204800E+02 1.972806E+00 1.047100E+01
5.214790E+02 1.972991E+00 1.046900E+01
5.224780E+02 1.973175E+00 1.046700E+01
5.234770E+02 1.973358E+00 1.046500E+01
5.244760E+02 1.973539E+00 1.046300E+01
5.254750E+02 1.973719E+00 1.046100E+01
5.264740E+02 1.973898E+00 1.045900E+01
5.274730E+02 1.974075E+00 1.045700E+01
5.284720E+02 1.974252E+00 1.045500E+01
5.294710E+02 1.974427E+00 1.045300E+01
5.304700E+02 1.974601E+00 1.045100E+01
5.314690E+02 1.974774E+00 1.044900E+01
5.324680E+02 1.974945E+00 1.044700E+01
5.334670E+02 1.975116E+00 1.044500E+01
5.344660E+02 1.975285E+00 1.044300E+01
5.354650E+02 1.975453E+00 1.044100E+01
5.364640E+02 1.975620E+00 1.043900E+01
5.374630E+02 1.975786E+00 1.043700E+01
5.384620E+02 1.975951E+00 1.043500E+01
5.394610E+02 1.976114E+00 1.043300E+01
5.404600E+02 1.976277E+00 1.043100E+01
5.414590E+02 1.976438E+00 1.042900E+01
5.424580E+02 1.976598E+00 1.042700E+01
5.434570E+02 1.976757E+00 1.042500E+01
5.444560E+02 1.976915E+00 1.042400E+01
5.454550E+02 1.977072E+00 1.042200E+01
5.464540E+02 1.977228E+00 1.042000E+01
5.474530E+02 1.977382E+00 1.041800E+01
5.484520E+02 1.977536E+00 1.041600E+01
5.494510E+02 1.977688E+00 1.041400E+01
5.504500E+02 1.977840E+00 1.041200E+01
5.514490E+02 1.977990E+00 1.041000E+01
5.524480E+02 1.978139E+00 1.040800E+01
5.534470E+02 1.978287E+00 1.040600E+01
5.544460E+02 1.978434E+00 1.040400E+01
5.554450E+02 1.978581E+00 1.040200E+01
5.564440E+02 1.978726E+00 1.040100E+01
5.574430E+02 1.978870E+00 1.039900E+01
5.584420E+02 1.979013E+00 1.039700E+01
5.594410E+02 1.979155E+00 1.039500E+01
5.604400E+02 1.979296E+00 1.039300E+01
5.614390E+02 1.979435E+00 1.039100E+01
5.624380E+02 1.979574E+00 1.038900E+01
5.634370E+02 1.979712E+00 1.038700E+01
5.644360E+02 1.979849E+00 1.038600E+01
5.654350E+02 1.979985E+00 1.038400E+01
5.664340E+02 1.980120E+00 1.038200E+01
5.674330E+02 1.980254E+00 1.038000E+01
5.684320E+02 1.980387E+00 1.037800E+01
5.694310E+02 1.980519E+00 1.037600E+01
5.704300E+02 1.980650E+00 1.037400E+01
5.714290E+02 1.980780E+00 1.037200E+01
5.724280E+02 1.980909E+00 1.037100E+01
5.734270E+02 1.981038E+00 1.036900E+01
5.744260E+02 1.981165E+00 1.036700E+01
5.754250E+02 1.981291E+00 1.036500E+01
5.764240E+02 1.981416E+00 1.036300E+01
5.774230E+02 1.981541E+00 1.036100E+01
5.784220E+02 1.981664E+00 1.036000E+01
5.794210E+02 1.981787E+00 1.035800E+01
5.804200E+02 1.981909E+00 1.035600E+01
5.814190E+02 1.982029E+00 1.035400E+01
5.824180E+02 1.982149E+00 1.035200E+01
5.834170E+02 1.982268E+00 1.035000E+01
5.844160E+02 1.982386E+00 1.034900E+01
5.854150E+02 1.982503E+00 1.034700E+01
5.864140E+02 1.982619E+00 1.034500E+01
5.874130E+02 1.982735E+00 1.034300E+01
5.884120E+02 1.982849E+00 1.034100E+01
5.894110E+02 1.982963E+00 1.034000E+01
5.904100E+02 1.983076E+00 1.033800E+01
5.914090E+02 1.983187E+00 1.033600E+01
5.924080E+02 1.983298E+00 1.033400E+01
5.934070E+02 1.983409E+00 1.033200E+01
5.944060E+02 1.983518E+00 1.033100E+01
5.954050E+02 1.983626E+00 1.032900E+01
5.964040E+02 1.983734E+00 1.032700E+01
5.974030E+02 1.983841E+00 1.032500E+01
5.984020E+02 1.983946E+00 1.032300E+01
5.994010E+02 1.984052E+00 1.032200E+01
6.004000E+02 1.984156E+00 1.032000E+01
6.013990E+02 1.984259E+00 1.031800E+01
6.023980E+02 1.984362E+00 1.031600E+01
6.033970E+02 1.984464E+00 1.031500E+01
6.043960E+02 1.984565E+00 1.031300E+01
6.053950E+02 1.984665E+00 1.031100E+01
6.063940E+02 1.984764E+00 1.030900E+01
6.073930E+02 1.984863E+00 1.030800E+01
6.083920E+02 1.984960E+00 1.030600E+01
6.093910E+02 1.985057E+00 1.030400E+01
6.103900E+02 1.985153E+00 1.030200E+01
6.113890E+02 1.985249E+00 1.030100E+01
6.123880E+02 1.985343E+00 1.029900E+01
6.133870E+02 1.985437E+00 1.029700E+01
6.143860E+02 1.985530E+00 1.029500E+01
6.153850E+02 1.985622E+00 1.029400E+01
6.163840E+02 1.985714E+00 1.029200E+01
6.173830E+02 1.985805E+00 1.029000E+01
6.183820E+02 1.985895E+00 1.028800E+01
6.193810E+02 1.985984E+00 1.028700E+01
6.203800E+02 1.986072E+00 1.028500E+01
6.213790E+02 1.986160E+00 1.028300E+01
6.223780E+02 1.986247E+00 1.028200E+01
6.233770E+02 1.986333E+00 1.028000E+01
6.243760E+02 1.986419E+00 1.027800E+01
6.253750E+02 1.986504E+00 1.027600E+01
6.263740E+02 1.986588E+00 1.027500E+01
6.273730E+02 1.986671E+00 1.027300E+01
6.283720E+02 1.986754E+00 1.027100E+01
6.293710E+02 1.986836E+00 1.027000E+01
6.303700E+02 1.986917E+00 1.026800E+01
6.313690E+02 1.986997E+00 1.026600E+01
6.323680E+02 1.987077E+00 1.026500E+01
6.333670E+02 1.987156E+00 1.026300E+01
6.343660E+02 1.987234E+00 1.026100E+01
6.353650E+02 1.987312E+00 1.025900E+01
6.363640E+02 1.987389E+00 1.025800E+01
6.373630E+02 1.987465E+00 1.025600E+01
6.383620E+02 1.987541E+00 1.025400E+01
6.393610E+02 1.987616E+00 1.025300E+01
6.403600E+02 1.987690E+00 1.025100E+01
6.413590E+02 1.987763E+00 1.024900E+01
6.423580E+02 1.987836E+00 1.024800E+01
6.433570E+02 1.987908E+00 1.024600E+01
6.443560E+02 1.987980E+00 1.024400E+01
6.453550E+02 1.988051E+00 1.024300E+01
6.463540E+02 1.988121E+00 1.024100E+01
6.473530E+02 1.988190E+00 1.023900E+01
6.483520E+02 1.988259E+00 1.023800E+01
6.493510E+02 1.988327E+00 1.023600E+01
6.503500E+02 1.988395E+00 1.023500E+01
6.513490E+02 1.988462E+00 1.023300E+01
6.523480E+02 1.988528E+00 1.023100E+01
6.533470E+02 1.988594E+00 1.023000E+01
6.543460E+02 1.988659E+00 1.022800E+01
6.553450E+02 1.988723E+00 1.022600E+01
6.563440E+02 1.988787E+00 1.022500E+01
6.573430E+02 1.988850E+00 1.022300E+01
6.583420E+02 1.988912E+00 1.022100E+01
6.593410E+02 1.988974E+00 1.022000E+01
6.603400E+02 1.989036E+00 1.021800E+01
6.613390E+02 1.989096E+00 1.021700E+01
6.623380E+02 1.989156E+00 1.021500E+01
6.633370E+02 1.989216E+00 1.021300E+01
6.643360E+02 1.989274E+00 1.021200E+01
6.653350E+02 1.989333E+00 1.021000E+01
6.663340E+02 1.989390E+00 1.020800E+01
6.673330E+02 1.989447E+00 1.020700E+01
6.683320E+02 1.989503E+00 1.020500E+01
6.693310E+02 1.989559E+00 1.020400E+01
6.703300E+02 1.989614E+00 1.020200E+01
6.713290E+02 1.989669E+00 1.020000E+01
6.723280E+02 1.989723E+00 1.019900E+01
6.733270E+02 1.989777E+00 1.019700E+01
6.743260E+02 1.989829E+00 1.019600E+01
6.753250E+02 1.989882E+00 1.019400E+01
6.763240E+02 1.989933E+00 1.019200E+01
6.773230E+02 1.989985E+00 1.019100E+01
6.783220E+02 1.990035E+00 1.018900E+01
6.793210E+02 1.990085E+00 1.018800E+01
6.803200E+02 1.990135E+00 1.018600E+01
6.813190E+02 1.990183E+00 1.018500E+01
6.823180E+02 1.990232E+00 1.018300E+01
6.833170E+02 1.990280E+00 1.018100E+01
6.843160E+02 1.990327E+00 1.018000E+01
6.853150E+02 1.990373E+00 1.017800E+01
6.863140E+02 1.990420E+00 1.017700E+01
6.873130E+02 1.990465E+00 1.017500E+01
6.883120E+02 1.990510E+00 1.017400E+01
6.893110E+02 1.990555E+00 1.017200E+01
6.903100E+02 1.990599E+00 1.017000E+01
6.913090E+02 1.990642E+00 1.016900E+01
6.923080E+02 1.990685E+00 1.016700E+01
6.933070E+02 1.990727E+00 1.016600E+01
6.943060E+02 1.990769E+00 1.016400E+01
6.953050E+02 1.990810E+00 1.016300E+01
6.963040E+02 1.990851E+00 1.016100E+01
6.973030E+02 1.990891E+00 1.016000E+01
6.983020E+02 1.990931E+00 1.015800E+01
6.993010E+02 1.990970E+00 1.015600E+01
7.003000E+02 1.991009E+00 1.015500E+01
7.012990E+02 1.991047E+00 1.015300E+01
7.022980E+02 1.991085E+00 1.015200E+01
7.032970E+02 1.991122E+00 1.015000E+01
7.042960E+02 1.991159E+00 1.014900E+01
7.052950E+02 1.991195E+00 1.014700E+01
7.062940E+02 1.991230E+00 1.014600E+01
7.072930E+02 1.991266E+00 1.014400E+01
7.082920E+02 1.991300E+00 1.014300E+01
7.092910E+02 1.991335E+00 1.014100E+01
7.102900E+02 1.991368E+00 1.014000E+01
7.112890E+02 1.991401E+00 1.013800E+01
7.122880E+02 1.991434E+00 1.013700E+01
7.132870E+02 1.991466E+00 1.013500E+01
7.142860E+02 1.991498E+00 1.013400E+01
7.152850E+02 1.991529E+00 1.013200E+01
7.162840E+02 1.991560E+00 1.013100E+01
7.172830E+02 1.991590E+00 1.012900E+01
7.182820E+02 1.991620E+00 1.012800E+01
7.192810E+02 1.991650E+00 1.012600E+01
7.202800E+02 1.991679E+00 1.012500E+01
7.212790E+02 1.991707E+00 1.012300E+01
7.222780E+02 1.991735E+00 1.012200E+01
7.232770E+02 1.991762E+00 1.012000E+01
7.242760E+02 1.991789E+00 1.011900E+01
7.252750E+02 1.991816E+00 1.011700E+01
7.262740E+02 1.991842E+00 1.011600E+01
7.272730E+02 1.991868E+00 1.011400E+01
7.282720E+02 1.991893E+00 1.011300E+01
7.292710E+02 1.991918E+00 1.011100E+01
7.302700E+02 1.991942E+00 1.011000E+01
7.312690E+02 1.991966E+00 1.010800E+01
7.322680E+02 1.991990E+00 1.010700E+01
7.332670E+02 1.992012E+00 1.010500E+01
7.342660E+02 1.992035E+00 1.010400E+01
7.352650E+02 1.992057E+00 1.010200E+01
7.362640E+02 1.992079E+00 1.010100E+01
7.372630E+02 1.992100E+00 1.009900E+01
7.382620E+02 1.992121E+00 1.009800E+01
7.392610E+02 1.992141E+00 1.009600E+01
7.402600E+02 1.992161E+00 1.009500E+01
7.412590E+02 1.992181E+00 1.009400E+01
7.422580E+02 1.992200E+00 1.009200E+01
7.432570E+02 1.992218E+00 1.009100E+01
7.442560E+02 1.992237E+00 1.008900E+01
7.452550E+02 1.992255E+00 1.008800E+01
7.462540E+02 1.992272E+00 1.008600E+01
7.472530E+02 1.992289E+00 1.008500E+01
7.482520E+02 1.992306E+00 1.008300E+01
7.492510E+02 1.992322E+00 1.008200E+01
7.502500E+02 1.992337E+00 1.008000E+01
7.512490E+02 1.992353E+00 1.007900E+01
7.522480E+02 1.992368E+00 1.007800E+01
7.532470E+02 1.992382E+00 1.007600E+01
7.542460E+02 1.992396E+00 1.007500E+01
7.552450E+02 1.992410E+00 1.007300E+01
7.562440E+02 1.992424E+00 1.007200E+01
7.572430E+02 1.992436E+00 1.007000E+01
7.582420E+02 1.992449E+00 1.006900E+01
7.592410E+02 1.992461E+00 1.006800E+01
7.602400E+02 1.992473E+00 1.006600E+01
7.612390E+02 1.992484E+00 1.006500E+01
7.622380E+02 1.992495E+00 1.006300E+01
7.632370E+02 1.992506E+00 1.006200E+01
7.642360E+02 1.992516E+00 1.006000E+01
7.652350E+02 1.992526E+00 1.005900E+01
7.662340E+02 1.992535E+00 1.005800E+01
7.672330E+02 1.992544E+00 1.005600E+01
7.682320E+02 1.992553E+00 1.005500E+01
7.692310E+02 1.992561E+00 1.005300E+01
7.702300E+02 1.992569E+00 1.005200E+01
7.712290E+02 1.992577E+00 1.005100E+01
7.722280E+02 1.992584E+00 1.004900E+01
7.732270E+02 1.992591E+00 1.004800E+01
7.742260E+02 1.992597E+00 1.004600E+01
7.752250E+02 1.992603E+00 1.004500E+01
7.762240E+02 1.992609E+00 1.004400E+01
7.772230E+02 1.992614E+00 1.004200E+01
7.782220E+02 1.992619E+00 1.004100E+01
7.792210E+02 1.992624E+00 1.003900E+01
7.802200E+02 1.992628E+00 1.003800E+01
7.812190E+02 1.992632E+00 1.003700E+01
7.822180E+02 1.992636E+00 1.003500E+01
7.832170E+02 1.992639E+00 1.003400E+01
7.842160E+02 1.992642E+00 1.003200E+01
7.852150E+02 1.992644E+00 1.003100E+01
7.862140E+02 1.992646E+00 1.003000E+01
7.872130E+02 1.992648E+00 1.002800E+01
7.882120E+02 1.992649E+00 1.002700E+01
7.892110E+02 1.992650E+00 1.002600E+01
7.902100E+02 1.992651E+00 1.002400E+01
7.912090E+02 1.992652E+00 1.002300E+01
7.922080E+02 1.992652E+00 1.002200E+01
7.932070E+02 1.992651E+00 1.002000E+01
7.942060E+02 1.992651E+00 1.001900E+01
7.952050E+02 1.992650E+00 1.001700E+01
7.962040E+02 1.992649E+00 1.001600E+01
7.972030E+02 1.992647E+00 1.001500E+01
7.982020E+02 1.992645E+00 1.001300E+01
7.992010E+02 1.992643E+00 1.001200E+01
8.002000E+02 1.992640E+00 1.001100E+01
8.011990E+02 1.992637E+00 1.000900E+01
8.021980E+02 1.992634E+00 1.000800E+01
8.031970E+02 1.992630E+00 1.000700E+01
8.041960E+02 1.992626E+00 1.000500E+01
8.051950E+02 1.992622E+00 1.000400E+01
8.061940E+02 1.992617E+00 1.000300E+01
8.071930E+02 1.992613E+00 1.000100E+01
8.081920E+02 1.992607E+00 1.000000E+01
8.091910E+02 1.992602E+00 9.998000E+00
8.101900E+02 1.992596E+00 9.997000E+00
8.111890E+02 1.992590E+00 9.996000E+00
8.121880E+02 1.992583E+00 9.994000E+00
8.131870E+02 1.992577E+00 9.993000E+00
8.141860E+02 1.992569E+00 9.992000E+00
8.151850E+02 1.992562E+00 9.990000E+00
8.161840E+02 1.992554E+00 9.989000E+00
8.171830E+02 1.992546E+00 9.988000E+00
8.181820E+02 1.992538E+00 9.987000E+00
8.191810E+02 1.992529E+00 9.985000E+00
8.201800E+02 1.992520E+00 9.984000E+00
8.211790E+02 1.992511E+00 9.983000E+00
8.221780E+02 1.992502E+00 9.981000E+00
8.231770E+02 1.992492E+00 9.980000E+00
8.241760E+02 1.992482E+00 9.979000E+00
8.251750E+02 1.992471E+00 9.977000E+00
8.261740E+02 1.992461E+00 9.976000E+00
8.271730E+02 1.992450E+00 9.975000E+00
8.281720E+02 1.992438E+00 9.973000E+00
8.291710E+02 1.992427E+00 9.972000E+00
8.301700E+02 1.992415E+00 9.971000E+00
8.311690E+02 1.992403E+00 9.969000E+00
8.321680E+02 1.992390E+00 9.968000E+00
8.331670E+02 1.992377E+00 9.967000E+00
8.341660E+02 1.992364E+00 9.966000E+00
8.351650E+02 1.992351E+00 9.964000E+00
8.361640E+02 1.992337E+00 9.963000E+00
8.371630E+02 1.992323E+00 9.962000E+00
8.381620E+02 1.992309E+00 9.960000E+00
8.391610E+02 1.992295E+00 9.959000E+00
8.401600E+02 1.992280E+00 9.958000E+00
8.411590E+02 1.992265E+00 9.956000E+00
8.421580E+02 1.992250E+00 9.955000E+00
8.431570E+02 1.992234E+00 9.954000E+00
8.441560E+02 1.992218E+00 9.953000E+00
8.451550E+02 1.992202E+00 9.951000E+00
8.461540E+02 1.992186E+00 9.950000E+00
8.471530E+02 1.992169E+00 9.949000E+00
8.481520E+02 1.992152E+00 9.947000E+00
8.491510E+02 1.992135E+00 9.946000E+00
8.501500E+02 1.992118E+00 9.945000E+00
8.511490E+02 1.992100E+00 9.944000E+00
8.521480E+02 1.992082E+00 9.942000E+00
8.531470E+02 1.992064E+00 9.941000E+00
8.541460E+02 1.992045E+00 9.940000E+00
8.551450E+02 1.992027E+00 9.939000E+00
8.561440E+02 1.992008E+00 9.937000E+00
8.571430E+02 1.991988E+00 9.936000E+00
8.581420E+02 1.991969E+00 9.935000E+00
8.591410E+02 1.991949E+00 9.933000E+00
8.601400E+02 1.991929E+00 9.932000E+00
8.611390E+02 1.991909E+00 9.931000E+00
8.621380E+02 1.991888E+00 9.930000E+00
8.631370E+02 1.991867E+00 9.928000E+00
8.641360E+02 1.991846E+00 9.927000E+00
8.651350E+02 1.991825E+00 9.926000E+00
8.661340E+02 1.991803E+00 9.925000E+00
8.671330E+02 1.991781E+00 9.923000E+00
8.681320E+02 1.991759E+00 9.922000E+00
8.691310E+02 1.991737E+00 9.921000E+00
8.701300E+02 1.991715E+00 9.920000E+00
8.711290E+02 1.991692E+00 9.918000E+00
8.721280E+02 1.991669E+00 9.917000E+00
8.731270E+02 1.991645E+00 9.916000E+00
8.741260E+02 1.991622E+00 9.915000E+00
8.751250E+02 1.991598E+00 9.913000E+00
8.761240E+02 1.991574E+00 9.912000E+00
8.771230E+02 1.991550E+00 9.911000E+00
8.781220E+02 1.991525E+00 9.910000E+00
8.791210E+02 1.991501E+00 9.909000E+00
8.801200E+02 1.991476E+00 9.907000E+00
8.811190E+02 1.991450E+00 9.906000E+00
8.821180E+02 1.991425E+00 9.905000E+00
8.831170E+02 1.991399E+00 9.904000E+00
8.841160E+02 1.991374E+00 9.902000E+00
8.851150E+02 1.991347E+00 9.901000E+00
8.861140E+02 1.991321E+00 9.900000E+00
8.871130E+02 1.991294E+00 9.899000E+00
8.881120E+02 1.991268E+00 9.897000E+00
8.891110E+02 1.991241E+00 9.896000E+00
8.901100E+02 1.991213E+00 9.895000E+00
8.911090E+02 1.991186E+00 9.894000E+00
8.921080E+02 1.991158E+00 9.893000E+00
8.931070E+02 1.991130E+00 9.891000E+00
8.941060E+02 1.991102E+00 9.890000E+00
8.951050E+02 1.991074E+00 9.889000E+00
8.961040E+02 1.991045E+00 9.888000E+00
8.971030E+02 1.991016E+00 9.887000E+00
8.981020E+02 1.990987E+00 9.885000E+00
8.991010E+02 1.990958E+00 9.884000E+00
9.001000E+02 1.990929E+00 9.883000E+00
9.010990E+02 1.990899E+00 9.882000E+00
9.020980E+02 1.990869E+00 9.880000E+00
9.030970E+02 1.990839E+00 9.879000E+00
9.040960E+02 1.990809E+00 9.878000E+00
9.050950E+02 1.990778E+00 9.877000E+00
9.060940E+02 1.990747E+00 9.876000E+00
9.070930E+02 1.990716E+00 9.874000E+00
9.080920E+02 1.990685E+00 9.873000E+00
9.090910E+02 1.990654E+00 9.872000E+00
9.100900E+02 1.990622E+00 9.871000E+00
9.110890E+02 1.990590E+00 9.870000E+00
9.120880E+02 1.990558E+00 9.869000E+00
9.130870E+02 1.990526E+00 9.867000E+00
9.140860E+02 1.990494E+00 9.866000E+00
9.150850E+02 1.990461E+00 9.865000E+00
9.160840E+02 1.990428E+00 9.864000E+00
9.170830E+02 1.990395E+00 9.863000E+00
9.180820E+02 1.990362E+00 9.861000E+00
9.190810E+02 1.990329E+00 9.860000E+00
9.200800E+02 1.990295E+00 9.859000E+00
9.210790E+02 1.990261E+00 9.858000E+00
9.220780E+02 1.990227E+00 9.857000E+00
9.230770E+02 1.990193E+00 9.856000E+00
9.240760E+02 1.990159E+00 9.854000E+00
9.250750E+02 1.990124E+00 9.853000E+00
9.260740E+02 1.990089E+00 9.852000E+00
9.270730E+02 1.990054E+00 9.851000E+00
9.280720E+02 1.990019E+00 9.850000E+00
9.290710E+02 1.989984E+00 9.849000E+00
9.300700E+02 1.989948E+00 9.847000E+00
9.310690E+02 1.989912E+00 9.846000E+00
9.320680E+02 1.989876E+00 9.845000E+00
9.330670E+02 1.989840E+00 9.844000E+00
9.340660E+02 1.989804E+00 9.843000E+00
9.350650E+02 1.989767E+00 9.842000E+00
9.360640E+02 1.989731E+00 9.840000E+00
9.370630E+02 1.989694E+00 9.839000E+00
9.380620E+02 1.989657E+00 9.838000E+00
9.390610E+02 1.989619E+00 9.837000E+00
9.400600E+02 1.989582E+00 9.836000E+00
9.410590E+02 1.989544E+00 9.835000E+00
9.420580E+02 1.989507E+00 9.833000E+00
9.430570E+02 1.989469E+00 9.832000E+00
9.440560E+02 1.989430E+00 9.831000E+00
9.450550E+02 1.989392E+00 9.830000E+00
9.460540E+02 1.989353E+00 9.829000E+00
9.470530E+02 1.989315E+00 9.828000E+00
9.480520E+02 1.989276E+00 9.827000E+00
9.490510E+02 1.989237E+00 9.825000E+00
9.500500E+02 1.989198E+00 9.824000E+00
9.510490E+02 1.989158E+00 9.823000E+00
9.520480E+02 1.989119E+00 9.822000E+00
9.530470E+02 1.989079E+00 9.821000E+00
9.540460E+02 1.989039E+00 9.820000E+00
9.550450E+02 1.988999E+00 9.819000E+00
9.560440E+02 1.988958E+00 9.817000E+00
9.570430E+02 1.988918E+00 9.816000E+00
9.580420E+02 1.988877E+00 9.815000E+00
9.590410E+02 1.988837E+00 9.814000E+00
9.600400E+02 1.988796E+00 9.813000E+00
9.610390E+02 1.988754E+00 9.812000E+00
9.620380E+02 1.988713E+00 9.811000E+00
9.630370E+02 1.988672E+00 9.810000E+00
9.640360E+02 1.988630E+00 9.808000E+00
9.650350E+02 1.988588E+00 9.807000E+00
9.660340E+02 1.988546E+00 9.806000E+00
9.670330E+02 1.988504E+00 9.805000E+00
9.680320E+02 1.988462E+00 9.804000E+00
9.690310E+02 1.988419E+00 9.803000E+00
9.700300E+02 1.988377E+00 9.802000E+00
9.710290E+02 1.988334E+00 9.801000E+00
9.720280E+02 1.988291E+00 9.799000E+00
9.730270E+02 1.988248E+00 9.798000E+00
9.740260E+02 1.988204E+00 9.797000E+00
9.750250E+02 1.988161E+00 9.796000E+00
9.760240E+02 1.988117E+00 9.795000E+00
9.770230E+02 1.988074E+00 9.794000E+00
9.780220E+02 1.988030E+00 9.793000E+00
9.790210E+02 1.987986E+00 9.792000E+00
9.800200E+02 1.987941E+00 9.791000E+00
9.810190E+02 1.987897E+00 9.789000E+00
9.820180E+02 1.987852E+00 9.788000E+00
9.830170E+02 1.987808E+00 9.787000E+00
9.840160E+02 1.987763E+00 9.786000E+00
9.850150E+02 1.987718E+00 9.785000E+00
9.860140E+02 1.987673E+00 9.784000E+00
9.870130E+02 1.987627E+00 9.783000E+00
9.880120E+02 1.987582E+00 9.782000E+00
9.890110E+02 1.987536E+00 9.781000E+00
9.900100E+02 1.987491E+00 9.780000E+00
9.910090E+02 1.987445E+00 9.778000E+00
9.920080E+02 1.987399E+00 9.777000E+00
9.930070E+02 1.987352E+00 9.776000E+00
9.940060E+02 1.987306E+00 9.775000E+00
9.950050E+02 1.987260E+00 9.774000E+00
9.960040E+02 1.987213E+00 9.773000E+00
9.970030E+02 1.987166E+00 9.772000E+00
9.980020E+02 1.987119E+00 9.771000E+00
9.990010E+02 1.987072E+00 9.770000E+00
