1.000000E+00 9.951062E-02 3.301000E+01
1.999000E+00 1.555206E-01 1.705900E+01
2.998000E+00 2.065087E-01 1.444700E+01
3.997000E+00 2.530046E-01 1.343900E+01
4.996000E+00 2.958878E-01 1.292800E+01
5.995000E+00 3.357956E-01 1.263000E+01
6.994000E+00 3.731907E-01 1.244100E+01
7.993000E+00 4.084212E-01 1.231500E+01
8.992000E+00 4.417568E-01 1.222600E+01
9.991000E+00 4.734132E-01 1.216300E+01
1.099000E+01 5.035658E-01 1.211600E+01
1.198900E+01 5.323606E-01 1.208100E+01
1.298800E+01 5.599206E-01 1.205400E+01
1.398700E+01 5.863511E-01 1.203400E+01
1.498600E+01 6.117423E-01 1.201800E+01
1.598500E+01 6.361735E-01 1.200500E+01
1.698400E+01 6.597142E-01 1.199500E+01
1.798300E+01 6.824258E-01 1.198700E+01
1.898200E+01 7.043631E-01 1.198100E+01
1.998100E+01 7.255752E-01 1.197500E+01
2.098000E+01 7.461062E-01 1.197100E+01
2.197900E+01 7.659961E-01 1.196700E+01
2.297800E+01 7.852813E-01 1.196400E+01
2.397700E+01 8.039949E-01 1.196100E+01
2.497600E+01 8.221674E-01 1.195900E+01
2.597500E+01 8.398262E-01 1.195600E+01
2.697400E+01 8.569973E-01 1.195400E+01
2.797300E+01 8.737044E-01 1.195200E+01
2.897200E+01 8.899692E-01 1.195000E+01
2.997100E+01 9.058123E-01 1.194900E+01
3.097000E+01 9.212525E-01 1.194700E+01
3.196900E+01 9.363074E-01 1.194500E+01
3.296800E+01 9.509935E-01 1.194300E+01
3.396700E+01 9.653262E-01 1.194100E+01
3.496600E+01 9.793200E-01 1.194000E+01
3.596500E+01 9.929884E-01 1.193800E+01
3.696400E+01 1.006344E+00 1.193600E+01
3.796300E+01 1.019399E+00 1.193400E+01
3.896200E+01 1.032165E+00 1.193200E+01
3.996100E+01 1.044652E+00 1.193000E+01
4.096000E+01 1.056871E+00 1.192700E+01
4.195900E+01 1.068831E+00 1.192500E+01
4.295800E+01 1.080541E+00 1.192300E+01
4.395700E+01 1.092009E+00 1.192000E+01
4.495600E+01 1.103244E+00 1.191800E+01
4.595500E+01 1.114254E+00 1.191500E+01
4.695400E+01 1.125045E+00 1.191300E+01
4.795300E+01 1.135626E+00 1.191000E+01
4.895200E+01 1.146002E+00 1.190700E+01
4.995100E+01 1.156180E+00 1.190400E+01
5.095000E+01 1.166166E+00 1.190200E+01
5.194900E+01 1.175966E+00 1.189900E+01
5.294800E+01 1.185586E+00 1.189600E+01
5.394700E+01 1.195030E+00 1.189300E+01
5.494600E+01 1.204304E+00 1.189000E+01
5.594500E+01 1.213412E+00 1.188700E+01
5.694400E+01 1.222361E+00 1.188300E+01
5.794300E+01 1.231153E+00 1.188000E+01
5.894200E+01 1.239793E+00 1.187700E+01
5.994100E+01 1.248285E+00 1.187400E+01
6.094000E+01 1.256634E+00 1.187000E+01
6.193900E+01 1.264843E+00 1.186700E+01
6.293800E+01 1.272915E+00 1.186300E+01
6.393700E+01 1.280855E+00 1.186000E+01
6.493600E+01 1.288666E+00 1.185600E+01
6.593500E+01 1.296350E+00 1.185300E+01
6.693400E+01 1.303912E+00 1.184900E+01
6.793300E+01 1.311353E+00 1.184600E+01
6.893200E+01 1.318678E+00 1.184200E+01
6.993100E+01 1.325889E+00 1.183900E+01
7.093000E+01 1.332988E+00 1.183500E+01
7.192900E+01 1.339979E+00 1.183100E+01
7.292800E+01 1.346864E+00 1.182700E+01
7.392700E+01 1.353645E+00 1.182400E+01
7.492600E+01 1.360325E+00 1.182000E+01
7.592500E+01 1.366905E+00 1.181600E+01
7.692400E+01 1.373389E+00 1.181200E+01
7.792300E+01 1.379779E+00 1.180800E+01
7.892200E+01 1.386076E+00 1.180500E+01
7.992100E+01 1.392282E+00 1.180100E+01
8.092000E+01 1.398400E+00 1.179700E+01
8.191900E+01 1.404432E+00 1.179300E+01
8.291800E+01 1.410379E+00 1.178900E+01
8.391700E+01 1.416242E+00 1.178500E+01
8.491600E+01 1.422025E+00 1.178100E+01
8.591500E+01 1.427728E+00 1.177700E+01
8.691400E+01 1.433354E+00 1.177300E+01
8.791300E+01 1.438903E+00 1.176900E+01
8.891200E+01 1.444377E+00 1.176500E+01
8.991100E+01 1.449778E+00 1.176100E+01
9.091000E+01 1.455108E+00 1.175700E+01
9.190900E+01 1.460367E+00 1.175300E+01
9.290800E+01 1.465557E+00 1.174900E+01
9.390700E+01 1.470679E+00 1.174500E+01
9.490600E+01 1.475735E+00 1.174100E+01
9.590500E+01 1.480726E+00 1.173700E+01
9.690400E+01 1.485654E+00 1.173300E+01
9.790300E+01 1.490519E+00 1.172900E+01
9.890200E+01 1.495322E+00 1.172500E+01
9.990100E+01 1.500065E+00 1.172100E+01
1.009000E+02 1.504749E+00 1.171700E+01
1.018990E+02 1.509375E+00 1.171300E+01
1.028980E+02 1.513943E+00 1.170900E+01
1.038970E+02 1.518456E+00 1.170400E+01
1.048960E+02 1.522914E+00 1.170000E+01
1.058950E+02 1.527318E+00 1.169600E+01
1.068940E+02 1.531668E+00 1.169200E+01
1.078930E+02 1.535967E+00 1.168800E+01
1.088920E+02 1.540214E+00 1.168400E+01
1.098910E+02 1.544411E+00 1.168000E+01
1.108900E+02 1.548559E+00 1.167600E+01
1.118890E+02 1.552658E+00 1.167200E+01
1.128880E+02 1.556709E+00 1.166800E+01
1.138870E+02 1.560713E+00 1.166400E+01
1.148860E+02 1.564671E+00 1.165900E+01
1.158850E+02 1.568584E+00 1.165500E+01
1.168840E+02 1.572452E+00 1.165100E+01
1.178830E+02 1.576275E+00 1.164700E+01
1.188820E+02 1.580056E+00 1.164300E+01
1.198810E+02 1.583794E+00 1.163900E+01
1.208800E+02 1.587491E+00 1.163500E+01
1.218790E+02 1.591146E+00 1.163100E+01
1.228780E+02 1.594760E+00 1.162700E+01
1.238770E+02 1.598335E+00 1.162300E+01
1.248760E+02 1.601871E+00 1.161900E+01
1.258750E+02 1.605367E+00 1.161500E+01
1.268740E+02 1.608826E+00 1.161100E+01
1.278730E+02 1.612248E+00 1.160700E+01
1.288720E+02 1.615632E+00 1.160200E+01
1.298710E+02 1.618980E+00 1.159800E+01
1.308700E+02 1.622293E+00 1.159400E+01
1.318690E+02 1.625570E+00 1.159000E+01
1.328680E+02 1.628813E+00 1.158600E+01
1.338670E+02 1.632021E+00 1.158200E+01
1.348660E+02 1.635196E+00 1.157800E+01
1.358650E+02 1.638337E+00 1.157400E+01
1.368640E+02 1.641446E+00 1.157000E+01
1.378630E+02 1.644523E+00 1.156600E+01
1.388620E+02 1.647568E+00 1.156200E+01
1.398610E+02 1.650582E+00 1.155800E+01
1.408600E+02 1.653565E+00 1.155400E+01
1.418590E+02 1.656517E+00 1.155000E+01
1.428580E+02 1.659440E+00 1.154600E+01
1.438570E+02 1.662333E+00 1.154200E+01
1.448560E+02 1.665197E+00 1.153800E+01
1.458550E+02 1.668032E+00 1.153400E+01
1.468540E+02 1.670839E+00 1.153000E+01
1.478530E+02 1.673618E+00 1.152600E+01
1.488520E+02 1.676370E+00 1.152200E+01
1.498510E+02 1.679094E+00 1.151800E+01
1.508500E+02 1.681792E+00 1.151500E+01
1.518490E+02 1.684463E+00 1.151100E+01
1.528480E+02 1.687108E+00 1.150700E+01
1.538470E+02 1.689728E+00 1.150300E+01
1.548460E+02 1.692322E+00 1.149900E+01
1.558450E+02 1.694891E+00 1.149500E+01
1.568440E+02 1.697436E+00 1.149100E+01
1.578430E+02 1.699956E+00 1.148700E+01
1.588420E+02 1.702452E+00 1.148300E+01
1.598410E+02 1.704924E+00 1.147900E+01
1.608400E+02 1.707373E+00 1.147600E+01
1.618390E+02 1.709799E+00 1.147200E+01
1.628380E+02 1.712202E+00 1.146800E+01
1.638370E+02 1.714583E+00 1.146400E+01
1.648360E+02 1.716941E+00 1.146000E+01
1.658350E+02 1.719277E+00 1.145600E+01
1.668340E+02 1.721592E+00 1.145200E+01
1.678330E+02 1.723885E+00 1.144900E+01
1.688320E+02 1.726158E+00 1.144500E+01
1.698310E+02 1.728409E+00 1.144100E+01
1.708300E+02 1.730640E+00 1.143700E+01
1.718290E+02 1.732850E+00 1.143300E+01
1.728280E+02 1.735040E+00 1.143000E+01
1.738270E+02 1.737211E+00 1.142600E+01
1.748260E+02 1.739362E+00 1.142200E+01
1.758250E+02 1.741493E+00 1.141800E+01
1.768240E+02 1.743606E+00 1.141500E+01
1.778230E+02 1.745699E+00 1.141100E+01
1.788220E+02 1.747774E+00 1.140700E+01
1.798210E+02 1.749830E+00 1.140300E+01
1.808200E+02 1.751868E+00 1.140000E+01
1.818190E+02 1.753889E+00 1.139600E+01
1.828180E+02 1.755891E+00 1.139200E+01
1.838170E+02 1.757876E+00 1.138900E+01
1.848160E+02 1.759843E+00 1.138500E+01
1.858150E+02 1.761793E+00 1.138100E+01
1.868140E+02 1.763727E+00 1.137700E+01
1.878130E+02 1.765643E+00 1.137400E+01
1.888120E+02 1.767543E+00 1.137000E+01
1.898110E+02 1.769426E+00 1.136600E+01
1.908100E+02 1.771294E+00 1.136300E+01
1.918090E+02 1.773145E+00 1.135900E+01
1.928080E+02 1.774980E+00 1.135600E+01
1.938070E+02 1.776800E+00 1.135200E+01
1.948060E+02 1.778604E+00 1.134800E+01
1.958050E+02 1.780393E+00 1.134500E+01
1.968040E+02 1.782167E+00 1.134100E+01
1.978030E+02 1.783926E+00 1.133700E+01
1.988020E+02 1.785670E+00 1.133400E+01
1.998010E+02 1.787400E+00 1.133000E+01
2.008000E+02 1.789115E+00 1.132700E+01
2.017990E+02 1.790815E+00 1.132300E+01
2.027980E+02 1.792502E+00 1.132000E+01
2.037970E+02 1.794174E+00 1.131600E+01
2.047960E+02 1.795833E+00 1.131200E+01
2.057950E+02 1.797478E+00 1.130900E+01
2.067940E+02 1.799110E+00 1.130500E+01
2.077930E+02 1.800728E+00 1.130200E+01
2.087920E+02 1.802332E+00 1.129800E+01
2.097910E+02 1.803924E+00 1.129500E+01
2.107900E+02 1.805503E+00 1.129100E+01
2.117890E+02 1.807068E+00 1.128800E+01
2.127880E+02 1.808622E+00 1.128400E+01
2.137870E+02 1.810162E+00 1.128100E+01
2.147860E+02 1.811690E+00 1.127700E+01
2.157850E+02 1.813206E+00 1.127400E+01
2.167840E+02 1.814710E+00 1.127100E+01
2.177830E+02 1.816201E+00 1.126700E+01
2.187820E+02 1.817681E+00 1.126400E+01
2.197810E+02 1.819149E+00 1.126000E+01
2.207800E+02 1.820605E+00 1.125700E+01
2.217790E+02 1.822049E+00 1.125300E+01
2.227780E+02 1.823482E+00 1.125000E+01
2.237770E+02 1.824904E+00 1.124700E+01
2.247760E+02 1.826315E+00 1.124300E+01
2.257750E+02 1.827714E+00 1.124000E+01
2.267740E+02 1.829103E+00 1.123600E+01
2.277730E+02 1.830480E+00 1.123300E+01
2.287720E+02 1.831847E+00 1.123000E+01
2.297710E+02 1.833203E+00 1.122600E+01
2.307700E+02 1.834549E+00 1.122300E+01
2.317690E+02 1.835884E+00 1.122000E+01
2.327680E+02 1.837209E+00 1.121600E+01
2.337670E+02 1.838523E+00 1.121300E+01
2.347660E+02 1.839828E+00 1.121000E+01
2.357650E+02 1.841122E+00 1.120600E+01
2.367640E+02 1.842407E+00 1.120300E+01
2.377630E+02 1.843681E+00 1.120000E+01
2.387620E+02 1.844946E+00 1.119600E+01
2.397610E+02 1.846201E+00 1.119300E+01
2.407600E+02 1.847447E+00 1.119000E+01
2.417590E+02 1.848683E+00 1.118600E+01
2.427580E+02 1.849909E+00 1.118300E+01
2.437570E+02 1.851127E+00 1.118000E+01
2.447560E+02 1.852335E+00 1.117700E+01
2.457550E+02 1.853534E+00 1.117300E+01
2.467540E+02 1.854724E+00 1.117000E+01
2.477530E+02 1.855905E+00 1.116700E+01
2.487520E+02 1.857078E+00 1.116400E+01
2.497510E+02 1.858241E+00 1.116000E+01
2.507500E+02 1.859396E+00 1.115700E+01
2.517490E+02 1.860542E+00 1.115400E+01
2.527480E+02 1.861680E+00 1.115100E+01
2.537470E+02 1.862809E+00 1.114800E+01
2.547460E+02 1.863930E+00 1.114400E+01
2.557450E+02 1.865042E+00 1.114100E+01
2.567440E+02 1.866146E+00 1.113800E+01
2.577430E+02 1.867242E+00 1.113500E+01
2.587420E+02 1.868330E+00 1.113200E+01
2.597410E+02 1.869410E+00 1.112900E+01
2.607400E+02 1.870482E+00 1.112500E+01
2.617390E+02 1.871547E+00 1.112200E+01
2.627380E+02 1.872603E+00 1.111900E+01
2.637370E+02 1.873652E+00 1.111600E+01
2.647360E+02 1.874693E+00 1.111300E+01
2.657350E+02 1.875726E+00 1.111000E+01
2.667340E+02 1.876752E+00 1.110700E+01
2.677330E+02 1.877771E+00 1.110400E+01
2.687320E+02 1.878782E+00 1.110100E+01
2.697310E+02 1.879786E+00 1.109700E+01
2.707300E+02 1.880783E+00 1.109400E+01
2.717290E+02 1.881772E+00 1.109100E+01
2.727280E+02 1.882754E+00 1.108800E+01
2.737270E+02 1.883730E+00 1.108500E+01
2.747260E+02 1.884698E+00 1.108200E+01
2.757250E+02 1.885659E+00 1.107900E+01
2.767240E+02 1.886614E+00 1.107600E+01
2.777230E+02 1.887561E+00 1.107300E+01
2.787220E+02 1.888502E+00 1.107000E+01
2.797210E+02 1.889436E+00 1.106700E+01
2.807200E+02 1.890364E+00 1.106400E+01
2.817190E+02 1.891285E+00 1.106100E+01
2.827180E+02 1.892199E+00 1.105800E+01
2.837170E+02 1.893107E+00 1.105500E+01
2.847160E+02 1.894009E+00 1.105200E+01
2.857150E+02 1.894904E+00 1.104900E+01
2.867140E+02 1.895793E+00 1.104600E+01
2.877130E+02 1.896676E+00 1.104300E+01
2.887120E+02 1.897552E+00 1.104000E+01
2.897110E+02 1.898422E+00 1.103700E+01
2.907100E+02 1.899286E+00 1.103400E+01
2.917090E+02 1.900145E+00 1.103100E+01
2.927080E+02 1.900997E+00 1.102800E+01
2.937070E+02 1.901843E+00 1.102500E+01
2.947060E+02 1.902683E+00 1.102200E+01
2.957050E+02 1.903518E+00 1.101900E+01
2.967040E+02 1.904346E+00 1.101600E+01
2.977030E+02 1.905169E+00 1.101400E+01
2.987020E+02 1.905986E+00 1.101100E+01
2.997010E+02 1.906798E+00 1.100800E+01
3.007000E+02 1.907604E+00 1.100500E+01
3.016990E+02 1.908404E+00 1.100200E+01
3.026980E+02 1.909199E+00 1.099900E+01
3.036970E+02 1.909988E+00 1.099600E+01
3.046960E+02 1.910772E+00 1.099300E+01
3.056950E+02 1.911551E+00 1.099000E+01
3.066940E+02 1.912324E+00 1.098800E+01
3.076930E+02 1.913092E+00 1.098500E+01
3.086920E+02 1.913855E+00 1.098200E+01
3.096910E+02 1.914612E+00 1.097900E+01
3.106900E+02 1.915364E+00 1.097600E+01
3.116890E+02 1.916111E+00 1.097300E+01
3.126880E+02 1.916853E+00 1.097100E+01
3.136870E+02 1.917590E+00 1.096800E+01
3.146860E+02 1.918322E+00 1.096500E+01
3.156850E+02 1.919049E+00 1.096200E+01
3.166840E+02 1.919771E+00 1.095900E+01
3.176830E+02 1.920489E+00 1.095700E+01
3.186820E+02 1.921201E+00 1.095400E+01
3.196810E+02 1.921908E+00 1.095100E+01
3.206800E+02 1.922611E+00 1.094800E+01
3.216790E+02 1.923309E+00 1.094500E+01
3.226780E+02 1.924002E+00 1.094300E+01
3.236770E+02 1.924691E+00 1.094000E+01
3.246760E+02 1.925375E+00 1.093700E+01
3.256750E+02 1.926054E+00 1.093400E+01
3.266740E+02 1.926729E+00 1.093200E+01
3.276730E+02 1.927400E+00 1.092900E+01
3.286720E+02 1.928065E+00 1.092600E+01
3.296710E+02 1.928727E+00 1.092300E+01
3.306700E+02 1.929384E+00 1.092100E+01
3.316690E+02 1.930036E+00 1.091800E+01
3.326680E+02 1.930684E+00 1.091500E+01
3.336670E+02 1.931328E+00 1.091300E+01
3.346660E+02 1.931968E+00 1.091000E+01
3.356650E+02 1.932603E+00 1.090700E+01
3.366640E+02 1.933234E+00 1.090400E+01
3.376630E+02 1.933861E+00 1.090200E+01
3.386620E+02 1.934484E+00 1.089900E+01
3.396610E+02 1.935102E+00 1.089600E+01
3.406600E+02 1.935717E+00 1.089400E+01
3.416590E+02 1.936327E+00 1.089100E+01
3.426580E+02 1.936934E+00 1.088800E+01
3.436570E+02 1.937536E+00 1.088600E+01
3.446560E+02 1.938134E+00 1.088300E+01
3.456550E+02 1.938729E+00 1.088000E+01
3.466540E+02 1.939319E+00 1.087800E+01
3.476530E+02 1.939906E+00 1.087500E+01
3.486520E+02 1.940489E+00 1.087300E+01
3.496510E+02 1.941068E+00 1.087000E+01
3.506500E+02 1.941643E+00 1.086700E+01
3.516490E+02 1.942214E+00 1.086500E+01
3.526480E+02 1.942782E+00 1.086200E+01
3.536470E+02 1.943345E+00 1.085900E+01
3.546460E+02 1.943906E+00 1.085700E+01
3.556450E+02 1.944462E+00 1.085400E+01
3.566440E+02 1.945015E+00 1.085200E+01
3.576430E+02 1.945564E+00 1.084900E+01
3.586420E+02 1.946110E+00 1.084600E+01
3.596410E+02 1.946652E+00 1.084400E+01
3.606400E+02 1.947190E+00 1.084100E+01
3.616390E+02 1.947725E+00 1.083900E+01
3.626380E+02 1.948257E+00 1.083600E+01
3.636370E+02 1.948785E+00 1.083400E+01
3.646360E+02 1.949310E+00 1.083100E+01
3.656350E+02 1.949831E+00 1.082900E+01
3.666340E+02 1.950349E+00 1.082600E+01
3.676330E+02 1.950863E+00 1.082300E+01
3.686320E+02 1.951374E+00 1.082100E+01
3.696310E+02 1.951882E+00 1.081800E+01
3.706300E+02 1.952386E+00 1.081600E+01
3.716290E+02 1.952888E+00 1.081300E+01
3.726280E+02 1.953386E+00 1.081100E+01
3.736270E+02 1.953880E+00 1.080800E+01
3.746260E+02 1.954372E+00 1.080600E+01
3.756250E+02 1.954860E+00 1.080300E+01
3.766240E+02 1.955345E+00 1.080100E+01
3.776230E+02 1.955827E+00 1.079800E+01
3.786220E+02 1.956306E+00 1.079600E+01
3.796210E+02 1.956782E+00 1.079300E+01
3.806200E+02 1.957255E+00 1.079100E+01
3.816190E+02 1.957725E+00 1.078800E+01
3.826180E+02 1.958191E+00 1.078600E+01
3.836170E+02 1.958655E+00 1.078400E+01
3.846160E+02 1.959115E+00 1.078100E+01
3.856150E+02 1.959573E+00 1.077900E+01
3.866140E+02 1.960028E+00 1.077600E+01
3.876130E+02 1.960480E+00 1.077400E+01
3.886120E+02 1.960929E+00 1.077100E+01
3.896110E+02 1.961375E+00 1.076900E+01
3.906100E+02 1.961818E+00 1.076600E+01
3.916090E+02 1.962258E+00 1.076400E+01
3.926080E+02 1.962695E+00 1.076200E+01
3.936070E+02 1.963130E+00 1.075900E+01
3.946060E+02 1.963562E+00 1.075700E+01
3.956050E+02 1.963991E+00 1.075400E+01
3.966040E+02 1.964417E+00 1.075200E+01
3.976030E+02 1.964841E+00 1.075000E+01
3.986020E+02 1.965262E+00 1.074700E+01
3.996010E+02 1.965680E+00 1.074500E+01
4.006000E+02 1.966095E+00 1.074200E+01
4.015990E+02 1.966508E+00 1.074000E+01
4.025980E+02 1.966918E+00 1.073800E+01
4.035970E+02 1.967326E+00 1.073500E+01
4.045960E+02 1.967731E+00 1.073300E+01
4.055950E+02 1.968133E+00 1.073100E+01
4.065940E+02 1.968533E+00 1.072800E+01
4.075930E+02 1.968930E+00 1.072600E+01
4.085920E+02 1.969324E+00 1.072300E+01
4.095910E+02 1.969717E+00 1.072100E+01
4.105900E+02 1.970106E+00 1.071900E+01
4.115890E+02 1.970493E+00 1.071600E+01
4.125880E+02 1.970878E+00 1.071400E+01
4.135870E+02 1.971260E+00 1.071200E+01
4.145860E+02 1.971640E+00 1.070900E+01
4.155850E+02 1.972017E+00 1.070700E+01
4.165840E+02 1.972392E+00 1.070500E+01
4.175830E+02 1.972764E+00 1.070300E+01
4.185820E+02 1.973134E+00 1.070000E+01
4.195810E+02 1.973502E+00 1.069800E+01
4.205800E+02 1.973867E+00 1.069600E+01
4.215790E+02 1.974230E+00 1.069300E+01
4.225780E+02 1.974591E+00 1.069100E+01
4.235770E+02 1.974949E+00 1.068900E+01
4.245760E+02 1.975305E+00 1.068600E+01
4.255750E+02 1.975659E+00 1.068400E+01
4.265740E+02 1.976011E+00 1.068200E+01
4.275730E+02 1.976360E+00 1.068000E+01
4.285720E+02 1.976707E+00 1.067700E+01
4.295710E+02 1.977052E+00 1.067500E+01
4.305700E+02 1.977394E+00 1.067300E+01
4.315690E+02 1.977735E+00 1.067100E+01
4.325680E+02 1.978073E+00 1.066800E+01
4.335670E+02 1.978409E+00 1.066600E+01
4.345660E+02 1.978743E+00 1.066400E+01
4.355650E+02 1.979075E+00 1.066200E+01
4.365640E+02 1.979404E+00 1.065900E+01
4.375630E+02 1.979732E+00 1.065700E+01
4.385620E+02 1.980057E+00 1.065500E+01
4.395610E+02 1.980381E+00 1.065300E+01
4.405600E+02 1.980702E+00 1.065000E+01
4.415590E+02 1.981021E+00 1.064800E+01
4.425580E+02 1.981338E+00 1.064600E+01
4.435570E+02 1.981653E+00 1.064400E+01
4.445560E+02 1.981966E+00 1.064200E+01
4.455550E+02 1.982278E+00 1.063900E+01
4.465540E+02 1.982587E+00 1.063700E+01
4.475530E+02 1.982894E+00 1.063500E+01
4.485520E+02 1.983199E+00 1.063300E+01
4.495510E+02 1.983502E+00 1.063100E+01
4.505500E+02 1.983803E+00 1.062800E+01
4.515490E+02 1.984103E+00 1.062600E+01
4.525480E+02 1.984400E+00 1.062400E+01
4.535470E+02 1.984695E+00 1.062200E+01
4.545460E+02 1.984989E+00 1.062000E+01
4.555450E+02 1.985281E+00 1.061800E+01
4.565440E+02 1.985570E+00 1.061500E+01
4.575430E+02 1.985858E+00 1.061300E+01
4.585420E+02 1.986144E+00 1.061100E+01
4.595410E+02 1.986428E+00 1.060900E+01
4.605400E+02 1.986711E+00 1.060700E+01
4.615390E+02 1.986991E+00 1.060500E+01
4.625380E+02 1.987270E+00 1.060300E+01
4.635370E+02 1.987547E+00 1.060000E+01
4.645360E+02 1.987822E+00 1.059800E+01
4.655350E+02 1.988096E+00 1.059600E+01
4.665340E+02 1.988367E+00 1.059400E+01
4.675330E+02 1.988637E+00 1.059200E+01
4.685320E+02 1.988905E+00 1.059000E+01
4.695310E+02 1.989171E+00 1.058800E+01
4.705300E+02 1.989436E+00 1.058600E+01
4.715290E+02 1.989699E+00 1.058300E+01
4.725280E+02 1.989960E+00 1.058100E+01
4.735270E+02 1.990220E+00 1.057900E+01
4.745260E+02 1.990478E+00 1.057700E+01
4.755250E+02 1.990734E+00 1.057500E+01
4.765240E+02 1.990988E+00 1.057300E+01
4.775230E+02 1.991241E+00 1.057100E+01
4.785220E+02 1.991492E+00 1.056900E+01
4.795210E+02 1.991742E+00 1.056700E+01
4.805200E+02 1.991990E+00 1.056500E+01
4.815190E+02 1.992236E+00 1.056300E+01
4.825180E+02 1.992481E+00 1.056000E+01
4.835170E+02 1.992724E+00 1.055800E+01
4.845160E+02 1.992965E+00 1.055600E+01
4.855150E+02 1.993205E+00 1.055400E+01
4.865140E+02 1.993443E+00 1.055200E+01
4.875130E+02 1.993680E+00 1.055000E+01
4.885120E+02 1.993915E+00 1.054800E+01
4.895110E+02 1.994149E+00 1.054600E+01
4.905100E+02 1.994381E+00 1.054400E+01
4.915090E+02 1.994612E+00 1.054200E+01
4.925080E+02 1.994841E+00 1.054000E+01
4.935070E+02 1.995069E+00 1.053800E+01
4.945060E+02 1.995295E+00 1.053600E+01
4.955050E+02 1.995519E+00 1.053400E+01
4.965040E+02 1.995742E+00 1.053200E+01
4.975030E+02 1.995964E+00 1.053000E+01
4.985020E+02 1.996184E+00 1.052800E+01
4.995010E+02 1.996403E+00 1.052600E+01
5.005000E+02 1.996620E+00 1.052400E+01
5.014990E+02 1.996836E+00 1.052200E+01
5.024980E+02 1.997050E+00 1.052000E+01
5.034970E+02 1.997263E+00 1.051800E+01
5.044960E+02 1.997475E+00 1.051600E+01
5.054950E+02 1.997685E+00 1.051400E+01
5.064940E+02 1.997894E+00 1.051200E+01
5.074930E+02 1.998101E+00 1.051000E+01
5.084920E+02 1.998307E+00 1.050800E+01
5.094910E+02 1.998512E+00 1.050600E+01
5.104900E+02 1.998715E+00 1.050400E+01
5.114890E+02 1.998917E+00 1.050200E+01
5.124880E+02 1.999117E+00 1.050000E+01
5.134870E+02 1.999317E+00 1.049800E+01
5.144860E+02 1.999514E+00 1.049600E+01
5.154850E+02 1.999711E+00 1.049400E+01
5.164840E+02 1.999906E+00 1.049200E+01
5.174830E+02 2.000100E+00 1.049000E+01
5.184820E+02 2.000293E+00 1.048800E+01
5.194810E+02 2.000484E+00 1.048600E+01
5.204800E+02 2.000674E+00 1.048400E+01
5.214790E+02 2.000862E+00 1.048200E+01
5.224780E+02 2.001050E+00 1.048000E+01
5.234770E+02 2.001236E+00 1.047800E+01
5.244760E+02 2.001421E+00 1.047700E+01
5.254750E+02 2.001604E+00 1.047500E+01
5.264740E+02 2.001787E+00 1.047300E+01
5.274730E+02 2.001968E+00 1.047100E+01
5.284720E+02 2.002148E+00 1.046900E+01
5.294710E+02 2.002326E+00 1.046700E+01
5.304700E+02 2.002504E+00 1.046500E+01
5.314690E+02 2.002680E+00 1.046300E+01
5.324680E+02 2.002855E+00 1.046100E+01
5.334670E+02 2.003028E+00 1.045900E+01
5.344660E+02 2.003201E+00 1.045700E+01
5.354650E+02 2.003372E+00 1.045500E+01
5.364640E+02 2.003543E+00 1.045400E+01
5.374630E+02 2.003712E+00 1.045200E+01
5.384620E+02 2.003879E+00 1.045000E+01
5.394610E+02 2.004046E+00 1.044800E+01
5.404600E+02 2.004212E+00 1.044600E+01
5.414590E+02 2.004376E+00 1.044400E+01
5.424580E+02 2.004539E+00 1.044200E+01
5.434570E+02 2.004701E+00 1.044000E+01
5.444560E+02 2.004862E+00 1.043800E+01
5.454550E+02 2.005022E+00 1.043700E+01
5.464540E+02 2.005181E+00 1.043500E+01
5.474530E+02 2.005338E+00 1.043300E+01
5.484520E+02 2.005495E+00 1.043100E+01
5.494510E+02 2.005650E+00 1.042900E+01
5.504500E+02 2.005804E+00 1.042700E+01
5.514490E+02 2.005958E+00 1.042500E+01
5.524480E+02 2.006110E+00 1.042400E+01
5.534470E+02 2.006261E+00 1.042200E+01
5.544460E+02 2.006410E+00 1.042000E+01
5.554450E+02 2.006559E+00 1.041800E+01
5.564440E+02 2.006707E+00 1.041600E+01
5.574430E+02 2.006854E+00 1.041400E+01
5.584420E+02 2.007000E+00 1.041300E+01
5.594410E+02 2.007144E+00 1.041100E+01
5.604400E+02 2.007288E+00 1.040900E+01
5.614390E+02 2.007430E+00 1.040700E+01
5.624380E+02 2.007572E+00 1.040500E+01
5.634370E+02 2.007712E+00 1.040300E+01
5.644360E+02 2.007852E+00 1.040200E+01
5.654350E+02 2.007990E+00 1.040000E+01
5.664340E+02 2.008128E+00 1.039800E+01
5.674330E+02 2.008264E+00 1.039600E+01
5.684320E+02 2.008400E+00 1.039400E+01
5.694310E+02 2.008534E+00 1.039300E+01
5.704300E+02 2.008668E+00 1.039100E+01
5.714290E+02 2.008800E+00 1.038900E+01
5.724280E+02 2.008932E+00 1.038700E+01
5.734270E+02 2.009062E+00 1.038500E+01
5.744260E+02 2.009192E+00 1.038400E+01
5.754250E+02 2.009320E+00 1.038200E+01
5.764240E+02 2.009448E+00 1.038000E+01
5.774230E+02 2.009575E+00 1.037800E+01
5.784220E+02 2.009701E+00 1.037600E+01
5.794210E+02 2.009825E+00 1.037500E+01
5.804200E+02 2.009949E+00 1.037300E+01
5.814190E+02 2.010072E+00 1.037100E+01
5.824180E+02 2.010194E+00 1.036900E+01
5.834170E+02 2.010315E+00 1.036800E+01
5.844160E+02 2.010436E+00 1.036600E+01
5.854150E+02 2.010555E+00 1.036400E+01
5.864140E+02 2.010673E+00 1.036200E+01
5.874130E+02 2.010791E+00 1.036000E+01
5.884120E+02 2.010907E+00 1.035900E+01
5.894110E+02 2.011023E+00 1.035700E+01
5.904100E+02 2.011138E+00 1.035500E+01
5.914090E+02 2.011252E+00 1.035300E+01
5.924080E+02 2.011365E+00 1.035200E+01
5.934070E+02 2.011477E+00 1.035000E+01
5.944060E+02 2.011588E+00 1.034800E+01
5.954050E+02 2.011698E+00 1.034600E+01
5.964040E+02 2.011808E+00 1.034500E+01
5.974030E+02 2.011917E+00 1.034300E+01
5.984020E+02 2.012024E+00 1.034100E+01
5.994010E+02 2.012131E+00 1.034000E+01
6.004000E+02 2.012238E+00 1.033800E+01
6.013990E+02 2.012343E+00 1.033600E+01
6.023980E+02 2.012447E+00 1.033400E+01
6.033970E+02 2.012551E+00 1.033300E+01
6.043960E+02 2.012654E+00 1.033100E+01
6.053950E+02 2.012756E+00 1.032900E+01
6.063940E+02 2.012857E+00 1.032800E+01
6.073930E+02 2.012957E+00 1.032600E+01
6.083920E+02 2.013057E+00 1.032400E+01
6.093910E+02 2.013155E+00 1.032200E+01
6.103900E+02 2.013253E+00 1.032100E+01
6.113890E+02 2.013350E+00 1.031900E+01
6.123880E+02 2.013447E+00 1.031700E+01
6.133870E+02 2.013542E+00 1.031600E+01
6.143860E+02 2.013637E+00 1.031400E+01
6.153850E+02 2.013731E+00 1.031200E+01
6.163840E+02 2.013824E+00 1.031100E+01
6.173830E+02 2.013916E+00 1.030900E+01
6.183820E+02 2.014008E+00 1.030700E+01
6.193810E+02 2.014099E+00 1.030600E+01
6.203800E+02 2.014189E+00 1.030400E+01
6.213790E+02 2.014278E+00 1.030200E+01
6.223780E+02 2.014367E+00 1.030100E+01
6.233770E+02 2.014455E+00 1.029900E+01
6.243760E+02 2.014542E+00 1.029700E+01
6.253750E+02 2.014628E+00 1.029600E+01
6.263740E+02 2.014714E+00 1.029400E+01
6.273730E+02 2.014799E+00 1.029200E+01
6.283720E+02 2.014883E+00 1.029100E+01
6.293710E+02 2.014966E+00 1.028900E+01
6.303700E+02 2.015049E+00 1.028700E+01
6.313690E+02 2.015131E+00 1.028600E+01
6.323680E+02 2.015212E+00 1.028400E+01
6.333670E+02 2.015292E+00 1.028200E+01
6.343660E+02 2.015372E+00 1.028100E+01
6.353650E+02 2.015451E+00 1.027900E+01
6.363640E+02 2.015530E+00 1.027700E+01
6.373630E+02 2.015607E+00 1.027600E+01
6.383620E+02 2.015684E+00 1.027400E+01
6.393610E+02 2.015761E+00 1.027200E+01
6.403600E+02 2.015836E+00 1.027100E+01
6.413590E+02 2.015911E+00 1.026900E+01
6.423580E+02 2.015985E+00 1.026800E+01
6.433570E+02 2.016059E+00 1.026600E+01
6.443560E+02 2.016132E+00 1.026400E+01
6.453550E+02 2.016204E+00 1.026300E+01
6.463540E+02 2.016275E+00 1.026100E+01
6.473530E+02 2.016346E+00 1.025900E+01
6.483520E+02 2.016416E+00 1.025800E+01
6.493510E+02 2.016486E+00 1.025600E+01
6.503500E+02 2.016555E+00 1.025500E+01
6.513490E+02 2.016623E+00 1.025300E+01
6.523480E+02 2.016690E+00 1.025100E+01
6.533470E+02 2.016757E+00 1.025000E+01
6.543460E+02 2.016823E+00 1.024800E+01
6.553450E+02 2.016889E+00 1.024700E+01
6.563440E+02 2.016954E+00 1.024500E+01
6.573430E+02 2.017018E+00 1.024300E+01
6.583420E+02 2.017082E+00 1.024200E+01
6.593410E+02 2.017145E+00 1.024000E+01
6.603400E+02 2.017207E+00 1.023900E+01
6.613390E+02 2.017269E+00 1.023700E+01
6.623380E+02 2.017330E+00 1.023500E+01
6.633370E+02 2.017391E+00 1.023400E+01
6.643360E+02 2.017451E+00 1.023200E+01
6.653350E+02 2.017510E+00 1.023100E+01
6.663340E+02 2.017569E+00 1.022900E+01
6.673330E+02 2.017627E+00 1.022800E+01
6.683320E+02 2.017685E+00 1.022600E+01
6.693310E+02 2.017741E+00 1.022400E+01
6.703300E+02 2.017798E+00 1.022300E+01
6.713290E+02 2.017853E+00 1.022100E+01
6.723280E+02 2.017909E+00 1.022000E+01
6.733270E+02 2.017963E+00 1.021800E+01
6.743260E+02 2.018017E+00 1.021700E+01
6.753250E+02 2.018070E+00 1.021500E+01
6.763240E+02 2.018123E+00 1.021400E+01
6.773230E+02 2.018175E+00 1.021200E+01
6.783220E+02 2.018227E+00 1.021000E+01
6.793210E+02 2.018278E+00 1.020900E+01
6.803200E+02 2.018329E+00 1.020700E+01
6.813190E+02 2.018378E+00 1.020600E+01
6.823180E+02 2.018428E+00 1.020400E+01
6.833170E+02 2.018477E+00 1.020300E+01
6.843160E+02 2.018525E+00 1.020100E+01
6.853150E+02 2.018572E+00 1.020000E+01
6.863140E+02 2.018620E+00 1.019800E+01
6.873130E+02 2.018666E+00 1.019700E+01
6.883120E+02 2.018712E+00 1.019500E+01
6.893110E+02 2.018758E+00 1.019400E+01
6.903100E+02 2.018803E+00 1.019200E+01
6.913090E+02 2.018847E+00 1.019100E+01
6.923080E+02 2.018891E+00 1.018900E+01
6.933070E+02 2.018934E+00 1.018700E+01
6.943060E+02 2.018977E+00 1.018600E+01
6.953050E+02 2.019019E+00 1.018400E+01
6.963040E+02 2.019061E+00 1.018300E+01
6.973030E+02 2.019102E+00 1.018100E+01
6.983020E+02 2.019143E+00 1.018000E+01
6.993010E+02 2.019183E+00 1.017800E+01
7.003000E+02 2.019222E+00 1.017700E+01
7.012990E+02 2.019261E+00 1.017500E+01
7.022980E+02 2.019300E+00 1.017400E+01
7.032970E+02 2.019338E+00 1.017200E+01
7.042960E+02 2.019376E+00 1.017100E+01
7.052950E+02 2.019413E+00 1.016900E+01
7.062940E+02 2.019449E+00 1.016800E+01
7.072930E+02 2.019485E+00 1.016600E+01
7.082920E+02 2.019521E+00 1.016500E+01
7.092910E+02 2.019556E+00 1.016300E+01
7.102900E+02 2.019590E+00 1.016200E+01
7.112890E+02 2.019624E+00 1.016000E+01
7.122880E+02 2.019658E+00 1.015900E+01
7.132870E+02 2.019691E+00 1.015800E+01
7.142860E+02 2.019724E+00 1.015600E+01
7.152850E+02 2.019756E+00 1.015500E+01
7.162840E+02 2.019787E+00 1.015300E+01
7.172830E+02 2.019819E+00 1.015200E+01
7.182820E+02 2.019849E+00 1.015000E+01
7.192810E+02 2.019879E+00 1.014900E+01
7.202800E+02 2.019909E+00 1.014700E+01
7.212790E+02 2.019938E+00 1.014600E+01
7.222780E+02 2.019967E+00 1.014400E+01
7.232770E+02 2.019995E+00 1.014300E+01
7.242760E+02 2.020023E+00 1.014100E+01
7.252750E+02 2.020051E+00 1.014000E+01
7.262740E+02 2.020078E+00 1.013800E+01
7.272730E+02 2.020104E+00 1.013700E+01
7.282720E+02 2.020130E+00 1.013600E+01
7.292710E+02 2.020156E+00 1.013400E+01
7.302700E+02 2.020181E+00 1.013300E+01
7.312690E+02 2.020205E+00 1.013100E+01
7.322680E+02 2.020230E+00 1.013000E+01
7.332670E+02 2.020253E+00 1.012800E+01
7.342660E+02 2.020277E+00 1.012700E+01
7.352650E+02 2.020300E+00 1.012500E+01
7.362640E+02 2.020322E+00 1.012400E+01
7.372630E+02 2.020344E+00 1.012300E+01
7.382620E+02 2.020366E+00 1.012100E+01
7.392610E+02 2.020387E+00 1.012000E+01
7.402600E+02 2.020407E+00 1.011800E+01
7.412590E+02 2.020428E+00 1.011700E+01
7.422580E+02 2.020448E+00 1.011500E+01
7.432570E+02 2.020467E+00 1.011400E+01
7.442560E+02 2.020486E+00 1.011300E+01
7.452550E+02 2.020504E+00 1.011100E+01
7.462540E+02 2.020523E+00 1.011000E+01
7.472530E+02 2.020540E+00 1.010800E+01
7.482520E+02 2.020558E+00 1.010700E+01
7.492510E+02 2.020575E+00 1.010600E+01
7.502500E+02 2.020591E+00 1.010400E+01
7.512490E+02 2.020607E+00 1.010300E+01
7.522480E+02 2.020623E+00 1.010100E+01
7.532470E+02 2.020638E+00 1.010000E+01
7.542460E+02 2.020653E+00 1.009800E+01
7.552450E+02 2.020667E+00 1.009700E+01
7.562440E+02 2.020681E+00 1.009600E+01
7.572430E+02 2.020695E+00 1.009400E+01
7.582420E+02 2.020708E+00 1.009300E+01
7.592410E+02 2.020721E+00 1.009100E+01
7.602400E+02 2.020734E+00 1.009000E+01
7.612390E+02 2.020746E+00 1.008900E+01
7.622380E+02 2.020757E+00 1.008700E+01
7.632370E+02 2.020769E+00 1.008600E+01
7.642360E+02 2.020779E+00 1.008500E+01
7.652350E+02 2.020790E+00 1.008300E+01
7.662340E+02 2.020800E+00 1.008200E+01
7.672330E+02 2.020810E+00 1.008000E+01
7.682320E+02 2.020819E+00 1.007900E+01
7.692310E+02 2.020828E+00 1.007800E+01
7.702300E+02 2.020837E+00 1.007600E+01
7.712290E+02 2.020845E+00 1.007500E+01
7.722280E+02 2.020853E+00 1.007300E+01
7.732270E+02 2.020860E+00 1.007200E+01
7.742260E+02 2.020867E+00 1.007100E+01
7.752250E+02 2.020874E+00 1.006900E+01
7.762240E+02 2.020881E+00 1.006800E+01
7.772230E+02 2.020887E+00 1.006700E+01
7.782220E+02 2.020892E+00 1.006500E+01
7.792210E+02 2.020898E+00 1.006400E+01
7.802200E+02 2.020902E+00 1.006300E+01
7.812190E+02 2.020907E+00 1.006100E+01
7.822180E+02 2.020911E+00 1.006000E+01
7.832170E+02 2.020915E+00 1.005800E+01
7.842160E+02 2.020919E+00 1.005700E+01
7.852150E+02 2.020922E+00 1.005600E+01
7.862140E+02 2.020925E+00 1.005400E+01
7.872130E+02 2.020927E+00 1.005300E+01
7.882120E+02 2.020929E+00 1.005200E+01
7.892110E+02 2.020931E+00 1.005000E+01
7.902100E+02 2.020932E+00 1.004900E+01
7.912090E+02 2.020933E+00 1.004800E+01
7.922080E+02 2.020934E+00 1.004600E+01
7.932070E+02 2.020934E+00 1.004500E+01
7.942060E+02 2.020934E+00 1.004400E+01
7.952050E+02 2.020934E+00 1.004200E+01
7.962040E+02 2.020933E+00 1.004100E+01
7.972030E+02 2.020932E+00 1.004000E+01
7.982020E+02 2.020931E+00 1.003800E+01
7.992010E+02 2.020930E+00 1.003700E+01
8.002000E+02 2.020928E+00 1.003600E+01
8.011990E+02 2.020925E+00 1.003400E+01
8.021980E+02 2.020923E+00 1.003300E+01
8.031970E+02 2.020920E+00 1.003200E+01
8.041960E+02 2.020916E+00 1.003000E+01
8.051950E+02 2.020913E+00 1.002900E+01
8.061940E+02 2.020909E+00 1.002800E+01
8.071930E+02 2.020905E+00 1.002600E+01
8.081920E+02 2.020900E+00 1.002500E+01
8.091910E+02 2.020895E+00 1.002400E+01
8.101900E+02 2.020890E+00 1.002200E+01
8.111890E+02 2.020885E+00 1.002100E+01
8.121880E+02 2.020879E+00 1.002000E+01
8.131870E+02 2.020873E+00 1.001900E+01
8.141860E+02 2.020866E+00 1.001700E+01
8.151850E+02 2.020859E+00 1.001600E+01
8.161840E+02 2.020852E+00 1.001500E+01
8.171830E+02 2.020845E+00 1.001300E+01
8.181820E+02 2.020837E+00 1.001200E+01
8.191810E+02 2.020829E+00 1.001100E+01
8.201800E+02 2.020821E+00 1.000900E+01
8.211790E+02 2.020812E+00 1.000800E+01
8.221780E+02 2.020804E+00 1.000700E+01
8.231770E+02 2.020794E+00 1.000600E+01
8.241760E+02 2.020785E+00 1.000400E+01
8.251750E+02 2.020775E+00 1.000300E+01
8.261740E+02 2.020765E+00 1.000200E+01
8.271730E+02 2.020755E+00 1.000000E+01
8.281720E+02 2.020744E+00 9.999000E+00
8.291710E+02 2.020733E+00 9.998000E+00
8.301700E+02 2.020722E+00 9.997000E+00
8.311690E+02 2.020710E+00 9.995000E+00
8.321680E+02 2.020699E+00 9.994000E+00
8.331670E+02 2.020686E+00 9.993000E+00
8.341660E+02 2.020674E+00 9.991000E+00
8.351650E+02 2.020661E+00 9.990000E+00
8.361640E+02 2.020648E+00 9.989000E+00
8.371630E+02 2.020635E+00 9.988000E+00
8.381620E+02 2.020622E+00 9.986000E+00
8.391610E+02 2.020608E+00 9.985000E+00
8.401600E+02 2.020594E+00 9.984000E+00
8.411590E+02 2.020580E+00 9.982000E+00
8.421580E+02 2.020565E+00 9.981000E+00
8.431570E+02 2.020550E+00 9.980000E+00
8.441560E+02 2.020535E+00 9.979000E+00
8.451550E+02 2.020519E+00 9.977000E+00
8.461540E+02 2.020504E+00 9.976000E+00
8.471530E+02 2.020488E+00 9.975000E+00
8.481520E+02 2.020472E+00 9.974000E+00
8.491510E+02 2.020455E+00 9.972000E+00
8.501500E+02 2.020438E+00 9.971000E+00
8.511490E+02 2.020421E+00 9.970000E+00
8.521480E+02 2.020404E+00 9.969000E+00
8.531470E+02 2.020386E+00 9.967000E+00
8.541460E+02 2.020368E+00 9.966000E+00
8.551450E+02 2.020350E+00 9.965000E+00
8.561440E+02 2.020332E+00 9.964000E+00
8.571430E+02 2.020313E+00 9.962000E+00
8.581420E+02 2.020295E+00 9.961000E+00
8.591410E+02 2.020275E+00 9.960000E+00
8.601400E+02 2.020256E+00 9.959000E+00
8.611390E+02 2.020236E+00 9.957000E+00
8.621380E+02 2.020217E+00 9.956000E+00
8.631370E+02 2.020196E+00 9.955000E+00
8.641360E+02 2.020176E+00 9.954000E+00
8.651350E+02 2.020155E+00 9.953000E+00
8.661340E+02 2.020135E+00 9.951000E+00
8.671330E+02 2.020113E+00 9.950000E+00
8.681320E+02 2.020092E+00 9.949000E+00
8.691310E+02 2.020070E+00 9.948000E+00
8.701300E+02 2.020049E+00 9.946000E+00
8.711290E+02 2.020026E+00 9.945000E+00
8.721280E+02 2.020004E+00 9.944000E+00
8.731270E+02 2.019982E+00 9.943000E+00
8.741260E+02 2.019959E+00 9.941000E+00
8.751250E+02 2.019936E+00 9.940000E+00
8.761240E+02 2.019912E+00 9.939000E+00
8.771230E+02 2.019889E+00 9.938000E+00
8.781220E+02 2.019865E+00 9.937000E+00
8.791210E+02 2.019841E+00 9.935000E+00
8.801200E+02 2.019817E+00 9.934000E+00
8.811190E+02 2.019792E+00 9.933000E+00
8.821180E+02 2.019768E+00 9.932000E+00
8.831170E+02 2.019743E+00 9.931000E+00
8.841160E+02 2.019717E+00 9.929000E+00
8.851150E+02 2.019692E+00 9.928000E+00
8.861140E+02 2.019666E+00 9.927000E+00
8.871130E+02 2.019641E+00 9.926000E+00
8.881120E+02 2.019615E+00 9.925000E+00
8.891110E+02 2.019588E+00 9.923000E+00
8.901100E+02 2.019562E+00 9.922000E+00
8.911090E+02 2.019535E+00 9.921000E+00
8.921080E+02 2.019508E+00 9.920000E+00
8.931070E+02 2.019481E+00 9.919000E+00
8.941060E+02 2.019453E+00 9.917000E+00
8.951050E+02 2.019426E+00 9.916000E+00
8.961040E+02 2.019398E+00 9.915000E+00
8.971030E+02 2.019370E+00 9.914000E+00
8.981020E+02 2.019341E+00 9.913000E+00
8.991010E+02 2.019313E+00 9.911000E+00
9.001000E+02 2.019284E+00 9.910000E+00
9.010990E+02 2.019255E+00 9.909000E+00
9.020980E+02 2.019226E+00 9.908000E+00
9.030970E+02 2.019197E+00 9.907000E+00
9.040960E+02 2.019167E+00 9.905000E+00
9.050950E+02 2.019137E+00 9.904000E+00
9.060940E+02 2.019107E+00 9.903000E+00
9.070930E+02 2.019077E+00 9.902000E+00
9.080920E+02 2.019047E+00 9.901000E+00
9.090910E+02 2.019016E+00 9.900000E+00
9.100900E+02 2.018985E+00 9.898000E+00
9.110890E+02 2.018954E+00 9.897000E+00
9.120880E+02 2.018923E+00 9.896000E+00
9.130870E+02 2.018892E+00 9.895000E+00
9.140860E+02 2.018860E+00 9.894000E+00
9.150850E+02 2.018828E+00 9.893000E+00
9.160840E+02 2.018796E+00 9.891000E+00
9.170830E+02 2.018764E+00 9.890000E+00
9.180820E+02 2.018732E+00 9.889000E+00
9.190810E+02 2.018699E+00 9.888000E+00
9.200800E+02 2.018666E+00 9.887000E+00
9.210790E+02 2.018633E+00 9.886000E+00
9.220780E+02 2.018600E+00 9.884000E+00
9.230770E+02 2.018566E+00 9.883000E+00
9.240760E+02 2.018533E+00 9.882000E+00
9.250750E+02 2.018499E+00 9.881000E+00
9.260740E+02 2.018465E+00 9.880000E+00
9.270730E+02 2.018431E+00 9.879000E+00
9.280720E+02 2.018396E+00 9.878000E+00
9.290710E+02 2.018362E+00 9.876000E+00
9.300700E+02 2.018327E+00 9.875000E+00
9.310690E+02 2.018292E+00 9.874000E+00
9.320680E+02 2.018257E+00 9.873000E+00
9.330670E+02 2.018222E+00 9.872000E+00
9.340660E+02 2.018186E+00 9.871000E+00
9.350650E+02 2.018150E+00 9.869000E+00
9.360640E+02 2.018115E+00 9.868000E+00
9.370630E+02 2.018078E+00 9.867000E+00
9.380620E+02 2.018042E+00 9.866000E+00
9.390610E+02 2.018006E+00 9.865000E+00
9.400600E+02 2.017969E+00 9.864000E+00
9.410590E+02 2.017932E+00 9.863000E+00
9.420580E+02 2.017895E+00 9.862000E+00
9.430570E+02 2.017858E+00 9.860000E+00
9.440560E+02 2.017821E+00 9.859000E+00
9.450550E+02 2.017783E+00 9.858000E+00
9.460540E+02 2.017746E+00 9.857000E+00
9.470530E+02 2.017708E+00 9.856000E+00
9.480520E+02 2.017670E+00 9.855000E+00
9.490510E+02 2.017632E+00 9.854000E+00
9.500500E+02 2.017593E+00 9.853000E+00
9.510490E+02 2.017555E+00 9.851000E+00
9.520480E+02 2.017516E+00 9.850000E+00
9.530470E+02 2.017477E+00 9.849000E+00
9.540460E+02 2.017438E+00 9.848000E+00
9.550450E+02 2.017399E+00 9.847000E+00
9.560440E+02 2.017359E+00 9.846000E+00
9.570430E+02 2.017320E+00 9.845000E+00
9.580420E+02 2.017280E+00 9.844000E+00
9.590410E+02 2.017240E+00 9.842000E+00
9.600400E+02 2.017200E+00 9.841000E+00
9.610390E+02 2.017160E+00 9.840000E+00
9.620380E+02 2.017119E+00 9.839000E+00
9.630370E+02 2.017079E+00 9.838000E+00
9.640360E+02 2.017038E+00 9.837000E+00
9.650350E+02 2.016997E+00 9.836000E+00
9.660340E+02 2.016956E+00 9.835000E+00
9.670330E+02 2.016915E+00 9.834000E+00
9.680320E+02 2.016873E+00 9.832000E+00
9.690310E+02 2.016832E+00 9.831000E+00
9.700300E+02 2.016790E+00 9.830000E+00
9.710290E+02 2.016748E+00 9.829000E+00
9.720280E+02 2.016706E+00 9.828000E+00
9.730270E+02 2.016664E+00 9.827000E+00
9.740260E+02 2.016622E+00 9.826000E+00
9.750250E+02 2.016579E+00 9.825000E+00
9.760240E+02 2.016536E+00 9.824000E+00
9.770230E+02 2.016494E+00 9.823000E+00
9.780220E+02 2.016451E+00 9.821000E+00
9.790210E+02 2.016407E+00 9.820000E+00
9.800200E+02 2.016364E+00 9.819000E+00
9.810190E+02 2.016321E+00 9.818000E+00
9.820180E+02 2.016277E+00 9.817000E+00
9.830170E+02 2.016233E+00 9.816000E+00
9.840160E+02 2.016189E+00 9.815000E+00
9.850150E+02 2.016145E+00 9.814000E+00
9.860140E+02 2.016101E+00 9.813000E+00
9.870130E+02 2.016057E+00 9.812000E+00
9.880120E+02 2.016012E+00 9.811000E+00
9.890110E+02 2.015968E+00 9.810000E+00
9.900100E+02 2.015923E+00 9.808000E+00
9.910090E+02 2.015878E+00 9.807000E+00
9.920080E+02 2.015833E+00 9.806000E+00
9.930070E+02 2.015788E+00 9.805000E+00
9.940060E+02 2.015742E+00 9.804000E+00
9.950050E+02 2.015697E+00 9.803000E+00
9.960040E+02 2.015651E+00 9.802000E+00
9.970030E+02 2.015605E+00 9.801000E+00
9.980020E+02 2.015559E+00 9.800000E+00
9.990010E+02 2.015513E+00 9.799000E+00
