1.000000E+00 1.021608E-01 3.230000E+01
1.999000E+00 1.575924E-01 1.717900E+01
2.998000E+00 2.081112E-01 1.455900E+01
3.997000E+00 2.542686E-01 1.353200E+01
4.996000E+00 2.969223E-01 1.300600E+01
5.995000E+00 3.366899E-01 1.269800E+01
6.994000E+00 3.740181E-01 1.250100E+01
7.993000E+00 4.092420E-01 1.236800E+01
8.992000E+00 4.426215E-01 1.227500E+01
9.991000E+00 4.743636E-01 1.220800E+01
1.099000E+01 5.046370E-01 1.215900E+01
1.198900E+01 5.335819E-01 1.212200E+01
1.298800E+01 5.613168E-01 1.209300E+01
1.398700E+01 5.879425E-01 1.207200E+01
1.498600E+01 6.135463E-01 1.205500E+01
1.598500E+01 6.382042E-01 1.204100E+01
1.698400E+01 6.619835E-01 1.203100E+01
1.798300E+01 6.849435E-01 1.202200E+01
1.898200E+01 7.071371E-01 1.201600E+01
1.998100E+01 7.286117E-01 1.201000E+01
2.098000E+01 7.494103E-01 1.200600E+01
2.197900E+01 7.695714E-01 1.200200E+01
2.297800E+01 7.891305E-01 1.199900E+01
2.397700E+01 8.081197E-01 1.199600E+01
2.497600E+01 8.265684E-01 1.199400E+01
2.597500E+01 8.445041E-01 1.199200E+01
2.697400E+01 8.619515E-01 1.199100E+01
2.797300E+01 8.789339E-01 1.198900E+01
2.897200E+01 8.954726E-01 1.198700E+01
2.997100E+01 9.115877E-01 1.198600E+01
3.097000E+01 9.272977E-01 1.198500E+01
3.196900E+01 9.426198E-01 1.198300E+01
3.296800E+01 9.575704E-01 1.198200E+01
3.396700E+01 9.721644E-01 1.198000E+01
3.496600E+01 9.864162E-01 1.197900E+01
3.596500E+01 1.000339E+00 1.197700E+01
3.696400E+01 1.013946E+00 1.197600E+01
3.796300E+01 1.027248E+00 1.197400E+01
3.896200E+01 1.040257E+00 1.197200E+01
3.996100E+01 1.052983E+00 1.197100E+01
4.096000E+01 1.065436E+00 1.196900E+01
4.195900E+01 1.077627E+00 1.196700E+01
4.295800E+01 1.089563E+00 1.196500E+01
4.395700E+01 1.101253E+00 1.196300E+01
4.495600E+01 1.112706E+00 1.196100E+01
4.595500E+01 1.123929E+00 1.195900E+01
4.695400E+01 1.134929E+00 1.195600E+01
4.795300E+01 1.145714E+00 1.195400E+01
4.895200E+01 1.156291E+00 1.195200E+01
4.995100E+01 1.166664E+00 1.194900E+01
5.095000E+01 1.176841E+00 1.194700E+01
5.194900E+01 1.186828E+00 1.194400E+01
5.294800E+01 1.196630E+00 1.194200E+01
5.394700E+01 1.206252E+00 1.193900E+01
5.494600E+01 1.215700E+00 1.193600E+01
5.594500E+01 1.224978E+00 1.193300E+01
5.694400E+01 1.234091E+00 1.193000E+01
5.794300E+01 1.243043E+00 1.192800E+01
5.894200E+01 1.251840E+00 1.192500E+01
5.994100E+01 1.260484E+00 1.192200E+01
6.094000E+01 1.268981E+00 1.191800E+01
6.193900E+01 1.277333E+00 1.191500E+01
6.293800E+01 1.285546E+00 1.191200E+01
6.393700E+01 1.293621E+00 1.190900E+01
6.493600E+01 1.301563E+00 1.190600E+01
6.593500E+01 1.309375E+00 1.190200E+01
6.693400E+01 1.317061E+00 1.189900E+01
6.793300E+01 1.324622E+00 1.189600E+01
6.893200E+01 1.332063E+00 1.189200E+01
6.993100E+01 1.339386E+00 1.188900E+01
7.093000E+01 1.346594E+00 1.188500E+01
7.192900E+01 1.353689E+00 1.188200E+01
7.292800E+01 1.360675E+00 1.187800E+01
7.392700E+01 1.367553E+00 1.187500E+01
7.492600E+01 1.374327E+00 1.187100E+01
7.592500E+01 1.380998E+00 1.186800E+01
7.692400E+01 1.387569E+00 1.186400E+01
7.792300E+01 1.394042E+00 1.186000E+01
7.892200E+01 1.400419E+00 1.185700E+01
7.992100E+01 1.406702E+00 1.185300E+01
8.092000E+01 1.412893E+00 1.184900E+01
8.191900E+01 1.418995E+00 1.184500E+01
8.291800E+01 1.425009E+00 1.184200E+01
8.391700E+01 1.430936E+00 1.183800E+01
8.491600E+01 1.436780E+00 1.183400E+01
8.591500E+01 1.442540E+00 1.183000E+01
8.691400E+01 1.448220E+00 1.182600E+01
8.791300E+01 1.453821E+00 1.182200E+01
8.891200E+01 1.459344E+00 1.181800E+01
8.991100E+01 1.464791E+00 1.181500E+01
9.091000E+01 1.470163E+00 1.181100E+01
9.190900E+01 1.475463E+00 1.180700E+01
9.290800E+01 1.480690E+00 1.180300E+01
9.390700E+01 1.485847E+00 1.179900E+01
9.490600E+01 1.490935E+00 1.179500E+01
9.590500E+01 1.495956E+00 1.179100E+01
9.690400E+01 1.500910E+00 1.178700E+01
9.790300E+01 1.505799E+00 1.178300E+01
9.890200E+01 1.510624E+00 1.177900E+01
9.990100E+01 1.515387E+00 1.177500E+01
1.009000E+02 1.520087E+00 1.177100E+01
1.018990E+02 1.524728E+00 1.176700E+01
1.028980E+02 1.529309E+00 1.176300E+01
1.038970E+02 1.533831E+00 1.175900E+01
1.048960E+02 1.538297E+00 1.175500E+01
1.058950E+02 1.542706E+00 1.175100E+01
1.068940E+02 1.547060E+00 1.174700E+01
1.078930E+02 1.551359E+00 1.174300E+01
1.088920E+02 1.555606E+00 1.173800E+01
1.098910E+02 1.559799E+00 1.173400E+01
1.108900E+02 1.563942E+00 1.173000E+01
1.118890E+02 1.568034E+00 1.172600E+01
1.128880E+02 1.572076E+00 1.172200E+01
1.138870E+02 1.576069E+00 1.171800E+01
1.148860E+02 1.580014E+00 1.171400E+01
1.158850E+02 1.583912E+00 1.171000E+01
1.168840E+02 1.587763E+00 1.170600E+01
1.178830E+02 1.591568E+00 1.170200E+01
1.188820E+02 1.595329E+00 1.169800E+01
1.198810E+02 1.599045E+00 1.169400E+01
1.208800E+02 1.602718E+00 1.168900E+01
1.218790E+02 1.606347E+00 1.168500E+01
1.228780E+02 1.609935E+00 1.168100E+01
1.238770E+02 1.613482E+00 1.167700E+01
1.248760E+02 1.616987E+00 1.167300E+01
1.258750E+02 1.620452E+00 1.166900E+01
1.268740E+02 1.623878E+00 1.166500E+01
1.278730E+02 1.627265E+00 1.166100E+01
1.288720E+02 1.630614E+00 1.165700E+01
1.298710E+02 1.633925E+00 1.165300E+01
1.308700E+02 1.637198E+00 1.164900E+01
1.318690E+02 1.640436E+00 1.164500E+01
1.328680E+02 1.643637E+00 1.164000E+01
1.338670E+02 1.646803E+00 1.163600E+01
1.348660E+02 1.649934E+00 1.163200E+01
1.358650E+02 1.653030E+00 1.162800E+01
1.368640E+02 1.656093E+00 1.162400E+01
1.378630E+02 1.659122E+00 1.162000E+01
1.388620E+02 1.662118E+00 1.161600E+01
1.398610E+02 1.665082E+00 1.161200E+01
1.408600E+02 1.668015E+00 1.160800E+01
1.418590E+02 1.670915E+00 1.160400E+01
1.428580E+02 1.673785E+00 1.160000E+01
1.438570E+02 1.676624E+00 1.159600E+01
1.448560E+02 1.679433E+00 1.159200E+01
1.458550E+02 1.682213E+00 1.158800E+01
1.468540E+02 1.684963E+00 1.158400E+01
1.478530E+02 1.687684E+00 1.158000E+01
1.488520E+02 1.690377E+00 1.157600E+01
1.498510E+02 1.693042E+00 1.157200E+01
1.508500E+02 1.695680E+00 1.156800E+01
1.518490E+02 1.698290E+00 1.156400E+01
1.528480E+02 1.700873E+00 1.156000E+01
1.538470E+02 1.703430E+00 1.155600E+01
1.548460E+02 1.705961E+00 1.155200E+01
1.558450E+02 1.708466E+00 1.154800E+01
1.568440E+02 1.710946E+00 1.154400E+01
1.578430E+02 1.713401E+00 1.154000E+01
1.588420E+02 1.715831E+00 1.153600E+01
1.598410E+02 1.718236E+00 1.153200E+01
1.608400E+02 1.720618E+00 1.152800E+01
1.618390E+02 1.722976E+00 1.152400E+01
1.628380E+02 1.725310E+00 1.152000E+01
1.638370E+02 1.727622E+00 1.151600E+01
1.648360E+02 1.729911E+00 1.151200E+01
1.658350E+02 1.732177E+00 1.150800E+01
1.668340E+02 1.734421E+00 1.150400E+01
1.678330E+02 1.736643E+00 1.150100E+01
1.688320E+02 1.738844E+00 1.149700E+01
1.698310E+02 1.741023E+00 1.149300E+01
1.708300E+02 1.743182E+00 1.148900E+01
1.718290E+02 1.745320E+00 1.148500E+01
1.728280E+02 1.747437E+00 1.148100E+01
1.738270E+02 1.749534E+00 1.147700E+01
1.748260E+02 1.751611E+00 1.147300E+01
1.758250E+02 1.753668E+00 1.147000E+01
1.768240E+02 1.755706E+00 1.146600E+01
1.778230E+02 1.757725E+00 1.146200E+01
1.788220E+02 1.759725E+00 1.145800E+01
1.798210E+02 1.761706E+00 1.145400E+01
1.808200E+02 1.763669E+00 1.145000E+01
1.818190E+02 1.765613E+00 1.144700E+01
1.828180E+02 1.767539E+00 1.144300E+01
1.838170E+02 1.769448E+00 1.143900E+01
1.848160E+02 1.771339E+00 1.143500E+01
1.858150E+02 1.773213E+00 1.143100E+01
1.868140E+02 1.775069E+00 1.142800E+01
1.878130E+02 1.776909E+00 1.142400E+01
1.888120E+02 1.778732E+00 1.142000E+01
1.898110E+02 1.780539E+00 1.141600E+01
1.908100E+02 1.782329E+00 1.141300E+01
1.918090E+02 1.784103E+00 1.140900E+01
1.928080E+02 1.785861E+00 1.140500E+01
1.938070E+02 1.787604E+00 1.140100E+01
1.948060E+02 1.789331E+00 1.139800E+01
1.958050E+02 1.791042E+00 1.139400E+01
1.968040E+02 1.792739E+00 1.139000E+01
1.978030E+02 1.794420E+00 1.138600E+01
1.988020E+02 1.796087E+00 1.138300E+01
1.998010E+02 1.797739E+00 1.137900E+01
2.008000E+02 1.799377E+00 1.137500E+01
2.017990E+02 1.801000E+00 1.137200E+01
2.027980E+02 1.802610E+00 1.136800E+01
2.037970E+02 1.804205E+00 1.136400E+01
2.047960E+02 1.805786E+00 1.136100E+01
2.057950E+02 1.807354E+00 1.135700E+01
2.067940E+02 1.808909E+00 1.135300E+01
2.077930E+02 1.810450E+00 1.135000E+01
2.087920E+02 1.811978E+00 1.134600E+01
2.097910E+02 1.813493E+00 1.134300E+01
2.107900E+02 1.814995E+00 1.133900E+01
2.117890E+02 1.816485E+00 1.133500E+01
2.127880E+02 1.817962E+00 1.133200E+01
2.137870E+02 1.819426E+00 1.132800E+01
2.147860E+02 1.820879E+00 1.132500E+01
2.157850E+02 1.822319E+00 1.132100E+01
2.167840E+02 1.823747E+00 1.131700E+01
2.177830E+02 1.825163E+00 1.131400E+01
2.187820E+02 1.826568E+00 1.131000E+01
2.197810E+02 1.827960E+00 1.130700E+01
2.207800E+02 1.829342E+00 1.130300E+01
2.217790E+02 1.830712E+00 1.130000E+01
2.227780E+02 1.832071E+00 1.129600E+01
2.237770E+02 1.833419E+00 1.129300E+01
2.247760E+02 1.834755E+00 1.128900E+01
2.257750E+02 1.836081E+00 1.128600E+01
2.267740E+02 1.837396E+00 1.128200E+01
2.277730E+02 1.838701E+00 1.127900E+01
2.287720E+02 1.839995E+00 1.127500E+01
2.297710E+02 1.841278E+00 1.127200E+01
2.307700E+02 1.842552E+00 1.126800E+01
2.317690E+02 1.843815E+00 1.126500E+01
2.327680E+02 1.845068E+00 1.126100E+01
2.337670E+02 1.846312E+00 1.125800E+01
2.347660E+02 1.847546E+00 1.125500E+01
2.357650E+02 1.848770E+00 1.125100E+01
2.367640E+02 1.849985E+00 1.124800E+01
2.377630E+02 1.851190E+00 1.124400E+01
2.387620E+02 1.852386E+00 1.124100E+01
2.397610E+02 1.853573E+00 1.123700E+01
2.407600E+02 1.854751E+00 1.123400E+01
2.417590E+02 1.855920E+00 1.123100E+01
2.427580E+02 1.857080E+00 1.122700E+01
2.437570E+02 1.858231E+00 1.122400E+01
2.447560E+02 1.859373E+00 1.122100E+01
2.457550E+02 1.860506E+00 1.121700E+01
2.467540E+02 1.861631E+00 1.121400E+01
2.477530E+02 1.862748E+00 1.121000E+01
2.487520E+02 1.863856E+00 1.120700E+01
2.497510E+02 1.864956E+00 1.120400E+01
2.507500E+02 1.866047E+00 1.120000E+01
2.517490E+02 1.867131E+00 1.119700E+01
2.527480E+02 1.868206E+00 1.119400E+01
2.537470E+02 1.869273E+00 1.119100E+01
2.547460E+02 1.870332E+00 1.118700E+01
2.557450E+02 1.871384E+00 1.118400E+01
2.567440E+02 1.872427E+00 1.118100E+01
2.577430E+02 1.873463E+00 1.117700E+01
2.587420E+02 1.874492E+00 1.117400E+01
2.597410E+02 1.875512E+00 1.117100E+01
2.607400E+02 1.876525E+00 1.116800E+01
2.617390E+02 1.877531E+00 1.116400E+01
2.627380E+02 1.878529E+00 1.116100E+01
2.637370E+02 1.879520E+00 1.115800E+01
2.647360E+02 1.880504E+00 1.115500E+01
2.657350E+02 1.881481E+00 1.115100E+01
2.667340E+02 1.882450E+00 1.114800E+01
2.677330E+02 1.883413E+00 1.114500E+01
2.687320E+02 1.884368E+00 1.114200E+01
2.697310E+02 1.885317E+00 1.113900E+01
2.707300E+02 1.886259E+00 1.113500E+01
2.717290E+02 1.887194E+00 1.113200E+01
2.727280E+02 1.888122E+00 1.112900E+01
2.737270E+02 1.889043E+00 1.112600E+01
2.747260E+02 1.889958E+00 1.112300E+01
2.757250E+02 1.890867E+00 1.112000E+01
2.767240E+02 1.891768E+00 1.111600E+01
2.777230E+02 1.892664E+00 1.111300E+01
2.787220E+02 1.893553E+00 1.111000E+01
2.797210E+02 1.894435E+00 1.110700E+01
2.807200E+02 1.895312E+00 1.110400E+01
2.817190E+02 1.896182E+00 1.110100E+01
2.827180E+02 1.897046E+00 1.109800E+01
2.837170E+02 1.897904E+00 1.109500E+01
2.847160E+02 1.898756E+00 1.109100E+01
2.857150E+02 1.899602E+00 1.108800E+01
2.867140E+02 1.900441E+00 1.108500E+01
2.877130E+02 1.901275E+00 1.108200E+01
2.887120E+02 1.902103E+00 1.107900E+01
2.897110E+02 1.902926E+00 1.107600E+01
2.907100E+02 1.903742E+00 1.107300E+01
2.917090E+02 1.904553E+00 1.107000E+01
2.927080E+02 1.905358E+00 1.106700E+01
2.937070E+02 1.906157E+00 1.106400E+01
2.947060E+02 1.906951E+00 1.106100E+01
2.957050E+02 1.907740E+00 1.105800E+01
2.967040E+02 1.908523E+00 1.105500E+01
2.977030E+02 1.909300E+00 1.105200E+01
2.987020E+02 1.910072E+00 1.104900E+01
2.997010E+02 1.910839E+00 1.104600E+01
3.007000E+02 1.911600E+00 1.104300E+01
3.016990E+02 1.912357E+00 1.104000E+01
3.026980E+02 1.913108E+00 1.103700E+01
3.036970E+02 1.913853E+00 1.103400E+01
3.046960E+02 1.914594E+00 1.103100E+01
3.056950E+02 1.915330E+00 1.102800E+01
3.066940E+02 1.916060E+00 1.102500E+01
3.076930E+02 1.916786E+00 1.102200E+01
3.086920E+02 1.917506E+00 1.101900E+01
3.096910E+02 1.918222E+00 1.101600E+01
3.106900E+02 1.918933E+00 1.101300E+01
3.116890E+02 1.919638E+00 1.101000E+01
3.126880E+02 1.920339E+00 1.100700E+01
3.136870E+02 1.921036E+00 1.100400E+01
3.146860E+02 1.921727E+00 1.100200E+01
3.156850E+02 1.922414E+00 1.099900E+01
3.166840E+02 1.923096E+00 1.099600E+01
3.176830E+02 1.923774E+00 1.099300E+01
3.186820E+02 1.924447E+00 1.099000E+01
3.196810E+02 1.925115E+00 1.098700E+01
3.206800E+02 1.925779E+00 1.098400E+01
3.216790E+02 1.926439E+00 1.098100E+01
3.226780E+02 1.927094E+00 1.097900E+01
3.236770E+02 1.927744E+00 1.097600E+01
3.246760E+02 1.928391E+00 1.097300E+01
3.256750E+02 1.929032E+00 1.097000E+01
3.266740E+02 1.929670E+00 1.096700E+01
3.276730E+02 1.930303E+00 1.096400E+01
3.286720E+02 1.930932E+00 1.096100E+01
3.296710E+02 1.931557E+00 1.095900E+01
3.306700E+02 1.932178E+00 1.095600E+01
3.316690E+02 1.932794E+00 1.095300E+01
3.326680E+02 1.933406E+00 1.095000E+01
3.336670E+02 1.934015E+00 1.094700E+01
3.346660E+02 1.934619E+00 1.094500E+01
3.356650E+02 1.935219E+00 1.094200E+01
3.366640E+02 1.935815E+00 1.093900E+01
3.376630E+02 1.936408E+00 1.093600E+01
3.386620E+02 1.936996E+00 1.093400E+01
3.396610E+02 1.937580E+00 1.093100E+01
3.406600E+02 1.938161E+00 1.092800E+01
3.416590E+02 1.938737E+00 1.092500E+01
3.426580E+02 1.939310E+00 1.092300E+01
3.436570E+02 1.939879E+00 1.092000E+01
3.446560E+02 1.940445E+00 1.091700E+01
3.456550E+02 1.941006E+00 1.091400E+01
3.466540E+02 1.941564E+00 1.091200E+01
3.476530E+02 1.942118E+00 1.090900E+01
3.486520E+02 1.942669E+00 1.090600E+01
3.496510E+02 1.943216E+00 1.090300E+01
3.506500E+02 1.943759E+00 1.090100E+01
3.516490E+02 1.944299E+00 1.089800E+01
3.526480E+02 1.944835E+00 1.089500E+01
3.536470E+02 1.945368E+00 1.089300E+01
3.546460E+02 1.945897E+00 1.089000E+01
3.556450E+02 1.946422E+00 1.088700E+01
3.566440E+02 1.946945E+00 1.088500E+01
3.576430E+02 1.947463E+00 1.088200E+01
3.586420E+02 1.947979E+00 1.087900E+01
3.596410E+02 1.948491E+00 1.087700E+01
3.606400E+02 1.949000E+00 1.087400E+01
3.616390E+02 1.949505E+00 1.087100E+01
3.626380E+02 1.950007E+00 1.086900E+01
3.636370E+02 1.950506E+00 1.086600E+01
3.646360E+02 1.951001E+00 1.086400E+01
3.656350E+02 1.951494E+00 1.086100E+01
3.666340E+02 1.951983E+00 1.085800E+01
3.676330E+02 1.952469E+00 1.085600E+01
3.686320E+02 1.952951E+00 1.085300E+01
3.696310E+02 1.953431E+00 1.085000E+01
3.706300E+02 1.953908E+00 1.084800E+01
3.716290E+02 1.954381E+00 1.084500E+01
3.726280E+02 1.954851E+00 1.084300E+01
3.736270E+02 1.955319E+00 1.084000E+01
3.746260E+02 1.955783E+00 1.083800E+01
3.756250E+02 1.956244E+00 1.083500E+01
3.766240E+02 1.956702E+00 1.083200E+01
3.776230E+02 1.957158E+00 1.083000E+01
3.786220E+02 1.957610E+00 1.082700E+01
3.796210E+02 1.958059E+00 1.082500E+01
3.806200E+02 1.958506E+00 1.082200E+01
3.816190E+02 1.958949E+00 1.082000E+01
3.826180E+02 1.959390E+00 1.081700E+01
3.836170E+02 1.959828E+00 1.081500E+01
3.846160E+02 1.960263E+00 1.081200E+01
3.856150E+02 1.960695E+00 1.081000E+01
3.866140E+02 1.961125E+00 1.080700E+01
3.876130E+02 1.961551E+00 1.080500E+01
3.886120E+02 1.961975E+00 1.080200E+01
3.896110E+02 1.962396E+00 1.079900E+01
3.906100E+02 1.962815E+00 1.079700E+01
3.916090E+02 1.963231E+00 1.079400E+01
3.926080E+02 1.963644E+00 1.079200E+01
3.936070E+02 1.964054E+00 1.079000E+01
3.946060E+02 1.964462E+00 1.078700E+01
3.956050E+02 1.964867E+00 1.078500E+01
3.966040E+02 1.965269E+00 1.078200E+01
3.976030E+02 1.965669E+00 1.078000E+01
3.986020E+02 1.966067E+00 1.077700E+01
3.996010E+02 1.966462E+00 1.077500E+01
4.006000E+02 1.966854E+00 1.077200E+01
4.015990E+02 1.967244E+00 1.077000E+01
4.025980E+02 1.967631E+00 1.076700E+01
4.035970E+02 1.968016E+00 1.076500E+01
4.045960E+02 1.968398E+00 1.076300E+01
4.055950E+02 1.968778E+00 1.076000E+01
4.065940E+02 1.969155E+00 1.075800E+01
4.075930E+02 1.969530E+00 1.075500E+01
4.085920E+02 1.969903E+00 1.075300E+01
4.095910E+02 1.970273E+00 1.075000E+01
4.105900E+02 1.970640E+00 1.074800E+01
4.115890E+02 1.971006E+00 1.074600E+01
4.125880E+02 1.971369E+00 1.074300E+01
4.135870E+02 1.971730E+00 1.074100E+01
4.145860E+02 1.972088E+00 1.073800E+01
4.155850E+02 1.972444E+00 1.073600E+01
4.165840E+02 1.972798E+00 1.073400E+01
4.175830E+02 1.973150E+00 1.073100E+01
4.185820E+02 1.973499E+00 1.072900E+01
4.195810E+02 1.973846E+00 1.072700E+01
4.205800E+02 1.974191E+00 1.072400E+01
4.215790E+02 1.974533E+00 1.072200E+01
4.225780E+02 1.974874E+00 1.071900E+01
4.235770E+02 1.975212E+00 1.071700E+01
4.245760E+02 1.975548E+00 1.071500E+01
4.255750E+02 1.975882E+00 1.071200E+01
4.265740E+02 1.976213E+00 1.071000E+01
4.275730E+02 1.976543E+00 1.070800E+01
4.285720E+02 1.976871E+00 1.070500E+01
4.295710E+02 1.977196E+00 1.070300E+01
4.305700E+02 1.977519E+00 1.070100E+01
4.315690E+02 1.977840E+00 1.069800E+01
4.325680E+02 1.978160E+00 1.069600E+01
4.335670E+02 1.978477E+00 1.069400E+01
4.345660E+02 1.978792E+00 1.069200E+01
4.355650E+02 1.979105E+00 1.068900E+01
4.365640E+02 1.979416E+00 1.068700E+01
4.375630E+02 1.979725E+00 1.068500E+01
4.385620E+02 1.980032E+00 1.068200E+01
4.395610E+02 1.980337E+00 1.068000E+01
4.405600E+02 1.980640E+00 1.067800E+01
4.415590E+02 1.980941E+00 1.067600E+01
4.425580E+02 1.981240E+00 1.067300E+01
4.435570E+02 1.981537E+00 1.067100E+01
4.445560E+02 1.981833E+00 1.066900E+01
4.455550E+02 1.982126E+00 1.066600E+01
4.465540E+02 1.982418E+00 1.066400E+01
4.475530E+02 1.982707E+00 1.066200E+01
4.485520E+02 1.982995E+00 1.066000E+01
4.495510E+02 1.983281E+00 1.065700E+01
4.505500E+02 1.983565E+00 1.065500E+01
4.515490E+02 1.983847E+00 1.065300E+01
4.525480E+02 1.984128E+00 1.065100E+01
4.535470E+02 1.984406E+00 1.064900E+01
4.545460E+02 1.984683E+00 1.064600E+01
4.555450E+02 1.984958E+00 1.064400E+01
4.565440E+02 1.985231E+00 1.064200E+01
4.575430E+02 1.985503E+00 1.064000E+01
4.585420E+02 1.985772E+00 1.063700E+01
4.595410E+02 1.986040E+00 1.063500E+01
4.605400E+02 1.986307E+00 1.063300E+01
4.615390E+02 1.986571E+00 1.063100E+01
4.625380E+02 1.986834E+00 1.062900E+01
4.635370E+02 1.987095E+00 1.062600E+01
4.645360E+02 1.987354E+00 1.062400E+01
4.655350E+02 1.987612E+00 1.062200E+01
4.665340E+02 1.987868E+00 1.062000E+01
4.675330E+02 1.988122E+00 1.061800E+01
4.685320E+02 1.988375E+00 1.061600E+01
4.695310E+02 1.988626E+00 1.061300E+01
4.705300E+02 1.988875E+00 1.061100E+01
4.715290E+02 1.989123E+00 1.060900E+01
4.725280E+02 1.989369E+00 1.060700E+01
4.735270E+02 1.989614E+00 1.060500E+01
4.745260E+02 1.989857E+00 1.060300E+01
4.755250E+02 1.990098E+00 1.060100E+01
4.765240E+02 1.990338E+00 1.059800E+01
4.775230E+02 1.990576E+00 1.059600E+01
4.785220E+02 1.990813E+00 1.059400E+01
4.795210E+02 1.991048E+00 1.059200E+01
4.805200E+02 1.991281E+00 1.059000E+01
4.815190E+02 1.991513E+00 1.058800E+01
4.825180E+02 1.991744E+00 1.058600E+01
4.835170E+02 1.991973E+00 1.058300E+01
4.845160E+02 1.992200E+00 1.058100E+01
4.855150E+02 1.992426E+00 1.057900E+01
4.865140E+02 1.992650E+00 1.057700E+01
4.875130E+02 1.992873E+00 1.057500E+01
4.885120E+02 1.993095E+00 1.057300E+01
4.895110E+02 1.993315E+00 1.057100E+01
4.905100E+02 1.993534E+00 1.056900E+01
4.915090E+02 1.993751E+00 1.056700E+01
4.925080E+02 1.993966E+00 1.056500E+01
4.935070E+02 1.994181E+00 1.056300E+01
4.945060E+02 1.994393E+00 1.056000E+01
4.955050E+02 1.994605E+00 1.055800E+01
4.965040E+02 1.994815E+00 1.055600E+01
4.975030E+02 1.995024E+00 1.055400E+01
4.985020E+02 1.995231E+00 1.055200E+01
4.995010E+02 1.995437E+00 1.055000E+01
5.005000E+02 1.995641E+00 1.054800E+01
5.014990E+02 1.995844E+00 1.054600E+01
5.024980E+02 1.996046E+00 1.054400E+01
5.034970E+02 1.996246E+00 1.054200E+01
5.044960E+02 1.996445E+00 1.054000E+01
5.054950E+02 1.996643E+00 1.053800E+01
5.064940E+02 1.996840E+00 1.053600E+01
5.074930E+02 1.997035E+00 1.053400E+01
5.084920E+02 1.997228E+00 1.053200E+01
5.094910E+02 1.997421E+00 1.053000E+01
5.104900E+02 1.997612E+00 1.052800E+01
5.114890E+02 1.997802E+00 1.052600E+01
5.124880E+02 1.997990E+00 1.052400E+01
5.134870E+02 1.998178E+00 1.052200E+01
5.144860E+02 1.998364E+00 1.052000E+01
5.154850E+02 1.998548E+00 1.051800E+01
5.164840E+02 1.998732E+00 1.051600E+01
5.174830E+02 1.998914E+00 1.051400E+01
5.184820E+02 1.999095E+00 1.051200E+01
5.194810E+02 1.999275E+00 1.051000E+01
5.204800E+02 1.999454E+00 1.050800E+01
5.214790E+02 1.999631E+00 1.050600E+01
5.224780E+02 1.999807E+00 1.050400E+01
5.234770E+02 1.999982E+00 1.050200E+01
5.244760E+02 2.000156E+00 1.050000E+01
5.254750E+02 2.000328E+00 1.049800E+01
5.264740E+02 2.000499E+00 1.049600E+01
5.274730E+02 2.000670E+00 1.049400E+01
5.284720E+02 2.000839E+00 1.049200E+01
5.294710E+02 2.001006E+00 1.049000E+01
5.304700E+02 2.001173E+00 1.048800E+01
5.314690E+02 2.001338E+00 1.048600E+01
5.324680E+02 2.001503E+00 1.048400E+01
5.334670E+02 2.001666E+00 1.048200E+01
5.344660E+02 2.001828E+00 1.048000E+01
5.354650E+02 2.001989E+00 1.047800E+01
5.364640E+02 2.002149E+00 1.047600E+01
5.374630E+02 2.002307E+00 1.047400E+01
5.384620E+02 2.002465E+00 1.047200E+01
5.394610E+02 2.002621E+00 1.047000E+01
5.404600E+02 2.002777E+00 1.046900E+01
5.414590E+02 2.002931E+00 1.046700E+01
5.424580E+02 2.003084E+00 1.046500E+01
5.434570E+02 2.003236E+00 1.046300E+01
5.444560E+02 2.003387E+00 1.046100E+01
5.454550E+02 2.003537E+00 1.045900E+01
5.464540E+02 2.003686E+00 1.045700E+01
5.474530E+02 2.003834E+00 1.045500E+01
5.484520E+02 2.003981E+00 1.045300E+01
5.494510E+02 2.004126E+00 1.045100E+01
5.504500E+02 2.004271E+00 1.044900E+01
5.514490E+02 2.004415E+00 1.044800E+01
5.524480E+02 2.004557E+00 1.044600E+01
5.534470E+02 2.004699E+00 1.044400E+01
5.544460E+02 2.004839E+00 1.044200E+01
5.554450E+02 2.004979E+00 1.044000E+01
5.564440E+02 2.005117E+00 1.043800E+01
5.574430E+02 2.005255E+00 1.043600E+01
5.584420E+02 2.005391E+00 1.043400E+01
5.594410E+02 2.005527E+00 1.043200E+01
5.604400E+02 2.005661E+00 1.043100E+01
5.614390E+02 2.005795E+00 1.042900E+01
5.624380E+02 2.005928E+00 1.042700E+01
5.634370E+02 2.006059E+00 1.042500E+01
5.644360E+02 2.006190E+00 1.042300E+01
5.654350E+02 2.006319E+00 1.042100E+01
5.664340E+02 2.006448E+00 1.041900E+01
5.674330E+02 2.006576E+00 1.041800E+01
5.684320E+02 2.006703E+00 1.041600E+01
5.694310E+02 2.006829E+00 1.041400E+01
5.704300E+02 2.006954E+00 1.041200E+01
5.714290E+02 2.007078E+00 1.041000E+01
5.724280E+02 2.007201E+00 1.040800E+01
5.734270E+02 2.007323E+00 1.040700E+01
5.744260E+02 2.007444E+00 1.040500E+01
5.754250E+02 2.007564E+00 1.040300E+01
5.764240E+02 2.007684E+00 1.040100E+01
5.774230E+02 2.007802E+00 1.039900E+01
5.784220E+02 2.007920E+00 1.039700E+01
5.794210E+02 2.008037E+00 1.039600E+01
5.804200E+02 2.008152E+00 1.039400E+01
5.814190E+02 2.008267E+00 1.039200E+01
5.824180E+02 2.008381E+00 1.039000E+01
5.834170E+02 2.008495E+00 1.038800E+01
5.844160E+02 2.008607E+00 1.038700E+01
5.854150E+02 2.008718E+00 1.038500E+01
5.864140E+02 2.008829E+00 1.038300E+01
5.874130E+02 2.008939E+00 1.038100E+01
5.884120E+02 2.009048E+00 1.037900E+01
5.894110E+02 2.009156E+00 1.037800E+01
5.904100E+02 2.009263E+00 1.037600E+01
5.914090E+02 2.009369E+00 1.037400E+01
5.924080E+02 2.009475E+00 1.037200E+01
5.934070E+02 2.009579E+00 1.037100E+01
5.944060E+02 2.009683E+00 1.036900E+01
5.954050E+02 2.009786E+00 1.036700E+01
5.964040E+02 2.009888E+00 1.036500E+01
5.974030E+02 2.009990E+00 1.036300E+01
5.984020E+02 2.010090E+00 1.036200E+01
5.994010E+02 2.010190E+00 1.036000E+01
6.004000E+02 2.010289E+00 1.035800E+01
6.013990E+02 2.010387E+00 1.035600E+01
6.023980E+02 2.010484E+00 1.035500E+01
6.033970E+02 2.010581E+00 1.035300E+01
6.043960E+02 2.010677E+00 1.035100E+01
6.053950E+02 2.010772E+00 1.034900E+01
6.063940E+02 2.010866E+00 1.034800E+01
6.073930E+02 2.010959E+00 1.034600E+01
6.083920E+02 2.011052E+00 1.034400E+01
6.093910E+02 2.011144E+00 1.034200E+01
6.103900E+02 2.011235E+00 1.034100E+01
6.113890E+02 2.011325E+00 1.033900E+01
6.123880E+02 2.011415E+00 1.033700E+01
6.133870E+02 2.011504E+00 1.033500E+01
6.143860E+02 2.011592E+00 1.033400E+01
6.153850E+02 2.011679E+00 1.033200E+01
6.163840E+02 2.011766E+00 1.033000E+01
6.173830E+02 2.011852E+00 1.032900E+01
6.183820E+02 2.011937E+00 1.032700E+01
6.193810E+02 2.012022E+00 1.032500E+01
6.203800E+02 2.012105E+00 1.032300E+01
6.213790E+02 2.012188E+00 1.032200E+01
6.223780E+02 2.012271E+00 1.032000E+01
6.233770E+02 2.012352E+00 1.031800E+01
6.243760E+02 2.012433E+00 1.031700E+01
6.253750E+02 2.012513E+00 1.031500E+01
6.263740E+02 2.012593E+00 1.031300E+01
6.273730E+02 2.012671E+00 1.031200E+01
6.283720E+02 2.012749E+00 1.031000E+01
6.293710E+02 2.012827E+00 1.030800E+01
6.303700E+02 2.012903E+00 1.030700E+01
6.313690E+02 2.012979E+00 1.030500E+01
6.323680E+02 2.013055E+00 1.030300E+01
6.333670E+02 2.013129E+00 1.030100E+01
6.343660E+02 2.013203E+00 1.030000E+01
6.353650E+02 2.013276E+00 1.029800E+01
6.363640E+02 2.013349E+00 1.029600E+01
6.373630E+02 2.013421E+00 1.029500E+01
6.383620E+02 2.013492E+00 1.029300E+01
6.393610E+02 2.013563E+00 1.029100E+01
6.403600E+02 2.013633E+00 1.029000E+01
6.413590E+02 2.013702E+00 1.028800E+01
6.423580E+02 2.013770E+00 1.028600E+01
6.433570E+02 2.013838E+00 1.028500E+01
6.443560E+02 2.013906E+00 1.028300E+01
6.453550E+02 2.013972E+00 1.028200E+01
6.463540E+02 2.014038E+00 1.028000E+01
6.473530E+02 2.014104E+00 1.027800E+01
6.483520E+02 2.014169E+00 1.027700E+01
6.493510E+02 2.014233E+00 1.027500E+01
6.503500E+02 2.014296E+00 1.027300E+01
6.513490E+02 2.014359E+00 1.027200E+01
6.523480E+02 2.014421E+00 1.027000E+01
6.533470E+02 2.014483E+00 1.026800E+01
6.543460E+02 2.014544E+00 1.026700E+01
6.553450E+02 2.014605E+00 1.026500E+01
6.563440E+02 2.014664E+00 1.026400E+01
6.573430E+02 2.014724E+00 1.026200E+01
6.583420E+02 2.014782E+00 1.026000E+01
6.593410E+02 2.014840E+00 1.025900E+01
6.603400E+02 2.014898E+00 1.025700E+01
6.613390E+02 2.014954E+00 1.025500E+01
6.623380E+02 2.015011E+00 1.025400E+01
6.633370E+02 2.015066E+00 1.025200E+01
6.643360E+02 2.015121E+00 1.025100E+01
6.653350E+02 2.015176E+00 1.024900E+01
6.663340E+02 2.015230E+00 1.024700E+01
6.673330E+02 2.015283E+00 1.024600E+01
6.683320E+02 2.015336E+00 1.024400E+01
6.693310E+02 2.015388E+00 1.024300E+01
6.703300E+02 2.015440E+00 1.024100E+01
6.713290E+02 2.015491E+00 1.023900E+01
6.723280E+02 2.015541E+00 1.023800E+01
6.733270E+02 2.015591E+00 1.023600E+01
6.743260E+02 2.015640E+00 1.023500E+01
6.753250E+02 2.015689E+00 1.023300E+01
6.763240E+02 2.015737E+00 1.023200E+01
6.773230E+02 2.015785E+00 1.023000E+01
6.783220E+02 2.015832E+00 1.022800E+01
6.793210E+02 2.015879E+00 1.022700E+01
6.803200E+02 2.015925E+00 1.022500E+01
6.813190E+02 2.015971E+00 1.022400E+01
6.823180E+02 2.016016E+00 1.022200E+01
6.833170E+02 2.016060E+00 1.022100E+01
6.843160E+02 2.016104E+00 1.021900E+01
6.853150E+02 2.016147E+00 1.021700E+01
6.863140E+02 2.016190E+00 1.021600E+01
6.873130E+02 2.016232E+00 1.021400E+01
6.883120E+02 2.016274E+00 1.021300E+01
6.893110E+02 2.016316E+00 1.021100E+01
6.903100E+02 2.016356E+00 1.021000E+01
6.913090E+02 2.016397E+00 1.020800E+01
6.923080E+02 2.016436E+00 1.020700E+01
6.933070E+02 2.016476E+00 1.020500E+01
6.943060E+02 2.016514E+00 1.020300E+01
6.953050E+02 2.016553E+00 1.020200E+01
6.963040E+02 2.016590E+00 1.020000E+01
6.973030E+02 2.016628E+00 1.019900E+01
6.983020E+02 2.016664E+00 1.019700E+01
6.993010E+02 2.016700E+00 1.019600E+01
7.003000E+02 2.016736E+00 1.019400E+01
7.012990E+02 2.016771E+00 1.019300E+01
7.022980E+02 2.016806E+00 1.019100E+01
7.032970E+02 2.016840E+00 1.019000E+01
7.042960E+02 2.016874E+00 1.018800E+01
7.052950E+02 2.016908E+00 1.018700E+01
7.062940E+02 2.016940E+00 1.018500E+01
7.072930E+02 2.016973E+00 1.018400E+01
7.082920E+02 2.017005E+00 1.018200E+01
7.092910E+02 2.017036E+00 1.018100E+01
7.102900E+02 2.017067E+00 1.017900E+01
7.112890E+02 2.017097E+00 1.017800E+01
7.122880E+02 2.017127E+00 1.017600E+01
7.132870E+02 2.017157E+00 1.017500E+01
7.142860E+02 2.017186E+00 1.017300E+01
7.152850E+02 2.017215E+00 1.017200E+01
7.162840E+02 2.017243E+00 1.017000E+01
7.172830E+02 2.017270E+00 1.016900E+01
7.182820E+02 2.017298E+00 1.016700E+01
7.192810E+02 2.017324E+00 1.016600E+01
7.202800E+02 2.017351E+00 1.016400E+01
7.212790E+02 2.017377E+00 1.016300E+01
7.222780E+02 2.017402E+00 1.016100E+01
7.232770E+02 2.017427E+00 1.016000E+01
7.242760E+02 2.017452E+00 1.015800E+01
7.252750E+02 2.017476E+00 1.015700E+01
7.262740E+02 2.017499E+00 1.015500E+01
7.272730E+02 2.017523E+00 1.015400E+01
7.282720E+02 2.017545E+00 1.015200E+01
7.292710E+02 2.017568E+00 1.015100E+01
7.302700E+02 2.017590E+00 1.014900E+01
7.312690E+02 2.017611E+00 1.014800E+01
7.322680E+02 2.017632E+00 1.014600E+01
7.332670E+02 2.017653E+00 1.014500E+01
7.342660E+02 2.017673E+00 1.014300E+01
7.352650E+02 2.017693E+00 1.014200E+01
7.362640E+02 2.017712E+00 1.014000E+01
7.372630E+02 2.017731E+00 1.013900E+01
7.382620E+02 2.017750E+00 1.013800E+01
7.392610E+02 2.017768E+00 1.013600E+01
7.402600E+02 2.017786E+00 1.013500E+01
7.412590E+02 2.017803E+00 1.013300E+01
7.422580E+02 2.017820E+00 1.013200E+01
7.432570E+02 2.017837E+00 1.013000E+01
7.442560E+02 2.017853E+00 1.012900E+01
7.452550E+02 2.017869E+00 1.012700E+01
7.462540E+02 2.017884E+00 1.012600E+01
7.472530E+02 2.017899E+00 1.012500E+01
7.482520E+02 2.017913E+00 1.012300E+01
7.492510E+02 2.017927E+00 1.012200E+01
7.502500E+02 2.017941E+00 1.012000E+01
7.512490E+02 2.017955E+00 1.011900E+01
7.522480E+02 2.017968E+00 1.011700E+01
7.532470E+02 2.017980E+00 1.011600E+01
7.542460E+02 2.017992E+00 1.011400E+01
7.552450E+02 2.018004E+00 1.011300E+01
7.562440E+02 2.018016E+00 1.011200E+01
7.572430E+02 2.018027E+00 1.011000E+01
7.582420E+02 2.018037E+00 1.010900E+01
7.592410E+02 2.018048E+00 1.010700E+01
7.602400E+02 2.018057E+00 1.010600E+01
7.612390E+02 2.018067E+00 1.010500E+01
7.622380E+02 2.018076E+00 1.010300E+01
7.632370E+02 2.018085E+00 1.010200E+01
7.642360E+02 2.018093E+00 1.010000E+01
7.652350E+02 2.018101E+00 1.009900E+01
7.662340E+02 2.018109E+00 1.009700E+01
7.672330E+02 2.018117E+00 1.009600E+01
7.682320E+02 2.018123E+00 1.009500E+01
7.692310E+02 2.018130E+00 1.009300E+01
7.702300E+02 2.018136E+00 1.009200E+01
7.712290E+02 2.018142E+00 1.009000E+01
7.722280E+02 2.018148E+00 1.008900E+01
7.732270E+02 2.018153E+00 1.008800E+01
7.742260E+02 2.018158E+00 1.008600E+01
7.752250E+02 2.018162E+00 1.008500E+01
7.762240E+02 2.018166E+00 1.008400E+01
7.772230E+02 2.018170E+00 1.008200E+01
7.782220E+02 2.018174E+00 1.008100E+01
7.792210E+02 2.018177E+00 1.007900E+01
7.802200E+02 2.018180E+00 1.007800E+01
7.812190E+02 2.018182E+00 1.007700E+01
7.822180E+02 2.018184E+00 1.007500E+01
7.832170E+02 2.018186E+00 1.007400E+01
7.842160E+02 2.018187E+00 1.007200E+01
7.852150E+02 2.018188E+00 1.007100E+01
7.862140E+02 2.018189E+00 1.007000E+01
7.872130E+02 2.018189E+00 1.006800E+01
7.882120E+02 2.018189E+00 1.006700E+01
7.892110E+02 2.018189E+00 1.006600E+01
7.902100E+02 2.018189E+00 1.006400E+01
7.912090E+02 2.018188E+00 1.006300E+01
7.922080E+02 2.018186E+00 1.006200E+01
7.932070E+02 2.018185E+00 1.006000E+01
7.942060E+02 2.018183E+00 1.005900E+01
7.952050E+02 2.018181E+00 1.005700E+01
7.962040E+02 2.018178E+00 1.005600E+01
7.972030E+02 2.018175E+00 1.005500E+01
7.982020E+02 2.018172E+00 1.005300E+01
7.992010E+02 2.018169E+00 1.005200E+01
8.002000E+02 2.018165E+00 1.005100E+01
8.011990E+02 2.018161E+00 1.004900E+01
8.021980E+02 2.018156E+00 1.004800E+01
8.031970E+02 2.018152E+00 1.004700E+01
8.041960E+02 2.018147E+00 1.004500E+01
8.051950E+02 2.018141E+00 1.004400E+01
8.061940E+02 2.018136E+00 1.004300E+01
8.071930E+02 2.018130E+00 1.004100E+01
8.081920E+02 2.018123E+00 1.004000E+01
8.091910E+02 2.018117E+00 1.003900E+01
8.101900E+02 2.018110E+00 1.003700E+01
8.111890E+02 2.018103E+00 1.003600E+01
8.121880E+02 2.018095E+00 1.003500E+01
8.131870E+02 2.018088E+00 1.003300E+01
8.141860E+02 2.018080E+00 1.003200E+01
8.151850E+02 2.018071E+00 1.003100E+01
8.161840E+02 2.018063E+00 1.002900E+01
8.171830E+02 2.018054E+00 1.002800E+01
8.181820E+02 2.018044E+00 1.002700E+01
8.191810E+02 2.018035E+00 1.002500E+01
8.201800E+02 2.018025E+00 1.002400E+01
8.211790E+02 2.018015E+00 1.002300E+01
8.221780E+02 2.018005E+00 1.002100E+01
8.231770E+02 2.017994E+00 1.002000E+01
8.241760E+02 2.017983E+00 1.001900E+01
8.251750E+02 2.017972E+00 1.001700E+01
8.261740E+02 2.017960E+00 1.001600E+01
8.271730E+02 2.017949E+00 1.001500E+01
8.281720E+02 2.017937E+00 1.001400E+01
8.291710E+02 2.017924E+00 1.001200E+01
8.301700E+02 2.017912E+00 1.001100E+01
8.311690E+02 2.017899E+00 1.001000E+01
8.321680E+02 2.017886E+00 1.000800E+01
8.331670E+02 2.017872E+00 1.000700E+01
8.341660E+02 2.017858E+00 1.000600E+01
8.351650E+02 2.017845E+00 1.000400E+01
8.361640E+02 2.017830E+00 1.000300E+01
8.371630E+02 2.017816E+00 1.000200E+01
8.381620E+02 2.017801E+00 1.000100E+01
8.391610E+02 2.017786E+00 9.999000E+00
8.401600E+02 2.017771E+00 9.998000E+00
8.411590E+02 2.017755E+00 9.997000E+00
8.421580E+02 2.017739E+00 9.995000E+00
8.431570E+02 2.017723E+00 9.994000E+00
8.441560E+02 2.017707E+00 9.993000E+00
8.451550E+02 2.017690E+00 9.992000E+00
8.461540E+02 2.017673E+00 9.990000E+00
8.471530E+02 2.017656E+00 9.989000E+00
8.481520E+02 2.017639E+00 9.988000E+00
8.491510E+02 2.017621E+00 9.986000E+00
8.501500E+02 2.017603E+00 9.985000E+00
8.511490E+02 2.017585E+00 9.984000E+00
8.521480E+02 2.017567E+00 9.983000E+00
8.531470E+02 2.017548E+00 9.981000E+00
8.541460E+02 2.017529E+00 9.980000E+00
8.551450E+02 2.017510E+00 9.979000E+00
8.561440E+02 2.017491E+00 9.978000E+00
8.571430E+02 2.017471E+00 9.976000E+00
8.581420E+02 2.017452E+00 9.975000E+00
8.591410E+02 2.017431E+00 9.974000E+00
8.601400E+02 2.017411E+00 9.973000E+00
8.611390E+02 2.017391E+00 9.971000E+00
8.621380E+02 2.017370E+00 9.970000E+00
8.631370E+02 2.017349E+00 9.969000E+00
8.641360E+02 2.017327E+00 9.968000E+00
8.651350E+02 2.017306E+00 9.966000E+00
8.661340E+02 2.017284E+00 9.965000E+00
8.671330E+02 2.017262E+00 9.964000E+00
8.681320E+02 2.017240E+00 9.963000E+00
8.691310E+02 2.017217E+00 9.961000E+00
8.701300E+02 2.017195E+00 9.960000E+00
8.711290E+02 2.017172E+00 9.959000E+00
8.721280E+02 2.017149E+00 9.958000E+00
8.731270E+02 2.017125E+00 9.956000E+00
8.741260E+02 2.017101E+00 9.955000E+00
8.751250E+02 2.017078E+00 9.954000E+00
8.761240E+02 2.017054E+00 9.953000E+00
8.771230E+02 2.017029E+00 9.951000E+00
8.781220E+02 2.017005E+00 9.950000E+00
8.791210E+02 2.016980E+00 9.949000E+00
8.801200E+02 2.016955E+00 9.948000E+00
8.811190E+02 2.016930E+00 9.946000E+00
8.821180E+02 2.016904E+00 9.945000E+00
8.831170E+02 2.016879E+00 9.944000E+00
8.841160E+02 2.016853E+00 9.943000E+00
8.851150E+02 2.016827E+00 9.942000E+00
8.861140E+02 2.016801E+00 9.940000E+00
8.871130E+02 2.016774E+00 9.939000E+00
8.881120E+02 2.016747E+00 9.938000E+00
8.891110E+02 2.016720E+00 9.937000E+00
8.901100E+02 2.016693E+00 9.936000E+00
8.911090E+02 2.016666E+00 9.934000E+00
8.921080E+02 2.016638E+00 9.933000E+00
8.931070E+02 2.016611E+00 9.932000E+00
8.941060E+02 2.016583E+00 9.931000E+00
8.951050E+02 2.016554E+00 9.929000E+00
8.961040E+02 2.016526E+00 9.928000E+00
8.971030E+02 2.016497E+00 9.927000E+00
8.981020E+02 2.016469E+00 9.926000E+00
8.991010E+02 2.016440E+00 9.925000E+00
9.001000E+02 2.016410E+00 9.923000E+00
9.010990E+02 2.016381E+00 9.922000E+00
9.020980E+02 2.016351E+00 9.921000E+00
9.030970E+02 2.016322E+00 9.920000E+00
9.040960E+02 2.016292E+00 9.919000E+00
9.050950E+02 2.016261E+00 9.917000E+00
9.060940E+02 2.016231E+00 9.916000E+00
9.070930E+02 2.016200E+00 9.915000E+00
9.080920E+02 2.016169E+00 9.914000E+00
9.090910E+02 2.016138E+00 9.913000E+00
9.100900E+02 2.016107E+00 9.911000E+00
9.110890E+02 2.016076E+00 9.910000E+00
9.120880E+02 2.016044E+00 9.909000E+00
9.130870E+02 2.016012E+00 9.908000E+00
9.140860E+02 2.015980E+00 9.907000E+00
9.150850E+02 2.015948E+00 9.906000E+00
9.160840E+02 2.015916E+00 9.904000E+00
9.170830E+02 2.015883E+00 9.903000E+00
9.180820E+02 2.015851E+00 9.902000E+00
9.190810E+02 2.015818E+00 9.901000E+00
9.200800E+02 2.015784E+00 9.900000E+00
9.210790E+02 2.015751E+00 9.898000E+00
9.220780E+02 2.015718E+00 9.897000E+00
9.230770E+02 2.015684E+00 9.896000E+00
9.240760E+02 2.015650E+00 9.895000E+00
9.250750E+02 2.015616E+00 9.894000E+00
9.260740E+02 2.015582E+00 9.893000E+00
9.270730E+02 2.015547E+00 9.891000E+00
9.280720E+02 2.015513E+00 9.890000E+00
9.290710E+02 2.015478E+00 9.889000E+00
9.300700E+02 2.015443E+00 9.888000E+00
9.310690E+02 2.015408E+00 9.887000E+00
9.320680E+02 2.015373E+00 9.886000E+00
9.330670E+02 2.015337E+00 9.884000E+00
9.340660E+02 2.015301E+00 9.883000E+00
9.350650E+02 2.015266E+00 9.882000E+00
9.360640E+02 2.015230E+00 9.881000E+00
9.370630E+02 2.015193E+00 9.880000E+00
9.380620E+02 2.015157E+00 9.879000E+00
9.390610E+02 2.015121E+00 9.878000E+00
9.400600E+02 2.015084E+00 9.876000E+00
9.410590E+02 2.015047E+00 9.875000E+00
9.420580E+02 2.015010E+00 9.874000E+00
9.430570E+02 2.014973E+00 9.873000E+00
9.440560E+02 2.014935E+00 9.872000E+00
9.450550E+02 2.014898E+00 9.871000E+00
9.460540E+02 2.014860E+00 9.870000E+00
9.470530E+02 2.014822E+00 9.868000E+00
9.480520E+02 2.014784E+00 9.867000E+00
9.490510E+02 2.014746E+00 9.866000E+00
9.500500E+02 2.014707E+00 9.865000E+00
9.510490E+02 2.014669E+00 9.864000E+00
9.520480E+02 2.014630E+00 9.863000E+00
9.530470E+02 2.014591E+00 9.862000E+00
9.540460E+02 2.014552E+00 9.860000E+00
9.550450E+02 2.014513E+00 9.859000E+00
9.560440E+02 2.014473E+00 9.858000E+00
9.570430E+02 2.014434E+00 9.857000E+00
9.580420E+02 2.014394E+00 9.856000E+00
9.590410E+02 2.014354E+00 9.855000E+00
9.600400E+02 2.014314E+00 9.854000E+00
9.610390E+02 2.014274E+00 9.852000E+00
9.620380E+02 2.014234E+00 9.851000E+00
9.630370E+02 2.014193E+00 9.850000E+00
9.640360E+02 2.014153E+00 9.849000E+00
9.650350E+02 2.014112E+00 9.848000E+00
9.660340E+02 2.014071E+00 9.847000E+00
9.670330E+02 2.014030E+00 9.846000E+00
9.680320E+02 2.013989E+00 9.845000E+00
9.690310E+02 2.013947E+00 9.844000E+00
9.700300E+02 2.013906E+00 9.842000E+00
9.710290E+02 2.013864E+00 9.841000E+00
9.720280E+02 2.013822E+00 9.840000E+00
9.730270E+02 2.013780E+00 9.839000E+00
9.740260E+02 2.013738E+00 9.838000E+00
9.750250E+02 2.013696E+00 9.837000E+00
9.760240E+02 2.013653E+00 9.836000E+00
9.770230E+02 2.013611E+00 9.835000E+00
9.780220E+02 2.013568E+00 9.834000E+00
9.790210E+02 2.013525E+00 9.832000E+00
9.800200E+02 2.013482E+00 9.831000E+00
9.810190E+02 2.013439E+00 9.830000E+00
9.820180E+02 2.013395E+00 9.829000E+00
9.830170E+02 2.013352E+00 9.828000E+00
9.840160E+02 2.013308E+00 9.827000E+00
9.850150E+02 2.013264E+00 9.826000E+00
9.860140E+02 2.013221E+00 9.825000E+00
9.870130E+02 2.013176E+00 9.824000E+00
9.880120E+02 2.013132E+00 9.823000E+00
9.890110E+02 2.013088E+00 9.821000E+00
9.900100E+02 2.013043E+00 9.820000E+00
9.910090E+02 2.012999E+00 9.819000E+00
9.920080E+02 2.012954E+00 9.818000E+00
9.930070E+02 2.012909E+00 9.817000E+00
9.940060E+02 2.012864E+00 9.816000E+00
9.950050E+02 2.012819E+00 9.815000E+00
9.960040E+02 2.012774E+00 9.814000E+00
9.970030E+02 2.012728E+00 9.813000E+00
9.980020E+02 2.012683E+00 9.812000E+00
9.990010E+02 2.012637E+00 9.811000E+00
