    4.62023E+03   5.26947E+03   1.99098E+00   3.84471E-01   1.38158E+03
    4.57075E+03   5.19137E+03   1.98098E+00   3.83668E-01   1.36832E+03
    4.52167E+03   5.11406E+03   1.97098E+00   3.82856E-01   1.35512E+03
    4.47298E+03   5.03754E+03   1.96098E+00   3.82036E-01   1.34199E+03
    4.42467E+03   4.96180E+03   1.95098E+00   3.81208E-01   1.32892E+03
    4.37675E+03   4.88684E+03   1.94098E+00   3.80372E-01   1.31592E+03
    4.32922E+03   4.81265E+03   1.93098E+00   3.79526E-01   1.30298E+03
    4.28207E+03   4.73924E+03   1.92098E+00   3.78673E-01   1.29010E+03
    4.23529E+03   4.66659E+03   1.91098E+00   3.77810E-01   1.27729E+03
    4.18890E+03   4.59470E+03   1.90098E+00   3.76939E-01   1.26455E+03
    4.14288E+03   4.52357E+03   1.89098E+00   3.76058E-01   1.25186E+03
    4.09724E+03   4.45320E+03   1.88098E+00   3.75169E-01   1.23925E+03
    4.05197E+03   4.38357E+03   1.87098E+00   3.74270E-01   1.22669E+03
    4.00706E+03   4.31469E+03   1.86098E+00   3.73362E-01   1.21420E+03
    3.96253E+03   4.24654E+03   1.85098E+00   3.72445E-01   1.20177E+03
    3.91836E+03   4.17914E+03   1.84098E+00   3.71518E-01   1.18941E+03
    3.87456E+03   4.11246E+03   1.83098E+00   3.70582E-01   1.17711E+03
    3.83112E+03   4.04651E+03   1.82098E+00   3.69635E-01   1.16488E+03
    3.78804E+03   3.98128E+03   1.81098E+00   3.68679E-01   1.15271E+03
    3.74532E+03   3.91678E+03   1.80098E+00   3.67713E-01   1.14060E+03
    3.70295E+03   3.85299E+03   1.79098E+00   3.66737E-01   1.12856E+03
    3.66094E+03   3.78990E+03   1.78098E+00   3.65751E-01   1.11658E+03
    3.61928E+03   3.72753E+03   1.77098E+00   3.64754E-01   1.10466E+03
    3.57797E+03   3.66585E+03   1.76098E+00   3.63746E-01   1.09281E+03
    3.53701E+03   3.60487E+03   1.75098E+00   3.62729E-01   1.08102E+03
    3.49639E+03   3.54459E+03   1.74098E+00   3.61700E-01   1.06929E+03
    3.45612E+03   3.48499E+03   1.73098E+00   3.60661E-01   1.05763E+03
    3.41619E+03   3.42608E+03   1.72098E+00   3.59610E-01   1.04603E+03
    3.37661E+03   3.36785E+03   1.71098E+00   3.58549E-01   1.03449E+03
    3.33736E+03   3.31029E+03   1.70098E+00   3.57476E-01   1.02302E+03
    3.29844E+03   3.25341E+03   1.69098E+00   3.56392E-01   1.01161E+03
    3.25986E+03   3.19719E+03   1.68098E+00   3.55297E-01   1.00026E+03
    3.22162E+03   3.14164E+03   1.67098E+00   3.54190E-01   9.88980E+02
    3.18370E+03   3.08674E+03   1.66098E+00   3.53071E-01   9.77760E+02
    3.14611E+03   3.03250E+03   1.65098E+00   3.51940E-01   9.66603E+02
    3.10885E+03   2.97892E+03   1.64098E+00   3.50797E-01   9.55510E+02
    3.07192E+03   2.92597E+03   1.63098E+00   3.49642E-01   9.44479E+02
    3.03530E+03   2.87367E+03   1.62098E+00   3.48475E-01   9.33511E+02
    2.99901E+03   2.82201E+03   1.61098E+00   3.47296E-01   9.22605E+02
    2.96303E+03   2.77098E+03   1.60098E+00   3.46103E-01   9.11763E+02
    2.92738E+03   2.72057E+03   1.59098E+00   3.44899E-01   9.00984E+02
    2.89203E+03   2.67080E+03   1.58098E+00   3.43681E-01   8.90267E+02
    2.85700E+03   2.62164E+03   1.57098E+00   3.42450E-01   8.79613E+02
    2.82229E+03   2.57310E+03   1.56098E+00   3.41206E-01   8.69022E+02
    2.78788E+03   2.52518E+03   1.55098E+00   3.39949E-01   8.58493E+02
    2.75377E+03   2.47786E+03   1.54098E+00   3.38679E-01   8.48027E+02
    2.71997E+03   2.43114E+03   1.53098E+00   3.37395E-01   8.37623E+02
    2.68648E+03   2.38503E+03   1.52098E+00   3.36097E-01   8.27282E+02
    2.65329E+03   2.33950E+03   1.51098E+00   3.34786E-01   8.17004E+02
    2.62039E+03   2.29458E+03   1.50098E+00   3.33461E-01   8.06788E+02
    2.58780E+03   2.25023E+03   1.49098E+00   3.32121E-01   7.96634E+02
    2.55549E+03   2.20647E+03   1.48098E+00   3.30768E-01   7.86543E+02
    2.52349E+03   2.16329E+03   1.47098E+00   3.29400E-01   7.76514E+02
    2.49177E+03   2.12069E+03   1.46098E+00   3.28017E-01   7.66548E+02
    2.46034E+03   2.07865E+03   1.45098E+00   3.26620E-01   7.56643E+02
    2.42921E+03   2.03718E+03   1.44098E+00   3.25208E-01   7.46801E+02
    2.39835E+03   1.99627E+03   1.43098E+00   3.23781E-01   7.37021E+02
    2.36778E+03   1.95592E+03   1.42098E+00   3.22339E-01   7.27304E+02
    2.33750E+03   1.91612E+03   1.41098E+00   3.20882E-01   7.17648E+02
    2.30749E+03   1.87687E+03   1.40098E+00   3.19409E-01   7.08054E+02
    2.27776E+03   1.83817E+03   1.39098E+00   3.17921E-01   6.98523E+02
    2.24831E+03   1.80000E+03   1.38098E+00   3.16418E-01   6.89054E+02
    2.21913E+03   1.76238E+03   1.37098E+00   3.14898E-01   6.79646E+02
    2.19023E+03   1.72528E+03   1.36098E+00   3.13363E-01   6.70301E+02
    2.16159E+03   1.68872E+03   1.35098E+00   3.11812E-01   6.61017E+02
    2.13323E+03   1.65268E+03   1.34098E+00   3.10245E-01   6.51796E+02
    2.10513E+03   1.61716E+03   1.33098E+00   3.08662E-01   6.42636E+02
    2.07729E+03   1.58215E+03   1.32098E+00   3.07062E-01   6.33538E+02
    2.04972E+03   1.54766E+03   1.31098E+00   3.05446E-01   6.24502E+02
    2.02241E+03   1.51368E+03   1.30098E+00   3.03813E-01   6.15528E+02
    1.99536E+03   1.48020E+03   1.29098E+00   3.02163E-01   6.06616E+02
    1.96857E+03   1.44721E+03   1.28098E+00   3.00497E-01   5.97766E+02
    1.94203E+03   1.41473E+03   1.27098E+00   2.98814E-01   5.88977E+02
    1.91574E+03   1.38273E+03   1.26098E+00   2.97114E-01   5.80250E+02
    1.88971E+03   1.35123E+03   1.25098E+00   2.95396E-01   5.71585E+02
    1.86393E+03   1.32020E+03   1.24098E+00   2.93662E-01   5.62981E+02
    1.83839E+03   1.28966E+03   1.23098E+00   2.91910E-01   5.54440E+02
    1.81311E+03   1.25959E+03   1.22098E+00   2.90141E-01   5.45960E+02
    1.78806E+03   1.22999E+03   1.21098E+00   2.88355E-01   5.37541E+02
    1.76326E+03   1.20086E+03   1.20098E+00   2.86551E-01   5.29185E+02
    1.73870E+03   1.17219E+03   1.19098E+00   2.84730E-01   5.20890E+02
    1.71438E+03   1.14398E+03   1.18098E+00   2.82891E-01   5.12657E+02
    1.69029E+03   1.11622E+03   1.17098E+00   2.81034E-01   5.04485E+02
    1.66644E+03   1.08892E+03   1.16098E+00   2.79160E-01   4.96376E+02
    1.64283E+03   1.06206E+03   1.15098E+00   2.77268E-01   4.88328E+02
    1.61944E+03   1.03565E+03   1.14098E+00   2.75358E-01   4.80342E+02
    1.59628E+03   1.00967E+03   1.13098E+00   2.73431E-01   4.72417E+02
    1.57336E+03   9.84134E+02   1.12098E+00   2.71486E-01   4.64555E+02
    1.55065E+03   9.59025E+02   1.11098E+00   2.69523E-01   4.56754E+02
    1.52818E+03   9.34343E+02   1.10098E+00   2.67542E-01   4.49015E+02
    1.50592E+03   9.10084E+02   1.09098E+00   2.65544E-01   4.41338E+02
    1.48389E+03   8.86245E+02   1.08098E+00   2.63527E-01   4.33722E+02
    1.46207E+03   8.62821E+02   1.07098E+00   2.61494E-01   4.26169E+02
    1.44047E+03   8.39809E+02   1.06098E+00   2.59443E-01   4.18677E+02
    1.41908E+03   8.17204E+02   1.05098E+00   2.57374E-01   4.11248E+02
    1.39791E+03   7.95003E+02   1.04098E+00   2.55288E-01   4.03881E+02
    1.37695E+03   7.73201E+02   1.03098E+00   2.53184E-01   3.96575E+02
    1.35620E+03   7.51796E+02   1.02098E+00   2.51063E-01   3.89332E+02
    1.33566E+03   7.30783E+02   1.01098E+00   2.48925E-01   3.82151E+02
    1.31532E+03   7.10158E+02   1.00098E+00   2.46771E-01   3.75032E+02
    1.30523E+03   6.99990E+02   9.95980E-01   2.45687E-01   3.71496E+02
    1.29519E+03   6.89918E+02   9.90980E-01   2.44600E-01   3.67976E+02
    1.28520E+03   6.79941E+02   9.85980E-01   2.43508E-01   3.64471E+02
    1.27526E+03   6.70059E+02   9.80980E-01   2.42411E-01   3.60981E+02
    1.26537E+03   6.60271E+02   9.75980E-01   2.41311E-01   3.57508E+02
    1.25553E+03   6.50577E+02   9.70980E-01   2.40207E-01   3.54050E+02
    1.24573E+03   6.40976E+02   9.65980E-01   2.39098E-01   3.50607E+02
    1.23599E+03   6.31468E+02   9.60980E-01   2.37986E-01   3.47180E+02
    1.22630E+03   6.22053E+02   9.55980E-01   2.36870E-01   3.43769E+02
    1.21666E+03   6.12729E+02   9.50980E-01   2.35749E-01   3.40374E+02
    1.20706E+03   6.03497E+02   9.45980E-01   2.34625E-01   3.36994E+02
    1.19752E+03   5.94356E+02   9.40980E-01   2.33497E-01   3.33630E+02
    1.18802E+03   5.85305E+02   9.35980E-01   2.32364E-01   3.30282E+02
    1.17857E+03   5.76345E+02   9.30980E-01   2.31228E-01   3.26949E+02
    1.16917E+03   5.67474E+02   9.25980E-01   2.30089E-01   3.23632E+02
    1.15982E+03   5.58692E+02   9.20980E-01   2.28945E-01   3.20331E+02
    1.15051E+03   5.50000E+02   9.15980E-01   2.27798E-01   3.17045E+02
    1.14125E+03   5.41395E+02   9.10980E-01   2.26647E-01   3.13775E+02
    1.13204E+03   5.32878E+02   9.05980E-01   2.25492E-01   3.10521E+02
    1.12288E+03   5.24448E+02   9.00980E-01   2.24334E-01   3.07283E+02
    1.11376E+03   5.16106E+02   8.95980E-01   2.23172E-01   3.04061E+02
    1.10469E+03   5.07850E+02   8.90980E-01   2.22007E-01   3.00854E+02
    1.09566E+03   4.99679E+02   8.85980E-01   2.20838E-01   2.97663E+02
    1.08668E+03   4.91595E+02   8.80980E-01   2.19665E-01   2.94489E+02
    1.07774E+03   4.83595E+02   8.75980E-01   2.18490E-01   2.91330E+02
    1.06885E+03   4.75680E+02   8.70980E-01   2.17311E-01   2.88186E+02
    1.06001E+03   4.67850E+02   8.65980E-01   2.16128E-01   2.85059E+02
    1.05121E+03   4.60103E+02   8.60980E-01   2.14943E-01   2.81948E+02
    1.04246E+03   4.52439E+02   8.55980E-01   2.13754E-01   2.78852E+02
    1.03375E+03   4.44858E+02   8.50980E-01   2.12562E-01   2.75773E+02
    1.02508E+03   4.37360E+02   8.45980E-01   2.11367E-01   2.72709E+02
    1.01646E+03   4.29944E+02   8.40980E-01   2.10169E-01   2.69662E+02
    1.00788E+03   4.22609E+02   8.35980E-01   2.08968E-01   2.66630E+02
    9.99349E+02   4.15356E+02   8.30980E-01   2.07764E-01   2.63615E+02
    9.90858E+02   4.08183E+02   8.25980E-01   2.06558E-01   2.60615E+02
    9.82411E+02   4.01090E+02   8.20980E-01   2.05348E-01   2.57632E+02
    9.74006E+02   3.94077E+02   8.15980E-01   2.04136E-01   2.54664E+02
    9.65644E+02   3.87144E+02   8.10980E-01   2.02921E-01   2.51713E+02
    9.57325E+02   3.80289E+02   8.05980E-01   2.01704E-01   2.48778E+02
    9.49048E+02   3.73513E+02   8.00980E-01   2.00484E-01   2.45859E+02
    9.40813E+02   3.66815E+02   7.95980E-01   1.99262E-01   2.42956E+02
    9.32620E+02   3.60195E+02   7.90980E-01   1.98037E-01   2.40069E+02
    9.24469E+02   3.53652E+02   7.85980E-01   1.96810E-01   2.37199E+02
    9.16359E+02   3.47185E+02   7.80980E-01   1.95580E-01   2.34345E+02
    9.08290E+02   3.40796E+02   7.75980E-01   1.94349E-01   2.31507E+02
    9.00262E+02   3.34482E+02   7.70980E-01   1.93116E-01   2.28685E+02
    8.92274E+02   3.28243E+02   7.65980E-01   1.91880E-01   2.25880E+02
    8.84328E+02   3.22080E+02   7.60980E-01   1.90643E-01   2.23090E+02
    8.76421E+02   3.15991E+02   7.55980E-01   1.89403E-01   2.20318E+02
    8.68554E+02   3.09977E+02   7.50980E-01   1.88162E-01   2.17561E+02
    8.60728E+02   3.04036E+02   7.45980E-01   1.86920E-01   2.14821E+02
    8.52940E+02   2.98169E+02   7.40980E-01   1.85675E-01   2.12098E+02
    8.45193E+02   2.92375E+02   7.35980E-01   1.84430E-01   2.09391E+02
    8.37484E+02   2.86653E+02   7.30980E-01   1.83183E-01   2.06700E+02
    8.29814E+02   2.81004E+02   7.25980E-01   1.81934E-01   2.04026E+02
    8.22183E+02   2.75426E+02   7.20980E-01   1.80684E-01   2.01368E+02
    8.14590E+02   2.69920E+02   7.15980E-01   1.79433E-01   1.98727E+02
    8.07036E+02   2.64485E+02   7.10980E-01   1.78181E-01   1.96103E+02
    7.99519E+02   2.59120E+02   7.05980E-01   1.76928E-01   1.93495E+02
    7.92040E+02   2.53825E+02   7.00980E-01   1.75675E-01   1.90904E+02
    7.84599E+02   2.48600E+02   6.95980E-01   1.74420E-01   1.88330E+02
    7.77195E+02   2.43444E+02   6.90980E-01   1.73165E-01   1.85772E+02
    7.69828E+02   2.38357E+02   6.85980E-01   1.71909E-01   1.83231E+02
    7.62498E+02   2.33339E+02   6.80980E-01   1.70653E-01   1.80707E+02
    7.55204E+02   2.28388E+02   6.75980E-01   1.69396E-01   1.78199E+02
    7.47947E+02   2.23505E+02   6.70980E-01   1.68139E-01   1.75708E+02
    7.40726E+02   2.18690E+02   6.65980E-01   1.66882E-01   1.73235E+02
    7.33541E+02   2.13941E+02   6.60980E-01   1.65625E-01   1.70778E+02
    7.26391E+02   2.09259E+02   6.55980E-01   1.64367E-01   1.68338E+02
    7.19277E+02   2.04642E+02   6.50980E-01   1.63110E-01   1.65915E+02
    7.12199E+02   2.00091E+02   6.45980E-01   1.61853E-01   1.63509E+02
    7.05155E+02   1.95606E+02   6.40980E-01   1.60597E-01   1.61120E+02
    6.98146E+02   1.91185E+02   6.35980E-01   1.59340E-01   1.58748E+02
    6.91171E+02   1.86828E+02   6.30980E-01   1.58085E-01   1.56393E+02
    6.84231E+02   1.82536E+02   6.25980E-01   1.56830E-01   1.54055E+02
    6.77324E+02   1.78307E+02   6.20980E-01   1.55575E-01   1.51735E+02
    6.70452E+02   1.74141E+02   6.15980E-01   1.54322E-01   1.49431E+02
    6.63613E+02   1.70038E+02   6.10980E-01   1.53070E-01   1.47145E+02
    6.56807E+02   1.65997E+02   6.05980E-01   1.51818E-01   1.44876E+02
    6.50035E+02   1.62018E+02   6.00980E-01   1.50568E-01   1.42625E+02
    6.43295E+02   1.58101E+02   5.95980E-01   1.49319E-01   1.40391E+02
    6.36588E+02   1.54244E+02   5.90980E-01   1.48071E-01   1.38174E+02
    6.29913E+02   1.50449E+02   5.85980E-01   1.46825E-01   1.35974E+02
    6.23271E+02   1.46713E+02   5.80980E-01   1.45581E-01   1.33792E+02
    6.16660E+02   1.43038E+02   5.75980E-01   1.44338E-01   1.31628E+02
    6.10081E+02   1.39422E+02   5.70980E-01   1.43097E-01   1.29481E+02
    6.03533E+02   1.35865E+02   5.65980E-01   1.41858E-01   1.27351E+02
    5.97017E+02   1.32367E+02   5.60980E-01   1.40620E-01   1.25239E+02
    5.90531E+02   1.28927E+02   5.55980E-01   1.39385E-01   1.23145E+02
    5.84077E+02   1.25545E+02   5.50980E-01   1.38152E-01   1.21068E+02
    5.77652E+02   1.22220E+02   5.45980E-01   1.36922E-01   1.19010E+02
    5.71258E+02   1.18953E+02   5.40980E-01   1.35694E-01   1.16968E+02
    5.64893E+02   1.15741E+02   5.35980E-01   1.34468E-01   1.14945E+02
    5.58559E+02   1.12586E+02   5.30980E-01   1.33245E-01   1.12939E+02
    5.52254E+02   1.09487E+02   5.25980E-01   1.32025E-01   1.10952E+02
    5.45978E+02   1.06443E+02   5.20980E-01   1.30807E-01   1.08982E+02
    5.39731E+02   1.03454E+02   5.15980E-01   1.29592E-01   1.07030E+02
    5.33512E+02   1.00520E+02   5.10980E-01   1.28381E-01   1.05096E+02
    5.27322E+02   9.76394E+01   5.05980E-01   1.27172E-01   1.03180E+02
    5.21161E+02   9.48126E+01   5.00980E-01   1.25966E-01   1.01282E+02
    5.15027E+02   9.20390E+01   4.95980E-01   1.24764E-01   9.94025E+01
    5.08921E+02   8.93183E+01   4.90980E-01   1.23565E-01   9.75409E+01
    5.02842E+02   8.66499E+01   4.85980E-01   1.22369E-01   9.56973E+01
    4.96791E+02   8.40334E+01   4.80980E-01   1.21177E-01   9.38720E+01
    4.90766E+02   8.14685E+01   4.75980E-01   1.19989E-01   9.20649E+01
    4.84768E+02   7.89546E+01   4.70980E-01   1.18804E-01   9.02761E+01
    4.78797E+02   7.64913E+01   4.65980E-01   1.17622E-01   8.85056E+01
    4.72852E+02   7.40783E+01   4.60980E-01   1.16445E-01   8.67534E+01
    4.66932E+02   7.17150E+01   4.55980E-01   1.15271E-01   8.50196E+01
    4.61039E+02   6.94011E+01   4.50980E-01   1.14101E-01   8.33042E+01
    4.55170E+02   6.71360E+01   4.45980E-01   1.12935E-01   8.16073E+01
    4.49327E+02   6.49193E+01   4.40980E-01   1.11773E-01   7.99288E+01
    4.43509E+02   6.27506E+01   4.35980E-01   1.10615E-01   7.82689E+01
    4.37715E+02   6.06295E+01   4.30980E-01   1.09461E-01   7.66275E+01
    4.31946E+02   5.85555E+01   4.25980E-01   1.08311E-01   7.50047E+01
    4.26200E+02   5.65280E+01   4.20980E-01   1.07165E-01   7.34006E+01
    4.20479E+02   5.45468E+01   4.15980E-01   1.06024E-01   7.18151E+01
    4.14781E+02   5.26112E+01   4.10980E-01   1.04886E-01   7.02483E+01
    4.09106E+02   5.07209E+01   4.05980E-01   1.03753E-01   6.87003E+01
    4.03454E+02   4.88754E+01   4.00980E-01   1.02624E-01   6.71710E+01
    3.97825E+02   4.70742E+01   3.95980E-01   1.01499E-01   6.56605E+01
    3.92219E+02   4.53169E+01   3.90980E-01   1.00378E-01   6.41688E+01
    3.86635E+02   4.36029E+01   3.85980E-01   9.92619E-02   6.26960E+01
    3.81072E+02   4.19318E+01   3.80980E-01   9.81496E-02   6.12421E+01
    3.75531E+02   4.03032E+01   3.75980E-01   9.70415E-02   5.98071E+01
    3.70012E+02   3.87165E+01   3.70980E-01   9.59375E-02   5.83910E+01
    3.64514E+02   3.71712E+01   3.65980E-01   9.48377E-02   5.69939E+01
    3.59036E+02   3.56670E+01   3.60980E-01   9.37419E-02   5.56158E+01
    3.53580E+02   3.42032E+01   3.55980E-01   9.26501E-02   5.42568E+01
    3.48143E+02   3.27794E+01   3.50980E-01   9.15623E-02   5.29168E+01
    3.42726E+02   3.13951E+01   3.45980E-01   9.04784E-02   5.15958E+01
    3.37329E+02   3.00498E+01   3.40980E-01   8.93983E-02   5.02940E+01
    3.31952E+02   2.87430E+01   3.35980E-01   8.83219E-02   4.90113E+01
    3.26594E+02   2.74742E+01   3.30980E-01   8.72491E-02   4.77477E+01
    3.21254E+02   2.62429E+01   3.25980E-01   8.61799E-02   4.65033E+01
    3.15934E+02   2.50485E+01   3.20980E-01   8.51141E-02   4.52781E+01
    3.10631E+02   2.38907E+01   3.15980E-01   8.40515E-02   4.40721E+01
    3.05347E+02   2.27688E+01   3.10980E-01   8.29921E-02   4.28853E+01
    3.00080E+02   2.16823E+01   3.05980E-01   8.19357E-02   4.17178E+01
    2.94831E+02   2.06307E+01   3.00980E-01   8.08822E-02   4.05694E+01
    2.89599E+02   1.96135E+01   2.95980E-01   7.98313E-02   3.94404E+01
    2.84384E+02   1.86301E+01   2.90980E-01   7.87828E-02   3.83306E+01
    2.79185E+02   1.76801E+01   2.85980E-01   7.77375E-02   3.72400E+01
    2.74003E+02   1.67629E+01   2.80980E-01   7.66933E-02   3.61688E+01
    2.68837E+02   1.58779E+01   2.75980E-01   7.56510E-02   3.51168E+01
    2.63686E+02   1.50246E+01   2.70980E-01   7.46102E-02   3.40841E+01
    2.58551E+02   1.42026E+01   2.65980E-01   7.35707E-02   3.30707E+01
    2.53432E+02   1.34111E+01   2.60980E-01   7.25322E-02   3.20765E+01
    2.48327E+02   1.26497E+01   2.55980E-01   7.14943E-02   3.11017E+01
    2.43236E+02   1.19178E+01   2.50980E-01   7.04568E-02   3.01461E+01
    2.38160E+02   1.12149E+01   2.45980E-01   6.94193E-02   2.92097E+01
    2.33098E+02   1.05404E+01   2.40980E-01   6.83814E-02   2.82925E+01
    2.28050E+02   9.89378E+00   2.35980E-01   6.73427E-02   2.73946E+01
    2.23015E+02   9.27442E+00   2.30980E-01   6.63031E-02   2.65158E+01
    2.22009E+02   9.15377E+00   2.29980E-01   6.60949E-02   2.63424E+01
    2.21005E+02   9.03419E+00   2.28980E-01   6.58867E-02   2.61697E+01
    2.20000E+02   8.91566E+00   2.27980E-01   6.56784E-02   2.59978E+01
    2.18996E+02   8.79820E+00   2.26980E-01   6.54700E-02   2.58266E+01
    2.17993E+02   8.68178E+00   2.25980E-01   6.52615E-02   2.56562E+01
    2.16990E+02   8.56640E+00   2.24980E-01   6.50529E-02   2.54866E+01
    2.15988E+02   8.45207E+00   2.23980E-01   6.48443E-02   2.53177E+01
    2.14986E+02   8.33878E+00   2.22980E-01   6.46356E-02   2.51496E+01
    2.13985E+02   8.22652E+00   2.21980E-01   6.44267E-02   2.49823E+01
    2.12984E+02   8.11528E+00   2.20980E-01   6.42178E-02   2.48157E+01
    2.11984E+02   8.00507E+00   2.19980E-01   6.40087E-02   2.46499E+01
    2.10984E+02   7.89588E+00   2.18980E-01   6.37996E-02   2.44849E+01
    2.09985E+02   7.78770E+00   2.17980E-01   6.35903E-02   2.43206E+01
    2.08986E+02   7.68053E+00   2.16980E-01   6.33809E-02   2.41571E+01
    2.07988E+02   7.57436E+00   2.15980E-01   6.31714E-02   2.39943E+01
    2.06990E+02   7.46920E+00   2.14980E-01   6.29617E-02   2.38323E+01
    2.05992E+02   7.36503E+00   2.13980E-01   6.27519E-02   2.36711E+01
    2.04996E+02   7.26185E+00   2.12980E-01   6.25420E-02   2.35106E+01
    2.03999E+02   7.15965E+00   2.11980E-01   6.23320E-02   2.33509E+01
    2.03003E+02   7.05844E+00   2.10980E-01   6.21217E-02   2.31920E+01
    2.02008E+02   6.95821E+00   2.09980E-01   6.19114E-02   2.30338E+01
    2.01013E+02   6.85894E+00   2.08980E-01   6.17009E-02   2.28763E+01
    2.00018E+02   6.76065E+00   2.07980E-01   6.14902E-02   2.27197E+01
    1.99024E+02   6.66332E+00   2.06980E-01   6.12794E-02   2.25638E+01
    1.98031E+02   6.56694E+00   2.05980E-01   6.10683E-02   2.24086E+01
    1.97038E+02   6.47152E+00   2.04980E-01   6.08571E-02   2.22542E+01
    1.96045E+02   6.37705E+00   2.03980E-01   6.06458E-02   2.21006E+01
    1.95053E+02   6.28352E+00   2.02980E-01   6.04342E-02   2.19477E+01
    1.94061E+02   6.19094E+00   2.01980E-01   6.02225E-02   2.17955E+01
    1.93070E+02   6.09928E+00   2.00980E-01   6.00105E-02   2.16442E+01
    1.92080E+02   6.00856E+00   1.99980E-01   5.97984E-02   2.14935E+01
    1.91089E+02   5.91877E+00   1.98980E-01   5.95860E-02   2.13437E+01
    1.90099E+02   5.82989E+00   1.97980E-01   5.93734E-02   2.11946E+01
    1.89110E+02   5.74193E+00   1.96980E-01   5.91607E-02   2.10462E+01
    1.88121E+02   5.65488E+00   1.95980E-01   5.89476E-02   2.08986E+01
    1.87132E+02   5.56874E+00   1.94980E-01   5.87344E-02   2.07517E+01
    1.86144E+02   5.48350E+00   1.93980E-01   5.85209E-02   2.06056E+01
    1.85157E+02   5.39916E+00   1.92980E-01   5.83072E-02   2.04603E+01
    1.84169E+02   5.31571E+00   1.91980E-01   5.80932E-02   2.03157E+01
    1.83183E+02   5.23315E+00   1.90980E-01   5.78790E-02   2.01718E+01
    1.82196E+02   5.15147E+00   1.89980E-01   5.76645E-02   2.00287E+01
    1.81210E+02   5.07067E+00   1.88980E-01   5.74498E-02   1.98864E+01
    1.80225E+02   4.99075E+00   1.87980E-01   5.72347E-02   1.97448E+01
    1.79240E+02   4.91169E+00   1.86980E-01   5.70194E-02   1.96039E+01
    1.78255E+02   4.83350E+00   1.85980E-01   5.68038E-02   1.94638E+01
    1.77271E+02   4.75617E+00   1.84980E-01   5.65880E-02   1.93244E+01
    1.76287E+02   4.67969E+00   1.83980E-01   5.63718E-02   1.91858E+01
    1.75304E+02   4.60406E+00   1.82980E-01   5.61553E-02   1.90479E+01
    1.74321E+02   4.52928E+00   1.81980E-01   5.59385E-02   1.89108E+01
    1.73338E+02   4.45534E+00   1.80980E-01   5.57214E-02   1.87744E+01
    1.72356E+02   4.38223E+00   1.79980E-01   5.55040E-02   1.86387E+01
    1.71374E+02   4.30996E+00   1.78980E-01   5.52862E-02   1.85038E+01
    1.70393E+02   4.23851E+00   1.77980E-01   5.50681E-02   1.83696E+01
    1.69412E+02   4.16788E+00   1.76980E-01   5.48496E-02   1.82362E+01
    1.68431E+02   4.09807E+00   1.75980E-01   5.46308E-02   1.81035E+01
    1.67451E+02   4.02907E+00   1.74980E-01   5.44116E-02   1.79715E+01
    1.66471E+02   3.96088E+00   1.73980E-01   5.41921E-02   1.78403E+01
    1.65492E+02   3.89349E+00   1.72980E-01   5.39722E-02   1.77098E+01
    1.64513E+02   3.82690E+00   1.71980E-01   5.37519E-02   1.75801E+01
    1.63534E+02   3.76110E+00   1.70980E-01   5.35312E-02   1.74510E+01
    1.62556E+02   3.69609E+00   1.69980E-01   5.33101E-02   1.73228E+01
    1.61578E+02   3.63186E+00   1.68980E-01   5.30886E-02   1.71952E+01
    1.60600E+02   3.56841E+00   1.67980E-01   5.28666E-02   1.70684E+01
    1.59623E+02   3.50574E+00   1.66980E-01   5.26443E-02   1.69423E+01
    1.58646E+02   3.44383E+00   1.65980E-01   5.24215E-02   1.68169E+01
    1.57670E+02   3.38269E+00   1.64980E-01   5.21983E-02   1.66923E+01
    1.56694E+02   3.32230E+00   1.63980E-01   5.19746E-02   1.65683E+01
    1.55718E+02   3.26267E+00   1.62980E-01   5.17505E-02   1.64451E+01
    1.54743E+02   3.20379E+00   1.61980E-01   5.15259E-02   1.63227E+01
    1.53768E+02   3.14565E+00   1.60980E-01   5.13009E-02   1.62009E+01
    1.52794E+02   3.08826E+00   1.59980E-01   5.10750E-02   1.60799E+01
    1.51819E+02   3.03160E+00   1.58980E-01   5.08490E-02   1.59596E+01
    1.50846E+02   2.97567E+00   1.57980E-01   5.06224E-02   1.58400E+01
    1.49872E+02   2.92046E+00   1.56980E-01   5.03954E-02   1.57211E+01
    1.48899E+02   2.86597E+00   1.55980E-01   5.01678E-02   1.56030E+01
    1.47926E+02   2.81220E+00   1.54980E-01   4.99397E-02   1.54856E+01
    1.46954E+02   2.75914E+00   1.53980E-01   4.97111E-02   1.53688E+01
    1.45982E+02   2.70678E+00   1.52980E-01   4.94819E-02   1.52528E+01
    1.45010E+02   2.65513E+00   1.51980E-01   4.92521E-02   1.51375E+01
    1.44038E+02   2.60417E+00   1.50980E-01   4.90218E-02   1.50229E+01
    1.43067E+02   2.55390E+00   1.49980E-01   4.87909E-02   1.49090E+01
    1.42097E+02   2.50432E+00   1.48980E-01   4.85594E-02   1.47958E+01
    1.41126E+02   2.45542E+00   1.47980E-01   4.83273E-02   1.46834E+01
    1.40156E+02   2.40719E+00   1.46980E-01   4.80946E-02   1.45716E+01
    1.39186E+02   2.35964E+00   1.45980E-01   4.78613E-02   1.44605E+01
    1.38217E+02   2.31275E+00   1.44980E-01   4.76273E-02   1.43501E+01
    1.37248E+02   2.26653E+00   1.43980E-01   4.73927E-02   1.42404E+01
    1.36279E+02   2.22096E+00   1.42980E-01   4.71575E-02   1.41314E+01
    1.35310E+02   2.17604E+00   1.41980E-01   4.69215E-02   1.40232E+01
    1.34342E+02   2.13178E+00   1.40980E-01   4.66849E-02   1.39155E+01
    1.33374E+02   2.08815E+00   1.39980E-01   4.64477E-02   1.38086E+01
    1.32407E+02   2.04516E+00   1.38980E-01   4.62097E-02   1.37024E+01
    1.31439E+02   2.00280E+00   1.37980E-01   4.59710E-02   1.35969E+01
    1.30472E+02   1.96107E+00   1.36980E-01   4.57315E-02   1.34920E+01
    1.29506E+02   1.91996E+00   1.35980E-01   4.54914E-02   1.33878E+01
    1.28539E+02   1.87946E+00   1.34980E-01   4.52505E-02   1.32843E+01
    1.27573E+02   1.83958E+00   1.33980E-01   4.50088E-02   1.31815E+01
    1.26608E+02   1.80031E+00   1.32980E-01   4.47663E-02   1.30794E+01
    1.25642E+02   1.76164E+00   1.31980E-01   4.45231E-02   1.29779E+01
    1.24677E+02   1.72357E+00   1.30980E-01   4.42791E-02   1.28771E+01
    1.23712E+02   1.68609E+00   1.29980E-01   4.40342E-02   1.27770E+01
    1.22747E+02   1.64919E+00   1.28980E-01   4.37885E-02   1.26775E+01
    1.21783E+02   1.61288E+00   1.27980E-01   4.35420E-02   1.25787E+01
    1.20819E+02   1.57715E+00   1.26980E-01   4.32947E-02   1.24806E+01
    1.19855E+02   1.54199E+00   1.25980E-01   4.30464E-02   1.23831E+01
    1.18892E+02   1.50740E+00   1.24980E-01   4.27973E-02   1.22863E+01
    1.17929E+02   1.47337E+00   1.23980E-01   4.25473E-02   1.21901E+01
    1.16966E+02   1.43989E+00   1.22980E-01   4.22963E-02   1.20945E+01
    1.16003E+02   1.40697E+00   1.21980E-01   4.20445E-02   1.19997E+01
    1.15041E+02   1.37460E+00   1.20980E-01   4.17917E-02   1.19054E+01
    1.14078E+02   1.34277E+00   1.19980E-01   4.15379E-02   1.18118E+01
    1.13117E+02   1.31148E+00   1.18980E-01   4.12832E-02   1.17189E+01
    1.12155E+02   1.28072E+00   1.17980E-01   4.10275E-02   1.16265E+01
    1.11194E+02   1.25049E+00   1.16980E-01   4.07708E-02   1.15348E+01
    1.10232E+02   1.22078E+00   1.15980E-01   4.05130E-02   1.14438E+01
    1.09272E+02   1.19159E+00   1.14980E-01   4.02543E-02   1.13533E+01
    1.08311E+02   1.16291E+00   1.13980E-01   3.99944E-02   1.12635E+01
    1.07351E+02   1.13474E+00   1.12980E-01   3.97335E-02   1.11743E+01
    1.06391E+02   1.10707E+00   1.11980E-01   3.94716E-02   1.10857E+01
    1.05431E+02   1.07990E+00   1.10980E-01   3.92085E-02   1.09977E+01
    1.04471E+02   1.05323E+00   1.09980E-01   3.89443E-02   1.09103E+01
    1.03512E+02   1.02704E+00   1.08980E-01   3.86790E-02   1.08236E+01
    1.02553E+02   1.00133E+00   1.07980E-01   3.84125E-02   1.07374E+01
    1.01594E+02   9.76097E-01   1.06980E-01   3.81448E-02   1.06518E+01
    1.00635E+02   9.51339E-01   1.05980E-01   3.78760E-02   1.05668E+01
    9.96767E+01   9.27049E-01   1.04980E-01   3.76059E-02   1.04824E+01
    9.87185E+01   9.03221E-01   1.03980E-01   3.73346E-02   1.03986E+01
    9.77605E+01   8.79850E-01   1.02980E-01   3.70621E-02   1.03153E+01
    9.68028E+01   8.56932E-01   1.01980E-01   3.67883E-02   1.02326E+01
    9.58452E+01   8.34460E-01   1.00980E-01   3.65132E-02   1.01505E+01
    9.48879E+01   8.12431E-01   9.99800E-02   3.62368E-02   1.00690E+01
    9.39308E+01   7.90840E-01   9.89800E-02   3.59591E-02   9.98798E+00
    9.29740E+01   7.69680E-01   9.79800E-02   3.56802E-02   9.90753E+00
    9.20173E+01   7.48947E-01   9.69800E-02   3.53998E-02   9.82763E+00
    9.10609E+01   7.28637E-01   9.59800E-02   3.51179E-02   9.74827E+00
    9.01046E+01   7.08743E-01   9.49800E-02   3.48347E-02   9.66944E+00
    8.91486E+01   6.89261E-01   9.39800E-02   3.45500E-02   9.59114E+00
    8.81928E+01   6.70186E-01   9.29800E-02   3.42639E-02   9.51336E+00
    8.72372E+01   6.51513E-01   9.19800E-02   3.39764E-02   9.43609E+00
    8.62817E+01   6.33237E-01   9.09800E-02   3.36873E-02   9.35934E+00
    8.53265E+01   6.15352E-01   8.99800E-02   3.33967E-02   9.28309E+00
    8.43715E+01   5.97854E-01   8.89800E-02   3.31046E-02   9.20733E+00
    8.34167E+01   5.80737E-01   8.79800E-02   3.28109E-02   9.13206E+00
    8.24620E+01   5.63997E-01   8.69800E-02   3.25156E-02   9.05727E+00
    8.15076E+01   5.47628E-01   8.59800E-02   3.22187E-02   8.98296E+00
    8.05533E+01   5.31626E-01   8.49800E-02   3.19202E-02   8.90912E+00
    7.95992E+01   5.15984E-01   8.39800E-02   3.16200E-02   8.83573E+00
    7.86454E+01   5.00699E-01   8.29800E-02   3.13181E-02   8.76279E+00
    7.76917E+01   4.85765E-01   8.19800E-02   3.10146E-02   8.69029E+00
    7.67381E+01   4.71177E-01   8.09800E-02   3.07093E-02   8.61823E+00
    7.57848E+01   4.56930E-01   7.99800E-02   3.04022E-02   8.54659E+00
    7.48316E+01   4.43019E-01   7.89800E-02   3.00934E-02   8.47536E+00
    7.38786E+01   4.29438E-01   7.79800E-02   2.97828E-02   8.40454E+00
    7.29258E+01   4.16184E-01   7.69800E-02   2.94703E-02   8.33412E+00
    7.19731E+01   4.03250E-01   7.59800E-02   2.91560E-02   8.26408E+00
    7.10206E+01   3.93002E-01   7.49800E-02   2.89491E-02   8.19418E+00
    7.00683E+01   3.82054E-01   7.39800E-02   2.87028E-02   8.12433E+00
    6.91160E+01   3.71126E-01   7.29800E-02   2.84507E-02   8.05458E+00
    6.81640E+01   3.60322E-01   7.19800E-02   2.81978E-02   7.98497E+00
    6.72121E+01   3.49687E-01   7.09800E-02   2.79459E-02   7.91549E+00
    6.62603E+01   3.39245E-01   6.99800E-02   2.76960E-02   7.84615E+00
    6.53087E+01   3.29009E-01   6.89800E-02   2.74487E-02   7.77694E+00
    6.43572E+01   3.18985E-01   6.79800E-02   2.72042E-02   7.70786E+00
    6.34059E+01   3.09174E-01   6.69800E-02   2.69629E-02   7.63889E+00
    6.24547E+01   2.99577E-01   6.59800E-02   2.67252E-02   7.57002E+00
    6.15037E+01   2.90193E-01   6.49800E-02   2.64911E-02   7.50125E+00
    6.05528E+01   2.81020E-01   6.39800E-02   2.62610E-02   7.43257E+00
    5.96020E+01   2.72056E-01   6.29800E-02   2.60350E-02   7.36395E+00
    5.86514E+01   2.63300E-01   6.19800E-02   2.58133E-02   7.29538E+00
    5.77009E+01   2.54747E-01   6.09800E-02   2.55962E-02   7.22686E+00
    5.67506E+01   2.46395E-01   5.99800E-02   2.53838E-02   7.15837E+00
    5.58004E+01   2.38242E-01   5.89800E-02   2.51762E-02   7.08988E+00
    5.48503E+01   2.30284E-01   5.79800E-02   2.49737E-02   7.02138E+00
    5.39004E+01   2.22518E-01   5.69800E-02   2.47763E-02   6.95287E+00
    5.29506E+01   2.14941E-01   5.59800E-02   2.45842E-02   6.88431E+00
    5.20009E+01   2.07549E-01   5.49800E-02   2.43976E-02   6.81568E+00
    5.10514E+01   2.00339E-01   5.39800E-02   2.42166E-02   6.74698E+00
    5.01020E+01   1.93308E-01   5.29800E-02   2.40414E-02   6.67817E+00
    4.91528E+01   1.86453E-01   5.19800E-02   2.38720E-02   6.60923E+00
    4.82036E+01   1.79770E-01   5.09800E-02   2.37087E-02   6.54014E+00
    4.72546E+01   1.73256E-01   4.99800E-02   2.35516E-02   6.47088E+00
    4.63058E+01   1.66907E-01   4.89800E-02   2.34009E-02   6.40142E+00
    4.53570E+01   1.60719E-01   4.79800E-02   2.32567E-02   6.33173E+00
    4.44084E+01   1.54691E-01   4.69800E-02   2.31191E-02   6.26178E+00
    4.34599E+01   1.48818E-01   4.59800E-02   2.29885E-02   6.19154E+00
    4.25115E+01   1.43097E-01   4.49800E-02   2.28649E-02   6.12099E+00
    4.15633E+01   1.37524E-01   4.39800E-02   2.27485E-02   6.05007E+00
    4.06152E+01   1.32097E-01   4.29800E-02   2.26396E-02   5.97877E+00
    3.96672E+01   1.26813E-01   4.19800E-02   2.25383E-02   5.90704E+00
    3.87193E+01   1.21667E-01   4.09800E-02   2.24450E-02   5.83484E+00
    3.77716E+01   1.16657E-01   3.99800E-02   2.23598E-02   5.76213E+00
    3.68240E+01   1.11780E-01   3.89800E-02   2.22831E-02   5.68886E+00
    3.58765E+01   1.07033E-01   3.79800E-02   2.22150E-02   5.61498E+00
    3.49291E+01   1.02413E-01   3.69800E-02   2.21561E-02   5.54044E+00
    3.39819E+01   9.79154E-02   3.59800E-02   2.21066E-02   5.46518E+00
    3.30347E+01   9.35388E-02   3.49800E-02   2.20668E-02   5.38915E+00
    3.20877E+01   8.92797E-02   3.39800E-02   2.20373E-02   5.31227E+00
    3.11409E+01   8.51352E-02   3.29800E-02   2.20184E-02   5.23448E+00
    3.01941E+01   8.11023E-02   3.19800E-02   2.20107E-02   5.15570E+00
    2.92475E+01   7.71782E-02   3.09800E-02   2.20147E-02   5.07585E+00
    2.83010E+01   7.33601E-02   2.99800E-02   2.20312E-02   4.99484E+00
    2.73546E+01   6.96451E-02   2.89800E-02   2.20607E-02   4.91258E+00
    2.64083E+01   6.60305E-02   2.79800E-02   2.21042E-02   4.82895E+00
    2.54622E+01   6.25135E-02   2.69800E-02   2.21624E-02   4.74385E+00
    2.45162E+01   5.90916E-02   2.59800E-02   2.22364E-02   4.65715E+00
    2.35703E+01   5.57623E-02   2.49800E-02   2.23275E-02   4.56870E+00
    2.26246E+01   5.25229E-02   2.39800E-02   2.24369E-02   4.47837E+00
    2.16790E+01   4.93711E-02   2.29800E-02   2.25662E-02   4.38597E+00
    2.07335E+01   4.63047E-02   2.19800E-02   2.27172E-02   4.29132E+00
    1.97882E+01   4.33214E-02   2.09800E-02   2.28922E-02   4.19421E+00
    1.88430E+01   4.04192E-02   1.99800E-02   2.30935E-02   4.09439E+00
    1.78980E+01   3.75962E-02   1.89800E-02   2.33243E-02   3.99161E+00
    1.69531E+01   3.48508E-02   1.79800E-02   2.35883E-02   3.88555E+00
    1.60083E+01   3.21815E-02   1.69800E-02   2.38898E-02   3.77588E+00
    1.50637E+01   2.95870E-02   1.59800E-02   2.42344E-02   3.66218E+00
    1.41193E+01   2.70665E-02   1.49800E-02   2.46290E-02   3.54398E+00
    1.31750E+01   2.46194E-02   1.39800E-02   2.50823E-02   3.42074E+00
    1.22309E+01   2.22455E-02   1.29800E-02   2.56055E-02   3.29181E+00
    1.12870E+01   1.99452E-02   1.19800E-02   2.62135E-02   3.15638E+00
    1.03433E+01   1.77195E-02   1.09800E-02   2.69260E-02   3.01351E+00
    9.39978E+00   1.55701E-02   9.98000E-03   2.77704E-02   2.86198E+00
    8.45647E+00   1.34999E-02   8.98000E-03   2.87855E-02   2.70028E+00
    7.51338E+00   1.15127E-02   7.98000E-03   3.00284E-02   2.52640E+00
    6.57054E+00   9.61413E-03   6.98000E-03   3.15870E-02   2.33765E+00
    5.62796E+00   7.81201E-03   5.98000E-03   3.36044E-02   2.13022E+00
    4.68567E+00   6.11720E-03   4.98000E-03   3.63322E-02   1.89841E+00
    3.74372E+00   4.54514E-03   3.98000E-03   4.02592E-02   1.63295E+00
    2.80214E+00   3.11852E-03   2.98000E-03   4.64889E-02   1.31677E+00
    1.86102E+00   1.87283E-03   1.98000E-03   5.82026E-02   9.10972E-01
    9.20490E-01   8.70340E-04   9.80000E-04   9.04841E-02   2.75648E-01
    8.26478E-01   7.87514E-04   8.80000E-04   9.73388E-02   1.79738E-01
    7.32475E-01   7.08503E-04   7.80000E-04   1.05804E-01   7.10412E-02
    6.38483E-01   6.33518E-04   6.80000E-04   1.16548E-01  -5.50811E-02
    5.44500E-01   5.62772E-04   5.80000E-04   1.30680E-01  -2.06174E-01
    4.50530E-01   4.96449E-04   4.80000E-04   1.50173E-01  -3.95523E-01
    3.56573E-01   4.34587E-04   3.80000E-04   1.78936E-01  -6.49224E-01
    3.47178E-01   4.28635E-04   3.70000E-04   1.82588E-01  -6.79919E-01
    3.37784E-01   4.22722E-04   3.60000E-04   1.86425E-01  -7.11875E-01
    3.28389E-01   4.16846E-04   3.50000E-04   1.90461E-01  -7.45189E-01
    3.18995E-01   4.11007E-04   3.40000E-04   1.94712E-01  -7.79970E-01
    3.09601E-01   4.05200E-04   3.30000E-04   1.99194E-01  -8.16340E-01
    3.00207E-01   3.99425E-04   3.20000E-04   2.03929E-01  -8.54434E-01
    2.90813E-01   3.93676E-04   3.10000E-04   2.08937E-01  -8.94406E-01
    2.81419E-01   3.87951E-04   3.00000E-04   2.14243E-01  -9.36425E-01
    2.72026E-01   3.82244E-04   2.90000E-04   2.19873E-01  -9.80685E-01
    2.62632E-01   3.76549E-04   2.80000E-04   2.25858E-01  -1.02740E+00
    2.53239E-01   3.70857E-04   2.70000E-04   2.32230E-01  -1.07683E+00
    2.43846E-01   3.65157E-04   2.60000E-04   2.39026E-01  -1.12925E+00
    2.34454E-01   3.59435E-04   2.50000E-04   2.46287E-01  -1.18498E+00
    2.25061E-01   3.53672E-04   2.40000E-04   2.54057E-01  -1.24440E+00
    2.15669E-01   3.47842E-04   2.30000E-04   2.62381E-01  -1.30794E+00
    2.06277E-01   3.41904E-04   2.20000E-04   2.71307E-01  -1.37609E+00
    1.96886E-01   3.35797E-04   2.10000E-04   2.80874E-01  -1.44942E+00
    1.87494E-01   3.29418E-04   2.00000E-04   2.91100E-01  -1.52861E+00
    1.78103E-01   3.22564E-04   1.90000E-04   3.01931E-01  -1.61440E+00
    1.68713E-01   3.14694E-04   1.80000E-04   3.13040E-01  -1.70758E+00
    1.59323E-01   3.00417E-04   1.70000E-04   3.20142E-01  -1.80848E+00
    1.49934E-01   2.79790E-04   1.60000E-04   3.22468E-01  -1.91505E+00
    1.40546E-01   2.59327E-04   1.50000E-04   3.24908E-01  -2.02727E+00
    1.31160E-01   2.39044E-04   1.40000E-04   3.27474E-01  -2.14581E+00
    1.21775E-01   2.18958E-04   1.30000E-04   3.30181E-01  -2.27149E+00
    1.12391E-01   1.99089E-04   1.20000E-04   3.33048E-01  -2.40530E+00
    1.03010E-01   1.79464E-04   1.10000E-04   3.36097E-01  -2.54846E+00
    9.36297E-02   1.60109E-04   1.00000E-04   3.39358E-01  -2.70251E+00
    8.42517E-02   1.41059E-04   9.00000E-05   3.42865E-01  -2.86942E+00
    7.48759E-02   1.22358E-04   8.00000E-05   3.46666E-01  -3.05180E+00
    6.55023E-02   1.04057E-04   7.00000E-05   3.50826E-01  -3.25316E+00
    5.61313E-02   8.62226E-05   6.00000E-05   3.55433E-01  -3.47850E+00
    4.67632E-02   6.89446E-05   5.00000E-05   3.60619E-01  -3.73519E+00
    3.73986E-02   5.23446E-05   4.00000E-05   3.66594E-01  -4.03502E+00
    2.80380E-02   3.66021E-05   3.00000E-05   3.73720E-01  -4.39869E+00
    1.86826E-02   2.20082E-05   2.00000E-05   3.82744E-01  -4.86890E+00
    9.33435E-03   9.12952E-06   1.00000E-05   3.95733E-01  -5.56534E+00
    8.40006E-03   7.97873E-06   9.00000E-06   3.97468E-01  -5.66014E+00
    7.46590E-03   6.86120E-06   8.00000E-06   3.99339E-01  -5.76285E+00
    6.53187E-03   5.78037E-06   7.00000E-06   4.01377E-01  -5.87523E+00
    5.59800E-03   4.74054E-06   6.00000E-06   4.03623E-01  -5.99976E+00
    4.66430E-03   3.74725E-06   5.00000E-06   4.06139E-01  -6.14008E+00
    3.73079E-03   2.80793E-06   4.00000E-06   4.09024E-01  -6.30197E+00
    2.79751E-03   1.93322E-06   3.00000E-06   4.12448E-01  -6.49554E+00
    1.86452E-03   1.13986E-06   2.00000E-06   4.16762E-01  -6.74147E+00
    9.31903E-04   4.59461E-07   1.00000E-06   4.22933E-01  -7.09705E+00
    8.38670E-04   3.99957E-07   9.00000E-07   4.23754E-01  -7.14467E+00
    7.45443E-04   3.42449E-07   8.00000E-07   4.24638E-01  -7.19604E+00
    6.52224E-04   2.87120E-07   7.00000E-07   4.25600E-01  -7.25200E+00
    5.59012E-04   2.34195E-07   6.00000E-07   4.26659E-01  -7.31369E+00
    4.65809E-04   1.83965E-07   5.00000E-07   4.27844E-01  -7.38279E+00
    3.72615E-04   1.36814E-07   4.00000E-07   4.29199E-01  -7.46197E+00
    2.79433E-04   9.32933E-08   3.00000E-07   4.30804E-01  -7.55584E+00
    1.86265E-04   5.42638E-08   2.00000E-07   4.32817E-01  -7.67374E+00
    9.31159E-05   2.13387E-08   1.00000E-07   4.35677E-01  -7.84105E+00
    8.38023E-05   1.85001E-08   9.00000E-08   4.36055E-01  -7.86312E+00
    7.44891E-05   1.57667E-08   8.00000E-08   4.36461E-01  -7.88683E+00
    6.51761E-05   1.31477E-08   7.00000E-08   4.36902E-01  -7.91253E+00
    5.58636E-05   1.06544E-08   6.00000E-08   4.37386E-01  -7.94068E+00
    4.65514E-05   8.30171E-09   5.00000E-08   4.37925E-01  -7.97200E+00
    3.72397E-05   6.10913E-09   4.00000E-08   4.38539E-01  -8.00755E+00
    2.79285E-05   4.10465E-09   3.00000E-08   4.39260E-01  -8.04916E+00
    1.86180E-05   2.33212E-09   2.00000E-08   4.40155E-01  -8.10046E+00
    9.30829E-06   8.73695E-10   1.00000E-08   4.41399E-01  -8.17078E+00
    8.37738E-06   7.51141E-10   9.00000E-09   4.41560E-01  -8.17978E+00
    7.44648E-06   6.33964E-10   8.00000E-09   4.41732E-01  -8.18936E+00
    6.51560E-06   5.22630E-10   7.00000E-09   4.41917E-01  -8.19964E+00
    5.58474E-06   4.17712E-10   6.00000E-09   4.42118E-01  -8.21075E+00
    4.65389E-06   3.19939E-10   5.00000E-09   4.42340E-01  -8.22293E+00
    3.72305E-06   2.30279E-10   4.00000E-09   4.42589E-01  -8.23649E+00
    2.79224E-06   1.50085E-10   3.00000E-09   4.42875E-01  -8.25194E+00
    1.86146E-06   8.14275E-11   2.00000E-09   4.43220E-01  -8.27029E+00
    9.30706E-07   2.79981E-11   1.00000E-09   4.43672E-01  -8.29388E+00
    8.37633E-07   2.37467E-11   9.00000E-10   4.43728E-01  -8.29674E+00
    7.44560E-07   1.97390E-11   8.00000E-10   4.43787E-01  -8.29975E+00
    6.51488E-07   1.59923E-11   7.00000E-10   4.43849E-01  -8.30292E+00
    5.58416E-07   1.25273E-11   6.00000E-10   4.43916E-01  -8.30629E+00
    4.65345E-07   9.36959E-12   5.00000E-10   4.43988E-01  -8.30990E+00
    3.72274E-07   6.55138E-12   4.00000E-10   4.44066E-01  -8.31381E+00
    2.79205E-07   4.11563E-12   3.00000E-10   4.44154E-01  -8.31813E+00
    1.86135E-07   2.12349E-12   2.00000E-10   4.44254E-01  -8.32304E+00
    9.30671E-08   6.74134E-13   1.00000E-10   4.44378E-01  -8.32896E+00
    8.37603E-08   5.65298E-13   9.00000E-11   4.44392E-01  -8.32965E+00
    7.44536E-08   4.64061E-13   8.00000E-11   4.44408E-01  -8.33036E+00
    6.51468E-08   3.70799E-13   7.00000E-11   4.44423E-01  -8.33110E+00
    5.58401E-08   2.85953E-13   6.00000E-11   4.44440E-01  -8.33188E+00
    4.65334E-08   2.10055E-13   5.00000E-11   4.44458E-01  -8.33269E+00
    3.72267E-08   1.43762E-13   4.00000E-11   4.44477E-01  -8.33357E+00
    2.79200E-08   8.79258E-14   3.00000E-11   4.44497E-01  -8.33450E+00
    1.86133E-08   4.37284E-14   2.00000E-11   4.44520E-01  -8.33553E+00
    9.30663E-09   1.30298E-14   1.00000E-11   4.44547E-01  -8.33671E+00
    8.37597E-09   1.08169E-14   9.00000E-12   4.44550E-01  -8.33684E+00
    7.44530E-09   8.77842E-15   8.00000E-12   4.44554E-01  -8.33698E+00
    6.51464E-09   6.92109E-15   7.00000E-12   4.44557E-01  -8.33712E+00
    5.58398E-09   5.25271E-15   6.00000E-12   4.44560E-01  -8.33726E+00
    4.65331E-09   3.78260E-15   5.00000E-12   4.44564E-01  -8.33741E+00
    3.72265E-09   2.52224E-15   4.00000E-12   4.44568E-01  -8.33757E+00
    2.79199E-09   1.48631E-15   3.00000E-12   4.44572E-01  -8.33773E+00
    1.86132E-09   6.94885E-16   2.00000E-12   4.44576E-01  -8.33790E+00
    9.30662E-10   1.78712E-16   1.00000E-12   4.44581E-01  -8.33807E+00
    8.37596E-10   1.44061E-16   9.00000E-13   4.44582E-01  -8.33809E+00
    7.44530E-10   1.12781E-16   8.00000E-13   4.44583E-01  -8.33811E+00
    6.51463E-10   8.49695E-17   7.00000E-13   4.44583E-01  -8.33813E+00
    5.58397E-10   6.07398E-17   6.00000E-13   4.44584E-01  -8.33814E+00
    4.65331E-10   4.02221E-17   5.00000E-13   4.44584E-01  -8.33816E+00
    3.72265E-10   2.35709E-17   4.00000E-13   4.44585E-01  -8.33818E+00
    2.79199E-10   1.09737E-17   3.00000E-13   4.44586E-01  -8.33819E+00
    1.86132E-10   2.66548E-18   2.00000E-13   4.44586E-01  -8.33820E+00
