    3.97671E+03   3.55792E+03   1.99098E+00   3.85212E-01   1.05836E+03
    3.93899E+03   3.50979E+03   1.98098E+00   3.84413E-01   1.04940E+03
    3.90151E+03   3.46210E+03   1.97098E+00   3.83606E-01   1.04048E+03
    3.86427E+03   3.41483E+03   1.96098E+00   3.82790E-01   1.03158E+03
    3.82727E+03   3.36798E+03   1.95098E+00   3.81966E-01   1.02272E+03
    3.79051E+03   3.32155E+03   1.94098E+00   3.81134E-01   1.01388E+03
    3.75398E+03   3.27554E+03   1.93098E+00   3.80293E-01   1.00508E+03
    3.71770E+03   3.22995E+03   1.92098E+00   3.79444E-01   9.96314E+02
    3.68165E+03   3.18477E+03   1.91098E+00   3.78586E-01   9.87577E+02
    3.64584E+03   3.14001E+03   1.90098E+00   3.77719E-01   9.78872E+02
    3.61026E+03   3.09566E+03   1.89098E+00   3.76843E-01   9.70198E+02
    3.57491E+03   3.05172E+03   1.88098E+00   3.75958E-01   9.61557E+02
    3.53980E+03   3.00819E+03   1.87098E+00   3.75064E-01   9.52948E+02
    3.50491E+03   2.96506E+03   1.86098E+00   3.74161E-01   9.44370E+02
    3.47026E+03   2.92234E+03   1.85098E+00   3.73248E-01   9.35825E+02
    3.43584E+03   2.88002E+03   1.84098E+00   3.72326E-01   9.27311E+02
    3.40165E+03   2.83810E+03   1.83098E+00   3.71394E-01   9.18830E+02
    3.36768E+03   2.79658E+03   1.82098E+00   3.70453E-01   9.10380E+02
    3.33395E+03   2.75546E+03   1.81098E+00   3.69502E-01   9.01962E+02
    3.30043E+03   2.71473E+03   1.80098E+00   3.68541E-01   8.93576E+02
    3.26715E+03   2.67439E+03   1.79098E+00   3.67570E-01   8.85223E+02
    3.23408E+03   2.63445E+03   1.78098E+00   3.66588E-01   8.76901E+02
    3.20124E+03   2.59489E+03   1.77098E+00   3.65597E-01   8.68612E+02
    3.16863E+03   2.55572E+03   1.76098E+00   3.64595E-01   8.60354E+02
    3.13623E+03   2.51694E+03   1.75098E+00   3.63582E-01   8.52129E+02
    3.10405E+03   2.47854E+03   1.74098E+00   3.62559E-01   8.43935E+02
    3.07210E+03   2.44052E+03   1.73098E+00   3.61525E-01   8.35774E+02
    3.04036E+03   2.40289E+03   1.72098E+00   3.60480E-01   8.27645E+02
    3.00884E+03   2.36563E+03   1.71098E+00   3.59424E-01   8.19548E+02
    2.97754E+03   2.32875E+03   1.70098E+00   3.58357E-01   8.11483E+02
    2.94645E+03   2.29224E+03   1.69098E+00   3.57279E-01   8.03451E+02
    2.91558E+03   2.25610E+03   1.68098E+00   3.56189E-01   7.95450E+02
    2.88492E+03   2.22033E+03   1.67098E+00   3.55087E-01   7.87482E+02
    2.85447E+03   2.18494E+03   1.66098E+00   3.53974E-01   7.79546E+02
    2.82424E+03   2.14991E+03   1.65098E+00   3.52849E-01   7.71643E+02
    2.79421E+03   2.11524E+03   1.64098E+00   3.51713E-01   7.63772E+02
    2.76440E+03   2.08094E+03   1.63098E+00   3.50564E-01   7.55933E+02
    2.73480E+03   2.04700E+03   1.62098E+00   3.49403E-01   7.48126E+02
    2.70540E+03   2.01341E+03   1.61098E+00   3.48229E-01   7.40352E+02
    2.67621E+03   1.98019E+03   1.60098E+00   3.47043E-01   7.32610E+02
    2.64723E+03   1.94732E+03   1.59098E+00   3.45845E-01   7.24900E+02
    2.61846E+03   1.91480E+03   1.58098E+00   3.44633E-01   7.17224E+02
    2.58988E+03   1.88264E+03   1.57098E+00   3.43409E-01   7.09579E+02
    2.56152E+03   1.85082E+03   1.56098E+00   3.42172E-01   7.01967E+02
    2.53335E+03   1.81935E+03   1.55098E+00   3.40921E-01   6.94388E+02
    2.50539E+03   1.78823E+03   1.54098E+00   3.39657E-01   6.86841E+02
    2.47763E+03   1.75745E+03   1.53098E+00   3.38380E-01   6.79326E+02
    2.45006E+03   1.72702E+03   1.52098E+00   3.37089E-01   6.71845E+02
    2.42270E+03   1.69692E+03   1.51098E+00   3.35785E-01   6.64396E+02
    2.39553E+03   1.66717E+03   1.50098E+00   3.34466E-01   6.56979E+02
    2.36856E+03   1.63775E+03   1.49098E+00   3.33133E-01   6.49596E+02
    2.34179E+03   1.60866E+03   1.48098E+00   3.31787E-01   6.42245E+02
    2.31521E+03   1.57991E+03   1.47098E+00   3.30426E-01   6.34927E+02
    2.28883E+03   1.55149E+03   1.46098E+00   3.29050E-01   6.27642E+02
    2.26264E+03   1.52339E+03   1.45098E+00   3.27660E-01   6.20389E+02
    2.23665E+03   1.49563E+03   1.44098E+00   3.26256E-01   6.13170E+02
    2.21084E+03   1.46819E+03   1.43098E+00   3.24836E-01   6.05984E+02
    2.18523E+03   1.44107E+03   1.42098E+00   3.23401E-01   5.98830E+02
    2.15980E+03   1.41427E+03   1.41098E+00   3.21952E-01   5.91710E+02
    2.13456E+03   1.38780E+03   1.40098E+00   3.20487E-01   5.84623E+02
    2.10952E+03   1.36164E+03   1.39098E+00   3.19006E-01   5.77568E+02
    2.08465E+03   1.33579E+03   1.38098E+00   3.17510E-01   5.70548E+02
    2.05998E+03   1.31026E+03   1.37098E+00   3.15999E-01   5.63560E+02
    2.03549E+03   1.28504E+03   1.36098E+00   3.14472E-01   5.56606E+02
    2.01118E+03   1.26014E+03   1.35098E+00   3.12928E-01   5.49685E+02
    1.98706E+03   1.23554E+03   1.34098E+00   3.11369E-01   5.42797E+02
    1.96312E+03   1.21124E+03   1.33098E+00   3.09793E-01   5.35943E+02
    1.93936E+03   1.18725E+03   1.32098E+00   3.08202E-01   5.29122E+02
    1.91578E+03   1.16357E+03   1.31098E+00   3.06594E-01   5.22335E+02
    1.89238E+03   1.14018E+03   1.30098E+00   3.04969E-01   5.15582E+02
    1.86916E+03   1.11709E+03   1.29098E+00   3.03328E-01   5.08862E+02
    1.84612E+03   1.09430E+03   1.28098E+00   3.01670E-01   5.02177E+02
    1.82325E+03   1.07181E+03   1.27098E+00   2.99995E-01   4.95525E+02
    1.80056E+03   1.04960E+03   1.26098E+00   2.98303E-01   4.88907E+02
    1.77805E+03   1.02769E+03   1.25098E+00   2.96594E-01   4.82323E+02
    1.75570E+03   1.00607E+03   1.24098E+00   2.94868E-01   4.75773E+02
    1.73354E+03   9.84734E+02   1.23098E+00   2.93125E-01   4.69257E+02
    1.71154E+03   9.63685E+02   1.22098E+00   2.91364E-01   4.62776E+02
    1.68972E+03   9.42920E+02   1.21098E+00   2.89587E-01   4.56329E+02
    1.66806E+03   9.22437E+02   1.20098E+00   2.87791E-01   4.49916E+02
    1.64658E+03   9.02234E+02   1.19098E+00   2.85979E-01   4.43538E+02
    1.62526E+03   8.82309E+02   1.18098E+00   2.84148E-01   4.37195E+02
    1.60411E+03   8.62661E+02   1.17098E+00   2.82300E-01   4.30886E+02
    1.58313E+03   8.43287E+02   1.16098E+00   2.80435E-01   4.24612E+02
    1.56231E+03   8.24186E+02   1.15098E+00   2.78551E-01   4.18373E+02
    1.54166E+03   8.05356E+02   1.14098E+00   2.76650E-01   4.12169E+02
    1.52117E+03   7.86795E+02   1.13098E+00   2.74732E-01   4.06000E+02
    1.50084E+03   7.68502E+02   1.12098E+00   2.72795E-01   3.99867E+02
    1.48068E+03   7.50474E+02   1.11098E+00   2.70841E-01   3.93769E+02
    1.46068E+03   7.32709E+02   1.10098E+00   2.68869E-01   3.87706E+02
    1.44084E+03   7.15207E+02   1.09098E+00   2.66879E-01   3.81680E+02
    1.42115E+03   6.97964E+02   1.08098E+00   2.64872E-01   3.75689E+02
    1.40163E+03   6.80980E+02   1.07098E+00   2.62847E-01   3.69734E+02
    1.38226E+03   6.64253E+02   1.06098E+00   2.60804E-01   3.63815E+02
    1.36305E+03   6.47780E+02   1.05098E+00   2.58744E-01   3.57932E+02
    1.34399E+03   6.31561E+02   1.04098E+00   2.56666E-01   3.52085E+02
    1.32509E+03   6.15593E+02   1.03098E+00   2.54571E-01   3.46276E+02
    1.30635E+03   5.99874E+02   1.02098E+00   2.52459E-01   3.40502E+02
    1.28775E+03   5.84403E+02   1.01098E+00   2.50329E-01   3.34766E+02
    1.26931E+03   5.69178E+02   1.00098E+00   2.48183E-01   3.29067E+02
    1.26015E+03   5.61658E+02   9.95980E-01   2.47103E-01   3.26231E+02
    1.25102E+03   5.54198E+02   9.90980E-01   2.46019E-01   3.23405E+02
    1.24193E+03   5.46799E+02   9.85980E-01   2.44931E-01   3.20588E+02
    1.23288E+03   5.39460E+02   9.80980E-01   2.43839E-01   3.17780E+02
    1.22386E+03   5.32182E+02   9.75980E-01   2.42743E-01   3.14982E+02
    1.21488E+03   5.24963E+02   9.70980E-01   2.41643E-01   3.12193E+02
    1.20594E+03   5.17805E+02   9.65980E-01   2.40538E-01   3.09414E+02
    1.19704E+03   5.10706E+02   9.60980E-01   2.39430E-01   3.06644E+02
    1.18817E+03   5.03667E+02   9.55980E-01   2.38317E-01   3.03884E+02
    1.17934E+03   4.96686E+02   9.50980E-01   2.37200E-01   3.01133E+02
    1.17055E+03   4.89765E+02   9.45980E-01   2.36080E-01   2.98392E+02
    1.16179E+03   4.82903E+02   9.40980E-01   2.34955E-01   2.95660E+02
    1.15307E+03   4.76099E+02   9.35980E-01   2.33827E-01   2.92938E+02
    1.14438E+03   4.69353E+02   9.30980E-01   2.32695E-01   2.90225E+02
    1.13574E+03   4.62666E+02   9.25980E-01   2.31558E-01   2.87523E+02
    1.12712E+03   4.56036E+02   9.20980E-01   2.30418E-01   2.84830E+02
    1.11855E+03   4.49465E+02   9.15980E-01   2.29275E-01   2.82146E+02
    1.11000E+03   4.42951E+02   9.10980E-01   2.28127E-01   2.79473E+02
    1.10150E+03   4.36494E+02   9.05980E-01   2.26976E-01   2.76809E+02
    1.09303E+03   4.30094E+02   9.00980E-01   2.25821E-01   2.74155E+02
    1.08459E+03   4.23752E+02   8.95980E-01   2.24663E-01   2.71510E+02
    1.07619E+03   4.17466E+02   8.90980E-01   2.23500E-01   2.68876E+02
    1.06783E+03   4.11236E+02   8.85980E-01   2.22335E-01   2.66252E+02
    1.05950E+03   4.05063E+02   8.80980E-01   2.21166E-01   2.63637E+02
    1.05120E+03   3.98946E+02   8.75980E-01   2.19993E-01   2.61033E+02
    1.04294E+03   3.92885E+02   8.70980E-01   2.18817E-01   2.58438E+02
    1.03472E+03   3.86880E+02   8.65980E-01   2.17638E-01   2.55854E+02
    1.02653E+03   3.80931E+02   8.60980E-01   2.16455E-01   2.53279E+02
    1.01837E+03   3.75036E+02   8.55980E-01   2.15269E-01   2.50715E+02
    1.01025E+03   3.69197E+02   8.50980E-01   2.14080E-01   2.48161E+02
    1.00216E+03   3.63413E+02   8.45980E-01   2.12888E-01   2.45617E+02
    9.94108E+02   3.57684E+02   8.40980E-01   2.11693E-01   2.43083E+02
    9.86088E+02   3.52009E+02   8.35980E-01   2.10494E-01   2.40559E+02
    9.78102E+02   3.46388E+02   8.30980E-01   2.09293E-01   2.38046E+02
    9.70149E+02   3.40822E+02   8.25980E-01   2.08088E-01   2.35543E+02
    9.62230E+02   3.35310E+02   8.20980E-01   2.06881E-01   2.33050E+02
    9.54344E+02   3.29852E+02   8.15980E-01   2.05671E-01   2.30568E+02
    9.46492E+02   3.24447E+02   8.10980E-01   2.04459E-01   2.28096E+02
    9.38672E+02   3.19096E+02   8.05980E-01   2.03243E-01   2.25635E+02
    9.30886E+02   3.13797E+02   8.00980E-01   2.02026E-01   2.23184E+02
    9.23133E+02   3.08552E+02   7.95980E-01   2.00805E-01   2.20744E+02
    9.15412E+02   3.03360E+02   7.90980E-01   1.99582E-01   2.18314E+02
    9.07724E+02   2.98221E+02   7.85980E-01   1.98357E-01   2.15895E+02
    9.00069E+02   2.93134E+02   7.80980E-01   1.97129E-01   2.13487E+02
    8.92446E+02   2.88099E+02   7.75980E-01   1.95899E-01   2.11089E+02
    8.84855E+02   2.83117E+02   7.70980E-01   1.94667E-01   2.08702E+02
    8.77297E+02   2.78186E+02   7.65980E-01   1.93433E-01   2.06326E+02
    8.69770E+02   2.73307E+02   7.60980E-01   1.92197E-01   2.03961E+02
    8.62276E+02   2.68480E+02   7.55980E-01   1.90959E-01   2.01607E+02
    8.54813E+02   2.63704E+02   7.50980E-01   1.89719E-01   1.99263E+02
    8.47382E+02   2.58979E+02   7.45980E-01   1.88477E-01   1.96931E+02
    8.39982E+02   2.54305E+02   7.40980E-01   1.87233E-01   1.94609E+02
    8.32613E+02   2.49682E+02   7.35980E-01   1.85988E-01   1.92299E+02
    8.25276E+02   2.45110E+02   7.30980E-01   1.84741E-01   1.90000E+02
    8.17970E+02   2.40588E+02   7.25980E-01   1.83493E-01   1.87712E+02
    8.10695E+02   2.36117E+02   7.20980E-01   1.82244E-01   1.85435E+02
    8.03451E+02   2.31695E+02   7.15980E-01   1.80993E-01   1.83169E+02
    7.96237E+02   2.27324E+02   7.10980E-01   1.79741E-01   1.80915E+02
    7.89054E+02   2.23002E+02   7.05980E-01   1.78488E-01   1.78672E+02
    7.81902E+02   2.18730E+02   7.00980E-01   1.77234E-01   1.76441E+02
    7.74780E+02   2.14507E+02   6.95980E-01   1.75979E-01   1.74221E+02
    7.67687E+02   2.10333E+02   6.90980E-01   1.74723E-01   1.72013E+02
    7.60625E+02   2.06209E+02   6.85980E-01   1.73467E-01   1.69816E+02
    7.53593E+02   2.02133E+02   6.80980E-01   1.72209E-01   1.67631E+02
    7.46591E+02   1.98106E+02   6.75980E-01   1.70952E-01   1.65457E+02
    7.39618E+02   1.94127E+02   6.70980E-01   1.69694E-01   1.63295E+02
    7.32675E+02   1.90196E+02   6.65980E-01   1.68435E-01   1.61145E+02
    7.25761E+02   1.86314E+02   6.60980E-01   1.67176E-01   1.59007E+02
    7.18876E+02   1.82480E+02   6.55980E-01   1.65917E-01   1.56881E+02
    7.12020E+02   1.78693E+02   6.50980E-01   1.64659E-01   1.54766E+02
    7.05193E+02   1.74954E+02   6.45980E-01   1.63400E-01   1.52664E+02
    6.98395E+02   1.71262E+02   6.40980E-01   1.62141E-01   1.50574E+02
    6.91625E+02   1.67617E+02   6.35980E-01   1.60883E-01   1.48496E+02
    6.84884E+02   1.64020E+02   6.30980E-01   1.59625E-01   1.46430E+02
    6.78172E+02   1.60469E+02   6.25980E-01   1.58367E-01   1.44376E+02
    6.71487E+02   1.56965E+02   6.20980E-01   1.57110E-01   1.42334E+02
    6.64831E+02   1.53507E+02   6.15980E-01   1.55853E-01   1.40305E+02
    6.58202E+02   1.50096E+02   6.10980E-01   1.54598E-01   1.38289E+02
    6.51601E+02   1.46730E+02   6.05980E-01   1.53343E-01   1.36285E+02
    6.45028E+02   1.43411E+02   6.00980E-01   1.52089E-01   1.34293E+02
    6.38482E+02   1.40137E+02   5.95980E-01   1.50837E-01   1.32314E+02
    6.31963E+02   1.36908E+02   5.90980E-01   1.49585E-01   1.30348E+02
    6.25472E+02   1.33725E+02   5.85980E-01   1.48335E-01   1.28394E+02
    6.19007E+02   1.30588E+02   5.80980E-01   1.47086E-01   1.26453E+02
    6.12569E+02   1.27494E+02   5.75980E-01   1.45839E-01   1.24525E+02
    6.06158E+02   1.24446E+02   5.70980E-01   1.44593E-01   1.22610E+02
    5.99774E+02   1.21442E+02   5.65980E-01   1.43350E-01   1.20708E+02
    5.93415E+02   1.18483E+02   5.60980E-01   1.42107E-01   1.18819E+02
    5.87083E+02   1.15568E+02   5.55980E-01   1.40867E-01   1.16943E+02
    5.80777E+02   1.12696E+02   5.50980E-01   1.39629E-01   1.15080E+02
    5.74497E+02   1.09869E+02   5.45980E-01   1.38393E-01   1.13231E+02
    5.68243E+02   1.07085E+02   5.40980E-01   1.37159E-01   1.11395E+02
    5.62014E+02   1.04344E+02   5.35980E-01   1.35927E-01   1.09572E+02
    5.55810E+02   1.01646E+02   5.30980E-01   1.34698E-01   1.07762E+02
    5.49632E+02   9.89913E+01   5.25980E-01   1.33471E-01   1.05967E+02
    5.43478E+02   9.63792E+01   5.20980E-01   1.32247E-01   1.04184E+02
    5.37350E+02   9.38096E+01   5.15980E-01   1.31025E-01   1.02416E+02
    5.31246E+02   9.12822E+01   5.10980E-01   1.29806E-01   1.00661E+02
    5.25167E+02   8.87969E+01   5.05980E-01   1.28591E-01   9.89197E+01
    5.19112E+02   8.63534E+01   5.00980E-01   1.27378E-01   9.71924E+01
    5.13081E+02   8.39515E+01   4.95980E-01   1.26168E-01   9.54791E+01
    5.07074E+02   8.15910E+01   4.90980E-01   1.24961E-01   9.37797E+01
    5.01091E+02   7.92716E+01   4.85980E-01   1.23757E-01   9.20945E+01
    4.95132E+02   7.69931E+01   4.80980E-01   1.22556E-01   9.04233E+01
    4.89196E+02   7.47554E+01   4.75980E-01   1.21359E-01   8.87664E+01
    4.83284E+02   7.25581E+01   4.70980E-01   1.20165E-01   8.71237E+01
    4.77394E+02   7.04010E+01   4.65980E-01   1.18975E-01   8.54954E+01
    4.71528E+02   6.82839E+01   4.60980E-01   1.17788E-01   8.38815E+01
    4.65684E+02   6.62066E+01   4.55980E-01   1.16605E-01   8.22821E+01
    4.59863E+02   6.41687E+01   4.50980E-01   1.15426E-01   8.06973E+01
    4.54064E+02   6.21701E+01   4.45980E-01   1.14250E-01   7.91271E+01
    4.48288E+02   6.02104E+01   4.40980E-01   1.13078E-01   7.75716E+01
    4.42533E+02   5.82895E+01   4.35980E-01   1.11909E-01   7.60308E+01
    4.36800E+02   5.64071E+01   4.30980E-01   1.10745E-01   7.45050E+01
    4.31089E+02   5.45628E+01   4.25980E-01   1.09584E-01   7.29940E+01
    4.25400E+02   5.27566E+01   4.20980E-01   1.08427E-01   7.14981E+01
    4.19731E+02   5.09880E+01   4.15980E-01   1.07275E-01   7.00172E+01
    4.14084E+02   4.92568E+01   4.10980E-01   1.06126E-01   6.85515E+01
    4.08457E+02   4.75627E+01   4.05980E-01   1.04981E-01   6.71010E+01
    4.02851E+02   4.59055E+01   4.00980E-01   1.03840E-01   6.56658E+01
    3.97265E+02   4.42849E+01   3.95980E-01   1.02703E-01   6.42460E+01
    3.91700E+02   4.27006E+01   3.90980E-01   1.01570E-01   6.28415E+01
    3.86155E+02   4.11522E+01   3.85980E-01   1.00441E-01   6.14526E+01
    3.80629E+02   3.96396E+01   3.80980E-01   9.93161E-02   6.00793E+01
    3.75123E+02   3.81623E+01   3.75980E-01   9.81951E-02   5.87216E+01
    3.69637E+02   3.67202E+01   3.70980E-01   9.70780E-02   5.73797E+01
    3.64170E+02   3.53128E+01   3.65980E-01   9.59648E-02   5.60536E+01
    3.58721E+02   3.39400E+01   3.60980E-01   9.48554E-02   5.47433E+01
    3.53292E+02   3.26013E+01   3.55980E-01   9.37498E-02   5.34490E+01
    3.47881E+02   3.12964E+01   3.50980E-01   9.26480E-02   5.21706E+01
    3.42489E+02   3.00251E+01   3.45980E-01   9.15499E-02   5.09084E+01
    3.37114E+02   2.87870E+01   3.40980E-01   9.04553E-02   4.96624E+01
    3.31758E+02   2.75818E+01   3.35980E-01   8.93643E-02   4.84325E+01
    3.26419E+02   2.64091E+01   3.30980E-01   8.82767E-02   4.72190E+01
    3.21097E+02   2.52686E+01   3.25980E-01   8.71924E-02   4.60218E+01
    3.15793E+02   2.41599E+01   3.20980E-01   8.61113E-02   4.48411E+01
    3.10506E+02   2.30828E+01   3.15980E-01   8.50333E-02   4.36768E+01
    3.05236E+02   2.20368E+01   3.10980E-01   8.39582E-02   4.25292E+01
    2.99982E+02   2.10216E+01   3.05980E-01   8.28859E-02   4.13982E+01
    2.94745E+02   2.00368E+01   3.00980E-01   8.18163E-02   4.02839E+01
    2.89524E+02   1.90821E+01   2.95980E-01   8.07491E-02   3.91864E+01
    2.84318E+02   1.81571E+01   2.90980E-01   7.96842E-02   3.81057E+01
    2.79128E+02   1.72614E+01   2.85980E-01   7.86222E-02   3.70419E+01
    2.73954E+02   1.63946E+01   2.80980E-01   7.75612E-02   3.59951E+01
    2.68795E+02   1.55564E+01   2.75980E-01   7.65018E-02   3.49654E+01
    2.63651E+02   1.47464E+01   2.70980E-01   7.54437E-02   3.39527E+01
    2.58521E+02   1.39641E+01   2.65980E-01   7.43868E-02   3.29572E+01
    2.53406E+02   1.32092E+01   2.60980E-01   7.33306E-02   3.19789E+01
    2.48305E+02   1.24813E+01   2.55980E-01   7.22749E-02   3.10178E+01
    2.43218E+02   1.17799E+01   2.50980E-01   7.12194E-02   3.00741E+01
    2.38145E+02   1.11046E+01   2.45980E-01   7.01637E-02   2.91477E+01
    2.33085E+02   1.04551E+01   2.40980E-01   6.91074E-02   2.82388E+01
    2.28039E+02   9.83089E+00   2.35980E-01   6.80502E-02   2.73474E+01
    2.23005E+02   9.23153E+00   2.30980E-01   6.69919E-02   2.64734E+01
    2.22000E+02   9.11461E+00   2.29980E-01   6.67800E-02   2.63007E+01
    2.20995E+02   8.99866E+00   2.28980E-01   6.65680E-02   2.61288E+01
    2.19991E+02   8.88367E+00   2.27980E-01   6.63559E-02   2.59575E+01
    2.18987E+02   8.76966E+00   2.26980E-01   6.61437E-02   2.57869E+01
    2.17984E+02   8.65661E+00   2.25980E-01   6.59314E-02   2.56171E+01
    2.16981E+02   8.54452E+00   2.24980E-01   6.57191E-02   2.54479E+01
    2.15979E+02   8.43339E+00   2.23980E-01   6.55066E-02   2.52794E+01
    2.14978E+02   8.32320E+00   2.22980E-01   6.52941E-02   2.51117E+01
    2.13976E+02   8.21397E+00   2.21980E-01   6.50814E-02   2.49446E+01
    2.12976E+02   8.10569E+00   2.20980E-01   6.48686E-02   2.47783E+01
    2.11976E+02   7.99834E+00   2.19980E-01   6.46558E-02   2.46127E+01
    2.10976E+02   7.89194E+00   2.18980E-01   6.44428E-02   2.44477E+01
    2.09977E+02   7.78647E+00   2.17980E-01   6.42296E-02   2.42835E+01
    2.08978E+02   7.68193E+00   2.16980E-01   6.40164E-02   2.41200E+01
    2.07979E+02   7.57831E+00   2.15980E-01   6.38030E-02   2.39572E+01
    2.06982E+02   7.47563E+00   2.14980E-01   6.35895E-02   2.37951E+01
    2.05984E+02   7.37386E+00   2.13980E-01   6.33759E-02   2.36337E+01
    2.04988E+02   7.27301E+00   2.12980E-01   6.31621E-02   2.34730E+01
    2.03991E+02   7.17307E+00   2.11980E-01   6.29481E-02   2.33130E+01
    2.02995E+02   7.07404E+00   2.10980E-01   6.27340E-02   2.31537E+01
    2.02000E+02   6.97592E+00   2.09980E-01   6.25198E-02   2.29951E+01
    2.01005E+02   6.87870E+00   2.08980E-01   6.23054E-02   2.28373E+01
    2.00010E+02   6.78238E+00   2.07980E-01   6.20908E-02   2.26801E+01
    1.99016E+02   6.68696E+00   2.06980E-01   6.18760E-02   2.25237E+01
    1.98023E+02   6.59242E+00   2.05980E-01   6.16611E-02   2.23679E+01
    1.97029E+02   6.49878E+00   2.04980E-01   6.14460E-02   2.22129E+01
    1.96037E+02   6.40602E+00   2.03980E-01   6.12307E-02   2.20586E+01
    1.95045E+02   6.31413E+00   2.02980E-01   6.10152E-02   2.19050E+01
    1.94053E+02   6.22313E+00   2.01980E-01   6.07995E-02   2.17521E+01
    1.93061E+02   6.13299E+00   2.00980E-01   6.05836E-02   2.15999E+01
    1.92070E+02   6.04373E+00   1.99980E-01   6.03675E-02   2.14484E+01
    1.91080E+02   5.95533E+00   1.98980E-01   6.01512E-02   2.12977E+01
    1.90090E+02   5.86779E+00   1.97980E-01   5.99346E-02   2.11476E+01
    1.89100E+02   5.78111E+00   1.96980E-01   5.97179E-02   2.09983E+01
    1.88111E+02   5.69529E+00   1.95980E-01   5.95009E-02   2.08496E+01
    1.87123E+02   5.61031E+00   1.94980E-01   5.92837E-02   2.07017E+01
    1.86134E+02   5.52619E+00   1.93980E-01   5.90662E-02   2.05545E+01
    1.85147E+02   5.44290E+00   1.92980E-01   5.88485E-02   2.04080E+01
    1.84159E+02   5.36045E+00   1.91980E-01   5.86305E-02   2.02622E+01
    1.83172E+02   5.27884E+00   1.90980E-01   5.84123E-02   2.01171E+01
    1.82186E+02   5.19806E+00   1.89980E-01   5.81938E-02   1.99727E+01
    1.81200E+02   5.11810E+00   1.88980E-01   5.79750E-02   1.98290E+01
    1.80214E+02   5.03897E+00   1.87980E-01   5.77560E-02   1.96861E+01
    1.79229E+02   4.96066E+00   1.86980E-01   5.75366E-02   1.95438E+01
    1.78244E+02   4.88317E+00   1.85980E-01   5.73170E-02   1.94023E+01
    1.77259E+02   4.80649E+00   1.84980E-01   5.70971E-02   1.92615E+01
    1.76275E+02   4.73061E+00   1.83980E-01   5.68769E-02   1.91214E+01
    1.75292E+02   4.65554E+00   1.82980E-01   5.66563E-02   1.89820E+01
    1.74308E+02   4.58127E+00   1.81980E-01   5.64355E-02   1.88433E+01
    1.73326E+02   4.50780E+00   1.80980E-01   5.62143E-02   1.87053E+01
    1.72343E+02   4.43512E+00   1.79980E-01   5.59928E-02   1.85680E+01
    1.71361E+02   4.36323E+00   1.78980E-01   5.57710E-02   1.84315E+01
    1.70379E+02   4.29212E+00   1.77980E-01   5.55488E-02   1.82956E+01
    1.69398E+02   4.22179E+00   1.76980E-01   5.53263E-02   1.81605E+01
    1.68417E+02   4.15224E+00   1.75980E-01   5.51034E-02   1.80260E+01
    1.67437E+02   4.08347E+00   1.74980E-01   5.48801E-02   1.78923E+01
    1.66457E+02   4.01546E+00   1.73980E-01   5.46565E-02   1.77593E+01
    1.65477E+02   3.94822E+00   1.72980E-01   5.44325E-02   1.76270E+01
    1.64498E+02   3.88174E+00   1.71980E-01   5.42081E-02   1.74954E+01
    1.63519E+02   3.81601E+00   1.70980E-01   5.39833E-02   1.73645E+01
    1.62541E+02   3.75104E+00   1.69980E-01   5.37581E-02   1.72343E+01
    1.61563E+02   3.68682E+00   1.68980E-01   5.35324E-02   1.71049E+01
    1.60585E+02   3.62334E+00   1.67980E-01   5.33064E-02   1.69761E+01
    1.59608E+02   3.56060E+00   1.66980E-01   5.30800E-02   1.68480E+01
    1.58631E+02   3.49860E+00   1.65980E-01   5.28531E-02   1.67207E+01
    1.57654E+02   3.43734E+00   1.64980E-01   5.26257E-02   1.65941E+01
    1.56678E+02   3.37680E+00   1.63980E-01   5.23979E-02   1.64681E+01
    1.55702E+02   3.31699E+00   1.62980E-01   5.21697E-02   1.63429E+01
    1.54726E+02   3.25790E+00   1.61980E-01   5.19409E-02   1.62184E+01
    1.53751E+02   3.19952E+00   1.60980E-01   5.17117E-02   1.60945E+01
    1.52776E+02   3.14186E+00   1.59980E-01   5.14817E-02   1.59714E+01
    1.51802E+02   3.08491E+00   1.58980E-01   5.12515E-02   1.58490E+01
    1.50828E+02   3.02866E+00   1.57980E-01   5.10208E-02   1.57273E+01
    1.49854E+02   2.97311E+00   1.56980E-01   5.07896E-02   1.56063E+01
    1.48881E+02   2.91826E+00   1.55980E-01   5.05579E-02   1.54860E+01
    1.47908E+02   2.86410E+00   1.54980E-01   5.03256E-02   1.53664E+01
    1.46935E+02   2.81062E+00   1.53980E-01   5.00928E-02   1.52475E+01
    1.45963E+02   2.75783E+00   1.52980E-01   4.98595E-02   1.51293E+01
    1.44991E+02   2.70572E+00   1.51980E-01   4.96256E-02   1.50119E+01
    1.44019E+02   2.65429E+00   1.50980E-01   4.93911E-02   1.48951E+01
    1.43048E+02   2.60353E+00   1.49980E-01   4.91560E-02   1.47790E+01
    1.42077E+02   2.55343E+00   1.48980E-01   4.89203E-02   1.46636E+01
    1.41106E+02   2.50400E+00   1.47980E-01   4.86841E-02   1.45489E+01
    1.40136E+02   2.45523E+00   1.46980E-01   4.84472E-02   1.44349E+01
    1.39166E+02   2.40711E+00   1.45980E-01   4.82097E-02   1.43216E+01
    1.38196E+02   2.35964E+00   1.44980E-01   4.79715E-02   1.42090E+01
    1.37227E+02   2.31282E+00   1.43980E-01   4.77327E-02   1.40971E+01
    1.36258E+02   2.26663E+00   1.42980E-01   4.74933E-02   1.39858E+01
    1.35289E+02   2.22109E+00   1.41980E-01   4.72532E-02   1.38753E+01
    1.34321E+02   2.17618E+00   1.40980E-01   4.70124E-02   1.37655E+01
    1.33353E+02   2.13190E+00   1.39980E-01   4.67709E-02   1.36563E+01
    1.32385E+02   2.08824E+00   1.38980E-01   4.65288E-02   1.35479E+01
    1.31418E+02   2.04521E+00   1.37980E-01   4.62859E-02   1.34401E+01
    1.30451E+02   2.00279E+00   1.36980E-01   4.60423E-02   1.33330E+01
    1.29484E+02   1.96098E+00   1.35980E-01   4.57979E-02   1.32266E+01
    1.28517E+02   1.91978E+00   1.34980E-01   4.55528E-02   1.31209E+01
    1.27551E+02   1.87919E+00   1.33980E-01   4.53069E-02   1.30159E+01
    1.26585E+02   1.83919E+00   1.32980E-01   4.50603E-02   1.29115E+01
    1.25620E+02   1.79978E+00   1.31980E-01   4.48129E-02   1.28079E+01
    1.24654E+02   1.76097E+00   1.30980E-01   4.45646E-02   1.27049E+01
    1.23689E+02   1.72274E+00   1.29980E-01   4.43156E-02   1.26026E+01
    1.22725E+02   1.68510E+00   1.28980E-01   4.40657E-02   1.25010E+01
    1.21760E+02   1.64803E+00   1.27980E-01   4.38150E-02   1.24000E+01
    1.20796E+02   1.61153E+00   1.26980E-01   4.35635E-02   1.22997E+01
    1.19832E+02   1.57561E+00   1.25980E-01   4.33111E-02   1.22001E+01
    1.18869E+02   1.54024E+00   1.24980E-01   4.30578E-02   1.21012E+01
    1.17905E+02   1.50544E+00   1.23980E-01   4.28036E-02   1.20029E+01
    1.16942E+02   1.47119E+00   1.22980E-01   4.25485E-02   1.19053E+01
    1.15980E+02   1.43749E+00   1.21980E-01   4.22924E-02   1.18083E+01
    1.15017E+02   1.40434E+00   1.20980E-01   4.20355E-02   1.17121E+01
    1.14055E+02   1.37172E+00   1.19980E-01   4.17775E-02   1.16164E+01
    1.13093E+02   1.33965E+00   1.18980E-01   4.15186E-02   1.15215E+01
    1.12131E+02   1.30811E+00   1.17980E-01   4.12588E-02   1.14272E+01
    1.11170E+02   1.27710E+00   1.16980E-01   4.09979E-02   1.13335E+01
    1.10209E+02   1.24661E+00   1.15980E-01   4.07360E-02   1.12405E+01
    1.09248E+02   1.21664E+00   1.14980E-01   4.04731E-02   1.11482E+01
    1.08287E+02   1.18718E+00   1.13980E-01   4.02091E-02   1.10565E+01
    1.07327E+02   1.15823E+00   1.12980E-01   3.99441E-02   1.09654E+01
    1.06367E+02   1.12979E+00   1.11980E-01   3.96780E-02   1.08750E+01
    1.05407E+02   1.10185E+00   1.10980E-01   3.94108E-02   1.07852E+01
    1.04448E+02   1.07441E+00   1.09980E-01   3.91425E-02   1.06961E+01
    1.03488E+02   1.04746E+00   1.08980E-01   3.88730E-02   1.06076E+01
    1.02529E+02   1.02100E+00   1.07980E-01   3.86024E-02   1.05197E+01
    1.01570E+02   9.95014E-01   1.06980E-01   3.83307E-02   1.04324E+01
    1.00612E+02   9.69511E-01   1.05980E-01   3.80577E-02   1.03458E+01
    9.96533E+01   9.44481E-01   1.04980E-01   3.77836E-02   1.02598E+01
    9.86952E+01   9.19920E-01   1.03980E-01   3.75082E-02   1.01744E+01
    9.77373E+01   8.95823E-01   1.02980E-01   3.72316E-02   1.00896E+01
    9.67796E+01   8.72185E-01   1.01980E-01   3.69538E-02   1.00054E+01
    9.58221E+01   8.49002E-01   1.00980E-01   3.66746E-02   9.92188E+00
    9.48649E+01   8.26270E-01   9.99800E-02   3.63942E-02   9.83892E+00
    9.39079E+01   8.03982E-01   9.89800E-02   3.61126E-02   9.75656E+00
    9.29512E+01   7.82135E-01   9.79800E-02   3.58295E-02   9.67479E+00
    9.19946E+01   7.60725E-01   9.69800E-02   3.55451E-02   9.59361E+00
    9.10383E+01   7.39746E-01   9.59800E-02   3.52593E-02   9.51302E+00
    9.00822E+01   7.19193E-01   9.49800E-02   3.49721E-02   9.43301E+00
    8.91263E+01   6.99063E-01   9.39800E-02   3.46834E-02   9.35357E+00
    8.81706E+01   6.79349E-01   9.29800E-02   3.43934E-02   9.27471E+00
    8.72151E+01   6.60048E-01   9.19800E-02   3.41018E-02   9.19641E+00
    8.62598E+01   6.41155E-01   9.09800E-02   3.38088E-02   9.11867E+00
    8.53048E+01   6.22664E-01   8.99800E-02   3.35143E-02   9.04149E+00
    8.43499E+01   6.04571E-01   8.89800E-02   3.32183E-02   8.96486E+00
    8.33953E+01   5.86872E-01   8.79800E-02   3.29207E-02   8.88877E+00
    8.24408E+01   5.69561E-01   8.69800E-02   3.26216E-02   8.81322E+00
    8.14865E+01   5.52633E-01   8.59800E-02   3.23209E-02   8.73820E+00
    8.05325E+01   5.36085E-01   8.49800E-02   3.20185E-02   8.66371E+00
    7.95786E+01   5.19910E-01   8.39800E-02   3.17145E-02   8.58973E+00
    7.86249E+01   5.04104E-01   8.29800E-02   3.14089E-02   8.51627E+00
    7.76714E+01   4.88663E-01   8.19800E-02   3.11016E-02   8.44331E+00
    7.67181E+01   4.73581E-01   8.09800E-02   3.07925E-02   8.37084E+00
    7.57650E+01   4.58853E-01   7.99800E-02   3.04818E-02   8.29887E+00
    7.48120E+01   4.44475E-01   7.89800E-02   3.01692E-02   8.22738E+00
    7.38593E+01   4.30442E-01   7.79800E-02   2.98549E-02   8.15636E+00
    7.29067E+01   4.16749E-01   7.69800E-02   2.95388E-02   8.08580E+00
    7.19543E+01   4.03390E-01   7.59800E-02   2.92209E-02   8.01570E+00
    7.10020E+01   3.90362E-01   7.49800E-02   2.89011E-02   7.94605E+00
    7.00499E+01   3.79514E-01   7.39800E-02   2.86654E-02   7.87671E+00
    6.90980E+01   3.68593E-01   7.29800E-02   2.84170E-02   7.80743E+00
    6.81462E+01   3.57647E-01   7.19800E-02   2.81603E-02   7.73831E+00
    6.71946E+01   3.46815E-01   7.09800E-02   2.79021E-02   7.66938E+00
    6.62431E+01   3.36154E-01   6.99800E-02   2.76449E-02   7.60064E+00
    6.52918E+01   3.25693E-01   6.89800E-02   2.73898E-02   7.53209E+00
    6.43406E+01   3.15445E-01   6.79800E-02   2.71375E-02   7.46374E+00
    6.33896E+01   3.05418E-01   6.69800E-02   2.68884E-02   7.39557E+00
    6.24387E+01   2.95614E-01   6.59800E-02   2.66428E-02   7.32758E+00
    6.14880E+01   2.86034E-01   6.49800E-02   2.64010E-02   7.25976E+00
    6.05374E+01   2.76676E-01   6.39800E-02   2.61633E-02   7.19209E+00
    5.95869E+01   2.67540E-01   6.29800E-02   2.59300E-02   7.12457E+00
    5.86366E+01   2.58624E-01   6.19800E-02   2.57013E-02   7.05719E+00
    5.76865E+01   2.49923E-01   6.09800E-02   2.54774E-02   6.98992E+00
    5.67365E+01   2.41437E-01   5.99800E-02   2.52586E-02   6.92276E+00
    5.57866E+01   2.33162E-01   5.89800E-02   2.50449E-02   6.85570E+00
    5.48368E+01   2.25095E-01   5.79800E-02   2.48368E-02   6.78870E+00
    5.38872E+01   2.17232E-01   5.69800E-02   2.46342E-02   6.72177E+00
    5.29378E+01   2.09571E-01   5.59800E-02   2.44375E-02   6.65488E+00
    5.19884E+01   2.02108E-01   5.49800E-02   2.42467E-02   6.58802E+00
    5.10392E+01   1.94839E-01   5.39800E-02   2.40621E-02   6.52115E+00
    5.00902E+01   1.87762E-01   5.29800E-02   2.38839E-02   6.45427E+00
    4.91412E+01   1.80872E-01   5.19800E-02   2.37122E-02   6.38736E+00
    4.81924E+01   1.74167E-01   5.09800E-02   2.35472E-02   6.32038E+00
    4.72438E+01   1.67642E-01   4.99800E-02   2.33890E-02   6.25332E+00
    4.62952E+01   1.61294E-01   4.89800E-02   2.32380E-02   6.18615E+00
    4.53468E+01   1.55119E-01   4.79800E-02   2.30943E-02   6.11885E+00
    4.43985E+01   1.49115E-01   4.69800E-02   2.29581E-02   6.05138E+00
    4.34504E+01   1.43276E-01   4.59800E-02   2.28297E-02   5.98372E+00
    4.25023E+01   1.37600E-01   4.49800E-02   2.27091E-02   5.91583E+00
    4.15544E+01   1.32083E-01   4.39800E-02   2.25968E-02   5.84768E+00
    4.06066E+01   1.26722E-01   4.29800E-02   2.24929E-02   5.77924E+00
    3.96589E+01   1.21513E-01   4.19800E-02   2.23978E-02   5.71047E+00
    3.87114E+01   1.16452E-01   4.09800E-02   2.23116E-02   5.64133E+00
    3.77640E+01   1.11536E-01   3.99800E-02   2.22348E-02   5.57177E+00
    3.68167E+01   1.06762E-01   3.89800E-02   2.21676E-02   5.50175E+00
    3.58695E+01   1.02126E-01   3.79800E-02   2.21104E-02   5.43123E+00
    3.49224E+01   9.76246E-02   3.69800E-02   2.20637E-02   5.36014E+00
    3.39755E+01   9.32544E-02   3.59800E-02   2.20277E-02   5.28843E+00
    3.30287E+01   8.90119E-02   3.49800E-02   2.20030E-02   5.21605E+00
    3.20820E+01   8.48937E-02   3.39800E-02   2.19901E-02   5.14292E+00
    3.11354E+01   8.08965E-02   3.29800E-02   2.19895E-02   5.06897E+00
    3.01889E+01   7.70168E-02   3.19800E-02   2.20019E-02   4.99414E+00
    2.92426E+01   7.32512E-02   3.09800E-02   2.20278E-02   4.91833E+00
    2.82964E+01   6.95964E-02   2.99800E-02   2.20681E-02   4.84146E+00
    2.73503E+01   6.60491E-02   2.89800E-02   2.21235E-02   4.76343E+00
    2.64043E+01   6.26059E-02   2.79800E-02   2.21951E-02   4.68414E+00
    2.54584E+01   5.92636E-02   2.69800E-02   2.22838E-02   4.60346E+00
    2.45127E+01   5.60189E-02   2.59800E-02   2.23908E-02   4.52126E+00
    2.35671E+01   5.28686E-02   2.49800E-02   2.25175E-02   4.43741E+00
    2.26216E+01   4.98096E-02   2.39800E-02   2.26654E-02   4.35176E+00
    2.16762E+01   4.68388E-02   2.29800E-02   2.28362E-02   4.26411E+00
    2.07310E+01   4.39533E-02   2.19800E-02   2.30321E-02   4.17430E+00
    1.97859E+01   4.11501E-02   2.09800E-02   2.32555E-02   4.08208E+00
    1.88409E+01   3.84264E-02   1.99800E-02   2.35092E-02   3.98723E+00
    1.78960E+01   3.57796E-02   1.89800E-02   2.37965E-02   3.88947E+00
    1.69513E+01   3.32074E-02   1.79800E-02   2.41217E-02   3.78848E+00
    1.60068E+01   3.07073E-02   1.69800E-02   2.44895E-02   3.68390E+00
    1.50624E+01   2.82773E-02   1.59800E-02   2.49061E-02   3.57532E+00
    1.41181E+01   2.59158E-02   1.49800E-02   2.53790E-02   3.46226E+00
    1.31740E+01   2.36213E-02   1.39800E-02   2.59178E-02   3.34414E+00
    1.22300E+01   2.13928E-02   1.29800E-02   2.65349E-02   3.22029E+00
    1.12862E+01   1.92299E-02   1.19800E-02   2.72463E-02   3.08989E+00
    1.03426E+01   1.71326E-02   1.09800E-02   2.80736E-02   2.95194E+00
    9.39922E+00   1.51020E-02   9.98000E-03   2.90465E-02   2.80521E+00
    8.45600E+00   1.31398E-02   8.98000E-03   3.02071E-02   2.64809E+00
    7.51300E+00   1.12493E-02   7.98000E-03   3.16173E-02   2.47853E+00
    6.57023E+00   9.43525E-03   6.98000E-03   3.33719E-02   2.29369E+00
    5.62772E+00   7.70471E-03   5.98000E-03   3.56260E-02   2.08962E+00
    4.68548E+00   6.06793E-03   4.98000E-03   3.86507E-02   1.86034E+00
    3.74357E+00   4.53984E-03   3.98000E-03   4.29733E-02   1.59611E+00
    2.80203E+00   3.14281E-03   2.98000E-03   4.97826E-02   1.27891E+00
    1.86094E+00   1.91235E-03   1.98000E-03   6.25016E-02   8.67331E-01
    9.20426E-01   9.11166E-04   9.80000E-04   9.73243E-02   2.10667E-01
    8.26417E-01   8.27709E-04   8.80000E-04   1.04695E-01   1.10059E-01
    7.32417E-01   7.47915E-04   7.80000E-04   1.13789E-01  -4.43593E-03
    6.38426E-01   6.71978E-04   6.80000E-04   1.25319E-01  -1.37898E-01
    5.44447E-01   6.00083E-04   5.80000E-04   1.40462E-01  -2.98593E-01
    4.50479E-01   5.32351E-04   4.80000E-04   1.61310E-01  -5.01084E-01
    3.56526E-01   4.68665E-04   3.80000E-04   1.91969E-01  -7.73955E-01
    3.47131E-01   4.62494E-04   3.70000E-04   1.95852E-01  -8.07066E-01
    3.37737E-01   4.56353E-04   3.60000E-04   1.99929E-01  -8.41555E-01
    3.28343E-01   4.50239E-04   3.50000E-04   2.04213E-01  -8.77529E-01
    3.18949E-01   4.44149E-04   3.40000E-04   2.08722E-01  -9.15105E-01
    3.09555E-01   4.38080E-04   3.30000E-04   2.13472E-01  -9.54417E-01
    3.00161E-01   4.32026E-04   3.20000E-04   2.18484E-01  -9.95612E-01
    2.90768E-01   4.25982E-04   3.10000E-04   2.23778E-01  -1.03886E+00
    2.81375E-01   4.19941E-04   3.00000E-04   2.29379E-01  -1.08433E+00
    2.71982E-01   4.13893E-04   2.90000E-04   2.35312E-01  -1.13225E+00
    2.62589E-01   4.07828E-04   2.80000E-04   2.41606E-01  -1.18284E+00
    2.53196E-01   4.01729E-04   2.70000E-04   2.48290E-01  -1.23638E+00
    2.43804E-01   3.95577E-04   2.60000E-04   2.55397E-01  -1.29316E+00
    2.34412E-01   3.89343E-04   2.50000E-04   2.62959E-01  -1.35354E+00
    2.25020E-01   3.82987E-04   2.40000E-04   2.71006E-01  -1.41789E+00
    2.15628E-01   3.76446E-04   2.30000E-04   2.79561E-01  -1.48668E+00
    2.06237E-01   3.69618E-04   2.20000E-04   2.88624E-01  -1.56039E+00
    1.96846E-01   3.62307E-04   2.10000E-04   2.98135E-01  -1.63961E+00
    1.87455E-01   3.54031E-04   2.00000E-04   3.07830E-01  -1.72490E+00
    1.78065E-01   3.40770E-04   1.90000E-04   3.14924E-01  -1.81659E+00
    1.68676E-01   3.19975E-04   1.80000E-04   3.17077E-01  -1.91313E+00
    1.59288E-01   2.99313E-04   1.70000E-04   3.19324E-01  -2.01425E+00
    1.49901E-01   2.78797E-04   1.60000E-04   3.21675E-01  -2.12044E+00
    1.40515E-01   2.58441E-04   1.50000E-04   3.24139E-01  -2.23227E+00
    1.31131E-01   2.38259E-04   1.40000E-04   3.26732E-01  -2.35041E+00
    1.21748E-01   2.18269E-04   1.30000E-04   3.29466E-01  -2.47569E+00
    1.12367E-01   1.98492E-04   1.20000E-04   3.32362E-01  -2.60908E+00
    1.02987E-01   1.78952E-04   1.10000E-04   3.35442E-01  -2.75182E+00
    9.36095E-02   1.59677E-04   1.00000E-04   3.38735E-01  -2.90545E+00
    8.42335E-02   1.40702E-04   9.00000E-05   3.42276E-01  -3.07192E+00
    7.48597E-02   1.22068E-04   8.00000E-05   3.46114E-01  -3.25385E+00
    6.54882E-02   1.03828E-04   7.00000E-05   3.50312E-01  -3.45476E+00
    5.61192E-02   8.60496E-05   6.00000E-05   3.54960E-01  -3.67962E+00
    4.67532E-02   6.88198E-05   5.00000E-05   3.60191E-01  -3.93582E+00
    3.73906E-02   5.22608E-05   4.00000E-05   3.66214E-01  -4.23514E+00
    2.80321E-02   3.65518E-05   3.00000E-05   3.73394E-01  -4.59827E+00
    1.86786E-02   2.19835E-05   2.00000E-05   3.82478E-01  -5.06789E+00
    9.33236E-03   9.12195E-06   1.00000E-05   3.95540E-01  -5.76366E+00
    8.39827E-03   7.97238E-06   9.00000E-06   3.97284E-01  -5.85838E+00
    7.46431E-03   6.85598E-06   8.00000E-06   3.99164E-01  -5.96101E+00
    6.53049E-03   5.77618E-06   7.00000E-06   4.01211E-01  -6.07331E+00
    5.59681E-03   4.73729E-06   6.00000E-06   4.03467E-01  -6.19775E+00
    4.66331E-03   3.74483E-06   5.00000E-06   4.05994E-01  -6.33798E+00
    3.73000E-03   2.80624E-06   4.00000E-06   4.08890E-01  -6.49977E+00
    2.79692E-03   1.93214E-06   3.00000E-06   4.12327E-01  -6.69323E+00
    1.86412E-03   1.13929E-06   2.00000E-06   4.16655E-01  -6.93902E+00
    9.31706E-04   4.59262E-07   1.00000E-06   4.22843E-01  -7.29444E+00
    8.38492E-04   3.99786E-07   9.00000E-07   4.23666E-01  -7.34204E+00
    7.45285E-04   3.42305E-07   8.00000E-07   4.24553E-01  -7.39339E+00
    6.52085E-04   2.87002E-07   7.00000E-07   4.25517E-01  -7.44932E+00
    5.58893E-04   2.34101E-07   6.00000E-07   4.26579E-01  -7.51099E+00
    4.65710E-04   1.83892E-07   5.00000E-07   4.27766E-01  -7.58006E+00
    3.72536E-04   1.36762E-07   4.00000E-07   4.29124E-01  -7.65922E+00
    2.79374E-04   9.32587E-08   3.00000E-07   4.30732E-01  -7.75305E+00
    1.86226E-04   5.42444E-08   2.00000E-07   4.32749E-01  -7.87090E+00
    9.30962E-05   2.13314E-08   1.00000E-07   4.35614E-01  -8.03816E+00
    8.37846E-05   1.84938E-08   9.00000E-08   4.35992E-01  -8.06022E+00
    7.44733E-05   1.57614E-08   8.00000E-08   4.36399E-01  -8.08392E+00
    6.51623E-05   1.31432E-08   7.00000E-08   4.36841E-01  -8.10961E+00
    5.58517E-05   1.06509E-08   6.00000E-08   4.37325E-01  -8.13775E+00
    4.65415E-05   8.29893E-09   5.00000E-08   4.37865E-01  -8.16906E+00
    3.72318E-05   6.10709E-09   4.00000E-08   4.38480E-01  -8.20459E+00
    2.79226E-05   4.10329E-09   3.00000E-08   4.39202E-01  -8.24620E+00
    1.86141E-05   2.33134E-09   2.00000E-08   4.40098E-01  -8.29747E+00
    9.30632E-06   8.73398E-10   1.00000E-08   4.41344E-01  -8.36778E+00
    8.37561E-06   7.50884E-10   9.00000E-09   4.41505E-01  -8.37677E+00
    7.44491E-06   6.33747E-10   8.00000E-09   4.41677E-01  -8.38635E+00
    6.51422E-06   5.22450E-10   7.00000E-09   4.41862E-01  -8.39662E+00
    5.58355E-06   4.17566E-10   6.00000E-09   4.42064E-01  -8.40773E+00
    4.65290E-06   3.19826E-10   5.00000E-09   4.42286E-01  -8.41990E+00
    3.72227E-06   2.30196E-10   4.00000E-09   4.42535E-01  -8.43346E+00
    2.79165E-06   1.50029E-10   3.00000E-09   4.42822E-01  -8.44890E+00
    1.86107E-06   8.13963E-11   2.00000E-09   4.43167E-01  -8.46725E+00
    9.30509E-07   2.79865E-11   1.00000E-09   4.43620E-01  -8.49083E+00
    8.37456E-07   2.37367E-11   9.00000E-10   4.43675E-01  -8.49369E+00
    7.44403E-07   1.97305E-11   8.00000E-10   4.43734E-01  -8.49670E+00
    6.51350E-07   1.59853E-11   7.00000E-10   4.43797E-01  -8.49987E+00
    5.58298E-07   1.25217E-11   6.00000E-10   4.43864E-01  -8.50323E+00
    4.65247E-07   9.36526E-12   5.00000E-10   4.43935E-01  -8.50684E+00
    3.72196E-07   6.54824E-12   4.00000E-10   4.44014E-01  -8.51076E+00
    2.79145E-07   4.11355E-12   3.00000E-10   4.44102E-01  -8.51507E+00
    1.86096E-07   2.12233E-12   2.00000E-10   4.44202E-01  -8.51998E+00
    9.30474E-08   6.73704E-13   1.00000E-10   4.44326E-01  -8.52590E+00
    8.37426E-08   5.64928E-13   9.00000E-11   4.44341E-01  -8.52658E+00
    7.44378E-08   4.63748E-13   8.00000E-11   4.44356E-01  -8.52729E+00
    6.51330E-08   3.70540E-13   7.00000E-11   4.44371E-01  -8.52803E+00
    5.58283E-08   2.85746E-13   6.00000E-11   4.44388E-01  -8.52881E+00
    4.65235E-08   2.09895E-13   5.00000E-11   4.44406E-01  -8.52962E+00
    3.72188E-08   1.43646E-13   4.00000E-11   4.44425E-01  -8.53049E+00
    2.79141E-08   8.78483E-14   3.00000E-11   4.44445E-01  -8.53142E+00
    1.86094E-08   4.36847E-14   2.00000E-11   4.44468E-01  -8.53246E+00
    9.30466E-09   1.30133E-14   1.00000E-11   4.44495E-01  -8.53364E+00
    8.37420E-09   1.08026E-14   9.00000E-12   4.44499E-01  -8.53377E+00
    7.44373E-09   8.76633E-15   8.00000E-12   4.44502E-01  -8.53390E+00
    6.51326E-09   6.91105E-15   7.00000E-12   4.44505E-01  -8.53404E+00
    5.58279E-09   5.24461E-15   6.00000E-12   4.44509E-01  -8.53419E+00
    4.65233E-09   3.77632E-15   5.00000E-12   4.44512E-01  -8.53434E+00
    3.72186E-09   2.51762E-15   4.00000E-12   4.44516E-01  -8.53449E+00
    2.79140E-09   1.48321E-15   3.00000E-12   4.44520E-01  -8.53465E+00
    1.86093E-09   6.93113E-16   2.00000E-12   4.44525E-01  -8.53482E+00
    9.30465E-10   1.78028E-16   1.00000E-12   4.44530E-01  -8.53500E+00
    8.37418E-10   1.43469E-16   9.00000E-13   4.44530E-01  -8.53501E+00
    7.44372E-10   1.12276E-16   8.00000E-13   4.44531E-01  -8.53503E+00
    6.51325E-10   8.45492E-17   7.00000E-13   4.44531E-01  -8.53505E+00
    5.58279E-10   6.03992E-17   6.00000E-13   4.44532E-01  -8.53507E+00
    4.65232E-10   3.99565E-17   5.00000E-13   4.44533E-01  -8.53508E+00
    3.72186E-10   2.33748E-17   4.00000E-13   4.44533E-01  -8.53510E+00
    2.79139E-10   1.08411E-17   3.00000E-13   4.44534E-01  -8.53511E+00
    1.86093E-10   2.58899E-18   2.00000E-13   4.44535E-01  -8.53512E+00
