    2.81607E+03   1.42224E+03   1.99098E+00   1.00000E-03   4.75415E+02
    2.79483E+03   1.40466E+03   1.98098E+00   1.00000E-03   4.71831E+02
    2.77367E+03   1.38720E+03   1.97098E+00   1.00000E-03   4.68256E+02
    2.75261E+03   1.36988E+03   1.96098E+00   1.00000E-03   4.64689E+02
    2.73163E+03   1.35267E+03   1.95098E+00   1.00000E-03   4.61131E+02
    2.71074E+03   1.33560E+03   1.94098E+00   1.00000E-03   4.57582E+02
    2.68993E+03   1.31864E+03   1.93098E+00   1.00000E-03   4.54041E+02
    2.66922E+03   1.30182E+03   1.92098E+00   1.00000E-03   4.50509E+02
    2.64859E+03   1.28511E+03   1.91098E+00   1.00000E-03   4.46985E+02
    2.62805E+03   1.26854E+03   1.90098E+00   1.00000E-03   4.43471E+02
    2.60759E+03   1.25208E+03   1.89098E+00   1.00000E-03   4.39965E+02
    2.58723E+03   1.23576E+03   1.88098E+00   1.00000E-03   4.36468E+02
    2.56695E+03   1.21955E+03   1.87098E+00   1.00000E-03   4.32979E+02
    2.54675E+03   1.20347E+03   1.86098E+00   1.00000E-03   4.29500E+02
    2.52664E+03   1.18751E+03   1.85098E+00   1.00000E-03   4.26029E+02
    2.50662E+03   1.17168E+03   1.84098E+00   1.00000E-03   4.22568E+02
    2.48668E+03   1.15597E+03   1.83098E+00   1.00000E-03   4.19115E+02
    2.46683E+03   1.14038E+03   1.82098E+00   1.00000E-03   4.15672E+02
    2.44706E+03   1.12492E+03   1.81098E+00   1.00000E-03   4.12237E+02
    2.42738E+03   1.10957E+03   1.80098E+00   1.00000E-03   4.08812E+02
    2.40779E+03   1.09435E+03   1.79098E+00   1.00000E-03   4.05395E+02
    2.38827E+03   1.07925E+03   1.78098E+00   1.00000E-03   4.01988E+02
    2.36885E+03   1.06427E+03   1.77098E+00   1.00000E-03   3.98590E+02
    2.34950E+03   1.04942E+03   1.76098E+00   1.00000E-03   3.95202E+02
    2.33024E+03   1.03468E+03   1.75098E+00   1.00000E-03   3.91822E+02
    2.31107E+03   1.02007E+03   1.74098E+00   1.00000E-03   3.88452E+02
    2.29198E+03   1.00558E+03   1.73098E+00   1.00000E-03   3.85091E+02
    2.27297E+03   9.91202E+02   1.72098E+00   1.00000E-03   3.81740E+02
    2.25404E+03   9.76949E+02   1.71098E+00   1.00000E-03   3.78398E+02
    2.23520E+03   9.62816E+02   1.70098E+00   1.00000E-03   3.75066E+02
    2.21644E+03   9.48802E+02   1.69098E+00   1.00000E-03   3.71743E+02
    2.19776E+03   9.34908E+02   1.68098E+00   1.00000E-03   3.68429E+02
    2.17917E+03   9.21132E+02   1.67098E+00   1.00000E-03   3.65125E+02
    2.16065E+03   9.07476E+02   1.66098E+00   1.00000E-03   3.61831E+02
    2.14222E+03   8.93938E+02   1.65098E+00   1.00000E-03   3.58547E+02
    2.12387E+03   8.80518E+02   1.64098E+00   1.00000E-03   3.55272E+02
    2.10561E+03   8.67217E+02   1.63098E+00   1.00000E-03   3.52007E+02
    2.08742E+03   8.54033E+02   1.62098E+00   1.00000E-03   3.48752E+02
    2.06931E+03   8.40966E+02   1.61098E+00   1.00000E-03   3.45507E+02
    2.05129E+03   8.28017E+02   1.60098E+00   1.00000E-03   3.42271E+02
    2.03334E+03   8.15185E+02   1.59098E+00   1.00000E-03   3.39046E+02
    2.01548E+03   8.02469E+02   1.58098E+00   1.00000E-03   3.35830E+02
    1.99770E+03   7.89870E+02   1.57098E+00   1.00000E-03   3.32625E+02
    1.97999E+03   7.77387E+02   1.56098E+00   1.00000E-03   3.29429E+02
    1.96237E+03   7.65020E+02   1.55098E+00   1.00000E-03   3.26244E+02
    1.94482E+03   7.52768E+02   1.54098E+00   1.00000E-03   3.23069E+02
    1.92736E+03   7.40632E+02   1.53098E+00   1.00000E-03   3.19904E+02
    1.90997E+03   7.28610E+02   1.52098E+00   1.00000E-03   3.16749E+02
    1.89266E+03   7.16704E+02   1.51098E+00   1.00000E-03   3.13605E+02
    1.87543E+03   7.04911E+02   1.50098E+00   1.00000E-03   3.10471E+02
    1.85828E+03   6.93233E+02   1.49098E+00   1.00000E-03   3.07347E+02
    1.84120E+03   6.81669E+02   1.48098E+00   1.00000E-03   3.04234E+02
    1.82421E+03   6.70218E+02   1.47098E+00   1.00000E-03   3.01131E+02
    1.80729E+03   6.58880E+02   1.46098E+00   1.00000E-03   2.98039E+02
    1.79045E+03   6.47655E+02   1.45098E+00   1.00000E-03   2.94957E+02
    1.77368E+03   6.36543E+02   1.44098E+00   1.00000E-03   2.91886E+02
    1.75699E+03   6.25543E+02   1.43098E+00   1.00000E-03   2.88826E+02
    1.74038E+03   6.14655E+02   1.42098E+00   1.00000E-03   2.85777E+02
    1.72385E+03   6.03879E+02   1.41098E+00   1.00000E-03   2.82738E+02
    1.70739E+03   5.93215E+02   1.40098E+00   1.00000E-03   2.79710E+02
    1.69101E+03   5.82661E+02   1.39098E+00   1.00000E-03   2.76693E+02
    1.67470E+03   5.72218E+02   1.38098E+00   1.00000E-03   2.73687E+02
    1.65846E+03   5.61886E+02   1.37098E+00   1.00000E-03   2.70692E+02
    1.64231E+03   5.51664E+02   1.36098E+00   1.00000E-03   2.67709E+02
    1.62622E+03   5.41552E+02   1.35098E+00   1.00000E-03   2.64736E+02
    1.61021E+03   5.31549E+02   1.34098E+00   1.00000E-03   2.61774E+02
    1.59428E+03   5.21655E+02   1.33098E+00   1.00000E-03   2.58824E+02
    1.57842E+03   5.11870E+02   1.32098E+00   1.00000E-03   2.55885E+02
    1.56263E+03   5.02194E+02   1.31098E+00   1.00000E-03   2.52957E+02
    1.54692E+03   4.92626E+02   1.30098E+00   1.00000E-03   2.50041E+02
    1.53128E+03   4.83166E+02   1.29098E+00   1.00000E-03   2.47136E+02
    1.51571E+03   4.73813E+02   1.28098E+00   1.00000E-03   2.44243E+02
    1.50022E+03   4.64568E+02   1.27098E+00   1.00000E-03   2.41361E+02
    1.48479E+03   4.55429E+02   1.26098E+00   1.00000E-03   2.38491E+02
    1.46944E+03   4.46397E+02   1.25098E+00   1.00000E-03   2.35633E+02
    1.45416E+03   4.37471E+02   1.24098E+00   1.00000E-03   2.32786E+02
    1.43896E+03   4.28651E+02   1.23098E+00   1.00000E-03   2.29951E+02
    1.42382E+03   4.19936E+02   1.22098E+00   1.00000E-03   2.27129E+02
    1.40875E+03   4.11327E+02   1.21098E+00   1.00000E-03   2.24318E+02
    1.39376E+03   4.02822E+02   1.20098E+00   1.00000E-03   2.21519E+02
    1.37884E+03   3.94422E+02   1.19098E+00   1.00000E-03   2.18732E+02
    1.36398E+03   3.86126E+02   1.18098E+00   1.00000E-03   2.15958E+02
    1.34920E+03   3.77933E+02   1.17098E+00   1.00000E-03   2.13195E+02
    1.33448E+03   3.69844E+02   1.16098E+00   1.00000E-03   2.10445E+02
    1.31984E+03   3.61858E+02   1.15098E+00   1.00000E-03   2.07707E+02
    1.30526E+03   3.53974E+02   1.14098E+00   1.00000E-03   2.04982E+02
    1.29075E+03   3.46192E+02   1.13098E+00   1.00000E-03   2.02269E+02
    1.27631E+03   3.38513E+02   1.12098E+00   1.00000E-03   1.99569E+02
    1.26194E+03   3.30934E+02   1.11098E+00   1.00000E-03   1.96882E+02
    1.24764E+03   3.23457E+02   1.10098E+00   1.00000E-03   1.94207E+02
    1.23340E+03   3.16081E+02   1.09098E+00   1.00000E-03   1.91545E+02
    1.21923E+03   3.08805E+02   1.08098E+00   1.00000E-03   1.88896E+02
    1.20513E+03   3.01628E+02   1.07098E+00   1.00000E-03   1.86259E+02
    1.19109E+03   2.94551E+02   1.06098E+00   1.00000E-03   1.83636E+02
    1.17712E+03   2.87574E+02   1.05098E+00   1.00000E-03   1.81026E+02
    1.16322E+03   2.80695E+02   1.04098E+00   1.00000E-03   1.78429E+02
    1.14938E+03   2.73914E+02   1.03098E+00   1.00000E-03   1.75845E+02
    1.13561E+03   2.67231E+02   1.02098E+00   1.00000E-03   1.73275E+02
    1.12190E+03   2.60646E+02   1.01098E+00   1.00000E-03   1.70718E+02
    1.10826E+03   2.54158E+02   1.00098E+00   1.00000E-03   1.68175E+02
    1.10146E+03   2.50950E+02   9.95980E-01   1.00000E-03   1.66908E+02
    1.09468E+03   2.47766E+02   9.90980E-01   1.00000E-03   1.65645E+02
    1.08792E+03   2.44607E+02   9.85980E-01   1.00000E-03   1.64385E+02
    1.08117E+03   2.41471E+02   9.80980E-01   1.00000E-03   1.63129E+02
    1.07443E+03   2.38359E+02   9.75980E-01   1.00000E-03   1.61876E+02
    1.06772E+03   2.35271E+02   9.70980E-01   1.00000E-03   1.60627E+02
    1.06101E+03   2.32207E+02   9.65980E-01   1.00000E-03   1.59381E+02
    1.05433E+03   2.29167E+02   9.60980E-01   1.00000E-03   1.58138E+02
    1.04766E+03   2.26151E+02   9.55980E-01   1.00000E-03   1.56899E+02
    1.04100E+03   2.23158E+02   9.50980E-01   1.00000E-03   1.55664E+02
    1.03436E+03   2.20189E+02   9.45980E-01   1.00000E-03   1.54432E+02
    1.02774E+03   2.17243E+02   9.40980E-01   1.00000E-03   1.53203E+02
    1.02113E+03   2.14321E+02   9.35980E-01   1.00000E-03   1.51978E+02
    1.01454E+03   2.11423E+02   9.30980E-01   1.00000E-03   1.50757E+02
    1.00797E+03   2.08548E+02   9.25980E-01   1.00000E-03   1.49539E+02
    1.00140E+03   2.05696E+02   9.20980E-01   1.00000E-03   1.48324E+02
    9.94858E+02   2.02867E+02   9.15980E-01   1.00000E-03   1.47114E+02
    9.88328E+02   2.00062E+02   9.10980E-01   1.00000E-03   1.45906E+02
    9.81813E+02   1.97280E+02   9.05980E-01   1.00000E-03   1.44703E+02
    9.75314E+02   1.94521E+02   9.00980E-01   1.00000E-03   1.43503E+02
    9.68829E+02   1.91785E+02   8.95980E-01   1.00000E-03   1.42307E+02
    9.62360E+02   1.89072E+02   8.90980E-01   1.00000E-03   1.41114E+02
    9.55906E+02   1.86382E+02   8.85980E-01   1.00000E-03   1.39925E+02
    9.49467E+02   1.83715E+02   8.80980E-01   1.00000E-03   1.38740E+02
    9.43043E+02   1.81071E+02   8.75980E-01   1.00000E-03   1.37558E+02
    9.36634E+02   1.78449E+02   8.70980E-01   1.00000E-03   1.36380E+02
    9.30240E+02   1.75850E+02   8.65980E-01   1.00000E-03   1.35206E+02
    9.23862E+02   1.73274E+02   8.60980E-01   1.00000E-03   1.34035E+02
    9.17498E+02   1.70721E+02   8.55980E-01   1.00000E-03   1.32868E+02
    9.11148E+02   1.68190E+02   8.50980E-01   1.00000E-03   1.31705E+02
    9.04814E+02   1.65681E+02   8.45980E-01   1.00000E-03   1.30546E+02
    8.98495E+02   1.63195E+02   8.40980E-01   1.00000E-03   1.29390E+02
    8.92190E+02   1.60732E+02   8.35980E-01   1.00000E-03   1.28238E+02
    8.85899E+02   1.58290E+02   8.30980E-01   1.00000E-03   1.27090E+02
    8.79624E+02   1.55871E+02   8.25980E-01   1.00000E-03   1.25946E+02
    8.73363E+02   1.53474E+02   8.20980E-01   1.00000E-03   1.24805E+02
    8.67116E+02   1.51099E+02   8.15980E-01   1.00000E-03   1.23669E+02
    8.60884E+02   1.48747E+02   8.10980E-01   1.00000E-03   1.22536E+02
    8.54667E+02   1.46416E+02   8.05980E-01   1.00000E-03   1.21407E+02
    8.48464E+02   1.44107E+02   8.00980E-01   1.00000E-03   1.20282E+02
    8.42275E+02   1.41820E+02   7.95980E-01   1.00000E-03   1.19161E+02
    8.36100E+02   1.39555E+02   7.90980E-01   1.00000E-03   1.18044E+02
    8.29940E+02   1.37311E+02   7.85980E-01   1.00000E-03   1.16930E+02
    8.23794E+02   1.35090E+02   7.80980E-01   1.00000E-03   1.15821E+02
    8.17662E+02   1.32889E+02   7.75980E-01   1.00000E-03   1.14716E+02
    8.11544E+02   1.30711E+02   7.70980E-01   1.00000E-03   1.13614E+02
    8.05441E+02   1.28554E+02   7.65980E-01   1.00000E-03   1.12517E+02
    7.99351E+02   1.26418E+02   7.60980E-01   1.00000E-03   1.11423E+02
    7.93275E+02   1.24304E+02   7.55980E-01   1.00000E-03   1.10333E+02
    7.87213E+02   1.22210E+02   7.50980E-01   1.00000E-03   1.09248E+02
    7.81165E+02   1.20139E+02   7.45980E-01   1.00000E-03   1.08167E+02
    7.75131E+02   1.18088E+02   7.40980E-01   1.00000E-03   1.07089E+02
    7.69111E+02   1.16058E+02   7.35980E-01   1.00000E-03   1.06016E+02
    7.63104E+02   1.14050E+02   7.30980E-01   1.00000E-03   1.04947E+02
    7.57111E+02   1.12062E+02   7.25980E-01   1.00000E-03   1.03881E+02
    7.51132E+02   1.10095E+02   7.20980E-01   1.00000E-03   1.02820E+02
    7.45166E+02   1.08149E+02   7.15980E-01   1.00000E-03   1.01763E+02
    7.39213E+02   1.06224E+02   7.10980E-01   1.00000E-03   1.00711E+02
    7.33275E+02   1.04320E+02   7.05980E-01   1.00000E-03   9.96620E+01
    7.27349E+02   1.02436E+02   7.00980E-01   1.00000E-03   9.86175E+01
    7.21437E+02   1.00573E+02   6.95980E-01   1.00000E-03   9.75773E+01
    7.15538E+02   9.87297E+01   6.90980E-01   1.00000E-03   9.65413E+01
    7.09653E+02   9.69072E+01   6.85980E-01   1.00000E-03   9.55095E+01
    7.03781E+02   9.51051E+01   6.80980E-01   1.00000E-03   9.44819E+01
    6.97921E+02   9.33232E+01   6.75980E-01   1.00000E-03   9.34586E+01
    6.92075E+02   9.15615E+01   6.70980E-01   1.00000E-03   9.24396E+01
    6.86242E+02   8.98200E+01   6.65980E-01   1.00000E-03   9.14249E+01
    6.80422E+02   8.80985E+01   6.60980E-01   1.00000E-03   9.04145E+01
    6.74615E+02   8.63969E+01   6.55980E-01   1.00000E-03   8.94084E+01
    6.68821E+02   8.47153E+01   6.50980E-01   1.00000E-03   8.84067E+01
    6.63040E+02   8.30535E+01   6.45980E-01   1.00000E-03   8.74094E+01
    6.57271E+02   8.14114E+01   6.40980E-01   1.00000E-03   8.64164E+01
    6.51516E+02   7.97890E+01   6.35980E-01   1.00000E-03   8.54279E+01
    6.45773E+02   7.81863E+01   6.30980E-01   1.00000E-03   8.44437E+01
    6.40042E+02   7.66030E+01   6.25980E-01   1.00000E-03   8.34640E+01
    6.34324E+02   7.50392E+01   6.20980E-01   1.00000E-03   8.24888E+01
    6.28619E+02   7.34948E+01   6.15980E-01   1.00000E-03   8.15181E+01
    6.22926E+02   7.19697E+01   6.10980E-01   1.00000E-03   8.05519E+01
    6.17245E+02   7.04638E+01   6.05980E-01   1.00000E-03   7.95902E+01
    6.11577E+02   6.89770E+01   6.00980E-01   1.00000E-03   7.86330E+01
    6.05921E+02   6.75093E+01   5.95980E-01   1.00000E-03   7.76804E+01
    6.00278E+02   6.60606E+01   5.90980E-01   1.00000E-03   7.67324E+01
    5.94646E+02   6.46308E+01   5.85980E-01   1.00000E-03   7.57889E+01
    5.89027E+02   6.32198E+01   5.80980E-01   1.00000E-03   7.48501E+01
    5.83419E+02   6.18276E+01   5.75980E-01   1.00000E-03   7.39160E+01
    5.77824E+02   6.04541E+01   5.70980E-01   1.00000E-03   7.29865E+01
    5.72241E+02   5.91241E+01   5.65980E-01   1.09886E-03   7.20616E+01
    5.66669E+02   5.78486E+01   5.60980E-01   1.35187E-03   7.11406E+01
    5.61108E+02   5.65945E+01   5.55980E-01   1.63596E-03   7.02233E+01
    5.55558E+02   5.53613E+01   5.50980E-01   1.95152E-03   6.93097E+01
    5.50020E+02   5.41484E+01   5.45980E-01   2.29892E-03   6.83997E+01
    5.44493E+02   5.29551E+01   5.40980E-01   2.67825E-03   6.74932E+01
    5.38976E+02   5.17808E+01   5.35980E-01   3.08937E-03   6.65902E+01
    5.33471E+02   5.06249E+01   5.30980E-01   3.53215E-03   6.56907E+01
    5.27976E+02   4.94867E+01   5.25980E-01   4.00613E-03   6.47946E+01
    5.22492E+02   4.83656E+01   5.20980E-01   4.51072E-03   6.39020E+01
    5.17019E+02   4.72611E+01   5.15980E-01   5.04534E-03   6.30127E+01
    5.11556E+02   4.61726E+01   5.10980E-01   5.60913E-03   6.21268E+01
    5.06104E+02   4.50994E+01   5.05980E-01   6.20134E-03   6.12443E+01
    5.00662E+02   4.40412E+01   5.00980E-01   6.82053E-03   6.03652E+01
    4.95231E+02   4.29974E+01   4.95980E-01   7.46591E-03   5.94895E+01
    4.89810E+02   4.19677E+01   4.90980E-01   8.13629E-03   5.86173E+01
    4.84400E+02   4.09515E+01   4.85980E-01   8.83024E-03   5.77486E+01
    4.79000E+02   3.99486E+01   4.80980E-01   9.54652E-03   5.68834E+01
    4.73610E+02   3.89586E+01   4.75980E-01   1.02837E-02   5.60218E+01
    4.68231E+02   3.79812E+01   4.70980E-01   1.10403E-02   5.51638E+01
    4.62862E+02   3.70163E+01   4.65980E-01   1.18152E-02   5.43096E+01
    4.57504E+02   3.60634E+01   4.60980E-01   1.26062E-02   5.34591E+01
    4.52155E+02   3.51226E+01   4.55980E-01   1.34121E-02   5.26125E+01
    4.46817E+02   3.41937E+01   4.50980E-01   1.42313E-02   5.17699E+01
    4.41490E+02   3.32765E+01   4.45980E-01   1.50622E-02   5.09313E+01
    4.36172E+02   3.23711E+01   4.40980E-01   1.59033E-02   5.00969E+01
    4.30865E+02   3.14772E+01   4.35980E-01   1.67531E-02   4.92667E+01
    4.25567E+02   3.05950E+01   4.30980E-01   1.76099E-02   4.84409E+01
    4.20280E+02   2.97244E+01   4.25980E-01   1.84722E-02   4.76196E+01
    4.15003E+02   2.88655E+01   4.20980E-01   1.93386E-02   4.68029E+01
    4.09737E+02   2.80183E+01   4.15980E-01   2.02074E-02   4.59909E+01
    4.04480E+02   2.71828E+01   4.10980E-01   2.10772E-02   4.51837E+01
    3.99233E+02   2.63593E+01   4.05980E-01   2.19465E-02   4.43816E+01
    3.93997E+02   2.55477E+01   4.00980E-01   2.28139E-02   4.35845E+01
    3.88770E+02   2.47481E+01   3.95980E-01   2.36781E-02   4.27927E+01
    3.83554E+02   2.39607E+01   3.90980E-01   2.45376E-02   4.20062E+01
    3.78347E+02   2.31857E+01   3.85980E-01   2.53912E-02   4.12253E+01
    3.73151E+02   2.24231E+01   3.80980E-01   2.62375E-02   4.04500E+01
    3.67964E+02   2.16730E+01   3.75980E-01   2.70753E-02   3.96805E+01
    3.62788E+02   2.09357E+01   3.70980E-01   2.79033E-02   3.89169E+01
    3.57621E+02   2.02112E+01   3.65980E-01   2.87205E-02   3.81593E+01
    3.52464E+02   1.94996E+01   3.60980E-01   2.95257E-02   3.74080E+01
    3.47316E+02   1.88012E+01   3.55980E-01   3.03177E-02   3.66629E+01
    3.42179E+02   1.81160E+01   3.50980E-01   3.10955E-02   3.59244E+01
    3.37051E+02   1.74441E+01   3.45980E-01   3.18581E-02   3.51924E+01
    3.31933E+02   1.67857E+01   3.40980E-01   3.26045E-02   3.44671E+01
    3.26824E+02   1.61409E+01   3.35980E-01   3.33337E-02   3.37487E+01
    3.21725E+02   1.55097E+01   3.30980E-01   3.40447E-02   3.30373E+01
    3.16635E+02   1.48923E+01   3.25980E-01   3.47368E-02   3.23329E+01
    3.11555E+02   1.42888E+01   3.20980E-01   3.54089E-02   3.16358E+01
    3.06484E+02   1.36991E+01   3.15980E-01   3.60604E-02   3.09461E+01
    3.01422E+02   1.31235E+01   3.10980E-01   3.66903E-02   3.02638E+01
    2.96369E+02   1.25618E+01   3.05980E-01   3.72979E-02   2.95891E+01
    2.91325E+02   1.20142E+01   3.00980E-01   3.78824E-02   2.89221E+01
    2.86290E+02   1.14807E+01   2.95980E-01   3.84432E-02   2.82629E+01
    2.81265E+02   1.09612E+01   2.90980E-01   3.89793E-02   2.76116E+01
    2.76248E+02   1.04559E+01   2.85980E-01   3.94903E-02   2.69684E+01
    2.71239E+02   9.96464E+00   2.80980E-01   3.99753E-02   2.63332E+01
    2.66240E+02   9.48744E+00   2.75980E-01   4.04338E-02   2.57062E+01
    2.61248E+02   9.02426E+00   2.70980E-01   4.08650E-02   2.50876E+01
    2.56266E+02   8.57506E+00   2.65980E-01   4.12683E-02   2.44773E+01
    2.51291E+02   8.13978E+00   2.60980E-01   4.16431E-02   2.38755E+01
    2.46325E+02   7.71835E+00   2.55980E-01   4.19888E-02   2.32823E+01
    2.41367E+02   7.31067E+00   2.50980E-01   4.23047E-02   2.26976E+01
    2.36417E+02   6.91667E+00   2.45980E-01   4.25903E-02   2.21217E+01
    2.31474E+02   6.53623E+00   2.40980E-01   4.28448E-02   2.15545E+01
    2.26540E+02   6.16923E+00   2.35980E-01   4.30677E-02   2.09962E+01
    2.21613E+02   5.81555E+00   2.30980E-01   4.32584E-02   2.04467E+01
    2.20629E+02   5.74640E+00   2.29980E-01   4.32926E-02   2.03379E+01
    2.19644E+02   5.67778E+00   2.28980E-01   4.33255E-02   2.02294E+01
    2.18660E+02   5.60968E+00   2.27980E-01   4.33571E-02   2.01213E+01
    2.17677E+02   5.54210E+00   2.26980E-01   4.33873E-02   2.00135E+01
    2.16694E+02   5.47505E+00   2.25980E-01   4.34162E-02   1.99061E+01
    2.15711E+02   5.40852E+00   2.24980E-01   4.34438E-02   1.97991E+01
    2.14728E+02   5.34250E+00   2.23980E-01   4.34701E-02   1.96924E+01
    2.13746E+02   5.27701E+00   2.22980E-01   4.34950E-02   1.95861E+01
    2.12763E+02   5.21203E+00   2.21980E-01   4.35185E-02   1.94802E+01
    2.11782E+02   5.14757E+00   2.20980E-01   4.35407E-02   1.93746E+01
    2.10800E+02   5.08363E+00   2.19980E-01   4.35615E-02   1.92693E+01
    2.09819E+02   5.02020E+00   2.18980E-01   4.35809E-02   1.91645E+01
    2.08838E+02   4.95728E+00   2.17980E-01   4.35990E-02   1.90600E+01
    2.07857E+02   4.89487E+00   2.16980E-01   4.36157E-02   1.89558E+01
    2.06877E+02   4.83297E+00   2.15980E-01   4.36310E-02   1.88520E+01
    2.05897E+02   4.77158E+00   2.14980E-01   4.36449E-02   1.87486E+01
    2.04917E+02   4.71069E+00   2.13980E-01   4.36574E-02   1.86455E+01
    2.03937E+02   4.65031E+00   2.12980E-01   4.36685E-02   1.85428E+01
    2.02958E+02   4.59043E+00   2.11980E-01   4.36782E-02   1.84405E+01
    2.01979E+02   4.53106E+00   2.10980E-01   4.36865E-02   1.83385E+01
    2.01001E+02   4.47219E+00   2.09980E-01   4.36934E-02   1.82369E+01
    2.00022E+02   4.41381E+00   2.08980E-01   4.36988E-02   1.81357E+01
    1.99044E+02   4.35594E+00   2.07980E-01   4.37029E-02   1.80348E+01
    1.98066E+02   4.29856E+00   2.06980E-01   4.37055E-02   1.79343E+01
    1.97089E+02   4.24168E+00   2.05980E-01   4.37063E-02   1.78341E+01
    1.96111E+02   4.18528E+00   2.04980E-01   4.37063E-02   1.77343E+01
    1.95134E+02   4.12938E+00   2.03980E-01   4.37046E-02   1.76349E+01
    1.94158E+02   4.07398E+00   2.02980E-01   4.37014E-02   1.75358E+01
    1.93181E+02   4.01906E+00   2.01980E-01   4.36967E-02   1.74371E+01
    1.92205E+02   3.96462E+00   2.00980E-01   4.36906E-02   1.73388E+01
    1.91229E+02   3.91067E+00   1.99980E-01   4.36830E-02   1.72408E+01
    1.90253E+02   3.85721E+00   1.98980E-01   4.36740E-02   1.71432E+01
    1.89278E+02   3.80423E+00   1.97980E-01   4.36634E-02   1.70460E+01
    1.88303E+02   3.75173E+00   1.96980E-01   4.36514E-02   1.69491E+01
    1.87328E+02   3.69970E+00   1.95980E-01   4.36378E-02   1.68526E+01
    1.86353E+02   3.64816E+00   1.94980E-01   4.36228E-02   1.67564E+01
    1.85379E+02   3.59709E+00   1.93980E-01   4.36062E-02   1.66607E+01
    1.84405E+02   3.54649E+00   1.92980E-01   4.35882E-02   1.65653E+01
    1.83431E+02   3.49637E+00   1.91980E-01   4.35686E-02   1.64702E+01
    1.82458E+02   3.44672E+00   1.90980E-01   4.35475E-02   1.63755E+01
    1.81484E+02   3.39753E+00   1.89980E-01   4.35248E-02   1.62812E+01
    1.80511E+02   3.34881E+00   1.88980E-01   4.35007E-02   1.61873E+01
    1.79539E+02   3.30056E+00   1.87980E-01   4.34749E-02   1.60937E+01
    1.78566E+02   3.25277E+00   1.86980E-01   4.34477E-02   1.60004E+01
    1.77594E+02   3.20544E+00   1.85980E-01   4.34189E-02   1.59076E+01
    1.76622E+02   3.15857E+00   1.84980E-01   4.33885E-02   1.58151E+01
    1.75650E+02   3.11216E+00   1.83980E-01   4.33565E-02   1.57230E+01
    1.74678E+02   3.06621E+00   1.82980E-01   4.33230E-02   1.56312E+01
    1.73707E+02   3.02071E+00   1.81980E-01   4.32879E-02   1.55398E+01
    1.72736E+02   2.97566E+00   1.80980E-01   4.32512E-02   1.54488E+01
    1.71765E+02   2.93107E+00   1.79980E-01   4.32129E-02   1.53581E+01
    1.70795E+02   2.88692E+00   1.78980E-01   4.31730E-02   1.52678E+01
    1.69825E+02   2.84322E+00   1.77980E-01   4.31315E-02   1.51779E+01
    1.68855E+02   2.79996E+00   1.76980E-01   4.30884E-02   1.50883E+01
    1.67885E+02   2.75715E+00   1.75980E-01   4.30436E-02   1.49991E+01
    1.66915E+02   2.71477E+00   1.74980E-01   4.29972E-02   1.49102E+01
    1.65946E+02   2.67284E+00   1.73980E-01   4.29492E-02   1.48218E+01
    1.64977E+02   2.63134E+00   1.72980E-01   4.28996E-02   1.47336E+01
    1.64008E+02   2.59028E+00   1.71980E-01   4.28483E-02   1.46459E+01
    1.63039E+02   2.54965E+00   1.70980E-01   4.27953E-02   1.45585E+01
    1.62071E+02   2.50946E+00   1.69980E-01   4.27407E-02   1.44714E+01
    1.61103E+02   2.46969E+00   1.68980E-01   4.26844E-02   1.43848E+01
    1.60135E+02   2.43035E+00   1.67980E-01   4.26265E-02   1.42985E+01
    1.59167E+02   2.39144E+00   1.66980E-01   4.25668E-02   1.42125E+01
    1.58200E+02   2.35294E+00   1.65980E-01   4.25054E-02   1.41269E+01
    1.57233E+02   2.31487E+00   1.64980E-01   4.24424E-02   1.40417E+01
    1.56266E+02   2.27722E+00   1.63980E-01   4.23776E-02   1.39568E+01
    1.55299E+02   2.23999E+00   1.62980E-01   4.23112E-02   1.38723E+01
    1.54333E+02   2.20317E+00   1.61980E-01   4.22430E-02   1.37882E+01
    1.53366E+02   2.16676E+00   1.60980E-01   4.21730E-02   1.37044E+01
    1.52400E+02   2.13077E+00   1.59980E-01   4.21014E-02   1.36209E+01
    1.51434E+02   2.09518E+00   1.58980E-01   4.20279E-02   1.35379E+01
    1.50469E+02   2.06000E+00   1.57980E-01   4.19527E-02   1.34552E+01
    1.49503E+02   2.02523E+00   1.56980E-01   4.18758E-02   1.33728E+01
    1.48538E+02   1.99086E+00   1.55980E-01   4.17971E-02   1.32908E+01
    1.47573E+02   1.95688E+00   1.54980E-01   4.17166E-02   1.32091E+01
    1.46609E+02   1.92331E+00   1.53980E-01   4.16343E-02   1.31278E+01
    1.45644E+02   1.89013E+00   1.52980E-01   4.15502E-02   1.30469E+01
    1.44680E+02   1.85735E+00   1.51980E-01   4.14643E-02   1.29663E+01
    1.43716E+02   1.82495E+00   1.50980E-01   4.13766E-02   1.28861E+01
    1.42752E+02   1.79295E+00   1.49980E-01   4.12870E-02   1.28062E+01
    1.41788E+02   1.76133E+00   1.48980E-01   4.11957E-02   1.27267E+01
    1.40825E+02   1.73010E+00   1.47980E-01   4.11024E-02   1.26475E+01
    1.39862E+02   1.69926E+00   1.46980E-01   4.10074E-02   1.25686E+01
    1.38899E+02   1.66879E+00   1.45980E-01   4.09104E-02   1.24902E+01
    1.37936E+02   1.63870E+00   1.44980E-01   4.08114E-02   1.24120E+01
    1.36973E+02   1.60899E+00   1.43980E-01   4.07107E-02   1.23342E+01
    1.36011E+02   1.57965E+00   1.42980E-01   4.06081E-02   1.22568E+01
    1.35048E+02   1.55068E+00   1.41980E-01   4.05037E-02   1.21797E+01
    1.34086E+02   1.52208E+00   1.40980E-01   4.03973E-02   1.21029E+01
    1.33125E+02   1.49385E+00   1.39980E-01   4.02889E-02   1.20265E+01
    1.32163E+02   1.46599E+00   1.38980E-01   4.01787E-02   1.19505E+01
    1.31202E+02   1.43848E+00   1.37980E-01   4.00665E-02   1.18747E+01
    1.30241E+02   1.41134E+00   1.36980E-01   3.99524E-02   1.17994E+01
    1.29279E+02   1.38455E+00   1.35980E-01   3.98362E-02   1.17243E+01
    1.28319E+02   1.35813E+00   1.34980E-01   3.97182E-02   1.16496E+01
    1.27358E+02   1.33205E+00   1.33980E-01   3.95981E-02   1.15752E+01
    1.26398E+02   1.30632E+00   1.32980E-01   3.94760E-02   1.15012E+01
    1.25437E+02   1.28095E+00   1.31980E-01   3.93520E-02   1.14275E+01
    1.24477E+02   1.25592E+00   1.30980E-01   3.92259E-02   1.13541E+01
    1.23518E+02   1.23123E+00   1.29980E-01   3.90978E-02   1.12811E+01
    1.22558E+02   1.20689E+00   1.28980E-01   3.89676E-02   1.12084E+01
    1.21598E+02   1.18288E+00   1.27980E-01   3.88354E-02   1.11360E+01
    1.20639E+02   1.15921E+00   1.26980E-01   3.87011E-02   1.10639E+01
    1.19680E+02   1.13588E+00   1.25980E-01   3.85648E-02   1.09922E+01
    1.18721E+02   1.11288E+00   1.24980E-01   3.84263E-02   1.09208E+01
    1.17762E+02   1.09020E+00   1.23980E-01   3.82858E-02   1.08497E+01
    1.16804E+02   1.06786E+00   1.22980E-01   3.81431E-02   1.07789E+01
    1.15845E+02   1.04584E+00   1.21980E-01   3.79983E-02   1.07085E+01
    1.14887E+02   1.02414E+00   1.20980E-01   3.78514E-02   1.06383E+01
    1.13929E+02   1.00276E+00   1.19980E-01   3.77023E-02   1.05685E+01
    1.12971E+02   9.81699E-01   1.18980E-01   3.75511E-02   1.04990E+01
    1.12014E+02   9.60953E-01   1.17980E-01   3.73977E-02   1.04298E+01
    1.11056E+02   9.40520E-01   1.16980E-01   3.72420E-02   1.03609E+01
    1.10099E+02   9.20397E-01   1.15980E-01   3.70842E-02   1.02924E+01
    1.09142E+02   9.00581E-01   1.14980E-01   3.69242E-02   1.02241E+01
    1.08185E+02   8.81071E-01   1.13980E-01   3.67619E-02   1.01561E+01
    1.07228E+02   8.61863E-01   1.12980E-01   3.65973E-02   1.00885E+01
    1.06271E+02   8.42956E-01   1.11980E-01   3.64305E-02   1.00211E+01
    1.05315E+02   8.24346E-01   1.10980E-01   3.62615E-02   9.95401E+00
    1.04359E+02   8.06032E-01   1.09980E-01   3.60901E-02   9.88723E+00
    1.03402E+02   7.88010E-01   1.08980E-01   3.59164E-02   9.82073E+00
    1.02447E+02   7.70279E-01   1.07980E-01   3.57404E-02   9.75453E+00
    1.01491E+02   7.52835E-01   1.06980E-01   3.55620E-02   9.68860E+00
    1.00535E+02   7.35676E-01   1.05980E-01   3.53813E-02   9.62296E+00
    9.95796E+01   7.18800E-01   1.04980E-01   3.51983E-02   9.55760E+00
    9.86243E+01   7.02204E-01   1.03980E-01   3.50128E-02   9.49252E+00
    9.76691E+01   6.85885E-01   1.02980E-01   3.48249E-02   9.42771E+00
    9.67141E+01   6.69842E-01   1.01980E-01   3.46346E-02   9.36317E+00
    9.57592E+01   6.54071E-01   1.00980E-01   3.44419E-02   9.29889E+00
    9.48045E+01   6.38569E-01   9.99800E-02   3.42467E-02   9.23488E+00
    9.38500E+01   6.23335E-01   9.89800E-02   3.40490E-02   9.17112E+00
    9.28956E+01   6.08366E-01   9.79800E-02   3.38488E-02   9.10763E+00
    9.19413E+01   5.93658E-01   9.69800E-02   3.36461E-02   9.04438E+00
    9.09873E+01   5.79210E-01   9.59800E-02   3.34409E-02   8.98138E+00
    9.00333E+01   5.65019E-01   9.49800E-02   3.32331E-02   8.91863E+00
    8.90795E+01   5.51082E-01   9.39800E-02   3.30228E-02   8.85612E+00
    8.81259E+01   5.37397E-01   9.29800E-02   3.28099E-02   8.79384E+00
    8.71724E+01   5.23961E-01   9.19800E-02   3.25944E-02   8.73179E+00
    8.62190E+01   5.10772E-01   9.09800E-02   3.23762E-02   8.66997E+00
    8.52658E+01   4.97826E-01   8.99800E-02   3.21554E-02   8.60838E+00
    8.43127E+01   4.85121E-01   8.89800E-02   3.19320E-02   8.54700E+00
    8.33598E+01   4.72655E-01   8.79800E-02   3.17058E-02   8.48583E+00
    8.24070E+01   4.60425E-01   8.69800E-02   3.14769E-02   8.42487E+00
    8.14544E+01   4.48428E-01   8.59800E-02   3.12454E-02   8.36411E+00
    8.05019E+01   4.36662E-01   8.49800E-02   3.10110E-02   8.30355E+00
    7.95495E+01   4.25123E-01   8.39800E-02   3.07739E-02   8.24318E+00
    7.85972E+01   4.15740E-01   8.29800E-02   3.06064E-02   8.18289E+00
    7.76451E+01   4.06253E-01   8.19800E-02   3.04306E-02   8.12247E+00
    7.66931E+01   3.96691E-01   8.09800E-02   3.02476E-02   8.06200E+00
    7.57412E+01   3.87153E-01   7.99800E-02   3.00617E-02   8.00149E+00
    7.47894E+01   3.77686E-01   7.89800E-02   2.98750E-02   7.94096E+00
    7.38377E+01   3.68317E-01   7.79800E-02   2.96883E-02   7.88040E+00
    7.28862E+01   3.59064E-01   7.69800E-02   2.95023E-02   7.81982E+00
    7.19348E+01   3.49939E-01   7.59800E-02   2.93174E-02   7.75922E+00
    7.09835E+01   3.40947E-01   7.49800E-02   2.91337E-02   7.69858E+00
    7.00323E+01   3.32093E-01   7.39800E-02   2.89515E-02   7.63792E+00
    6.90812E+01   3.23379E-01   7.29800E-02   2.87710E-02   7.57723E+00
    6.81303E+01   3.14808E-01   7.19800E-02   2.85923E-02   7.51649E+00
    6.71794E+01   3.06378E-01   7.09800E-02   2.84156E-02   7.45570E+00
    6.62287E+01   2.98092E-01   6.99800E-02   2.82411E-02   7.39486E+00
    6.52781E+01   2.89947E-01   6.89800E-02   2.80689E-02   7.33396E+00
    6.43276E+01   2.81944E-01   6.79800E-02   2.78991E-02   7.27299E+00
    6.33773E+01   2.74081E-01   6.69800E-02   2.77319E-02   7.21194E+00
    6.24270E+01   2.66358E-01   6.59800E-02   2.75675E-02   7.15080E+00
    6.14769E+01   2.58775E-01   6.49800E-02   2.74058E-02   7.08957E+00
    6.05269E+01   2.51329E-01   6.39800E-02   2.72472E-02   7.02823E+00
    5.95770E+01   2.44020E-01   6.29800E-02   2.70917E-02   6.96677E+00
    5.86272E+01   2.36846E-01   6.19800E-02   2.69394E-02   6.90518E+00
    5.76775E+01   2.29807E-01   6.09800E-02   2.67905E-02   6.84345E+00
    5.67280E+01   2.22901E-01   5.99800E-02   2.66450E-02   6.78158E+00
    5.57785E+01   2.16126E-01   5.89800E-02   2.65032E-02   6.71953E+00
    5.48292E+01   2.09482E-01   5.79800E-02   2.63652E-02   6.65731E+00
    5.38800E+01   2.02966E-01   5.69800E-02   2.62310E-02   6.59490E+00
    5.29309E+01   1.96578E-01   5.59800E-02   2.61009E-02   6.53228E+00
    5.19819E+01   1.90316E-01   5.49800E-02   2.59750E-02   6.46944E+00
    5.10330E+01   1.84179E-01   5.39800E-02   2.58534E-02   6.40635E+00
    5.00843E+01   1.78165E-01   5.29800E-02   2.57362E-02   6.34301E+00
    4.91356E+01   1.72272E-01   5.19800E-02   2.56237E-02   6.27940E+00
    4.81871E+01   1.66500E-01   5.09800E-02   2.55159E-02   6.21549E+00
    4.72387E+01   1.60847E-01   4.99800E-02   2.54132E-02   6.15126E+00
    4.62903E+01   1.55310E-01   4.89800E-02   2.53156E-02   6.08670E+00
    4.53421E+01   1.49890E-01   4.79800E-02   2.52233E-02   6.02178E+00
    4.43941E+01   1.44584E-01   4.69800E-02   2.51366E-02   5.95647E+00
    4.34461E+01   1.39390E-01   4.59800E-02   2.50556E-02   5.89075E+00
    4.24982E+01   1.34308E-01   4.49800E-02   2.49807E-02   5.82460E+00
    4.15505E+01   1.29335E-01   4.39800E-02   2.49120E-02   5.75798E+00
    4.06028E+01   1.24471E-01   4.29800E-02   2.48498E-02   5.69085E+00
    3.96553E+01   1.19713E-01   4.19800E-02   2.47945E-02   5.62320E+00
    3.87079E+01   1.15061E-01   4.09800E-02   2.47462E-02   5.55498E+00
    3.77606E+01   1.10512E-01   3.99800E-02   2.47054E-02   5.48616E+00
    3.68134E+01   1.06065E-01   3.89800E-02   2.46723E-02   5.41669E+00
    3.58663E+01   1.01719E-01   3.79800E-02   2.46475E-02   5.34653E+00
    3.49193E+01   9.74723E-02   3.69800E-02   2.46312E-02   5.27564E+00
    3.39725E+01   9.33230E-02   3.59800E-02   2.46241E-02   5.20396E+00
    3.30257E+01   8.92697E-02   3.49800E-02   2.46265E-02   5.13145E+00
    3.20791E+01   8.53110E-02   3.39800E-02   2.46390E-02   5.05803E+00
    3.11326E+01   8.14454E-02   3.29800E-02   2.46622E-02   4.98365E+00
    3.01862E+01   7.76714E-02   3.19800E-02   2.46968E-02   4.90825E+00
    2.92399E+01   7.39874E-02   3.09800E-02   2.47436E-02   4.83173E+00
    2.82937E+01   7.03919E-02   2.99800E-02   2.48034E-02   4.75404E+00
    2.73477E+01   6.68836E-02   2.89800E-02   2.48771E-02   4.67507E+00
    2.64018E+01   6.34608E-02   2.79800E-02   2.49657E-02   4.59473E+00
    2.54560E+01   6.01222E-02   2.69800E-02   2.50705E-02   4.51291E+00
    2.45103E+01   5.68664E-02   2.59800E-02   2.51927E-02   4.42950E+00
    2.35647E+01   5.36919E-02   2.49800E-02   2.53340E-02   4.34436E+00
    2.26193E+01   5.05974E-02   2.39800E-02   2.54960E-02   4.25736E+00
    2.16740E+01   4.75815E-02   2.29800E-02   2.56807E-02   4.16833E+00
    2.07288E+01   4.46430E-02   2.19800E-02   2.58905E-02   4.07709E+00
    1.97838E+01   4.17807E-02   2.09800E-02   2.61282E-02   3.98345E+00
    1.88389E+01   3.89934E-02   1.99800E-02   2.63970E-02   3.88717E+00
    1.78941E+01   3.62802E-02   1.89800E-02   2.67008E-02   3.78800E+00
    1.69495E+01   3.36401E-02   1.79800E-02   2.70441E-02   3.68564E+00
    1.60050E+01   3.10722E-02   1.69800E-02   2.74327E-02   3.57976E+00
    1.50607E+01   2.85761E-02   1.59800E-02   2.78733E-02   3.46996E+00
    1.41165E+01   2.61514E-02   1.49800E-02   2.83747E-02   3.35578E+00
    1.31725E+01   2.37978E-02   1.39800E-02   2.89477E-02   3.23668E+00
    1.22286E+01   2.15155E-02   1.29800E-02   2.96063E-02   3.11201E+00
    1.12849E+01   1.93052E-02   1.19800E-02   3.03686E-02   2.98099E+00
    1.03414E+01   1.71677E-02   1.09800E-02   3.12592E-02   2.84263E+00
    9.39812E+00   1.51049E-02   9.98000E-03   3.23115E-02   2.69573E+00
    8.45502E+00   1.31192E-02   8.98000E-03   3.35730E-02   2.53873E+00
    7.51213E+00   1.12140E-02   7.98000E-03   3.51130E-02   2.36957E+00
    6.56947E+00   9.39423E-03   6.98000E-03   3.70382E-02   2.18544E+00
    5.62707E+00   7.66666E-03   5.98000E-03   3.95219E-02   1.98233E+00
    4.68496E+00   6.04081E-03   4.98000E-03   4.28670E-02   1.75415E+00
    3.74315E+00   4.53028E-03   3.98000E-03   4.76604E-02   1.49084E+00
    2.80172E+00   3.15523E-03   2.98000E-03   5.52223E-02   1.17345E+00
    1.86072E+00   1.94743E-03   1.98000E-03   6.93380E-02   7.57556E-01
    9.20296E-01   9.62392E-04   9.80000E-04   1.07787E-01   7.71654E-02
    8.26294E-01   8.79616E-04   8.80000E-04   1.15883E-01  -2.94261E-02
    7.32302E-01   8.00197E-04   7.80000E-04   1.25850E-01  -1.51516E-01
    6.38319E-01   7.24251E-04   6.80000E-04   1.38452E-01  -2.94841E-01
    5.44348E-01   6.51835E-04   5.80000E-04   1.54939E-01  -4.68733E-01
    4.50389E-01   5.82835E-04   4.80000E-04   1.77505E-01  -6.89599E-01
    3.56444E-01   5.16568E-04   3.80000E-04   2.10341E-01  -9.89469E-01
    3.47050E-01   5.10016E-04   3.70000E-04   2.14463E-01  -1.02597E+00
    3.37657E-01   5.03460E-04   3.60000E-04   2.18778E-01  -1.06402E+00
    3.28264E-01   4.96894E-04   3.50000E-04   2.23300E-01  -1.10371E+00
    3.18871E-01   4.90308E-04   3.40000E-04   2.28043E-01  -1.14519E+00
    3.09478E-01   4.83691E-04   3.30000E-04   2.33020E-01  -1.18859E+00
    3.00085E-01   4.77029E-04   3.20000E-04   2.38247E-01  -1.23407E+00
    2.90693E-01   4.70303E-04   3.10000E-04   2.43739E-01  -1.28182E+00
    2.81300E-01   4.63489E-04   3.00000E-04   2.49509E-01  -1.33202E+00
    2.71908E-01   4.56554E-04   2.90000E-04   2.55569E-01  -1.38489E+00
    2.62517E-01   4.49449E-04   2.80000E-04   2.61927E-01  -1.44068E+00
    2.53125E-01   4.42102E-04   2.70000E-04   2.68576E-01  -1.49964E+00
    2.43734E-01   4.34395E-04   2.60000E-04   2.75487E-01  -1.56207E+00
    2.34343E-01   4.26102E-04   2.50000E-04   2.82574E-01  -1.62826E+00
    2.24952E-01   4.16672E-04   2.40000E-04   2.89555E-01  -1.69850E+00
    2.15562E-01   4.01891E-04   2.30000E-04   2.94095E-01  -1.77282E+00
    2.06173E-01   3.81537E-04   2.20000E-04   2.95713E-01  -1.85020E+00
    1.96785E-01   3.61306E-04   2.10000E-04   2.97395E-01  -1.93056E+00
    1.87397E-01   3.41206E-04   2.00000E-04   2.99147E-01  -2.01415E+00
    1.78011E-01   3.21243E-04   1.90000E-04   3.00974E-01  -2.10127E+00
    1.68625E-01   3.01427E-04   1.80000E-04   3.02884E-01  -2.19225E+00
    1.59241E-01   2.81769E-04   1.70000E-04   3.04886E-01  -2.28748E+00
    1.49858E-01   2.62278E-04   1.60000E-04   3.06988E-01  -2.38741E+00
    1.40476E-01   2.42969E-04   1.50000E-04   3.09203E-01  -2.49257E+00
    1.31095E-01   2.23854E-04   1.40000E-04   3.11544E-01  -2.60361E+00
    1.21716E-01   2.04950E-04   1.30000E-04   3.14028E-01  -2.72127E+00
    1.12338E-01   1.86275E-04   1.20000E-04   3.16673E-01  -2.84649E+00
    1.02962E-01   1.67852E-04   1.10000E-04   3.19505E-01  -2.98041E+00
    9.35876E-02   1.49706E-04   1.00000E-04   3.22553E-01  -3.12447E+00
    8.42148E-02   1.31867E-04   9.00000E-05   3.25858E-01  -3.28053E+00
    7.48439E-02   1.14373E-04   8.00000E-05   3.29470E-01  -3.45101E+00
    6.54753E-02   9.72699E-05   7.00000E-05   3.33459E-01  -3.63923E+00
    5.61090E-02   8.06172E-05   6.00000E-05   3.37924E-01  -3.84989E+00
    4.67455E-02   6.44929E-05   5.00000E-05   3.43008E-01  -4.08995E+00
    3.73852E-02   4.90053E-05   4.00000E-05   3.48942E-01  -4.37053E+00
    2.80287E-02   3.43138E-05   3.00000E-05   3.56131E-01  -4.71121E+00
    1.86769E-02   2.06792E-05   2.00000E-05   3.65402E-01  -5.15251E+00
    9.33192E-03   8.61458E-06   1.00000E-05   3.79068E-01  -5.80824E+00
    8.39792E-03   7.53352E-06   9.00000E-06   3.80921E-01  -5.89771E+00
    7.46404E-03   6.48294E-06   8.00000E-06   3.82926E-01  -5.99472E+00
    6.53029E-03   5.46603E-06   7.00000E-06   3.85119E-01  -6.10096E+00
    5.59669E-03   4.48677E-06   6.00000E-06   3.87545E-01  -6.21876E+00
    4.66324E-03   3.55032E-06   5.00000E-06   3.90275E-01  -6.35164E+00
    3.72998E-03   2.66361E-06   4.00000E-06   3.93420E-01  -6.50512E+00
    2.79693E-03   1.83658E-06   3.00000E-06   3.97173E-01  -6.68887E+00
    1.86415E-03   1.08499E-06   2.00000E-06   4.01933E-01  -6.92274E+00
    9.31738E-04   4.38592E-07   1.00000E-06   4.08799E-01  -7.26169E+00
    8.38524E-04   3.81937E-07   9.00000E-07   4.09718E-01  -7.30714E+00
    7.45315E-04   3.27156E-07   8.00000E-07   4.10709E-01  -7.35621E+00
    6.52113E-04   2.74422E-07   7.00000E-07   4.11788E-01  -7.40969E+00
    5.58919E-04   2.23949E-07   6.00000E-07   4.12978E-01  -7.46866E+00
    4.65733E-04   1.76014E-07   5.00000E-07   4.14311E-01  -7.53476E+00
    3.72556E-04   1.30984E-07   4.00000E-07   4.15839E-01  -7.61054E+00
    2.79390E-04   8.93835E-08   3.00000E-07   4.17651E-01  -7.70045E+00
    1.86237E-04   5.20365E-08   2.00000E-07   4.19931E-01  -7.81345E+00
    9.31026E-05   2.04871E-08   1.00000E-07   4.23180E-01  -7.97400E+00
    8.37904E-05   1.77643E-08   9.00000E-08   4.23610E-01  -7.99518E+00
    7.44786E-05   1.51418E-08   8.00000E-08   4.24073E-01  -8.01795E+00
    6.51670E-05   1.26285E-08   7.00000E-08   4.24575E-01  -8.04263E+00
    5.58558E-05   1.02353E-08   6.00000E-08   4.25127E-01  -8.06968E+00
    4.65450E-05   7.97643E-09   5.00000E-08   4.25742E-01  -8.09976E+00
    3.72346E-05   5.87068E-09   4.00000E-08   4.26443E-01  -8.13392E+00
    2.79248E-05   3.94501E-09   3.00000E-08   4.27267E-01  -8.17392E+00
    1.86155E-05   2.24161E-09   2.00000E-08   4.28291E-01  -8.22322E+00
    9.30709E-06   8.39670E-10   1.00000E-08   4.29714E-01  -8.29081E+00
    8.37630E-06   7.21850E-10   9.00000E-09   4.29898E-01  -8.29946E+00
    7.44553E-06   6.09203E-10   8.00000E-09   4.30095E-01  -8.30867E+00
    6.51477E-06   5.02174E-10   7.00000E-09   4.30307E-01  -8.31854E+00
    5.58402E-06   4.01316E-10   6.00000E-09   4.30538E-01  -8.32922E+00
    4.65330E-06   3.07334E-10   5.00000E-09   4.30792E-01  -8.34092E+00
    3.72258E-06   2.21159E-10   4.00000E-09   4.31077E-01  -8.35394E+00
    2.79189E-06   1.44096E-10   3.00000E-09   4.31405E-01  -8.36878E+00
    1.86123E-06   7.81389E-11   2.00000E-09   4.31799E-01  -8.38639E+00
    9.30591E-07   2.68411E-11   1.00000E-09   4.32317E-01  -8.40902E+00
    8.37529E-07   2.27617E-11   9.00000E-10   4.32381E-01  -8.41176E+00
    7.44468E-07   1.89168E-11   8.00000E-10   4.32448E-01  -8.41465E+00
    6.51408E-07   1.53230E-11   7.00000E-10   4.32519E-01  -8.41768E+00
    5.58347E-07   1.20002E-11   6.00000E-10   4.32595E-01  -8.42091E+00
    4.65288E-07   8.97270E-12   5.00000E-10   4.32678E-01  -8.42437E+00
    3.72229E-07   6.27160E-12   4.00000E-10   4.32767E-01  -8.42812E+00
    2.79170E-07   3.93799E-12   3.00000E-10   4.32867E-01  -8.43225E+00
    1.86113E-07   2.03042E-12   2.00000E-10   4.32982E-01  -8.43695E+00
    9.30557E-08   6.43754E-13   1.00000E-10   4.33122E-01  -8.44261E+00
    8.37501E-08   5.39708E-13   9.00000E-11   4.33139E-01  -8.44326E+00
    7.44445E-08   4.42946E-13   8.00000E-11   4.33156E-01  -8.44394E+00
    6.51389E-08   3.53826E-13   7.00000E-11   4.33174E-01  -8.44465E+00
    5.58333E-08   2.72771E-13   6.00000E-11   4.33193E-01  -8.44539E+00
    4.65277E-08   2.00286E-13   5.00000E-11   4.33213E-01  -8.44617E+00
    3.72221E-08   1.37000E-13   4.00000E-11   4.33234E-01  -8.44700E+00
    2.79166E-08   8.37240E-14   3.00000E-11   4.33257E-01  -8.44788E+00
    1.86110E-08   4.15858E-14   2.00000E-11   4.33283E-01  -8.44887E+00
    9.30550E-09   1.23568E-14   1.00000E-11   4.33314E-01  -8.44999E+00
    8.37495E-09   1.02529E-14   9.00000E-12   4.33317E-01  -8.45011E+00
    7.44440E-09   8.31561E-15   8.00000E-12   4.33321E-01  -8.45024E+00
    6.51385E-09   6.55131E-15   7.00000E-12   4.33325E-01  -8.45038E+00
    5.58330E-09   4.96742E-15   6.00000E-12   4.33329E-01  -8.45051E+00
    4.65275E-09   3.57280E-15   5.00000E-12   4.33333E-01  -8.45065E+00
    3.72220E-09   2.37830E-15   4.00000E-12   4.33337E-01  -8.45080E+00
    2.79165E-09   1.39785E-15   3.00000E-12   4.33342E-01  -8.45095E+00
    1.86110E-09   6.50455E-16   2.00000E-12   4.33346E-01  -8.45111E+00
    9.30549E-10   1.65114E-16   1.00000E-12   4.33352E-01  -8.45127E+00
    8.37494E-10   1.32713E-16   9.00000E-13   4.33353E-01  -8.45129E+00
    7.44439E-10   1.03512E-16   8.00000E-13   4.33353E-01  -8.45131E+00
    6.51384E-10   7.76047E-17   7.00000E-13   4.33354E-01  -8.45132E+00
    5.58329E-10   5.50949E-17   6.00000E-13   4.33355E-01  -8.45134E+00
    4.65274E-10   3.61040E-17   5.00000E-13   4.33355E-01  -8.45135E+00
    3.72219E-10   2.07750E-17   4.00000E-13   4.33356E-01  -8.45137E+00
    2.79165E-10   9.28060E-18   3.00000E-13   4.33357E-01  -8.45138E+00
    1.86110E-10   1.83472E-18   2.00000E-13   4.33357E-01  -8.45139E+00
