    3.79507E+03   3.50022E+03   1.99098E+00   1.00000E-03   9.67130E+02
    3.75855E+03   3.45092E+03   1.98098E+00   1.00000E-03   9.58318E+02
    3.72228E+03   3.40206E+03   1.97098E+00   1.00000E-03   9.49543E+02
    3.68626E+03   3.35364E+03   1.96098E+00   1.00000E-03   9.40803E+02
    3.65048E+03   3.30568E+03   1.95098E+00   1.00000E-03   9.32101E+02
    3.61495E+03   3.25815E+03   1.94098E+00   1.00000E-03   9.23434E+02
    3.57966E+03   3.21107E+03   1.93098E+00   1.00000E-03   9.14804E+02
    3.54461E+03   3.16443E+03   1.92098E+00   1.00000E-03   9.06210E+02
    3.50981E+03   3.11822E+03   1.91098E+00   1.00000E-03   8.97653E+02
    3.47524E+03   3.07246E+03   1.90098E+00   1.00000E-03   8.89133E+02
    3.44092E+03   3.02712E+03   1.89098E+00   1.00000E-03   8.80649E+02
    3.40683E+03   2.98222E+03   1.88098E+00   1.00000E-03   8.72202E+02
    3.37299E+03   2.93775E+03   1.87098E+00   1.00000E-03   8.63791E+02
    3.33937E+03   2.89370E+03   1.86098E+00   1.00000E-03   8.55417E+02
    3.30600E+03   2.85009E+03   1.85098E+00   1.00000E-03   8.47080E+02
    3.27286E+03   2.80690E+03   1.84098E+00   1.00000E-03   8.38780E+02
    3.23995E+03   2.76413E+03   1.83098E+00   1.00000E-03   8.30517E+02
    3.20727E+03   2.72178E+03   1.82098E+00   1.00000E-03   8.22290E+02
    3.17483E+03   2.67985E+03   1.81098E+00   1.00000E-03   8.14100E+02
    3.14262E+03   2.63834E+03   1.80098E+00   1.00000E-03   8.05948E+02
    3.11063E+03   2.59725E+03   1.79098E+00   1.00000E-03   7.97832E+02
    3.07888E+03   2.55656E+03   1.78098E+00   1.00000E-03   7.89753E+02
    3.04735E+03   2.51630E+03   1.77098E+00   1.00000E-03   7.81712E+02
    3.01604E+03   2.47644E+03   1.76098E+00   1.00000E-03   7.73708E+02
    2.98497E+03   2.43699E+03   1.75098E+00   1.00000E-03   7.65740E+02
    2.95411E+03   2.39794E+03   1.74098E+00   1.00000E-03   7.57810E+02
    2.92348E+03   2.35930E+03   1.73098E+00   1.00000E-03   7.49918E+02
    2.89307E+03   2.32106E+03   1.72098E+00   1.00000E-03   7.42062E+02
    2.86289E+03   2.28322E+03   1.71098E+00   1.00000E-03   7.34244E+02
    2.83292E+03   2.24579E+03   1.70098E+00   1.00000E-03   7.26464E+02
    2.80317E+03   2.20874E+03   1.69098E+00   1.00000E-03   7.18720E+02
    2.77364E+03   2.17210E+03   1.68098E+00   1.00000E-03   7.11015E+02
    2.74433E+03   2.13584E+03   1.67098E+00   1.00000E-03   7.03347E+02
    2.71523E+03   2.09998E+03   1.66098E+00   1.00000E-03   6.95716E+02
    2.68635E+03   2.06451E+03   1.65098E+00   1.00000E-03   6.88123E+02
    2.65768E+03   2.02942E+03   1.64098E+00   1.00000E-03   6.80568E+02
    2.62922E+03   1.99472E+03   1.63098E+00   1.00000E-03   6.73050E+02
    2.60098E+03   1.96041E+03   1.62098E+00   1.00000E-03   6.65570E+02
    2.57294E+03   1.92647E+03   1.61098E+00   1.00000E-03   6.58128E+02
    2.54512E+03   1.89292E+03   1.60098E+00   1.00000E-03   6.50724E+02
    2.51750E+03   1.85974E+03   1.59098E+00   1.00000E-03   6.43358E+02
    2.49009E+03   1.82694E+03   1.58098E+00   1.00000E-03   6.36030E+02
    2.46289E+03   1.79452E+03   1.57098E+00   1.00000E-03   6.28740E+02
    2.43589E+03   1.76246E+03   1.56098E+00   1.00000E-03   6.21487E+02
    2.40910E+03   1.73078E+03   1.55098E+00   1.00000E-03   6.14273E+02
    2.38251E+03   1.69946E+03   1.54098E+00   1.00000E-03   6.07097E+02
    2.35612E+03   1.66851E+03   1.53098E+00   1.00000E-03   5.99960E+02
    2.32993E+03   1.63793E+03   1.52098E+00   1.00000E-03   5.92860E+02
    2.30394E+03   1.60771E+03   1.51098E+00   1.00000E-03   5.85799E+02
    2.27815E+03   1.57785E+03   1.50098E+00   1.00000E-03   5.78777E+02
    2.25256E+03   1.54834E+03   1.49098E+00   1.00000E-03   5.71792E+02
    2.22717E+03   1.51920E+03   1.48098E+00   1.00000E-03   5.64847E+02
    2.20197E+03   1.49041E+03   1.47098E+00   1.00000E-03   5.57939E+02
    2.17696E+03   1.46197E+03   1.46098E+00   1.00000E-03   5.51071E+02
    2.15215E+03   1.43389E+03   1.45098E+00   1.00000E-03   5.44241E+02
    2.12753E+03   1.40615E+03   1.44098E+00   1.00000E-03   5.37449E+02
    2.10311E+03   1.37876E+03   1.43098E+00   1.00000E-03   5.30697E+02
    2.07887E+03   1.35172E+03   1.42098E+00   1.00000E-03   5.23983E+02
    2.05482E+03   1.32501E+03   1.41098E+00   1.00000E-03   5.17308E+02
    2.03096E+03   1.29866E+03   1.40098E+00   1.00000E-03   5.10672E+02
    2.00729E+03   1.27264E+03   1.39098E+00   1.00000E-03   5.04075E+02
    1.98380E+03   1.24695E+03   1.38098E+00   1.00000E-03   4.97517E+02
    1.96050E+03   1.22161E+03   1.37098E+00   1.00000E-03   4.90998E+02
    1.93738E+03   1.19659E+03   1.36098E+00   1.00000E-03   4.84518E+02
    1.91444E+03   1.17191E+03   1.35098E+00   1.00000E-03   4.78078E+02
    1.89169E+03   1.14756E+03   1.34098E+00   1.00000E-03   4.71676E+02
    1.86911E+03   1.12353E+03   1.33098E+00   1.00000E-03   4.65315E+02
    1.84672E+03   1.09983E+03   1.32098E+00   1.00000E-03   4.58992E+02
    1.82450E+03   1.07646E+03   1.31098E+00   1.00000E-03   4.52709E+02
    1.80246E+03   1.05341E+03   1.30098E+00   1.00000E-03   4.46465E+02
    1.78060E+03   1.03067E+03   1.29098E+00   1.00000E-03   4.40261E+02
    1.75891E+03   1.00826E+03   1.28098E+00   1.00000E-03   4.34097E+02
    1.73739E+03   9.86155E+02   1.27098E+00   1.00000E-03   4.27972E+02
    1.71605E+03   9.64369E+02   1.26098E+00   1.00000E-03   4.21888E+02
    1.69488E+03   9.42894E+02   1.25098E+00   1.00000E-03   4.15843E+02
    1.67388E+03   9.21729E+02   1.24098E+00   1.00000E-03   4.09837E+02
    1.65305E+03   9.00873E+02   1.23098E+00   1.00000E-03   4.03872E+02
    1.63239E+03   8.80321E+02   1.22098E+00   1.00000E-03   3.97947E+02
    1.61189E+03   8.60074E+02   1.21098E+00   1.00000E-03   3.92062E+02
    1.59156E+03   8.40129E+02   1.20098E+00   1.00000E-03   3.86217E+02
    1.57139E+03   8.20483E+02   1.19098E+00   1.00000E-03   3.80413E+02
    1.55139E+03   8.01135E+02   1.18098E+00   1.00000E-03   3.74649E+02
    1.53155E+03   7.82083E+02   1.17098E+00   1.00000E-03   3.68925E+02
    1.51188E+03   7.63325E+02   1.16098E+00   1.00000E-03   3.63241E+02
    1.49236E+03   7.44858E+02   1.15098E+00   1.00000E-03   3.57598E+02
    1.47300E+03   7.26681E+02   1.14098E+00   1.00000E-03   3.51996E+02
    1.45380E+03   7.08792E+02   1.13098E+00   1.00000E-03   3.46434E+02
    1.43476E+03   6.91188E+02   1.12098E+00   1.00000E-03   3.40914E+02
    1.41587E+03   6.73868E+02   1.11098E+00   1.00000E-03   3.35434E+02
    1.39714E+03   6.56829E+02   1.10098E+00   1.00000E-03   3.29994E+02
    1.37856E+03   6.40070E+02   1.09098E+00   1.00000E-03   3.24596E+02
    1.36013E+03   6.23589E+02   1.08098E+00   1.00000E-03   3.19239E+02
    1.34186E+03   6.07383E+02   1.07098E+00   1.00000E-03   3.13923E+02
    1.32373E+03   5.91450E+02   1.06098E+00   1.00000E-03   3.08648E+02
    1.30575E+03   5.75788E+02   1.05098E+00   1.00000E-03   3.03415E+02
    1.28792E+03   5.60396E+02   1.04098E+00   1.00000E-03   2.98223E+02
    1.27024E+03   5.45271E+02   1.03098E+00   1.00000E-03   2.93072E+02
    1.25270E+03   5.30410E+02   1.02098E+00   1.00000E-03   2.87963E+02
    1.23531E+03   5.15813E+02   1.01098E+00   1.00000E-03   2.82895E+02
    1.21806E+03   5.01477E+02   1.00098E+00   1.00000E-03   2.77869E+02
    1.20949E+03   4.94406E+02   9.95980E-01   1.00000E-03   2.75372E+02
    1.20095E+03   4.87399E+02   9.90980E-01   1.00000E-03   2.72885E+02
    1.19245E+03   4.80457E+02   9.85980E-01   1.00000E-03   2.70409E+02
    1.18399E+03   4.73579E+02   9.80980E-01   1.00000E-03   2.67943E+02
    1.17556E+03   4.66764E+02   9.75980E-01   1.00000E-03   2.65488E+02
    1.16716E+03   4.60013E+02   9.70980E-01   1.00000E-03   2.63043E+02
    1.15880E+03   4.53324E+02   9.65980E-01   1.00000E-03   2.60609E+02
    1.15047E+03   4.46726E+02   9.60980E-01   1.03947E-03   2.58185E+02
    1.14218E+03   4.40284E+02   9.55980E-01   1.22462E-03   2.55771E+02
    1.13392E+03   4.33912E+02   9.50980E-01   1.42792E-03   2.53367E+02
    1.12569E+03   4.27607E+02   9.45980E-01   1.64959E-03   2.50973E+02
    1.11750E+03   4.21369E+02   9.40980E-01   1.88988E-03   2.48589E+02
    1.10934E+03   4.15198E+02   9.35980E-01   2.14898E-03   2.46214E+02
    1.10121E+03   4.09092E+02   9.30980E-01   2.42744E-03   2.43849E+02
    1.09311E+03   4.03050E+02   9.25980E-01   2.72388E-03   2.41494E+02
    1.08505E+03   3.97073E+02   9.20980E-01   3.04027E-03   2.39149E+02
    1.07702E+03   3.91159E+02   9.15980E-01   3.37444E-03   2.36813E+02
    1.06902E+03   3.85306E+02   9.10980E-01   3.72785E-03   2.34487E+02
    1.06106E+03   3.79515E+02   9.05980E-01   4.10019E-03   2.32170E+02
    1.05312E+03   3.73784E+02   9.00980E-01   4.49036E-03   2.29863E+02
    1.04522E+03   3.68113E+02   8.95980E-01   4.89921E-03   2.27565E+02
    1.03735E+03   3.62500E+02   8.90980E-01   5.32544E-03   2.25277E+02
    1.02951E+03   3.56945E+02   8.85980E-01   5.76931E-03   2.22999E+02
    1.02170E+03   3.51448E+02   8.80980E-01   6.23053E-03   2.20730E+02
    1.01392E+03   3.46006E+02   8.75980E-01   6.70836E-03   2.18471E+02
    1.00617E+03   3.40620E+02   8.70980E-01   7.20249E-03   2.16221E+02
    9.98458E+02   3.35289E+02   8.65980E-01   7.71284E-03   2.13981E+02
    9.90773E+02   3.30012E+02   8.60980E-01   8.23805E-03   2.11750E+02
    9.83118E+02   3.24788E+02   8.55980E-01   8.77838E-03   2.09529E+02
    9.75493E+02   3.19618E+02   8.50980E-01   9.33345E-03   2.07317E+02
    9.67899E+02   3.14499E+02   8.45980E-01   9.90184E-03   2.05115E+02
    9.60334E+02   3.09431E+02   8.40980E-01   1.04836E-02   2.02923E+02
    9.52800E+02   3.04415E+02   8.35980E-01   1.10781E-02   2.00740E+02
    9.45295E+02   2.99448E+02   8.30980E-01   1.16846E-02   1.98567E+02
    9.37821E+02   2.94532E+02   8.25980E-01   1.23026E-02   1.96404E+02
    9.30375E+02   2.89665E+02   8.20980E-01   1.29315E-02   1.94250E+02
    9.22960E+02   2.84846E+02   8.15980E-01   1.35706E-02   1.92106E+02
    9.15574E+02   2.80076E+02   8.10980E-01   1.42194E-02   1.89972E+02
    9.08217E+02   2.75354E+02   8.05980E-01   1.48772E-02   1.87847E+02
    9.00889E+02   2.70680E+02   8.00980E-01   1.55434E-02   1.85733E+02
    8.93590E+02   2.66053E+02   7.95980E-01   1.62173E-02   1.83628E+02
    8.86320E+02   2.61472E+02   7.90980E-01   1.68984E-02   1.81534E+02
    8.79079E+02   2.56939E+02   7.85980E-01   1.75859E-02   1.79449E+02
    8.71866E+02   2.52451E+02   7.80980E-01   1.82794E-02   1.77375E+02
    8.64682E+02   2.48009E+02   7.75980E-01   1.89781E-02   1.75310E+02
    8.57527E+02   2.43614E+02   7.70980E-01   1.96815E-02   1.73256E+02
    8.50400E+02   2.39263E+02   7.65980E-01   2.03889E-02   1.71212E+02
    8.43301E+02   2.34958E+02   7.60980E-01   2.10998E-02   1.69178E+02
    8.36231E+02   2.30698E+02   7.55980E-01   2.18136E-02   1.67154E+02
    8.29188E+02   2.26483E+02   7.50980E-01   2.25297E-02   1.65141E+02
    8.22173E+02   2.22313E+02   7.45980E-01   2.32475E-02   1.63139E+02
    8.15186E+02   2.18188E+02   7.40980E-01   2.39665E-02   1.61146E+02
    8.08227E+02   2.14106E+02   7.35980E-01   2.46861E-02   1.59165E+02
    8.01296E+02   2.10070E+02   7.30980E-01   2.54059E-02   1.57194E+02
    7.94392E+02   2.06077E+02   7.25980E-01   2.61252E-02   1.55233E+02
    7.87515E+02   2.02129E+02   7.20980E-01   2.68436E-02   1.53284E+02
    7.80665E+02   1.98224E+02   7.15980E-01   2.75605E-02   1.51345E+02
    7.73843E+02   1.94364E+02   7.10980E-01   2.82756E-02   1.49417E+02
    7.67047E+02   1.90548E+02   7.05980E-01   2.89883E-02   1.47500E+02
    7.60279E+02   1.86775E+02   7.00980E-01   2.96981E-02   1.45594E+02
    7.53537E+02   1.83046E+02   6.95980E-01   3.04046E-02   1.43699E+02
    7.46821E+02   1.79361E+02   6.90980E-01   3.11075E-02   1.41815E+02
    7.40133E+02   1.75719E+02   6.85980E-01   3.18062E-02   1.39942E+02
    7.33470E+02   1.72121E+02   6.80980E-01   3.25004E-02   1.38081E+02
    7.26834E+02   1.68566E+02   6.75980E-01   3.31896E-02   1.36231E+02
    7.20224E+02   1.65055E+02   6.70980E-01   3.38736E-02   1.34392E+02
    7.13640E+02   1.61587E+02   6.65980E-01   3.45519E-02   1.32564E+02
    7.07082E+02   1.58163E+02   6.60980E-01   3.52241E-02   1.30749E+02
    7.00550E+02   1.54781E+02   6.55980E-01   3.58901E-02   1.28944E+02
    6.94043E+02   1.51443E+02   6.50980E-01   3.65493E-02   1.27152E+02
    6.87562E+02   1.48148E+02   6.45980E-01   3.72015E-02   1.25371E+02
    6.81106E+02   1.44897E+02   6.40980E-01   3.78464E-02   1.23601E+02
    6.74676E+02   1.41688E+02   6.35980E-01   3.84838E-02   1.21844E+02
    6.68270E+02   1.38522E+02   6.30980E-01   3.91132E-02   1.20098E+02
    6.61889E+02   1.35399E+02   6.25980E-01   3.97345E-02   1.18365E+02
    6.55533E+02   1.32318E+02   6.20980E-01   4.03474E-02   1.16643E+02
    6.49202E+02   1.29280E+02   6.15980E-01   4.09517E-02   1.14933E+02
    6.42895E+02   1.26285E+02   6.10980E-01   4.15471E-02   1.13236E+02
    6.36613E+02   1.23333E+02   6.05980E-01   4.21333E-02   1.11550E+02
    6.30354E+02   1.20422E+02   6.00980E-01   4.27103E-02   1.09877E+02
    6.24120E+02   1.17554E+02   5.95980E-01   4.32777E-02   1.08216E+02
    6.17910E+02   1.14729E+02   5.90980E-01   4.38354E-02   1.06568E+02
    6.11723E+02   1.11945E+02   5.85980E-01   4.43832E-02   1.04931E+02
    6.05560E+02   1.09203E+02   5.80980E-01   4.49208E-02   1.03308E+02
    5.99420E+02   1.06503E+02   5.75980E-01   4.54482E-02   1.01696E+02
    5.93304E+02   1.03844E+02   5.70980E-01   4.59652E-02   1.00097E+02
    5.87210E+02   1.01227E+02   5.65980E-01   4.64716E-02   9.85109E+01
    5.81140E+02   9.86514E+01   5.60980E-01   4.69672E-02   9.69372E+01
    5.75092E+02   9.61169E+01   5.55980E-01   4.74520E-02   9.53762E+01
    5.69067E+02   9.36234E+01   5.50980E-01   4.79257E-02   9.38278E+01
    5.63065E+02   9.11706E+01   5.45980E-01   4.83884E-02   9.22922E+01
    5.57085E+02   8.87586E+01   5.40980E-01   4.88397E-02   9.07694E+01
    5.51126E+02   8.63870E+01   5.35980E-01   4.92797E-02   8.92594E+01
    5.45190E+02   8.40556E+01   5.30980E-01   4.97082E-02   8.77623E+01
    5.39276E+02   8.17643E+01   5.25980E-01   5.01251E-02   8.62781E+01
    5.33383E+02   7.95129E+01   5.20980E-01   5.05304E-02   8.48068E+01
    5.27511E+02   7.73011E+01   5.15980E-01   5.09238E-02   8.33486E+01
    5.21661E+02   7.51287E+01   5.10980E-01   5.13054E-02   8.19033E+01
    5.15832E+02   7.29956E+01   5.05980E-01   5.16751E-02   8.04712E+01
    5.10024E+02   7.09013E+01   5.00980E-01   5.20327E-02   7.90521E+01
    5.04236E+02   6.88458E+01   4.95980E-01   5.23782E-02   7.76462E+01
    4.98469E+02   6.68288E+01   4.90980E-01   5.27115E-02   7.62535E+01
    4.92722E+02   6.48499E+01   4.85980E-01   5.30314E-02   7.48740E+01
    4.86996E+02   6.29091E+01   4.80980E-01   5.33403E-02   7.35077E+01
    4.81289E+02   6.10059E+01   4.75980E-01   5.36368E-02   7.21547E+01
    4.75603E+02   5.91402E+01   4.70980E-01   5.39208E-02   7.08149E+01
    4.69936E+02   5.73116E+01   4.65980E-01   5.41924E-02   6.94886E+01
    4.64288E+02   5.55199E+01   4.60980E-01   5.44515E-02   6.81755E+01
    4.58659E+02   5.37648E+01   4.55980E-01   5.46980E-02   6.68759E+01
    4.53050E+02   5.20460E+01   4.50980E-01   5.49319E-02   6.55897E+01
    4.47459E+02   5.03631E+01   4.45980E-01   5.51530E-02   6.43169E+01
    4.41887E+02   4.87160E+01   4.40980E-01   5.53615E-02   6.30576E+01
    4.36334E+02   4.71043E+01   4.35980E-01   5.55572E-02   6.18117E+01
    4.30799E+02   4.55276E+01   4.30980E-01   5.57401E-02   6.05794E+01
    4.25282E+02   4.39857E+01   4.25980E-01   5.59102E-02   5.93607E+01
    4.19783E+02   4.24782E+01   4.20980E-01   5.60673E-02   5.81554E+01
    4.14301E+02   4.10049E+01   4.15980E-01   5.62116E-02   5.69638E+01
    4.08837E+02   3.95653E+01   4.10980E-01   5.63429E-02   5.57858E+01
    4.03390E+02   3.81592E+01   4.05980E-01   5.64612E-02   5.46213E+01
    3.97961E+02   3.67862E+01   4.00980E-01   5.65665E-02   5.34706E+01
    3.92548E+02   3.54460E+01   3.95980E-01   5.66587E-02   5.23334E+01
    3.87152E+02   3.41382E+01   3.90980E-01   5.67379E-02   5.12100E+01
    3.81773E+02   3.28625E+01   3.85980E-01   5.68038E-02   5.01002E+01
    3.76410E+02   3.16185E+01   3.80980E-01   5.68566E-02   4.90042E+01
    3.71063E+02   3.04059E+01   3.75980E-01   5.68962E-02   4.79218E+01
    3.65732E+02   2.92244E+01   3.70980E-01   5.69226E-02   4.68532E+01
    3.60417E+02   2.80734E+01   3.65980E-01   5.69353E-02   4.57984E+01
    3.55117E+02   2.69528E+01   3.60980E-01   5.69353E-02   4.47573E+01
    3.49832E+02   2.58621E+01   3.55980E-01   5.69216E-02   4.37300E+01
    3.44563E+02   2.48010E+01   3.50980E-01   5.68945E-02   4.27164E+01
    3.39308E+02   2.37690E+01   3.45980E-01   5.68539E-02   4.17167E+01
    3.34069E+02   2.27659E+01   3.40980E-01   5.67998E-02   4.07308E+01
    3.28843E+02   2.17911E+01   3.35980E-01   5.67321E-02   3.97586E+01
    3.23632E+02   2.08445E+01   3.30980E-01   5.66507E-02   3.88003E+01
    3.18435E+02   1.99255E+01   3.25980E-01   5.65556E-02   3.78559E+01
    3.13252E+02   1.90337E+01   3.20980E-01   5.64468E-02   3.69252E+01
    3.08083E+02   1.81689E+01   3.15980E-01   5.63241E-02   3.60084E+01
    3.02927E+02   1.73306E+01   3.10980E-01   5.61876E-02   3.51055E+01
    2.97785E+02   1.65184E+01   3.05980E-01   5.60370E-02   3.42164E+01
    2.92655E+02   1.57319E+01   3.00980E-01   5.58723E-02   3.33411E+01
    2.87539E+02   1.49708E+01   2.95980E-01   5.56935E-02   3.24798E+01
    2.82435E+02   1.42346E+01   2.90980E-01   5.55004E-02   3.16322E+01
    2.77343E+02   1.35229E+01   2.85980E-01   5.52929E-02   3.07986E+01
    2.72264E+02   1.28354E+01   2.80980E-01   5.50709E-02   2.99787E+01
    2.67196E+02   1.21716E+01   2.75980E-01   5.48343E-02   2.91728E+01
    2.62141E+02   1.15311E+01   2.70980E-01   5.45829E-02   2.83807E+01
    2.57097E+02   1.09136E+01   2.65980E-01   5.43167E-02   2.76024E+01
    2.52064E+02   1.03186E+01   2.60980E-01   5.40354E-02   2.68380E+01
    2.47043E+02   9.74578E+00   2.55980E-01   5.37390E-02   2.60874E+01
    2.42033E+02   9.19463E+00   2.50980E-01   5.34271E-02   2.53507E+01
    2.37033E+02   8.66479E+00   2.45980E-01   5.30996E-02   2.46278E+01
    2.32044E+02   8.15586E+00   2.40980E-01   5.27564E-02   2.39186E+01
    2.27065E+02   7.66741E+00   2.35980E-01   5.23971E-02   2.32233E+01
    2.22097E+02   7.19905E+00   2.30980E-01   5.20216E-02   2.25417E+01
    2.21104E+02   7.10775E+00   2.29980E-01   5.19445E-02   2.24071E+01
    2.20112E+02   7.01723E+00   2.28980E-01   5.18668E-02   2.22730E+01
    2.19121E+02   6.92750E+00   2.27980E-01   5.17884E-02   2.21394E+01
    2.18129E+02   6.83854E+00   2.26980E-01   5.17093E-02   2.20064E+01
    2.17138E+02   6.75035E+00   2.25980E-01   5.16296E-02   2.18739E+01
    2.16148E+02   6.66294E+00   2.24980E-01   5.15492E-02   2.17420E+01
    2.15158E+02   6.57629E+00   2.23980E-01   5.14681E-02   2.16107E+01
    2.14168E+02   6.49041E+00   2.22980E-01   5.13863E-02   2.14799E+01
    2.13178E+02   6.40528E+00   2.21980E-01   5.13039E-02   2.13496E+01
    2.12189E+02   6.32091E+00   2.20980E-01   5.12208E-02   2.12199E+01
    2.11201E+02   6.23730E+00   2.19980E-01   5.11370E-02   2.10907E+01
    2.10213E+02   6.15444E+00   2.18980E-01   5.10525E-02   2.09621E+01
    2.09225E+02   6.07232E+00   2.17980E-01   5.09673E-02   2.08340E+01
    2.08237E+02   5.99095E+00   2.16980E-01   5.08815E-02   2.07065E+01
    2.07250E+02   5.91031E+00   2.15980E-01   5.07949E-02   2.05795E+01
    2.06263E+02   5.83042E+00   2.14980E-01   5.07077E-02   2.04531E+01
    2.05277E+02   5.75126E+00   2.13980E-01   5.06197E-02   2.03272E+01
    2.04291E+02   5.67282E+00   2.12980E-01   5.05311E-02   2.02019E+01
    2.03305E+02   5.59512E+00   2.11980E-01   5.04417E-02   2.00771E+01
    2.02320E+02   5.51814E+00   2.10980E-01   5.03516E-02   1.99528E+01
    2.01335E+02   5.44188E+00   2.09980E-01   5.02608E-02   1.98292E+01
    2.00350E+02   5.36634E+00   2.08980E-01   5.01693E-02   1.97060E+01
    1.99366E+02   5.29151E+00   2.07980E-01   5.00771E-02   1.95834E+01
    1.98382E+02   5.21739E+00   2.06980E-01   4.99842E-02   1.94613E+01
    1.97399E+02   5.14397E+00   2.05980E-01   4.98905E-02   1.93398E+01
    1.96416E+02   5.07127E+00   2.04980E-01   4.97961E-02   1.92189E+01
    1.95433E+02   4.99926E+00   2.03980E-01   4.97010E-02   1.90984E+01
    1.94450E+02   4.92795E+00   2.02980E-01   4.96052E-02   1.89786E+01
    1.93468E+02   4.85733E+00   2.01980E-01   4.95086E-02   1.88592E+01
    1.92487E+02   4.78740E+00   2.00980E-01   4.94113E-02   1.87404E+01
    1.91505E+02   4.71816E+00   1.99980E-01   4.93132E-02   1.86222E+01
    1.90524E+02   4.64961E+00   1.98980E-01   4.92144E-02   1.85045E+01
    1.89544E+02   4.58173E+00   1.97980E-01   4.91148E-02   1.83873E+01
    1.88563E+02   4.51453E+00   1.96980E-01   4.90145E-02   1.82707E+01
    1.87583E+02   4.44801E+00   1.95980E-01   4.89134E-02   1.81546E+01
    1.86603E+02   4.38215E+00   1.94980E-01   4.88116E-02   1.80391E+01
    1.85624E+02   4.31696E+00   1.93980E-01   4.87090E-02   1.79241E+01
    1.84645E+02   4.25244E+00   1.92980E-01   4.86056E-02   1.78096E+01
    1.83666E+02   4.18857E+00   1.91980E-01   4.85014E-02   1.76957E+01
    1.82688E+02   4.12537E+00   1.90980E-01   4.83965E-02   1.75823E+01
    1.81710E+02   4.06281E+00   1.89980E-01   4.82908E-02   1.74695E+01
    1.80732E+02   4.00091E+00   1.88980E-01   4.81843E-02   1.73572E+01
    1.79755E+02   3.93965E+00   1.87980E-01   4.80770E-02   1.72454E+01
    1.78778E+02   3.87904E+00   1.86980E-01   4.79689E-02   1.71342E+01
    1.77801E+02   3.81906E+00   1.85980E-01   4.78600E-02   1.70235E+01
    1.76825E+02   3.75973E+00   1.84980E-01   4.77504E-02   1.69134E+01
    1.75849E+02   3.70102E+00   1.83980E-01   4.76399E-02   1.68038E+01
    1.74873E+02   3.64295E+00   1.82980E-01   4.75286E-02   1.66947E+01
    1.73898E+02   3.58550E+00   1.81980E-01   4.74164E-02   1.65862E+01
    1.72922E+02   3.52867E+00   1.80980E-01   4.73035E-02   1.64782E+01
    1.71948E+02   3.47247E+00   1.79980E-01   4.71897E-02   1.63707E+01
    1.70973E+02   3.41688E+00   1.78980E-01   4.70751E-02   1.62638E+01
    1.69999E+02   3.36191E+00   1.77980E-01   4.69597E-02   1.61574E+01
    1.69025E+02   3.30754E+00   1.76980E-01   4.68434E-02   1.60515E+01
    1.68051E+02   3.25378E+00   1.75980E-01   4.67263E-02   1.59462E+01
    1.67078E+02   3.20062E+00   1.74980E-01   4.66083E-02   1.58414E+01
    1.66105E+02   3.14806E+00   1.73980E-01   4.64895E-02   1.57371E+01
    1.65132E+02   3.09610E+00   1.72980E-01   4.63698E-02   1.56334E+01
    1.64160E+02   3.04473E+00   1.71980E-01   4.62492E-02   1.55302E+01
    1.63188E+02   2.99395E+00   1.70980E-01   4.61278E-02   1.54275E+01
    1.62216E+02   2.94376E+00   1.69980E-01   4.60055E-02   1.53253E+01
    1.61245E+02   2.89415E+00   1.68980E-01   4.58823E-02   1.52237E+01
    1.60274E+02   2.84512E+00   1.67980E-01   4.57582E-02   1.51226E+01
    1.59303E+02   2.79666E+00   1.66980E-01   4.56332E-02   1.50221E+01
    1.58332E+02   2.74877E+00   1.65980E-01   4.55073E-02   1.49220E+01
    1.57362E+02   2.70146E+00   1.64980E-01   4.53805E-02   1.48225E+01
    1.56392E+02   2.65471E+00   1.63980E-01   4.52527E-02   1.47235E+01
    1.55422E+02   2.60852E+00   1.62980E-01   4.51241E-02   1.46250E+01
    1.54452E+02   2.56289E+00   1.61980E-01   4.49945E-02   1.45271E+01
    1.53483E+02   2.51781E+00   1.60980E-01   4.48640E-02   1.44297E+01
    1.52514E+02   2.47329E+00   1.59980E-01   4.47325E-02   1.43328E+01
    1.51546E+02   2.42932E+00   1.58980E-01   4.46001E-02   1.42364E+01
    1.50577E+02   2.38589E+00   1.57980E-01   4.44668E-02   1.41406E+01
    1.49609E+02   2.34300E+00   1.56980E-01   4.43322E-02   1.40452E+01
    1.48641E+02   2.30065E+00   1.55980E-01   4.41969E-02   1.39504E+01
    1.47674E+02   2.25883E+00   1.54980E-01   4.40606E-02   1.38561E+01
    1.46706E+02   2.21755E+00   1.53980E-01   4.39234E-02   1.37623E+01
    1.45739E+02   2.17679E+00   1.52980E-01   4.37851E-02   1.36690E+01
    1.44773E+02   2.13656E+00   1.51980E-01   4.36458E-02   1.35763E+01
    1.43806E+02   2.09685E+00   1.50980E-01   4.35056E-02   1.34840E+01
    1.42840E+02   2.05765E+00   1.49980E-01   4.33643E-02   1.33923E+01
    1.41874E+02   2.01897E+00   1.48980E-01   4.32220E-02   1.33011E+01
    1.40908E+02   1.98080E+00   1.47980E-01   4.30786E-02   1.32104E+01
    1.39943E+02   1.94314E+00   1.46980E-01   4.29342E-02   1.31202E+01
    1.38977E+02   1.90598E+00   1.45980E-01   4.27888E-02   1.30305E+01
    1.38012E+02   1.86932E+00   1.44980E-01   4.26423E-02   1.29413E+01
    1.37048E+02   1.83316E+00   1.43980E-01   4.24947E-02   1.28526E+01
    1.36083E+02   1.79749E+00   1.42980E-01   4.23461E-02   1.27644E+01
    1.35119E+02   1.76231E+00   1.41980E-01   4.21963E-02   1.26768E+01
    1.34155E+02   1.72762E+00   1.40980E-01   4.20455E-02   1.25896E+01
    1.33191E+02   1.69341E+00   1.39980E-01   4.18935E-02   1.25029E+01
    1.32228E+02   1.65968E+00   1.38980E-01   4.17404E-02   1.24167E+01
    1.31265E+02   1.62642E+00   1.37980E-01   4.15862E-02   1.23311E+01
    1.30302E+02   1.59364E+00   1.36980E-01   4.14309E-02   1.22459E+01
    1.29339E+02   1.56132E+00   1.35980E-01   4.12744E-02   1.21612E+01
    1.28376E+02   1.52948E+00   1.34980E-01   4.11168E-02   1.20770E+01
    1.27414E+02   1.49809E+00   1.33980E-01   4.09579E-02   1.19933E+01
    1.26452E+02   1.46716E+00   1.32980E-01   4.07979E-02   1.19101E+01
    1.25490E+02   1.43669E+00   1.31980E-01   4.06367E-02   1.18274E+01
    1.24529E+02   1.40667E+00   1.30980E-01   4.04743E-02   1.17451E+01
    1.23567E+02   1.37710E+00   1.29980E-01   4.03107E-02   1.16634E+01
    1.22606E+02   1.34797E+00   1.28980E-01   4.01459E-02   1.15821E+01
    1.21645E+02   1.31928E+00   1.27980E-01   3.99798E-02   1.15013E+01
    1.20684E+02   1.29103E+00   1.26980E-01   3.98124E-02   1.14210E+01
    1.19724E+02   1.26321E+00   1.25980E-01   3.96438E-02   1.13412E+01
    1.18764E+02   1.23583E+00   1.24980E-01   3.94739E-02   1.12618E+01
    1.17804E+02   1.20887E+00   1.23980E-01   3.93028E-02   1.11829E+01
    1.16844E+02   1.18233E+00   1.22980E-01   3.91303E-02   1.11045E+01
    1.15884E+02   1.15622E+00   1.21980E-01   3.89565E-02   1.10266E+01
    1.14925E+02   1.13052E+00   1.20980E-01   3.87813E-02   1.09491E+01
    1.13966E+02   1.10523E+00   1.19980E-01   3.86048E-02   1.08721E+01
    1.13007E+02   1.08036E+00   1.18980E-01   3.84270E-02   1.07956E+01
    1.12048E+02   1.05589E+00   1.17980E-01   3.82477E-02   1.07195E+01
    1.11089E+02   1.03182E+00   1.16980E-01   3.80671E-02   1.06439E+01
    1.10131E+02   1.00815E+00   1.15980E-01   3.78850E-02   1.05687E+01
    1.09173E+02   9.84873E-01   1.14980E-01   3.77016E-02   1.04940E+01
    1.08215E+02   9.61990E-01   1.13980E-01   3.75167E-02   1.04197E+01
    1.07257E+02   9.39494E-01   1.12980E-01   3.73303E-02   1.03459E+01
    1.06300E+02   9.17384E-01   1.11980E-01   3.71425E-02   1.02725E+01
    1.05342E+02   8.95654E-01   1.10980E-01   3.69531E-02   1.01995E+01
    1.04385E+02   8.74301E-01   1.09980E-01   3.67623E-02   1.01270E+01
    1.03428E+02   8.53323E-01   1.08980E-01   3.65699E-02   1.00550E+01
    1.02471E+02   8.32714E-01   1.07980E-01   3.63760E-02   9.98334E+00
    1.01515E+02   8.12472E-01   1.06980E-01   3.61805E-02   9.91213E+00
    1.00558E+02   7.92593E-01   1.05980E-01   3.59835E-02   9.84136E+00
    9.96020E+01   7.73073E-01   1.04980E-01   3.57848E-02   9.77100E+00
    9.86459E+01   7.53910E-01   1.03980E-01   3.55845E-02   9.70106E+00
    9.76901E+01   7.35098E-01   1.02980E-01   3.53826E-02   9.63154E+00
    9.67344E+01   7.16635E-01   1.01980E-01   3.51790E-02   9.56243E+00
    9.57789E+01   6.98517E-01   1.00980E-01   3.49737E-02   9.49372E+00
    9.48236E+01   6.80741E-01   9.99800E-02   3.47667E-02   9.42542E+00
    9.38684E+01   6.63302E-01   9.89800E-02   3.45580E-02   9.35752E+00
    9.29135E+01   6.46198E-01   9.79800E-02   3.43475E-02   9.29001E+00
    9.19587E+01   6.29424E-01   9.69800E-02   3.41353E-02   9.22289E+00
    9.10040E+01   6.12977E-01   9.59800E-02   3.39212E-02   9.15616E+00
    9.00496E+01   5.96853E-01   9.49800E-02   3.37053E-02   9.08981E+00
    8.90953E+01   5.81049E-01   9.39800E-02   3.34876E-02   9.02384E+00
    8.81412E+01   5.65561E-01   9.29800E-02   3.32681E-02   8.95823E+00
    8.71872E+01   5.50385E-01   9.19800E-02   3.30466E-02   8.89300E+00
    8.62334E+01   5.35518E-01   9.09800E-02   3.28232E-02   8.82812E+00
    8.52798E+01   5.20956E-01   8.99800E-02   3.25978E-02   8.76360E+00
    8.43263E+01   5.06695E-01   8.89800E-02   3.23705E-02   8.69943E+00
    8.33730E+01   4.92732E-01   8.79800E-02   3.21411E-02   8.63561E+00
    8.24198E+01   4.79063E-01   8.69800E-02   3.19098E-02   8.57212E+00
    8.14668E+01   4.65684E-01   8.59800E-02   3.16763E-02   8.50896E+00
    8.05140E+01   4.52592E-01   8.49800E-02   3.14408E-02   8.44613E+00
    7.95613E+01   4.39783E-01   8.39800E-02   3.12032E-02   8.38361E+00
    7.86087E+01   4.27253E-01   8.29800E-02   3.09634E-02   8.32141E+00
    7.76563E+01   4.14999E-01   8.19800E-02   3.07214E-02   8.25951E+00
    7.67041E+01   4.03016E-01   8.09800E-02   3.04772E-02   8.19791E+00
    7.57520E+01   3.91302E-01   7.99800E-02   3.02307E-02   8.13660E+00
    7.48000E+01   3.79852E-01   7.89800E-02   2.99821E-02   8.07556E+00
    7.38482E+01   3.68663E-01   7.79800E-02   2.97310E-02   8.01480E+00
    7.28965E+01   3.59082E-01   7.69800E-02   2.95363E-02   7.95426E+00
    7.19450E+01   3.50058E-01   7.59800E-02   2.93589E-02   7.89364E+00
    7.09935E+01   3.40904E-01   7.49800E-02   2.91705E-02   7.83300E+00
    7.00422E+01   3.31786E-01   7.39800E-02   2.89792E-02   7.77237E+00
    6.90910E+01   3.22764E-01   7.29800E-02   2.87876E-02   7.71176E+00
    6.81400E+01   3.13869E-01   7.19800E-02   2.85971E-02   7.65117E+00
    6.71890E+01   3.05119E-01   7.09800E-02   2.84083E-02   7.59060E+00
    6.62382E+01   2.96524E-01   6.99800E-02   2.82218E-02   7.53004E+00
    6.52875E+01   2.88091E-01   6.89800E-02   2.80378E-02   7.46950E+00
    6.43369E+01   2.79820E-01   6.79800E-02   2.78566E-02   7.40895E+00
    6.33864E+01   2.71714E-01   6.69800E-02   2.76784E-02   7.34839E+00
    6.24361E+01   2.63771E-01   6.59800E-02   2.75036E-02   7.28782E+00
    6.14858E+01   2.55993E-01   6.49800E-02   2.73321E-02   7.22721E+00
    6.05357E+01   2.48376E-01   6.39800E-02   2.71644E-02   7.16656E+00
    5.95857E+01   2.40919E-01   6.29800E-02   2.70005E-02   7.10585E+00
    5.86359E+01   2.33621E-01   6.19800E-02   2.68405E-02   7.04508E+00
    5.76861E+01   2.26479E-01   6.09800E-02   2.66848E-02   6.98422E+00
    5.67365E+01   2.19492E-01   5.99800E-02   2.65334E-02   6.92326E+00
    5.57870E+01   2.12657E-01   5.89800E-02   2.63866E-02   6.86219E+00
    5.48375E+01   2.05973E-01   5.79800E-02   2.62444E-02   6.80099E+00
    5.38882E+01   1.99436E-01   5.69800E-02   2.61070E-02   6.73964E+00
    5.29391E+01   1.93045E-01   5.59800E-02   2.59746E-02   6.67813E+00
    5.19900E+01   1.86797E-01   5.49800E-02   2.58473E-02   6.61643E+00
    5.10410E+01   1.80689E-01   5.39800E-02   2.57253E-02   6.55453E+00
    5.00922E+01   1.74720E-01   5.29800E-02   2.56088E-02   6.49240E+00
    4.91435E+01   1.68887E-01   5.19800E-02   2.54979E-02   6.43003E+00
    4.81948E+01   1.63187E-01   5.09800E-02   2.53927E-02   6.36738E+00
    4.72463E+01   1.57618E-01   4.99800E-02   2.52935E-02   6.30444E+00
    4.62979E+01   1.52177E-01   4.89800E-02   2.52004E-02   6.24118E+00
    4.53496E+01   1.46863E-01   4.79800E-02   2.51136E-02   6.17757E+00
    4.44014E+01   1.41672E-01   4.69800E-02   2.50334E-02   6.11358E+00
    4.34534E+01   1.36602E-01   4.59800E-02   2.49599E-02   6.04918E+00
    4.25054E+01   1.31651E-01   4.49800E-02   2.48933E-02   5.98434E+00
    4.15575E+01   1.26816E-01   4.39800E-02   2.48338E-02   5.91903E+00
    4.06098E+01   1.22095E-01   4.29800E-02   2.47818E-02   5.85320E+00
    3.96622E+01   1.17486E-01   4.19800E-02   2.47375E-02   5.78682E+00
    3.87146E+01   1.12985E-01   4.09800E-02   2.47011E-02   5.71986E+00
    3.77672E+01   1.08591E-01   3.99800E-02   2.46731E-02   5.65225E+00
    3.68199E+01   1.04301E-01   3.89800E-02   2.46535E-02   5.58397E+00
    3.58727E+01   1.00113E-01   3.79800E-02   2.46429E-02   5.51495E+00
    3.49256E+01   9.60241E-02   3.69800E-02   2.46417E-02   5.44514E+00
    3.39786E+01   9.20327E-02   3.59800E-02   2.46502E-02   5.37449E+00
    3.30317E+01   8.81360E-02   3.49800E-02   2.46690E-02   5.30294E+00
    3.20850E+01   8.43318E-02   3.39800E-02   2.46984E-02   5.23041E+00
    3.11383E+01   8.06179E-02   3.29800E-02   2.47391E-02   5.15684E+00
    3.01917E+01   7.69920E-02   3.19800E-02   2.47916E-02   5.08214E+00
    2.92453E+01   7.34518E-02   3.09800E-02   2.48567E-02   5.00624E+00
    2.82990E+01   6.99952E-02   2.99800E-02   2.49350E-02   4.92905E+00
    2.73528E+01   6.66200E-02   2.89800E-02   2.50274E-02   4.85046E+00
    2.64067E+01   6.33241E-02   2.79800E-02   2.51349E-02   4.77036E+00
    2.54607E+01   6.01054E-02   2.69800E-02   2.52585E-02   4.68864E+00
    2.45149E+01   5.69618E-02   2.59800E-02   2.53994E-02   4.60517E+00
    2.35691E+01   5.38916E-02   2.49800E-02   2.55589E-02   4.51981E+00
    2.26235E+01   5.08926E-02   2.39800E-02   2.57387E-02   4.43239E+00
    2.16780E+01   4.79632E-02   2.29800E-02   2.59405E-02   4.34274E+00
    2.07327E+01   4.51017E-02   2.19800E-02   2.61664E-02   4.25067E+00
    1.97874E+01   4.23064E-02   2.09800E-02   2.64190E-02   4.15595E+00
    1.88423E+01   3.95759E-02   1.99800E-02   2.67012E-02   4.05835E+00
    1.78973E+01   3.69089E-02   1.89800E-02   2.70163E-02   3.95758E+00
    1.69525E+01   3.43043E-02   1.79800E-02   2.73688E-02   3.85333E+00
    1.60078E+01   3.17612E-02   1.69800E-02   2.77636E-02   3.74522E+00
    1.50633E+01   2.92789E-02   1.59800E-02   2.82070E-02   3.63286E+00
    1.41189E+01   2.68570E-02   1.49800E-02   2.87069E-02   3.51573E+00
    1.31747E+01   2.44955E-02   1.39800E-02   2.92733E-02   3.39328E+00
    1.22306E+01   2.21949E-02   1.29800E-02   2.99190E-02   3.26481E+00
    1.12867E+01   1.99560E-02   1.19800E-02   3.06608E-02   3.12951E+00
    1.03430E+01   1.77803E-02   1.09800E-02   3.15213E-02   2.98635E+00
    9.39950E+00   1.56703E-02   9.98000E-03   3.25315E-02   2.83407E+00
    8.45621E+00   1.36292E-02   8.98000E-03   3.37355E-02   2.67108E+00
    7.51313E+00   1.16616E-02   7.98000E-03   3.51981E-02   2.49524E+00
    6.57030E+00   9.77359E-03   6.98000E-03   3.70191E-02   2.30371E+00
    5.62773E+00   7.97377E-03   5.98000E-03   3.93608E-02   2.09241E+00
    4.68546E+00   6.27375E-03   4.98000E-03   4.25081E-02   1.85524E+00
    3.74352E+00   4.68983E-03   3.98000E-03   4.70146E-02   1.58218E+00
    2.80196E+00   3.24574E-03   2.98000E-03   5.41281E-02   1.25457E+00
    1.86086E+00   1.97822E-03   1.98000E-03   6.74375E-02   8.29259E-01
    9.20364E-01   9.50550E-04   9.80000E-04   1.03872E-01   1.47465E-01
    8.26357E-01   8.64960E-04   8.80000E-04   1.11572E-01   4.24194E-02
    7.32360E-01   7.83092E-04   7.80000E-04   1.21063E-01  -7.73451E-02
    6.38372E-01   7.05109E-04   6.80000E-04   1.33083E-01  -2.17237E-01
    5.44396E-01   6.31145E-04   5.80000E-04   1.48841E-01  -3.86058E-01
    4.50432E-01   5.61223E-04   4.80000E-04   1.70478E-01  -5.99294E-01
    3.56483E-01   4.94977E-04   3.80000E-04   2.02137E-01  -8.87265E-01
    3.47089E-01   4.88508E-04   3.70000E-04   2.06130E-01  -9.22238E-01
    3.37695E-01   4.82056E-04   3.60000E-04   2.10317E-01  -9.58668E-01
    3.28301E-01   4.75618E-04   3.50000E-04   2.14712E-01  -9.96668E-01
    3.18908E-01   4.69187E-04   3.40000E-04   2.19329E-01  -1.03636E+00
    3.09514E-01   4.62757E-04   3.30000E-04   2.24186E-01  -1.07789E+00
    3.00121E-01   4.56319E-04   3.20000E-04   2.29299E-01  -1.12140E+00
    2.90728E-01   4.49863E-04   3.10000E-04   2.34689E-01  -1.16708E+00
    2.81335E-01   4.43375E-04   3.00000E-04   2.40374E-01  -1.21510E+00
    2.71943E-01   4.36839E-04   2.90000E-04   2.46376E-01  -1.26568E+00
    2.62551E-01   4.30230E-04   2.80000E-04   2.52716E-01  -1.31907E+00
    2.53159E-01   4.23515E-04   2.70000E-04   2.59411E-01  -1.37553E+00
    2.43767E-01   4.16648E-04   2.60000E-04   2.66477E-01  -1.43536E+00
    2.34375E-01   4.09557E-04   2.50000E-04   2.73917E-01  -1.49891E+00
    2.24984E-01   4.02120E-04   2.40000E-04   2.81704E-01  -1.56655E+00
    2.15593E-01   3.94102E-04   2.30000E-04   2.89746E-01  -1.63867E+00
    2.06203E-01   3.84876E-04   2.20000E-04   2.97697E-01  -1.71566E+00
    1.96813E-01   3.69143E-04   2.10000E-04   3.02281E-01  -1.79749E+00
    1.87423E-01   3.48735E-04   2.00000E-04   3.04141E-01  -1.88291E+00
    1.78035E-01   3.28454E-04   1.90000E-04   3.06079E-01  -1.97196E+00
    1.68648E-01   3.08309E-04   1.80000E-04   3.08103E-01  -2.06500E+00
    1.59262E-01   2.88311E-04   1.70000E-04   3.10221E-01  -2.16242E+00
    1.49878E-01   2.68469E-04   1.60000E-04   3.12444E-01  -2.26469E+00
    1.40494E-01   2.48797E-04   1.50000E-04   3.14781E-01  -2.37236E+00
    1.31112E-01   2.29310E-04   1.40000E-04   3.17247E-01  -2.48608E+00
    1.21731E-01   2.10024E-04   1.30000E-04   3.19858E-01  -2.60664E+00
    1.12352E-01   1.90957E-04   1.20000E-04   3.22634E-01  -2.73498E+00
    1.02974E-01   1.72133E-04   1.10000E-04   3.25598E-01  -2.87229E+00
    9.35980E-02   1.53577E-04   1.00000E-04   3.28781E-01  -3.02006E+00
    8.42238E-02   1.35321E-04   9.00000E-05   3.32221E-01  -3.18017E+00
    7.48516E-02   1.17404E-04   8.00000E-05   3.35970E-01  -3.35514E+00
    6.54816E-02   9.98749E-05   7.00000E-05   3.40094E-01  -3.54838E+00
    5.61141E-02   8.27943E-05   6.00000E-05   3.44690E-01  -3.76471E+00
    4.67494E-02   6.62442E-05   5.00000E-05   3.49899E-01  -4.01127E+00
    3.73880E-02   5.03379E-05   4.00000E-05   3.55945E-01  -4.29947E+00
    2.80305E-02   3.52420E-05   3.00000E-05   3.63219E-01  -4.64941E+00
    1.86779E-02   2.12289E-05   2.00000E-05   3.72522E-01  -5.10255E+00
    9.33225E-03   8.83326E-06   1.00000E-05   3.86081E-01  -5.77534E+00
    8.39820E-03   7.72323E-06   9.00000E-06   3.87907E-01  -5.86708E+00
    7.46427E-03   6.64470E-06   8.00000E-06   3.89879E-01  -5.96653E+00
    6.53047E-03   5.60098E-06   7.00000E-06   3.92031E-01  -6.07539E+00
    5.59682E-03   4.59619E-06   6.00000E-06   3.94407E-01  -6.19609E+00
    4.66334E-03   3.63563E-06   5.00000E-06   3.97076E-01  -6.33219E+00
    3.73004E-03   2.72647E-06   4.00000E-06   4.00142E-01  -6.48932E+00
    2.79697E-03   1.87894E-06   3.00000E-06   4.03792E-01  -6.67736E+00
    1.86417E-03   1.10923E-06   2.00000E-06   4.08404E-01  -6.91653E+00
    9.31737E-04   4.47918E-07   1.00000E-06   4.15030E-01  -7.26288E+00
    8.38522E-04   3.90002E-07   9.00000E-07   4.15914E-01  -7.30930E+00
    7.45312E-04   3.34012E-07   8.00000E-07   4.16866E-01  -7.35940E+00
    6.52110E-04   2.80125E-07   7.00000E-07   4.17904E-01  -7.41399E+00
    5.58915E-04   2.28560E-07   6.00000E-07   4.19046E-01  -7.47418E+00
    4.65729E-04   1.79599E-07   5.00000E-07   4.20325E-01  -7.54164E+00
    3.72552E-04   1.33620E-07   4.00000E-07   4.21789E-01  -7.61895E+00
    2.79387E-04   9.11567E-08   3.00000E-07   4.23525E-01  -7.71065E+00
    1.86235E-04   5.30506E-08   2.00000E-07   4.25705E-01  -7.82588E+00
    9.31010E-05   2.08770E-08   1.00000E-07   4.28806E-01  -7.98951E+00
    8.37890E-05   1.81015E-08   9.00000E-08   4.29216E-01  -8.01111E+00
    7.44773E-05   1.54284E-08   8.00000E-08   4.29658E-01  -8.03431E+00
    6.51658E-05   1.28668E-08   7.00000E-08   4.30137E-01  -8.05945E+00
    5.58548E-05   1.04279E-08   6.00000E-08   4.30662E-01  -8.08701E+00
    4.65441E-05   8.12608E-09   5.00000E-08   4.31248E-01  -8.11766E+00
    3.72339E-05   5.98053E-09   4.00000E-08   4.31915E-01  -8.15246E+00
    2.79242E-05   4.01868E-09   3.00000E-08   4.32700E-01  -8.19320E+00
    1.86151E-05   2.28347E-09   2.00000E-08   4.33674E-01  -8.24342E+00
    9.30688E-06   8.55458E-10   1.00000E-08   4.35027E-01  -8.31228E+00
    8.37611E-06   7.35448E-10   9.00000E-09   4.35203E-01  -8.32109E+00
    7.44536E-06   6.20704E-10   8.00000E-09   4.35390E-01  -8.33047E+00
    6.51462E-06   5.11681E-10   7.00000E-09   4.35592E-01  -8.34053E+00
    5.58389E-06   4.08942E-10   6.00000E-09   4.35811E-01  -8.35142E+00
    4.65318E-06   3.13202E-10   5.00000E-09   4.36052E-01  -8.36333E+00
    3.72249E-06   2.25408E-10   4.00000E-09   4.36323E-01  -8.37661E+00
    2.79182E-06   1.46890E-10   3.00000E-09   4.36635E-01  -8.39173E+00
    1.86118E-06   7.96767E-11   2.00000E-09   4.37010E-01  -8.40969E+00
    9.30567E-07   2.73844E-11   1.00000E-09   4.37502E-01  -8.43277E+00
    8.37508E-07   2.32246E-11   9.00000E-10   4.37563E-01  -8.43557E+00
    7.44449E-07   1.93035E-11   8.00000E-10   4.37627E-01  -8.43851E+00
    6.51391E-07   1.56381E-11   7.00000E-10   4.37695E-01  -8.44161E+00
    5.58333E-07   1.22486E-11   6.00000E-10   4.37767E-01  -8.44490E+00
    4.65276E-07   9.16004E-12   5.00000E-10   4.37845E-01  -8.44843E+00
    3.72219E-07   6.40393E-12   4.00000E-10   4.37931E-01  -8.45226E+00
    2.79163E-07   4.02224E-12   3.00000E-10   4.38026E-01  -8.45648E+00
    1.86108E-07   2.07477E-12   2.00000E-10   4.38135E-01  -8.46128E+00
    9.30533E-08   6.58370E-13   1.00000E-10   4.38269E-01  -8.46706E+00
    8.37479E-08   5.52041E-13   9.00000E-11   4.38285E-01  -8.46773E+00
    7.44425E-08   4.53142E-13   8.00000E-11   4.38301E-01  -8.46843E+00
    6.51372E-08   3.62041E-13   7.00000E-11   4.38319E-01  -8.46915E+00
    5.58318E-08   2.79170E-13   6.00000E-11   4.38337E-01  -8.46991E+00
    4.65265E-08   2.05045E-13   5.00000E-11   4.38356E-01  -8.47070E+00
    3.72211E-08   1.40310E-13   4.00000E-11   4.38376E-01  -8.47156E+00
    2.79158E-08   8.57947E-14   3.00000E-11   4.38398E-01  -8.47246E+00
    1.86105E-08   4.26531E-14   2.00000E-11   4.38423E-01  -8.47347E+00
    9.30525E-09   1.26996E-14   1.00000E-11   4.38453E-01  -8.47463E+00
    8.37473E-09   1.05413E-14   9.00000E-12   4.38456E-01  -8.47475E+00
    7.44420E-09   8.55337E-15   8.00000E-12   4.38459E-01  -8.47489E+00
    6.51367E-09   6.74230E-15   7.00000E-12   4.38463E-01  -8.47502E+00
    5.58315E-09   5.11574E-15   6.00000E-12   4.38467E-01  -8.47516E+00
    4.65262E-09   3.68277E-15   5.00000E-12   4.38471E-01  -8.47531E+00
    3.72210E-09   2.45456E-15   4.00000E-12   4.38475E-01  -8.47546E+00
    2.79157E-09   1.44543E-15   3.00000E-12   4.38479E-01  -8.47561E+00
    1.86105E-09   6.74940E-16   2.00000E-12   4.38484E-01  -8.47578E+00
    9.30524E-10   1.72994E-16   1.00000E-12   4.38489E-01  -8.47595E+00
    8.37472E-10   1.39347E-16   9.00000E-13   4.38490E-01  -8.47597E+00
    7.44419E-10   1.08986E-16   8.00000E-13   4.38491E-01  -8.47598E+00
    6.51367E-10   8.20073E-17   7.00000E-13   4.38491E-01  -8.47600E+00
    5.58314E-10   5.85194E-17   6.00000E-13   4.38492E-01  -8.47602E+00
    4.65262E-10   3.86490E-17   5.00000E-13   4.38493E-01  -8.47603E+00
    3.72210E-10   2.25455E-17   4.00000E-13   4.38493E-01  -8.47605E+00
    2.79157E-10   1.03905E-17   3.00000E-13   4.38494E-01  -8.47606E+00
    1.86105E-10   2.41039E-18   2.00000E-13   4.38495E-01  -8.47607E+00
