    3.95305E+03   4.02797E+03   1.99098E+00   1.00000E-03   1.04648E+03
    3.91311E+03   3.96858E+03   1.98098E+00   1.00000E-03   1.03634E+03
    3.87347E+03   3.90978E+03   1.97098E+00   1.00000E-03   1.02625E+03
    3.83413E+03   3.85156E+03   1.96098E+00   1.00000E-03   1.01621E+03
    3.79508E+03   3.79391E+03   1.95098E+00   1.00000E-03   1.00622E+03
    3.75633E+03   3.73684E+03   1.94098E+00   1.00000E-03   9.96276E+02
    3.71787E+03   3.68033E+03   1.93098E+00   1.00000E-03   9.86382E+02
    3.67971E+03   3.62440E+03   1.92098E+00   1.00000E-03   9.76536E+02
    3.64183E+03   3.56903E+03   1.91098E+00   1.00000E-03   9.66738E+02
    3.60424E+03   3.51422E+03   1.90098E+00   1.00000E-03   9.56989E+02
    3.56693E+03   3.45998E+03   1.89098E+00   1.00000E-03   9.47289E+02
    3.52992E+03   3.40629E+03   1.88098E+00   1.00000E-03   9.37637E+02
    3.49318E+03   3.35315E+03   1.87098E+00   1.00000E-03   9.28034E+02
    3.45673E+03   3.30057E+03   1.86098E+00   1.00000E-03   9.18479E+02
    3.42056E+03   3.24854E+03   1.85098E+00   1.00000E-03   9.08973E+02
    3.38467E+03   3.19705E+03   1.84098E+00   1.00000E-03   8.99516E+02
    3.34906E+03   3.14610E+03   1.83098E+00   1.00000E-03   8.90107E+02
    3.31372E+03   3.09569E+03   1.82098E+00   1.00000E-03   8.80747E+02
    3.27866E+03   3.04582E+03   1.81098E+00   1.00000E-03   8.71436E+02
    3.24388E+03   2.99649E+03   1.80098E+00   1.00000E-03   8.62173E+02
    3.20936E+03   2.94769E+03   1.79098E+00   1.00000E-03   8.52959E+02
    3.17512E+03   2.89941E+03   1.78098E+00   1.00000E-03   8.43794E+02
    3.14115E+03   2.85166E+03   1.77098E+00   1.00000E-03   8.34677E+02
    3.10744E+03   2.80444E+03   1.76098E+00   1.00000E-03   8.25609E+02
    3.07400E+03   2.75773E+03   1.75098E+00   1.00000E-03   8.16590E+02
    3.04083E+03   2.71155E+03   1.74098E+00   1.00000E-03   8.07620E+02
    3.00792E+03   2.66587E+03   1.73098E+00   1.00000E-03   7.98698E+02
    2.97527E+03   2.62071E+03   1.72098E+00   1.00000E-03   7.89825E+02
    2.94289E+03   2.57606E+03   1.71098E+00   1.00000E-03   7.81001E+02
    2.91076E+03   2.53192E+03   1.70098E+00   1.00000E-03   7.72226E+02
    2.87889E+03   2.48827E+03   1.69098E+00   1.00000E-03   7.63500E+02
    2.84728E+03   2.44513E+03   1.68098E+00   1.00000E-03   7.54822E+02
    2.81592E+03   2.40249E+03   1.67098E+00   1.00000E-03   7.46193E+02
    2.78482E+03   2.36034E+03   1.66098E+00   1.00000E-03   7.37613E+02
    2.75397E+03   2.31868E+03   1.65098E+00   1.00000E-03   7.29082E+02
    2.72337E+03   2.27751E+03   1.64098E+00   1.00000E-03   7.20600E+02
    2.69302E+03   2.23683E+03   1.63098E+00   1.00000E-03   7.12167E+02
    2.66292E+03   2.19663E+03   1.62098E+00   1.00000E-03   7.03782E+02
    2.63306E+03   2.15692E+03   1.61098E+00   1.00000E-03   6.95447E+02
    2.60345E+03   2.11768E+03   1.60098E+00   1.00000E-03   6.87160E+02
    2.57408E+03   2.07891E+03   1.59098E+00   1.00000E-03   6.78923E+02
    2.54496E+03   2.04062E+03   1.58098E+00   1.00000E-03   6.70734E+02
    2.51607E+03   2.00280E+03   1.57098E+00   1.00000E-03   6.62595E+02
    2.48743E+03   1.96544E+03   1.56098E+00   1.00000E-03   6.54504E+02
    2.45902E+03   1.92855E+03   1.55098E+00   1.00000E-03   6.46462E+02
    2.43085E+03   1.89212E+03   1.54098E+00   1.00000E-03   6.38470E+02
    2.40291E+03   1.85614E+03   1.53098E+00   1.00000E-03   6.30526E+02
    2.37521E+03   1.82062E+03   1.52098E+00   1.00000E-03   6.22632E+02
    2.34774E+03   1.78556E+03   1.51098E+00   1.00000E-03   6.14786E+02
    2.32050E+03   1.75094E+03   1.50098E+00   1.00000E-03   6.06990E+02
    2.29349E+03   1.71677E+03   1.49098E+00   1.00000E-03   5.99243E+02
    2.26671E+03   1.68305E+03   1.48098E+00   1.00000E-03   5.91544E+02
    2.24015E+03   1.64976E+03   1.47098E+00   1.00000E-03   5.83895E+02
    2.21382E+03   1.61691E+03   1.46098E+00   1.00000E-03   5.76296E+02
    2.18771E+03   1.58450E+03   1.45098E+00   1.00000E-03   5.68745E+02
    2.16182E+03   1.55252E+03   1.44098E+00   1.00000E-03   5.61243E+02
    2.13615E+03   1.52097E+03   1.43098E+00   1.00000E-03   5.53791E+02
    2.11071E+03   1.48985E+03   1.42098E+00   1.00000E-03   5.46388E+02
    2.08548E+03   1.45915E+03   1.41098E+00   1.00000E-03   5.39034E+02
    2.06046E+03   1.42888E+03   1.40098E+00   1.00000E-03   5.31729E+02
    2.03566E+03   1.39902E+03   1.39098E+00   1.00000E-03   5.24474E+02
    2.01108E+03   1.36957E+03   1.38098E+00   1.00000E-03   5.17268E+02
    1.98670E+03   1.34054E+03   1.37098E+00   1.00000E-03   5.10111E+02
    1.96254E+03   1.31192E+03   1.36098E+00   1.00000E-03   5.03004E+02
    1.93858E+03   1.28371E+03   1.35098E+00   1.00000E-03   4.95946E+02
    1.91483E+03   1.25590E+03   1.34098E+00   1.00000E-03   4.88937E+02
    1.89129E+03   1.22849E+03   1.33098E+00   1.00000E-03   4.81978E+02
    1.86795E+03   1.20148E+03   1.32098E+00   1.00000E-03   4.75068E+02
    1.84482E+03   1.17486E+03   1.31098E+00   1.00000E-03   4.68207E+02
    1.82189E+03   1.14864E+03   1.30098E+00   1.00000E-03   4.61396E+02
    1.79915E+03   1.12281E+03   1.29098E+00   1.00000E-03   4.54634E+02
    1.77662E+03   1.09736E+03   1.28098E+00   1.00000E-03   4.47922E+02
    1.75428E+03   1.07230E+03   1.27098E+00   1.00000E-03   4.41259E+02
    1.73214E+03   1.04762E+03   1.26098E+00   1.00000E-03   4.34646E+02
    1.71019E+03   1.02332E+03   1.25098E+00   1.00000E-03   4.28082E+02
    1.68844E+03   9.99389E+02   1.24098E+00   1.00000E-03   4.21568E+02
    1.66687E+03   9.75835E+02   1.23098E+00   1.00000E-03   4.15103E+02
    1.64550E+03   9.52651E+02   1.22098E+00   1.00000E-03   4.08688E+02
    1.62432E+03   9.29834E+02   1.21098E+00   1.00000E-03   4.02323E+02
    1.60332E+03   9.07382E+02   1.20098E+00   1.00000E-03   3.96007E+02
    1.58250E+03   8.85290E+02   1.19098E+00   1.00000E-03   3.89741E+02
    1.56187E+03   8.63557E+02   1.18098E+00   1.00000E-03   3.83524E+02
    1.54143E+03   8.42179E+02   1.17098E+00   1.00000E-03   3.77358E+02
    1.52116E+03   8.21155E+02   1.16098E+00   1.00000E-03   3.71241E+02
    1.50108E+03   8.00480E+02   1.15098E+00   1.00000E-03   3.65173E+02
    1.48117E+03   7.80151E+02   1.14098E+00   1.00000E-03   3.59156E+02
    1.46144E+03   7.60168E+02   1.13098E+00   1.00000E-03   3.53188E+02
    1.44188E+03   7.40525E+02   1.12098E+00   1.00000E-03   3.47270E+02
    1.42250E+03   7.21220E+02   1.11098E+00   1.00000E-03   3.41402E+02
    1.40329E+03   7.02252E+02   1.10098E+00   1.00000E-03   3.35583E+02
    1.38425E+03   6.83615E+02   1.09098E+00   1.00000E-03   3.29815E+02
    1.36538E+03   6.65309E+02   1.08098E+00   1.00000E-03   3.24096E+02
    1.34668E+03   6.47329E+02   1.07098E+00   1.00000E-03   3.18428E+02
    1.32814E+03   6.29674E+02   1.06098E+00   1.00000E-03   3.12809E+02
    1.30977E+03   6.12340E+02   1.05098E+00   1.00000E-03   3.07240E+02
    1.29157E+03   5.95324E+02   1.04098E+00   1.00000E-03   3.01721E+02
    1.27352E+03   5.78623E+02   1.03098E+00   1.00000E-03   2.96253E+02
    1.25564E+03   5.62235E+02   1.02098E+00   1.00000E-03   2.90834E+02
    1.23791E+03   5.46156E+02   1.01098E+00   1.00000E-03   2.85465E+02
    1.22034E+03   5.30385E+02   1.00098E+00   1.00000E-03   2.80147E+02
    1.21162E+03   5.22613E+02   9.95980E-01   1.00000E-03   2.77506E+02
    1.20293E+03   5.14917E+02   9.90980E-01   1.00000E-03   2.74878E+02
    1.19428E+03   5.07296E+02   9.85980E-01   1.00000E-03   2.72263E+02
    1.18567E+03   4.99750E+02   9.80980E-01   1.00000E-03   2.69660E+02
    1.17710E+03   4.92279E+02   9.75980E-01   1.00000E-03   2.67070E+02
    1.16857E+03   4.84882E+02   9.70980E-01   1.00000E-03   2.64492E+02
    1.16007E+03   4.77559E+02   9.65980E-01   1.00000E-03   2.61927E+02
    1.15161E+03   4.70309E+02   9.60980E-01   1.00000E-03   2.59374E+02
    1.14319E+03   4.63132E+02   9.55980E-01   1.00000E-03   2.56834E+02
    1.13481E+03   4.56028E+02   9.50980E-01   1.00000E-03   2.54307E+02
    1.12646E+03   4.48996E+02   9.45980E-01   1.00000E-03   2.51792E+02
    1.11816E+03   4.42037E+02   9.40980E-01   1.00000E-03   2.49289E+02
    1.10988E+03   4.35148E+02   9.35980E-01   1.00000E-03   2.46799E+02
    1.10165E+03   4.28332E+02   9.30980E-01   1.00000E-03   2.44322E+02
    1.09345E+03   4.21586E+02   9.25980E-01   1.00000E-03   2.41857E+02
    1.08529E+03   4.14911E+02   9.20980E-01   1.00000E-03   2.39405E+02
    1.07716E+03   4.08306E+02   9.15980E-01   1.00000E-03   2.36966E+02
    1.06907E+03   4.01771E+02   9.10980E-01   1.00000E-03   2.34539E+02
    1.06102E+03   3.95305E+02   9.05980E-01   1.00000E-03   2.32124E+02
    1.05300E+03   3.88908E+02   9.00980E-01   1.00000E-03   2.29723E+02
    1.04501E+03   3.82581E+02   8.95980E-01   1.00000E-03   2.27334E+02
    1.03706E+03   3.76321E+02   8.90980E-01   1.00000E-03   2.24957E+02
    1.02915E+03   3.70130E+02   8.85980E-01   1.00000E-03   2.22593E+02
    1.02127E+03   3.64006E+02   8.80980E-01   1.00000E-03   2.20242E+02
    1.01342E+03   3.57950E+02   8.75980E-01   1.00000E-03   2.17903E+02
    1.00561E+03   3.51961E+02   8.70980E-01   1.00000E-03   2.15577E+02
    9.97837E+02   3.46038E+02   8.65980E-01   1.00000E-03   2.13263E+02
    9.90095E+02   3.40181E+02   8.60980E-01   1.00000E-03   2.10963E+02
    9.82386E+02   3.34391E+02   8.55980E-01   1.00000E-03   2.08674E+02
    9.74711E+02   3.28666E+02   8.50980E-01   1.00000E-03   2.06399E+02
    9.67070E+02   3.23006E+02   8.45980E-01   1.00000E-03   2.04136E+02
    9.59462E+02   3.17410E+02   8.40980E-01   1.00000E-03   2.01886E+02
    9.51887E+02   3.11880E+02   8.35980E-01   1.00000E-03   1.99648E+02
    9.44345E+02   3.06413E+02   8.30980E-01   1.00000E-03   1.97423E+02
    9.36835E+02   3.01010E+02   8.25980E-01   1.00000E-03   1.95210E+02
    9.29358E+02   2.95670E+02   8.20980E-01   1.00000E-03   1.93011E+02
    9.21914E+02   2.90393E+02   8.15980E-01   1.00000E-03   1.90824E+02
    9.14501E+02   2.85179E+02   8.10980E-01   1.00000E-03   1.88649E+02
    9.07121E+02   2.80027E+02   8.05980E-01   1.00000E-03   1.86488E+02
    8.99772E+02   2.74937E+02   8.00980E-01   1.00000E-03   1.84339E+02
    8.92454E+02   2.69961E+02   7.95980E-01   1.11346E-03   1.82202E+02
    8.85168E+02   2.65086E+02   7.90980E-01   1.32053E-03   1.80078E+02
    8.77912E+02   2.60275E+02   7.85980E-01   1.54840E-03   1.77965E+02
    8.70687E+02   2.55529E+02   7.80980E-01   1.79737E-03   1.75865E+02
    8.63492E+02   2.50846E+02   7.75980E-01   2.06757E-03   1.73776E+02
    8.56326E+02   2.46226E+02   7.70980E-01   2.35912E-03   1.71699E+02
    8.49191E+02   2.41667E+02   7.65980E-01   2.67207E-03   1.69633E+02
    8.42085E+02   2.37169E+02   7.60980E-01   3.00629E-03   1.67580E+02
    8.35008E+02   2.32730E+02   7.55980E-01   3.36176E-03   1.65538E+02
    8.27961E+02   2.28351E+02   7.50980E-01   3.73813E-03   1.63507E+02
    8.20943E+02   2.24029E+02   7.45980E-01   4.13527E-03   1.61489E+02
    8.13953E+02   2.19764E+02   7.40980E-01   4.55281E-03   1.59482E+02
    8.06992E+02   2.15556E+02   7.35980E-01   4.99044E-03   1.57486E+02
    8.00059E+02   2.11403E+02   7.30980E-01   5.44754E-03   1.55502E+02
    7.93155E+02   2.07305E+02   7.25980E-01   5.92374E-03   1.53530E+02
    7.86278E+02   2.03260E+02   7.20980E-01   6.41857E-03   1.51569E+02
    7.79430E+02   1.99269E+02   7.15980E-01   6.93145E-03   1.49619E+02
    7.72609E+02   1.95329E+02   7.10980E-01   7.46166E-03   1.47682E+02
    7.65816E+02   1.91442E+02   7.05980E-01   8.00931E-03   1.45755E+02
    7.59050E+02   1.87604E+02   7.00980E-01   8.57179E-03   1.43841E+02
    7.52311E+02   1.83818E+02   6.95980E-01   9.15104E-03   1.41937E+02
    7.45599E+02   1.80080E+02   6.90980E-01   9.74373E-03   1.40046E+02
    7.38914E+02   1.76392E+02   6.85980E-01   1.03508E-02   1.38166E+02
    7.32256E+02   1.72751E+02   6.80980E-01   1.09711E-02   1.36297E+02
    7.25624E+02   1.69159E+02   6.75980E-01   1.16039E-02   1.34440E+02
    7.19019E+02   1.65614E+02   6.70980E-01   1.22482E-02   1.32595E+02
    7.12440E+02   1.62115E+02   6.65980E-01   1.29034E-02   1.30762E+02
    7.05887E+02   1.58663E+02   6.60980E-01   1.35686E-02   1.28940E+02
    6.99360E+02   1.55257E+02   6.55980E-01   1.42430E-02   1.27130E+02
    6.92859E+02   1.51896E+02   6.50980E-01   1.49259E-02   1.25332E+02
    6.86383E+02   1.48580E+02   6.45980E-01   1.56164E-02   1.23546E+02
    6.79933E+02   1.45309E+02   6.40980E-01   1.63138E-02   1.21772E+02
    6.73509E+02   1.42082E+02   6.35980E-01   1.70172E-02   1.20009E+02
    6.67109E+02   1.38898E+02   6.30980E-01   1.77258E-02   1.18259E+02
    6.60735E+02   1.35759E+02   6.25980E-01   1.84390E-02   1.16521E+02
    6.54385E+02   1.32663E+02   6.20980E-01   1.91558E-02   1.14794E+02
    6.48060E+02   1.29610E+02   6.15980E-01   1.98756E-02   1.13080E+02
    6.41760E+02   1.26600E+02   6.10980E-01   2.05977E-02   1.11378E+02
    6.35485E+02   1.23633E+02   6.05980E-01   2.13212E-02   1.09689E+02
    6.29233E+02   1.20708E+02   6.00980E-01   2.20455E-02   1.08012E+02
    6.23006E+02   1.17825E+02   5.95980E-01   2.27698E-02   1.06347E+02
    6.16803E+02   1.14985E+02   5.90980E-01   2.34936E-02   1.04695E+02
    6.10623E+02   1.12186E+02   5.85980E-01   2.42160E-02   1.03055E+02
    6.04467E+02   1.09428E+02   5.80980E-01   2.49365E-02   1.01427E+02
    5.98335E+02   1.06712E+02   5.75980E-01   2.56545E-02   9.98127E+01
    5.92227E+02   1.04037E+02   5.70980E-01   2.63692E-02   9.82108E+01
    5.86141E+02   1.01404E+02   5.65980E-01   2.70802E-02   9.66216E+01
    5.80079E+02   9.88111E+01   5.60980E-01   2.77868E-02   9.50452E+01
    5.74039E+02   9.62591E+01   5.55980E-01   2.84885E-02   9.34817E+01
    5.68022E+02   9.37477E+01   5.50980E-01   2.91848E-02   9.19312E+01
    5.62028E+02   9.12768E+01   5.45980E-01   2.98750E-02   9.03937E+01
    5.56057E+02   8.88461E+01   5.40980E-01   3.05587E-02   8.88692E+01
    5.50107E+02   8.64555E+01   5.35980E-01   3.12355E-02   8.73579E+01
    5.44180E+02   8.41049E+01   5.30980E-01   3.19047E-02   8.58597E+01
    5.38275E+02   8.17941E+01   5.25980E-01   3.25661E-02   8.43748E+01
    5.32391E+02   7.95228E+01   5.20980E-01   3.32191E-02   8.29032E+01
    5.26529E+02   7.72911E+01   5.15980E-01   3.38633E-02   8.14449E+01
    5.20689E+02   7.50986E+01   5.10980E-01   3.44984E-02   8.00001E+01
    5.14869E+02   7.29452E+01   5.05980E-01   3.51239E-02   7.85687E+01
    5.09071E+02   7.08307E+01   5.00980E-01   3.57394E-02   7.71509E+01
    5.03294E+02   6.87549E+01   4.95980E-01   3.63447E-02   7.57466E+01
    4.97538E+02   6.67177E+01   4.90980E-01   3.69393E-02   7.43559E+01
    4.91802E+02   6.47188E+01   4.85980E-01   3.75230E-02   7.29789E+01
    4.86086E+02   6.27581E+01   4.80980E-01   3.80954E-02   7.16157E+01
    4.80391E+02   6.08352E+01   4.75980E-01   3.86562E-02   7.02662E+01
    4.74715E+02   5.89501E+01   4.70980E-01   3.92051E-02   6.89305E+01
    4.69060E+02   5.71024E+01   4.65980E-01   3.97420E-02   6.76086E+01
    4.63424E+02   5.52920E+01   4.60980E-01   4.02664E-02   6.63007E+01
    4.57807E+02   5.35185E+01   4.55980E-01   4.07782E-02   6.50067E+01
    4.52210E+02   5.17819E+01   4.50980E-01   4.12771E-02   6.37267E+01
    4.46631E+02   5.00817E+01   4.45980E-01   4.17629E-02   6.24607E+01
    4.41072E+02   4.84178E+01   4.40980E-01   4.22354E-02   6.12088E+01
    4.35531E+02   4.67898E+01   4.35980E-01   4.26943E-02   5.99709E+01
    4.30009E+02   4.51976E+01   4.30980E-01   4.31395E-02   5.87472E+01
    4.24505E+02   4.36408E+01   4.25980E-01   4.35708E-02   5.75376E+01
    4.19019E+02   4.21191E+01   4.20980E-01   4.39880E-02   5.63422E+01
    4.13551E+02   4.06323E+01   4.15980E-01   4.43909E-02   5.51610E+01
    4.08101E+02   3.91800E+01   4.10980E-01   4.47794E-02   5.39940E+01
    4.02668E+02   3.77619E+01   4.05980E-01   4.51533E-02   5.28413E+01
    3.97252E+02   3.63777E+01   4.00980E-01   4.55124E-02   5.17029E+01
    3.91853E+02   3.50272E+01   3.95980E-01   4.58567E-02   5.05788E+01
    3.86472E+02   3.37099E+01   3.90980E-01   4.61859E-02   4.94691E+01
    3.81106E+02   3.24255E+01   3.85980E-01   4.65000E-02   4.83736E+01
    3.75758E+02   3.11737E+01   3.80980E-01   4.67987E-02   4.72926E+01
    3.70425E+02   2.99542E+01   3.75980E-01   4.70821E-02   4.62259E+01
    3.65109E+02   2.87665E+01   3.70980E-01   4.73499E-02   4.51736E+01
    3.59808E+02   2.76104E+01   3.65980E-01   4.76021E-02   4.41357E+01
    3.54523E+02   2.64855E+01   3.60980E-01   4.78384E-02   4.31122E+01
    3.49253E+02   2.53913E+01   3.55980E-01   4.80589E-02   4.21032E+01
    3.43998E+02   2.43276E+01   3.50980E-01   4.82628E-02   4.11085E+01
    3.38759E+02   2.32939E+01   3.45980E-01   4.84513E-02   4.01283E+01
    3.33534E+02   2.22899E+01   3.40980E-01   4.86235E-02   3.91625E+01
    3.28323E+02   2.13151E+01   3.35980E-01   4.87795E-02   3.82112E+01
    3.23127E+02   2.03692E+01   3.30980E-01   4.89191E-02   3.72743E+01
    3.17945E+02   1.94518E+01   3.25980E-01   4.90421E-02   3.63518E+01
    3.12777E+02   1.85624E+01   3.20980E-01   4.91485E-02   3.54437E+01
    3.07622E+02   1.77008E+01   3.15980E-01   4.92381E-02   3.45501E+01
    3.02481E+02   1.68664E+01   3.10980E-01   4.93110E-02   3.36709E+01
    2.97353E+02   1.60588E+01   3.05980E-01   4.93668E-02   3.28061E+01
    2.92238E+02   1.52777E+01   3.00980E-01   4.94056E-02   3.19556E+01
    2.87136E+02   1.45225E+01   2.95980E-01   4.94272E-02   3.11196E+01
    2.82046E+02   1.37930E+01   2.90980E-01   4.94315E-02   3.02979E+01
    2.76969E+02   1.30886E+01   2.85980E-01   4.94184E-02   2.94905E+01
    2.71904E+02   1.24089E+01   2.80980E-01   4.93876E-02   2.86975E+01
    2.66850E+02   1.17535E+01   2.75980E-01   4.93392E-02   2.79188E+01
    2.61809E+02   1.11220E+01   2.70980E-01   4.92730E-02   2.71543E+01
    2.56778E+02   1.05140E+01   2.65980E-01   4.91887E-02   2.64041E+01
    2.51759E+02   9.92886E+00   2.60980E-01   4.90863E-02   2.56682E+01
    2.46751E+02   9.36631E+00   2.55980E-01   4.89655E-02   2.49464E+01
    2.41754E+02   8.82586E+00   2.50980E-01   4.88262E-02   2.42387E+01
    2.36767E+02   8.30708E+00   2.45980E-01   4.86682E-02   2.35452E+01
    2.31790E+02   7.80951E+00   2.40980E-01   4.84913E-02   2.28658E+01
    2.26824E+02   7.33270E+00   2.35980E-01   4.82953E-02   2.22004E+01
    2.21868E+02   6.87622E+00   2.30980E-01   4.80796E-02   2.15490E+01
    2.20877E+02   6.78732E+00   2.29980E-01   4.80342E-02   2.14204E+01
    2.19888E+02   6.69922E+00   2.28980E-01   4.79880E-02   2.12923E+01
    2.18898E+02   6.61190E+00   2.27980E-01   4.79410E-02   2.11648E+01
    2.17909E+02   6.52536E+00   2.26980E-01   4.78932E-02   2.10379E+01
    2.16921E+02   6.43961E+00   2.25980E-01   4.78446E-02   2.09115E+01
    2.15933E+02   6.35463E+00   2.24980E-01   4.77952E-02   2.07857E+01
    2.14945E+02   6.27042E+00   2.23980E-01   4.77450E-02   2.06604E+01
    2.13957E+02   6.18699E+00   2.22980E-01   4.76940E-02   2.05357E+01
    2.12970E+02   6.10432E+00   2.21980E-01   4.76422E-02   2.04116E+01
    2.11983E+02   6.02241E+00   2.20980E-01   4.75896E-02   2.02880E+01
    2.10997E+02   5.94126E+00   2.19980E-01   4.75362E-02   2.01649E+01
    2.10011E+02   5.86087E+00   2.18980E-01   4.74820E-02   2.00424E+01
    2.09025E+02   5.78122E+00   2.17980E-01   4.74270E-02   1.99205E+01
    2.08040E+02   5.70233E+00   2.16980E-01   4.73711E-02   1.97991E+01
    2.07055E+02   5.62418E+00   2.15980E-01   4.73145E-02   1.96782E+01
    2.06071E+02   5.54677E+00   2.14980E-01   4.72570E-02   1.95579E+01
    2.05087E+02   5.47010E+00   2.13980E-01   4.71987E-02   1.94382E+01
    2.04103E+02   5.39416E+00   2.12980E-01   4.71396E-02   1.93190E+01
    2.03119E+02   5.31895E+00   2.11980E-01   4.70796E-02   1.92004E+01
    2.02136E+02   5.24446E+00   2.10980E-01   4.70188E-02   1.90823E+01
    2.01153E+02   5.17070E+00   2.09980E-01   4.69572E-02   1.89647E+01
    2.00171E+02   5.09766E+00   2.08980E-01   4.68947E-02   1.88477E+01
    1.99189E+02   5.02533E+00   2.07980E-01   4.68314E-02   1.87313E+01
    1.98207E+02   4.95372E+00   2.06980E-01   4.67673E-02   1.86154E+01
    1.97226E+02   4.88281E+00   2.05980E-01   4.67023E-02   1.85000E+01
    1.96245E+02   4.81261E+00   2.04980E-01   4.66364E-02   1.83852E+01
    1.95264E+02   4.74310E+00   2.03980E-01   4.65697E-02   1.82709E+01
    1.94284E+02   4.67430E+00   2.02980E-01   4.65022E-02   1.81572E+01
    1.93304E+02   4.60619E+00   2.01980E-01   4.64338E-02   1.80440E+01
    1.92324E+02   4.53876E+00   2.00980E-01   4.63645E-02   1.79314E+01
    1.91345E+02   4.47203E+00   1.99980E-01   4.62944E-02   1.78193E+01
    1.90366E+02   4.40597E+00   1.98980E-01   4.62234E-02   1.77077E+01
    1.89387E+02   4.34060E+00   1.97980E-01   4.61515E-02   1.75967E+01
    1.88409E+02   4.27590E+00   1.96980E-01   4.60787E-02   1.74863E+01
    1.87431E+02   4.21187E+00   1.95980E-01   4.60051E-02   1.73763E+01
    1.86453E+02   4.14851E+00   1.94980E-01   4.59306E-02   1.72669E+01
    1.85476E+02   4.08582E+00   1.93980E-01   4.58552E-02   1.71581E+01
    1.84498E+02   4.02378E+00   1.92980E-01   4.57789E-02   1.70498E+01
    1.83522E+02   3.96240E+00   1.91980E-01   4.57017E-02   1.69420E+01
    1.82545E+02   3.90168E+00   1.90980E-01   4.56236E-02   1.68347E+01
    1.81569E+02   3.84160E+00   1.89980E-01   4.55447E-02   1.67280E+01
    1.80593E+02   3.78217E+00   1.88980E-01   4.54648E-02   1.66219E+01
    1.79618E+02   3.72339E+00   1.87980E-01   4.53840E-02   1.65162E+01
    1.78643E+02   3.66524E+00   1.86980E-01   4.53023E-02   1.64111E+01
    1.77668E+02   3.60773E+00   1.85980E-01   4.52196E-02   1.63066E+01
    1.76693E+02   3.55085E+00   1.84980E-01   4.51361E-02   1.62025E+01
    1.75719E+02   3.49459E+00   1.83980E-01   4.50516E-02   1.60990E+01
    1.74745E+02   3.43897E+00   1.82980E-01   4.49662E-02   1.59960E+01
    1.73772E+02   3.38396E+00   1.81980E-01   4.48798E-02   1.58936E+01
    1.72798E+02   3.32957E+00   1.80980E-01   4.47925E-02   1.57917E+01
    1.71825E+02   3.27579E+00   1.79980E-01   4.47043E-02   1.56903E+01
    1.70852E+02   3.22262E+00   1.78980E-01   4.46151E-02   1.55894E+01
    1.69880E+02   3.17006E+00   1.77980E-01   4.45250E-02   1.54891E+01
    1.68908E+02   3.11810E+00   1.76980E-01   4.44339E-02   1.53893E+01
    1.67936E+02   3.06674E+00   1.75980E-01   4.43418E-02   1.52900E+01
    1.66964E+02   3.01597E+00   1.74980E-01   4.42488E-02   1.51912E+01
    1.65993E+02   2.96580E+00   1.73980E-01   4.41548E-02   1.50930E+01
    1.65022E+02   2.91621E+00   1.72980E-01   4.40598E-02   1.49953E+01
    1.64051E+02   2.86721E+00   1.71980E-01   4.39638E-02   1.48981E+01
    1.63081E+02   2.81879E+00   1.70980E-01   4.38669E-02   1.48014E+01
    1.62111E+02   2.77094E+00   1.69980E-01   4.37689E-02   1.47052E+01
    1.61141E+02   2.72367E+00   1.68980E-01   4.36700E-02   1.46096E+01
    1.60171E+02   2.67697E+00   1.67980E-01   4.35700E-02   1.45144E+01
    1.59202E+02   2.63083E+00   1.66980E-01   4.34690E-02   1.44198E+01
    1.58233E+02   2.58526E+00   1.65980E-01   4.33671E-02   1.43257E+01
    1.57264E+02   2.54024E+00   1.64980E-01   4.32640E-02   1.42321E+01
    1.56296E+02   2.49578E+00   1.63980E-01   4.31600E-02   1.41391E+01
    1.55328E+02   2.45187E+00   1.62980E-01   4.30549E-02   1.40465E+01
    1.54360E+02   2.40851E+00   1.61980E-01   4.29488E-02   1.39545E+01
    1.53392E+02   2.36569E+00   1.60980E-01   4.28416E-02   1.38629E+01
    1.52424E+02   2.32342E+00   1.59980E-01   4.27333E-02   1.37719E+01
    1.51457E+02   2.28168E+00   1.58980E-01   4.26240E-02   1.36814E+01
    1.50490E+02   2.24047E+00   1.57980E-01   4.25137E-02   1.35913E+01
    1.49524E+02   2.19979E+00   1.56980E-01   4.24022E-02   1.35018E+01
    1.48557E+02   2.15964E+00   1.55980E-01   4.22897E-02   1.34128E+01
    1.47591E+02   2.12001E+00   1.54980E-01   4.21761E-02   1.33243E+01
    1.46625E+02   2.08090E+00   1.53980E-01   4.20613E-02   1.32363E+01
    1.45660E+02   2.04230E+00   1.52980E-01   4.19453E-02   1.31487E+01
    1.44694E+02   2.00422E+00   1.51980E-01   4.18284E-02   1.30617E+01
    1.43729E+02   1.96664E+00   1.50980E-01   4.17103E-02   1.29752E+01
    1.42764E+02   1.92957E+00   1.49980E-01   4.15911E-02   1.28892E+01
    1.41800E+02   1.89299E+00   1.48980E-01   4.14708E-02   1.28036E+01
    1.40835E+02   1.85691E+00   1.47980E-01   4.13493E-02   1.27186E+01
    1.39871E+02   1.82133E+00   1.46980E-01   4.12267E-02   1.26340E+01
    1.38907E+02   1.78624E+00   1.45980E-01   4.11029E-02   1.25500E+01
    1.37944E+02   1.75163E+00   1.44980E-01   4.09779E-02   1.24664E+01
    1.36980E+02   1.71750E+00   1.43980E-01   4.08518E-02   1.23833E+01
    1.36017E+02   1.68385E+00   1.42980E-01   4.07244E-02   1.23007E+01
    1.35054E+02   1.65068E+00   1.41980E-01   4.05959E-02   1.22186E+01
    1.34091E+02   1.61797E+00   1.40980E-01   4.04661E-02   1.21369E+01
    1.33129E+02   1.58574E+00   1.39980E-01   4.03352E-02   1.20558E+01
    1.32167E+02   1.55397E+00   1.38980E-01   4.02030E-02   1.19751E+01
    1.31204E+02   1.52266E+00   1.37980E-01   4.00696E-02   1.18949E+01
    1.30243E+02   1.49180E+00   1.36980E-01   3.99349E-02   1.18151E+01
    1.29281E+02   1.46140E+00   1.35980E-01   3.97990E-02   1.17359E+01
    1.28320E+02   1.43145E+00   1.34980E-01   3.96618E-02   1.16571E+01
    1.27359E+02   1.40194E+00   1.33980E-01   3.95233E-02   1.15787E+01
    1.26398E+02   1.37287E+00   1.32980E-01   3.93836E-02   1.15009E+01
    1.25437E+02   1.34425E+00   1.31980E-01   3.92425E-02   1.14234E+01
    1.24476E+02   1.31605E+00   1.30980E-01   3.91002E-02   1.13465E+01
    1.23516E+02   1.28829E+00   1.29980E-01   3.89565E-02   1.12700E+01
    1.22556E+02   1.26096E+00   1.28980E-01   3.88114E-02   1.11940E+01
    1.21596E+02   1.23405E+00   1.27980E-01   3.86651E-02   1.11184E+01
    1.20637E+02   1.20756E+00   1.26980E-01   3.85173E-02   1.10433E+01
    1.19677E+02   1.18148E+00   1.25980E-01   3.83682E-02   1.09686E+01
    1.18718E+02   1.15582E+00   1.24980E-01   3.82177E-02   1.08944E+01
    1.17759E+02   1.13057E+00   1.23980E-01   3.80658E-02   1.08206E+01
    1.16800E+02   1.10572E+00   1.22980E-01   3.79125E-02   1.07473E+01
    1.15841E+02   1.08128E+00   1.21980E-01   3.77578E-02   1.06744E+01
    1.14883E+02   1.05723E+00   1.20980E-01   3.76016E-02   1.06020E+01
    1.13925E+02   1.03358E+00   1.19980E-01   3.74440E-02   1.05300E+01
    1.12967E+02   1.01032E+00   1.18980E-01   3.72849E-02   1.04584E+01
    1.12009E+02   9.87447E-01   1.17980E-01   3.71244E-02   1.03872E+01
    1.11051E+02   9.64957E-01   1.16980E-01   3.69623E-02   1.03165E+01
    1.10094E+02   9.42847E-01   1.15980E-01   3.67987E-02   1.02462E+01
    1.09136E+02   9.21113E-01   1.14980E-01   3.66336E-02   1.01763E+01
    1.08179E+02   8.99752E-01   1.13980E-01   3.64670E-02   1.01068E+01
    1.07222E+02   8.78760E-01   1.12980E-01   3.62988E-02   1.00378E+01
    1.06266E+02   8.58133E-01   1.11980E-01   3.61290E-02   9.96915E+00
    1.05309E+02   8.37868E-01   1.10980E-01   3.59576E-02   9.90092E+00
    1.04353E+02   8.17961E-01   1.09980E-01   3.57847E-02   9.83309E+00
    1.03396E+02   7.98409E-01   1.08980E-01   3.56100E-02   9.76567E+00
    1.02440E+02   7.79207E-01   1.07980E-01   3.54338E-02   9.69864E+00
    1.01485E+02   7.60352E-01   1.06980E-01   3.52558E-02   9.63201E+00
    1.00529E+02   7.41842E-01   1.05980E-01   3.50762E-02   9.56576E+00
    9.95735E+01   7.23671E-01   1.04980E-01   3.48949E-02   9.49991E+00
    9.86182E+01   7.05836E-01   1.03980E-01   3.47119E-02   9.43443E+00
    9.76631E+01   6.88333E-01   1.02980E-01   3.45271E-02   9.36934E+00
    9.67081E+01   6.71160E-01   1.01980E-01   3.43405E-02   9.30462E+00
    9.57533E+01   6.54312E-01   1.00980E-01   3.41522E-02   9.24027E+00
    9.47987E+01   6.37786E-01   9.99800E-02   3.39621E-02   9.17628E+00
    9.38442E+01   6.21578E-01   9.89800E-02   3.37701E-02   9.11266E+00
    9.28899E+01   6.05684E-01   9.79800E-02   3.35763E-02   9.04939E+00
    9.19357E+01   5.90100E-01   9.69800E-02   3.33806E-02   8.98647E+00
    9.09817E+01   5.74824E-01   9.59800E-02   3.31830E-02   8.92390E+00
    9.00279E+01   5.59852E-01   9.49800E-02   3.29835E-02   8.86168E+00
    8.90742E+01   5.45179E-01   9.39800E-02   3.27820E-02   8.79978E+00
    8.81207E+01   5.30802E-01   9.29800E-02   3.25786E-02   8.73822E+00
    8.71673E+01   5.16717E-01   9.19800E-02   3.23731E-02   8.67699E+00
    8.62141E+01   5.02922E-01   9.09800E-02   3.21657E-02   8.61607E+00
    8.52610E+01   4.89412E-01   8.99800E-02   3.19561E-02   8.55547E+00
    8.43081E+01   4.76183E-01   8.89800E-02   3.17446E-02   8.49517E+00
    8.33554E+01   4.63232E-01   8.79800E-02   3.15309E-02   8.43518E+00
    8.24027E+01   4.50555E-01   8.69800E-02   3.13150E-02   8.37548E+00
    8.14502E+01   4.38149E-01   8.59800E-02   3.10970E-02   8.31607E+00
    8.04979E+01   4.26010E-01   8.49800E-02   3.08768E-02   8.25694E+00
    7.95457E+01   4.14135E-01   8.39800E-02   3.06544E-02   8.19808E+00
    7.85936E+01   4.02519E-01   8.29800E-02   3.04297E-02   8.13949E+00
    7.76417E+01   3.91158E-01   8.19800E-02   3.02028E-02   8.08116E+00
    7.66899E+01   3.80051E-01   8.09800E-02   2.99735E-02   8.02309E+00
    7.57383E+01   3.69192E-01   7.99800E-02   2.97418E-02   7.96525E+00
    7.47868E+01   3.59948E-01   7.89800E-02   2.95647E-02   7.90761E+00
    7.38354E+01   3.51289E-01   7.79800E-02   2.94059E-02   7.84987E+00
    7.28841E+01   3.42498E-01   7.69800E-02   2.92367E-02   7.79209E+00
    7.19329E+01   3.33729E-01   7.59800E-02   2.90645E-02   7.73428E+00
    7.09818E+01   3.25039E-01   7.49800E-02   2.88919E-02   7.67647E+00
    7.00309E+01   3.16460E-01   7.39800E-02   2.87202E-02   7.61865E+00
    6.90800E+01   3.08011E-01   7.29800E-02   2.85500E-02   7.56083E+00
    6.81293E+01   2.99701E-01   7.19800E-02   2.83819E-02   7.50299E+00
    6.71787E+01   2.91538E-01   7.09800E-02   2.82160E-02   7.44513E+00
    6.62282E+01   2.83524E-01   6.99800E-02   2.80528E-02   7.38725E+00
    6.52778E+01   2.75661E-01   6.89800E-02   2.78923E-02   7.32934E+00
    6.43275E+01   2.67949E-01   6.79800E-02   2.77348E-02   7.27138E+00
    6.33774E+01   2.60387E-01   6.69800E-02   2.75805E-02   7.21337E+00
    6.24273E+01   2.52975E-01   6.59800E-02   2.74296E-02   7.15530E+00
    6.14774E+01   2.45711E-01   6.49800E-02   2.72821E-02   7.09715E+00
    6.05276E+01   2.38593E-01   6.39800E-02   2.71383E-02   7.03891E+00
    5.95779E+01   2.31621E-01   6.29800E-02   2.69983E-02   6.98057E+00
    5.86283E+01   2.24791E-01   6.19800E-02   2.68623E-02   6.92212E+00
    5.76788E+01   2.18103E-01   6.09800E-02   2.67304E-02   6.86353E+00
    5.67294E+01   2.11554E-01   5.99800E-02   2.66028E-02   6.80481E+00
    5.57801E+01   2.05142E-01   5.89800E-02   2.64795E-02   6.74592E+00
    5.48309E+01   1.98865E-01   5.79800E-02   2.63608E-02   6.68686E+00
    5.38819E+01   1.92721E-01   5.69800E-02   2.62468E-02   6.62760E+00
    5.29329E+01   1.86708E-01   5.59800E-02   2.61375E-02   6.56813E+00
    5.19841E+01   1.80824E-01   5.49800E-02   2.60332E-02   6.50844E+00
    5.10353E+01   1.75066E-01   5.39800E-02   2.59340E-02   6.44849E+00
    5.00867E+01   1.69432E-01   5.29800E-02   2.58401E-02   6.38827E+00
    4.91381E+01   1.63920E-01   5.19800E-02   2.57515E-02   6.32775E+00
    4.81897E+01   1.58529E-01   5.09800E-02   2.56685E-02   6.26692E+00
    4.72414E+01   1.53254E-01   4.99800E-02   2.55912E-02   6.20575E+00
    4.62932E+01   1.48096E-01   4.89800E-02   2.55197E-02   6.14421E+00
    4.53450E+01   1.43050E-01   4.79800E-02   2.54544E-02   6.08228E+00
    4.43970E+01   1.38116E-01   4.69800E-02   2.53953E-02   6.01992E+00
    4.34491E+01   1.33291E-01   4.59800E-02   2.53426E-02   5.95711E+00
    4.25013E+01   1.28572E-01   4.49800E-02   2.52967E-02   5.89382E+00
    4.15536E+01   1.23958E-01   4.39800E-02   2.52576E-02   5.83000E+00
    4.06060E+01   1.19446E-01   4.29800E-02   2.52257E-02   5.76563E+00
    3.96585E+01   1.15034E-01   4.19800E-02   2.52011E-02   5.70067E+00
    3.87111E+01   1.10721E-01   4.09800E-02   2.51843E-02   5.63507E+00
    3.77639E+01   1.06503E-01   3.99800E-02   2.51754E-02   5.56879E+00
    3.68167E+01   1.02380E-01   3.89800E-02   2.51749E-02   5.50179E+00
    3.58696E+01   9.83480E-02   3.79800E-02   2.51830E-02   5.43402E+00
    3.49226E+01   9.44060E-02   3.69800E-02   2.52002E-02   5.36541E+00
    3.39758E+01   9.05517E-02   3.59800E-02   2.52269E-02   5.29593E+00
    3.30290E+01   8.67831E-02   3.49800E-02   2.52634E-02   5.22550E+00
    3.20824E+01   8.30982E-02   3.39800E-02   2.53104E-02   5.15406E+00
    3.11358E+01   7.94950E-02   3.29800E-02   2.53685E-02   5.08154E+00
    3.01894E+01   7.59717E-02   3.19800E-02   2.54380E-02   5.00786E+00
    2.92430E+01   7.25262E-02   3.09800E-02   2.55199E-02   4.93294E+00
    2.82968E+01   6.91567E-02   2.99800E-02   2.56149E-02   4.85669E+00
    2.73507E+01   6.58615E-02   2.89800E-02   2.57237E-02   4.77902E+00
    2.64047E+01   6.26387E-02   2.79800E-02   2.58475E-02   4.69981E+00
    2.54588E+01   5.94866E-02   2.69800E-02   2.59872E-02   4.61896E+00
    2.45131E+01   5.64035E-02   2.59800E-02   2.61441E-02   4.53633E+00
    2.35674E+01   5.33879E-02   2.49800E-02   2.63195E-02   4.45178E+00
    2.26219E+01   5.04383E-02   2.39800E-02   2.65153E-02   4.36516E+00
    2.16765E+01   4.75532E-02   2.29800E-02   2.67331E-02   4.27629E+00
    2.07312E+01   4.47313E-02   2.19800E-02   2.69752E-02   4.18499E+00
    1.97861E+01   4.19714E-02   2.09800E-02   2.72442E-02   4.09104E+00
    1.88410E+01   3.92725E-02   1.99800E-02   2.75431E-02   3.99419E+00
    1.78961E+01   3.66336E-02   1.89800E-02   2.78755E-02   3.89419E+00
    1.69514E+01   3.40540E-02   1.79800E-02   2.82459E-02   3.79070E+00
    1.60068E+01   3.15332E-02   1.69800E-02   2.86595E-02   3.68338E+00
    1.50623E+01   2.90709E-02   1.59800E-02   2.91230E-02   3.57181E+00
    1.41180E+01   2.66672E-02   1.49800E-02   2.96446E-02   3.45552E+00
    1.31738E+01   2.43224E-02   1.39800E-02   3.02346E-02   3.33393E+00
    1.22298E+01   2.20373E-02   1.29800E-02   3.09064E-02   3.20638E+00
    1.12860E+01   1.98132E-02   1.19800E-02   3.16778E-02   3.07203E+00
    1.03424E+01   1.76519E-02   1.09800E-02   3.25722E-02   2.92990E+00
    9.39895E+00   1.55560E-02   9.98000E-03   3.36222E-02   2.77874E+00
    8.45572E+00   1.35293E-02   8.98000E-03   3.48738E-02   2.61693E+00
    7.51271E+00   1.15763E-02   7.98000E-03   3.63949E-02   2.44239E+00
    6.56994E+00   9.70356E-03   6.98000E-03   3.82896E-02   2.25224E+00
    5.62743E+00   7.91955E-03   5.98000E-03   4.07278E-02   2.04242E+00
    4.68522E+00   6.23583E-03   4.98000E-03   4.40069E-02   1.80678E+00
    3.74333E+00   4.66845E-03   3.98000E-03   4.87048E-02   1.53518E+00
    2.80182E+00   3.24054E-03   2.98000E-03   5.61229E-02   1.20863E+00
    1.86077E+00   1.98760E-03   1.98000E-03   7.00004E-02   7.82760E-01
    9.20311E-01   9.70272E-04   9.80000E-04   1.07933E-01   9.25755E-02
    8.26307E-01   8.85252E-04   8.80000E-04   1.15936E-01  -1.47928E-02
    7.32313E-01   8.03811E-04   7.80000E-04   1.25794E-01  -1.37548E-01
    6.38329E-01   7.26080E-04   6.80000E-04   1.38265E-01  -2.81374E-01
    5.44356E-01   6.52139E-04   5.80000E-04   1.54593E-01  -4.55521E-01
    4.50395E-01   5.81910E-04   4.80000E-04   1.76961E-01  -6.76252E-01
    3.56449E-01   5.14777E-04   3.80000E-04   2.09553E-01  -9.75339E-01
    3.47056E-01   5.08165E-04   3.70000E-04   2.13649E-01  -1.01171E+00
    3.37662E-01   5.01555E-04   3.60000E-04   2.17938E-01  -1.04962E+00
    3.28269E-01   4.94941E-04   3.50000E-04   2.22435E-01  -1.08916E+00
    3.18876E-01   4.88314E-04   3.40000E-04   2.27152E-01  -1.13047E+00
    3.09483E-01   4.81665E-04   3.30000E-04   2.32106E-01  -1.17369E+00
    3.00090E-01   4.74980E-04   3.20000E-04   2.37311E-01  -1.21898E+00
    2.90697E-01   4.68242E-04   3.10000E-04   2.42783E-01  -1.26652E+00
    2.81305E-01   4.61430E-04   3.00000E-04   2.48537E-01  -1.31650E+00
    2.71913E-01   4.54514E-04   2.90000E-04   2.54588E-01  -1.36914E+00
    2.62521E-01   4.47451E-04   2.80000E-04   2.60944E-01  -1.42467E+00
    2.53129E-01   4.40177E-04   2.70000E-04   2.67607E-01  -1.48337E+00
    2.43738E-01   4.32594E-04   2.60000E-04   2.74559E-01  -1.54554E+00
    2.34347E-01   4.24519E-04   2.50000E-04   2.81735E-01  -1.61147E+00
    2.24956E-01   4.15549E-04   2.40000E-04   2.88943E-01  -1.68148E+00
    2.15566E-01   4.03803E-04   2.30000E-04   2.95138E-01  -1.75577E+00
    2.06177E-01   3.83445E-04   2.20000E-04   2.96815E-01  -1.83353E+00
    1.96788E-01   3.63203E-04   2.10000E-04   2.98557E-01  -1.91430E+00
    1.87400E-01   3.43083E-04   2.00000E-04   3.00371E-01  -1.99834E+00
    1.78014E-01   3.23094E-04   1.90000E-04   3.02262E-01  -2.08595E+00
    1.68628E-01   3.03245E-04   1.80000E-04   3.04239E-01  -2.17746E+00
    1.59244E-01   2.83544E-04   1.70000E-04   3.06310E-01  -2.27328E+00
    1.49860E-01   2.64004E-04   1.60000E-04   3.08484E-01  -2.37385E+00
    1.40478E-01   2.44636E-04   1.50000E-04   3.10773E-01  -2.47973E+00
    1.31097E-01   2.25455E-04   1.40000E-04   3.13191E-01  -2.59154E+00
    1.21718E-01   2.06477E-04   1.30000E-04   3.15755E-01  -2.71007E+00
    1.12340E-01   1.87720E-04   1.20000E-04   3.18483E-01  -2.83624E+00
    1.02963E-01   1.69206E-04   1.10000E-04   3.21402E-01  -2.97122E+00
    9.35884E-02   1.50960E-04   1.00000E-04   3.24541E-01  -3.11646E+00
    8.42154E-02   1.33014E-04   9.00000E-05   3.27939E-01  -3.27385E+00
    7.48443E-02   1.15404E-04   8.00000E-05   3.31649E-01  -3.44584E+00
    6.54755E-02   9.81784E-05   7.00000E-05   3.35740E-01  -3.63579E+00
    5.61091E-02   8.13959E-05   6.00000E-05   3.40310E-01  -3.84845E+00
    4.67455E-02   6.51360E-05   5.00000E-05   3.45503E-01  -4.09087E+00
    3.73850E-02   4.95083E-05   4.00000E-05   3.51549E-01  -4.37429E+00
    2.80284E-02   3.46747E-05   3.00000E-05   3.58849E-01  -4.71852E+00
    1.86767E-02   2.09003E-05   2.00000E-05   3.68225E-01  -5.16450E+00
    9.33173E-03   8.70628E-06   1.00000E-05   3.81967E-01  -5.82724E+00
    8.39774E-03   7.61348E-06   9.00000E-06   3.83823E-01  -5.91766E+00
    7.46387E-03   6.55150E-06   8.00000E-06   3.85830E-01  -6.01570E+00
    6.53014E-03   5.52356E-06   7.00000E-06   3.88022E-01  -6.12306E+00
    5.59655E-03   4.53371E-06   6.00000E-06   3.90445E-01  -6.24210E+00
    4.66312E-03   3.58716E-06   5.00000E-06   3.93168E-01  -6.37636E+00
    3.72987E-03   2.69096E-06   4.00000E-06   3.96301E-01  -6.53142E+00
    2.79685E-03   1.85518E-06   3.00000E-06   4.00035E-01  -6.71705E+00
    1.86409E-03   1.09575E-06   2.00000E-06   4.04760E-01  -6.95326E+00
    9.31704E-04   4.42793E-07   1.00000E-06   4.11560E-01  -7.29552E+00
    8.38493E-04   3.85577E-07   9.00000E-07   4.12468E-01  -7.34141E+00
    7.45287E-04   3.30257E-07   8.00000E-07   4.13448E-01  -7.39094E+00
    6.52089E-04   2.77007E-07   7.00000E-07   4.14514E-01  -7.44492E+00
    5.58897E-04   2.26044E-07   6.00000E-07   4.15689E-01  -7.50445E+00
    4.65714E-04   1.77648E-07   5.00000E-07   4.17005E-01  -7.57116E+00
    3.72541E-04   1.32188E-07   4.00000E-07   4.18512E-01  -7.64765E+00
    2.79378E-04   9.01970E-08   3.00000E-07   4.20299E-01  -7.73837E+00
    1.86230E-04   5.25040E-08   2.00000E-07   4.22545E-01  -7.85240E+00
    9.30986E-05   2.06680E-08   1.00000E-07   4.25743E-01  -8.01437E+00
    8.37868E-05   1.79209E-08   9.00000E-08   4.26166E-01  -8.03575E+00
    7.44753E-05   1.52751E-08   8.00000E-08   4.26621E-01  -8.05872E+00
    6.51641E-05   1.27394E-08   7.00000E-08   4.27115E-01  -8.08361E+00
    5.58533E-05   1.03251E-08   6.00000E-08   4.27657E-01  -8.11090E+00
    4.65429E-05   8.04625E-09   5.00000E-08   4.28262E-01  -8.14125E+00
    3.72330E-05   5.92201E-09   4.00000E-08   4.28951E-01  -8.17570E+00
    2.79235E-05   3.97949E-09   3.00000E-08   4.29761E-01  -8.21605E+00
    1.86147E-05   2.26125E-09   2.00000E-08   4.30766E-01  -8.26578E+00
    9.30666E-06   8.47105E-10   1.00000E-08   4.32164E-01  -8.33397E+00
    8.37592E-06   7.28257E-10   9.00000E-09   4.32345E-01  -8.34270E+00
    7.44518E-06   6.14625E-10   8.00000E-09   4.32538E-01  -8.35199E+00
    6.51447E-06   5.06659E-10   7.00000E-09   4.32746E-01  -8.36195E+00
    5.58376E-06   4.04916E-10   6.00000E-09   4.32973E-01  -8.37272E+00
    4.65308E-06   3.10107E-10   5.00000E-09   4.33222E-01  -8.38452E+00
    3.72241E-06   2.23169E-10   4.00000E-09   4.33502E-01  -8.39766E+00
    2.79176E-06   1.45420E-10   3.00000E-09   4.33824E-01  -8.41264E+00
    1.86114E-06   7.88690E-11   2.00000E-09   4.34211E-01  -8.43041E+00
    9.30547E-07   2.71001E-11   1.00000E-09   4.34719E-01  -8.45326E+00
    8.37490E-07   2.29825E-11   9.00000E-10   4.34782E-01  -8.45603E+00
    7.44433E-07   1.91014E-11   8.00000E-10   4.34848E-01  -8.45894E+00
    6.51377E-07   1.54736E-11   7.00000E-10   4.34918E-01  -8.46201E+00
    5.58321E-07   1.21190E-11   6.00000E-10   4.34993E-01  -8.46527E+00
    4.65266E-07   9.06246E-12   5.00000E-10   4.35074E-01  -8.46876E+00
    3.72211E-07   6.33512E-12   4.00000E-10   4.35162E-01  -8.47254E+00
    2.79157E-07   3.97854E-12   3.00000E-10   4.35260E-01  -8.47672E+00
    1.86104E-07   2.05186E-12   2.00000E-10   4.35372E-01  -8.48147E+00
    9.30513E-08   6.50880E-13   1.00000E-10   4.35511E-01  -8.48718E+00
    8.37461E-08   5.45730E-13   9.00000E-11   4.35527E-01  -8.48785E+00
    7.44409E-08   4.47933E-13   8.00000E-11   4.35544E-01  -8.48853E+00
    6.51358E-08   3.57853E-13   7.00000E-11   4.35562E-01  -8.48925E+00
    5.58306E-08   2.75915E-13   6.00000E-11   4.35580E-01  -8.49000E+00
    4.65255E-08   2.02632E-13   5.00000E-11   4.35600E-01  -8.49078E+00
    3.72203E-08   1.38638E-13   4.00000E-11   4.35621E-01  -8.49162E+00
    2.79152E-08   8.47548E-14   3.00000E-11   4.35644E-01  -8.49252E+00
    1.86101E-08   4.21219E-14   2.00000E-11   4.35669E-01  -8.49352E+00
    9.30505E-09   1.25322E-14   1.00000E-11   4.35700E-01  -8.49466E+00
    8.37455E-09   1.04009E-14   9.00000E-12   4.35703E-01  -8.49478E+00
    7.44404E-09   8.43803E-15   8.00000E-12   4.35707E-01  -8.49491E+00
    6.51353E-09   6.65007E-15   7.00000E-12   4.35710E-01  -8.49505E+00
    5.58303E-09   5.04450E-15   6.00000E-12   4.35714E-01  -8.49519E+00
    4.65252E-09   3.63031E-15   5.00000E-12   4.35718E-01  -8.49533E+00
    3.72202E-09   2.41850E-15   4.00000E-12   4.35722E-01  -8.49548E+00
    2.79151E-09   1.42322E-15   3.00000E-12   4.35727E-01  -8.49563E+00
    1.86101E-09   6.63732E-16   2.00000E-12   4.35732E-01  -8.49580E+00
    9.30504E-10   1.69532E-16   1.00000E-12   4.35737E-01  -8.49596E+00
    8.37454E-10   1.36453E-16   9.00000E-13   4.35738E-01  -8.49598E+00
    7.44403E-10   1.06618E-16   8.00000E-13   4.35739E-01  -8.49599E+00
    6.51353E-10   8.01213E-17   7.00000E-13   4.35739E-01  -8.49601E+00
    5.58302E-10   5.70697E-17   6.00000E-13   4.35740E-01  -8.49603E+00
    4.65252E-10   3.75875E-17   5.00000E-13   4.35741E-01  -8.49604E+00
    3.72202E-10   2.18214E-17   4.00000E-13   4.35741E-01  -8.49606E+00
    2.79151E-10   9.94887E-18   3.00000E-13   4.35742E-01  -8.49607E+00
    1.86101E-10   2.19115E-18   2.00000E-13   4.35743E-01  -8.49608E+00
