    3.99913E+03   3.72154E+03   1.99098E+00   4.14876E-02   1.06963E+03
    3.96048E+03   3.67357E+03   1.98098E+00   4.29567E-02   1.06025E+03
    3.92206E+03   3.62591E+03   1.97098E+00   4.44272E-02   1.05090E+03
    3.88388E+03   3.57854E+03   1.96098E+00   4.58976E-02   1.04158E+03
    3.84595E+03   3.53148E+03   1.95098E+00   4.73668E-02   1.03229E+03
    3.80826E+03   3.48473E+03   1.94098E+00   4.88336E-02   1.02303E+03
    3.77080E+03   3.43828E+03   1.93098E+00   5.02968E-02   1.01379E+03
    3.73359E+03   3.39213E+03   1.92098E+00   5.17554E-02   1.00459E+03
    3.69661E+03   3.34628E+03   1.91098E+00   5.32084E-02   9.95408E+02
    3.65988E+03   3.30075E+03   1.90098E+00   5.46548E-02   9.86259E+02
    3.62338E+03   3.25552E+03   1.89098E+00   5.60937E-02   9.77140E+02
    3.58712E+03   3.21060E+03   1.88098E+00   5.75241E-02   9.68050E+02
    3.55110E+03   3.16599E+03   1.87098E+00   5.89453E-02   9.58991E+02
    3.51532E+03   3.12169E+03   1.86098E+00   6.03565E-02   9.49962E+02
    3.47978E+03   3.07770E+03   1.85098E+00   6.17570E-02   9.40964E+02
    3.44447E+03   3.03403E+03   1.84098E+00   6.31460E-02   9.31996E+02
    3.40939E+03   2.99066E+03   1.83098E+00   6.45124E-02   9.23060E+02
    3.37456E+03   2.94763E+03   1.82098E+00   6.58770E-02   9.14155E+02
    3.33996E+03   2.90491E+03   1.81098E+00   6.72282E-02   9.05281E+02
    3.30559E+03   2.86251E+03   1.80098E+00   6.85656E-02   8.96440E+02
    3.27146E+03   2.82044E+03   1.79098E+00   6.98887E-02   8.87631E+02
    3.23756E+03   2.77869E+03   1.78098E+00   7.11969E-02   8.78854E+02
    3.20390E+03   2.73726E+03   1.77098E+00   7.24900E-02   8.70110E+02
    3.17047E+03   2.69617E+03   1.76098E+00   7.37674E-02   8.61399E+02
    3.13727E+03   2.65540E+03   1.75098E+00   7.50288E-02   8.52721E+02
    3.10430E+03   2.61496E+03   1.74098E+00   7.62739E-02   8.44077E+02
    3.07157E+03   2.57486E+03   1.73098E+00   7.75023E-02   8.35467E+02
    3.03906E+03   2.53509E+03   1.72098E+00   7.87138E-02   8.26890E+02
    3.00679E+03   2.49565E+03   1.71098E+00   7.99081E-02   8.18348E+02
    2.97474E+03   2.45655E+03   1.70098E+00   8.10849E-02   8.09840E+02
    2.94293E+03   2.41779E+03   1.69098E+00   8.22441E-02   8.01367E+02
    2.91134E+03   2.37937E+03   1.68098E+00   8.33854E-02   7.92929E+02
    2.87998E+03   2.34128E+03   1.67098E+00   8.45087E-02   7.84526E+02
    2.84884E+03   2.30354E+03   1.66098E+00   8.56138E-02   7.76159E+02
    2.81794E+03   2.26614E+03   1.65098E+00   8.67006E-02   7.67827E+02
    2.78726E+03   2.22908E+03   1.64098E+00   8.77690E-02   7.59531E+02
    2.75680E+03   2.19237E+03   1.63098E+00   8.88188E-02   7.51271E+02
    2.72657E+03   2.15600E+03   1.62098E+00   8.98500E-02   7.43048E+02
    2.69656E+03   2.11998E+03   1.61098E+00   9.08624E-02   7.34861E+02
    2.66677E+03   2.08430E+03   1.60098E+00   9.18561E-02   7.26711E+02
    2.63720E+03   2.04897E+03   1.59098E+00   9.28309E-02   7.18597E+02
    2.60786E+03   2.01399E+03   1.58098E+00   9.37868E-02   7.10521E+02
    2.57874E+03   1.97936E+03   1.57098E+00   9.47239E-02   7.02482E+02
    2.54983E+03   1.94507E+03   1.56098E+00   9.56420E-02   6.94481E+02
    2.52114E+03   1.91113E+03   1.55098E+00   9.65412E-02   6.86517E+02
    2.49268E+03   1.87754E+03   1.54098E+00   9.74214E-02   6.78591E+02
    2.46442E+03   1.84430E+03   1.53098E+00   9.82827E-02   6.70704E+02
    2.43639E+03   1.81141E+03   1.52098E+00   9.91250E-02   6.62854E+02
    2.40857E+03   1.77886E+03   1.51098E+00   9.99485E-02   6.55044E+02
    2.38096E+03   1.74667E+03   1.50098E+00   1.00753E-01   6.47271E+02
    2.35357E+03   1.71482E+03   1.49098E+00   1.01539E-01   6.39538E+02
    2.32639E+03   1.68332E+03   1.48098E+00   1.02306E-01   6.31844E+02
    2.29942E+03   1.65217E+03   1.47098E+00   1.03054E-01   6.24188E+02
    2.27266E+03   1.62137E+03   1.46098E+00   1.03783E-01   6.16572E+02
    2.24611E+03   1.59092E+03   1.45098E+00   1.04494E-01   6.08996E+02
    2.21977E+03   1.56081E+03   1.44098E+00   1.05186E-01   6.01459E+02
    2.19364E+03   1.53105E+03   1.43098E+00   1.05859E-01   5.93963E+02
    2.16771E+03   1.50163E+03   1.42098E+00   1.06514E-01   5.86506E+02
    2.14199E+03   1.47256E+03   1.41098E+00   1.07150E-01   5.79089E+02
    2.11648E+03   1.44384E+03   1.40098E+00   1.07768E-01   5.71712E+02
    2.09117E+03   1.41546E+03   1.39098E+00   1.08368E-01   5.64376E+02
    2.06606E+03   1.38742E+03   1.38098E+00   1.08950E-01   5.57081E+02
    2.04115E+03   1.35973E+03   1.37098E+00   1.09513E-01   5.49826E+02
    2.01645E+03   1.33237E+03   1.36098E+00   1.10058E-01   5.42613E+02
    1.99194E+03   1.30536E+03   1.35098E+00   1.10585E-01   5.35440E+02
    1.96763E+03   1.27869E+03   1.34098E+00   1.11094E-01   5.28309E+02
    1.94352E+03   1.25235E+03   1.33098E+00   1.11585E-01   5.21219E+02
    1.91961E+03   1.22636E+03   1.32098E+00   1.12058E-01   5.14170E+02
    1.89589E+03   1.20070E+03   1.31098E+00   1.12514E-01   5.07163E+02
    1.87237E+03   1.17537E+03   1.30098E+00   1.12951E-01   5.00197E+02
    1.84904E+03   1.15038E+03   1.29098E+00   1.13371E-01   4.93274E+02
    1.82590E+03   1.12572E+03   1.28098E+00   1.13774E-01   4.86393E+02
    1.80295E+03   1.10139E+03   1.27098E+00   1.14159E-01   4.79553E+02
    1.78020E+03   1.07740E+03   1.26098E+00   1.14526E-01   4.72756E+02
    1.75763E+03   1.05373E+03   1.25098E+00   1.14877E-01   4.66002E+02
    1.73525E+03   1.03039E+03   1.24098E+00   1.15210E-01   4.59290E+02
    1.71306E+03   1.00737E+03   1.23098E+00   1.15525E-01   4.52621E+02
    1.69105E+03   9.84682E+02   1.22098E+00   1.15824E-01   4.45994E+02
    1.66923E+03   9.62314E+02   1.21098E+00   1.16105E-01   4.39410E+02
    1.64759E+03   9.40269E+02   1.20098E+00   1.16370E-01   4.32870E+02
    1.62613E+03   9.18542E+02   1.19098E+00   1.16618E-01   4.26373E+02
    1.60486E+03   8.97135E+02   1.18098E+00   1.16848E-01   4.19918E+02
    1.58376E+03   8.76044E+02   1.17098E+00   1.17062E-01   4.13508E+02
    1.56284E+03   8.55267E+02   1.16098E+00   1.17259E-01   4.07141E+02
    1.54210E+03   8.34804E+02   1.15098E+00   1.17440E-01   4.00817E+02
    1.52154E+03   8.14653E+02   1.14098E+00   1.17603E-01   3.94538E+02
    1.50115E+03   7.94812E+02   1.13098E+00   1.17750E-01   3.88302E+02
    1.48094E+03   7.75278E+02   1.12098E+00   1.17881E-01   3.82110E+02
    1.46090E+03   7.56051E+02   1.11098E+00   1.17995E-01   3.75962E+02
    1.44103E+03   7.37128E+02   1.10098E+00   1.18093E-01   3.69859E+02
    1.42133E+03   7.18508E+02   1.09098E+00   1.18174E-01   3.63800E+02
    1.40180E+03   7.00188E+02   1.08098E+00   1.18240E-01   3.57786E+02
    1.38244E+03   6.82168E+02   1.07098E+00   1.18288E-01   3.51816E+02
    1.36324E+03   6.64444E+02   1.06098E+00   1.18321E-01   3.45891E+02
    1.34421E+03   6.47015E+02   1.05098E+00   1.18338E-01   3.40011E+02
    1.32535E+03   6.29879E+02   1.04098E+00   1.18338E-01   3.34176E+02
    1.30665E+03   6.13034E+02   1.03098E+00   1.18322E-01   3.28386E+02
    1.28811E+03   5.96479E+02   1.02098E+00   1.18290E-01   3.22641E+02
    1.26973E+03   5.80210E+02   1.01098E+00   1.18243E-01   3.16941E+02
    1.25151E+03   5.64226E+02   1.00098E+00   1.18179E-01   3.11287E+02
    1.24246E+03   5.56340E+02   9.95980E-01   1.18141E-01   3.08478E+02
    1.23345E+03   5.48525E+02   9.90980E-01   1.18099E-01   3.05679E+02
    1.22448E+03   5.40780E+02   9.85980E-01   1.18053E-01   3.02892E+02
    1.21555E+03   5.33105E+02   9.80980E-01   1.18003E-01   3.00116E+02
    1.20665E+03   5.25500E+02   9.75980E-01   1.17950E-01   2.97352E+02
    1.19780E+03   5.17964E+02   9.70980E-01   1.17892E-01   2.94600E+02
    1.18898E+03   5.10498E+02   9.65980E-01   1.17830E-01   2.91858E+02
    1.18021E+03   5.03100E+02   9.60980E-01   1.17765E-01   2.89129E+02
    1.17147E+03   4.95771E+02   9.55980E-01   1.17695E-01   2.86410E+02
    1.16277E+03   4.88510E+02   9.50980E-01   1.17622E-01   2.83704E+02
    1.15410E+03   4.81317E+02   9.45980E-01   1.17544E-01   2.81009E+02
    1.14548E+03   4.74193E+02   9.40980E-01   1.17463E-01   2.78325E+02
    1.13689E+03   4.67135E+02   9.35980E-01   1.17377E-01   2.75653E+02
    1.12834E+03   4.60145E+02   9.30980E-01   1.17288E-01   2.72993E+02
    1.11983E+03   4.53223E+02   9.25980E-01   1.17195E-01   2.70344E+02
    1.11135E+03   4.46366E+02   9.20980E-01   1.17098E-01   2.67707E+02
    1.10291E+03   4.39577E+02   9.15980E-01   1.16997E-01   2.65082E+02
    1.09451E+03   4.32853E+02   9.10980E-01   1.16892E-01   2.62468E+02
    1.08615E+03   4.26196E+02   9.05980E-01   1.16783E-01   2.59866E+02
    1.07782E+03   4.19604E+02   9.00980E-01   1.16670E-01   2.57276E+02
    1.06953E+03   4.13078E+02   8.95980E-01   1.16553E-01   2.54697E+02
    1.06127E+03   4.06617E+02   8.90980E-01   1.16433E-01   2.52130E+02
    1.05305E+03   4.00220E+02   8.85980E-01   1.16308E-01   2.49575E+02
    1.04487E+03   3.93888E+02   8.80980E-01   1.16180E-01   2.47031E+02
    1.03672E+03   3.87621E+02   8.75980E-01   1.16047E-01   2.44500E+02
    1.02861E+03   3.81417E+02   8.70980E-01   1.15911E-01   2.41980E+02
    1.02053E+03   3.75277E+02   8.65980E-01   1.15771E-01   2.39472E+02
    1.01249E+03   3.69201E+02   8.60980E-01   1.15627E-01   2.36976E+02
    1.00449E+03   3.63188E+02   8.55980E-01   1.15479E-01   2.34491E+02
    9.96514E+02   3.57237E+02   8.50980E-01   1.15327E-01   2.32019E+02
    9.88577E+02   3.51350E+02   8.45980E-01   1.15171E-01   2.29558E+02
    9.80675E+02   3.45524E+02   8.40980E-01   1.15011E-01   2.27110E+02
    9.72807E+02   3.39761E+02   8.35980E-01   1.14847E-01   2.24673E+02
    9.64974E+02   3.34059E+02   8.30980E-01   1.14680E-01   2.22248E+02
    9.57175E+02   3.28419E+02   8.25980E-01   1.14508E-01   2.19835E+02
    9.49409E+02   3.22840E+02   8.20980E-01   1.14333E-01   2.17434E+02
    9.41678E+02   3.17322E+02   8.15980E-01   1.14154E-01   2.15045E+02
    9.33980E+02   3.11864E+02   8.10980E-01   1.13971E-01   2.12668E+02
    9.26316E+02   3.06467E+02   8.05980E-01   1.13784E-01   2.10304E+02
    9.18685E+02   3.01130E+02   8.00980E-01   1.13593E-01   2.07951E+02
    9.11087E+02   2.95852E+02   7.95980E-01   1.13398E-01   2.05610E+02
    9.03522E+02   2.90634E+02   7.90980E-01   1.13199E-01   2.03281E+02
    8.95989E+02   2.85475E+02   7.85980E-01   1.12996E-01   2.00965E+02
    8.88490E+02   2.80375E+02   7.80980E-01   1.12790E-01   1.98660E+02
    8.81023E+02   2.75333E+02   7.75980E-01   1.12579E-01   1.96368E+02
    8.73588E+02   2.70350E+02   7.70980E-01   1.12365E-01   1.94088E+02
    8.66185E+02   2.65425E+02   7.65980E-01   1.12146E-01   1.91820E+02
    8.58814E+02   2.60557E+02   7.60980E-01   1.11924E-01   1.89564E+02
    8.51475E+02   2.55747E+02   7.55980E-01   1.11698E-01   1.87320E+02
    8.44168E+02   2.50994E+02   7.50980E-01   1.11468E-01   1.85089E+02
    8.36892E+02   2.46298E+02   7.45980E-01   1.11234E-01   1.82870E+02
    8.29648E+02   2.41658E+02   7.40980E-01   1.10996E-01   1.80663E+02
    8.22434E+02   2.37075E+02   7.35980E-01   1.10754E-01   1.78468E+02
    8.15252E+02   2.32547E+02   7.30980E-01   1.10508E-01   1.76286E+02
    8.08100E+02   2.28075E+02   7.25980E-01   1.10258E-01   1.74116E+02
    8.00979E+02   2.23658E+02   7.20980E-01   1.10005E-01   1.71959E+02
    7.93888E+02   2.19296E+02   7.15980E-01   1.09747E-01   1.69813E+02
    7.86828E+02   2.14989E+02   7.10980E-01   1.09485E-01   1.67681E+02
    7.79798E+02   2.10737E+02   7.05980E-01   1.09220E-01   1.65560E+02
    7.72797E+02   2.06538E+02   7.00980E-01   1.08950E-01   1.63453E+02
    7.65827E+02   2.02393E+02   6.95980E-01   1.08677E-01   1.61357E+02
    7.58886E+02   1.98302E+02   6.90980E-01   1.08400E-01   1.59274E+02
    7.51974E+02   1.94264E+02   6.85980E-01   1.08118E-01   1.57204E+02
    7.45092E+02   1.90279E+02   6.80980E-01   1.07833E-01   1.55146E+02
    7.38238E+02   1.86347E+02   6.75980E-01   1.07543E-01   1.53101E+02
    7.31414E+02   1.82466E+02   6.70980E-01   1.07250E-01   1.51068E+02
    7.24618E+02   1.78638E+02   6.65980E-01   1.06953E-01   1.49048E+02
    7.17851E+02   1.74862E+02   6.60980E-01   1.06651E-01   1.47040E+02
    7.11112E+02   1.71137E+02   6.55980E-01   1.06346E-01   1.45045E+02
    7.04402E+02   1.67462E+02   6.50980E-01   1.06036E-01   1.43063E+02
    6.97719E+02   1.63839E+02   6.45980E-01   1.05723E-01   1.41094E+02
    6.91064E+02   1.60266E+02   6.40980E-01   1.05405E-01   1.39137E+02
    6.84437E+02   1.56744E+02   6.35980E-01   1.05084E-01   1.37193E+02
    6.77838E+02   1.53271E+02   6.30980E-01   1.04758E-01   1.35262E+02
    6.71265E+02   1.49847E+02   6.25980E-01   1.04429E-01   1.33343E+02
    6.64720E+02   1.46473E+02   6.20980E-01   1.04095E-01   1.31438E+02
    6.58202E+02   1.43148E+02   6.15980E-01   1.03757E-01   1.29545E+02
    6.51711E+02   1.39872E+02   6.10980E-01   1.03415E-01   1.27665E+02
    6.45246E+02   1.36643E+02   6.05980E-01   1.03069E-01   1.25798E+02
    6.38808E+02   1.33463E+02   6.00980E-01   1.02719E-01   1.23944E+02
    6.32396E+02   1.30330E+02   5.95980E-01   1.02365E-01   1.22103E+02
    6.26010E+02   1.27245E+02   5.90980E-01   1.02006E-01   1.20275E+02
    6.19650E+02   1.24207E+02   5.85980E-01   1.01643E-01   1.18459E+02
    6.13316E+02   1.21215E+02   5.80980E-01   1.01277E-01   1.16657E+02
    6.07007E+02   1.18270E+02   5.75980E-01   1.00906E-01   1.14868E+02
    6.00724E+02   1.15371E+02   5.70980E-01   1.00530E-01   1.13092E+02
    5.94465E+02   1.12518E+02   5.65980E-01   1.00151E-01   1.11329E+02
    5.88232E+02   1.09711E+02   5.60980E-01   9.97674E-02   1.09580E+02
    5.82024E+02   1.06948E+02   5.55980E-01   9.93794E-02   1.07843E+02
    5.75840E+02   1.04230E+02   5.50980E-01   9.89872E-02   1.06120E+02
    5.69681E+02   1.01557E+02   5.45980E-01   9.85907E-02   1.04410E+02
    5.63546E+02   9.89280E+01   5.40980E-01   9.81899E-02   1.02713E+02
    5.57435E+02   9.63429E+01   5.35980E-01   9.77847E-02   1.01030E+02
    5.51348E+02   9.38013E+01   5.30980E-01   9.73752E-02   9.93594E+01
    5.45285E+02   9.13030E+01   5.25980E-01   9.69613E-02   9.77026E+01
    5.39245E+02   8.88475E+01   5.20980E-01   9.65430E-02   9.60591E+01
    5.33229E+02   8.64347E+01   5.15980E-01   9.61203E-02   9.44291E+01
    5.27236E+02   8.40642E+01   5.10980E-01   9.56931E-02   9.28126E+01
    5.21265E+02   8.17356E+01   5.05980E-01   9.52614E-02   9.12095E+01
    5.15318E+02   7.94486E+01   5.00980E-01   9.48252E-02   8.96200E+01
    5.09393E+02   7.72030E+01   4.95980E-01   9.43845E-02   8.80440E+01
    5.03491E+02   7.49983E+01   4.90980E-01   9.39392E-02   8.64816E+01
    4.97611E+02   7.28343E+01   4.85980E-01   9.34893E-02   8.49329E+01
    4.91753E+02   7.07106E+01   4.80980E-01   9.30348E-02   8.33978E+01
    4.85917E+02   6.86269E+01   4.75980E-01   9.25756E-02   8.18763E+01
    4.80102E+02   6.65829E+01   4.70980E-01   9.21117E-02   8.03686E+01
    4.74309E+02   6.45782E+01   4.65980E-01   9.16431E-02   7.88747E+01
    4.68538E+02   6.26126E+01   4.60980E-01   9.11696E-02   7.73946E+01
    4.62787E+02   6.06856E+01   4.55980E-01   9.06914E-02   7.59283E+01
    4.57057E+02   5.87970E+01   4.50980E-01   9.02083E-02   7.44759E+01
    4.51348E+02   5.69463E+01   4.45980E-01   8.97203E-02   7.30374E+01
    4.45660E+02   5.51334E+01   4.40980E-01   8.92273E-02   7.16128E+01
    4.39992E+02   5.33579E+01   4.35980E-01   8.87294E-02   7.02022E+01
    4.34344E+02   5.16193E+01   4.30980E-01   8.82264E-02   6.88057E+01
    4.28716E+02   4.99174E+01   4.25980E-01   8.77183E-02   6.74232E+01
    4.23108E+02   4.82519E+01   4.20980E-01   8.72050E-02   6.60548E+01
    4.17519E+02   4.66224E+01   4.15980E-01   8.66865E-02   6.47005E+01
    4.11950E+02   4.50286E+01   4.10980E-01   8.61627E-02   6.33605E+01
    4.06400E+02   4.34701E+01   4.05980E-01   8.56337E-02   6.20346E+01
    4.00869E+02   4.19466E+01   4.00980E-01   8.50992E-02   6.07230E+01
    3.95357E+02   4.04577E+01   3.95980E-01   8.45592E-02   5.94258E+01
    3.89863E+02   3.90031E+01   3.90980E-01   8.40137E-02   5.81428E+01
    3.84388E+02   3.75826E+01   3.85980E-01   8.34625E-02   5.68743E+01
    3.78930E+02   3.61956E+01   3.80980E-01   8.29057E-02   5.56202E+01
    3.73491E+02   3.48419E+01   3.75980E-01   8.23431E-02   5.43806E+01
    3.68070E+02   3.35211E+01   3.70980E-01   8.17747E-02   5.31555E+01
    3.62666E+02   3.22329E+01   3.65980E-01   8.12002E-02   5.19449E+01
    3.57280E+02   3.09769E+01   3.60980E-01   8.06198E-02   5.07490E+01
    3.51910E+02   2.97528E+01   3.55980E-01   8.00332E-02   4.95677E+01
    3.46558E+02   2.85602E+01   3.50980E-01   7.94403E-02   4.84011E+01
    3.41223E+02   2.73988E+01   3.45980E-01   7.88411E-02   4.72493E+01
    3.35904E+02   2.62682E+01   3.40980E-01   7.82354E-02   4.61122E+01
    3.30601E+02   2.51681E+01   3.35980E-01   7.76232E-02   4.49900E+01
    3.25315E+02   2.40981E+01   3.30980E-01   7.70042E-02   4.38827E+01
    3.20044E+02   2.30578E+01   3.25980E-01   7.63784E-02   4.27902E+01
    3.14789E+02   2.20469E+01   3.20980E-01   7.57455E-02   4.17128E+01
    3.09550E+02   2.10650E+01   3.15980E-01   7.51056E-02   4.06504E+01
    3.04326E+02   2.01117E+01   3.10980E-01   7.44584E-02   3.96030E+01
    2.99117E+02   1.91868E+01   3.05980E-01   7.38037E-02   3.85708E+01
    2.93923E+02   1.82897E+01   3.00980E-01   7.31415E-02   3.75537E+01
    2.88744E+02   1.74202E+01   2.95980E-01   7.24714E-02   3.65518E+01
    2.83579E+02   1.65779E+01   2.90980E-01   7.17934E-02   3.55652E+01
    2.78428E+02   1.57624E+01   2.85980E-01   7.11072E-02   3.45939E+01
    2.73292E+02   1.49733E+01   2.80980E-01   7.04127E-02   3.36379E+01
    2.68169E+02   1.42103E+01   2.75980E-01   6.97096E-02   3.26973E+01
    2.63060E+02   1.34729E+01   2.70980E-01   6.89976E-02   3.17722E+01
    2.57964E+02   1.27609E+01   2.65980E-01   6.82766E-02   3.08625E+01
    2.52881E+02   1.20737E+01   2.60980E-01   6.75463E-02   2.99684E+01
    2.47812E+02   1.14111E+01   2.55980E-01   6.68064E-02   2.90899E+01
    2.42755E+02   1.07726E+01   2.50980E-01   6.60566E-02   2.82270E+01
    2.37710E+02   1.01578E+01   2.45980E-01   6.52967E-02   2.73797E+01
    2.32678E+02   9.56636E+00   2.40980E-01   6.45263E-02   2.65482E+01
    2.27658E+02   8.99789E+00   2.35980E-01   6.37451E-02   2.57324E+01
    2.22649E+02   8.45197E+00   2.30980E-01   6.29535E-02   2.49324E+01
    2.21649E+02   8.34545E+00   2.29980E-01   6.27937E-02   2.47743E+01
    2.20649E+02   8.23982E+00   2.28980E-01   6.26334E-02   2.46168E+01
    2.19650E+02   8.13507E+00   2.27980E-01   6.24726E-02   2.44600E+01
    2.18651E+02   8.03120E+00   2.26980E-01   6.23114E-02   2.43038E+01
    2.17652E+02   7.92820E+00   2.25980E-01   6.21497E-02   2.41482E+01
    2.16654E+02   7.82607E+00   2.24980E-01   6.19875E-02   2.39933E+01
    2.15657E+02   7.72480E+00   2.23980E-01   6.18248E-02   2.38390E+01
    2.14660E+02   7.62440E+00   2.22980E-01   6.16617E-02   2.36853E+01
    2.13663E+02   7.52486E+00   2.21980E-01   6.14980E-02   2.35323E+01
    2.12667E+02   7.42618E+00   2.20980E-01   6.13339E-02   2.33799E+01
    2.11671E+02   7.32835E+00   2.19980E-01   6.11693E-02   2.32281E+01
    2.10676E+02   7.23137E+00   2.18980E-01   6.10042E-02   2.30770E+01
    2.09681E+02   7.13523E+00   2.17980E-01   6.08385E-02   2.29265E+01
    2.08686E+02   7.03994E+00   2.16980E-01   6.06724E-02   2.27767E+01
    2.07692E+02   6.94549E+00   2.15980E-01   6.05058E-02   2.26275E+01
    2.06699E+02   6.85188E+00   2.14980E-01   6.03386E-02   2.24789E+01
    2.05706E+02   6.75910E+00   2.13980E-01   6.01710E-02   2.23310E+01
    2.04713E+02   6.66716E+00   2.12980E-01   6.00028E-02   2.21837E+01
    2.03721E+02   6.57604E+00   2.11980E-01   5.98341E-02   2.20370E+01
    2.02729E+02   6.48574E+00   2.10980E-01   5.96649E-02   2.18910E+01
    2.01737E+02   6.39626E+00   2.09980E-01   5.94951E-02   2.17456E+01
    2.00746E+02   6.30761E+00   2.08980E-01   5.93248E-02   2.16008E+01
    1.99756E+02   6.21976E+00   2.07980E-01   5.91540E-02   2.14567E+01
    1.98766E+02   6.13273E+00   2.06980E-01   5.89826E-02   2.13133E+01
    1.97776E+02   6.04650E+00   2.05980E-01   5.88107E-02   2.11704E+01
    1.96787E+02   5.96108E+00   2.04980E-01   5.86382E-02   2.10282E+01
    1.95798E+02   5.87645E+00   2.03980E-01   5.84651E-02   2.08867E+01
    1.94809E+02   5.79263E+00   2.02980E-01   5.82916E-02   2.07458E+01
    1.93821E+02   5.70960E+00   2.01980E-01   5.81174E-02   2.06055E+01
    1.92833E+02   5.62736E+00   2.00980E-01   5.79427E-02   2.04658E+01
    1.91846E+02   5.54590E+00   1.99980E-01   5.77674E-02   2.03269E+01
    1.90859E+02   5.46523E+00   1.98980E-01   5.75915E-02   2.01885E+01
    1.89873E+02   5.38534E+00   1.97980E-01   5.74151E-02   2.00508E+01
    1.88887E+02   5.30623E+00   1.96980E-01   5.72380E-02   1.99137E+01
    1.87901E+02   5.22789E+00   1.95980E-01   5.70604E-02   1.97773E+01
    1.86916E+02   5.15032E+00   1.94980E-01   5.68822E-02   1.96415E+01
    1.85931E+02   5.07352E+00   1.93980E-01   5.67034E-02   1.95063E+01
    1.84947E+02   4.99748E+00   1.92980E-01   5.65239E-02   1.93718E+01
    1.83963E+02   4.92220E+00   1.91980E-01   5.63439E-02   1.92379E+01
    1.82979E+02   4.84768E+00   1.90980E-01   5.61633E-02   1.91047E+01
    1.81996E+02   4.77391E+00   1.89980E-01   5.59820E-02   1.89721E+01
    1.81013E+02   4.70089E+00   1.88980E-01   5.58001E-02   1.88402E+01
    1.80030E+02   4.62861E+00   1.87980E-01   5.56176E-02   1.87089E+01
    1.79048E+02   4.55708E+00   1.86980E-01   5.54344E-02   1.85782E+01
    1.78066E+02   4.48629E+00   1.85980E-01   5.52506E-02   1.84482E+01
    1.77085E+02   4.41623E+00   1.84980E-01   5.50662E-02   1.83188E+01
    1.76104E+02   4.34691E+00   1.83980E-01   5.48811E-02   1.81900E+01
    1.75123E+02   4.27831E+00   1.82980E-01   5.46954E-02   1.80619E+01
    1.74143E+02   4.21044E+00   1.81980E-01   5.45090E-02   1.79345E+01
    1.73163E+02   4.14330E+00   1.80980E-01   5.43219E-02   1.78077E+01
    1.72184E+02   4.07687E+00   1.79980E-01   5.41341E-02   1.76815E+01
    1.71204E+02   4.01115E+00   1.78980E-01   5.39457E-02   1.75560E+01
    1.70226E+02   3.94615E+00   1.77980E-01   5.37566E-02   1.74311E+01
    1.69247E+02   3.88185E+00   1.76980E-01   5.35668E-02   1.73068E+01
    1.68269E+02   3.81826E+00   1.75980E-01   5.33763E-02   1.71832E+01
    1.67291E+02   3.75537E+00   1.74980E-01   5.31851E-02   1.70602E+01
    1.66314E+02   3.69318E+00   1.73980E-01   5.29932E-02   1.69379E+01
    1.65337E+02   3.63168E+00   1.72980E-01   5.28006E-02   1.68162E+01
    1.64360E+02   3.57087E+00   1.71980E-01   5.26073E-02   1.66951E+01
    1.63384E+02   3.51074E+00   1.70980E-01   5.24133E-02   1.65747E+01
    1.62408E+02   3.45130E+00   1.69980E-01   5.22185E-02   1.64550E+01
    1.61433E+02   3.39254E+00   1.68980E-01   5.20229E-02   1.63358E+01
    1.60457E+02   3.33446E+00   1.67980E-01   5.18267E-02   1.62173E+01
    1.59483E+02   3.27705E+00   1.66980E-01   5.16296E-02   1.60995E+01
    1.58508E+02   3.22030E+00   1.65980E-01   5.14319E-02   1.59823E+01
    1.57534E+02   3.16422E+00   1.64980E-01   5.12333E-02   1.58657E+01
    1.56560E+02   3.10881E+00   1.63980E-01   5.10340E-02   1.57498E+01
    1.55586E+02   3.05405E+00   1.62980E-01   5.08336E-02   1.56345E+01
    1.54613E+02   2.99995E+00   1.61980E-01   5.06327E-02   1.55198E+01
    1.53640E+02   2.94649E+00   1.60980E-01   5.04310E-02   1.54058E+01
    1.52668E+02   2.89368E+00   1.59980E-01   5.02285E-02   1.52924E+01
    1.51695E+02   2.84152E+00   1.58980E-01   5.00253E-02   1.51797E+01
    1.50724E+02   2.79000E+00   1.57980E-01   4.98212E-02   1.50676E+01
    1.49752E+02   2.73911E+00   1.56980E-01   4.96162E-02   1.49561E+01
    1.48781E+02   2.68885E+00   1.55980E-01   4.94105E-02   1.48453E+01
    1.47810E+02   2.63923E+00   1.54980E-01   4.92039E-02   1.47351E+01
    1.46839E+02   2.59022E+00   1.53980E-01   4.89964E-02   1.46255E+01
    1.45869E+02   2.54184E+00   1.52980E-01   4.87881E-02   1.45166E+01
    1.44899E+02   2.49408E+00   1.51980E-01   4.85790E-02   1.44083E+01
    1.43929E+02   2.44693E+00   1.50980E-01   4.83689E-02   1.43006E+01
    1.42960E+02   2.40039E+00   1.49980E-01   4.81580E-02   1.41936E+01
    1.41991E+02   2.35446E+00   1.48980E-01   4.79462E-02   1.40872E+01
    1.41022E+02   2.30913E+00   1.47980E-01   4.77335E-02   1.39814E+01
    1.40054E+02   2.26440E+00   1.46980E-01   4.75199E-02   1.38763E+01
    1.39086E+02   2.22027E+00   1.45980E-01   4.73054E-02   1.37718E+01
    1.38118E+02   2.17672E+00   1.44980E-01   4.70900E-02   1.36679E+01
    1.37150E+02   2.13377E+00   1.43980E-01   4.68736E-02   1.35647E+01
    1.36183E+02   2.09140E+00   1.42980E-01   4.66563E-02   1.34621E+01
    1.35216E+02   2.04960E+00   1.41980E-01   4.64380E-02   1.33601E+01
    1.34249E+02   2.00839E+00   1.40980E-01   4.62188E-02   1.32587E+01
    1.33283E+02   1.96775E+00   1.39980E-01   4.59986E-02   1.31580E+01
    1.32317E+02   1.92767E+00   1.38980E-01   4.57775E-02   1.30579E+01
    1.31351E+02   1.88816E+00   1.37980E-01   4.55553E-02   1.29584E+01
    1.30386E+02   1.84922E+00   1.36980E-01   4.53322E-02   1.28595E+01
    1.29421E+02   1.81083E+00   1.35980E-01   4.51080E-02   1.27613E+01
    1.28456E+02   1.77299E+00   1.34980E-01   4.48828E-02   1.26636E+01
    1.27491E+02   1.73570E+00   1.33980E-01   4.46566E-02   1.25666E+01
    1.26527E+02   1.69896E+00   1.32980E-01   4.44293E-02   1.24702E+01
    1.25562E+02   1.66276E+00   1.31980E-01   4.42010E-02   1.23745E+01
    1.24599E+02   1.62710E+00   1.30980E-01   4.39717E-02   1.22793E+01
    1.23635E+02   1.59198E+00   1.29980E-01   4.37412E-02   1.21848E+01
    1.22672E+02   1.55738E+00   1.28980E-01   4.35097E-02   1.20909E+01
    1.21709E+02   1.52331E+00   1.27980E-01   4.32771E-02   1.19976E+01
    1.20746E+02   1.48976E+00   1.26980E-01   4.30433E-02   1.19049E+01
    1.19783E+02   1.45673E+00   1.25980E-01   4.28085E-02   1.18128E+01
    1.18821E+02   1.42422E+00   1.24980E-01   4.25725E-02   1.17213E+01
    1.17859E+02   1.39222E+00   1.23980E-01   4.23354E-02   1.16304E+01
    1.16897E+02   1.36072E+00   1.22980E-01   4.20971E-02   1.15401E+01
    1.15936E+02   1.32972E+00   1.21980E-01   4.18577E-02   1.14505E+01
    1.14975E+02   1.29923E+00   1.20980E-01   4.16171E-02   1.13614E+01
    1.14014E+02   1.26923E+00   1.19980E-01   4.13753E-02   1.12729E+01
    1.13053E+02   1.23972E+00   1.18980E-01   4.11322E-02   1.11851E+01
    1.12093E+02   1.21069E+00   1.17980E-01   4.08880E-02   1.10978E+01
    1.11132E+02   1.18215E+00   1.16980E-01   4.06425E-02   1.10111E+01
    1.10172E+02   1.15409E+00   1.15980E-01   4.03958E-02   1.09250E+01
    1.09213E+02   1.12651E+00   1.14980E-01   4.01479E-02   1.08395E+01
    1.08253E+02   1.09939E+00   1.13980E-01   3.98986E-02   1.07546E+01
    1.07294E+02   1.07274E+00   1.12980E-01   3.96481E-02   1.06703E+01
    1.06335E+02   1.04655E+00   1.11980E-01   3.93963E-02   1.05865E+01
    1.05376E+02   1.02082E+00   1.10980E-01   3.91431E-02   1.05033E+01
    1.04417E+02   9.95550E-01   1.09980E-01   3.88886E-02   1.04207E+01
    1.03459E+02   9.70725E-01   1.08980E-01   3.86328E-02   1.03387E+01
    1.02501E+02   9.46347E-01   1.07980E-01   3.83756E-02   1.02573E+01
    1.01543E+02   9.22412E-01   1.06980E-01   3.81171E-02   1.01764E+01
    1.00585E+02   8.98914E-01   1.05980E-01   3.78571E-02   1.00961E+01
    9.96277E+01   8.75849E-01   1.04980E-01   3.75958E-02   1.00163E+01
    9.86705E+01   8.53215E-01   1.03980E-01   3.73330E-02   9.93713E+00
    9.77135E+01   8.31005E-01   1.02980E-01   3.70688E-02   9.85849E+00
    9.67566E+01   8.09217E-01   1.01980E-01   3.68031E-02   9.78041E+00
    9.58000E+01   7.87847E-01   1.00980E-01   3.65360E-02   9.70287E+00
    9.48436E+01   7.66889E-01   9.99800E-02   3.62674E-02   9.62588E+00
    9.38874E+01   7.46339E-01   9.89800E-02   3.59972E-02   9.54943E+00
    9.29314E+01   7.26194E-01   9.79800E-02   3.57256E-02   9.47352E+00
    9.19757E+01   7.06450E-01   9.69800E-02   3.54524E-02   9.39814E+00
    9.10201E+01   6.87101E-01   9.59800E-02   3.51776E-02   9.32329E+00
    9.00647E+01   6.68144E-01   9.49800E-02   3.49013E-02   9.24897E+00
    8.91095E+01   6.49574E-01   9.39800E-02   3.46235E-02   9.17516E+00
    8.81545E+01   6.31388E-01   9.29800E-02   3.43440E-02   9.10187E+00
    8.71997E+01   6.13580E-01   9.19800E-02   3.40628E-02   9.02910E+00
    8.62451E+01   5.96147E-01   9.09800E-02   3.37799E-02   8.95682E+00
    8.52907E+01   5.79084E-01   8.99800E-02   3.34954E-02   8.88505E+00
    8.43365E+01   5.62388E-01   8.89800E-02   3.32092E-02   8.81377E+00
    8.33824E+01   5.46052E-01   8.79800E-02   3.29213E-02   8.74299E+00
    8.24286E+01   5.30074E-01   8.69800E-02   3.26317E-02   8.67268E+00
    8.14749E+01   5.14449E-01   8.59800E-02   3.23403E-02   8.60286E+00
    8.05214E+01   4.99172E-01   8.49800E-02   3.20471E-02   8.53350E+00
    7.95681E+01   4.84240E-01   8.39800E-02   3.17521E-02   8.46461E+00
    7.86149E+01   4.69647E-01   8.29800E-02   3.14553E-02   8.39618E+00
    7.76620E+01   4.55389E-01   8.19800E-02   3.11567E-02   8.32819E+00
    7.67092E+01   4.41463E-01   8.09800E-02   3.08562E-02   8.26066E+00
    7.57565E+01   4.27862E-01   7.99800E-02   3.05539E-02   8.19355E+00
    7.48041E+01   4.14584E-01   7.89800E-02   3.02496E-02   8.12688E+00
    7.38518E+01   4.01623E-01   7.79800E-02   2.99434E-02   8.06063E+00
    7.28996E+01   3.91661E-01   7.69800E-02   2.97521E-02   7.99451E+00
    7.19476E+01   3.80783E-01   7.59800E-02   2.95153E-02   7.92848E+00
    7.09958E+01   3.69931E-01   7.49800E-02   2.92737E-02   7.86260E+00
    7.00440E+01   3.59198E-01   7.39800E-02   2.90317E-02   7.79688E+00
    6.90925E+01   3.48629E-01   7.29800E-02   2.87909E-02   7.73134E+00
    6.81410E+01   3.38249E-01   7.19800E-02   2.85523E-02   7.66597E+00
    6.71897E+01   3.28070E-01   7.09800E-02   2.83165E-02   7.60077E+00
    6.62386E+01   3.18100E-01   6.99800E-02   2.80838E-02   7.53573E+00
    6.52876E+01   3.08342E-01   6.89800E-02   2.78545E-02   7.47086E+00
    6.43367E+01   2.98796E-01   6.79800E-02   2.76290E-02   7.40613E+00
    6.33860E+01   2.89462E-01   6.69800E-02   2.74075E-02   7.34154E+00
    6.24354E+01   2.80339E-01   6.59800E-02   2.71903E-02   7.27708E+00
    6.14849E+01   2.71426E-01   6.49800E-02   2.69775E-02   7.21274E+00
    6.05346E+01   2.62719E-01   6.39800E-02   2.67694E-02   7.14851E+00
    5.95844E+01   2.54217E-01   6.29800E-02   2.65662E-02   7.08438E+00
    5.86343E+01   2.45918E-01   6.19800E-02   2.63680E-02   7.02033E+00
    5.76844E+01   2.37818E-01   6.09800E-02   2.61752E-02   6.95634E+00
    5.67346E+01   2.29914E-01   5.99800E-02   2.59877E-02   6.89241E+00
    5.57850E+01   2.22204E-01   5.89800E-02   2.58060E-02   6.82852E+00
    5.48354E+01   2.14685E-01   5.79800E-02   2.56301E-02   6.76465E+00
    5.38860E+01   2.07354E-01   5.69800E-02   2.54601E-02   6.70079E+00
    5.29368E+01   2.00207E-01   5.59800E-02   2.52964E-02   6.63691E+00
    5.19876E+01   1.93242E-01   5.49800E-02   2.51390E-02   6.57301E+00
    5.10386E+01   1.86456E-01   5.39800E-02   2.49882E-02   6.50905E+00
    5.00897E+01   1.79844E-01   5.29800E-02   2.48441E-02   6.44502E+00
    4.91409E+01   1.73404E-01   5.19800E-02   2.47069E-02   6.38090E+00
    4.81922E+01   1.67133E-01   5.09800E-02   2.45769E-02   6.31666E+00
    4.72437E+01   1.61027E-01   4.99800E-02   2.44542E-02   6.25227E+00
    4.62953E+01   1.55084E-01   4.89800E-02   2.43390E-02   6.18772E+00
    4.53470E+01   1.49300E-01   4.79800E-02   2.42315E-02   6.12298E+00
    4.43988E+01   1.43671E-01   4.69800E-02   2.41321E-02   6.05801E+00
    4.34508E+01   1.38194E-01   4.59800E-02   2.40409E-02   5.99278E+00
    4.25028E+01   1.32867E-01   4.49800E-02   2.39582E-02   5.92726E+00
    4.15550E+01   1.27685E-01   4.39800E-02   2.38843E-02   5.86142E+00
    4.06073E+01   1.22647E-01   4.29800E-02   2.38195E-02   5.79522E+00
    3.96597E+01   1.17747E-01   4.19800E-02   2.37640E-02   5.72862E+00
    3.87122E+01   1.12984E-01   4.09800E-02   2.37183E-02   5.66158E+00
    3.77649E+01   1.08353E-01   3.99800E-02   2.36826E-02   5.59405E+00
    3.68176E+01   1.03852E-01   3.89800E-02   2.36575E-02   5.52599E+00
    3.58705E+01   9.94770E-02   3.79800E-02   2.36432E-02   5.45734E+00
    3.49235E+01   9.52251E-02   3.69800E-02   2.36402E-02   5.38804E+00
    3.39766E+01   9.10930E-02   3.59800E-02   2.36490E-02   5.31805E+00
    3.30298E+01   8.70773E-02   3.49800E-02   2.36703E-02   5.24729E+00
    3.20831E+01   8.31748E-02   3.39800E-02   2.37044E-02   5.17570E+00
    3.11365E+01   7.93822E-02   3.29800E-02   2.37521E-02   5.10319E+00
    3.01901E+01   7.56963E-02   3.19800E-02   2.38141E-02   5.02970E+00
    2.92437E+01   7.21137E-02   3.09800E-02   2.38911E-02   4.95513E+00
    2.82975E+01   6.86312E-02   2.99800E-02   2.39840E-02   4.87940E+00
    2.73514E+01   6.52456E-02   2.89800E-02   2.40938E-02   4.80238E+00
    2.64054E+01   6.19536E-02   2.79800E-02   2.42215E-02   4.72398E+00
    2.54595E+01   5.87522E-02   2.69800E-02   2.43684E-02   4.64407E+00
    2.45138E+01   5.56381E-02   2.59800E-02   2.45357E-02   4.56251E+00
    2.35681E+01   5.26083E-02   2.49800E-02   2.47251E-02   4.47915E+00
    2.26226E+01   4.96597E-02   2.39800E-02   2.49383E-02   4.39383E+00
    2.16772E+01   4.67894E-02   2.29800E-02   2.51773E-02   4.30637E+00
    2.07319E+01   4.39944E-02   2.19800E-02   2.54445E-02   4.21656E+00
    1.97867E+01   4.12720E-02   2.09800E-02   2.57426E-02   4.12416E+00
    1.88417E+01   3.86196E-02   1.99800E-02   2.60749E-02   4.02893E+00
    1.78968E+01   3.60346E-02   1.89800E-02   2.64453E-02   3.93057E+00
    1.69521E+01   3.35147E-02   1.79800E-02   2.68584E-02   3.82876E+00
    1.60074E+01   3.10579E-02   1.69800E-02   2.73199E-02   3.72310E+00
    1.50630E+01   2.86623E-02   1.59800E-02   2.78365E-02   3.61316E+00
    1.41186E+01   2.63264E-02   1.49800E-02   2.84170E-02   3.49843E+00
    1.31744E+01   2.40490E-02   1.39800E-02   2.90722E-02   3.37830E+00
    1.22304E+01   2.18294E-02   1.29800E-02   2.98160E-02   3.25207E+00
    1.12866E+01   1.96674E-02   1.19800E-02   3.06669E-02   3.11885E+00
    1.03429E+01   1.75635E-02   1.09800E-02   3.16493E-02   2.97760E+00
    9.39943E+00   1.55191E-02   9.98000E-03   3.27969E-02   2.82700E+00
    8.45616E+00   1.35365E-02   8.98000E-03   3.41575E-02   2.66534E+00
    7.51309E+00   1.16194E-02   7.98000E-03   3.58013E-02   2.49042E+00
    6.57027E+00   9.77341E-03   6.98000E-03   3.78364E-02   2.29924E+00
    5.62770E+00   8.00631E-03   5.98000E-03   4.04383E-02   2.08752E+00
    4.68543E+00   6.32934E-03   4.98000E-03   4.39154E-02   1.84881E+00
    3.74348E+00   4.75868E-03   3.98000E-03   4.88665E-02   1.57255E+00
    2.80191E+00   3.31828E-03   2.98000E-03   5.66413E-02   1.23890E+00
    1.86081E+00   2.04565E-03   1.98000E-03   7.11238E-02   8.01673E-01
    9.20307E-01   1.00576E-03   9.80000E-04   1.10643E-01   8.87586E-02
    8.26300E-01   9.18627E-04   8.80000E-04   1.18987E-01  -2.25970E-02
    7.32303E-01   8.35157E-04   7.80000E-04   1.29270E-01  -1.50059E-01
    6.38316E-01   7.55498E-04   6.80000E-04   1.42289E-01  -2.99604E-01
    5.44341E-01   6.79755E-04   5.80000E-04   1.59352E-01  -4.80966E-01
    4.50379E-01   6.07884E-04   4.80000E-04   1.82764E-01  -7.11298E-01
    3.56431E-01   5.39326E-04   3.80000E-04   2.16966E-01  -1.02419E+00
    3.47037E-01   5.32587E-04   3.70000E-04   2.21273E-01  -1.06231E+00
    3.37643E-01   5.25854E-04   3.60000E-04   2.25786E-01  -1.10204E+00
    3.28250E-01   5.19122E-04   3.50000E-04   2.30520E-01  -1.14350E+00
    3.18856E-01   5.12381E-04   3.40000E-04   2.35490E-01  -1.18684E+00
    3.09463E-01   5.05623E-04   3.30000E-04   2.40713E-01  -1.23220E+00
    3.00070E-01   4.98835E-04   3.20000E-04   2.46206E-01  -1.27976E+00
    2.90678E-01   4.92002E-04   3.10000E-04   2.51987E-01  -1.32970E+00
    2.81285E-01   4.85103E-04   3.00000E-04   2.58074E-01  -1.38223E+00
    2.71893E-01   4.78110E-04   2.90000E-04   2.64486E-01  -1.43758E+00
    2.62501E-01   4.70984E-04   2.80000E-04   2.71235E-01  -1.49602E+00
    2.53109E-01   4.63670E-04   2.70000E-04   2.78331E-01  -1.55783E+00
    2.43718E-01   4.56077E-04   2.60000E-04   2.85764E-01  -1.62334E+00
    2.34327E-01   4.48051E-04   2.50000E-04   2.93494E-01  -1.69288E+00
    2.24936E-01   4.39273E-04   2.40000E-04   3.01380E-01  -1.76683E+00
    2.15546E-01   4.28716E-04   2.30000E-04   3.08874E-01  -1.84549E+00
    2.06156E-01   4.09071E-04   2.20000E-04   3.11750E-01  -1.92839E+00
    1.96767E-01   3.87517E-04   2.10000E-04   3.13596E-01  -2.01456E+00
    1.87379E-01   3.66082E-04   2.00000E-04   3.15512E-01  -2.10423E+00
    1.77992E-01   3.44775E-04   1.90000E-04   3.17505E-01  -2.19772E+00
    1.68607E-01   3.23607E-04   1.80000E-04   3.19581E-01  -2.29537E+00
    1.59222E-01   3.02587E-04   1.70000E-04   3.21748E-01  -2.39762E+00
    1.49839E-01   2.81729E-04   1.60000E-04   3.24016E-01  -2.50495E+00
    1.40457E-01   2.61046E-04   1.50000E-04   3.26394E-01  -2.61793E+00
    1.31077E-01   2.40554E-04   1.40000E-04   3.28897E-01  -2.73724E+00
    1.21698E-01   2.20272E-04   1.30000E-04   3.31538E-01  -2.86369E+00
    1.12320E-01   2.00219E-04   1.20000E-04   3.34337E-01  -2.99828E+00
    1.02944E-01   1.80422E-04   1.10000E-04   3.37315E-01  -3.14223E+00
    9.35703E-02   1.60908E-04   1.00000E-04   3.40500E-01  -3.29707E+00
    8.41982E-02   1.41714E-04   9.00000E-05   3.43930E-01  -3.46479E+00
    7.48282E-02   1.22881E-04   8.00000E-05   3.47650E-01  -3.64798E+00
    6.54605E-02   1.04462E-04   7.00000E-05   3.51723E-01  -3.85017E+00
    5.60954E-02   8.65241E-05   6.00000E-05   3.56239E-01  -4.07633E+00
    4.67333E-02   6.91572E-05   5.00000E-05   3.61329E-01  -4.33387E+00
    3.73746E-02   5.24834E-05   4.00000E-05   3.67200E-01  -4.63456E+00
    2.80200E-02   3.66824E-05   3.00000E-05   3.74214E-01  -4.99910E+00
    1.86706E-02   2.20455E-05   2.00000E-05   3.83113E-01  -5.47022E+00
    9.32832E-03   9.13991E-06   1.00000E-05   3.95957E-01  -6.16764E+00
    8.39464E-03   7.98732E-06   9.00000E-06   3.97676E-01  -6.26254E+00
    7.46108E-03   6.86815E-06   8.00000E-06   3.99531E-01  -6.36536E+00
    6.52766E-03   5.78585E-06   7.00000E-06   4.01551E-01  -6.47785E+00
    5.59439E-03   4.74472E-06   6.00000E-06   4.03779E-01  -6.60249E+00
    4.66129E-03   3.75029E-06   5.00000E-06   4.06277E-01  -6.74293E+00
    3.72838E-03   2.81000E-06   4.00000E-06   4.09141E-01  -6.90495E+00
    2.79570E-03   1.93449E-06   3.00000E-06   4.12544E-01  -7.09866E+00
    1.86331E-03   1.14052E-06   2.00000E-06   4.16834E-01  -7.34473E+00
    9.31300E-04   4.59680E-07   1.00000E-06   4.22978E-01  -7.70051E+00
    8.38127E-04   4.00143E-07   9.00000E-07   4.23796E-01  -7.74814E+00
    7.44960E-04   3.42604E-07   8.00000E-07   4.24678E-01  -7.79954E+00
    6.51801E-04   2.87247E-07   7.00000E-07   4.25637E-01  -7.85552E+00
    5.58650E-04   2.34296E-07   6.00000E-07   4.26693E-01  -7.91724E+00
    4.65507E-04   1.84042E-07   5.00000E-07   4.27874E-01  -7.98637E+00
    3.72374E-04   1.36869E-07   4.00000E-07   4.29226E-01  -8.06559E+00
    2.79252E-04   9.33298E-08   3.00000E-07   4.30827E-01  -8.15949E+00
    1.86145E-04   5.42843E-08   2.00000E-07   4.32836E-01  -8.27743E+00
    9.30555E-05   2.13465E-08   1.00000E-07   4.35690E-01  -8.44481E+00
    8.37480E-05   1.85069E-08   9.00000E-08   4.36068E-01  -8.46689E+00
    7.44408E-05   1.57724E-08   8.00000E-08   4.36474E-01  -8.49060E+00
    6.51339E-05   1.31524E-08   7.00000E-08   4.36914E-01  -8.51631E+00
    5.58273E-05   1.06583E-08   6.00000E-08   4.37397E-01  -8.54448E+00
    4.65212E-05   8.30471E-09   5.00000E-08   4.37936E-01  -8.57580E+00
    3.72155E-05   6.11134E-09   4.00000E-08   4.38549E-01  -8.61136E+00
    2.79104E-05   4.10615E-09   3.00000E-08   4.39270E-01  -8.65299E+00
    1.86059E-05   2.33299E-09   2.00000E-08   4.40164E-01  -8.70431E+00
    9.30225E-06   8.74036E-10   1.00000E-08   4.41407E-01  -8.77466E+00
    8.37195E-06   7.51436E-10   9.00000E-09   4.41568E-01  -8.78366E+00
    7.44165E-06   6.34217E-10   8.00000E-09   4.41740E-01  -8.79325E+00
    6.51138E-06   5.22841E-10   7.00000E-09   4.41925E-01  -8.80353E+00
    5.58111E-06   4.17884E-10   6.00000E-09   4.42127E-01  -8.81465E+00
    4.65087E-06   3.20073E-10   5.00000E-09   4.42348E-01  -8.82683E+00
    3.72064E-06   2.30378E-10   4.00000E-09   4.42597E-01  -8.84039E+00
    2.79043E-06   1.50152E-10   3.00000E-09   4.42883E-01  -8.85585E+00
    1.86025E-06   8.14666E-11   2.00000E-09   4.43228E-01  -8.87421E+00
    9.30102E-07   2.80136E-11   1.00000E-09   4.43680E-01  -8.89781E+00
    8.37089E-07   2.37601E-11   9.00000E-10   4.43736E-01  -8.90068E+00
    7.44077E-07   1.97504E-11   8.00000E-10   4.43795E-01  -8.90368E+00
    6.51065E-07   1.60018E-11   7.00000E-10   4.43857E-01  -8.90686E+00
    5.58054E-07   1.25351E-11   6.00000E-10   4.43924E-01  -8.91023E+00
    4.65043E-07   9.37566E-12   5.00000E-10   4.43996E-01  -8.91384E+00
    3.72033E-07   6.55588E-12   4.00000E-10   4.44074E-01  -8.91776E+00
    2.79023E-07   4.11868E-12   3.00000E-10   4.44162E-01  -8.92208E+00
    1.86015E-07   2.12527E-12   2.00000E-10   4.44262E-01  -8.92699E+00
    9.30067E-08   6.74832E-13   1.00000E-10   4.44386E-01  -8.93292E+00
    8.37060E-08   5.65904E-13   9.00000E-11   4.44401E-01  -8.93361E+00
    7.44053E-08   4.64578E-13   8.00000E-11   4.44416E-01  -8.93432E+00
    6.51045E-08   3.71231E-13   7.00000E-11   4.44431E-01  -8.93506E+00
    5.58038E-08   2.86305E-13   6.00000E-11   4.44448E-01  -8.93584E+00
    4.65032E-08   2.10331E-13   5.00000E-11   4.44466E-01  -8.93665E+00
    3.72025E-08   1.43966E-13   4.00000E-11   4.44485E-01  -8.93753E+00
    2.79018E-08   8.80646E-14   3.00000E-11   4.44505E-01  -8.93846E+00
    1.86012E-08   4.38090E-14   2.00000E-11   4.44528E-01  -8.93950E+00
    9.30059E-09   1.30617E-14   1.00000E-11   4.44555E-01  -8.94068E+00
    8.37053E-09   1.08446E-14   9.00000E-12   4.44558E-01  -8.94081E+00
    7.44047E-09   8.80205E-15   8.00000E-12   4.44562E-01  -8.94095E+00
    6.51041E-09   6.94085E-15   7.00000E-12   4.44565E-01  -8.94109E+00
    5.58035E-09   5.26878E-15   6.00000E-12   4.44568E-01  -8.94123E+00
    4.65029E-09   3.79520E-15   5.00000E-12   4.44572E-01  -8.94138E+00
    3.72023E-09   2.53158E-15   4.00000E-12   4.44576E-01  -8.94154E+00
    2.79017E-09   1.49267E-15   3.00000E-12   4.44580E-01  -8.94170E+00
    1.86012E-09   6.98584E-16   2.00000E-12   4.44584E-01  -8.94187E+00
    9.30058E-10   1.80177E-16   1.00000E-12   4.44590E-01  -8.94205E+00
    8.37052E-10   1.45334E-16   9.00000E-13   4.44590E-01  -8.94206E+00
    7.44046E-10   1.13868E-16   8.00000E-13   4.44591E-01  -8.94208E+00
    6.51041E-10   8.58793E-17   7.00000E-13   4.44591E-01  -8.94210E+00
    5.58035E-10   6.14803E-17   6.00000E-13   4.44592E-01  -8.94212E+00
    4.65029E-10   4.08026E-17   5.00000E-13   4.44592E-01  -8.94213E+00
    3.72023E-10   2.40018E-17   4.00000E-13   4.44593E-01  -8.94215E+00
    2.79017E-10   1.12672E-17   3.00000E-13   4.44594E-01  -8.94216E+00
    1.86012E-10   2.83628E-18   2.00000E-13   4.44594E-01  -8.94218E+00
