    4.20610E+03   4.27757E+03   1.99098E+00   3.62912E-01   1.17358E+03
    4.16365E+03   4.21706E+03   1.98098E+00   3.61789E-01   1.16281E+03
    4.12149E+03   4.15714E+03   1.97098E+00   3.60655E-01   1.15209E+03
    4.07964E+03   4.09779E+03   1.96098E+00   3.59508E-01   1.14141E+03
    4.03809E+03   4.03901E+03   1.95098E+00   3.58348E-01   1.13078E+03
    3.99684E+03   3.98081E+03   1.94098E+00   3.57176E-01   1.12019E+03
    3.95589E+03   3.92317E+03   1.93098E+00   3.55991E-01   1.10964E+03
    3.91523E+03   3.86610E+03   1.92098E+00   3.54793E-01   1.09914E+03
    3.87487E+03   3.80959E+03   1.91098E+00   3.53582E-01   1.08869E+03
    3.83481E+03   3.75364E+03   1.90098E+00   3.52358E-01   1.07828E+03
    3.79503E+03   3.69825E+03   1.89098E+00   3.51121E-01   1.06791E+03
    3.75555E+03   3.64340E+03   1.88098E+00   3.49871E-01   1.05759E+03
    3.71636E+03   3.58911E+03   1.87098E+00   3.48607E-01   1.04732E+03
    3.67746E+03   3.53537E+03   1.86098E+00   3.47329E-01   1.03709E+03
    3.63885E+03   3.48217E+03   1.85098E+00   3.46037E-01   1.02690E+03
    3.60052E+03   3.42950E+03   1.84098E+00   3.44731E-01   1.01676E+03
    3.56247E+03   3.37738E+03   1.83098E+00   3.43411E-01   1.00666E+03
    3.52471E+03   3.32579E+03   1.82098E+00   3.42077E-01   9.96613E+02
    3.48723E+03   3.27473E+03   1.81098E+00   3.40729E-01   9.86605E+02
    3.45003E+03   3.22420E+03   1.80098E+00   3.39366E-01   9.76643E+02
    3.41311E+03   3.17420E+03   1.79098E+00   3.37988E-01   9.66724E+02
    3.37647E+03   3.12472E+03   1.78098E+00   3.36596E-01   9.56851E+02
    3.34011E+03   3.07575E+03   1.77098E+00   3.35189E-01   9.47022E+02
    3.30402E+03   3.02730E+03   1.76098E+00   3.33766E-01   9.37237E+02
    3.26820E+03   2.97937E+03   1.75098E+00   3.32329E-01   9.27497E+02
    3.23266E+03   2.93194E+03   1.74098E+00   3.30876E-01   9.17802E+02
    3.19738E+03   2.88502E+03   1.73098E+00   3.29408E-01   9.08151E+02
    3.16238E+03   2.83861E+03   1.72098E+00   3.27924E-01   8.98545E+02
    3.12764E+03   2.79269E+03   1.71098E+00   3.26424E-01   8.88983E+02
    3.09317E+03   2.74727E+03   1.70098E+00   3.24909E-01   8.79465E+02
    3.05897E+03   2.70235E+03   1.69098E+00   3.23377E-01   8.69993E+02
    3.02503E+03   2.65792E+03   1.68098E+00   3.21830E-01   8.60564E+02
    2.99135E+03   2.61397E+03   1.67098E+00   3.20266E-01   8.51180E+02
    2.95794E+03   2.57051E+03   1.66098E+00   3.18687E-01   8.41840E+02
    2.92479E+03   2.52754E+03   1.65098E+00   3.17090E-01   8.32545E+02
    2.89189E+03   2.48504E+03   1.64098E+00   3.15478E-01   8.23295E+02
    2.85925E+03   2.44302E+03   1.63098E+00   3.13848E-01   8.14089E+02
    2.82687E+03   2.40147E+03   1.62098E+00   3.12203E-01   8.04927E+02
    2.79474E+03   2.36039E+03   1.61098E+00   3.10540E-01   7.95810E+02
    2.76287E+03   2.31977E+03   1.60098E+00   3.08860E-01   7.86737E+02
    2.73125E+03   2.27962E+03   1.59098E+00   3.07164E-01   7.77709E+02
    2.69988E+03   2.23993E+03   1.58098E+00   3.05450E-01   7.68725E+02
    2.66876E+03   2.20070E+03   1.57098E+00   3.03720E-01   7.59786E+02
    2.63789E+03   2.16192E+03   1.56098E+00   3.01972E-01   7.50891E+02
    2.60726E+03   2.12360E+03   1.55098E+00   3.00207E-01   7.42041E+02
    2.57688E+03   2.08572E+03   1.54098E+00   2.98425E-01   7.33235E+02
    2.54675E+03   2.04828E+03   1.53098E+00   2.96625E-01   7.24474E+02
    2.51685E+03   2.01129E+03   1.52098E+00   2.94808E-01   7.15757E+02
    2.48720E+03   1.97474E+03   1.51098E+00   2.92974E-01   7.07085E+02
    2.45779E+03   1.93863E+03   1.50098E+00   2.91122E-01   6.98458E+02
    2.42862E+03   1.90294E+03   1.49098E+00   2.89253E-01   6.89876E+02
    2.39969E+03   1.86769E+03   1.48098E+00   2.87367E-01   6.81338E+02
    2.37099E+03   1.83287E+03   1.47098E+00   2.85463E-01   6.72845E+02
    2.34253E+03   1.79847E+03   1.46098E+00   2.83542E-01   6.64397E+02
    2.31430E+03   1.76449E+03   1.45098E+00   2.81603E-01   6.55993E+02
    2.28631E+03   1.73092E+03   1.44098E+00   2.79647E-01   6.47635E+02
    2.25855E+03   1.69778E+03   1.43098E+00   2.77674E-01   6.39321E+02
    2.23101E+03   1.66504E+03   1.42098E+00   2.75683E-01   6.31052E+02
    2.20371E+03   1.63272E+03   1.41098E+00   2.73675E-01   6.22829E+02
    2.17663E+03   1.60080E+03   1.40098E+00   2.71651E-01   6.14650E+02
    2.14978E+03   1.56928E+03   1.39098E+00   2.69609E-01   6.06517E+02
    2.12316E+03   1.53817E+03   1.38098E+00   2.67550E-01   5.98429E+02
    2.09676E+03   1.50745E+03   1.37098E+00   2.65475E-01   5.90386E+02
    2.07058E+03   1.47713E+03   1.36098E+00   2.63383E-01   5.82389E+02
    2.04462E+03   1.44720E+03   1.35098E+00   2.61275E-01   5.74437E+02
    2.01889E+03   1.41766E+03   1.34098E+00   2.59150E-01   5.66530E+02
    1.99337E+03   1.38850E+03   1.33098E+00   2.57009E-01   5.58669E+02
    1.96807E+03   1.35973E+03   1.32098E+00   2.54852E-01   5.50854E+02
    1.94298E+03   1.33134E+03   1.31098E+00   2.52680E-01   5.43085E+02
    1.91812E+03   1.30332E+03   1.30098E+00   2.50492E-01   5.35362E+02
    1.89346E+03   1.27568E+03   1.29098E+00   2.48289E-01   5.27684E+02
    1.86902E+03   1.24842E+03   1.28098E+00   2.46071E-01   5.20053E+02
    1.84479E+03   1.22152E+03   1.27098E+00   2.43839E-01   5.12468E+02
    1.82077E+03   1.19499E+03   1.26098E+00   2.41592E-01   5.04930E+02
    1.79695E+03   1.16882E+03   1.25098E+00   2.39331E-01   4.97438E+02
    1.77335E+03   1.14301E+03   1.24098E+00   2.37057E-01   4.89992E+02
    1.74995E+03   1.11757E+03   1.23098E+00   2.34769E-01   4.82594E+02
    1.72676E+03   1.09248E+03   1.22098E+00   2.32469E-01   4.75242E+02
    1.70377E+03   1.06774E+03   1.21098E+00   2.30156E-01   4.67937E+02
    1.68099E+03   1.04335E+03   1.20098E+00   2.27832E-01   4.60680E+02
    1.65840E+03   1.01932E+03   1.19098E+00   2.25495E-01   4.53470E+02
    1.63602E+03   9.95623E+02   1.18098E+00   2.23148E-01   4.46308E+02
    1.61384E+03   9.72274E+02   1.17098E+00   2.20790E-01   4.39193E+02
    1.59185E+03   9.49266E+02   1.16098E+00   2.18423E-01   4.32126E+02
    1.57006E+03   9.26597E+02   1.15098E+00   2.16046E-01   4.25108E+02
    1.54847E+03   9.04264E+02   1.14098E+00   2.13660E-01   4.18138E+02
    1.52707E+03   8.82264E+02   1.13098E+00   2.11266E-01   4.11216E+02
    1.50586E+03   8.60596E+02   1.12098E+00   2.08864E-01   4.04343E+02
    1.48485E+03   8.39256E+02   1.11098E+00   2.06456E-01   3.97519E+02
    1.46402E+03   8.18244E+02   1.10098E+00   2.04041E-01   3.90744E+02
    1.44339E+03   7.97556E+02   1.09098E+00   2.01621E-01   3.84018E+02
    1.42294E+03   7.77190E+02   1.08098E+00   1.99196E-01   3.77342E+02
    1.40268E+03   7.57144E+02   1.07098E+00   1.96767E-01   3.70716E+02
    1.38261E+03   7.37417E+02   1.06098E+00   1.94334E-01   3.64140E+02
    1.36272E+03   7.18005E+02   1.05098E+00   1.91900E-01   3.57614E+02
    1.34301E+03   6.98906E+02   1.04098E+00   1.89463E-01   3.51139E+02
    1.32348E+03   6.80120E+02   1.03098E+00   1.87026E-01   3.44715E+02
    1.30414E+03   6.61643E+02   1.02098E+00   1.84588E-01   3.38342E+02
    1.28498E+03   6.43474E+02   1.01098E+00   1.82152E-01   3.32021E+02
    1.26599E+03   6.25609E+02   1.00098E+00   1.79719E-01   3.25751E+02
    1.25656E+03   6.16791E+02   9.95980E-01   1.78503E-01   3.22635E+02
    1.24718E+03   6.08049E+02   9.90980E-01   1.77287E-01   3.19533E+02
    1.23784E+03   5.99382E+02   9.85980E-01   1.76072E-01   3.16444E+02
    1.22855E+03   5.90791E+02   9.80980E-01   1.74859E-01   3.13368E+02
    1.21930E+03   5.82274E+02   9.75980E-01   1.73646E-01   3.10305E+02
    1.21009E+03   5.73832E+02   9.70980E-01   1.72435E-01   3.07255E+02
    1.20092E+03   5.65465E+02   9.65980E-01   1.71225E-01   3.04218E+02
    1.19180E+03   5.57172E+02   9.60980E-01   1.70017E-01   3.01195E+02
    1.18272E+03   5.48953E+02   9.55980E-01   1.68810E-01   2.98185E+02
    1.17369E+03   5.40807E+02   9.50980E-01   1.67605E-01   2.95188E+02
    1.16470E+03   5.32736E+02   9.45980E-01   1.66402E-01   2.92205E+02
    1.15574E+03   5.24737E+02   9.40980E-01   1.65201E-01   2.89235E+02
    1.14684E+03   5.16812E+02   9.35980E-01   1.64002E-01   2.86279E+02
    1.13797E+03   5.08960E+02   9.30980E-01   1.62805E-01   2.83336E+02
    1.12915E+03   5.01180E+02   9.25980E-01   1.61610E-01   2.80406E+02
    1.12036E+03   4.93473E+02   9.20980E-01   1.60418E-01   2.77491E+02
    1.11162E+03   4.85838E+02   9.15980E-01   1.59229E-01   2.74588E+02
    1.10292E+03   4.78275E+02   9.10980E-01   1.58042E-01   2.71700E+02
    1.09427E+03   4.70784E+02   9.05980E-01   1.56859E-01   2.68825E+02
    1.08565E+03   4.63365E+02   9.00980E-01   1.55678E-01   2.65964E+02
    1.07707E+03   4.56017E+02   8.95980E-01   1.54500E-01   2.63117E+02
    1.06854E+03   4.48740E+02   8.90980E-01   1.53326E-01   2.60284E+02
    1.06004E+03   4.41533E+02   8.85980E-01   1.52155E-01   2.57465E+02
    1.05159E+03   4.34398E+02   8.80980E-01   1.50987E-01   2.54659E+02
    1.04318E+03   4.27333E+02   8.75980E-01   1.49823E-01   2.51868E+02
    1.03480E+03   4.20339E+02   8.70980E-01   1.48663E-01   2.49090E+02
    1.02647E+03   4.13414E+02   8.65980E-01   1.47506E-01   2.46327E+02
    1.01818E+03   4.06560E+02   8.60980E-01   1.46354E-01   2.43577E+02
    1.00992E+03   3.99775E+02   8.55980E-01   1.45205E-01   2.40842E+02
    1.00171E+03   3.93059E+02   8.50980E-01   1.44061E-01   2.38121E+02
    9.93531E+02   3.86413E+02   8.45980E-01   1.42922E-01   2.35414E+02
    9.85395E+02   3.79835E+02   8.40980E-01   1.41786E-01   2.32722E+02
    9.77297E+02   3.73327E+02   8.35980E-01   1.40656E-01   2.30044E+02
    9.69238E+02   3.66887E+02   8.30980E-01   1.39530E-01   2.27380E+02
    9.61218E+02   3.60515E+02   8.25980E-01   1.38408E-01   2.24731E+02
    9.53236E+02   3.54211E+02   8.20980E-01   1.37292E-01   2.22096E+02
    9.45293E+02   3.47976E+02   8.15980E-01   1.36181E-01   2.19475E+02
    9.37387E+02   3.41808E+02   8.10980E-01   1.35075E-01   2.16870E+02
    9.29519E+02   3.35707E+02   8.05980E-01   1.33974E-01   2.14278E+02
    9.21689E+02   3.29674E+02   8.00980E-01   1.32879E-01   2.11702E+02
    9.13896E+02   3.23708E+02   7.95980E-01   1.31789E-01   2.09140E+02
    9.06141E+02   3.17809E+02   7.90980E-01   1.30705E-01   2.06593E+02
    8.98422E+02   3.11976E+02   7.85980E-01   1.29627E-01   2.04060E+02
    8.90741E+02   3.06210E+02   7.80980E-01   1.28554E-01   2.01542E+02
    8.83096E+02   3.00509E+02   7.75980E-01   1.27487E-01   1.99040E+02
    8.75488E+02   2.94875E+02   7.70980E-01   1.26427E-01   1.96552E+02
    8.67916E+02   2.89306E+02   7.65980E-01   1.25372E-01   1.94079E+02
    8.60380E+02   2.83803E+02   7.60980E-01   1.24324E-01   1.91621E+02
    8.52880E+02   2.78365E+02   7.55980E-01   1.23282E-01   1.89178E+02
    8.45416E+02   2.72992E+02   7.50980E-01   1.22247E-01   1.86750E+02
    8.37987E+02   2.67684E+02   7.45980E-01   1.21218E-01   1.84338E+02
    8.30594E+02   2.62440E+02   7.40980E-01   1.20196E-01   1.81940E+02
    8.23236E+02   2.57261E+02   7.35980E-01   1.19180E-01   1.79558E+02
    8.15913E+02   2.52145E+02   7.30980E-01   1.18172E-01   1.77191E+02
    8.08625E+02   2.47094E+02   7.25980E-01   1.17170E-01   1.74839E+02
    8.01371E+02   2.42106E+02   7.20980E-01   1.16175E-01   1.72502E+02
    7.94152E+02   2.37181E+02   7.15980E-01   1.15187E-01   1.70181E+02
    7.86966E+02   2.32319E+02   7.10980E-01   1.14207E-01   1.67876E+02
    7.79815E+02   2.27520E+02   7.05980E-01   1.13233E-01   1.65585E+02
    7.72698E+02   2.22783E+02   7.00980E-01   1.12267E-01   1.63311E+02
    7.65614E+02   2.18109E+02   6.95980E-01   1.11309E-01   1.61051E+02
    7.58563E+02   2.13497E+02   6.90980E-01   1.10357E-01   1.58808E+02
    7.51546E+02   2.08946E+02   6.85980E-01   1.09414E-01   1.56580E+02
    7.44561E+02   2.04457E+02   6.80980E-01   1.08477E-01   1.54368E+02
    7.37610E+02   2.00029E+02   6.75980E-01   1.07549E-01   1.52171E+02
    7.30691E+02   1.95662E+02   6.70980E-01   1.06628E-01   1.49990E+02
    7.23804E+02   1.91356E+02   6.65980E-01   1.05715E-01   1.47825E+02
    7.16949E+02   1.87110E+02   6.60980E-01   1.04809E-01   1.45676E+02
    7.10126E+02   1.82924E+02   6.55980E-01   1.03912E-01   1.43542E+02
    7.03335E+02   1.78798E+02   6.50980E-01   1.03022E-01   1.41425E+02
    6.96575E+02   1.74731E+02   6.45980E-01   1.02140E-01   1.39323E+02
    6.89847E+02   1.70723E+02   6.40980E-01   1.01266E-01   1.37238E+02
    6.83149E+02   1.66774E+02   6.35980E-01   1.00400E-01   1.35168E+02
    6.76483E+02   1.62884E+02   6.30980E-01   9.95425E-02   1.33114E+02
    6.69847E+02   1.59052E+02   6.25980E-01   9.86927E-02   1.31077E+02
    6.63241E+02   1.55278E+02   6.20980E-01   9.78510E-02   1.29055E+02
    6.56665E+02   1.51562E+02   6.15980E-01   9.70174E-02   1.27050E+02
    6.50120E+02   1.47903E+02   6.10980E-01   9.61919E-02   1.25061E+02
    6.43604E+02   1.44301E+02   6.05980E-01   9.53745E-02   1.23088E+02
    6.37118E+02   1.40755E+02   6.00980E-01   9.45653E-02   1.21131E+02
    6.30661E+02   1.37266E+02   5.95980E-01   9.37643E-02   1.19191E+02
    6.24232E+02   1.33833E+02   5.90980E-01   9.29714E-02   1.17267E+02
    6.17833E+02   1.30455E+02   5.85980E-01   9.21867E-02   1.15359E+02
    6.11463E+02   1.27133E+02   5.80980E-01   9.14102E-02   1.13467E+02
    6.05120E+02   1.23866E+02   5.75980E-01   9.06418E-02   1.11592E+02
    5.98806E+02   1.20653E+02   5.70980E-01   8.98815E-02   1.09734E+02
    5.92520E+02   1.17495E+02   5.65980E-01   8.91295E-02   1.07892E+02
    5.86261E+02   1.14391E+02   5.60980E-01   8.83855E-02   1.06066E+02
    5.80030E+02   1.11340E+02   5.55980E-01   8.76496E-02   1.04257E+02
    5.73826E+02   1.08342E+02   5.50980E-01   8.69219E-02   1.02464E+02
    5.67649E+02   1.05397E+02   5.45980E-01   8.62022E-02   1.00688E+02
    5.61498E+02   1.02504E+02   5.40980E-01   8.54905E-02   9.89283E+01
    5.55375E+02   9.96636E+01   5.35980E-01   8.47869E-02   9.71854E+01
    5.49277E+02   9.68747E+01   5.30980E-01   8.40912E-02   9.54590E+01
    5.43206E+02   9.41370E+01   5.25980E-01   8.34034E-02   9.37494E+01
    5.37160E+02   9.14503E+01   5.20980E-01   8.27235E-02   9.20563E+01
    5.31140E+02   8.88140E+01   5.15980E-01   8.20514E-02   9.03800E+01
    5.25145E+02   8.62277E+01   5.10980E-01   8.13871E-02   8.87204E+01
    5.19175E+02   8.36912E+01   5.05980E-01   8.07305E-02   8.70776E+01
    5.13230E+02   8.12039E+01   5.00980E-01   8.00816E-02   8.54515E+01
    5.07309E+02   7.87655E+01   4.95980E-01   7.94403E-02   8.38421E+01
    5.01413E+02   7.63756E+01   4.90980E-01   7.88065E-02   8.22496E+01
    4.95541E+02   7.40336E+01   4.85980E-01   7.81801E-02   8.06738E+01
    4.89693E+02   7.17393E+01   4.80980E-01   7.75612E-02   7.91149E+01
    4.83868E+02   6.94922E+01   4.75980E-01   7.69495E-02   7.75728E+01
    4.78067E+02   6.72919E+01   4.70980E-01   7.63451E-02   7.60476E+01
    4.72289E+02   6.51378E+01   4.65980E-01   7.57478E-02   7.45392E+01
    4.66534E+02   6.30297E+01   4.60980E-01   7.51575E-02   7.30477E+01
    4.60801E+02   6.09670E+01   4.55980E-01   7.45741E-02   7.15732E+01
    4.55091E+02   5.89494E+01   4.50980E-01   7.39976E-02   7.01155E+01
    4.49403E+02   5.69763E+01   4.45980E-01   7.34278E-02   6.86747E+01
    4.43737E+02   5.50473E+01   4.40980E-01   7.28646E-02   6.72509E+01
    4.38092E+02   5.31620E+01   4.35980E-01   7.23079E-02   6.58440E+01
    4.32469E+02   5.13200E+01   4.30980E-01   7.17576E-02   6.44540E+01
    4.26866E+02   4.95207E+01   4.25980E-01   7.12135E-02   6.30810E+01
    4.21285E+02   4.77637E+01   4.20980E-01   7.06755E-02   6.17250E+01
    4.15725E+02   4.60485E+01   4.15980E-01   7.01435E-02   6.03859E+01
    4.10184E+02   4.43748E+01   4.10980E-01   6.96173E-02   5.90639E+01
    4.04664E+02   4.27419E+01   4.05980E-01   6.90968E-02   5.77587E+01
    3.99164E+02   4.11495E+01   4.00980E-01   6.85818E-02   5.64706E+01
    3.93683E+02   3.95970E+01   3.95980E-01   6.80722E-02   5.51995E+01
    3.88222E+02   3.80841E+01   3.90980E-01   6.75677E-02   5.39453E+01
    3.82780E+02   3.66101E+01   3.85980E-01   6.70683E-02   5.27081E+01
    3.77356E+02   3.51747E+01   3.80980E-01   6.65737E-02   5.14879E+01
    3.71951E+02   3.37773E+01   3.75980E-01   6.60838E-02   5.02847E+01
    3.66565E+02   3.24175E+01   3.70980E-01   6.55983E-02   4.90985E+01
    3.61196E+02   3.10947E+01   3.65980E-01   6.51171E-02   4.79292E+01
    3.55846E+02   2.98086E+01   3.60980E-01   6.46398E-02   4.67770E+01
    3.50513E+02   2.85585E+01   3.55980E-01   6.41665E-02   4.56416E+01
    3.45197E+02   2.73441E+01   3.50980E-01   6.36966E-02   4.45233E+01
    3.39898E+02   2.61647E+01   3.45980E-01   6.32302E-02   4.34219E+01
    3.34616E+02   2.50199E+01   3.40980E-01   6.27668E-02   4.23375E+01
    3.29351E+02   2.39093E+01   3.35980E-01   6.23063E-02   4.12700E+01
    3.24102E+02   2.28323E+01   3.30980E-01   6.18484E-02   4.02194E+01
    3.18869E+02   2.17883E+01   3.25980E-01   6.13927E-02   3.91858E+01
    3.13652E+02   2.07770E+01   3.20980E-01   6.09391E-02   3.81690E+01
    3.08450E+02   1.97977E+01   3.15980E-01   6.04871E-02   3.71691E+01
    3.03263E+02   1.88500E+01   3.10980E-01   6.00366E-02   3.61861E+01
    2.98092E+02   1.79334E+01   3.05980E-01   5.95871E-02   3.52200E+01
    2.92935E+02   1.70474E+01   3.00980E-01   5.91384E-02   3.42706E+01
    2.87793E+02   1.61914E+01   2.95980E-01   5.86900E-02   3.33381E+01
    2.82664E+02   1.53650E+01   2.90980E-01   5.82416E-02   3.24224E+01
    2.77550E+02   1.45675E+01   2.85980E-01   5.77928E-02   3.15234E+01
    2.72450E+02   1.37986E+01   2.80980E-01   5.73432E-02   3.06412E+01
    2.67363E+02   1.30577E+01   2.75980E-01   5.68925E-02   2.97756E+01
    2.62289E+02   1.23442E+01   2.70980E-01   5.64400E-02   2.89267E+01
    2.57228E+02   1.16577E+01   2.65980E-01   5.59854E-02   2.80945E+01
    2.52179E+02   1.09977E+01   2.60980E-01   5.55282E-02   2.72789E+01
    2.47144E+02   1.03635E+01   2.55980E-01   5.50679E-02   2.64798E+01
    2.42120E+02   9.75477E+00   2.50980E-01   5.46040E-02   2.56973E+01
    2.37108E+02   9.17087E+00   2.45980E-01   5.41358E-02   2.49312E+01
    2.32108E+02   8.61133E+00   2.40980E-01   5.36629E-02   2.41816E+01
    2.27119E+02   8.07560E+00   2.35980E-01   5.31846E-02   2.34483E+01
    2.22141E+02   7.56317E+00   2.30980E-01   5.27003E-02   2.27314E+01
    2.21146E+02   7.46344E+00   2.29980E-01   5.26026E-02   2.25899E+01
    2.20153E+02   7.36461E+00   2.28980E-01   5.25047E-02   2.24491E+01
    2.19159E+02   7.26668E+00   2.27980E-01   5.24065E-02   2.23090E+01
    2.18166E+02   7.16965E+00   2.26980E-01   5.23080E-02   2.21695E+01
    2.17174E+02   7.07352E+00   2.25980E-01   5.22092E-02   2.20307E+01
    2.16182E+02   6.97827E+00   2.24980E-01   5.21101E-02   2.18925E+01
    2.15190E+02   6.88391E+00   2.23980E-01   5.20107E-02   2.17549E+01
    2.14199E+02   6.79043E+00   2.22980E-01   5.19110E-02   2.16180E+01
    2.13208E+02   6.69783E+00   2.21980E-01   5.18110E-02   2.14818E+01
    2.12217E+02   6.60610E+00   2.20980E-01   5.17107E-02   2.13462E+01
    2.11227E+02   6.51524E+00   2.19980E-01   5.16100E-02   2.12112E+01
    2.10238E+02   6.42525E+00   2.18980E-01   5.15090E-02   2.10769E+01
    2.09248E+02   6.33612E+00   2.17980E-01   5.14077E-02   2.09432E+01
    2.08260E+02   6.24784E+00   2.16980E-01   5.13060E-02   2.08102E+01
    2.07271E+02   6.16041E+00   2.15980E-01   5.12040E-02   2.06778E+01
    2.06283E+02   6.07383E+00   2.14980E-01   5.11016E-02   2.05461E+01
    2.05296E+02   5.98809E+00   2.13980E-01   5.09988E-02   2.04150E+01
    2.04308E+02   5.90320E+00   2.12980E-01   5.08957E-02   2.02845E+01
    2.03322E+02   5.81914E+00   2.11980E-01   5.07922E-02   2.01547E+01
    2.02335E+02   5.73590E+00   2.10980E-01   5.06883E-02   2.00255E+01
    2.01349E+02   5.65350E+00   2.09980E-01   5.05840E-02   1.98970E+01
    2.00364E+02   5.57192E+00   2.08980E-01   5.04793E-02   1.97691E+01
    1.99378E+02   5.49115E+00   2.07980E-01   5.03742E-02   1.96418E+01
    1.98393E+02   5.41120E+00   2.06980E-01   5.02687E-02   1.95152E+01
    1.97409E+02   5.33206E+00   2.05980E-01   5.01628E-02   1.93892E+01
    1.96425E+02   5.25372E+00   2.04980E-01   5.00564E-02   1.92638E+01
    1.95441E+02   5.17619E+00   2.03980E-01   4.99497E-02   1.91391E+01
    1.94458E+02   5.09945E+00   2.02980E-01   4.98424E-02   1.90150E+01
    1.93475E+02   5.02351E+00   2.01980E-01   4.97347E-02   1.88916E+01
    1.92492E+02   4.94835E+00   2.00980E-01   4.96266E-02   1.87688E+01
    1.91510E+02   4.87398E+00   1.99980E-01   4.95180E-02   1.86466E+01
    1.90528E+02   4.80038E+00   1.98980E-01   4.94089E-02   1.85250E+01
    1.89547E+02   4.72757E+00   1.97980E-01   4.92994E-02   1.84041E+01
    1.88566E+02   4.65552E+00   1.96980E-01   4.91893E-02   1.82838E+01
    1.87585E+02   4.58424E+00   1.95980E-01   4.90788E-02   1.81641E+01
    1.86605E+02   4.51373E+00   1.94980E-01   4.89677E-02   1.80451E+01
    1.85625E+02   4.44397E+00   1.93980E-01   4.88562E-02   1.79267E+01
    1.84645E+02   4.37497E+00   1.92980E-01   4.87441E-02   1.78089E+01
    1.83666E+02   4.30671E+00   1.91980E-01   4.86315E-02   1.76917E+01
    1.82687E+02   4.23921E+00   1.90980E-01   4.85184E-02   1.75752E+01
    1.81708E+02   4.17244E+00   1.89980E-01   4.84047E-02   1.74593E+01
    1.80730E+02   4.10642E+00   1.88980E-01   4.82904E-02   1.73440E+01
    1.79752E+02   4.04112E+00   1.87980E-01   4.81756E-02   1.72293E+01
    1.78774E+02   3.97656E+00   1.86980E-01   4.80603E-02   1.71152E+01
    1.77797E+02   3.91272E+00   1.85980E-01   4.79443E-02   1.70018E+01
    1.76820E+02   3.84960E+00   1.84980E-01   4.78278E-02   1.68890E+01
    1.75844E+02   3.78719E+00   1.83980E-01   4.77106E-02   1.67768E+01
    1.74868E+02   3.72550E+00   1.82980E-01   4.75929E-02   1.66652E+01
    1.73892E+02   3.66452E+00   1.81980E-01   4.74745E-02   1.65543E+01
    1.72916E+02   3.60423E+00   1.80980E-01   4.73555E-02   1.64439E+01
    1.71941E+02   3.54465E+00   1.79980E-01   4.72359E-02   1.63342E+01
    1.70966E+02   3.48577E+00   1.78980E-01   4.71156E-02   1.62251E+01
    1.69992E+02   3.42757E+00   1.77980E-01   4.69946E-02   1.61165E+01
    1.69017E+02   3.37006E+00   1.76980E-01   4.68730E-02   1.60086E+01
    1.68044E+02   3.31323E+00   1.75980E-01   4.67508E-02   1.59014E+01
    1.67070E+02   3.25708E+00   1.74980E-01   4.66278E-02   1.57947E+01
    1.66097E+02   3.20161E+00   1.73980E-01   4.65041E-02   1.56886E+01
    1.65124E+02   3.14680E+00   1.72980E-01   4.63798E-02   1.55831E+01
    1.64151E+02   3.09266E+00   1.71980E-01   4.62547E-02   1.54783E+01
    1.63179E+02   3.03918E+00   1.70980E-01   4.61289E-02   1.53740E+01
    1.62207E+02   2.98635E+00   1.69980E-01   4.60023E-02   1.52703E+01
    1.61235E+02   2.93418E+00   1.68980E-01   4.58750E-02   1.51673E+01
    1.60264E+02   2.88266E+00   1.67980E-01   4.57470E-02   1.50648E+01
    1.59293E+02   2.83178E+00   1.66980E-01   4.56182E-02   1.49630E+01
    1.58322E+02   2.78154E+00   1.65980E-01   4.54886E-02   1.48617E+01
    1.57352E+02   2.73193E+00   1.64980E-01   4.53582E-02   1.47610E+01
    1.56381E+02   2.68295E+00   1.63980E-01   4.52270E-02   1.46610E+01
    1.55411E+02   2.63461E+00   1.62980E-01   4.50949E-02   1.45615E+01
    1.54442E+02   2.58688E+00   1.61980E-01   4.49621E-02   1.44626E+01
    1.53473E+02   2.53977E+00   1.60980E-01   4.48284E-02   1.43643E+01
    1.52504E+02   2.49328E+00   1.59980E-01   4.46938E-02   1.42666E+01
    1.51535E+02   2.44740E+00   1.58980E-01   4.45584E-02   1.41695E+01
    1.50566E+02   2.40212E+00   1.57980E-01   4.44221E-02   1.40729E+01
    1.49598E+02   2.35744E+00   1.56980E-01   4.42847E-02   1.39770E+01
    1.48630E+02   2.31336E+00   1.55980E-01   4.41466E-02   1.38816E+01
    1.47663E+02   2.26987E+00   1.54980E-01   4.40076E-02   1.37868E+01
    1.46696E+02   2.22697E+00   1.53980E-01   4.38677E-02   1.36926E+01
    1.45729E+02   2.18465E+00   1.52980E-01   4.37268E-02   1.35989E+01
    1.44762E+02   2.14292E+00   1.51980E-01   4.35850E-02   1.35059E+01
    1.43795E+02   2.10175E+00   1.50980E-01   4.34422E-02   1.34134E+01
    1.42829E+02   2.06116E+00   1.49980E-01   4.32984E-02   1.33215E+01
    1.41863E+02   2.02114E+00   1.48980E-01   4.31537E-02   1.32301E+01
    1.40898E+02   1.98168E+00   1.47980E-01   4.30079E-02   1.31393E+01
    1.39932E+02   1.94277E+00   1.46980E-01   4.28611E-02   1.30491E+01
    1.38967E+02   1.90442E+00   1.45980E-01   4.27132E-02   1.29595E+01
    1.38002E+02   1.86662E+00   1.44980E-01   4.25643E-02   1.28704E+01
    1.37038E+02   1.82937E+00   1.43980E-01   4.24143E-02   1.27819E+01
    1.36073E+02   1.79265E+00   1.42980E-01   4.22633E-02   1.26939E+01
    1.35109E+02   1.75648E+00   1.41980E-01   4.21111E-02   1.26065E+01
    1.34145E+02   1.72083E+00   1.40980E-01   4.19579E-02   1.25196E+01
    1.33182E+02   1.68572E+00   1.39980E-01   4.18035E-02   1.24333E+01
    1.32218E+02   1.65112E+00   1.38980E-01   4.16479E-02   1.23476E+01
    1.31255E+02   1.61705E+00   1.37980E-01   4.14912E-02   1.22624E+01
    1.30292E+02   1.58349E+00   1.36980E-01   4.13333E-02   1.21777E+01
    1.29330E+02   1.55044E+00   1.35980E-01   4.11742E-02   1.20936E+01
    1.28367E+02   1.51790E+00   1.34980E-01   4.10139E-02   1.20100E+01
    1.27405E+02   1.48587E+00   1.33980E-01   4.08524E-02   1.19270E+01
    1.26443E+02   1.45433E+00   1.32980E-01   4.06897E-02   1.18445E+01
    1.25482E+02   1.42328E+00   1.31980E-01   4.05256E-02   1.17625E+01
    1.24520E+02   1.39272E+00   1.30980E-01   4.03603E-02   1.16810E+01
    1.23559E+02   1.36265E+00   1.29980E-01   4.01937E-02   1.16001E+01
    1.22598E+02   1.33306E+00   1.28980E-01   4.00258E-02   1.15197E+01
    1.21637E+02   1.30394E+00   1.27980E-01   3.98565E-02   1.14398E+01
    1.20677E+02   1.27530E+00   1.26980E-01   3.96859E-02   1.13605E+01
    1.19716E+02   1.24713E+00   1.25980E-01   3.95139E-02   1.12817E+01
    1.18756E+02   1.21941E+00   1.24980E-01   3.93406E-02   1.12033E+01
    1.17797E+02   1.19216E+00   1.23980E-01   3.91658E-02   1.11255E+01
    1.16837E+02   1.16537E+00   1.22980E-01   3.89896E-02   1.10482E+01
    1.15878E+02   1.13902E+00   1.21980E-01   3.88119E-02   1.09714E+01
    1.14918E+02   1.11312E+00   1.20980E-01   3.86328E-02   1.08951E+01
    1.13959E+02   1.08766E+00   1.19980E-01   3.84522E-02   1.08193E+01
    1.13001E+02   1.06264E+00   1.18980E-01   3.82700E-02   1.07440E+01
    1.12042E+02   1.03805E+00   1.17980E-01   3.80864E-02   1.06692E+01
    1.11084E+02   1.01389E+00   1.16980E-01   3.79012E-02   1.05948E+01
    1.10125E+02   9.90161E-01   1.15980E-01   3.77144E-02   1.05210E+01
    1.09167E+02   9.66847E-01   1.14980E-01   3.75260E-02   1.04476E+01
    1.08210E+02   9.43950E-01   1.13980E-01   3.73360E-02   1.03747E+01
    1.07252E+02   9.21465E-01   1.12980E-01   3.71444E-02   1.03023E+01
    1.06295E+02   8.99387E-01   1.11980E-01   3.69511E-02   1.02303E+01
    1.05338E+02   8.77712E-01   1.10980E-01   3.67561E-02   1.01589E+01
    1.04381E+02   8.56436E-01   1.09980E-01   3.65594E-02   1.00878E+01
    1.03424E+02   8.35554E-01   1.08980E-01   3.63610E-02   1.00172E+01
    1.02467E+02   8.15063E-01   1.07980E-01   3.61608E-02   9.94711E+00
    1.01511E+02   7.94957E-01   1.06980E-01   3.59588E-02   9.87743E+00
    1.00555E+02   7.75233E-01   1.05980E-01   3.57551E-02   9.80819E+00
    9.95987E+01   7.55886E-01   1.04980E-01   3.55495E-02   9.73939E+00
    9.86428E+01   7.36911E-01   1.03980E-01   3.53420E-02   9.67101E+00
    9.76871E+01   7.18305E-01   1.02980E-01   3.51327E-02   9.60307E+00
    9.67317E+01   7.00064E-01   1.01980E-01   3.49215E-02   9.53554E+00
    9.57763E+01   6.82182E-01   1.00980E-01   3.47083E-02   9.46844E+00
    9.48212E+01   6.64656E-01   9.99800E-02   3.44932E-02   9.40174E+00
    9.38662E+01   6.47481E-01   9.89800E-02   3.42761E-02   9.33545E+00
    9.29115E+01   6.30652E-01   9.79800E-02   3.40570E-02   9.26956E+00
    9.19568E+01   6.14167E-01   9.69800E-02   3.38358E-02   9.20407E+00
    9.10024E+01   5.98019E-01   9.59800E-02   3.36126E-02   9.13896E+00
    9.00481E+01   5.82205E-01   9.49800E-02   3.33873E-02   9.07423E+00
    8.90940E+01   5.66721E-01   9.39800E-02   3.31599E-02   9.00988E+00
    8.81400E+01   5.51562E-01   9.29800E-02   3.29303E-02   8.94590E+00
    8.71862E+01   5.36725E-01   9.19800E-02   3.26985E-02   8.88228E+00
    8.62326E+01   5.22203E-01   9.09800E-02   3.24645E-02   8.81902E+00
    8.52791E+01   5.07994E-01   8.99800E-02   3.22283E-02   8.75610E+00
    8.43258E+01   4.94093E-01   8.89800E-02   3.19898E-02   8.69353E+00
    8.33726E+01   4.80495E-01   8.79800E-02   3.17490E-02   8.63129E+00
    8.24196E+01   4.67197E-01   8.69800E-02   3.15059E-02   8.56937E+00
    8.14667E+01   4.54194E-01   8.59800E-02   3.12604E-02   8.50778E+00
    8.05140E+01   4.41481E-01   8.49800E-02   3.10125E-02   8.44649E+00
    7.95614E+01   4.29055E-01   8.39800E-02   3.07622E-02   8.38551E+00
    7.86090E+01   4.16910E-01   8.29800E-02   3.05096E-02   8.32482E+00
    7.76567E+01   4.06337E-01   8.19800E-02   3.03009E-02   8.26438E+00
    7.67046E+01   3.96749E-01   8.09800E-02   3.01223E-02   8.20390E+00
    7.57525E+01   3.86988E-01   7.99800E-02   2.99325E-02   8.14340E+00
    7.48006E+01   3.77249E-01   7.89800E-02   2.97396E-02   8.08291E+00
    7.38488E+01   3.67593E-01   7.79800E-02   2.95463E-02   8.02244E+00
    7.28971E+01   3.58057E-01   7.69800E-02   2.93537E-02   7.96201E+00
    7.19456E+01   3.48660E-01   7.59800E-02   2.91627E-02   7.90160E+00
    7.09942E+01   3.39417E-01   7.49800E-02   2.89736E-02   7.84122E+00
    7.00429E+01   3.30333E-01   7.39800E-02   2.87869E-02   7.78085E+00
    6.90917E+01   3.21414E-01   7.29800E-02   2.86026E-02   7.72050E+00
    6.81406E+01   3.12660E-01   7.19800E-02   2.84211E-02   7.66015E+00
    6.71897E+01   3.04074E-01   7.09800E-02   2.82424E-02   7.59980E+00
    6.62388E+01   2.95653E-01   6.99800E-02   2.80669E-02   7.53944E+00
    6.52881E+01   2.87397E-01   6.89800E-02   2.78945E-02   7.47906E+00
    6.43375E+01   2.79305E-01   6.79800E-02   2.77255E-02   7.41864E+00
    6.33871E+01   2.71375E-01   6.69800E-02   2.75600E-02   7.35818E+00
    6.24367E+01   2.63606E-01   6.59800E-02   2.73981E-02   7.29766E+00
    6.14865E+01   2.55994E-01   6.49800E-02   2.72400E-02   7.23707E+00
    6.05364E+01   2.48539E-01   6.39800E-02   2.70858E-02   7.17640E+00
    5.95864E+01   2.41237E-01   6.29800E-02   2.69356E-02   7.11563E+00
    5.86365E+01   2.34087E-01   6.19800E-02   2.67895E-02   7.05475E+00
    5.76867E+01   2.27087E-01   6.09800E-02   2.66476E-02   6.99375E+00
    5.67370E+01   2.20233E-01   5.99800E-02   2.65101E-02   6.93261E+00
    5.57875E+01   2.13525E-01   5.89800E-02   2.63771E-02   6.87131E+00
    5.48381E+01   2.06958E-01   5.79800E-02   2.62487E-02   6.80984E+00
    5.38887E+01   2.00532E-01   5.69800E-02   2.61250E-02   6.74818E+00
    5.29395E+01   1.94244E-01   5.59800E-02   2.60060E-02   6.68631E+00
    5.19904E+01   1.88091E-01   5.49800E-02   2.58920E-02   6.62420E+00
    5.10414E+01   1.82070E-01   5.39800E-02   2.57831E-02   6.56185E+00
    5.00926E+01   1.76180E-01   5.29800E-02   2.56793E-02   6.49923E+00
    4.91438E+01   1.70418E-01   5.19800E-02   2.55809E-02   6.43631E+00
    4.81951E+01   1.64782E-01   5.09800E-02   2.54878E-02   6.37307E+00
    4.72466E+01   1.59269E-01   4.99800E-02   2.54004E-02   6.30949E+00
    4.62981E+01   1.53877E-01   4.89800E-02   2.53187E-02   6.24555E+00
    4.53498E+01   1.48604E-01   4.79800E-02   2.52429E-02   6.18120E+00
    4.44016E+01   1.43446E-01   4.69800E-02   2.51731E-02   6.11643E+00
    4.34535E+01   1.38403E-01   4.59800E-02   2.51096E-02   6.05121E+00
    4.25054E+01   1.33471E-01   4.49800E-02   2.50525E-02   5.98549E+00
    4.15576E+01   1.28648E-01   4.39800E-02   2.50021E-02   5.91925E+00
    4.06098E+01   1.23933E-01   4.29800E-02   2.49585E-02   5.85246E+00
    3.96621E+01   1.19322E-01   4.19800E-02   2.49219E-02   5.78506E+00
    3.87145E+01   1.14813E-01   4.09800E-02   2.48927E-02   5.71703E+00
    3.77670E+01   1.10405E-01   3.99800E-02   2.48711E-02   5.64831E+00
    3.68197E+01   1.06095E-01   3.89800E-02   2.48574E-02   5.57887E+00
    3.58724E+01   1.01881E-01   3.79800E-02   2.48520E-02   5.50865E+00
    3.49253E+01   9.77610E-02   3.69800E-02   2.48550E-02   5.43759E+00
    3.39783E+01   9.37325E-02   3.59800E-02   2.48671E-02   5.36565E+00
    3.30314E+01   8.97936E-02   3.49800E-02   2.48885E-02   5.29276E+00
    3.20846E+01   8.59424E-02   3.39800E-02   2.49197E-02   5.21886E+00
    3.11379E+01   8.21767E-02   3.29800E-02   2.49613E-02   5.14387E+00
    3.01913E+01   7.84948E-02   3.19800E-02   2.50138E-02   5.06773E+00
    2.92448E+01   7.48946E-02   3.09800E-02   2.50779E-02   4.99034E+00
    2.82985E+01   7.13743E-02   2.99800E-02   2.51542E-02   4.91163E+00
    2.73522E+01   6.79321E-02   2.89800E-02   2.52436E-02   4.83149E+00
    2.64061E+01   6.45663E-02   2.79800E-02   2.53470E-02   4.74982E+00
    2.54601E+01   6.12752E-02   2.69800E-02   2.54654E-02   4.66650E+00
    2.45142E+01   5.80571E-02   2.59800E-02   2.55999E-02   4.58142E+00
    2.35685E+01   5.49106E-02   2.49800E-02   2.57519E-02   4.49442E+00
    2.26229E+01   5.18343E-02   2.39800E-02   2.59230E-02   4.40537E+00
    2.16774E+01   4.88268E-02   2.29800E-02   2.61149E-02   4.31408E+00
    2.07320E+01   4.58868E-02   2.19800E-02   2.63298E-02   4.22038E+00
    1.97867E+01   4.30134E-02   2.09800E-02   2.65701E-02   4.12405E+00
    1.88416E+01   4.02057E-02   1.99800E-02   2.68386E-02   4.02485E+00
    1.78967E+01   3.74628E-02   1.89800E-02   2.71391E-02   3.92252E+00
    1.69518E+01   3.47841E-02   1.79800E-02   2.74756E-02   3.81676E+00
    1.60072E+01   3.21695E-02   1.69800E-02   2.78533E-02   3.70720E+00
    1.50626E+01   2.96187E-02   1.59800E-02   2.82786E-02   3.59346E+00
    1.41183E+01   2.71319E-02   1.49800E-02   2.87595E-02   3.47506E+00
    1.31741E+01   2.47099E-02   1.39800E-02   2.93061E-02   3.35144E+00
    1.22300E+01   2.23535E-02   1.29800E-02   2.99315E-02   3.22195E+00
    1.12862E+01   2.00642E-02   1.19800E-02   3.06528E-02   3.08580E+00
    1.03425E+01   1.78442E-02   1.09800E-02   3.14931E-02   2.94199E+00
    9.39906E+00   1.56962E-02   9.98000E-03   3.24841E-02   2.78932E+00
    8.45580E+00   1.36241E-02   8.98000E-03   3.36709E-02   2.62622E+00
    7.51278E+00   1.16327E-02   7.98000E-03   3.51199E-02   2.45064E+00
    6.56999E+00   9.72870E-03   6.98000E-03   3.69330E-02   2.25978E+00
    5.62748E+00   7.92062E-03   5.98000E-03   3.92768E-02   2.04968E+00
    4.68526E+00   6.22005E-03   4.98000E-03   4.24430E-02   1.81433E+00
    3.74336E+00   4.64291E-03   3.98000E-03   4.69985E-02   1.54382E+00
    2.80185E+00   3.21197E-03   2.98000E-03   5.42214E-02   1.21960E+00
    1.86080E+00   1.96208E-03   1.98000E-03   6.77877E-02   7.98356E-01
    9.20337E-01   9.52574E-04   9.80000E-04   1.05031E-01   1.19003E-01
    8.26332E-01   8.68539E-04   8.80000E-04   1.12908E-01   1.36280E-02
    7.32337E-01   7.88121E-04   7.80000E-04   1.22617E-01  -1.06769E-01
    6.38352E-01   7.11460E-04   6.80000E-04   1.34912E-01  -2.47742E-01
    5.44377E-01   6.38655E-04   5.80000E-04   1.51029E-01  -4.18332E-01
    4.50415E-01   5.69673E-04   4.80000E-04   1.73146E-01  -6.34453E-01
    3.56468E-01   5.04039E-04   3.80000E-04   2.05477E-01  -9.27256E-01
    3.47074E-01   4.97604E-04   3.70000E-04   2.09550E-01  -9.62874E-01
    3.37680E-01   4.91180E-04   3.60000E-04   2.13820E-01  -9.99989E-01
    3.28286E-01   4.84761E-04   3.50000E-04   2.18300E-01  -1.03871E+00
    3.18893E-01   4.78341E-04   3.40000E-04   2.23005E-01  -1.07918E+00
    3.09500E-01   4.71912E-04   3.30000E-04   2.27951E-01  -1.12152E+00
    3.00107E-01   4.65465E-04   3.20000E-04   2.33156E-01  -1.16590E+00
    2.90714E-01   4.58986E-04   3.10000E-04   2.38638E-01  -1.21249E+00
    2.81322E-01   4.52459E-04   3.00000E-04   2.44416E-01  -1.26149E+00
    2.71929E-01   4.45863E-04   2.90000E-04   2.50508E-01  -1.31312E+00
    2.62537E-01   4.39170E-04   2.80000E-04   2.56932E-01  -1.36761E+00
    2.53145E-01   4.32336E-04   2.70000E-04   2.63704E-01  -1.42525E+00
    2.43754E-01   4.25302E-04   2.60000E-04   2.70828E-01  -1.48633E+00
    2.34362E-01   4.17969E-04   2.50000E-04   2.78291E-01  -1.55119E+00
    2.24971E-01   4.10159E-04   2.40000E-04   2.86035E-01  -1.62020E+00
    2.15580E-01   4.01474E-04   2.30000E-04   2.93865E-01  -1.69373E+00
    2.06190E-01   3.90116E-04   2.20000E-04   3.00734E-01  -1.77202E+00
    1.96801E-01   3.69550E-04   2.10000E-04   3.02515E-01  -1.85420E+00
    1.87412E-01   3.49084E-04   2.00000E-04   3.04354E-01  -1.93971E+00
    1.78025E-01   3.28749E-04   1.90000E-04   3.06271E-01  -2.02885E+00
    1.68638E-01   3.08554E-04   1.80000E-04   3.08273E-01  -2.12197E+00
    1.59253E-01   2.88509E-04   1.70000E-04   3.10369E-01  -2.21946E+00
    1.49869E-01   2.68625E-04   1.60000E-04   3.12568E-01  -2.32180E+00
    1.40486E-01   2.48916E-04   1.50000E-04   3.14883E-01  -2.42952E+00
    1.31104E-01   2.29395E-04   1.40000E-04   3.17326E-01  -2.54329E+00
    1.21724E-01   2.10079E-04   1.30000E-04   3.19913E-01  -2.66389E+00
    1.12345E-01   1.90987E-04   1.20000E-04   3.22665E-01  -2.79226E+00
    1.02968E-01   1.72142E-04   1.10000E-04   3.25604E-01  -2.92958E+00
    9.35923E-02   1.53568E-04   1.00000E-04   3.28763E-01  -3.07734E+00
    8.42186E-02   1.35300E-04   9.00000E-05   3.32178E-01  -3.23744E+00
    7.48470E-02   1.17373E-04   8.00000E-05   3.35902E-01  -3.41238E+00
    6.54776E-02   9.98383E-05   7.00000E-05   3.40001E-01  -3.60556E+00
    5.61107E-02   8.27557E-05   6.00000E-05   3.44571E-01  -3.82179E+00
    4.67466E-02   6.62069E-05   5.00000E-05   3.49755E-01  -4.06823E+00
    3.73857E-02   5.03048E-05   4.00000E-05   3.55776E-01  -4.35626E+00
    2.80288E-02   3.52158E-05   3.00000E-05   3.63025E-01  -4.70594E+00
    1.86768E-02   2.12116E-05   2.00000E-05   3.72306E-01  -5.15873E+00
    9.33169E-03   8.82565E-06   1.00000E-05   3.85848E-01  -5.83096E+00
    8.39770E-03   7.71656E-06   9.00000E-06   3.87672E-01  -5.92261E+00
    7.46382E-03   6.63896E-06   8.00000E-06   3.89643E-01  -6.02197E+00
    6.53008E-03   5.59614E-06   7.00000E-06   3.91794E-01  -6.13075E+00
    5.59649E-03   4.59222E-06   6.00000E-06   3.94170E-01  -6.25134E+00
    4.66306E-03   3.63250E-06   5.00000E-06   3.96838E-01  -6.38732E+00
    3.72982E-03   2.72414E-06   4.00000E-06   3.99905E-01  -6.54432E+00
    2.79680E-03   1.87735E-06   3.00000E-06   4.03556E-01  -6.73220E+00
    1.86406E-03   1.10831E-06   2.00000E-06   4.08170E-01  -6.97117E+00
    9.31683E-04   4.47556E-07   1.00000E-06   4.14801E-01  -7.31723E+00
    8.38473E-04   3.89688E-07   9.00000E-07   4.15686E-01  -7.36361E+00
    7.45269E-04   3.33744E-07   8.00000E-07   4.16640E-01  -7.41368E+00
    6.52072E-04   2.79901E-07   7.00000E-07   4.17678E-01  -7.46822E+00
    5.58883E-04   2.28379E-07   6.00000E-07   4.18821E-01  -7.52836E+00
    4.65702E-04   1.79458E-07   5.00000E-07   4.20102E-01  -7.59577E+00
    3.72531E-04   1.33515E-07   4.00000E-07   4.21568E-01  -7.67302E+00
    2.79371E-04   9.10862E-08   3.00000E-07   4.23306E-01  -7.76465E+00
    1.86224E-04   5.30101E-08   2.00000E-07   4.25489E-01  -7.87979E+00
    9.30957E-05   2.08613E-08   1.00000E-07   4.28594E-01  -8.04330E+00
    8.37842E-05   1.80879E-08   9.00000E-08   4.29005E-01  -8.06488E+00
    7.44730E-05   1.54169E-08   8.00000E-08   4.29446E-01  -8.08806E+00
    6.51621E-05   1.28572E-08   7.00000E-08   4.29926E-01  -8.11318E+00
    5.58516E-05   1.04201E-08   6.00000E-08   4.30452E-01  -8.14072E+00
    4.65414E-05   8.12000E-09   5.00000E-08   4.31039E-01  -8.17135E+00
    3.72318E-05   5.97606E-09   4.00000E-08   4.31707E-01  -8.20612E+00
    2.79226E-05   4.01567E-09   3.00000E-08   4.32493E-01  -8.24683E+00
    1.86141E-05   2.28175E-09   2.00000E-08   4.33469E-01  -8.29702E+00
    9.30634E-06   8.54806E-10   1.00000E-08   4.34824E-01  -8.36583E+00
    8.37563E-06   7.34886E-10   9.00000E-09   4.35000E-01  -8.37463E+00
    7.44493E-06   6.20228E-10   8.00000E-09   4.35187E-01  -8.38400E+00
    6.51424E-06   5.11288E-10   7.00000E-09   4.35389E-01  -8.39405E+00
    5.58357E-06   4.08626E-10   6.00000E-09   4.35609E-01  -8.40493E+00
    4.65292E-06   3.12958E-10   5.00000E-09   4.35851E-01  -8.41684E+00
    3.72228E-06   2.25231E-10   4.00000E-09   4.36122E-01  -8.43010E+00
    2.79166E-06   1.46773E-10   3.00000E-09   4.36434E-01  -8.44521E+00
    1.86107E-06   7.96120E-11   2.00000E-09   4.36810E-01  -8.46316E+00
    9.30514E-07   2.73613E-11   1.00000E-09   4.37303E-01  -8.48622E+00
    8.37460E-07   2.32048E-11   9.00000E-10   4.37364E-01  -8.48901E+00
    7.44406E-07   1.92870E-11   8.00000E-10   4.37428E-01  -8.49195E+00
    6.51353E-07   1.56246E-11   7.00000E-10   4.37496E-01  -8.49505E+00
    5.58301E-07   1.22379E-11   6.00000E-10   4.37568E-01  -8.49834E+00
    4.65249E-07   9.15194E-12   5.00000E-10   4.37646E-01  -8.50187E+00
    3.72198E-07   6.39818E-12   4.00000E-10   4.37732E-01  -8.50569E+00
    2.79147E-07   4.01855E-12   3.00000E-10   4.37827E-01  -8.50991E+00
    1.86097E-07   2.07280E-12   2.00000E-10   4.37936E-01  -8.51470E+00
    9.30480E-08   6.57704E-13   1.00000E-10   4.38071E-01  -8.52048E+00
    8.37431E-08   5.51476E-13   9.00000E-11   4.38087E-01  -8.52115E+00
    7.44383E-08   4.52672E-13   8.00000E-11   4.38103E-01  -8.52184E+00
    6.51334E-08   3.61661E-13   7.00000E-11   4.38120E-01  -8.52257E+00
    5.58286E-08   2.78871E-13   6.00000E-11   4.38138E-01  -8.52332E+00
    4.65238E-08   2.04821E-13   5.00000E-11   4.38157E-01  -8.52412E+00
    3.72190E-08   1.40152E-13   4.00000E-11   4.38178E-01  -8.52497E+00
    2.79142E-08   8.56943E-14   3.00000E-11   4.38200E-01  -8.52588E+00
    1.86095E-08   4.26000E-14   2.00000E-11   4.38225E-01  -8.52688E+00
    9.30472E-09   1.26817E-14   1.00000E-11   4.38254E-01  -8.52803E+00
    8.37425E-09   1.05261E-14   9.00000E-12   4.38258E-01  -8.52816E+00
    7.44377E-09   8.54068E-15   8.00000E-12   4.38261E-01  -8.52829E+00
    6.51330E-09   6.73199E-15   7.00000E-12   4.38265E-01  -8.52843E+00
    5.58283E-09   5.10763E-15   6.00000E-12   4.38268E-01  -8.52857E+00
    4.65236E-09   3.67665E-15   5.00000E-12   4.38272E-01  -8.52871E+00
    3.72188E-09   2.45023E-15   4.00000E-12   4.38276E-01  -8.52887E+00
    2.79141E-09   1.44265E-15   3.00000E-12   4.38281E-01  -8.52902E+00
    1.86094E-09   6.73445E-16   2.00000E-12   4.38286E-01  -8.52919E+00
    9.30471E-10   1.72472E-16   1.00000E-12   4.38291E-01  -8.52936E+00
    8.37424E-10   1.38901E-16   9.00000E-13   4.38292E-01  -8.52937E+00
    7.44376E-10   1.08613E-16   8.00000E-13   4.38292E-01  -8.52939E+00
    6.51329E-10   8.17019E-17   7.00000E-13   4.38293E-01  -8.52941E+00
    5.58282E-10   5.82769E-17   6.00000E-13   4.38294E-01  -8.52942E+00
    4.65235E-10   3.84642E-17   5.00000E-13   4.38294E-01  -8.52944E+00
    3.72188E-10   2.24130E-17   4.00000E-13   4.38295E-01  -8.52946E+00
    2.79141E-10   1.03039E-17   3.00000E-13   4.38296E-01  -8.52947E+00
    1.86094E-10   2.36271E-18   2.00000E-13   4.38296E-01  -8.52948E+00
