    3.19147E+03   1.74581E+03   1.99098E+00   1.00000E-03   6.63963E+02
    3.16671E+03   1.72818E+03   1.98098E+00   1.00000E-03   6.59559E+02
    3.14205E+03   1.71061E+03   1.97098E+00   1.00000E-03   6.55155E+02
    3.11747E+03   1.69310E+03   1.96098E+00   1.00000E-03   6.50752E+02
    3.09299E+03   1.67563E+03   1.95098E+00   1.00000E-03   6.46349E+02
    3.06859E+03   1.65822E+03   1.94098E+00   1.00000E-03   6.41948E+02
    3.04428E+03   1.64087E+03   1.93098E+00   1.00000E-03   6.37546E+02
    3.02006E+03   1.62357E+03   1.92098E+00   1.00000E-03   6.33146E+02
    2.99593E+03   1.60633E+03   1.91098E+00   1.00000E-03   6.28747E+02
    2.97190E+03   1.58915E+03   1.90098E+00   1.00000E-03   6.24349E+02
    2.94795E+03   1.57203E+03   1.89098E+00   1.00000E-03   6.19952E+02
    2.92409E+03   1.55497E+03   1.88098E+00   1.00000E-03   6.15556E+02
    2.90032E+03   1.53797E+03   1.87098E+00   1.00000E-03   6.11162E+02
    2.87665E+03   1.52103E+03   1.86098E+00   1.00000E-03   6.06769E+02
    2.85306E+03   1.50415E+03   1.85098E+00   1.00000E-03   6.02378E+02
    2.82957E+03   1.48734E+03   1.84098E+00   1.00000E-03   5.97989E+02
    2.80616E+03   1.47059E+03   1.83098E+00   1.00000E-03   5.93602E+02
    2.78285E+03   1.45390E+03   1.82098E+00   1.00000E-03   5.89216E+02
    2.75963E+03   1.43729E+03   1.81098E+00   1.00000E-03   5.84832E+02
    2.73650E+03   1.42073E+03   1.80098E+00   1.00000E-03   5.80451E+02
    2.71346E+03   1.40425E+03   1.79098E+00   1.00000E-03   5.76072E+02
    2.69052E+03   1.38784E+03   1.78098E+00   1.00000E-03   5.71695E+02
    2.66766E+03   1.37149E+03   1.77098E+00   1.00000E-03   5.67321E+02
    2.64490E+03   1.35522E+03   1.76098E+00   1.00000E-03   5.62950E+02
    2.62223E+03   1.33901E+03   1.75098E+00   1.00000E-03   5.58581E+02
    2.59966E+03   1.32288E+03   1.74098E+00   1.00000E-03   5.54215E+02
    2.57717E+03   1.30682E+03   1.73098E+00   1.00000E-03   5.49852E+02
    2.55478E+03   1.29083E+03   1.72098E+00   1.00000E-03   5.45492E+02
    2.53248E+03   1.27492E+03   1.71098E+00   1.00000E-03   5.41135E+02
    2.51028E+03   1.25908E+03   1.70098E+00   1.00000E-03   5.36782E+02
    2.48816E+03   1.24332E+03   1.69098E+00   1.00000E-03   5.32432E+02
    2.46614E+03   1.22763E+03   1.68098E+00   1.00000E-03   5.28086E+02
    2.44421E+03   1.21202E+03   1.67098E+00   1.00000E-03   5.23743E+02
    2.42238E+03   1.19649E+03   1.66098E+00   1.00000E-03   5.19404E+02
    2.40064E+03   1.18104E+03   1.65098E+00   1.00000E-03   5.15069E+02
    2.37899E+03   1.16567E+03   1.64098E+00   1.00000E-03   5.10738E+02
    2.35744E+03   1.15037E+03   1.63098E+00   1.00000E-03   5.06412E+02
    2.33598E+03   1.13516E+03   1.62098E+00   1.00000E-03   5.02089E+02
    2.31461E+03   1.12003E+03   1.61098E+00   1.00000E-03   4.97771E+02
    2.29334E+03   1.10498E+03   1.60098E+00   1.00000E-03   4.93458E+02
    2.27216E+03   1.09002E+03   1.59098E+00   1.00000E-03   4.89149E+02
    2.25107E+03   1.07514E+03   1.58098E+00   1.00000E-03   4.84845E+02
    2.23008E+03   1.06034E+03   1.57098E+00   1.00000E-03   4.80547E+02
    2.20918E+03   1.04563E+03   1.56098E+00   1.00000E-03   4.76253E+02
    2.18838E+03   1.03100E+03   1.55098E+00   1.00000E-03   4.71964E+02
    2.16767E+03   1.01647E+03   1.54098E+00   1.00000E-03   4.67681E+02
    2.14705E+03   1.00201E+03   1.53098E+00   1.00000E-03   4.63403E+02
    2.12653E+03   9.87649E+02   1.52098E+00   1.00000E-03   4.59131E+02
    2.10610E+03   9.73373E+02   1.51098E+00   1.00000E-03   4.54865E+02
    2.08577E+03   9.59186E+02   1.50098E+00   1.00000E-03   4.50604E+02
    2.06553E+03   9.45089E+02   1.49098E+00   1.00000E-03   4.46350E+02
    2.04538E+03   9.31083E+02   1.48098E+00   1.00000E-03   4.42101E+02
    2.02533E+03   9.17167E+02   1.47098E+00   1.00000E-03   4.37859E+02
    2.00538E+03   9.03343E+02   1.46098E+00   1.00000E-03   4.33624E+02
    1.98551E+03   8.89612E+02   1.45098E+00   1.00000E-03   4.29395E+02
    1.96575E+03   8.75973E+02   1.44098E+00   1.00000E-03   4.25173E+02
    1.94607E+03   8.62428E+02   1.43098E+00   1.00000E-03   4.20958E+02
    1.92649E+03   8.48978E+02   1.42098E+00   1.00000E-03   4.16750E+02
    1.90701E+03   8.35621E+02   1.41098E+00   1.00000E-03   4.12549E+02
    1.88762E+03   8.22361E+02   1.40098E+00   1.00000E-03   4.08355E+02
    1.86832E+03   8.09196E+02   1.39098E+00   1.00000E-03   4.04169E+02
    1.84912E+03   7.96127E+02   1.38098E+00   1.00000E-03   3.99991E+02
    1.83001E+03   7.83156E+02   1.37098E+00   1.00000E-03   3.95820E+02
    1.81100E+03   7.70282E+02   1.36098E+00   1.00000E-03   3.91657E+02
    1.79208E+03   7.57506E+02   1.35098E+00   1.00000E-03   3.87503E+02
    1.77325E+03   7.44829E+02   1.34098E+00   1.00000E-03   3.83357E+02
    1.75452E+03   7.32251E+02   1.33098E+00   1.00000E-03   3.79219E+02
    1.73589E+03   7.19773E+02   1.32098E+00   1.00000E-03   3.75090E+02
    1.71734E+03   7.07395E+02   1.31098E+00   1.00000E-03   3.70969E+02
    1.69890E+03   6.95117E+02   1.30098E+00   1.00000E-03   3.66858E+02
    1.68054E+03   6.82941E+02   1.29098E+00   1.00000E-03   3.62756E+02
    1.66228E+03   6.70867E+02   1.28098E+00   1.00000E-03   3.58663E+02
    1.64411E+03   6.58895E+02   1.27098E+00   1.00000E-03   3.54579E+02
    1.62604E+03   6.47025E+02   1.26098E+00   1.00000E-03   3.50505E+02
    1.60806E+03   6.35259E+02   1.25098E+00   1.00000E-03   3.46441E+02
    1.59017E+03   6.23596E+02   1.24098E+00   1.00000E-03   3.42386E+02
    1.57238E+03   6.12038E+02   1.23098E+00   1.00000E-03   3.38342E+02
    1.55468E+03   6.00584E+02   1.22098E+00   1.00000E-03   3.34308E+02
    1.53708E+03   5.89234E+02   1.21098E+00   1.00000E-03   3.30285E+02
    1.51957E+03   5.77990E+02   1.20098E+00   1.00000E-03   3.26272E+02
    1.50215E+03   5.66852E+02   1.19098E+00   1.00000E-03   3.22271E+02
    1.48482E+03   5.55820E+02   1.18098E+00   1.00000E-03   3.18280E+02
    1.46759E+03   5.44895E+02   1.17098E+00   1.00000E-03   3.14300E+02
    1.45045E+03   5.34077E+02   1.16098E+00   1.00000E-03   3.10332E+02
    1.43340E+03   5.23366E+02   1.15098E+00   1.00000E-03   3.06376E+02
    1.41645E+03   5.12762E+02   1.14098E+00   1.00000E-03   3.02431E+02
    1.39959E+03   5.02267E+02   1.13098E+00   1.00000E-03   2.98498E+02
    1.38282E+03   4.91880E+02   1.12098E+00   1.00000E-03   2.94578E+02
    1.36614E+03   4.81602E+02   1.11098E+00   1.00000E-03   2.90669E+02
    1.34955E+03   4.71433E+02   1.10098E+00   1.00000E-03   2.86774E+02
    1.33306E+03   4.61373E+02   1.09098E+00   1.00000E-03   2.82891E+02
    1.31666E+03   4.51423E+02   1.08098E+00   1.00000E-03   2.79021E+02
    1.30035E+03   4.41583E+02   1.07098E+00   1.00000E-03   2.75165E+02
    1.28413E+03   4.32040E+02   1.06098E+00   1.26347E-03   2.71321E+02
    1.26800E+03   4.22660E+02   1.05098E+00   1.62307E-03   2.67489E+02
    1.25195E+03   4.13409E+02   1.04098E+00   2.03708E-03   2.63668E+02
    1.23600E+03   4.04285E+02   1.03098E+00   2.50681E-03   2.59859E+02
    1.22013E+03   3.95285E+02   1.02098E+00   3.03275E-03   2.56061E+02
    1.20435E+03   3.86407E+02   1.01098E+00   3.61575E-03   2.52274E+02
    1.18866E+03   3.77648E+02   1.00098E+00   4.25572E-03   2.48500E+02
    1.18085E+03   3.73313E+02   9.95980E-01   4.59686E-03   2.46617E+02
    1.17306E+03   3.69006E+02   9.90980E-01   4.95228E-03   2.44736E+02
    1.16529E+03   3.64728E+02   9.85980E-01   5.32143E-03   2.42859E+02
    1.15754E+03   3.60478E+02   9.80980E-01   5.70443E-03   2.40985E+02
    1.14981E+03   3.56256E+02   9.75980E-01   6.10161E-03   2.39113E+02
    1.14211E+03   3.52061E+02   9.70980E-01   6.51154E-03   2.37245E+02
    1.13443E+03   3.47893E+02   9.65980E-01   6.93519E-03   2.35379E+02
    1.12676E+03   3.43752E+02   9.60980E-01   7.37198E-03   2.33516E+02
    1.11912E+03   3.39637E+02   9.55980E-01   7.82184E-03   2.31657E+02
    1.11151E+03   3.35549E+02   9.50980E-01   8.28424E-03   2.29800E+02
    1.10391E+03   3.31487E+02   9.45980E-01   8.75916E-03   2.27946E+02
    1.09633E+03   3.27450E+02   9.40980E-01   9.24682E-03   2.26096E+02
    1.08878E+03   3.23439E+02   9.35980E-01   9.74553E-03   2.24248E+02
    1.08124E+03   3.19453E+02   9.30980E-01   1.02562E-02   2.22404E+02
    1.07373E+03   3.15491E+02   9.25980E-01   1.07783E-02   2.20562E+02
    1.06624E+03   3.11555E+02   9.20980E-01   1.13114E-02   2.18724E+02
    1.05877E+03   3.07642E+02   9.15980E-01   1.18552E-02   2.16889E+02
    1.05132E+03   3.03754E+02   9.10980E-01   1.24094E-02   2.15058E+02
    1.04390E+03   2.99890E+02   9.05980E-01   1.29737E-02   2.13229E+02
    1.03649E+03   2.96050E+02   9.00980E-01   1.35476E-02   2.11404E+02
    1.02911E+03   2.92234E+02   8.95980E-01   1.41309E-02   2.09582E+02
    1.02174E+03   2.88441E+02   8.90980E-01   1.47232E-02   2.07764E+02
    1.01440E+03   2.84672E+02   8.85980E-01   1.53241E-02   2.05949E+02
    1.00708E+03   2.80925E+02   8.80980E-01   1.59333E-02   2.04137E+02
    9.99781E+02   2.77203E+02   8.75980E-01   1.65504E-02   2.02329E+02
    9.92503E+02   2.73503E+02   8.70980E-01   1.71750E-02   2.00525E+02
    9.85246E+02   2.69826E+02   8.65980E-01   1.78067E-02   1.98724E+02
    9.78010E+02   2.66172E+02   8.60980E-01   1.84452E-02   1.96927E+02
    9.70795E+02   2.62541E+02   8.55980E-01   1.90901E-02   1.95133E+02
    9.63602E+02   2.58933E+02   8.50980E-01   1.97409E-02   1.93343E+02
    9.56429E+02   2.55347E+02   8.45980E-01   2.03973E-02   1.91558E+02
    9.49278E+02   2.51785E+02   8.40980E-01   2.10590E-02   1.89776E+02
    9.42147E+02   2.48245E+02   8.35980E-01   2.17255E-02   1.87997E+02
    9.35038E+02   2.44728E+02   8.30980E-01   2.23965E-02   1.86223E+02
    9.27950E+02   2.41234E+02   8.25980E-01   2.30715E-02   1.84453E+02
    9.20883E+02   2.37763E+02   8.20980E-01   2.37502E-02   1.82688E+02
    9.13837E+02   2.34314E+02   8.15980E-01   2.44323E-02   1.80926E+02
    9.06812E+02   2.30889E+02   8.10980E-01   2.51173E-02   1.79168E+02
    8.99808E+02   2.27486E+02   8.05980E-01   2.58049E-02   1.77415E+02
    8.92826E+02   2.24106E+02   8.00980E-01   2.64948E-02   1.75666E+02
    8.85864E+02   2.20750E+02   7.95980E-01   2.71865E-02   1.73922E+02
    8.78923E+02   2.17416E+02   7.90980E-01   2.78797E-02   1.72182E+02
    8.72003E+02   2.14106E+02   7.85980E-01   2.85740E-02   1.70447E+02
    8.65104E+02   2.10819E+02   7.80980E-01   2.92691E-02   1.68717E+02
    8.58227E+02   2.07556E+02   7.75980E-01   2.99648E-02   1.66991E+02
    8.51370E+02   2.04316E+02   7.70980E-01   3.06605E-02   1.65270E+02
    8.44534E+02   2.01100E+02   7.65980E-01   3.13560E-02   1.63553E+02
    8.37719E+02   1.97907E+02   7.60980E-01   3.20510E-02   1.61842E+02
    8.30925E+02   1.94738E+02   7.55980E-01   3.27451E-02   1.60136E+02
    8.24152E+02   1.91594E+02   7.50980E-01   3.34380E-02   1.58435E+02
    8.17399E+02   1.88473E+02   7.45980E-01   3.41295E-02   1.56739E+02
    8.10668E+02   1.85376E+02   7.40980E-01   3.48191E-02   1.55048E+02
    8.03957E+02   1.82304E+02   7.35980E-01   3.55067E-02   1.53362E+02
    7.97267E+02   1.79256E+02   7.30980E-01   3.61919E-02   1.51682E+02
    7.90598E+02   1.76233E+02   7.25980E-01   3.68744E-02   1.50008E+02
    7.83949E+02   1.73234E+02   7.20980E-01   3.75539E-02   1.48339E+02
    7.77322E+02   1.70261E+02   7.15980E-01   3.82302E-02   1.46675E+02
    7.70715E+02   1.67312E+02   7.10980E-01   3.89031E-02   1.45017E+02
    7.64128E+02   1.64388E+02   7.05980E-01   3.95721E-02   1.43365E+02
    7.57562E+02   1.61489E+02   7.00980E-01   4.02371E-02   1.41719E+02
    7.51017E+02   1.58616E+02   6.95980E-01   4.08979E-02   1.40079E+02
    7.44493E+02   1.55768E+02   6.90980E-01   4.15541E-02   1.38444E+02
    7.37988E+02   1.52946E+02   6.85980E-01   4.22055E-02   1.36816E+02
    7.31505E+02   1.50150E+02   6.80980E-01   4.28520E-02   1.35194E+02
    7.25042E+02   1.47379E+02   6.75980E-01   4.34932E-02   1.33578E+02
    7.18599E+02   1.44634E+02   6.70980E-01   4.41289E-02   1.31969E+02
    7.12176E+02   1.41916E+02   6.65980E-01   4.47590E-02   1.30366E+02
    7.05774E+02   1.39223E+02   6.60980E-01   4.53831E-02   1.28769E+02
    6.99392E+02   1.36557E+02   6.55980E-01   4.60012E-02   1.27179E+02
    6.93031E+02   1.33917E+02   6.50980E-01   4.66129E-02   1.25596E+02
    6.86689E+02   1.31304E+02   6.45980E-01   4.72182E-02   1.24019E+02
    6.80368E+02   1.28717E+02   6.40980E-01   4.78167E-02   1.22449E+02
    6.74067E+02   1.26157E+02   6.35980E-01   4.84083E-02   1.20886E+02
    6.67785E+02   1.23624E+02   6.30980E-01   4.89928E-02   1.19330E+02
    6.61524E+02   1.21118E+02   6.25980E-01   4.95701E-02   1.17781E+02
    6.55283E+02   1.18639E+02   6.20980E-01   5.01399E-02   1.16239E+02
    6.49061E+02   1.16187E+02   6.15980E-01   5.07021E-02   1.14705E+02
    6.42859E+02   1.13762E+02   6.10980E-01   5.12565E-02   1.13177E+02
    6.36677E+02   1.11364E+02   6.05980E-01   5.18029E-02   1.11657E+02
    6.30515E+02   1.08993E+02   6.00980E-01   5.23412E-02   1.10145E+02
    6.24372E+02   1.06650E+02   5.95980E-01   5.28712E-02   1.08640E+02
    6.18249E+02   1.04335E+02   5.90980E-01   5.33928E-02   1.07142E+02
    6.12145E+02   1.02047E+02   5.85980E-01   5.39058E-02   1.05652E+02
    6.06061E+02   9.97859E+01   5.80980E-01   5.44100E-02   1.04170E+02
    5.99996E+02   9.75529E+01   5.75980E-01   5.49053E-02   1.02696E+02
    5.93950E+02   9.53476E+01   5.70980E-01   5.53916E-02   1.01230E+02
    5.87924E+02   9.31700E+01   5.65980E-01   5.58687E-02   9.97714E+01
    5.81916E+02   9.10200E+01   5.60980E-01   5.63364E-02   9.83212E+01
    5.75928E+02   8.88978E+01   5.55980E-01   5.67947E-02   9.68792E+01
    5.69959E+02   8.68034E+01   5.50980E-01   5.72434E-02   9.54454E+01
    5.64008E+02   8.47368E+01   5.45980E-01   5.76824E-02   9.40199E+01
    5.58076E+02   8.26980E+01   5.40980E-01   5.81114E-02   9.26028E+01
    5.52163E+02   8.06870E+01   5.35980E-01   5.85305E-02   9.11942E+01
    5.46269E+02   7.87038E+01   5.30980E-01   5.89394E-02   8.97941E+01
    5.40393E+02   7.67485E+01   5.25980E-01   5.93381E-02   8.84027E+01
    5.34536E+02   7.48210E+01   5.20980E-01   5.97264E-02   8.70200E+01
    5.28697E+02   7.29212E+01   5.15980E-01   6.01042E-02   8.56460E+01
    5.22876E+02   7.10493E+01   5.10980E-01   6.04699E-02   8.42810E+01
    5.17074E+02   6.92051E+01   5.05980E-01   6.08263E-02   8.29249E+01
    5.11289E+02   6.73887E+01   5.00980E-01   6.11718E-02   8.15779E+01
    5.05523E+02   6.56000E+01   4.95980E-01   6.15063E-02   8.02399E+01
    4.99774E+02   6.38390E+01   4.90980E-01   6.18296E-02   7.89112E+01
    4.94043E+02   6.21056E+01   4.85980E-01   6.21417E-02   7.75917E+01
    4.88330E+02   6.03998E+01   4.80980E-01   6.24424E-02   7.62816E+01
    4.82635E+02   5.87215E+01   4.75980E-01   6.27315E-02   7.49809E+01
    4.76957E+02   5.70707E+01   4.70980E-01   6.30091E-02   7.36897E+01
    4.71296E+02   5.54474E+01   4.65980E-01   6.32748E-02   7.24081E+01
    4.65653E+02   5.38514E+01   4.60980E-01   6.35286E-02   7.11362E+01
    4.60026E+02   5.22827E+01   4.55980E-01   6.37704E-02   6.98740E+01
    4.54417E+02   5.07412E+01   4.50980E-01   6.40001E-02   6.86216E+01
    4.48825E+02   4.92268E+01   4.45980E-01   6.42174E-02   6.73792E+01
    4.43250E+02   4.77395E+01   4.40980E-01   6.44224E-02   6.61467E+01
    4.37691E+02   4.62791E+01   4.35980E-01   6.46147E-02   6.49242E+01
    4.32149E+02   4.48456E+01   4.30980E-01   6.47944E-02   6.37120E+01
    4.26623E+02   4.34388E+01   4.25980E-01   6.49613E-02   6.25099E+01
    4.21114E+02   4.20587E+01   4.20980E-01   6.51151E-02   6.13181E+01
    4.15621E+02   4.07051E+01   4.15980E-01   6.52559E-02   6.01367E+01
    4.10144E+02   3.93779E+01   4.10980E-01   6.53834E-02   5.89658E+01
    4.04683E+02   3.80771E+01   4.05980E-01   6.54975E-02   5.78054E+01
    3.99238E+02   3.68024E+01   4.00980E-01   6.55980E-02   5.66556E+01
    3.93809E+02   3.55538E+01   3.95980E-01   6.56849E-02   5.55165E+01
    3.88395E+02   3.43311E+01   3.90980E-01   6.57578E-02   5.43882E+01
    3.82997E+02   3.31342E+01   3.85980E-01   6.58167E-02   5.32707E+01
    3.77614E+02   3.19629E+01   3.80980E-01   6.58614E-02   5.21641E+01
    3.72246E+02   3.08172E+01   3.75980E-01   6.58917E-02   5.10686E+01
    3.66893E+02   2.96967E+01   3.70980E-01   6.59075E-02   4.99841E+01
    3.61556E+02   2.86015E+01   3.65980E-01   6.59085E-02   4.89108E+01
    3.56233E+02   2.75312E+01   3.60980E-01   6.58946E-02   4.78488E+01
    3.50924E+02   2.64859E+01   3.55980E-01   6.58656E-02   4.67980E+01
    3.45631E+02   2.54652E+01   3.50980E-01   6.58213E-02   4.57587E+01
    3.40351E+02   2.44690E+01   3.45980E-01   6.57615E-02   4.47309E+01
    3.35086E+02   2.34971E+01   3.40980E-01   6.56860E-02   4.37146E+01
    3.29835E+02   2.25494E+01   3.35980E-01   6.55946E-02   4.27099E+01
    3.24598E+02   2.16257E+01   3.30980E-01   6.54869E-02   4.17170E+01
    3.19374E+02   2.07257E+01   3.25980E-01   6.53629E-02   4.07359E+01
    3.14165E+02   1.98493E+01   3.20980E-01   6.52223E-02   3.97666E+01
    3.08968E+02   1.89963E+01   3.15980E-01   6.50648E-02   3.88093E+01
    3.03785E+02   1.81664E+01   3.10980E-01   6.48902E-02   3.78640E+01
    2.98615E+02   1.73595E+01   3.05980E-01   6.46982E-02   3.69309E+01
    2.93458E+02   1.65753E+01   3.00980E-01   6.44886E-02   3.60099E+01
    2.88314E+02   1.58136E+01   2.95980E-01   6.42609E-02   3.51012E+01
    2.83183E+02   1.50743E+01   2.90980E-01   6.40151E-02   3.42048E+01
    2.78064E+02   1.43569E+01   2.85980E-01   6.37507E-02   3.33208E+01
    2.72958E+02   1.36614E+01   2.80980E-01   6.34674E-02   3.24494E+01
    2.67864E+02   1.29875E+01   2.75980E-01   6.31650E-02   3.15905E+01
    2.62781E+02   1.23350E+01   2.70980E-01   6.28430E-02   3.07442E+01
    2.57711E+02   1.17035E+01   2.65980E-01   6.25011E-02   2.99107E+01
    2.52652E+02   1.10929E+01   2.60980E-01   6.21390E-02   2.90899E+01
    2.47605E+02   1.05029E+01   2.55980E-01   6.17562E-02   2.82820E+01
    2.42569E+02   9.93318E+00   2.50980E-01   6.13524E-02   2.74871E+01
    2.37544E+02   9.38355E+00   2.45980E-01   6.09272E-02   2.67051E+01
    2.32530E+02   8.85371E+00   2.40980E-01   6.04800E-02   2.59362E+01
    2.27527E+02   8.34339E+00   2.35980E-01   6.00105E-02   2.51805E+01
    2.22535E+02   7.85230E+00   2.30980E-01   5.95182E-02   2.44380E+01
    2.21538E+02   7.75637E+00   2.29980E-01   5.94169E-02   2.42911E+01
    2.20541E+02   7.66119E+00   2.28980E-01   5.93147E-02   2.41447E+01
    2.19544E+02   7.56677E+00   2.27980E-01   5.92116E-02   2.39988E+01
    2.18549E+02   7.47309E+00   2.26980E-01   5.91076E-02   2.38535E+01
    2.17553E+02   7.38017E+00   2.25980E-01   5.90026E-02   2.37087E+01
    2.16558E+02   7.28799E+00   2.24980E-01   5.88966E-02   2.35645E+01
    2.15563E+02   7.19655E+00   2.23980E-01   5.87897E-02   2.34208E+01
    2.14569E+02   7.10586E+00   2.22980E-01   5.86818E-02   2.32776E+01
    2.13575E+02   7.01590E+00   2.21980E-01   5.85729E-02   2.31349E+01
    2.12581E+02   6.92669E+00   2.20980E-01   5.84631E-02   2.29928E+01
    2.11588E+02   6.83820E+00   2.19980E-01   5.83523E-02   2.28512E+01
    2.10595E+02   6.75045E+00   2.18980E-01   5.82406E-02   2.27102E+01
    2.09603E+02   6.66343E+00   2.17980E-01   5.81278E-02   2.25697E+01
    2.08611E+02   6.57714E+00   2.16980E-01   5.80141E-02   2.24297E+01
    2.07619E+02   6.49157E+00   2.15980E-01   5.78993E-02   2.22903E+01
    2.06628E+02   6.40673E+00   2.14980E-01   5.77836E-02   2.21514E+01
    2.05638E+02   6.32260E+00   2.13980E-01   5.76669E-02   2.20130E+01
    2.04647E+02   6.23919E+00   2.12980E-01   5.75491E-02   2.18752E+01
    2.03657E+02   6.15650E+00   2.11980E-01   5.74304E-02   2.17379E+01
    2.02668E+02   6.07452E+00   2.10980E-01   5.73106E-02   2.16012E+01
    2.01678E+02   5.99325E+00   2.09980E-01   5.71898E-02   2.14650E+01
    2.00690E+02   5.91269E+00   2.08980E-01   5.70680E-02   2.13294E+01
    1.99701E+02   5.83283E+00   2.07980E-01   5.69452E-02   2.11942E+01
    1.98713E+02   5.75368E+00   2.06980E-01   5.68213E-02   2.10597E+01
    1.97725E+02   5.67522E+00   2.05980E-01   5.66964E-02   2.09256E+01
    1.96738E+02   5.59747E+00   2.04980E-01   5.65705E-02   2.07921E+01
    1.95751E+02   5.52041E+00   2.03980E-01   5.64434E-02   2.06592E+01
    1.94765E+02   5.44404E+00   2.02980E-01   5.63154E-02   2.05268E+01
    1.93779E+02   5.36836E+00   2.01980E-01   5.61863E-02   2.03949E+01
    1.92793E+02   5.29337E+00   2.00980E-01   5.60561E-02   2.02636E+01
    1.91807E+02   5.21907E+00   1.99980E-01   5.59248E-02   2.01328E+01
    1.90822E+02   5.14544E+00   1.98980E-01   5.57925E-02   2.00026E+01
    1.89838E+02   5.07250E+00   1.97980E-01   5.56591E-02   1.98729E+01
    1.88853E+02   5.00024E+00   1.96980E-01   5.55246E-02   1.97438E+01
    1.87869E+02   4.92865E+00   1.95980E-01   5.53890E-02   1.96152E+01
    1.86886E+02   4.85773E+00   1.94980E-01   5.52523E-02   1.94871E+01
    1.85903E+02   4.78748E+00   1.93980E-01   5.51145E-02   1.93596E+01
    1.84920E+02   4.71790E+00   1.92980E-01   5.49756E-02   1.92327E+01
    1.83937E+02   4.64899E+00   1.91980E-01   5.48356E-02   1.91063E+01
    1.82955E+02   4.58073E+00   1.90980E-01   5.46944E-02   1.89804E+01
    1.81973E+02   4.51314E+00   1.89980E-01   5.45522E-02   1.88551E+01
    1.80992E+02   4.44620E+00   1.88980E-01   5.44088E-02   1.87303E+01
    1.80011E+02   4.37992E+00   1.87980E-01   5.42642E-02   1.86061E+01
    1.79030E+02   4.31428E+00   1.86980E-01   5.41186E-02   1.84824E+01
    1.78050E+02   4.24930E+00   1.85980E-01   5.39717E-02   1.83593E+01
    1.77070E+02   4.18496E+00   1.84980E-01   5.38238E-02   1.82367E+01
    1.76090E+02   4.12126E+00   1.83980E-01   5.36746E-02   1.81147E+01
    1.75111E+02   4.05821E+00   1.82980E-01   5.35243E-02   1.79932E+01
    1.74132E+02   3.99579E+00   1.81980E-01   5.33729E-02   1.78723E+01
    1.73153E+02   3.93401E+00   1.80980E-01   5.32202E-02   1.77519E+01
    1.72175E+02   3.87286E+00   1.79980E-01   5.30664E-02   1.76320E+01
    1.71197E+02   3.81234E+00   1.78980E-01   5.29113E-02   1.75128E+01
    1.70219E+02   3.75244E+00   1.77980E-01   5.27551E-02   1.73940E+01
    1.69242E+02   3.69317E+00   1.76980E-01   5.25977E-02   1.72758E+01
    1.68265E+02   3.63453E+00   1.75980E-01   5.24390E-02   1.71582E+01
    1.67288E+02   3.57650E+00   1.74980E-01   5.22791E-02   1.70411E+01
    1.66312E+02   3.51908E+00   1.73980E-01   5.21181E-02   1.69246E+01
    1.65336E+02   3.46228E+00   1.72980E-01   5.19557E-02   1.68086E+01
    1.64360E+02   3.40609E+00   1.71980E-01   5.17922E-02   1.66932E+01
    1.63385E+02   3.35051E+00   1.70980E-01   5.16274E-02   1.65783E+01
    1.62410E+02   3.29553E+00   1.69980E-01   5.14613E-02   1.64639E+01
    1.61435E+02   3.24115E+00   1.68980E-01   5.12940E-02   1.63502E+01
    1.60461E+02   3.18737E+00   1.67980E-01   5.11254E-02   1.62369E+01
    1.59487E+02   3.13419E+00   1.66980E-01   5.09556E-02   1.61242E+01
    1.58513E+02   3.08160E+00   1.65980E-01   5.07845E-02   1.60121E+01
    1.57539E+02   3.02960E+00   1.64980E-01   5.06120E-02   1.59005E+01
    1.56566E+02   2.97819E+00   1.63980E-01   5.04383E-02   1.57895E+01
    1.55594E+02   2.92736E+00   1.62980E-01   5.02633E-02   1.56790E+01
    1.54621E+02   2.87712E+00   1.61980E-01   5.00870E-02   1.55691E+01
    1.53649E+02   2.82745E+00   1.60980E-01   4.99091E-02   1.54597E+01
    1.52677E+02   2.77836E+00   1.59980E-01   4.97301E-02   1.53509E+01
    1.51705E+02   2.72984E+00   1.58980E-01   4.95498E-02   1.52426E+01
    1.50734E+02   2.68190E+00   1.57980E-01   4.93682E-02   1.51348E+01
    1.49763E+02   2.63451E+00   1.56980E-01   4.91852E-02   1.50277E+01
    1.48793E+02   2.58770E+00   1.55980E-01   4.90009E-02   1.49210E+01
    1.47822E+02   2.54144E+00   1.54980E-01   4.88152E-02   1.48149E+01
    1.46852E+02   2.49574E+00   1.53980E-01   4.86281E-02   1.47094E+01
    1.45882E+02   2.45060E+00   1.52980E-01   4.84397E-02   1.46044E+01
    1.44913E+02   2.40601E+00   1.51980E-01   4.82499E-02   1.45000E+01
    1.43944E+02   2.36196E+00   1.50980E-01   4.80587E-02   1.43961E+01
    1.42975E+02   2.31847E+00   1.49980E-01   4.78660E-02   1.42927E+01
    1.42006E+02   2.27552E+00   1.48980E-01   4.76720E-02   1.41900E+01
    1.41038E+02   2.23310E+00   1.47980E-01   4.74765E-02   1.40877E+01
    1.40070E+02   2.19123E+00   1.46980E-01   4.72797E-02   1.39860E+01
    1.39102E+02   2.14988E+00   1.45980E-01   4.70813E-02   1.38848E+01
    1.38135E+02   2.10907E+00   1.44980E-01   4.68816E-02   1.37842E+01
    1.37167E+02   2.06879E+00   1.43980E-01   4.66804E-02   1.36842E+01
    1.36201E+02   2.02903E+00   1.42980E-01   4.64777E-02   1.35846E+01
    1.35234E+02   1.98979E+00   1.41980E-01   4.62735E-02   1.34857E+01
    1.34268E+02   1.95107E+00   1.40980E-01   4.60679E-02   1.33872E+01
    1.33301E+02   1.91286E+00   1.39980E-01   4.58608E-02   1.32893E+01
    1.32336E+02   1.87517E+00   1.38980E-01   4.56521E-02   1.31920E+01
    1.31370E+02   1.83799E+00   1.37980E-01   4.54420E-02   1.30952E+01
    1.30405E+02   1.80131E+00   1.36980E-01   4.52304E-02   1.29989E+01
    1.29440E+02   1.76513E+00   1.35980E-01   4.50172E-02   1.29032E+01
    1.28475E+02   1.72946E+00   1.34980E-01   4.48025E-02   1.28080E+01
    1.27511E+02   1.69428E+00   1.33980E-01   4.45862E-02   1.27133E+01
    1.26546E+02   1.65959E+00   1.32980E-01   4.43684E-02   1.26192E+01
    1.25582E+02   1.62539E+00   1.31980E-01   4.41490E-02   1.25256E+01
    1.24619E+02   1.59168E+00   1.30980E-01   4.39281E-02   1.24326E+01
    1.23655E+02   1.55845E+00   1.29980E-01   4.37056E-02   1.23401E+01
    1.22692E+02   1.52571E+00   1.28980E-01   4.34814E-02   1.22481E+01
    1.21729E+02   1.49343E+00   1.27980E-01   4.32557E-02   1.21566E+01
    1.20766E+02   1.46164E+00   1.26980E-01   4.30283E-02   1.20657E+01
    1.19804E+02   1.43031E+00   1.25980E-01   4.27994E-02   1.19753E+01
    1.18842E+02   1.39945E+00   1.24980E-01   4.25688E-02   1.18855E+01
    1.17880E+02   1.36905E+00   1.23980E-01   4.23365E-02   1.17961E+01
    1.16918E+02   1.33912E+00   1.22980E-01   4.21026E-02   1.17073E+01
    1.15957E+02   1.30964E+00   1.21980E-01   4.18670E-02   1.16191E+01
    1.14995E+02   1.28061E+00   1.20980E-01   4.16298E-02   1.15313E+01
    1.14034E+02   1.25203E+00   1.19980E-01   4.13909E-02   1.14441E+01
    1.13074E+02   1.22391E+00   1.18980E-01   4.11502E-02   1.13574E+01
    1.12113E+02   1.19622E+00   1.17980E-01   4.09079E-02   1.12712E+01
    1.11153E+02   1.16897E+00   1.16980E-01   4.06638E-02   1.11855E+01
    1.10193E+02   1.14217E+00   1.15980E-01   4.04180E-02   1.11003E+01
    1.09233E+02   1.11579E+00   1.14980E-01   4.01705E-02   1.10157E+01
    1.08273E+02   1.08984E+00   1.13980E-01   3.99212E-02   1.09315E+01
    1.07314E+02   1.06433E+00   1.12980E-01   3.96701E-02   1.08479E+01
    1.06355E+02   1.03923E+00   1.11980E-01   3.94173E-02   1.07647E+01
    1.05396E+02   1.01455E+00   1.10980E-01   3.91627E-02   1.06821E+01
    1.04437E+02   9.90290E-01   1.09980E-01   3.89063E-02   1.06000E+01
    1.03479E+02   9.66442E-01   1.08980E-01   3.86481E-02   1.05184E+01
    1.02520E+02   9.43002E-01   1.07980E-01   3.83880E-02   1.04372E+01
    1.01562E+02   9.19968E-01   1.06980E-01   3.81261E-02   1.03566E+01
    1.00604E+02   8.97335E-01   1.05980E-01   3.78624E-02   1.02765E+01
    9.96467E+01   8.75101E-01   1.04980E-01   3.75969E-02   1.01968E+01
    9.86893E+01   8.53262E-01   1.03980E-01   3.73294E-02   1.01177E+01
    9.77320E+01   8.31814E-01   1.02980E-01   3.70601E-02   1.00390E+01
    9.67750E+01   8.10754E-01   1.01980E-01   3.67889E-02   9.96080E+00
    9.58182E+01   7.90077E-01   1.00980E-01   3.65157E-02   9.88308E+00
    9.48616E+01   7.69782E-01   9.99800E-02   3.62407E-02   9.80583E+00
    9.39052E+01   7.49863E-01   9.89800E-02   3.59637E-02   9.72906E+00
    9.29490E+01   7.30317E-01   9.79800E-02   3.56848E-02   9.65275E+00
    9.19930E+01   7.11140E-01   9.69800E-02   3.54041E-02   9.57691E+00
    9.10372E+01   6.92330E-01   9.59800E-02   3.51213E-02   9.50152E+00
    9.00816E+01   6.73882E-01   9.49800E-02   3.48365E-02   9.42660E+00
    8.91261E+01   6.55792E-01   9.39800E-02   3.45497E-02   9.35212E+00
    8.81709E+01   6.38057E-01   9.29800E-02   3.42609E-02   9.27810E+00
    8.72159E+01   6.20674E-01   9.19800E-02   3.39701E-02   9.20451E+00
    8.62610E+01   6.03637E-01   9.09800E-02   3.36773E-02   9.13137E+00
    8.53063E+01   5.86945E-01   8.99800E-02   3.33824E-02   9.05866E+00
    8.43518E+01   5.70592E-01   8.89800E-02   3.30855E-02   8.98638E+00
    8.33975E+01   5.54575E-01   8.79800E-02   3.27865E-02   8.91452E+00
    8.24434E+01   5.38891E-01   8.69800E-02   3.24855E-02   8.84309E+00
    8.14894E+01   5.23535E-01   8.59800E-02   3.21823E-02   8.77206E+00
    8.05357E+01   5.08505E-01   8.49800E-02   3.18771E-02   8.70144E+00
    7.95821E+01   4.93795E-01   8.39800E-02   3.15697E-02   8.63123E+00
    7.86286E+01   4.79402E-01   8.29800E-02   3.12602E-02   8.56141E+00
    7.76754E+01   4.65322E-01   8.19800E-02   3.09486E-02   8.49198E+00
    7.67223E+01   4.51552E-01   8.09800E-02   3.06349E-02   8.42294E+00
    7.57694E+01   4.40825E-01   7.99800E-02   3.04295E-02   8.35401E+00
    7.48166E+01   4.29161E-01   7.89800E-02   3.01808E-02   8.28515E+00
    7.38639E+01   4.17509E-01   7.79800E-02   2.99268E-02   8.21642E+00
    7.29114E+01   4.05964E-01   7.69800E-02   2.96717E-02   8.14784E+00
    7.19591E+01   3.94571E-01   7.59800E-02   2.94171E-02   8.07941E+00
    7.10069E+01   3.83358E-01   7.49800E-02   2.91640E-02   8.01114E+00
    7.00548E+01   3.72339E-01   7.39800E-02   2.89128E-02   7.94303E+00
    6.91029E+01   3.61522E-01   7.29800E-02   2.86640E-02   7.87508E+00
    6.81512E+01   3.50912E-01   7.19800E-02   2.84179E-02   7.80728E+00
    6.71996E+01   3.40511E-01   7.09800E-02   2.81747E-02   7.73962E+00
    6.62481E+01   3.30319E-01   6.99800E-02   2.79346E-02   7.67210E+00
    6.52968E+01   3.20336E-01   6.89800E-02   2.76979E-02   7.60471E+00
    6.43456E+01   3.10561E-01   6.79800E-02   2.74648E-02   7.53745E+00
    6.33946E+01   3.00993E-01   6.69800E-02   2.72354E-02   7.47031E+00
    6.24437E+01   2.91631E-01   6.59800E-02   2.70100E-02   7.40327E+00
    6.14929E+01   2.82471E-01   6.49800E-02   2.67887E-02   7.33632E+00
    6.05423E+01   2.73514E-01   6.39800E-02   2.65717E-02   7.26947E+00
    5.95918E+01   2.64755E-01   6.29800E-02   2.63592E-02   7.20269E+00
    5.86415E+01   2.56194E-01   6.19800E-02   2.61514E-02   7.13597E+00
    5.76913E+01   2.47827E-01   6.09800E-02   2.59484E-02   7.06930E+00
    5.67412E+01   2.39653E-01   5.99800E-02   2.57504E-02   7.00267E+00
    5.57913E+01   2.31668E-01   5.89800E-02   2.55576E-02   6.93607E+00
    5.48415E+01   2.23871E-01   5.79800E-02   2.53701E-02   6.86947E+00
    5.38919E+01   2.16259E-01   5.69800E-02   2.51880E-02   6.80287E+00
    5.29423E+01   2.08829E-01   5.59800E-02   2.50116E-02   6.73625E+00
    5.19929E+01   2.01578E-01   5.49800E-02   2.48411E-02   6.66959E+00
    5.10436E+01   1.94504E-01   5.39800E-02   2.46765E-02   6.60287E+00
    5.00945E+01   1.87604E-01   5.29800E-02   2.45180E-02   6.53608E+00
    4.91455E+01   1.80876E-01   5.19800E-02   2.43659E-02   6.46919E+00
    4.81966E+01   1.74316E-01   5.09800E-02   2.42203E-02   6.40218E+00
    4.72478E+01   1.67923E-01   4.99800E-02   2.40815E-02   6.33504E+00
    4.62992E+01   1.61692E-01   4.89800E-02   2.39496E-02   6.26773E+00
    4.53507E+01   1.55621E-01   4.79800E-02   2.38249E-02   6.20023E+00
    4.44023E+01   1.49708E-01   4.69800E-02   2.37076E-02   6.13252E+00
    4.34541E+01   1.43950E-01   4.59800E-02   2.35979E-02   6.06456E+00
    4.25059E+01   1.38344E-01   4.49800E-02   2.34961E-02   5.99633E+00
    4.15579E+01   1.32887E-01   4.39800E-02   2.34024E-02   5.92779E+00
    4.06100E+01   1.27576E-01   4.29800E-02   2.33172E-02   5.85892E+00
    3.96623E+01   1.22408E-01   4.19800E-02   2.32407E-02   5.78966E+00
    3.87146E+01   1.17381E-01   4.09800E-02   2.31733E-02   5.71998E+00
    3.77671E+01   1.12492E-01   3.99800E-02   2.31153E-02   5.64985E+00
    3.68197E+01   1.07737E-01   3.89800E-02   2.30671E-02   5.57921E+00
    3.58724E+01   1.03114E-01   3.79800E-02   2.30291E-02   5.50802E+00
    3.49253E+01   9.86205E-02   3.69800E-02   2.30018E-02   5.43623E+00
    3.39782E+01   9.42529E-02   3.59800E-02   2.29856E-02   5.36377E+00
    3.30313E+01   9.00084E-02   3.49800E-02   2.29810E-02   5.29059E+00
    3.20845E+01   8.58841E-02   3.39800E-02   2.29887E-02   5.21663E+00
    3.11378E+01   8.18770E-02   3.29800E-02   2.30092E-02   5.14181E+00
    3.01912E+01   7.79842E-02   3.19800E-02   2.30433E-02   5.06605E+00
    2.92448E+01   7.42026E-02   3.09800E-02   2.30916E-02   4.98927E+00
    2.82985E+01   7.05292E-02   2.99800E-02   2.31551E-02   4.91139E+00
    2.73523E+01   6.69611E-02   2.89800E-02   2.32346E-02   4.83230E+00
    2.64062E+01   6.34953E-02   2.79800E-02   2.33312E-02   4.75189E+00
    2.54602E+01   6.01286E-02   2.69800E-02   2.34462E-02   4.67005E+00
    2.45144E+01   5.68583E-02   2.59800E-02   2.35807E-02   4.58664E+00
    2.35687E+01   5.36812E-02   2.49800E-02   2.37364E-02   4.50152E+00
    2.26231E+01   5.05945E-02   2.39800E-02   2.39149E-02   4.41453E+00
    2.16776E+01   4.75953E-02   2.29800E-02   2.41182E-02   4.32549E+00
    2.07323E+01   4.46808E-02   2.19800E-02   2.43487E-02   4.23420E+00
    1.97871E+01   4.18481E-02   2.09800E-02   2.46089E-02   4.14044E+00
    1.88420E+01   3.90946E-02   1.99800E-02   2.49022E-02   4.04396E+00
    1.78971E+01   3.64178E-02   1.89800E-02   2.52321E-02   3.94448E+00
    1.69523E+01   3.38152E-02   1.79800E-02   2.56032E-02   3.84166E+00
    1.60076E+01   3.12846E-02   1.69800E-02   2.60210E-02   3.73514E+00
    1.50631E+01   2.88240E-02   1.59800E-02   2.64921E-02   3.62449E+00
    1.41188E+01   2.64317E-02   1.49800E-02   2.70248E-02   3.50921E+00
    1.31746E+01   2.41062E-02   1.39800E-02   2.76295E-02   3.38870E+00
    1.22306E+01   2.18464E-02   1.29800E-02   2.83197E-02   3.26227E+00
    1.12867E+01   1.96518E-02   1.19800E-02   2.91129E-02   3.12906E+00
    1.03430E+01   1.75226E-02   1.09800E-02   3.00327E-02   2.98803E+00
    9.39954E+00   1.54594E-02   9.98000E-03   3.11112E-02   2.83789E+00
    8.45626E+00   1.34643E-02   8.98000E-03   3.23941E-02   2.67698E+00
    7.51320E+00   1.15403E-02   7.98000E-03   3.39481E-02   2.50312E+00
    6.57037E+00   9.69219E-03   6.98000E-03   3.58763E-02   2.31338E+00
    5.62780E+00   7.92712E-03   5.98000E-03   3.83457E-02   2.10359E+00
    4.68552E+00   6.25552E-03   4.98000E-03   4.16492E-02   1.86746E+00
    3.74357E+00   4.69264E-03   3.98000E-03   4.63554E-02   1.59471E+00
    2.80199E+00   3.26147E-03   2.98000E-03   5.37456E-02   1.26622E+00
    1.86088E+00   1.99856E-03   1.98000E-03   6.75054E-02   8.37681E-01
    9.20363E-01   9.68219E-04   9.80000E-04   1.05040E-01   1.46007E-01
    8.26354E-01   8.82079E-04   8.80000E-04   1.12968E-01   3.89449E-02
    7.32355E-01   7.99634E-04   7.80000E-04   1.22742E-01  -8.32702E-02
    6.38366E-01   7.21060E-04   6.80000E-04   1.35122E-01  -2.26223E-01
    5.44389E-01   6.46503E-04   5.80000E-04   1.51361E-01  -3.99009E-01
    4.50424E-01   5.76006E-04   4.80000E-04   1.73673E-01  -6.17651E-01
    3.56473E-01   5.09240E-04   3.80000E-04   2.06369E-01  -9.13569E-01
    3.47079E-01   5.02724E-04   3.70000E-04   2.10497E-01  -9.49555E-01
    3.37685E-01   4.96228E-04   3.60000E-04   2.14828E-01  -9.87050E-01
    3.28291E-01   4.89746E-04   3.50000E-04   2.19374E-01  -1.02617E+00
    3.18897E-01   4.83274E-04   3.40000E-04   2.24153E-01  -1.06705E+00
    3.09504E-01   4.76805E-04   3.30000E-04   2.29182E-01  -1.10984E+00
    3.00110E-01   4.70331E-04   3.20000E-04   2.34479E-01  -1.15468E+00
    2.90717E-01   4.63843E-04   3.10000E-04   2.40065E-01  -1.20176E+00
    2.81325E-01   4.57326E-04   3.00000E-04   2.45962E-01  -1.25128E+00
    2.71932E-01   4.50766E-04   2.90000E-04   2.52193E-01  -1.30347E+00
    2.62540E-01   4.44140E-04   2.80000E-04   2.58781E-01  -1.35857E+00
    2.53147E-01   4.37418E-04   2.70000E-04   2.65747E-01  -1.41687E+00
    2.43756E-01   4.30556E-04   2.60000E-04   2.73112E-01  -1.47868E+00
    2.34364E-01   4.23489E-04   2.50000E-04   2.80884E-01  -1.54438E+00
    2.24973E-01   4.16110E-04   2.40000E-04   2.89053E-01  -1.61434E+00
    2.15582E-01   4.08219E-04   2.30000E-04   2.97549E-01  -1.68901E+00
    2.06191E-01   3.99336E-04   2.20000E-04   3.06129E-01  -1.76882E+00
    1.96801E-01   3.85916E-04   2.10000E-04   3.12627E-01  -1.85400E+00
    1.87411E-01   3.64507E-04   2.00000E-04   3.14498E-01  -1.94329E+00
    1.78023E-01   3.43232E-04   1.90000E-04   3.16445E-01  -2.03636E+00
    1.68636E-01   3.22102E-04   1.80000E-04   3.18473E-01  -2.13358E+00
    1.59250E-01   3.01127E-04   1.70000E-04   3.20592E-01  -2.23534E+00
    1.49865E-01   2.80319E-04   1.60000E-04   3.22810E-01  -2.34214E+00
    1.40482E-01   2.59693E-04   1.50000E-04   3.25139E-01  -2.45454E+00
    1.31100E-01   2.39265E-04   1.40000E-04   3.27590E-01  -2.57322E+00
    1.21719E-01   2.19051E-04   1.30000E-04   3.30178E-01  -2.69899E+00
    1.12340E-01   1.99075E-04   1.20000E-04   3.32923E-01  -2.83282E+00
    1.02963E-01   1.79359E-04   1.10000E-04   3.35847E-01  -2.97593E+00
    9.35870E-02   1.59932E-04   1.00000E-04   3.38978E-01  -3.12985E+00
    8.42133E-02   1.40830E-04   9.00000E-05   3.42351E-01  -3.29654E+00
    7.48417E-02   1.22094E-04   8.00000E-05   3.46015E-01  -3.47857E+00
    6.54724E-02   1.03777E-04   7.00000E-05   3.50033E-01  -3.67944E+00
    5.61058E-02   8.59450E-05   6.00000E-05   3.54494E-01  -3.90411E+00
    4.67420E-02   6.86859E-05   5.00000E-05   3.59530E-01  -4.15991E+00
    3.73817E-02   5.21207E-05   4.00000E-05   3.65351E-01  -4.45853E+00
    2.80254E-02   3.64270E-05   3.00000E-05   3.72322E-01  -4.82055E+00
    1.86742E-02   2.18927E-05   2.00000E-05   3.81191E-01  -5.28839E+00
    9.33019E-03   9.07840E-06   1.00000E-05   3.94041E-01  -5.98104E+00
    8.39632E-03   7.93389E-06   9.00000E-06   3.95765E-01  -6.07530E+00
    7.46258E-03   6.82253E-06   8.00000E-06   3.97626E-01  -6.17743E+00
    6.52898E-03   5.74774E-06   7.00000E-06   3.99655E-01  -6.28918E+00
    5.59552E-03   4.71377E-06   6.00000E-06   4.01894E-01  -6.41300E+00
    4.66224E-03   3.72612E-06   5.00000E-06   4.04405E-01  -6.55253E+00
    3.72915E-03   2.79216E-06   4.00000E-06   4.07288E-01  -6.71351E+00
    2.79628E-03   1.92245E-06   3.00000E-06   4.10716E-01  -6.90600E+00
    1.86370E-03   1.13361E-06   2.00000E-06   4.15043E-01  -7.15057E+00
    9.31496E-04   4.57013E-07   1.00000E-06   4.21248E-01  -7.50423E+00
    8.38304E-04   3.97835E-07   9.00000E-07   4.22075E-01  -7.55159E+00
    7.45118E-04   3.40642E-07   8.00000E-07   4.22966E-01  -7.60269E+00
    6.51939E-04   2.85614E-07   7.00000E-07   4.23936E-01  -7.65836E+00
    5.58768E-04   2.32975E-07   6.00000E-07   4.25004E-01  -7.71972E+00
    4.65606E-04   1.83013E-07   5.00000E-07   4.26200E-01  -7.78847E+00
    3.72453E-04   1.36113E-07   4.00000E-07   4.27568E-01  -7.86724E+00
    2.79312E-04   9.28205E-08   3.00000E-07   4.29189E-01  -7.96063E+00
    1.86184E-04   5.39927E-08   2.00000E-07   4.31224E-01  -8.07793E+00
    9.30756E-05   2.12341E-08   1.00000E-07   4.34118E-01  -8.24442E+00
    8.37660E-05   1.84097E-08   9.00000E-08   4.34501E-01  -8.26638E+00
    7.44568E-05   1.56898E-08   8.00000E-08   4.34912E-01  -8.28998E+00
    6.51479E-05   1.30837E-08   7.00000E-08   4.35359E-01  -8.31554E+00
    5.58394E-05   1.06027E-08   6.00000E-08   4.35849E-01  -8.34357E+00
    4.65313E-05   8.26152E-09   5.00000E-08   4.36395E-01  -8.37473E+00
    3.72236E-05   6.07962E-09   4.00000E-08   4.37018E-01  -8.41010E+00
    2.79165E-05   4.08486E-09   3.00000E-08   4.37749E-01  -8.45152E+00
    1.86099E-05   2.32087E-09   2.00000E-08   4.38657E-01  -8.50257E+00
    9.30427E-06   8.69458E-10   1.00000E-08   4.39919E-01  -8.57256E+00
    8.37377E-06   7.47492E-10   9.00000E-09   4.40082E-01  -8.58151E+00
    7.44327E-06   6.30879E-10   8.00000E-09   4.40256E-01  -8.59104E+00
    6.51279E-06   5.20081E-10   7.00000E-09   4.40444E-01  -8.60127E+00
    5.58233E-06   4.15668E-10   6.00000E-09   4.40649E-01  -8.61233E+00
    4.65188E-06   3.18368E-10   5.00000E-09   4.40874E-01  -8.62444E+00
    3.72145E-06   2.29141E-10   4.00000E-09   4.41126E-01  -8.63793E+00
    2.79104E-06   1.49338E-10   3.00000E-09   4.41417E-01  -8.65331E+00
    1.86066E-06   8.10175E-11   2.00000E-09   4.41767E-01  -8.67157E+00
    9.30305E-07   2.78542E-11   1.00000E-09   4.42226E-01  -8.69504E+00
    8.37272E-07   2.36242E-11   9.00000E-10   4.42283E-01  -8.69789E+00
    7.44239E-07   1.96368E-11   8.00000E-10   4.42342E-01  -8.70088E+00
    6.51207E-07   1.59091E-11   7.00000E-10   4.42406E-01  -8.70403E+00
    5.58176E-07   1.24619E-11   6.00000E-10   4.42473E-01  -8.70739E+00
    4.65145E-07   9.32037E-12   5.00000E-10   4.42546E-01  -8.71098E+00
    3.72114E-07   6.51674E-12   4.00000E-10   4.42626E-01  -8.71487E+00
    2.79084E-07   4.09368E-12   3.00000E-10   4.42715E-01  -8.71916E+00
    1.86055E-07   2.11204E-12   2.00000E-10   4.42817E-01  -8.72405E+00
    9.30270E-08   6.70427E-13   1.00000E-10   4.42942E-01  -8.72994E+00
    8.37242E-08   5.62180E-13   9.00000E-11   4.42957E-01  -8.73062E+00
    7.44215E-08   4.61493E-13   8.00000E-11   4.42972E-01  -8.73133E+00
    6.51188E-08   3.68739E-13   7.00000E-11   4.42988E-01  -8.73207E+00
    5.58160E-08   2.84358E-13   6.00000E-11   4.43005E-01  -8.73284E+00
    4.65133E-08   2.08877E-13   5.00000E-11   4.43023E-01  -8.73365E+00
    3.72106E-08   1.42951E-13   4.00000E-11   4.43042E-01  -8.73452E+00
    2.79079E-08   8.74249E-14   3.00000E-11   4.43063E-01  -8.73544E+00
    1.86053E-08   4.34758E-14   2.00000E-11   4.43086E-01  -8.73647E+00
    9.30262E-09   1.29523E-14   1.00000E-11   4.43114E-01  -8.73764E+00
    8.37236E-09   1.07522E-14   9.00000E-12   4.43117E-01  -8.73778E+00
    7.44210E-09   8.72564E-15   8.00000E-12   4.43120E-01  -8.73791E+00
    6.51183E-09   6.87917E-15   7.00000E-12   4.43123E-01  -8.73805E+00
    5.58157E-09   5.22060E-15   6.00000E-12   4.43127E-01  -8.73819E+00
    4.65131E-09   3.75922E-15   5.00000E-12   4.43130E-01  -8.73834E+00
    3.72105E-09   2.50639E-15   4.00000E-12   4.43134E-01  -8.73850E+00
    2.79078E-09   1.47675E-15   3.00000E-12   4.43138E-01  -8.73865E+00
    1.86052E-09   6.90229E-16   2.00000E-12   4.43143E-01  -8.73882E+00
    9.30261E-10   1.77383E-16   1.00000E-12   4.43148E-01  -8.73900E+00
    8.37235E-10   1.42966E-16   9.00000E-13   4.43149E-01  -8.73901E+00
    7.44209E-10   1.11900E-16   8.00000E-13   4.43149E-01  -8.73903E+00
    6.51183E-10   8.42831E-17   7.00000E-13   4.43150E-01  -8.73905E+00
    5.58157E-10   6.02261E-17   6.00000E-13   4.43151E-01  -8.73907E+00
    4.65130E-10   3.98589E-17   5.00000E-13   4.43151E-01  -8.73908E+00
    3.72104E-10   2.33349E-17   4.00000E-13   4.43152E-01  -8.73910E+00
    2.79078E-10   1.08402E-17   3.00000E-13   4.43152E-01  -8.73911E+00
    1.86052E-10   2.60768E-18   2.00000E-13   4.43153E-01  -8.73912E+00
