    3.00942E+03   9.96107E+02   1.99098E+00   4.05024E-01   5.72529E+02
    2.98931E+03   9.94067E+02   1.98098E+00   4.03998E-01   5.70006E+02
    2.96921E+03   9.91893E+02   1.97098E+00   4.02956E-01   5.67463E+02
    2.94912E+03   9.89589E+02   1.96098E+00   4.01899E-01   5.64900E+02
    2.92904E+03   9.87155E+02   1.95098E+00   4.00826E-01   5.62316E+02
    2.90897E+03   9.84595E+02   1.94098E+00   3.99737E-01   5.59713E+02
    2.88892E+03   9.81908E+02   1.93098E+00   3.98631E-01   5.57090E+02
    2.86888E+03   9.79099E+02   1.92098E+00   3.97509E-01   5.54446E+02
    2.84886E+03   9.76167E+02   1.91098E+00   3.96370E-01   5.51783E+02
    2.82885E+03   9.73116E+02   1.90098E+00   3.95214E-01   5.49100E+02
    2.80886E+03   9.69946E+02   1.89098E+00   3.94040E-01   5.46397E+02
    2.78888E+03   9.66661E+02   1.88098E+00   3.92848E-01   5.43675E+02
    2.76893E+03   9.63261E+02   1.87098E+00   3.91638E-01   5.40933E+02
    2.74899E+03   9.59748E+02   1.86098E+00   3.90410E-01   5.38172E+02
    2.72907E+03   9.56124E+02   1.85098E+00   3.89163E-01   5.35391E+02
    2.70917E+03   9.52392E+02   1.84098E+00   3.87896E-01   5.32590E+02
    2.68929E+03   9.48552E+02   1.83098E+00   3.86611E-01   5.29771E+02
    2.66943E+03   9.44606E+02   1.82098E+00   3.85305E-01   5.26931E+02
    2.64960E+03   9.40556E+02   1.81098E+00   3.83980E-01   5.24073E+02
    2.62978E+03   9.36405E+02   1.80098E+00   3.82634E-01   5.21196E+02
    2.60999E+03   9.32152E+02   1.79098E+00   3.81267E-01   5.18299E+02
    2.59023E+03   9.27801E+02   1.78098E+00   3.79879E-01   5.15384E+02
    2.57049E+03   9.23353E+02   1.77098E+00   3.78469E-01   5.12449E+02
    2.55077E+03   9.18810E+02   1.76098E+00   3.77038E-01   5.09496E+02
    2.53108E+03   9.14172E+02   1.75098E+00   3.75585E-01   5.06523E+02
    2.51142E+03   9.09442E+02   1.74098E+00   3.74108E-01   5.03532E+02
    2.49178E+03   9.04622E+02   1.73098E+00   3.72609E-01   5.00522E+02
    2.47218E+03   8.99712E+02   1.72098E+00   3.71087E-01   4.97494E+02
    2.45260E+03   8.94715E+02   1.71098E+00   3.69541E-01   4.94447E+02
    2.43305E+03   8.89632E+02   1.70098E+00   3.67971E-01   4.91381E+02
    2.41353E+03   8.84464E+02   1.69098E+00   3.66376E-01   4.88297E+02
    2.39404E+03   8.79213E+02   1.68098E+00   3.64757E-01   4.85195E+02
    2.37459E+03   8.73881E+02   1.67098E+00   3.63112E-01   4.82074E+02
    2.35516E+03   8.68469E+02   1.66098E+00   3.61441E-01   4.78936E+02
    2.33577E+03   8.62978E+02   1.65098E+00   3.59745E-01   4.75779E+02
    2.31641E+03   8.57411E+02   1.64098E+00   3.58022E-01   4.72604E+02
    2.29709E+03   8.51767E+02   1.63098E+00   3.56272E-01   4.69411E+02
    2.27780E+03   8.46049E+02   1.62098E+00   3.54496E-01   4.66200E+02
    2.25855E+03   8.40258E+02   1.61098E+00   3.52691E-01   4.62971E+02
    2.23933E+03   8.34396E+02   1.60098E+00   3.50858E-01   4.59724E+02
    2.22015E+03   8.28463E+02   1.59098E+00   3.48997E-01   4.56460E+02
    2.20101E+03   8.22461E+02   1.58098E+00   3.47108E-01   4.53178E+02
    2.18190E+03   8.16391E+02   1.57098E+00   3.45189E-01   4.49879E+02
    2.16284E+03   8.10255E+02   1.56098E+00   3.43240E-01   4.46562E+02
    2.14381E+03   8.04054E+02   1.55098E+00   3.41261E-01   4.43229E+02
    2.12482E+03   7.97788E+02   1.54098E+00   3.39252E-01   4.39877E+02
    2.10588E+03   7.91460E+02   1.53098E+00   3.37213E-01   4.36509E+02
    2.08697E+03   7.85070E+02   1.52098E+00   3.35142E-01   4.33124E+02
    2.06811E+03   7.78619E+02   1.51098E+00   3.33039E-01   4.29722E+02
    2.04929E+03   7.72110E+02   1.50098E+00   3.30905E-01   4.26303E+02
    2.03052E+03   7.65541E+02   1.49098E+00   3.28739E-01   4.22868E+02
    2.01179E+03   7.58916E+02   1.48098E+00   3.26540E-01   4.19416E+02
    1.99310E+03   7.52234E+02   1.47098E+00   3.24308E-01   4.15948E+02
    1.97446E+03   7.45497E+02   1.46098E+00   3.22042E-01   4.12463E+02
    1.95587E+03   7.38706E+02   1.45098E+00   3.19744E-01   4.08962E+02
    1.93732E+03   7.31862E+02   1.44098E+00   3.17411E-01   4.05446E+02
    1.91882E+03   7.24965E+02   1.43098E+00   3.15045E-01   4.01913E+02
    1.90037E+03   7.18017E+02   1.42098E+00   3.12644E-01   3.98365E+02
    1.88197E+03   7.11019E+02   1.41098E+00   3.10208E-01   3.94801E+02
    1.86361E+03   7.03972E+02   1.40098E+00   3.07738E-01   3.91222E+02
    1.84531E+03   6.96875E+02   1.39098E+00   3.05232E-01   3.87628E+02
    1.82706E+03   6.89732E+02   1.38098E+00   3.02692E-01   3.84019E+02
    1.80886E+03   6.82541E+02   1.37098E+00   3.00116E-01   3.80395E+02
    1.79072E+03   6.75304E+02   1.36098E+00   2.97504E-01   3.76756E+02
    1.77263E+03   6.68022E+02   1.35098E+00   2.94857E-01   3.73103E+02
    1.75459E+03   6.60696E+02   1.34098E+00   2.92175E-01   3.69436E+02
    1.73660E+03   6.53326E+02   1.33098E+00   2.89457E-01   3.65755E+02
    1.71867E+03   6.45913E+02   1.32098E+00   2.86703E-01   3.62060E+02
    1.70080E+03   6.38458E+02   1.31098E+00   2.83914E-01   3.58352E+02
    1.68299E+03   6.30963E+02   1.30098E+00   2.81089E-01   3.54631E+02
    1.66523E+03   6.23426E+02   1.29098E+00   2.78229E-01   3.50896E+02
    1.64753E+03   6.15850E+02   1.28098E+00   2.75334E-01   3.47149E+02
    1.62989E+03   6.08235E+02   1.27098E+00   2.72404E-01   3.43390E+02
    1.61231E+03   6.00582E+02   1.26098E+00   2.69440E-01   3.39619E+02
    1.59479E+03   5.92892E+02   1.25098E+00   2.66441E-01   3.35836E+02
    1.57734E+03   5.85165E+02   1.24098E+00   2.63409E-01   3.32042E+02
    1.55994E+03   5.77403E+02   1.23098E+00   2.60343E-01   3.28237E+02
    1.54261E+03   5.69606E+02   1.22098E+00   2.57245E-01   3.24421E+02
    1.52534E+03   5.61775E+02   1.21098E+00   2.54115E-01   3.20595E+02
    1.50814E+03   5.53911E+02   1.20098E+00   2.50953E-01   3.16760E+02
    1.49101E+03   5.46015E+02   1.19098E+00   2.47760E-01   3.12915E+02
    1.47394E+03   5.38087E+02   1.18098E+00   2.44538E-01   3.09061E+02
    1.45693E+03   5.30130E+02   1.17098E+00   2.41287E-01   3.05199E+02
    1.44000E+03   5.22144E+02   1.16098E+00   2.38008E-01   3.01329E+02
    1.42313E+03   5.14131E+02   1.15098E+00   2.34702E-01   2.97451E+02
    1.40633E+03   5.06090E+02   1.14098E+00   2.31371E-01   2.93567E+02
    1.38961E+03   4.98025E+02   1.13098E+00   2.28015E-01   2.89677E+02
    1.37295E+03   4.89936E+02   1.12098E+00   2.24636E-01   2.85780E+02
    1.35637E+03   4.81824E+02   1.11098E+00   2.21235E-01   2.81879E+02
    1.33986E+03   4.73691E+02   1.10098E+00   2.17815E-01   2.77973E+02
    1.32343E+03   4.65539E+02   1.09098E+00   2.14376E-01   2.74064E+02
    1.30707E+03   4.57369E+02   1.08098E+00   2.10921E-01   2.70151E+02
    1.29078E+03   4.49183E+02   1.07098E+00   2.07450E-01   2.66236E+02
    1.27458E+03   4.40984E+02   1.06098E+00   2.03967E-01   2.62319E+02
    1.25844E+03   4.32773E+02   1.05098E+00   2.00473E-01   2.58401E+02
    1.24239E+03   4.24549E+02   1.04098E+00   1.96974E-01   2.54483E+02
    1.22642E+03   4.16321E+02   1.03098E+00   1.93465E-01   2.50566E+02
    1.21052E+03   4.08087E+02   1.02098E+00   1.89951E-01   2.46650E+02
    1.19471E+03   3.99851E+02   1.01098E+00   1.86436E-01   2.42736E+02
    1.17898E+03   3.91616E+02   1.00098E+00   1.82921E-01   2.38826E+02
    1.17115E+03   3.87499E+02   9.95980E-01   1.81165E-01   2.36872E+02
    1.16333E+03   3.83384E+02   9.90980E-01   1.79410E-01   2.34920E+02
    1.15554E+03   3.79270E+02   9.85980E-01   1.77656E-01   2.32968E+02
    1.14776E+03   3.75158E+02   9.80980E-01   1.75904E-01   2.31018E+02
    1.14001E+03   3.71048E+02   9.75980E-01   1.74154E-01   2.29070E+02
    1.13228E+03   3.66941E+02   9.70980E-01   1.72406E-01   2.27123E+02
    1.12457E+03   3.62837E+02   9.65980E-01   1.70661E-01   2.25178E+02
    1.11688E+03   3.58736E+02   9.60980E-01   1.68920E-01   2.23235E+02
    1.10922E+03   3.54640E+02   9.55980E-01   1.67181E-01   2.21293E+02
    1.10157E+03   3.50548E+02   9.50980E-01   1.65447E-01   2.19354E+02
    1.09395E+03   3.46460E+02   9.45980E-01   1.63717E-01   2.17417E+02
    1.08634E+03   3.42378E+02   9.40980E-01   1.61991E-01   2.15483E+02
    1.07876E+03   3.38302E+02   9.35980E-01   1.60270E-01   2.13550E+02
    1.07121E+03   3.34232E+02   9.30980E-01   1.58554E-01   2.11621E+02
    1.06367E+03   3.30169E+02   9.25980E-01   1.56844E-01   2.09694E+02
    1.05615E+03   3.26113E+02   9.20980E-01   1.55140E-01   2.07770E+02
    1.04866E+03   3.22065E+02   9.15980E-01   1.53442E-01   2.05849E+02
    1.04119E+03   3.18025E+02   9.10980E-01   1.51751E-01   2.03932E+02
    1.03374E+03   3.13993E+02   9.05980E-01   1.50067E-01   2.02017E+02
    1.02631E+03   3.09971E+02   9.00980E-01   1.48391E-01   2.00106E+02
    1.01891E+03   3.05958E+02   8.95980E-01   1.46722E-01   1.98199E+02
    1.01153E+03   3.01956E+02   8.90980E-01   1.45061E-01   1.96295E+02
    1.00417E+03   2.97965E+02   8.85980E-01   1.43408E-01   1.94395E+02
    9.96828E+02   2.93984E+02   8.80980E-01   1.41765E-01   1.92499E+02
    9.89514E+02   2.90016E+02   8.75980E-01   1.40131E-01   1.90607E+02
    9.82221E+02   2.86060E+02   8.70980E-01   1.38506E-01   1.88720E+02
    9.74952E+02   2.82117E+02   8.65980E-01   1.36891E-01   1.86837E+02
    9.67705E+02   2.78188E+02   8.60980E-01   1.35286E-01   1.84958E+02
    9.60481E+02   2.74272E+02   8.55980E-01   1.33692E-01   1.83084E+02
    9.53280E+02   2.70372E+02   8.50980E-01   1.32109E-01   1.81215E+02
    9.46102E+02   2.66486E+02   8.45980E-01   1.30537E-01   1.79350E+02
    9.38947E+02   2.62616E+02   8.40980E-01   1.28976E-01   1.77491E+02
    9.31814E+02   2.58763E+02   8.35980E-01   1.27427E-01   1.75637E+02
    9.24705E+02   2.54926E+02   8.30980E-01   1.25891E-01   1.73789E+02
    9.17619E+02   2.51107E+02   8.25980E-01   1.24367E-01   1.71946E+02
    9.10556E+02   2.47306E+02   8.20980E-01   1.22855E-01   1.70108E+02
    9.03515E+02   2.43523E+02   8.15980E-01   1.21357E-01   1.68276E+02
    8.96498E+02   2.39760E+02   8.10980E-01   1.19872E-01   1.66451E+02
    8.89504E+02   2.36016E+02   8.05980E-01   1.18401E-01   1.64631E+02
    8.82534E+02   2.32293E+02   8.00980E-01   1.16944E-01   1.62817E+02
    8.75586E+02   2.28590E+02   7.95980E-01   1.15501E-01   1.61010E+02
    8.68662E+02   2.24909E+02   7.90980E-01   1.14072E-01   1.59210E+02
    8.61761E+02   2.21250E+02   7.85980E-01   1.12658E-01   1.57416E+02
    8.54883E+02   2.17613E+02   7.80980E-01   1.11259E-01   1.55628E+02
    8.48028E+02   2.13999E+02   7.75980E-01   1.09875E-01   1.53848E+02
    8.41196E+02   2.10409E+02   7.70980E-01   1.08507E-01   1.52074E+02
    8.34388E+02   2.06842E+02   7.65980E-01   1.07154E-01   1.50308E+02
    8.27603E+02   2.03301E+02   7.60980E-01   1.05816E-01   1.48549E+02
    8.20841E+02   1.99784E+02   7.55980E-01   1.04495E-01   1.46797E+02
    8.14102E+02   1.96293E+02   7.50980E-01   1.03190E-01   1.45053E+02
    8.07387E+02   1.92828E+02   7.45980E-01   1.01901E-01   1.43317E+02
    8.00694E+02   1.89390E+02   7.40980E-01   1.00629E-01   1.41588E+02
    7.94025E+02   1.85978E+02   7.35980E-01   9.93734E-02   1.39868E+02
    7.87379E+02   1.82595E+02   7.30980E-01   9.81346E-02   1.38155E+02
    7.80755E+02   1.79239E+02   7.25980E-01   9.69127E-02   1.36450E+02
    7.74155E+02   1.75911E+02   7.20980E-01   9.57078E-02   1.34754E+02
    7.67578E+02   1.72613E+02   7.15980E-01   9.45201E-02   1.33066E+02
    7.61024E+02   1.69344E+02   7.10980E-01   9.33496E-02   1.31387E+02
    7.54492E+02   1.66104E+02   7.05980E-01   9.21965E-02   1.29716E+02
    7.47984E+02   1.62894E+02   7.00980E-01   9.10608E-02   1.28054E+02
    7.41498E+02   1.59715E+02   6.95980E-01   8.99425E-02   1.26401E+02
    7.35035E+02   1.56567E+02   6.90980E-01   8.88419E-02   1.24757E+02
    7.28594E+02   1.53450E+02   6.85980E-01   8.77588E-02   1.23122E+02
    7.22177E+02   1.50364E+02   6.80980E-01   8.66933E-02   1.21496E+02
    7.15781E+02   1.47311E+02   6.75980E-01   8.56455E-02   1.19880E+02
    7.09409E+02   1.44289E+02   6.70980E-01   8.46154E-02   1.18272E+02
    7.03058E+02   1.41300E+02   6.65980E-01   8.36030E-02   1.16675E+02
    6.96730E+02   1.38344E+02   6.60980E-01   8.26083E-02   1.15087E+02
    6.90424E+02   1.35420E+02   6.55980E-01   8.16313E-02   1.13508E+02
    6.84141E+02   1.32531E+02   6.50980E-01   8.06719E-02   1.11940E+02
    6.77879E+02   1.29674E+02   6.45980E-01   7.97301E-02   1.10381E+02
    6.71639E+02   1.26851E+02   6.40980E-01   7.88060E-02   1.08832E+02
    6.65422E+02   1.24063E+02   6.35980E-01   7.78994E-02   1.07293E+02
    6.59226E+02   1.21308E+02   6.30980E-01   7.70103E-02   1.05765E+02
    6.53051E+02   1.18588E+02   6.25980E-01   7.61386E-02   1.04246E+02
    6.46899E+02   1.15903E+02   6.20980E-01   7.52843E-02   1.02738E+02
    6.40768E+02   1.13252E+02   6.15980E-01   7.44473E-02   1.01241E+02
    6.34658E+02   1.10635E+02   6.10980E-01   7.36275E-02   9.97537E+01
    6.28569E+02   1.08054E+02   6.05980E-01   7.28248E-02   9.82772E+01
    6.22502E+02   1.05508E+02   6.00980E-01   7.20391E-02   9.68112E+01
    6.16455E+02   1.02997E+02   5.95980E-01   7.12703E-02   9.53560E+01
    6.10430E+02   1.00521E+02   5.90980E-01   7.05182E-02   9.39115E+01
    6.04425E+02   9.80807E+01   5.85980E-01   6.97829E-02   9.24778E+01
    5.98441E+02   9.56755E+01   5.80980E-01   6.90640E-02   9.10551E+01
    5.92478E+02   9.33056E+01   5.75980E-01   6.83616E-02   8.96434E+01
    5.86535E+02   9.09711E+01   5.70980E-01   6.76754E-02   8.82426E+01
    5.80612E+02   8.86720E+01   5.65980E-01   6.70054E-02   8.68530E+01
    5.74710E+02   8.64082E+01   5.60980E-01   6.63513E-02   8.54745E+01
    5.68827E+02   8.41799E+01   5.55980E-01   6.57130E-02   8.41073E+01
    5.62965E+02   8.19868E+01   5.50980E-01   6.50903E-02   8.27513E+01
    5.57122E+02   7.98290E+01   5.45980E-01   6.44832E-02   8.14066E+01
    5.51298E+02   7.77064E+01   5.40980E-01   6.38913E-02   8.00733E+01
    5.45494E+02   7.56189E+01   5.35980E-01   6.33146E-02   7.87515E+01
    5.39710E+02   7.35665E+01   5.30980E-01   6.27528E-02   7.74411E+01
    5.33944E+02   7.15491E+01   5.25980E-01   6.22058E-02   7.61422E+01
    5.28198E+02   6.95665E+01   5.20980E-01   6.16734E-02   7.48548E+01
    5.22471E+02   6.76186E+01   5.15980E-01   6.11553E-02   7.35791E+01
    5.16762E+02   6.57053E+01   5.10980E-01   6.06515E-02   7.23151E+01
    5.11072E+02   6.38265E+01   5.05980E-01   6.01616E-02   7.10627E+01
    5.05400E+02   6.19820E+01   5.00980E-01   5.96855E-02   6.98220E+01
    4.99746E+02   6.01716E+01   4.95980E-01   5.92230E-02   6.85931E+01
    4.94110E+02   5.83952E+01   4.90980E-01   5.87739E-02   6.73760E+01
    4.88493E+02   5.66526E+01   4.85980E-01   5.83379E-02   6.61707E+01
    4.82893E+02   5.49435E+01   4.80980E-01   5.79148E-02   6.49772E+01
    4.77311E+02   5.32679E+01   4.75980E-01   5.75044E-02   6.37957E+01
    4.71746E+02   5.16254E+01   4.70980E-01   5.71065E-02   6.26261E+01
    4.66198E+02   5.00159E+01   4.65980E-01   5.67208E-02   6.14684E+01
    4.60668E+02   4.84391E+01   4.60980E-01   5.63472E-02   6.03226E+01
    4.55154E+02   4.68948E+01   4.55980E-01   5.59853E-02   5.91889E+01
    4.49657E+02   4.53828E+01   4.50980E-01   5.56349E-02   5.80672E+01
    4.44177E+02   4.39028E+01   4.45980E-01   5.52958E-02   5.69575E+01
    4.38713E+02   4.24546E+01   4.40980E-01   5.49677E-02   5.58599E+01
    4.33266E+02   4.10378E+01   4.35980E-01   5.46504E-02   5.47744E+01
    4.27834E+02   3.96523E+01   4.30980E-01   5.43436E-02   5.37009E+01
    4.22419E+02   3.82977E+01   4.25980E-01   5.40470E-02   5.26396E+01
    4.17019E+02   3.69738E+01   4.20980E-01   5.37603E-02   5.15904E+01
    4.11634E+02   3.56803E+01   4.15980E-01   5.34834E-02   5.05533E+01
    4.06265E+02   3.44168E+01   4.10980E-01   5.32159E-02   4.95284E+01
    4.00912E+02   3.31831E+01   4.05980E-01   5.29574E-02   4.85157E+01
    3.95573E+02   3.19789E+01   4.00980E-01   5.27078E-02   4.75151E+01
    3.90249E+02   3.08039E+01   3.95980E-01   5.24667E-02   4.65267E+01
    3.84940E+02   2.96578E+01   3.90980E-01   5.22338E-02   4.55506E+01
    3.79645E+02   2.85402E+01   3.85980E-01   5.20088E-02   4.45866E+01
    3.74364E+02   2.74508E+01   3.80980E-01   5.17914E-02   4.36349E+01
    3.69098E+02   2.63893E+01   3.75980E-01   5.15812E-02   4.26954E+01
    3.63845E+02   2.53554E+01   3.70980E-01   5.13780E-02   4.17681E+01
    3.58607E+02   2.43487E+01   3.65980E-01   5.11812E-02   4.08530E+01
    3.53381E+02   2.33690E+01   3.60980E-01   5.09907E-02   3.99502E+01
    3.48170E+02   2.24158E+01   3.55980E-01   5.08060E-02   3.90597E+01
    3.42971E+02   2.14888E+01   3.50980E-01   5.06267E-02   3.81813E+01
    3.37786E+02   2.05878E+01   3.45980E-01   5.04525E-02   3.73153E+01
    3.32613E+02   1.97122E+01   3.40980E-01   5.02830E-02   3.64614E+01
    3.27453E+02   1.88619E+01   3.35980E-01   5.01177E-02   3.56198E+01
    3.22305E+02   1.80364E+01   3.30980E-01   4.99562E-02   3.47905E+01
    3.17170E+02   1.72354E+01   3.25980E-01   4.97981E-02   3.39734E+01
    3.12047E+02   1.64586E+01   3.20980E-01   4.96429E-02   3.31685E+01
    3.06935E+02   1.57055E+01   3.15980E-01   4.94901E-02   3.23759E+01
    3.01836E+02   1.49759E+01   3.10980E-01   4.93393E-02   3.15955E+01
    2.96748E+02   1.42693E+01   3.05980E-01   4.91900E-02   3.08273E+01
    2.91671E+02   1.35855E+01   3.00980E-01   4.90415E-02   3.00714E+01
    2.86606E+02   1.29240E+01   2.95980E-01   4.88935E-02   2.93277E+01
    2.81551E+02   1.22844E+01   2.90980E-01   4.87453E-02   2.85961E+01
    2.76507E+02   1.16666E+01   2.85980E-01   4.85962E-02   2.78768E+01
    2.71474E+02   1.10699E+01   2.80980E-01   4.84459E-02   2.71696E+01
    2.66452E+02   1.04942E+01   2.75980E-01   4.82935E-02   2.64746E+01
    2.61439E+02   9.93903E+00   2.70980E-01   4.81384E-02   2.57918E+01
    2.56437E+02   9.40401E+00   2.65980E-01   4.79799E-02   2.51211E+01
    2.51444E+02   8.88879E+00   2.60980E-01   4.78174E-02   2.44625E+01
    2.46462E+02   8.39300E+00   2.55980E-01   4.76501E-02   2.38160E+01
    2.41488E+02   7.91629E+00   2.50980E-01   4.74771E-02   2.31816E+01
    2.36524E+02   7.45827E+00   2.45980E-01   4.72978E-02   2.25593E+01
    2.31569E+02   7.01859E+00   2.40980E-01   4.71111E-02   2.19490E+01
    2.26624E+02   6.59686E+00   2.35980E-01   4.69163E-02   2.13507E+01
    2.21686E+02   6.19273E+00   2.30980E-01   4.67123E-02   2.07643E+01
    2.20700E+02   6.11398E+00   2.29980E-01   4.66703E-02   2.06485E+01
    2.19714E+02   6.03592E+00   2.28980E-01   4.66279E-02   2.05331E+01
    2.18728E+02   5.95854E+00   2.27980E-01   4.65852E-02   2.04182E+01
    2.17743E+02   5.88184E+00   2.26980E-01   4.65420E-02   2.03038E+01
    2.16758E+02   5.80582E+00   2.25980E-01   4.64983E-02   2.01899E+01
    2.15773E+02   5.73047E+00   2.24980E-01   4.64542E-02   2.00765E+01
    2.14789E+02   5.65579E+00   2.23980E-01   4.64097E-02   1.99635E+01
    2.13805E+02   5.58179E+00   2.22980E-01   4.63647E-02   1.98510E+01
    2.12821E+02   5.50844E+00   2.21980E-01   4.63192E-02   1.97390E+01
    2.11837E+02   5.43576E+00   2.20980E-01   4.62733E-02   1.96274E+01
    2.10854E+02   5.36374E+00   2.19980E-01   4.62269E-02   1.95163E+01
    2.09872E+02   5.29237E+00   2.18980E-01   4.61800E-02   1.94057E+01
    2.08889E+02   5.22166E+00   2.17980E-01   4.61325E-02   1.92956E+01
    2.07907E+02   5.15160E+00   2.16980E-01   4.60846E-02   1.91859E+01
    2.06925E+02   5.08218E+00   2.15980E-01   4.60362E-02   1.90767E+01
    2.05944E+02   5.01341E+00   2.14980E-01   4.59872E-02   1.89680E+01
    2.04963E+02   4.94528E+00   2.13980E-01   4.59377E-02   1.88598E+01
    2.03982E+02   4.87779E+00   2.12980E-01   4.58876E-02   1.87520E+01
    2.03002E+02   4.81093E+00   2.11980E-01   4.58370E-02   1.86447E+01
    2.02021E+02   4.74471E+00   2.10980E-01   4.57858E-02   1.85379E+01
    2.01041E+02   4.67911E+00   2.09980E-01   4.57340E-02   1.84315E+01
    2.00062E+02   4.61415E+00   2.08980E-01   4.56816E-02   1.83256E+01
    1.99083E+02   4.54980E+00   2.07980E-01   4.56287E-02   1.82202E+01
    1.98104E+02   4.48608E+00   2.06980E-01   4.55751E-02   1.81153E+01
    1.97125E+02   4.42297E+00   2.05980E-01   4.55209E-02   1.80108E+01
    1.96147E+02   4.36048E+00   2.04980E-01   4.54661E-02   1.79068E+01
    1.95169E+02   4.29860E+00   2.03980E-01   4.54107E-02   1.78032E+01
    1.94191E+02   4.23732E+00   2.02980E-01   4.53546E-02   1.77002E+01
    1.93214E+02   4.17666E+00   2.01980E-01   4.52978E-02   1.75975E+01
    1.92236E+02   4.11659E+00   2.00980E-01   4.52404E-02   1.74954E+01
    1.91260E+02   4.05713E+00   1.99980E-01   4.51823E-02   1.73937E+01
    1.90283E+02   3.99826E+00   1.98980E-01   4.51236E-02   1.72925E+01
    1.89307E+02   3.93999E+00   1.97980E-01   4.50641E-02   1.71918E+01
    1.88331E+02   3.88230E+00   1.96980E-01   4.50039E-02   1.70915E+01
    1.87355E+02   3.82520E+00   1.95980E-01   4.49430E-02   1.69916E+01
    1.86380E+02   3.76869E+00   1.94980E-01   4.48814E-02   1.68923E+01
    1.85405E+02   3.71276E+00   1.93980E-01   4.48190E-02   1.67934E+01
    1.84430E+02   3.65741E+00   1.92980E-01   4.47558E-02   1.66949E+01
    1.83456E+02   3.60263E+00   1.91980E-01   4.46919E-02   1.65970E+01
    1.82481E+02   3.54843E+00   1.90980E-01   4.46273E-02   1.64994E+01
    1.81507E+02   3.49479E+00   1.89980E-01   4.45618E-02   1.64024E+01
    1.80534E+02   3.44172E+00   1.88980E-01   4.44955E-02   1.63058E+01
    1.79560E+02   3.38922E+00   1.87980E-01   4.44285E-02   1.62096E+01
    1.78587E+02   3.33727E+00   1.86980E-01   4.43605E-02   1.61140E+01
    1.77614E+02   3.28588E+00   1.85980E-01   4.42918E-02   1.60187E+01
    1.76642E+02   3.23505E+00   1.84980E-01   4.42222E-02   1.59240E+01
    1.75670E+02   3.18477E+00   1.83980E-01   4.41518E-02   1.58296E+01
    1.74698E+02   3.13504E+00   1.82980E-01   4.40804E-02   1.57358E+01
    1.73726E+02   3.08585E+00   1.81980E-01   4.40082E-02   1.56424E+01
    1.72754E+02   3.03720E+00   1.80980E-01   4.39351E-02   1.55494E+01
    1.71783E+02   2.98909E+00   1.79980E-01   4.38611E-02   1.54569E+01
    1.70812E+02   2.94152E+00   1.78980E-01   4.37862E-02   1.53649E+01
    1.69842E+02   2.89449E+00   1.77980E-01   4.37103E-02   1.52733E+01
    1.68871E+02   2.84798E+00   1.76980E-01   4.36334E-02   1.51821E+01
    1.67901E+02   2.80200E+00   1.75980E-01   4.35556E-02   1.50914E+01
    1.66931E+02   2.75654E+00   1.74980E-01   4.34769E-02   1.50012E+01
    1.65962E+02   2.71160E+00   1.73980E-01   4.33971E-02   1.49114E+01
    1.64992E+02   2.66719E+00   1.72980E-01   4.33163E-02   1.48220E+01
    1.64023E+02   2.62328E+00   1.71980E-01   4.32345E-02   1.47331E+01
    1.63054E+02   2.57989E+00   1.70980E-01   4.31517E-02   1.46446E+01
    1.62086E+02   2.53701E+00   1.69980E-01   4.30678E-02   1.45566E+01
    1.61117E+02   2.49463E+00   1.68980E-01   4.29829E-02   1.44690E+01
    1.60149E+02   2.45276E+00   1.67980E-01   4.28969E-02   1.43819E+01
    1.59181E+02   2.41139E+00   1.66980E-01   4.28098E-02   1.42951E+01
    1.58214E+02   2.37051E+00   1.65980E-01   4.27216E-02   1.42089E+01
    1.57246E+02   2.33012E+00   1.64980E-01   4.26323E-02   1.41231E+01
    1.56279E+02   2.29023E+00   1.63980E-01   4.25418E-02   1.40377E+01
    1.55312E+02   2.25082E+00   1.62980E-01   4.24502E-02   1.39527E+01
    1.54346E+02   2.21190E+00   1.61980E-01   4.23574E-02   1.38682E+01
    1.53379E+02   2.17346E+00   1.60980E-01   4.22634E-02   1.37841E+01
    1.52413E+02   2.13549E+00   1.59980E-01   4.21683E-02   1.37004E+01
    1.51447E+02   2.09800E+00   1.58980E-01   4.20719E-02   1.36172E+01
    1.50481E+02   2.06099E+00   1.57980E-01   4.19743E-02   1.35344E+01
    1.49516E+02   2.02444E+00   1.56980E-01   4.18754E-02   1.34521E+01
    1.48551E+02   1.98836E+00   1.55980E-01   4.17753E-02   1.33701E+01
    1.47586E+02   1.95274E+00   1.54980E-01   4.16739E-02   1.32886E+01
    1.46621E+02   1.91758E+00   1.53980E-01   4.15712E-02   1.32075E+01
    1.45656E+02   1.88287E+00   1.52980E-01   4.14672E-02   1.31269E+01
    1.44692E+02   1.84862E+00   1.51980E-01   4.13617E-02   1.30466E+01
    1.43728E+02   1.81482E+00   1.50980E-01   4.12550E-02   1.29668E+01
    1.42764E+02   1.78147E+00   1.49980E-01   4.11469E-02   1.28874E+01
    1.41800E+02   1.74856E+00   1.48980E-01   4.10375E-02   1.28084E+01
    1.40837E+02   1.71609E+00   1.47980E-01   4.09266E-02   1.27298E+01
    1.39874E+02   1.68406E+00   1.46980E-01   4.08144E-02   1.26517E+01
    1.38911E+02   1.65246E+00   1.45980E-01   4.07007E-02   1.25739E+01
    1.37948E+02   1.62129E+00   1.44980E-01   4.05855E-02   1.24966E+01
    1.36985E+02   1.59056E+00   1.43980E-01   4.04689E-02   1.24196E+01
    1.36023E+02   1.56024E+00   1.42980E-01   4.03508E-02   1.23431E+01
    1.35061E+02   1.53035E+00   1.41980E-01   4.02311E-02   1.22670E+01
    1.34099E+02   1.50088E+00   1.40980E-01   4.01100E-02   1.21913E+01
    1.33137E+02   1.47183E+00   1.39980E-01   3.99873E-02   1.21160E+01
    1.32176E+02   1.44318E+00   1.38980E-01   3.98630E-02   1.20411E+01
    1.31214E+02   1.41495E+00   1.37980E-01   3.97371E-02   1.19665E+01
    1.30253E+02   1.38712E+00   1.36980E-01   3.96096E-02   1.18924E+01
    1.29292E+02   1.35969E+00   1.35980E-01   3.94805E-02   1.18187E+01
    1.28332E+02   1.33267E+00   1.34980E-01   3.93497E-02   1.17453E+01
    1.27371E+02   1.30604E+00   1.33980E-01   3.92173E-02   1.16724E+01
    1.26411E+02   1.27981E+00   1.32980E-01   3.90831E-02   1.15998E+01
    1.25451E+02   1.25396E+00   1.31980E-01   3.89473E-02   1.15277E+01
    1.24491E+02   1.22850E+00   1.30980E-01   3.88097E-02   1.14559E+01
    1.23531E+02   1.20343E+00   1.29980E-01   3.86703E-02   1.13844E+01
    1.22571E+02   1.17874E+00   1.28980E-01   3.85292E-02   1.13134E+01
    1.21612E+02   1.15442E+00   1.27980E-01   3.83863E-02   1.12427E+01
    1.20653E+02   1.13048E+00   1.26980E-01   3.82416E-02   1.11724E+01
    1.19694E+02   1.10691E+00   1.25980E-01   3.80950E-02   1.11025E+01
    1.18735E+02   1.08370E+00   1.24980E-01   3.79465E-02   1.10329E+01
    1.17777E+02   1.06087E+00   1.23980E-01   3.77961E-02   1.09637E+01
    1.16818E+02   1.03839E+00   1.22980E-01   3.76439E-02   1.08949E+01
    1.15860E+02   1.01627E+00   1.21980E-01   3.74897E-02   1.08264E+01
    1.14902E+02   9.94506E-01   1.20980E-01   3.73335E-02   1.07583E+01
    1.13944E+02   9.73094E-01   1.19980E-01   3.71754E-02   1.06905E+01
    1.12986E+02   9.52030E-01   1.18980E-01   3.70152E-02   1.06231E+01
    1.12029E+02   9.31311E-01   1.17980E-01   3.68530E-02   1.05560E+01
    1.11071E+02   9.10934E-01   1.16980E-01   3.66888E-02   1.04893E+01
    1.10114E+02   8.90896E-01   1.15980E-01   3.65224E-02   1.04229E+01
    1.09157E+02   8.71193E-01   1.14980E-01   3.63540E-02   1.03568E+01
    1.08200E+02   8.51822E-01   1.13980E-01   3.61834E-02   1.02911E+01
    1.07244E+02   8.32780E-01   1.12980E-01   3.60107E-02   1.02257E+01
    1.06287E+02   8.14063E-01   1.11980E-01   3.58358E-02   1.01606E+01
    1.05331E+02   7.95669E-01   1.10980E-01   3.56586E-02   1.00958E+01
    1.04374E+02   7.77594E-01   1.09980E-01   3.54793E-02   1.00314E+01
    1.03418E+02   7.59834E-01   1.08980E-01   3.52977E-02   9.96727E+00
    1.02463E+02   7.42386E-01   1.07980E-01   3.51138E-02   9.90344E+00
    1.01507E+02   7.25248E-01   1.06980E-01   3.49275E-02   9.83992E+00
    1.00551E+02   7.08415E-01   1.05980E-01   3.47390E-02   9.77670E+00
    9.95960E+01   6.91885E-01   1.04980E-01   3.45481E-02   9.71378E+00
    9.86408E+01   6.75654E-01   1.03980E-01   3.43547E-02   9.65114E+00
    9.76857E+01   6.59719E-01   1.02980E-01   3.41590E-02   9.58879E+00
    9.67308E+01   6.44076E-01   1.01980E-01   3.39608E-02   9.52672E+00
    9.57760E+01   6.28722E-01   1.00980E-01   3.37601E-02   9.46493E+00
    9.48214E+01   6.13654E-01   9.99800E-02   3.35569E-02   9.40340E+00
    9.38669E+01   5.98869E-01   9.89800E-02   3.33512E-02   9.34214E+00
    9.29126E+01   5.84362E-01   9.79800E-02   3.31429E-02   9.28115E+00
    9.19584E+01   5.70132E-01   9.69800E-02   3.29320E-02   9.22040E+00
    9.10044E+01   5.56174E-01   9.59800E-02   3.27185E-02   9.15991E+00
    9.00505E+01   5.42484E-01   9.49800E-02   3.25024E-02   9.09965E+00
    8.90968E+01   5.29061E-01   9.39800E-02   3.22835E-02   9.03963E+00
    8.81432E+01   5.15899E-01   9.29800E-02   3.20620E-02   8.97985E+00
    8.71897E+01   5.02997E-01   9.19800E-02   3.18377E-02   8.92028E+00
    8.62364E+01   4.90350E-01   9.09800E-02   3.16107E-02   8.86094E+00
    8.52832E+01   4.77956E-01   8.99800E-02   3.13808E-02   8.80180E+00
    8.43302E+01   4.65810E-01   8.89800E-02   3.11482E-02   8.74287E+00
    8.33772E+01   4.57275E-01   8.79800E-02   3.10197E-02   8.68383E+00
    8.24244E+01   4.47378E-01   8.69800E-02   3.08466E-02   8.62472E+00
    8.14717E+01   4.37470E-01   8.59800E-02   3.06698E-02   8.56557E+00
    8.05191E+01   4.27610E-01   8.49800E-02   3.04918E-02   8.50637E+00
    7.95666E+01   4.17831E-01   8.39800E-02   3.03136E-02   8.44714E+00
    7.86143E+01   4.08154E-01   8.29800E-02   3.01359E-02   8.38788E+00
    7.76620E+01   3.98596E-01   8.19800E-02   2.99591E-02   8.32859E+00
    7.67099E+01   3.89166E-01   8.09800E-02   2.97836E-02   8.26926E+00
    7.57579E+01   3.79869E-01   7.99800E-02   2.96095E-02   8.20990E+00
    7.48059E+01   3.70710E-01   7.89800E-02   2.94370E-02   8.15049E+00
    7.38542E+01   3.61692E-01   7.79800E-02   2.92662E-02   8.09104E+00
    7.29025E+01   3.52814E-01   7.69800E-02   2.90972E-02   8.03153E+00
    7.19509E+01   3.44078E-01   7.59800E-02   2.89302E-02   7.97196E+00
    7.09995E+01   3.35483E-01   7.49800E-02   2.87653E-02   7.91233E+00
    7.00482E+01   3.27029E-01   7.39800E-02   2.86026E-02   7.85261E+00
    6.90969E+01   3.18715E-01   7.29800E-02   2.84422E-02   7.79282E+00
    6.81458E+01   3.10540E-01   7.19800E-02   2.82841E-02   7.73293E+00
    6.71948E+01   3.02504E-01   7.09800E-02   2.81286E-02   7.67294E+00
    6.62440E+01   2.94604E-01   6.99800E-02   2.79756E-02   7.61284E+00
    6.52932E+01   2.86839E-01   6.89800E-02   2.78252E-02   7.55262E+00
    6.43425E+01   2.79209E-01   6.79800E-02   2.76776E-02   7.49227E+00
    6.33920E+01   2.71711E-01   6.69800E-02   2.75329E-02   7.43178E+00
    6.24416E+01   2.64344E-01   6.59800E-02   2.73911E-02   7.37114E+00
    6.14912E+01   2.57108E-01   6.49800E-02   2.72523E-02   7.31033E+00
    6.05410E+01   2.49999E-01   6.39800E-02   2.71165E-02   7.24935E+00
    5.95909E+01   2.43018E-01   6.29800E-02   2.69840E-02   7.18818E+00
    5.86409E+01   2.36161E-01   6.19800E-02   2.68546E-02   7.12681E+00
    5.76911E+01   2.29429E-01   6.09800E-02   2.67287E-02   7.06523E+00
    5.67413E+01   2.22818E-01   5.99800E-02   2.66061E-02   7.00341E+00
    5.57916E+01   2.16328E-01   5.89800E-02   2.64871E-02   6.94135E+00
    5.48421E+01   2.09956E-01   5.79800E-02   2.63716E-02   6.87903E+00
    5.38926E+01   2.03703E-01   5.69800E-02   2.62599E-02   6.81643E+00
    5.29433E+01   1.97564E-01   5.59800E-02   2.61519E-02   6.75354E+00
    5.19941E+01   1.91540E-01   5.49800E-02   2.60478E-02   6.69034E+00
    5.10449E+01   1.85629E-01   5.39800E-02   2.59477E-02   6.62681E+00
    5.00959E+01   1.79828E-01   5.29800E-02   2.58518E-02   6.56292E+00
    4.91470E+01   1.74137E-01   5.19800E-02   2.57600E-02   6.49867E+00
    4.81982E+01   1.68553E-01   5.09800E-02   2.56726E-02   6.43402E+00
    4.72495E+01   1.63076E-01   4.99800E-02   2.55897E-02   6.36895E+00
    4.63010E+01   1.57703E-01   4.89800E-02   2.55114E-02   6.30344E+00
    4.53525E+01   1.52434E-01   4.79800E-02   2.54378E-02   6.23747E+00
    4.44041E+01   1.47266E-01   4.69800E-02   2.53691E-02   6.17100E+00
    4.34559E+01   1.42198E-01   4.59800E-02   2.53056E-02   6.10401E+00
    4.25077E+01   1.37229E-01   4.49800E-02   2.52473E-02   6.03647E+00
    4.15597E+01   1.32356E-01   4.39800E-02   2.51944E-02   5.96835E+00
    4.06118E+01   1.27579E-01   4.29800E-02   2.51472E-02   5.89960E+00
    3.96640E+01   1.22897E-01   4.19800E-02   2.51059E-02   5.83021E+00
    3.87163E+01   1.18307E-01   4.09800E-02   2.50707E-02   5.76012E+00
    3.77687E+01   1.13808E-01   3.99800E-02   2.50419E-02   5.68930E+00
    3.68212E+01   1.09399E-01   3.89800E-02   2.50198E-02   5.61770E+00
    3.58738E+01   1.05078E-01   3.79800E-02   2.50047E-02   5.54528E+00
    3.49266E+01   1.00844E-01   3.69800E-02   2.49969E-02   5.47200E+00
    3.39794E+01   9.66964E-02   3.59800E-02   2.49968E-02   5.39778E+00
    3.30324E+01   9.26329E-02   3.49800E-02   2.50049E-02   5.32259E+00
    3.20855E+01   8.86526E-02   3.39800E-02   2.50215E-02   5.24635E+00
    3.11387E+01   8.47541E-02   3.29800E-02   2.50472E-02   5.16901E+00
    3.01920E+01   8.09363E-02   3.19800E-02   2.50826E-02   5.09048E+00
    2.92455E+01   7.71980E-02   3.09800E-02   2.51283E-02   5.01070E+00
    2.82990E+01   7.35381E-02   2.99800E-02   2.51850E-02   4.92958E+00
    2.73527E+01   6.99554E-02   2.89800E-02   2.52534E-02   4.84703E+00
    2.64065E+01   6.64490E-02   2.79800E-02   2.53346E-02   4.76296E+00
    2.54604E+01   6.30178E-02   2.69800E-02   2.54296E-02   4.67724E+00
    2.45145E+01   5.96610E-02   2.59800E-02   2.55394E-02   4.58977E+00
    2.35686E+01   5.63776E-02   2.49800E-02   2.56654E-02   4.50041E+00
    2.26229E+01   5.31670E-02   2.39800E-02   2.58093E-02   4.40902E+00
    2.16774E+01   5.00284E-02   2.29800E-02   2.59727E-02   4.31544E+00
    2.07320E+01   4.69613E-02   2.19800E-02   2.61578E-02   4.21949E+00
    1.97867E+01   4.39651E-02   2.09800E-02   2.63671E-02   4.12096E+00
    1.88415E+01   4.10396E-02   1.99800E-02   2.66035E-02   4.01964E+00
    1.78965E+01   3.81845E-02   1.89800E-02   2.68706E-02   3.91526E+00
    1.69517E+01   3.53997E-02   1.79800E-02   2.71725E-02   3.80754E+00
    1.60070E+01   3.26855E-02   1.69800E-02   2.75144E-02   3.69614E+00
    1.50624E+01   3.00422E-02   1.59800E-02   2.79028E-02   3.58067E+00
    1.41181E+01   2.74704E-02   1.49800E-02   2.83456E-02   3.46068E+00
    1.31739E+01   2.49712E-02   1.39800E-02   2.88530E-02   3.33564E+00
    1.22298E+01   2.25457E-02   1.29800E-02   2.94380E-02   3.20491E+00
    1.12860E+01   2.01957E-02   1.19800E-02   3.01179E-02   3.06773E+00
    1.03423E+01   1.79236E-02   1.09800E-02   3.09156E-02   2.92313E+00
    9.39886E+00   1.57323E-02   9.98000E-03   3.18628E-02   2.76994E+00
    8.45563E+00   1.36255E-02   8.98000E-03   3.30045E-02   2.60665E+00
    7.51262E+00   1.16083E-02   7.98000E-03   3.44068E-02   2.43124E+00
    6.56986E+00   9.68679E-03   6.98000E-03   3.61714E-02   2.24100E+00
    5.62737E+00   7.86930E-03   5.98000E-03   3.84640E-02   2.03204E+00
    4.68518E+00   6.16679E-03   4.98000E-03   4.15749E-02   1.79846E+00
    3.74331E+00   4.59427E-03   3.98000E-03   4.60676E-02   1.53054E+00
    2.80183E+00   3.17323E-03   2.98000E-03   5.32124E-02   1.21000E+00
    1.86079E+00   1.93656E-03   1.98000E-03   6.66604E-02   7.94078E-01
    9.20341E-01   9.40576E-04   9.80000E-04   1.03625E-01   1.23512E-01
    8.26337E-01   8.57739E-04   8.80000E-04   1.11445E-01   1.94562E-02
    7.32342E-01   7.78468E-04   7.80000E-04   1.21085E-01  -9.94551E-02
    6.38358E-01   7.02896E-04   6.80000E-04   1.33293E-01  -2.38716E-01
    5.44384E-01   6.31119E-04   5.80000E-04   1.49297E-01  -4.07273E-01
    4.50422E-01   5.63103E-04   4.80000E-04   1.71264E-01  -6.20873E-01
    3.56474E-01   4.98387E-04   3.80000E-04   2.03386E-01  -9.10347E-01
    3.47080E-01   4.92044E-04   3.70000E-04   2.07434E-01  -9.45567E-01
    3.37686E-01   4.85711E-04   3.60000E-04   2.11678E-01  -9.82267E-01
    3.28293E-01   4.79385E-04   3.50000E-04   2.16132E-01  -1.02056E+00
    3.18899E-01   4.73059E-04   3.40000E-04   2.20810E-01  -1.06058E+00
    3.09506E-01   4.66726E-04   3.30000E-04   2.25728E-01  -1.10246E+00
    3.00113E-01   4.60375E-04   3.20000E-04   2.30905E-01  -1.14635E+00
    2.90720E-01   4.53996E-04   3.10000E-04   2.36359E-01  -1.19243E+00
    2.81328E-01   4.47573E-04   3.00000E-04   2.42109E-01  -1.24090E+00
    2.71935E-01   4.41086E-04   2.90000E-04   2.48174E-01  -1.29197E+00
    2.62543E-01   4.34508E-04   2.80000E-04   2.54575E-01  -1.34588E+00
    2.53151E-01   4.27802E-04   2.70000E-04   2.61325E-01  -1.40291E+00
    2.43760E-01   4.20910E-04   2.60000E-04   2.68436E-01  -1.46336E+00
    2.34368E-01   4.13747E-04   2.50000E-04   2.75900E-01  -1.52756E+00
    2.24977E-01   4.06159E-04   2.40000E-04   2.83674E-01  -1.59588E+00
    2.15586E-01   3.97822E-04   2.30000E-04   2.91607E-01  -1.66871E+00
    2.06196E-01   3.87664E-04   2.20000E-04   2.99083E-01  -1.74636E+00
    1.96806E-01   3.68563E-04   2.10000E-04   3.01679E-01  -1.82830E+00
    1.87417E-01   3.48073E-04   2.00000E-04   3.03463E-01  -1.91357E+00
    1.78030E-01   3.27721E-04   1.90000E-04   3.05323E-01  -2.00244E+00
    1.68643E-01   3.07518E-04   1.80000E-04   3.07267E-01  -2.09526E+00
    1.59257E-01   2.87473E-04   1.70000E-04   3.09303E-01  -2.19241E+00
    1.49873E-01   2.67597E-04   1.60000E-04   3.11441E-01  -2.29437E+00
    1.40490E-01   2.47903E-04   1.50000E-04   3.13693E-01  -2.40167E+00
    1.31108E-01   2.28406E-04   1.40000E-04   3.16071E-01  -2.51496E+00
    1.21727E-01   2.09121E-04   1.30000E-04   3.18592E-01  -2.63502E+00
    1.12348E-01   1.90069E-04   1.20000E-04   3.21275E-01  -2.76279E+00
    1.02971E-01   1.71272E-04   1.10000E-04   3.24145E-01  -2.89944E+00
    9.35954E-02   1.52754E-04   1.00000E-04   3.27232E-01  -3.04643E+00
    8.42215E-02   1.34549E-04   9.00000E-05   3.30575E-01  -3.20566E+00
    7.48496E-02   1.16694E-04   8.00000E-05   3.34224E-01  -3.37961E+00
    6.54800E-02   9.92372E-05   7.00000E-05   3.38247E-01  -3.57165E+00
    5.61128E-02   8.22390E-05   6.00000E-05   3.42743E-01  -3.78655E+00
    4.67484E-02   6.57801E-05   5.00000E-05   3.47852E-01  -4.03142E+00
    3.73873E-02   4.99718E-05   4.00000E-05   3.53802E-01  -4.31757E+00
    2.80301E-02   3.49785E-05   3.00000E-05   3.60988E-01  -4.66492E+00
    1.86777E-02   2.10683E-05   2.00000E-05   3.70222E-01  -5.11464E+00
    9.33218E-03   8.76787E-06   1.00000E-05   3.83766E-01  -5.78238E+00
    8.39814E-03   7.66642E-06   9.00000E-06   3.85597E-01  -5.87344E+00
    7.46422E-03   6.59620E-06   8.00000E-06   3.87577E-01  -5.97216E+00
    6.53044E-03   5.56049E-06   7.00000E-06   3.89739E-01  -6.08023E+00
    5.59680E-03   4.56334E-06   6.00000E-06   3.92130E-01  -6.20007E+00
    4.66332E-03   3.61003E-06   5.00000E-06   3.94817E-01  -6.33519E+00
    3.73004E-03   2.70762E-06   4.00000E-06   3.97910E-01  -6.49123E+00
    2.79697E-03   1.86628E-06   3.00000E-06   4.01596E-01  -6.67799E+00
    1.86417E-03   1.10202E-06   2.00000E-06   4.06263E-01  -6.91558E+00
    9.31740E-04   4.45177E-07   1.00000E-06   4.12982E-01  -7.25973E+00
    8.38525E-04   3.87636E-07   9.00000E-07   4.13880E-01  -7.30587E+00
    7.45315E-04   3.32005E-07   8.00000E-07   4.14848E-01  -7.35567E+00
    6.52113E-04   2.78460E-07   7.00000E-07   4.15902E-01  -7.40993E+00
    5.58918E-04   2.27218E-07   6.00000E-07   4.17064E-01  -7.46977E+00
    4.65732E-04   1.78560E-07   5.00000E-07   4.18365E-01  -7.53683E+00
    3.72555E-04   1.32859E-07   4.00000E-07   4.19855E-01  -7.61371E+00
    2.79389E-04   9.06477E-08   3.00000E-07   4.21622E-01  -7.70489E+00
    1.86236E-04   5.27619E-08   2.00000E-07   4.23844E-01  -7.81948E+00
    9.31018E-05   2.07675E-08   1.00000E-07   4.27007E-01  -7.98224E+00
    8.37897E-05   1.80070E-08   9.00000E-08   4.27426E-01  -8.00372E+00
    7.44779E-05   1.53483E-08   8.00000E-08   4.27876E-01  -8.02680E+00
    6.51664E-05   1.28003E-08   7.00000E-08   4.28365E-01  -8.05181E+00
    5.58552E-05   1.03743E-08   6.00000E-08   4.28902E-01  -8.07923E+00
    4.65445E-05   8.08457E-09   5.00000E-08   4.29500E-01  -8.10972E+00
    3.72342E-05   5.95019E-09   4.00000E-08   4.30181E-01  -8.14434E+00
    2.79245E-05   3.99843E-09   3.00000E-08   4.30983E-01  -8.18488E+00
    1.86153E-05   2.27205E-09   2.00000E-08   4.31978E-01  -8.23485E+00
    9.30697E-06   8.51210E-10   1.00000E-08   4.33361E-01  -8.30337E+00
    8.37619E-06   7.31798E-10   9.00000E-09   4.33541E-01  -8.31213E+00
    7.44543E-06   6.17625E-10   8.00000E-09   4.33732E-01  -8.32147E+00
    6.51468E-06   5.09143E-10   7.00000E-09   4.33938E-01  -8.33148E+00
    5.58395E-06   4.06913E-10   6.00000E-09   4.34162E-01  -8.34231E+00
    4.65323E-06   3.11648E-10   5.00000E-09   4.34409E-01  -8.35417E+00
    3.72253E-06   2.24289E-10   4.00000E-09   4.34686E-01  -8.36737E+00
    2.79185E-06   1.46160E-10   3.00000E-09   4.35005E-01  -8.38242E+00
    1.86120E-06   7.92803E-11   2.00000E-09   4.35389E-01  -8.40029E+00
    9.30577E-07   2.72483E-11   1.00000E-09   4.35892E-01  -8.42325E+00
    8.37517E-07   2.31092E-11   9.00000E-10   4.35954E-01  -8.42604E+00
    7.44457E-07   1.92077E-11   8.00000E-10   4.36020E-01  -8.42897E+00
    6.51398E-07   1.55606E-11   7.00000E-10   4.36089E-01  -8.43205E+00
    5.58339E-07   1.21880E-11   6.00000E-10   4.36163E-01  -8.43533E+00
    4.65281E-07   9.11489E-12   5.00000E-10   4.36243E-01  -8.43884E+00
    3.72223E-07   6.37252E-12   4.00000E-10   4.36330E-01  -8.44265E+00
    2.79166E-07   4.00269E-12   3.00000E-10   4.36427E-01  -8.44685E+00
    1.86110E-07   2.06485E-12   2.00000E-10   4.36539E-01  -8.45163E+00
    9.30543E-08   6.55363E-13   1.00000E-10   4.36676E-01  -8.45738E+00
    8.37488E-08   5.49542E-13   9.00000E-11   4.36692E-01  -8.45805E+00
    7.44433E-08   4.51113E-13   8.00000E-11   4.36709E-01  -8.45874E+00
    6.51378E-08   3.60442E-13   7.00000E-11   4.36727E-01  -8.45946E+00
    5.58324E-08   2.77958E-13   6.00000E-11   4.36745E-01  -8.46021E+00
    4.65269E-08   2.04175E-13   5.00000E-11   4.36765E-01  -8.46101E+00
    3.72215E-08   1.39733E-13   4.00000E-11   4.36785E-01  -8.46186E+00
    2.79161E-08   8.54592E-14   3.00000E-11   4.36808E-01  -8.46276E+00
    1.86107E-08   4.25008E-14   2.00000E-11   4.36834E-01  -8.46377E+00
    9.30535E-09   1.26642E-14   1.00000E-11   4.36864E-01  -8.46491E+00
    8.37481E-09   1.05135E-14   9.00000E-12   4.36867E-01  -8.46504E+00
    7.44428E-09   8.53227E-15   8.00000E-12   4.36871E-01  -8.46517E+00
    6.51374E-09   6.72712E-15   7.00000E-12   4.36874E-01  -8.46531E+00
    5.58321E-09   5.10561E-15   6.00000E-12   4.36878E-01  -8.46545E+00
    4.65267E-09   3.67679E-15   5.00000E-12   4.36882E-01  -8.46559E+00
    3.72214E-09   2.45180E-15   4.00000E-12   4.36886E-01  -8.46575E+00
    2.79160E-09   1.44491E-15   3.00000E-12   4.36891E-01  -8.46590E+00
    1.86107E-09   6.75636E-16   2.00000E-12   4.36896E-01  -8.46607E+00
    9.30534E-10   1.73839E-16   1.00000E-12   4.36901E-01  -8.46624E+00
    8.37480E-10   1.40148E-16   9.00000E-13   4.36902E-01  -8.46625E+00
    7.44427E-10   1.09731E-16   8.00000E-13   4.36902E-01  -8.46627E+00
    6.51374E-10   8.26862E-17   7.00000E-13   4.36903E-01  -8.46629E+00
    5.58320E-10   5.91217E-17   6.00000E-13   4.36904E-01  -8.46631E+00
    4.65267E-10   3.91648E-17   5.00000E-13   4.36904E-01  -8.46632E+00
    3.72213E-10   2.29657E-17   4.00000E-13   4.36905E-01  -8.46634E+00
    2.79160E-10   1.07067E-17   3.00000E-13   4.36906E-01  -8.46635E+00
    1.86107E-10   2.61648E-18   2.00000E-13   4.36906E-01  -8.46636E+00
