1.000000E+00 NAN NAN
1.099000E+00 1.346331E-01 2.045816E+01
1.198000E+00 1.409898E-01 1.831389E+01
1.297000E+00 1.473093E-01 1.769895E+01
1.396000E+00 1.535820E-01 1.721555E+01
1.495000E+00 1.598028E-01 1.671510E+01
1.594000E+00 1.659690E-01 1.630912E+01
1.693000E+00 1.720790E-01 1.597644E+01
1.792000E+00 1.781317E-01 1.570169E+01
1.891000E+00 1.841270E-01 1.538898E+01
1.990000E+00 1.900652E-01 1.520349E+01
2.089000E+00 1.959464E-01 1.497377E+01
2.188000E+00 2.017717E-01 1.484804E+01
2.287000E+00 2.075415E-01 1.467579E+01
2.386000E+00 2.132571E-01 1.452747E+01
2.485000E+00 2.189194E-01 1.439949E+01
2.584000E+00 2.245292E-01 1.423046E+01
2.683000E+00 2.300878E-01 1.413724E+01
2.782000E+00 2.355961E-01 1.405688E+01
2.881000E+00 2.410552E-01 1.393577E+01
2.980000E+00 2.464662E-01 1.387817E+01
3.079000E+00 2.518299E-01 1.378066E+01
3.178000E+00 2.571474E-01 1.374061E+01
3.277000E+00 2.624197E-01 1.366163E+01
3.376000E+00 2.676476E-01 1.359119E+01
3.475000E+00 2.728321E-01 1.352836E+01
3.574000E+00 2.779742E-01 1.347236E+01
3.673000E+00 2.830745E-01 1.342250E+01
3.772000E+00 2.881341E-01 1.337820E+01
3.871000E+00 2.931536E-01 1.333893E+01
3.970000E+00 2.981339E-01 1.330423E+01
4.069000E+00 3.030758E-01 1.327368E+01
4.168000E+00 3.079799E-01 1.321108E+01
4.267000E+00 3.128470E-01 1.318854E+01
4.366000E+00 3.176778E-01 1.316913E+01
4.465000E+00 3.224730E-01 1.311900E+01
4.564000E+00 3.272331E-01 1.310576E+01
4.663000E+00 3.319589E-01 1.306264E+01
4.762000E+00 3.366509E-01 1.305459E+01
4.861000E+00 3.413098E-01 1.301749E+01
4.960000E+00 3.459360E-01 1.298338E+01
5.059000E+00 3.505303E-01 1.298194E+01
5.158000E+00 3.550930E-01 1.295262E+01
5.257000E+00 3.596248E-01 1.292573E+01
5.356000E+00 3.641261E-01 1.292954E+01
5.455000E+00 3.685974E-01 1.290652E+01
5.554000E+00 3.730393E-01 1.288549E+01
5.653000E+00 3.774521E-01 1.286632E+01
5.752000E+00 3.818363E-01 1.284889E+01
5.851000E+00 3.861924E-01 1.283309E+01
5.950000E+00 3.905208E-01 1.281881E+01
6.049000E+00 3.948219E-01 1.280598E+01
6.148000E+00 3.990962E-01 1.279450E+01
6.247000E+00 4.033440E-01 1.278430E+01
6.346000E+00 4.075656E-01 1.277529E+01
6.445000E+00 4.117616E-01 1.276742E+01
6.544000E+00 4.159322E-01 1.276062E+01
6.643000E+00 4.200778E-01 1.275483E+01
6.742000E+00 4.241988E-01 1.272663E+01
6.841000E+00 4.282954E-01 1.272297E+01
6.940000E+00 4.323681E-01 1.272016E+01
7.039000E+00 4.364171E-01 1.271815E+01
7.138000E+00 4.404428E-01 1.269462E+01
7.237000E+00 4.444454E-01 1.269433E+01
7.336000E+00 4.484253E-01 1.269472E+01
7.435000E+00 4.523828E-01 1.267420E+01
7.534000E+00 4.563181E-01 1.267607E+01
7.633000E+00 4.602316E-01 1.267851E+01
7.732000E+00 4.641234E-01 1.266061E+01
7.831000E+00 4.679939E-01 1.266432E+01
7.930000E+00 4.718434E-01 1.264807E+01
8.029000E+00 4.756721E-01 1.265292E+01
8.128000E+00 4.794802E-01 1.263816E+01
8.227000E+00 4.832680E-01 1.264406E+01
8.326000E+00 4.870358E-01 1.263068E+01
8.425000E+00 4.907837E-01 1.263752E+01
8.524000E+00 4.945121E-01 1.262540E+01
8.623000E+00 4.982210E-01 1.261397E+01
8.722000E+00 5.019109E-01 1.262214E+01
8.821000E+00 5.055818E-01 1.261182E+01
8.920000E+00 5.092339E-01 1.260211E+01
9.019000E+00 5.128676E-01 1.261145E+01
9.118000E+00 5.164829E-01 1.260273E+01
9.217000E+00 5.200801E-01 1.259455E+01
9.316000E+00 5.236595E-01 1.260490E+01
9.415000E+00 5.272210E-01 1.259760E+01
9.514000E+00 5.307650E-01 1.259078E+01
9.613000E+00 5.342917E-01 1.258444E+01
9.712000E+00 5.378013E-01 1.259599E+01
9.811000E+00 5.412939E-01 1.259039E+01
9.910000E+00 5.447696E-01 1.258522E+01
1.000900E+01 5.482288E-01 1.258046E+01
1.010800E+01 5.516715E-01 1.257609E+01
1.020700E+01 5.550980E-01 1.257210E+01
1.030600E+01 5.585082E-01 1.256847E+01
1.040500E+01 5.619026E-01 1.256520E+01
1.050400E+01 5.652811E-01 1.257870E+01
1.060300E+01 5.686440E-01 1.257598E+01
1.070200E+01 5.719913E-01 1.257358E+01
1.080100E+01 5.753233E-01 1.257149E+01
1.090000E+01 5.786401E-01 1.256970E+01
1.099900E+01 5.819419E-01 1.256820E+01
1.109800E+01 5.852287E-01 1.256698E+01
1.119700E+01 5.885008E-01 1.256604E+01
1.129600E+01 5.917582E-01 1.256535E+01
1.139500E+01 5.950011E-01 1.256492E+01
1.149400E+01 5.982297E-01 1.256473E+01
1.159300E+01 6.014440E-01 1.254953E+01
1.169200E+01 6.046442E-01 1.254991E+01
1.179100E+01 6.078304E-01 1.255051E+01
1.189000E+01 6.110028E-01 1.255132E+01
1.198900E+01 6.141615E-01 1.255234E+01
1.208800E+01 6.173066E-01 1.255356E+01
1.218700E+01 6.204381E-01 1.255497E+01
1.228600E+01 6.235563E-01 1.255658E+01
1.238500E+01 6.266613E-01 1.254385E+01
1.248400E+01 6.297531E-01 1.254590E+01
1.258300E+01 6.328319E-01 1.254812E+01
1.268200E+01 6.358977E-01 1.255051E+01
1.278100E+01 6.389508E-01 1.255306E+01
1.288000E+01 6.419912E-01 1.254167E+01
1.297900E+01 6.450189E-01 1.254460E+01
1.307800E+01 6.480342E-01 1.254768E+01
1.317700E+01 6.510372E-01 1.255090E+01
1.327600E+01 6.540278E-01 1.254047E+01
1.337500E+01 6.570063E-01 1.254404E+01
1.347400E+01 6.599727E-01 1.254774E+01
1.357300E+01 6.629272E-01 1.255156E+01
1.367200E+01 6.658697E-01 1.254200E+01
1.377100E+01 6.688005E-01 1.254613E+01
1.387000E+01 6.717196E-01 1.255038E+01
1.396900E+01 6.746271E-01 1.254144E+01
1.406800E+01 6.775231E-01 1.254597E+01
1.416700E+01 6.804077E-01 1.253744E+01
1.426600E+01 6.832810E-01 1.254224E+01
1.436500E+01 6.861430E-01 1.254713E+01
1.446400E+01 6.889939E-01 1.253916E+01
1.456300E+01 6.918337E-01 1.254430E+01
1.466200E+01 6.946625E-01 1.254954E+01
1.476100E+01 6.974805E-01 1.254208E+01
1.486000E+01 7.002876E-01 1.254754E+01
1.495900E+01 7.030839E-01 1.254043E+01
1.505800E+01 7.058696E-01 1.254610E+01
1.515700E+01 7.086448E-01 1.253932E+01
1.525600E+01 7.114094E-01 1.254520E+01
1.535500E+01 7.141636E-01 1.253874E+01
1.545400E+01 7.169075E-01 1.254481E+01
1.555300E+01 7.196411E-01 1.253865E+01
1.565200E+01 7.223645E-01 1.254491E+01
1.575100E+01 7.250778E-01 1.253904E+01
1.585000E+01 7.277811E-01 1.254547E+01
1.594900E+01 7.304744E-01 1.253988E+01
1.604800E+01 7.331578E-01 1.254648E+01
1.614700E+01 7.358313E-01 1.254115E+01
1.624600E+01 7.384951E-01 1.254791E+01
1.634500E+01 7.411492E-01 1.254284E+01
1.644400E+01 7.437937E-01 1.254974E+01
1.654300E+01 7.464286E-01 1.254492E+01
1.664200E+01 7.490541E-01 1.254024E+01
1.674100E+01 7.516701E-01 1.254738E+01
1.684000E+01 7.542768E-01 1.254293E+01
1.693900E+01 7.568741E-01 1.255019E+01
1.703800E+01 7.594623E-01 1.254597E+01
1.713700E+01 7.620412E-01 1.254187E+01
1.723600E+01 7.646111E-01 1.254934E+01
1.733500E+01 7.671719E-01 1.254545E+01
1.743400E+01 7.697237E-01 1.255304E+01
1.753300E+01 7.722666E-01 1.254935E+01
1.763200E+01 7.748007E-01 1.254579E+01
1.773100E+01 7.773259E-01 1.255355E+01
1.783000E+01 7.798423E-01 1.255017E+01
1.792900E+01 7.823501E-01 1.254691E+01
1.802800E+01 7.848493E-01 1.255484E+01
1.812700E+01 7.873398E-01 1.255176E+01
1.822600E+01 7.898218E-01 1.254878E+01
1.832500E+01 7.922954E-01 1.254591E+01
1.842400E+01 7.947606E-01 1.255406E+01
1.852300E+01 7.972173E-01 1.255135E+01
1.862200E+01 7.996658E-01 1.254874E+01
1.872100E+01 8.021060E-01 1.255703E+01
1.882000E+01 8.045380E-01 1.255458E+01
1.891900E+01 8.069619E-01 1.255223E+01
1.901800E+01 8.093777E-01 1.254996E+01
1.911700E+01 8.117854E-01 1.255844E+01
1.921600E+01 8.141851E-01 1.255632E+01
1.931500E+01 8.165769E-01 1.255429E+01
1.941400E+01 8.189608E-01 1.255235E+01
1.951300E+01 8.213368E-01 1.255049E+01
1.961200E+01 8.237051E-01 1.255917E+01
1.971100E+01 8.260655E-01 1.255745E+01
1.981000E+01 8.284183E-01 1.255581E+01
1.990900E+01 8.307634E-01 1.255424E+01
2.000800E+01 8.331009E-01 1.255276E+01
2.010700E+01 8.354308E-01 1.256163E+01
2.020600E+01 8.377532E-01 1.256027E+01
2.030500E+01 8.400681E-01 1.255898E+01
2.040400E+01 8.423756E-01 1.255776E+01
2.050300E+01 8.446757E-01 1.255662E+01
2.060200E+01 8.469684E-01 1.255555E+01
2.070100E+01 8.492539E-01 1.255455E+01
2.080000E+01 8.515321E-01 1.256366E+01
2.089900E+01 8.538030E-01 1.256276E+01
2.099800E+01 8.560668E-01 1.256193E+01
2.109700E+01 8.583235E-01 1.256117E+01
2.119600E+01 8.605730E-01 1.256047E+01
2.129500E+01 8.628155E-01 1.255984E+01
2.139400E+01 8.650510E-01 1.255927E+01
2.149300E+01 8.672796E-01 1.255876E+01
2.159200E+01 8.695012E-01 1.255831E+01
2.169100E+01 8.717159E-01 1.256768E+01
2.179000E+01 8.739237E-01 1.256732E+01
2.188900E+01 8.761247E-01 1.256701E+01
2.198800E+01 8.783190E-01 1.256677E+01
2.208700E+01 8.805065E-01 1.256658E+01
2.218600E+01 8.826873E-01 1.256645E+01
2.228500E+01 8.848615E-01 1.256637E+01
2.238400E+01 8.870290E-01 1.256634E+01
2.248300E+01 8.891899E-01 1.256637E+01
2.258200E+01 8.913443E-01 1.256645E+01
2.268100E+01 8.934921E-01 1.256658E+01
2.278000E+01 8.956335E-01 1.256676E+01
2.287900E+01 8.977684E-01 1.256699E+01
2.297800E+01 8.998969E-01 1.256727E+01
2.307700E+01 9.020191E-01 1.256760E+01
2.317600E+01 9.041349E-01 1.256797E+01
2.327500E+01 9.062444E-01 1.256839E+01
2.337400E+01 9.083476E-01 1.256886E+01
2.347300E+01 9.104446E-01 1.256937E+01
2.357200E+01 9.125353E-01 1.256993E+01
2.367100E+01 9.146199E-01 1.257053E+01
2.377000E+01 9.166984E-01 1.257117E+01
2.386900E+01 9.187707E-01 1.257186E+01
2.396800E+01 9.208370E-01 1.257259E+01
2.406700E+01 9.228972E-01 1.257335E+01
2.416600E+01 9.249514E-01 1.257416E+01
2.426500E+01 9.269996E-01 1.257501E+01
2.436400E+01 9.290419E-01 1.257590E+01
2.446300E+01 9.310782E-01 1.257683E+01
2.456200E+01 9.331087E-01 1.256883E+01
2.466100E+01 9.351333E-01 1.256986E+01
2.476000E+01 9.371520E-01 1.257092E+01
2.485900E+01 9.391650E-01 1.257202E+01
2.495800E+01 9.411722E-01 1.257316E+01
2.505700E+01 9.431736E-01 1.257433E+01
2.515600E+01 9.451694E-01 1.257554E+01
2.525500E+01 9.471594E-01 1.257678E+01
2.535400E+01 9.491438E-01 1.257805E+01
2.545300E+01 9.511226E-01 1.257936E+01
2.555200E+01 9.530958E-01 1.258070E+01
2.565100E+01 9.550634E-01 1.257337E+01
2.575000E+01 9.570255E-01 1.257480E+01
2.584900E+01 9.589821E-01 1.257625E+01
2.594800E+01 9.609332E-01 1.257774E+01
2.604700E+01 9.628789E-01 1.257926E+01
2.614600E+01 9.648191E-01 1.258081E+01
2.624500E+01 9.667539E-01 1.258239E+01
2.634400E+01 9.686833E-01 1.257545E+01
2.644300E+01 9.706074E-01 1.257711E+01
2.654200E+01 9.725261E-01 1.257879E+01
2.664100E+01 9.744396E-01 1.258050E+01
2.674000E+01 9.763478E-01 1.258225E+01
2.683900E+01 9.782507E-01 1.258401E+01
2.693800E+01 9.801484E-01 1.257739E+01
2.703700E+01 9.820409E-01 1.257923E+01
2.713600E+01 9.839283E-01 1.258109E+01
2.723500E+01 9.858104E-01 1.258298E+01
2.733400E+01 9.876875E-01 1.258490E+01
2.743300E+01 9.895594E-01 1.257852E+01
2.753200E+01 9.914263E-01 1.258051E+01
2.763100E+01 9.932882E-01 1.258252E+01
2.773000E+01 9.951450E-01 1.258455E+01
2.782900E+01 9.969968E-01 1.258661E+01
2.792800E+01 9.988436E-01 1.258046E+01
2.802700E+01 1.000685E+00 1.258258E+01
2.812600E+01 1.002522E+00 1.258472E+01
2.822500E+01 1.004354E+00 1.258689E+01
2.832400E+01 1.006182E+00 1.258093E+01
2.842300E+01 1.008004E+00 1.258315E+01
2.852200E+01 1.009821E+00 1.258540E+01
2.862100E+01 1.011634E+00 1.258767E+01
2.872000E+01 1.013442E+00 1.258189E+01
2.881900E+01 1.015245E+00 1.258421E+01
2.891800E+01 1.017043E+00 1.258655E+01
2.901700E+01 1.018837E+00 1.258892E+01
2.911600E+01 1.020626E+00 1.258330E+01
2.921500E+01 1.022410E+00 1.258572E+01
2.931400E+01 1.024189E+00 1.258816E+01
2.941300E+01 1.025964E+00 1.259062E+01
2.951200E+01 1.027734E+00 1.258517E+01
2.961100E+01 1.029500E+00 1.258768E+01
2.971000E+01 1.031261E+00 1.259020E+01
2.980900E+01 1.033018E+00 1.258487E+01
2.990800E+01 1.034769E+00 1.258745E+01
3.000700E+01 1.036517E+00 1.259004E+01
3.010600E+01 1.038260E+00 1.259266E+01
3.020500E+01 1.039998E+00 1.258748E+01
3.030400E+01 1.041732E+00 1.259013E+01
3.040300E+01 1.043462E+00 1.259281E+01
3.050200E+01 1.045187E+00 1.258774E+01
3.060100E+01 1.046908E+00 1.259047E+01
3.070000E+01 1.048624E+00 1.259320E+01
3.079900E+01 1.050336E+00 1.258825E+01
3.089800E+01 1.052044E+00 1.259103E+01
3.099700E+01 1.053747E+00 1.259383E+01
3.109600E+01 1.055446E+00 1.258898E+01
3.119500E+01 1.057141E+00 1.259182E+01
3.129400E+01 1.058831E+00 1.259467E+01
3.139300E+01 1.060517E+00 1.258993E+01
3.149200E+01 1.062199E+00 1.259282E+01
3.159100E+01 1.063877E+00 1.259573E+01
3.169000E+01 1.065550E+00 1.259109E+01
3.178900E+01 1.067220E+00 1.259404E+01
3.188800E+01 1.068885E+00 1.258947E+01
3.198700E+01 1.070546E+00 1.259246E+01
3.208600E+01 1.072203E+00 1.259546E+01
3.218500E+01 1.073856E+00 1.259098E+01
3.228400E+01 1.075504E+00 1.259402E+01
3.238300E+01 1.077149E+00 1.259707E+01
3.248200E+01 1.078790E+00 1.259269E+01
3.258100E+01 1.080426E+00 1.259578E+01
3.268000E+01 1.082059E+00 1.259146E+01
3.277900E+01 1.083687E+00 1.259459E+01
3.287800E+01 1.085312E+00 1.259772E+01
3.297700E+01 1.086932E+00 1.259349E+01
3.307600E+01 1.088549E+00 1.259666E+01
3.317500E+01 1.090161E+00 1.259250E+01
3.327400E+01 1.091770E+00 1.259570E+01
3.337300E+01 1.093375E+00 1.259161E+01
3.347200E+01 1.094976E+00 1.259484E+01
3.357100E+01 1.096573E+00 1.259808E+01
3.367000E+01 1.098166E+00 1.259407E+01
3.376900E+01 1.099756E+00 1.259735E+01
3.386800E+01 1.101341E+00 1.259339E+01
3.396700E+01 1.102923E+00 1.259670E+01
3.406600E+01 1.104501E+00 1.259280E+01
3.416500E+01 1.106075E+00 1.259614E+01
3.426400E+01 1.107645E+00 1.259949E+01
3.436300E+01 1.109212E+00 1.259567E+01
3.446200E+01 1.110775E+00 1.259904E+01
3.456100E+01 1.112334E+00 1.259528E+01
3.466000E+01 1.113889E+00 1.259868E+01
3.475900E+01 1.115441E+00 1.259498E+01
3.485800E+01 1.116989E+00 1.259841E+01
3.495700E+01 1.118534E+00 1.259476E+01
3.505600E+01 1.120074E+00 1.259822E+01
3.515500E+01 1.121612E+00 1.259462E+01
3.525400E+01 1.123145E+00 1.259810E+01
3.535300E+01 1.124675E+00 1.259456E+01
3.545200E+01 1.126201E+00 1.259807E+01
3.555100E+01 1.127724E+00 1.259457E+01
3.565000E+01 1.129243E+00 1.259811E+01
3.574900E+01 1.130759E+00 1.260165E+01
3.584800E+01 1.132271E+00 1.259823E+01
3.594700E+01 1.133780E+00 1.260180E+01
3.604600E+01 1.135285E+00 1.259842E+01
3.614500E+01 1.136786E+00 1.260201E+01
3.624400E+01 1.138285E+00 1.259868E+01
3.634300E+01 1.139779E+00 1.259538E+01
3.644200E+01 1.141270E+00 1.259902E+01
3.654100E+01 1.142758E+00 1.259576E+01
3.664000E+01 1.144243E+00 1.259942E+01
3.673900E+01 1.145724E+00 1.259622E+01
3.683800E+01 1.147201E+00 1.259989E+01
3.693700E+01 1.148675E+00 1.259673E+01
3.703600E+01 1.150146E+00 1.260043E+01
3.713500E+01 1.151613E+00 1.259732E+01
3.723400E+01 1.153077E+00 1.260104E+01
3.733300E+01 1.154538E+00 1.259797E+01
3.743200E+01 1.155996E+00 1.260171E+01
3.753100E+01 1.157450E+00 1.259868E+01
3.763000E+01 1.158901E+00 1.260244E+01
3.772900E+01 1.160348E+00 1.259946E+01
3.782800E+01 1.161792E+00 1.259650E+01
3.792700E+01 1.163233E+00 1.260030E+01
3.802600E+01 1.164671E+00 1.259738E+01
3.812500E+01 1.166106E+00 1.260119E+01
3.822400E+01 1.167537E+00 1.259832E+01
3.832300E+01 1.168965E+00 1.260215E+01
3.842200E+01 1.170390E+00 1.259932E+01
3.852100E+01 1.171812E+00 1.260317E+01
3.862000E+01 1.173230E+00 1.260037E+01
3.871900E+01 1.174645E+00 1.259761E+01
3.881800E+01 1.176058E+00 1.260149E+01
3.891700E+01 1.177467E+00 1.259876E+01
3.901600E+01 1.178873E+00 1.260266E+01
3.911500E+01 1.180275E+00 1.259996E+01
3.921400E+01 1.181675E+00 1.259730E+01
3.931300E+01 1.183072E+00 1.260123E+01
3.941200E+01 1.184465E+00 1.259860E+01
3.951100E+01 1.185856E+00 1.260254E+01
3.961000E+01 1.187243E+00 1.259995E+01
3.970900E+01 1.188628E+00 1.259738E+01
3.980800E+01 1.190009E+00 1.260135E+01
3.990700E+01 1.191387E+00 1.259881E+01
4.000600E+01 1.192762E+00 1.260280E+01
4.010500E+01 1.194135E+00 1.260030E+01
4.020400E+01 1.195504E+00 1.259783E+01
4.030300E+01 1.196870E+00 1.260184E+01
4.040200E+01 1.198234E+00 1.259940E+01
4.050100E+01 1.199594E+00 1.260343E+01
4.060000E+01 1.200951E+00 1.260102E+01
4.069900E+01 1.202306E+00 1.259863E+01
4.079800E+01 1.203657E+00 1.260268E+01
4.089700E+01 1.205006E+00 1.260033E+01
4.099600E+01 1.206352E+00 1.259800E+01
4.109500E+01 1.207694E+00 1.260208E+01
4.119400E+01 1.209034E+00 1.259978E+01
4.129300E+01 1.210371E+00 1.260387E+01
4.139200E+01 1.211706E+00 1.260160E+01
4.149100E+01 1.213037E+00 1.259936E+01
4.159000E+01 1.214365E+00 1.260347E+01
4.168900E+01 1.215691E+00 1.260125E+01
4.178800E+01 1.217014E+00 1.259906E+01
4.188700E+01 1.218334E+00 1.260319E+01
4.198600E+01 1.219651E+00 1.260103E+01
4.208500E+01 1.220965E+00 1.259889E+01
4.218400E+01 1.222277E+00 1.260304E+01
4.228300E+01 1.223586E+00 1.260093E+01
4.238200E+01 1.224892E+00 1.259883E+01
4.248100E+01 1.226195E+00 1.260301E+01
4.258000E+01 1.227495E+00 1.260094E+01
4.267900E+01 1.228793E+00 1.259890E+01
4.277800E+01 1.230088E+00 1.260309E+01
4.287700E+01 1.231380E+00 1.260108E+01
4.297600E+01 1.232670E+00 1.259908E+01
4.307500E+01 1.233957E+00 1.260329E+01
4.317400E+01 1.235241E+00 1.260132E+01
4.327300E+01 1.236523E+00 1.259937E+01
4.337200E+01 1.237801E+00 1.259743E+01
4.347100E+01 1.239078E+00 1.260168E+01
4.357000E+01 1.240351E+00 1.259977E+01
4.366900E+01 1.241622E+00 1.259788E+01
4.376800E+01 1.242890E+00 1.260214E+01
4.386700E+01 1.244156E+00 1.260028E+01
4.396600E+01 1.245419E+00 1.259843E+01
4.406500E+01 1.246679E+00 1.260271E+01
4.416400E+01 1.247937E+00 1.260089E+01
4.426300E+01 1.249192E+00 1.259909E+01
4.436200E+01 1.250444E+00 1.259730E+01
4.446100E+01 1.251694E+00 1.260160E+01
4.456000E+01 1.252942E+00 1.259984E+01
4.465900E+01 1.254187E+00 1.259810E+01
4.475800E+01 1.255429E+00 1.260242E+01
4.485700E+01 1.256669E+00 1.260070E+01
4.495600E+01 1.257906E+00 1.259899E+01
4.505500E+01 1.259141E+00 1.259731E+01
4.515400E+01 1.260373E+00 1.260165E+01
4.525300E+01 1.261602E+00 1.259999E+01
4.535200E+01 1.262830E+00 1.259834E+01
4.545100E+01 1.264054E+00 1.259671E+01
4.555000E+01 1.265276E+00 1.260107E+01
4.564900E+01 1.266496E+00 1.259946E+01
4.574800E+01 1.267713E+00 1.259787E+01
4.584700E+01 1.268928E+00 1.259630E+01
4.594600E+01 1.270140E+00 1.260068E+01
4.604500E+01 1.271350E+00 1.259913E+01
4.614400E+01 1.272558E+00 1.259759E+01
4.624300E+01 1.273763E+00 1.259606E+01
4.634200E+01 1.274965E+00 1.260047E+01
4.644100E+01 1.276165E+00 1.259896E+01
4.654000E+01 1.277363E+00 1.259748E+01
4.663900E+01 1.278558E+00 1.259600E+01
4.673800E+01 1.279751E+00 1.260043E+01
4.683700E+01 1.280942E+00 1.259898E+01
4.693600E+01 1.282130E+00 1.259754E+01
4.703500E+01 1.283316E+00 1.259612E+01
4.713400E+01 1.284500E+00 1.260056E+01
4.723300E+01 1.285681E+00 1.259916E+01
4.733200E+01 1.286859E+00 1.259777E+01
4.743100E+01 1.288036E+00 1.259639E+01
4.753000E+01 1.289210E+00 1.259504E+01
4.762900E+01 1.290382E+00 1.259950E+01
4.772800E+01 1.291551E+00 1.259816E+01
4.782700E+01 1.292718E+00 1.259683E+01
4.792600E+01 1.293883E+00 1.259552E+01
4.802500E+01 1.295046E+00 1.259422E+01
4.812400E+01 1.296206E+00 1.259871E+01
4.822300E+01 1.297364E+00 1.259743E+01
4.832200E+01 1.298520E+00 1.259616E+01
4.842100E+01 1.299673E+00 1.259491E+01
4.852000E+01 1.300825E+00 1.259367E+01
4.861900E+01 1.301974E+00 1.259818E+01
4.871800E+01 1.303120E+00 1.259695E+01
4.881700E+01 1.304265E+00 1.259574E+01
4.891600E+01 1.305407E+00 1.259455E+01
4.901500E+01 1.306547E+00 1.259336E+01
4.911400E+01 1.307685E+00 1.259789E+01
4.921300E+01 1.308820E+00 1.259673E+01
4.931200E+01 1.309954E+00 1.259557E+01
4.941100E+01 1.311085E+00 1.259443E+01
4.951000E+01 1.312214E+00 1.259330E+01
4.960900E+01 1.313341E+00 1.259219E+01
4.970800E+01 1.314466E+00 1.259674E+01
4.980700E+01 1.315588E+00 1.259564E+01
4.990600E+01 1.316708E+00 1.259455E+01
5.000500E+01 1.317827E+00 1.259348E+01
5.010400E+01 1.318943E+00 1.259241E+01
5.020300E+01 1.320057E+00 1.259136E+01
5.030200E+01 1.321168E+00 1.259593E+01
5.040100E+01 1.322278E+00 1.259490E+01
5.050000E+01 1.323385E+00 1.259387E+01
5.059900E+01 1.324491E+00 1.259286E+01
5.069800E+01 1.325594E+00 1.259186E+01
5.079700E+01 1.326695E+00 1.259087E+01
5.089600E+01 1.327794E+00 1.259547E+01
5.099500E+01 1.328891E+00 1.259449E+01
5.109400E+01 1.329986E+00 1.259353E+01
5.119300E+01 1.331079E+00 1.259258E+01
5.129200E+01 1.332170E+00 1.259164E+01
5.139100E+01 1.333259E+00 1.259071E+01
5.149000E+01 1.334345E+00 1.258979E+01
5.158900E+01 1.335430E+00 1.259441E+01
5.168800E+01 1.336512E+00 1.259351E+01
5.178700E+01 1.337593E+00 1.259261E+01
5.188600E+01 1.338671E+00 1.259173E+01
5.198500E+01 1.339748E+00 1.259086E+01
5.208400E+01 1.340822E+00 1.259000E+01
5.218300E+01 1.341895E+00 1.258915E+01
5.228200E+01 1.342965E+00 1.258831E+01
5.238100E+01 1.344033E+00 1.259295E+01
5.248000E+01 1.345100E+00 1.259213E+01
5.257900E+01 1.346164E+00 1.259131E+01
5.267800E+01 1.347227E+00 1.259051E+01
5.277700E+01 1.348287E+00 1.258971E+01
5.287600E+01 1.349345E+00 1.258893E+01
5.297500E+01 1.350402E+00 1.258815E+01
5.307400E+01 1.351456E+00 1.258739E+01
5.317300E+01 1.352509E+00 1.259205E+01
5.327200E+01 1.353560E+00 1.259130E+01
5.337100E+01 1.354608E+00 1.259056E+01
5.347000E+01 1.355655E+00 1.258983E+01
5.356900E+01 1.356700E+00 1.258911E+01
5.366800E+01 1.357743E+00 1.258839E+01
5.376700E+01 1.358784E+00 1.258769E+01
5.386600E+01 1.359823E+00 1.258700E+01
5.396500E+01 1.360860E+00 1.258631E+01
5.406400E+01 1.361895E+00 1.258564E+01
5.416300E+01 1.362928E+00 1.259033E+01
5.426200E+01 1.363960E+00 1.258967E+01
5.436100E+01 1.364989E+00 1.258902E+01
5.446000E+01 1.366017E+00 1.258837E+01
5.455900E+01 1.367043E+00 1.258774E+01
5.465800E+01 1.368067E+00 1.258711E+01
5.475700E+01 1.369089E+00 1.258650E+01
5.485600E+01 1.370109E+00 1.258589E+01
5.495500E+01 1.371127E+00 1.258529E+01
5.505400E+01 1.372144E+00 1.258470E+01
5.515300E+01 1.373158E+00 1.258412E+01
5.525200E+01 1.374171E+00 1.258355E+01
5.535100E+01 1.375182E+00 1.258299E+01
5.545000E+01 1.376191E+00 1.258771E+01
5.554900E+01 1.377198E+00 1.258716E+01
5.564800E+01 1.378204E+00 1.258661E+01
5.574700E+01 1.379208E+00 1.258608E+01
5.584600E+01 1.380209E+00 1.258555E+01
5.594500E+01 1.381209E+00 1.258504E+01
5.604400E+01 1.382208E+00 1.258453E+01
5.614300E+01 1.383204E+00 1.258403E+01
5.624200E+01 1.384199E+00 1.258353E+01
5.634100E+01 1.385192E+00 1.258305E+01
5.644000E+01 1.386183E+00 1.258257E+01
5.653900E+01 1.387172E+00 1.258211E+01
5.663800E+01 1.388160E+00 1.258165E+01
5.673700E+01 1.389145E+00 1.258119E+01
5.683600E+01 1.390129E+00 1.258075E+01
5.693500E+01 1.391112E+00 1.258032E+01
5.703400E+01 1.392092E+00 1.257989E+01
5.713300E+01 1.393071E+00 1.257947E+01
5.723200E+01 1.394048E+00 1.258423E+01
5.733100E+01 1.395023E+00 1.258382E+01
5.743000E+01 1.395997E+00 1.258342E+01
5.752900E+01 1.396969E+00 1.258303E+01
5.762800E+01 1.397939E+00 1.258264E+01
5.772700E+01 1.398907E+00 1.258226E+01
5.782600E+01 1.399874E+00 1.258189E+01
5.792500E+01 1.400839E+00 1.258153E+01
5.802400E+01 1.401802E+00 1.258117E+01
5.812300E+01 1.402764E+00 1.258082E+01
5.822200E+01 1.403724E+00 1.258048E+01
5.832100E+01 1.404682E+00 1.258015E+01
5.842000E+01 1.405638E+00 1.257982E+01
5.851900E+01 1.406593E+00 1.257950E+01
5.861800E+01 1.407547E+00 1.257919E+01
5.871700E+01 1.408498E+00 1.257889E+01
5.881600E+01 1.409448E+00 1.257859E+01
5.891500E+01 1.410396E+00 1.257830E+01
5.901400E+01 1.411343E+00 1.257802E+01
5.911300E+01 1.412287E+00 1.257774E+01
5.921200E+01 1.413231E+00 1.257747E+01
5.931100E+01 1.414172E+00 1.257721E+01
5.941000E+01 1.415112E+00 1.257696E+01
5.950900E+01 1.416051E+00 1.257671E+01
5.960800E+01 1.416987E+00 1.257647E+01
5.970700E+01 1.417922E+00 1.257623E+01
5.980600E+01 1.418856E+00 1.257601E+01
5.990500E+01 1.419788E+00 1.257579E+01
6.000400E+01 1.420718E+00 1.257557E+01
6.010300E+01 1.421646E+00 1.257537E+01
6.020200E+01 1.422573E+00 1.257517E+01
6.030100E+01 1.423499E+00 1.257497E+01
6.040000E+01 1.424423E+00 1.257479E+01
6.049900E+01 1.425345E+00 1.257460E+01
6.059800E+01 1.426266E+00 1.257443E+01
6.069700E+01 1.427185E+00 1.257426E+01
6.079600E+01 1.428102E+00 1.257410E+01
6.089500E+01 1.429018E+00 1.257395E+01
6.099400E+01 1.429932E+00 1.257380E+01
6.109300E+01 1.430845E+00 1.257366E+01
6.119200E+01 1.431756E+00 1.257352E+01
6.129100E+01 1.432666E+00 1.257339E+01
6.139000E+01 1.433574E+00 1.257327E+01
6.148900E+01 1.434481E+00 1.257316E+01
6.158800E+01 1.435386E+00 1.257305E+01
6.168700E+01 1.436289E+00 1.257294E+01
6.178600E+01 1.437191E+00 1.257284E+01
6.188500E+01 1.438092E+00 1.257275E+01
6.198400E+01 1.438991E+00 1.257267E+01
6.208300E+01 1.439888E+00 1.257259E+01
6.218200E+01 1.440784E+00 1.257251E+01
6.228100E+01 1.441678E+00 1.257245E+01
6.238000E+01 1.442571E+00 1.257238E+01
6.247900E+01 1.443462E+00 1.256743E+01
6.257800E+01 1.444352E+00 1.256738E+01
6.267700E+01 1.445240E+00 1.256734E+01
6.277600E+01 1.446127E+00 1.256731E+01
6.287500E+01 1.447013E+00 1.256728E+01
6.297400E+01 1.447896E+00 1.256726E+01
6.307300E+01 1.448779E+00 1.256724E+01
6.317200E+01 1.449660E+00 1.256723E+01
6.327100E+01 1.450539E+00 1.256723E+01
6.337000E+01 1.451417E+00 1.256723E+01
6.346900E+01 1.452293E+00 1.256724E+01
6.356800E+01 1.453168E+00 1.256725E+01
6.366700E+01 1.454042E+00 1.256727E+01
6.376600E+01 1.454914E+00 1.256729E+01
6.386500E+01 1.455785E+00 1.256732E+01
6.396400E+01 1.456654E+00 1.256735E+01
6.406300E+01 1.457521E+00 1.256739E+01
6.416200E+01 1.458388E+00 1.256744E+01
6.426100E+01 1.459253E+00 1.256749E+01
6.436000E+01 1.460116E+00 1.256273E+01
6.445900E+01 1.460978E+00 1.256280E+01
6.455800E+01 1.461839E+00 1.256287E+01
6.465700E+01 1.462698E+00 1.256294E+01
6.475600E+01 1.463555E+00 1.256303E+01
6.485500E+01 1.464412E+00 1.256311E+01
6.495400E+01 1.465266E+00 1.256321E+01
6.505300E+01 1.466120E+00 1.256330E+01
6.515200E+01 1.466972E+00 1.256340E+01
6.525100E+01 1.467823E+00 1.256351E+01
6.535000E+01 1.468672E+00 1.256362E+01
6.544900E+01 1.469520E+00 1.256374E+01
6.554800E+01 1.470366E+00 1.256386E+01
6.564700E+01 1.471211E+00 1.255924E+01
6.574600E+01 1.472055E+00 1.255938E+01
6.584500E+01 1.472897E+00 1.255952E+01
6.594400E+01 1.473738E+00 1.255966E+01
6.604300E+01 1.474578E+00 1.255982E+01
6.614200E+01 1.475416E+00 1.255997E+01
6.624100E+01 1.476253E+00 1.256013E+01
6.634000E+01 1.477088E+00 1.256030E+01
6.643900E+01 1.477922E+00 1.256047E+01
6.653800E+01 1.478755E+00 1.256065E+01
6.663700E+01 1.479587E+00 1.256083E+01
6.673600E+01 1.480417E+00 1.255631E+01
6.683500E+01 1.481245E+00 1.255650E+01
6.693400E+01 1.482073E+00 1.255670E+01
6.703300E+01 1.482899E+00 1.255691E+01
6.713200E+01 1.483723E+00 1.255711E+01
6.723100E+01 1.484547E+00 1.255733E+01
6.733000E+01 1.485369E+00 1.255755E+01
6.742900E+01 1.486189E+00 1.255777E+01
6.752800E+01 1.487009E+00 1.255799E+01
6.762700E+01 1.487827E+00 1.255356E+01
6.772600E+01 1.488644E+00 1.255380E+01
6.782500E+01 1.489459E+00 1.255404E+01
6.792400E+01 1.490273E+00 1.255429E+01
6.802300E+01 1.491086E+00 1.255455E+01
6.812200E+01 1.491897E+00 1.255480E+01
6.822100E+01 1.492708E+00 1.255507E+01
6.832000E+01 1.493516E+00 1.255533E+01
6.841900E+01 1.494324E+00 1.255560E+01
6.851800E+01 1.495130E+00 1.255125E+01
6.861700E+01 1.495935E+00 1.255153E+01
6.871600E+01 1.496739E+00 1.255182E+01
6.881500E+01 1.497541E+00 1.255211E+01
6.891400E+01 1.498343E+00 1.255241E+01
6.901300E+01 1.499143E+00 1.255271E+01
6.911200E+01 1.499941E+00 1.255301E+01
6.921100E+01 1.500738E+00 1.255332E+01
6.931000E+01 1.501535E+00 1.254904E+01
6.940900E+01 1.502329E+00 1.254936E+01
6.950800E+01 1.503123E+00 1.254969E+01
6.960700E+01 1.503915E+00 1.255001E+01
6.970600E+01 1.504706E+00 1.255035E+01
6.980500E+01 1.505496E+00 1.255069E+01
6.990400E+01 1.506285E+00 1.255103E+01
7.000300E+01 1.507072E+00 1.254680E+01
7.010200E+01 1.507858E+00 1.254716E+01
7.020100E+01 1.508643E+00 1.254751E+01
7.030000E+01 1.509426E+00 1.254788E+01
7.039900E+01 1.510209E+00 1.254824E+01
7.049800E+01 1.510990E+00 1.254861E+01
7.059700E+01 1.511770E+00 1.254898E+01
7.069600E+01 1.512548E+00 1.254482E+01
7.079500E+01 1.513326E+00 1.254520E+01
7.089400E+01 1.514102E+00 1.254559E+01
7.099300E+01 1.514877E+00 1.254598E+01
7.109200E+01 1.515651E+00 1.254638E+01
7.119100E+01 1.516423E+00 1.254678E+01
7.129000E+01 1.517195E+00 1.254718E+01
7.138900E+01 1.517965E+00 1.254308E+01
7.148800E+01 1.518734E+00 1.254349E+01
7.158700E+01 1.519502E+00 1.254391E+01
7.168600E+01 1.520268E+00 1.254433E+01
7.178500E+01 1.521034E+00 1.254476E+01
7.188400E+01 1.521798E+00 1.254519E+01
7.198300E+01 1.522561E+00 1.254113E+01
7.208200E+01 1.523323E+00 1.254157E+01
7.218100E+01 1.524083E+00 1.254202E+01
7.228000E+01 1.524843E+00 1.254246E+01
7.237900E+01 1.525601E+00 1.254291E+01
7.247800E+01 1.526358E+00 1.254337E+01
7.257700E+01 1.527114E+00 1.253936E+01
7.267600E+01 1.527869E+00 1.253982E+01
7.277500E+01 1.528623E+00 1.254029E+01
7.287400E+01 1.529375E+00 1.254077E+01
7.297300E+01 1.530126E+00 1.254124E+01
7.307200E+01 1.530876E+00 1.254172E+01
7.317100E+01 1.531625E+00 1.253776E+01
7.327000E+01 1.532373E+00 1.253825E+01
7.336900E+01 1.533120E+00 1.253874E+01
7.346800E+01 1.533865E+00 1.253924E+01
7.356700E+01 1.534610E+00 1.253974E+01
7.366600E+01 1.535353E+00 1.253581E+01
7.376500E+01 1.536095E+00 1.253632E+01
7.386400E+01 1.536836E+00 1.253683E+01
7.396300E+01 1.537576E+00 1.253735E+01
7.406200E+01 1.538315E+00 1.253787E+01
7.416100E+01 1.539052E+00 1.253399E+01
7.426000E+01 1.539789E+00 1.253451E+01
7.435900E+01 1.540524E+00 1.253505E+01
7.445800E+01 1.541258E+00 1.253558E+01
7.455700E+01 1.541991E+00 1.253612E+01
7.465600E+01 1.542723E+00 1.253667E+01
7.475500E+01 1.543454E+00 1.253282E+01
7.485400E+01 1.544184E+00 1.253338E+01
7.495300E+01 1.544913E+00 1.253393E+01
7.505200E+01 1.545640E+00 1.253449E+01
7.515100E+01 1.546367E+00 1.253505E+01
7.525000E+01 1.547092E+00 1.253125E+01
7.534900E+01 1.547816E+00 1.253182E+01
7.544800E+01 1.548539E+00 1.253239E+01
7.554700E+01 1.549261E+00 1.253297E+01
7.564600E+01 1.549982E+00 1.252919E+01
7.574500E+01 1.550702E+00 1.252978E+01
7.584400E+01 1.551421E+00 1.253037E+01
7.594300E+01 1.552139E+00 1.253096E+01
7.604200E+01 1.552855E+00 1.253156E+01
7.614100E+01 1.553571E+00 1.252782E+01
7.624000E+01 1.554286E+00 1.252842E+01
7.633900E+01 1.554999E+00 1.252903E+01
7.643800E+01 1.555711E+00 1.252964E+01
7.653700E+01 1.556423E+00 1.253026E+01
7.663600E+01 1.557133E+00 1.252655E+01
7.673500E+01 1.557842E+00 1.252717E+01
7.683400E+01 1.558550E+00 1.252780E+01
7.693300E+01 1.559257E+00 1.252843E+01
7.703200E+01 1.559963E+00 1.252475E+01
7.713100E+01 1.560668E+00 1.252539E+01
7.723000E+01 1.561372E+00 1.252603E+01
7.732900E+01 1.562075E+00 1.252667E+01
7.742800E+01 1.562776E+00 1.252732E+01
7.752700E+01 1.563477E+00 1.252367E+01
7.762600E+01 1.564177E+00 1.252433E+01
7.772500E+01 1.564876E+00 1.252499E+01
7.782400E+01 1.565573E+00 1.252565E+01
7.792300E+01 1.566270E+00 1.252203E+01
7.802200E+01 1.566965E+00 1.252270E+01
7.812100E+01 1.567660E+00 1.252337E+01
7.822000E+01 1.568353E+00 1.252404E+01
7.831900E+01 1.569046E+00 1.252046E+01
7.841800E+01 1.569737E+00 1.252114E+01
7.851700E+01 1.570428E+00 1.252182E+01
7.861600E+01 1.571117E+00 1.252251E+01
7.871500E+01 1.571806E+00 1.252320E+01
7.881400E+01 1.572493E+00 1.251964E+01
7.891300E+01 1.573179E+00 1.252034E+01
7.901200E+01 1.573865E+00 1.252104E+01
7.911100E+01 1.574549E+00 1.252175E+01
7.921000E+01 1.575232E+00 1.251822E+01
7.930900E+01 1.575915E+00 1.251893E+01
7.940800E+01 1.576596E+00 1.251964E+01
7.950700E+01 1.577276E+00 1.252036E+01
7.960600E+01 1.577956E+00 1.251686E+01
7.970500E+01 1.578634E+00 1.251758E+01
7.980400E+01 1.579311E+00 1.251831E+01
7.990300E+01 1.579988E+00 1.251904E+01
8.000200E+01 1.580663E+00 1.251556E+01
8.010100E+01 1.581338E+00 1.251630E+01
8.020000E+01 1.582011E+00 1.251704E+01
8.029900E+01 1.582684E+00 1.251778E+01
8.039800E+01 1.583355E+00 1.251433E+01
8.049700E+01 1.584025E+00 1.251508E+01
8.059600E+01 1.584695E+00 1.251583E+01
8.069500E+01 1.585364E+00 1.251240E+01
8.079400E+01 1.586031E+00 1.251316E+01
8.089300E+01 1.586698E+00 1.251392E+01
8.099200E+01 1.587363E+00 1.251469E+01
8.109100E+01 1.588028E+00 1.251128E+01
8.119000E+01 1.588692E+00 1.251205E+01
8.128900E+01 1.589354E+00 1.251283E+01
8.138800E+01 1.590016E+00 1.251360E+01
8.148700E+01 1.590677E+00 1.251022E+01
8.158600E+01 1.591337E+00 1.251100E+01
8.168500E+01 1.591996E+00 1.251179E+01
8.178400E+01 1.592654E+00 1.251258E+01
8.188300E+01 1.593311E+00 1.250922E+01
8.198200E+01 1.593967E+00 1.251002E+01
8.208100E+01 1.594622E+00 1.251081E+01
8.218000E+01 1.595276E+00 1.250747E+01
8.227900E+01 1.595930E+00 1.250828E+01
8.237800E+01 1.596582E+00 1.250909E+01
8.247700E+01 1.597233E+00 1.250990E+01
8.257600E+01 1.597884E+00 1.250658E+01
8.267500E+01 1.598533E+00 1.250740E+01
8.277400E+01 1.599182E+00 1.250822E+01
8.287300E+01 1.599830E+00 1.250492E+01
8.297200E+01 1.600476E+00 1.250574E+01
8.307100E+01 1.601122E+00 1.250657E+01
8.317000E+01 1.601767E+00 1.250740E+01
8.326900E+01 1.602411E+00 1.250413E+01
8.336800E+01 1.603054E+00 1.250497E+01
8.346700E+01 1.603696E+00 1.250581E+01
8.356600E+01 1.604337E+00 1.250255E+01
8.366500E+01 1.604978E+00 1.250339E+01
8.376400E+01 1.605617E+00 1.250424E+01
8.386300E+01 1.606256E+00 1.250509E+01
8.396200E+01 1.606893E+00 1.250186E+01
8.406100E+01 1.607530E+00 1.250272E+01
8.416000E+01 1.608166E+00 1.250358E+01
8.425900E+01 1.608801E+00 1.250036E+01
8.435800E+01 1.609435E+00 1.250122E+01
8.445700E+01 1.610068E+00 1.250209E+01
8.455600E+01 1.610700E+00 1.250296E+01
8.465500E+01 1.611331E+00 1.249977E+01
8.475400E+01 1.611962E+00 1.250064E+01
8.485300E+01 1.612591E+00 1.250152E+01
8.495200E+01 1.613220E+00 1.249834E+01
8.505100E+01 1.613848E+00 1.249923E+01
8.515000E+01 1.614474E+00 1.250012E+01
8.524900E+01 1.615100E+00 1.249695E+01
8.534800E+01 1.615726E+00 1.249785E+01
8.544700E+01 1.616350E+00 1.249874E+01
8.554600E+01 1.616973E+00 1.249560E+01
8.564500E+01 1.617596E+00 1.249650E+01
8.574400E+01 1.618217E+00 1.249740E+01
8.584300E+01 1.618838E+00 1.249831E+01
8.594200E+01 1.619458E+00 1.249519E+01
8.604100E+01 1.620077E+00 1.249610E+01
8.614000E+01 1.620695E+00 1.249701E+01
8.623900E+01 1.621312E+00 1.249390E+01
8.633800E+01 1.621929E+00 1.249483E+01
8.643700E+01 1.622544E+00 1.249575E+01
8.653600E+01 1.623159E+00 1.249266E+01
8.663500E+01 1.623773E+00 1.249358E+01
8.673400E+01 1.624386E+00 1.249451E+01
8.683300E+01 1.624998E+00 1.249144E+01
8.693200E+01 1.625609E+00 1.249237E+01
8.703100E+01 1.626220E+00 1.249331E+01
8.713000E+01 1.626829E+00 1.249025E+01
8.722900E+01 1.627438E+00 1.249120E+01
8.732800E+01 1.628046E+00 1.249214E+01
8.742700E+01 1.628653E+00 1.248910E+01
8.752600E+01 1.629259E+00 1.249005E+01
8.762500E+01 1.629865E+00 1.249100E+01
8.772400E+01 1.630469E+00 1.248798E+01
8.782300E+01 1.631073E+00 1.248894E+01
8.792200E+01 1.631676E+00 1.248990E+01
8.802100E+01 1.632278E+00 1.248689E+01
8.812000E+01 1.632879E+00 1.248785E+01
8.821900E+01 1.633479E+00 1.248882E+01
8.831800E+01 1.634079E+00 1.248582E+01
8.841700E+01 1.634678E+00 1.248680E+01
8.851600E+01 1.635276E+00 1.248777E+01
8.861500E+01 1.635873E+00 1.248479E+01
8.871400E+01 1.636469E+00 1.248577E+01
8.881300E+01 1.637064E+00 1.248676E+01
8.891200E+01 1.637659E+00 1.248379E+01
8.901100E+01 1.638253E+00 1.248478E+01
8.911000E+01 1.638846E+00 1.248577E+01
8.920900E+01 1.639438E+00 1.248282E+01
8.930800E+01 1.640029E+00 1.248382E+01
8.940700E+01 1.640620E+00 1.248481E+01
8.950600E+01 1.641210E+00 1.248188E+01
8.960500E+01 1.641799E+00 1.248288E+01
8.970400E+01 1.642387E+00 1.248388E+01
8.980300E+01 1.642974E+00 1.248096E+01
8.990200E+01 1.643561E+00 1.248197E+01
9.000100E+01 1.644146E+00 1.248298E+01
9.010000E+01 1.644731E+00 1.248008E+01
9.019900E+01 1.645316E+00 1.248109E+01
9.029800E+01 1.645899E+00 1.248211E+01
9.039700E+01 1.646481E+00 1.247922E+01
9.049600E+01 1.647063E+00 1.248025E+01
9.059500E+01 1.647644E+00 1.247736E+01
9.069400E+01 1.648224E+00 1.247839E+01
9.079300E+01 1.648804E+00 1.247942E+01
9.089200E+01 1.649382E+00 1.247656E+01
9.099100E+01 1.649960E+00 1.247759E+01
9.109000E+01 1.650537E+00 1.247863E+01
9.118900E+01 1.651114E+00 1.247578E+01
9.128800E+01 1.651689E+00 1.247682E+01
9.138700E+01 1.652264E+00 1.247786E+01
9.148600E+01 1.652838E+00 1.247502E+01
9.158500E+01 1.653411E+00 1.247607E+01
9.168400E+01 1.653984E+00 1.247325E+01
9.178300E+01 1.654555E+00 1.247430E+01
9.188200E+01 1.655126E+00 1.247535E+01
9.198100E+01 1.655696E+00 1.247254E+01
9.208000E+01 1.656265E+00 1.247360E+01
9.217900E+01 1.656834E+00 1.247466E+01
9.227800E+01 1.657402E+00 1.247186E+01
9.237700E+01 1.657969E+00 1.247293E+01
9.247600E+01 1.658535E+00 1.247400E+01
9.257500E+01 1.659101E+00 1.247121E+01
9.267400E+01 1.659666E+00 1.247228E+01
9.277300E+01 1.660230E+00 1.246951E+01
9.287200E+01 1.660793E+00 1.247058E+01
9.297100E+01 1.661355E+00 1.247166E+01
9.307000E+01 1.661917E+00 1.246890E+01
9.316900E+01 1.662478E+00 1.246998E+01
9.326800E+01 1.663038E+00 1.247107E+01
9.336700E+01 1.663598E+00 1.246832E+01
9.346600E+01 1.664157E+00 1.246941E+01
9.356500E+01 1.664715E+00 1.246667E+01
9.366400E+01 1.665272E+00 1.246776E+01
9.376300E+01 1.665829E+00 1.246886E+01
9.386200E+01 1.666384E+00 1.246613E+01
9.396100E+01 1.666939E+00 1.246723E+01
9.406000E+01 1.667494E+00 1.246452E+01
9.415900E+01 1.668047E+00 1.246562E+01
9.425800E+01 1.668600E+00 1.246673E+01
9.435700E+01 1.669152E+00 1.246403E+01
9.445600E+01 1.669704E+00 1.246514E+01
9.455500E+01 1.670254E+00 1.246244E+01
9.465400E+01 1.670804E+00 1.246356E+01
9.475300E+01 1.671354E+00 1.246468E+01
9.485200E+01 1.671902E+00 1.246199E+01
9.495100E+01 1.672450E+00 1.246311E+01
9.505000E+01 1.672997E+00 1.246424E+01
9.514900E+01 1.673543E+00 1.246157E+01
9.524800E+01 1.674089E+00 1.246270E+01
9.534700E+01 1.674634E+00 1.246004E+01
9.544600E+01 1.675178E+00 1.246117E+01
9.554500E+01 1.675721E+00 1.246230E+01
9.564400E+01 1.676264E+00 1.245965E+01
9.574300E+01 1.676806E+00 1.246079E+01
9.584200E+01 1.677347E+00 1.245815E+01
9.594100E+01 1.677888E+00 1.245929E+01
9.604000E+01 1.678428E+00 1.246044E+01
9.613900E+01 1.678967E+00 1.245781E+01
9.623800E+01 1.679506E+00 1.245896E+01
9.633700E+01 1.680043E+00 1.245634E+01
9.643600E+01 1.680580E+00 1.245749E+01
9.653500E+01 1.681117E+00 1.245865E+01
9.663400E+01 1.681652E+00 1.245604E+01
9.673300E+01 1.682187E+00 1.245720E+01
9.683200E+01 1.682722E+00 1.245460E+01
9.693100E+01 1.683255E+00 1.245576E+01
9.703000E+01 1.683788E+00 1.245318E+01
9.712900E+01 1.684320E+00 1.245434E+01
9.722800E+01 1.684852E+00 1.245551E+01
9.732700E+01 1.685383E+00 1.245293E+01
9.742600E+01 1.685913E+00 1.245411E+01
9.752500E+01 1.686442E+00 1.245154E+01
9.762400E+01 1.686971E+00 1.245271E+01
9.772300E+01 1.687499E+00 1.245389E+01
9.782200E+01 1.688026E+00 1.245134E+01
9.792100E+01 1.688553E+00 1.245252E+01
9.802000E+01 1.689079E+00 1.244997E+01
9.811900E+01 1.689604E+00 1.245115E+01
9.821800E+01 1.690129E+00 1.244862E+01
9.831700E+01 1.690653E+00 1.244980E+01
9.841600E+01 1.691176E+00 1.245099E+01
9.851500E+01 1.691699E+00 1.244847E+01
9.861400E+01 1.692221E+00 1.244966E+01
9.871300E+01 1.692742E+00 1.244714E+01
9.881200E+01 1.693263E+00 1.244834E+01
9.891100E+01 1.693783E+00 1.244954E+01
9.901000E+01 1.694302E+00 1.244703E+01
9.910900E+01 1.694821E+00 1.244824E+01
9.920800E+01 1.695338E+00 1.244574E+01
9.930700E+01 1.695856E+00 1.244694E+01
9.940600E+01 1.696372E+00 1.244446E+01
9.950500E+01 1.696888E+00 1.244567E+01
9.960400E+01 1.697404E+00 1.244688E+01
9.970300E+01 1.697918E+00 1.244440E+01
9.980200E+01 1.698432E+00 1.244561E+01
9.990100E+01 1.698945E+00 1.244314E+01
1.000000E+02 1.699458E+00 1.244436E+01
1.009000E+02 1.704088E+00 1.244016E+01
1.018000E+02 1.708665E+00 1.243618E+01
1.027000E+02 1.713190E+00 1.243242E+01
1.036000E+02 1.717663E+00 1.242888E+01
1.045000E+02 1.722086E+00 1.242555E+01
1.054000E+02 1.726458E+00 1.242242E+01
1.063000E+02 1.730782E+00 1.241949E+01
1.072000E+02 1.735057E+00 1.241676E+01
1.081000E+02 1.739285E+00 1.241070E+01
1.090000E+02 1.743466E+00 1.240836E+01
1.099000E+02 1.747601E+00 1.240619E+01
1.108000E+02 1.751690E+00 1.240074E+01
1.117000E+02 1.755735E+00 1.239894E+01
1.126000E+02 1.759737E+00 1.239388E+01
1.135000E+02 1.763695E+00 1.239243E+01
1.144000E+02 1.767610E+00 1.238773E+01
1.153000E+02 1.771484E+00 1.238322E+01
1.162000E+02 1.775316E+00 1.237889E+01
1.171000E+02 1.779108E+00 1.237475E+01
1.180000E+02 1.782860E+00 1.237412E+01
1.189000E+02 1.786572E+00 1.237030E+01
1.198000E+02 1.790246E+00 1.236665E+01
1.207000E+02 1.793881E+00 1.236316E+01
1.216000E+02 1.797479E+00 1.235983E+01
1.225000E+02 1.801039E+00 1.235339E+01
1.234000E+02 1.804563E+00 1.235039E+01
1.243000E+02 1.808051E+00 1.234753E+01
1.252000E+02 1.811503E+00 1.234482E+01
1.261000E+02 1.814920E+00 1.233904E+01
1.270000E+02 1.818303E+00 1.233663E+01
1.279000E+02 1.821652E+00 1.233436E+01
1.288000E+02 1.824966E+00 1.232905E+01
1.297000E+02 1.828248E+00 1.232705E+01
1.306000E+02 1.831498E+00 1.232204E+01
1.315000E+02 1.834715E+00 1.232031E+01
1.324000E+02 1.837900E+00 1.231558E+01
1.333000E+02 1.841054E+00 1.231100E+01
1.342000E+02 1.844177E+00 1.230656E+01
1.351000E+02 1.847270E+00 1.230536E+01
1.360000E+02 1.850332E+00 1.230118E+01
1.369000E+02 1.853365E+00 1.229715E+01
1.378000E+02 1.856369E+00 1.229324E+01
1.387000E+02 1.859344E+00 1.228947E+01
1.396000E+02 1.862290E+00 1.228582E+01
1.405000E+02 1.865208E+00 1.228230E+01
1.414000E+02 1.868099E+00 1.227890E+01
1.423000E+02 1.870962E+00 1.227563E+01
1.432000E+02 1.873798E+00 1.227247E+01
1.441000E+02 1.876608E+00 1.226943E+01
1.450000E+02 1.879391E+00 1.226650E+01
1.459000E+02 1.882148E+00 1.226073E+01
1.468000E+02 1.884879E+00 1.225804E+01
1.477000E+02 1.887586E+00 1.225546E+01
1.486000E+02 1.890267E+00 1.225005E+01
1.495000E+02 1.892923E+00 1.224769E+01
1.504000E+02 1.895556E+00 1.224253E+01
1.513000E+02 1.898164E+00 1.224038E+01
1.522000E+02 1.900748E+00 1.223544E+01
1.531000E+02 1.903309E+00 1.223350E+01
1.540000E+02 1.905847E+00 1.222879E+01
1.549000E+02 1.908361E+00 1.222705E+01
1.558000E+02 1.910854E+00 1.222255E+01
1.567000E+02 1.913323E+00 1.221816E+01
1.576000E+02 1.915771E+00 1.221672E+01
1.585000E+02 1.918197E+00 1.221254E+01
1.594000E+02 1.920602E+00 1.220846E+01
1.603000E+02 1.922985E+00 1.220448E+01
1.612000E+02 1.925347E+00 1.220061E+01
1.621000E+02 1.927688E+00 1.219684E+01
1.630000E+02 1.930009E+00 1.219316E+01
1.639000E+02 1.932310E+00 1.218959E+01
1.648000E+02 1.934590E+00 1.218610E+01
1.657000E+02 1.936851E+00 1.218272E+01
1.666000E+02 1.939092E+00 1.217942E+01
1.675000E+02 1.941314E+00 1.217622E+01
1.684000E+02 1.943516E+00 1.217310E+01
1.693000E+02 1.945700E+00 1.217008E+01
1.702000E+02 1.947865E+00 1.216714E+01
1.711000E+02 1.950011E+00 1.216429E+01
1.720000E+02 1.952140E+00 1.215882E+01
1.729000E+02 1.954250E+00 1.215614E+01
1.738000E+02 1.956342E+00 1.215355E+01
1.747000E+02 1.958417E+00 1.214836E+01
1.756000E+02 1.960474E+00 1.214594E+01
1.765000E+02 1.962514E+00 1.214359E+01
1.774000E+02 1.964537E+00 1.213867E+01
1.783000E+02 1.966543E+00 1.213648E+01
1.792000E+02 1.968532E+00 1.213173E+01
1.801000E+02 1.970505E+00 1.212971E+01
1.810000E+02 1.972461E+00 1.212513E+01
1.819000E+02 1.974402E+00 1.212063E+01
1.828000E+02 1.976326E+00 1.211884E+01
1.837000E+02 1.978235E+00 1.211451E+01
1.846000E+02 1.980128E+00 1.211285E+01
1.855000E+02 1.982005E+00 1.210868E+01
1.864000E+02 1.983867E+00 1.210459E+01
1.873000E+02 1.985714E+00 1.210058E+01
1.882000E+02 1.987546E+00 1.209922E+01
1.891000E+02 1.989363E+00 1.209536E+01
1.900000E+02 1.991166E+00 1.209157E+01
1.909000E+02 1.992954E+00 1.208786E+01
1.918000E+02 1.994728E+00 1.208423E+01
1.927000E+02 1.996487E+00 1.208067E+01
1.936000E+02 1.998233E+00 1.207718E+01
1.945000E+02 1.999964E+00 1.207377E+01
1.954000E+02 2.001682E+00 1.207043E+01
1.963000E+02 2.003386E+00 1.206715E+01
1.972000E+02 2.005077E+00 1.206395E+01
1.981000E+02 2.006754E+00 1.206082E+01
1.990000E+02 2.008419E+00 1.205775E+01
1.999000E+02 2.010070E+00 1.205475E+01
2.008000E+02 2.011708E+00 1.205182E+01
2.017000E+02 2.013333E+00 1.204895E+01
2.026000E+02 2.014946E+00 1.204614E+01
2.035000E+02 2.016546E+00 1.204094E+01
2.044000E+02 2.018134E+00 1.203827E+01
2.053000E+02 2.019709E+00 1.203566E+01
2.062000E+02 2.021273E+00 1.203311E+01
2.071000E+02 2.022824E+00 1.202818E+01
2.080000E+02 2.024363E+00 1.202576E+01
2.089000E+02 2.025891E+00 1.202340E+01
2.098000E+02 2.027406E+00 1.201867E+01
2.107000E+02 2.028910E+00 1.201643E+01
2.116000E+02 2.030403E+00 1.201184E+01
2.125000E+02 2.031885E+00 1.200972E+01
2.134000E+02 2.033355E+00 1.200525E+01
2.143000E+02 2.034814E+00 1.200324E+01
2.152000E+02 2.036262E+00 1.199890E+01
2.161000E+02 2.037699E+00 1.199701E+01
2.170000E+02 2.039125E+00 1.199279E+01
2.179000E+02 2.040540E+00 1.199101E+01
2.188000E+02 2.041945E+00 1.198692E+01
2.197000E+02 2.043339E+00 1.198288E+01
2.206000E+02 2.044723E+00 1.198127E+01
2.215000E+02 2.046097E+00 1.197735E+01
2.224000E+02 2.047460E+00 1.197349E+01
2.233000E+02 2.048814E+00 1.197203E+01
2.242000E+02 2.050157E+00 1.196828E+01
2.251000E+02 2.051490E+00 1.196459E+01
2.260000E+02 2.052814E+00 1.196096E+01
2.269000E+02 2.054127E+00 1.195971E+01
2.278000E+02 2.055431E+00 1.195619E+01
2.287000E+02 2.056726E+00 1.195272E+01
2.296000E+02 2.058011E+00 1.194931E+01
2.305000E+02 2.059286E+00 1.194595E+01
2.314000E+02 2.060553E+00 1.194264E+01
2.323000E+02 2.061810E+00 1.193939E+01
2.332000E+02 2.063058E+00 1.193619E+01
2.341000E+02 2.064297E+00 1.193305E+01
2.350000E+02 2.065527E+00 1.192995E+01
2.359000E+02 2.066748E+00 1.192691E+01
2.368000E+02 2.067960E+00 1.192391E+01
2.377000E+02 2.069163E+00 1.192097E+01
2.386000E+02 2.070358E+00 1.191808E+01
2.395000E+02 2.071544E+00 1.191523E+01
2.404000E+02 2.072722E+00 1.191244E+01
2.413000E+02 2.073891E+00 1.190969E+01
2.422000E+02 2.075052E+00 1.190699E+01
2.431000E+02 2.076205E+00 1.190433E+01
2.440000E+02 2.077349E+00 1.189949E+01
2.449000E+02 2.078486E+00 1.189693E+01
2.458000E+02 2.079614E+00 1.189442E+01
2.467000E+02 2.080734E+00 1.189196E+01
2.476000E+02 2.081847E+00 1.188954E+01
2.485000E+02 2.082951E+00 1.188495E+01
2.494000E+02 2.084048E+00 1.188262E+01
2.503000E+02 2.085137E+00 1.188033E+01
2.512000E+02 2.086218E+00 1.187589E+01
2.521000E+02 2.087292E+00 1.187370E+01
2.530000E+02 2.088359E+00 1.187154E+01
2.539000E+02 2.089417E+00 1.186724E+01
2.548000E+02 2.090469E+00 1.186518E+01
2.557000E+02 2.091513E+00 1.186097E+01
2.566000E+02 2.092550E+00 1.185899E+01
2.575000E+02 2.093579E+00 1.185705E+01
2.584000E+02 2.094602E+00 1.185298E+01
2.593000E+02 2.095617E+00 1.185113E+01
2.602000E+02 2.096626E+00 1.184715E+01
2.611000E+02 2.097627E+00 1.184321E+01
2.620000E+02 2.098621E+00 1.184148E+01
2.629000E+02 2.099609E+00 1.183763E+01
2.638000E+02 2.100590E+00 1.183598E+01
2.647000E+02 2.101564E+00 1.183222E+01
2.656000E+02 2.102532E+00 1.183065E+01
2.665000E+02 2.103492E+00 1.182698E+01
2.674000E+02 2.104447E+00 1.182334E+01
2.683000E+02 2.105394E+00 1.182189E+01
2.692000E+02 2.106336E+00 1.181834E+01
2.701000E+02 2.107271E+00 1.181483E+01
2.710000E+02 2.108199E+00 1.181349E+01
2.719000E+02 2.109121E+00 1.181006E+01
2.728000E+02 2.110037E+00 1.180668E+01
2.737000E+02 2.110947E+00 1.180334E+01
2.746000E+02 2.111851E+00 1.180214E+01
2.755000E+02 2.112748E+00 1.179888E+01
2.764000E+02 2.113639E+00 1.179565E+01
2.773000E+02 2.114525E+00 1.179247E+01
2.782000E+02 2.115404E+00 1.178932E+01
2.791000E+02 2.116278E+00 1.178621E+01
2.800000E+02 2.117146E+00 1.178523E+01
2.809000E+02 2.118008E+00 1.178220E+01
2.818000E+02 2.118864E+00 1.177920E+01
2.827000E+02 2.119714E+00 1.177625E+01
2.836000E+02 2.120559E+00 1.177333E+01
2.845000E+02 2.121398E+00 1.177044E+01
2.854000E+02 2.122231E+00 1.176760E+01
2.863000E+02 2.123059E+00 1.176479E+01
2.872000E+02 2.123882E+00 1.176202E+01
2.881000E+02 2.124699E+00 1.175928E+01
2.890000E+02 2.125510E+00 1.175658E+01
2.899000E+02 2.126316E+00 1.175391E+01
2.908000E+02 2.127117E+00 1.175128E+01
2.917000E+02 2.127913E+00 1.174869E+01
2.926000E+02 2.128703E+00 1.174613E+01
2.935000E+02 2.129488E+00 1.174360E+01
2.944000E+02 2.130268E+00 1.174111E+01
2.953000E+02 2.131043E+00 1.173662E+01
2.962000E+02 2.131813E+00 1.173419E+01
2.971000E+02 2.132577E+00 1.173181E+01
2.980000E+02 2.133337E+00 1.172945E+01
2.989000E+02 2.134092E+00 1.172713E+01
2.998000E+02 2.134841E+00 1.172483E+01
3.007000E+02 2.135586E+00 1.172056E+01
3.016000E+02 2.136326E+00 1.171834E+01
3.025000E+02 2.137061E+00 1.171614E+01
3.034000E+02 2.137791E+00 1.171398E+01
3.043000E+02 2.138517E+00 1.170985E+01
3.052000E+02 2.139238E+00 1.170776E+01
3.061000E+02 2.139954E+00 1.170569E+01
3.070000E+02 2.140666E+00 1.170166E+01
3.079000E+02 2.141373E+00 1.169966E+01
3.088000E+02 2.142075E+00 1.169769E+01
3.097000E+02 2.142773E+00 1.169376E+01
3.106000E+02 2.143466E+00 1.169185E+01
3.115000E+02 2.144155E+00 1.168997E+01
3.124000E+02 2.144839E+00 1.168614E+01
3.133000E+02 2.145519E+00 1.168432E+01
3.142000E+02 2.146195E+00 1.168056E+01
3.151000E+02 2.146866E+00 1.167880E+01
3.160000E+02 2.147533E+00 1.167707E+01
3.169000E+02 2.148195E+00 1.167340E+01
3.178000E+02 2.148854E+00 1.167173E+01
3.187000E+02 2.149508E+00 1.166813E+01
3.196000E+02 2.150158E+00 1.166651E+01
3.205000E+02 2.150803E+00 1.166297E+01
3.214000E+02 2.151445E+00 1.166141E+01
3.223000E+02 2.152083E+00 1.165793E+01
3.232000E+02 2.152716E+00 1.165643E+01
3.241000E+02 2.153345E+00 1.165301E+01
3.250000E+02 2.153971E+00 1.164962E+01
3.259000E+02 2.154592E+00 1.164820E+01
3.268000E+02 2.155210E+00 1.164488E+01
3.277000E+02 2.155823E+00 1.164351E+01
3.286000E+02 2.156433E+00 1.164024E+01
3.295000E+02 2.157039E+00 1.163700E+01
3.304000E+02 2.157640E+00 1.163572E+01
3.313000E+02 2.158239E+00 1.163254E+01
3.322000E+02 2.158833E+00 1.162939E+01
3.331000E+02 2.159423E+00 1.162818E+01
3.340000E+02 2.160010E+00 1.162508E+01
3.349000E+02 2.160593E+00 1.162202E+01
3.358000E+02 2.161173E+00 1.162089E+01
3.367000E+02 2.161748E+00 1.161788E+01
3.376000E+02 2.162320E+00 1.161490E+01
3.385000E+02 2.162889E+00 1.161194E+01
3.394000E+02 2.163454E+00 1.161091E+01
3.403000E+02 2.164015E+00 1.160801E+01
3.412000E+02 2.164573E+00 1.160514E+01
3.421000E+02 2.165127E+00 1.160230E+01
3.430000E+02 2.165678E+00 1.159948E+01
3.439000E+02 2.166225E+00 1.159669E+01
3.448000E+02 2.166769E+00 1.159581E+01
3.457000E+02 2.167309E+00 1.159307E+01
3.466000E+02 2.167846E+00 1.159036E+01
3.475000E+02 2.168380E+00 1.158767E+01
3.484000E+02 2.168911E+00 1.158501E+01
3.493000E+02 2.169438E+00 1.158238E+01
3.502000E+02 2.169961E+00 1.157977E+01
3.511000E+02 2.170482E+00 1.157719E+01
3.520000E+02 2.170999E+00 1.157650E+01
3.529000E+02 2.171513E+00 1.157396E+01
3.538000E+02 2.172024E+00 1.157145E+01
3.547000E+02 2.172531E+00 1.156897E+01
3.556000E+02 2.173035E+00 1.156651E+01
3.565000E+02 2.173537E+00 1.156408E+01
3.574000E+02 2.174035E+00 1.156167E+01
3.583000E+02 2.174530E+00 1.155929E+01
3.592000E+02 2.175022E+00 1.155693E+01
3.601000E+02 2.175511E+00 1.155459E+01
3.610000E+02 2.175996E+00 1.155228E+01
3.619000E+02 2.176479E+00 1.154999E+01
3.628000E+02 2.176959E+00 1.154589E+01
3.637000E+02 2.177436E+00 1.154365E+01
3.646000E+02 2.177909E+00 1.154143E+01
3.655000E+02 2.178380E+00 1.153924E+01
3.664000E+02 2.178848E+00 1.153707E+01
3.673000E+02 2.179313E+00 1.153493E+01
3.682000E+02 2.179775E+00 1.153280E+01
3.691000E+02 2.180235E+00 1.153070E+01
3.700000E+02 2.180691E+00 1.152863E+01
3.709000E+02 2.181145E+00 1.152475E+01
3.718000E+02 2.181595E+00 1.152272E+01
3.727000E+02 2.182043E+00 1.152071E+01
3.736000E+02 2.182489E+00 1.151872E+01
3.745000E+02 2.182931E+00 1.151676E+01
3.754000E+02 2.183371E+00 1.151300E+01
3.763000E+02 2.183808E+00 1.151108E+01
3.772000E+02 2.184242E+00 1.150918E+01
3.781000E+02 2.184674E+00 1.150731E+01
3.790000E+02 2.185102E+00 1.150365E+01
3.799000E+02 2.185529E+00 1.150182E+01
3.808000E+02 2.185952E+00 1.150000E+01
3.817000E+02 2.186373E+00 1.149821E+01
3.826000E+02 2.186792E+00 1.149465E+01
3.835000E+02 2.187207E+00 1.149290E+01
3.844000E+02 2.187621E+00 1.149117E+01
3.853000E+02 2.188031E+00 1.148767E+01
3.862000E+02 2.188439E+00 1.148599E+01
3.871000E+02 2.188845E+00 1.148432E+01
3.880000E+02 2.189248E+00 1.148089E+01
3.889000E+02 2.189649E+00 1.147927E+01
3.898000E+02 2.190047E+00 1.147767E+01
3.907000E+02 2.190443E+00 1.147430E+01
3.916000E+02 2.190836E+00 1.147274E+01
3.925000E+02 2.191227E+00 1.147120E+01
3.934000E+02 2.191615E+00 1.146790E+01
3.943000E+02 2.192001E+00 1.146640E+01
3.952000E+02 2.192385E+00 1.146314E+01
3.961000E+02 2.192766E+00 1.146168E+01
3.970000E+02 2.193145E+00 1.145847E+01
3.979000E+02 2.193521E+00 1.145704E+01
3.988000E+02 2.193896E+00 1.145388E+01
3.997000E+02 2.194268E+00 1.145249E+01
4.006000E+02 2.194637E+00 1.144937E+01
4.015000E+02 2.195004E+00 1.144802E+01
4.024000E+02 2.195370E+00 1.144494E+01
4.033000E+02 2.195732E+00 1.144363E+01
4.042000E+02 2.196093E+00 1.144058E+01
4.051000E+02 2.196451E+00 1.143931E+01
4.060000E+02 2.196807E+00 1.143631E+01
4.069000E+02 2.197161E+00 1.143507E+01
4.078000E+02 2.197513E+00 1.143211E+01
4.087000E+02 2.197863E+00 1.143091E+01
4.096000E+02 2.198210E+00 1.142799E+01
4.105000E+02 2.198555E+00 1.142683E+01
4.114000E+02 2.198899E+00 1.142395E+01
4.123000E+02 2.199240E+00 1.142109E+01
4.132000E+02 2.199579E+00 1.141998E+01
4.141000E+02 2.199915E+00 1.141716E+01
4.150000E+02 2.200250E+00 1.141436E+01
4.159000E+02 2.200583E+00 1.141330E+01
4.168000E+02 2.200913E+00 1.141054E+01
4.177000E+02 2.201242E+00 1.140952E+01
4.186000E+02 2.201568E+00 1.140679E+01
4.195000E+02 2.201893E+00 1.140409E+01
4.204000E+02 2.202215E+00 1.140312E+01
4.213000E+02 2.202536E+00 1.140045E+01
4.222000E+02 2.202855E+00 1.139780E+01
4.231000E+02 2.203171E+00 1.139517E+01
4.240000E+02 2.203486E+00 1.139427E+01
4.249000E+02 2.203798E+00 1.139167E+01
4.258000E+02 2.204109E+00 1.138910E+01
4.267000E+02 2.204418E+00 1.138825E+01
4.276000E+02 2.204725E+00 1.138571E+01
4.285000E+02 2.205030E+00 1.138319E+01
4.294000E+02 2.205333E+00 1.138068E+01
4.303000E+02 2.205634E+00 1.137820E+01
4.312000E+02 2.205933E+00 1.137743E+01
4.321000E+02 2.206231E+00 1.137498E+01
4.330000E+02 2.206526E+00 1.137255E+01
4.339000E+02 2.206820E+00 1.137014E+01
4.348000E+02 2.207112E+00 1.136774E+01
4.357000E+02 2.207402E+00 1.136706E+01
4.366000E+02 2.207691E+00 1.136469E+01
4.375000E+02 2.207977E+00 1.136235E+01
4.384000E+02 2.208262E+00 1.136002E+01
4.393000E+02 2.208545E+00 1.135771E+01
4.402000E+02 2.208826E+00 1.135542E+01
4.411000E+02 2.209105E+00 1.135315E+01
4.420000E+02 2.209383E+00 1.135257E+01
4.429000E+02 2.209659E+00 1.135033E+01
4.438000E+02 2.209933E+00 1.134810E+01
4.447000E+02 2.210206E+00 1.134590E+01
4.456000E+02 2.210477E+00 1.134371E+01
4.465000E+02 2.210746E+00 1.134153E+01
4.474000E+02 2.211013E+00 1.133937E+01
4.483000E+02 2.211279E+00 1.133723E+01
4.492000E+02 2.211543E+00 1.133511E+01
4.501000E+02 2.211806E+00 1.133300E+01
4.510000E+02 2.212067E+00 1.133091E+01
4.519000E+02 2.212326E+00 1.132883E+01
4.528000E+02 2.212583E+00 1.132677E+01
4.537000E+02 2.212839E+00 1.132473E+01
4.546000E+02 2.213094E+00 1.132270E+01
4.555000E+02 2.213346E+00 1.132069E+01
4.564000E+02 2.213597E+00 1.131870E+01
4.573000E+02 2.213847E+00 1.131672E+01
4.582000E+02 2.214095E+00 1.131475E+01
4.591000E+02 2.214341E+00 1.131280E+01
4.600000E+02 2.214586E+00 1.131087E+01
4.609000E+02 2.214830E+00 1.130895E+01
4.618000E+02 2.215071E+00 1.130705E+01
4.627000E+02 2.215312E+00 1.130516E+01
4.636000E+02 2.215550E+00 1.130329E+01
4.645000E+02 2.215788E+00 1.130144E+01
4.654000E+02 2.216023E+00 1.129960E+01
4.663000E+02 2.216258E+00 1.129777E+01
4.672000E+02 2.216490E+00 1.129596E+01
4.681000E+02 2.216722E+00 1.129416E+01
4.690000E+02 2.216951E+00 1.129074E+01
4.699000E+02 2.217180E+00 1.128898E+01
4.708000E+02 2.217407E+00 1.128723E+01
4.717000E+02 2.217632E+00 1.128549E+01
4.726000E+02 2.217856E+00 1.128377E+01
4.735000E+02 2.218079E+00 1.128206E+01
4.744000E+02 2.218300E+00 1.128037E+01
4.753000E+02 2.218519E+00 1.127706E+01
4.762000E+02 2.218738E+00 1.127540E+01
4.771000E+02 2.218955E+00 1.127375E+01
4.780000E+02 2.219170E+00 1.127211E+01
4.789000E+02 2.219384E+00 1.127049E+01
4.798000E+02 2.219597E+00 1.126726E+01
4.807000E+02 2.219809E+00 1.126567E+01
4.816000E+02 2.220019E+00 1.126409E+01
4.825000E+02 2.220227E+00 1.126253E+01
4.834000E+02 2.220435E+00 1.126098E+01
4.843000E+02 2.220641E+00 1.125783E+01
4.852000E+02 2.220845E+00 1.125631E+01
4.861000E+02 2.221049E+00 1.125480E+01
4.870000E+02 2.221251E+00 1.125330E+01
4.879000E+02 2.221451E+00 1.125021E+01
4.888000E+02 2.221651E+00 1.124875E+01
4.897000E+02 2.221849E+00 1.124729E+01
4.906000E+02 2.222046E+00 1.124585E+01
4.915000E+02 2.222241E+00 1.124282E+01
4.924000E+02 2.222436E+00 1.124141E+01
4.933000E+02 2.222629E+00 1.124001E+01
4.942000E+02 2.222820E+00 1.123702E+01
4.951000E+02 2.223011E+00 1.123565E+01
4.960000E+02 2.223200E+00 1.123429E+01
4.969000E+02 2.223388E+00 1.123134E+01
4.978000E+02 2.223575E+00 1.123001E+01
4.987000E+02 2.223760E+00 1.122869E+01
4.996000E+02 2.223945E+00 1.122579E+01
5.005000E+02 2.224128E+00 1.122449E+01
5.014000E+02 2.224310E+00 1.122321E+01
5.023000E+02 2.224490E+00 1.122035E+01
5.032000E+02 2.224670E+00 1.121910E+01
5.041000E+02 2.224848E+00 1.121627E+01
5.050000E+02 2.225025E+00 1.121504E+01
5.059000E+02 2.225201E+00 1.121382E+01
5.068000E+02 2.225376E+00 1.121103E+01
5.077000E+02 2.225550E+00 1.120984E+01
5.086000E+02 2.225722E+00 1.120708E+01
5.095000E+02 2.225893E+00 1.120591E+01
5.104000E+02 2.226063E+00 1.120475E+01
5.113000E+02 2.226232E+00 1.120203E+01
5.122000E+02 2.226400E+00 1.120090E+01
5.131000E+02 2.226567E+00 1.119821E+01
5.140000E+02 2.226733E+00 1.119710E+01
5.149000E+02 2.226897E+00 1.119444E+01
5.158000E+02 2.227061E+00 1.119336E+01
5.167000E+02 2.227223E+00 1.119072E+01
5.176000E+02 2.227384E+00 1.118966E+01
5.185000E+02 2.227544E+00 1.118704E+01
5.194000E+02 2.227703E+00 1.118601E+01
5.203000E+02 2.227861E+00 1.118342E+01
5.212000E+02 2.228018E+00 1.118242E+01
5.221000E+02 2.228174E+00 1.117985E+01
5.230000E+02 2.228328E+00 1.117887E+01
5.239000E+02 2.228482E+00 1.117633E+01
5.248000E+02 2.228635E+00 1.117537E+01
5.257000E+02 2.228786E+00 1.117286E+01
5.266000E+02 2.228937E+00 1.117192E+01
5.275000E+02 2.229086E+00 1.116944E+01
5.284000E+02 2.229235E+00 1.116697E+01
5.293000E+02 2.229382E+00 1.116606E+01
5.302000E+02 2.229529E+00 1.116361E+01
5.311000E+02 2.229674E+00 1.116273E+01
5.320000E+02 2.229818E+00 1.116031E+01
5.329000E+02 2.229962E+00 1.115945E+01
5.338000E+02 2.230104E+00 1.115706E+01
5.347000E+02 2.230245E+00 1.115467E+01
5.356000E+02 2.230386E+00 1.115385E+01
5.365000E+02 2.230525E+00 1.115149E+01
5.374000E+02 2.230664E+00 1.115068E+01
5.383000E+02 2.230801E+00 1.114835E+01
5.392000E+02 2.230937E+00 1.114602E+01
5.401000E+02 2.231073E+00 1.114525E+01
5.410000E+02 2.231207E+00 1.114295E+01
5.419000E+02 2.231341E+00 1.114067E+01
5.428000E+02 2.231474E+00 1.113993E+01
5.437000E+02 2.231605E+00 1.113767E+01
5.446000E+02 2.231736E+00 1.113542E+01
5.455000E+02 2.231866E+00 1.113471E+01
5.464000E+02 2.231995E+00 1.113248E+01
5.473000E+02 2.232123E+00 1.113027E+01
5.482000E+02 2.232250E+00 1.112959E+01
5.491000E+02 2.232376E+00 1.112740E+01
5.500000E+02 2.232501E+00 1.112522E+01
5.509000E+02 2.232625E+00 1.112305E+01
5.518000E+02 2.232749E+00 1.112242E+01
5.527000E+02 2.232871E+00 1.112027E+01
5.536000E+02 2.232993E+00 1.111814E+01
5.545000E+02 2.233113E+00 1.111754E+01
5.554000E+02 2.233233E+00 1.111543E+01
5.563000E+02 2.233352E+00 1.111332E+01
5.572000E+02 2.233470E+00 1.111123E+01
5.581000E+02 2.233587E+00 1.111068E+01
5.590000E+02 2.233704E+00 1.110861E+01
5.599000E+02 2.233819E+00 1.110655E+01
5.608000E+02 2.233934E+00 1.110451E+01
5.617000E+02 2.234047E+00 1.110399E+01
5.626000E+02 2.234160E+00 1.110197E+01
5.635000E+02 2.234272E+00 1.109996E+01
5.644000E+02 2.234383E+00 1.109795E+01
5.653000E+02 2.234494E+00 1.109596E+01
5.662000E+02 2.234603E+00 1.109550E+01
5.671000E+02 2.234712E+00 1.109353E+01
5.680000E+02 2.234820E+00 1.109157E+01
5.689000E+02 2.234927E+00 1.108963E+01
5.698000E+02 2.235033E+00 1.108769E+01
5.707000E+02 2.235138E+00 1.108576E+01
5.716000E+02 2.235243E+00 1.108536E+01
5.725000E+02 2.235346E+00 1.108345E+01
5.734000E+02 2.235449E+00 1.108156E+01
5.743000E+02 2.235552E+00 1.107968E+01
5.752000E+02 2.235653E+00 1.107780E+01
5.761000E+02 2.235754E+00 1.107594E+01
5.770000E+02 2.235853E+00 1.107409E+01
5.779000E+02 2.235952E+00 1.107375E+01
5.788000E+02 2.236051E+00 1.107192E+01
5.797000E+02 2.236148E+00 1.107010E+01
5.806000E+02 2.236245E+00 1.106829E+01
5.815000E+02 2.236341E+00 1.106649E+01
5.824000E+02 2.236436E+00 1.106470E+01
5.833000E+02 2.236530E+00 1.106292E+01
5.842000E+02 2.236624E+00 1.106116E+01
5.851000E+02 2.236717E+00 1.105940E+01
5.860000E+02 2.236809E+00 1.105765E+01
5.869000E+02 2.236900E+00 1.105591E+01
5.878000E+02 2.236991E+00 1.105567E+01
5.887000E+02 2.237081E+00 1.105396E+01
5.896000E+02 2.237170E+00 1.105225E+01
5.905000E+02 2.237258E+00 1.105055E+01
5.914000E+02 2.237346E+00 1.104886E+01
5.923000E+02 2.237433E+00 1.104718E+01
5.932000E+02 2.237519E+00 1.104551E+01
5.941000E+02 2.237605E+00 1.104386E+01
5.950000E+02 2.237689E+00 1.104221E+01
5.959000E+02 2.237773E+00 1.104057E+01
5.968000E+02 2.237857E+00 1.103894E+01
5.977000E+02 2.237940E+00 1.103732E+01
5.986000E+02 2.238022E+00 1.103571E+01
5.995000E+02 2.238103E+00 1.103411E+01
6.004000E+02 2.238183E+00 1.103252E+01
6.013000E+02 2.238263E+00 1.103094E+01
6.022000E+02 2.238343E+00 1.102937E+01
6.031000E+02 2.238421E+00 1.102781E+01
6.040000E+02 2.238499E+00 1.102625E+01
6.049000E+02 2.238576E+00 1.102471E+01
6.058000E+02 2.238653E+00 1.102318E+01
6.067000E+02 2.238728E+00 1.102165E+01
6.076000E+02 2.238804E+00 1.102014E+01
6.085000E+02 2.238878E+00 1.101863E+01
6.094000E+02 2.238952E+00 1.101714E+01
6.103000E+02 2.239025E+00 1.101418E+01
6.112000E+02 2.239098E+00 1.101271E+01
6.121000E+02 2.239169E+00 1.101124E+01
6.130000E+02 2.239241E+00 1.100978E+01
6.139000E+02 2.239311E+00 1.100833E+01
6.148000E+02 2.239381E+00 1.100689E+01
6.157000E+02 2.239450E+00 1.100546E+01
6.166000E+02 2.239519E+00 1.100404E+01
6.175000E+02 2.239587E+00 1.100262E+01
6.184000E+02 2.239654E+00 1.100122E+01
6.193000E+02 2.239721E+00 1.099982E+01
6.202000E+02 2.239787E+00 1.099698E+01
6.211000E+02 2.239853E+00 1.099560E+01
6.220000E+02 2.239918E+00 1.099423E+01
6.229000E+02 2.239982E+00 1.099287E+01
6.238000E+02 2.240046E+00 1.099152E+01
6.247000E+02 2.240109E+00 1.099018E+01
6.256000E+02 2.240171E+00 1.098885E+01
6.265000E+02 2.240233E+00 1.098607E+01
6.274000E+02 2.240294E+00 1.098476E+01
6.283000E+02 2.240355E+00 1.098345E+01
6.292000E+02 2.240415E+00 1.098215E+01
6.301000E+02 2.240474E+00 1.098086E+01
6.310000E+02 2.240533E+00 1.097958E+01
6.319000E+02 2.240591E+00 1.097686E+01
6.328000E+02 2.240649E+00 1.097560E+01
6.337000E+02 2.240706E+00 1.097434E+01
6.346000E+02 2.240763E+00 1.097310E+01
6.355000E+02 2.240818E+00 1.097186E+01
6.364000E+02 2.240874E+00 1.096919E+01
6.373000E+02 2.240929E+00 1.096797E+01
6.382000E+02 2.240983E+00 1.096676E+01
6.391000E+02 2.241036E+00 1.096555E+01
6.400000E+02 2.241089E+00 1.096436E+01
6.409000E+02 2.241142E+00 1.096173E+01
6.418000E+02 2.241194E+00 1.096055E+01
6.427000E+02 2.241245E+00 1.095938E+01
6.436000E+02 2.241296E+00 1.095822E+01
6.445000E+02 2.241346E+00 1.095563E+01
6.454000E+02 2.241396E+00 1.095448E+01
6.463000E+02 2.241445E+00 1.095334E+01
6.472000E+02 2.241494E+00 1.095221E+01
6.481000E+02 2.241542E+00 1.094966E+01
6.490000E+02 2.241590E+00 1.094855E+01
6.499000E+02 2.241637E+00 1.094744E+01
6.508000E+02 2.241683E+00 1.094635E+01
6.517000E+02 2.241729E+00 1.094383E+01
6.526000E+02 2.241775E+00 1.094275E+01
6.535000E+02 2.241819E+00 1.094167E+01
6.544000E+02 2.241864E+00 1.093918E+01
6.553000E+02 2.241908E+00 1.093812E+01
6.562000E+02 2.241951E+00 1.093708E+01
6.571000E+02 2.241994E+00 1.093604E+01
6.580000E+02 2.242036E+00 1.093358E+01
6.589000E+02 2.242078E+00 1.093255E+01
6.598000E+02 2.242119E+00 1.093153E+01
6.607000E+02 2.242160E+00 1.092910E+01
6.616000E+02 2.242200E+00 1.092810E+01
6.625000E+02 2.242240E+00 1.092711E+01
6.634000E+02 2.242279E+00 1.092470E+01
6.643000E+02 2.242318E+00 1.092372E+01
6.652000E+02 2.242356E+00 1.092275E+01
6.661000E+02 2.242394E+00 1.092037E+01
6.670000E+02 2.242431E+00 1.091942E+01
6.679000E+02 2.242468E+00 1.091705E+01
6.688000E+02 2.242504E+00 1.091611E+01
6.697000E+02 2.242540E+00 1.091518E+01
6.706000E+02 2.242575E+00 1.091284E+01
6.715000E+02 2.242610E+00 1.091192E+01
6.724000E+02 2.242645E+00 1.091101E+01
6.733000E+02 2.242679E+00 1.090870E+01
6.742000E+02 2.242712E+00 1.090781E+01
6.751000E+02 2.242745E+00 1.090551E+01
6.760000E+02 2.242777E+00 1.090463E+01
6.769000E+02 2.242809E+00 1.090376E+01
6.778000E+02 2.242841E+00 1.090148E+01
6.787000E+02 2.242872E+00 1.090063E+01
6.796000E+02 2.242903E+00 1.089837E+01
6.805000E+02 2.242933E+00 1.089753E+01
6.814000E+02 2.242962E+00 1.089669E+01
6.823000E+02 2.242992E+00 1.089446E+01
6.832000E+02 2.243020E+00 1.089364E+01
6.841000E+02 2.243049E+00 1.089142E+01
6.850000E+02 2.243077E+00 1.089061E+01
6.859000E+02 2.243104E+00 1.088841E+01
6.868000E+02 2.243131E+00 1.088762E+01
6.877000E+02 2.243157E+00 1.088543E+01
6.886000E+02 2.243184E+00 1.088466E+01
6.895000E+02 2.243209E+00 1.088389E+01
6.904000E+02 2.243234E+00 1.088173E+01
6.913000E+02 2.243259E+00 1.088097E+01
6.922000E+02 2.243284E+00 1.087882E+01
6.931000E+02 2.243307E+00 1.087808E+01
6.940000E+02 2.243331E+00 1.087595E+01
6.949000E+02 2.243354E+00 1.087522E+01
6.958000E+02 2.243377E+00 1.087311E+01
6.967000E+02 2.243399E+00 1.087239E+01
6.976000E+02 2.243421E+00 1.087029E+01
6.985000E+02 2.243442E+00 1.086959E+01
6.994000E+02 2.243463E+00 1.086751E+01
7.003000E+02 2.243483E+00 1.086682E+01
7.012000E+02 2.243503E+00 1.086475E+01
7.021000E+02 2.243523E+00 1.086408E+01
7.030000E+02 2.243542E+00 1.086202E+01
7.039000E+02 2.243561E+00 1.086137E+01
7.048000E+02 2.243580E+00 1.085933E+01
7.057000E+02 2.243598E+00 1.085868E+01
7.066000E+02 2.243615E+00 1.085666E+01
7.075000E+02 2.243633E+00 1.085464E+01
7.084000E+02 2.243649E+00 1.085401E+01
7.093000E+02 2.243666E+00 1.085201E+01
7.102000E+02 2.243682E+00 1.085140E+01
7.111000E+02 2.243698E+00 1.084941E+01
7.120000E+02 2.243713E+00 1.084881E+01
7.129000E+02 2.243728E+00 1.084684E+01
7.138000E+02 2.243742E+00 1.084626E+01
7.147000E+02 2.243756E+00 1.084430E+01
7.156000E+02 2.243770E+00 1.084235E+01
7.165000E+02 2.243783E+00 1.084178E+01
7.174000E+02 2.243796E+00 1.083984E+01
7.183000E+02 2.243809E+00 1.083929E+01
7.192000E+02 2.243821E+00 1.083737E+01
7.201000E+02 2.243833E+00 1.083545E+01
7.210000E+02 2.243844E+00 1.083492E+01
7.219000E+02 2.243855E+00 1.083302E+01
7.228000E+02 2.243866E+00 1.083250E+01
7.237000E+02 2.243876E+00 1.083061E+01
7.246000E+02 2.243886E+00 1.082873E+01
7.255000E+02 2.243895E+00 1.082823E+01
7.264000E+02 2.243905E+00 1.082637E+01
7.273000E+02 2.243913E+00 1.082451E+01
7.282000E+02 2.243922E+00 1.082403E+01
7.291000E+02 2.243930E+00 1.082218E+01
7.300000E+02 2.243938E+00 1.082172E+01
7.309000E+02 2.243945E+00 1.081988E+01
7.318000E+02 2.243952E+00 1.081806E+01
7.327000E+02 2.243959E+00 1.081761E+01
7.336000E+02 2.243965E+00 1.081580E+01
7.345000E+02 2.243971E+00 1.081400E+01
7.354000E+02 2.243976E+00 1.081357E+01
7.363000E+02 2.243982E+00 1.081177E+01
7.372000E+02 2.243986E+00 1.080999E+01
7.381000E+02 2.243991E+00 1.080958E+01
7.390000E+02 2.243995E+00 1.080781E+01
7.399000E+02 2.243999E+00 1.080605E+01
7.408000E+02 2.244002E+00 1.080565E+01
7.417000E+02 2.244006E+00 1.080390E+01
7.426000E+02 2.244008E+00 1.080216E+01
7.435000E+02 2.244011E+00 1.080179E+01
7.444000E+02 2.244013E+00 1.080006E+01
7.453000E+02 2.244015E+00 1.079833E+01
7.462000E+02 2.244016E+00 1.079662E+01
7.471000E+02 2.244017E+00 1.079627E+01
7.480000E+02 2.244018E+00 1.079456E+01
7.489000E+02 2.244019E+00 1.079287E+01
7.498000E+02 2.244019E+00 1.079253E+01
7.507000E+02 2.244019E+00 1.079085E+01
7.516000E+02 2.244018E+00 1.078917E+01
7.525000E+02 2.244017E+00 1.078750E+01
7.534000E+02 2.244016E+00 1.078719E+01
7.543000E+02 2.244015E+00 1.078554E+01
7.552000E+02 2.244013E+00 1.078388E+01
7.561000E+02 2.244011E+00 1.078224E+01
7.570000E+02 2.244008E+00 1.078195E+01
7.579000E+02 2.244006E+00 1.078032E+01
7.588000E+02 2.244002E+00 1.077870E+01
7.597000E+02 2.243999E+00 1.077708E+01
7.606000E+02 2.243995E+00 1.077682E+01
7.615000E+02 2.243991E+00 1.077521E+01
7.624000E+02 2.243987E+00 1.077361E+01
7.633000E+02 2.243982E+00 1.077202E+01
7.642000E+02 2.243978E+00 1.077178E+01
7.651000E+02 2.243972E+00 1.077020E+01
7.660000E+02 2.243967E+00 1.076862E+01
7.669000E+02 2.243961E+00 1.076705E+01
7.678000E+02 2.243955E+00 1.076549E+01
7.687000E+02 2.243948E+00 1.076528E+01
7.696000E+02 2.243942E+00 1.076373E+01
7.705000E+02 2.243935E+00 1.076218E+01
7.714000E+02 2.243927E+00 1.076065E+01
7.723000E+02 2.243920E+00 1.075912E+01
7.732000E+02 2.243912E+00 1.075893E+01
7.741000E+02 2.243903E+00 1.075741E+01
7.750000E+02 2.243895E+00 1.075590E+01
7.759000E+02 2.243886E+00 1.075439E+01
7.768000E+02 2.243877E+00 1.075289E+01
7.777000E+02 2.243868E+00 1.075140E+01
7.786000E+02 2.243858E+00 1.075125E+01
7.795000E+02 2.243848E+00 1.074977E+01
7.804000E+02 2.243838E+00 1.074829E+01
7.813000E+02 2.243827E+00 1.074682E+01
7.822000E+02 2.243816E+00 1.074536E+01
7.831000E+02 2.243805E+00 1.074390E+01
7.840000E+02 2.243794E+00 1.074378E+01
7.849000E+02 2.243782E+00 1.074233E+01
7.858000E+02 2.243770E+00 1.074089E+01
7.867000E+02 2.243758E+00 1.073946E+01
7.876000E+02 2.243746E+00 1.073803E+01
7.885000E+02 2.243733E+00 1.073661E+01
7.894000E+02 2.243720E+00 1.073519E+01
7.903000E+02 2.243707E+00 1.073511E+01
7.912000E+02 2.243693E+00 1.073370E+01
7.921000E+02 2.243679E+00 1.073230E+01
7.930000E+02 2.243665E+00 1.073091E+01
7.939000E+02 2.243651E+00 1.072952E+01
7.948000E+02 2.243636E+00 1.072814E+01
7.957000E+02 2.243621E+00 1.072676E+01
7.966000E+02 2.243606E+00 1.072539E+01
7.975000E+02 2.243591E+00 1.072403E+01
7.984000E+02 2.243575E+00 1.072267E+01
7.993000E+02 2.243559E+00 1.072264E+01
8.002000E+02 2.243543E+00 1.072130E+01
8.011000E+02 2.243526E+00 1.071995E+01
8.020000E+02 2.243510E+00 1.071862E+01
8.029000E+02 2.243493E+00 1.071729E+01
8.038000E+02 2.243475E+00 1.071596E+01
8.047000E+02 2.243458E+00 1.071464E+01
8.056000E+02 2.243440E+00 1.071333E+01
8.065000E+02 2.243422E+00 1.071202E+01
8.074000E+02 2.243404E+00 1.071072E+01
8.083000E+02 2.243385E+00 1.070942E+01
8.092000E+02 2.243367E+00 1.070813E+01
8.101000E+02 2.243348E+00 1.070685E+01
8.110000E+02 2.243328E+00 1.070557E+01
8.119000E+02 2.243309E+00 1.070429E+01
8.128000E+02 2.243289E+00 1.070434E+01
8.137000E+02 2.243269E+00 1.070308E+01
8.146000E+02 2.243249E+00 1.070182E+01
8.155000E+02 2.243229E+00 1.070057E+01
8.164000E+02 2.243208E+00 1.069932E+01
8.173000E+02 2.243187E+00 1.069808E+01
8.182000E+02 2.243166E+00 1.069684E+01
8.191000E+02 2.243144E+00 1.069561E+01
8.200000E+02 2.243123E+00 1.069439E+01
8.209000E+02 2.243101E+00 1.069317E+01
8.218000E+02 2.243079E+00 1.069195E+01
8.227000E+02 2.243056E+00 1.069074E+01
8.236000E+02 2.243034E+00 1.068954E+01
8.245000E+02 2.243011E+00 1.068834E+01
8.254000E+02 2.242988E+00 1.068715E+01
8.263000E+02 2.242965E+00 1.068596E+01
8.272000E+02 2.242941E+00 1.068478E+01
8.281000E+02 2.242917E+00 1.068360E+01
8.290000E+02 2.242893E+00 1.068243E+01
8.299000E+02 2.242869E+00 1.068126E+01
8.308000E+02 2.242845E+00 1.068010E+01
8.317000E+02 2.242820E+00 1.067894E+01
8.326000E+02 2.242795E+00 1.067779E+01
8.335000E+02 2.242770E+00 1.067665E+01
8.344000E+02 2.242745E+00 1.067551E+01
8.353000E+02 2.242719E+00 1.067437E+01
8.362000E+02 2.242694E+00 1.067194E+01
8.371000E+02 2.242668E+00 1.067081E+01
8.380000E+02 2.242641E+00 1.066969E+01
8.389000E+02 2.242615E+00 1.066858E+01
8.398000E+02 2.242588E+00 1.066747E+01
8.407000E+02 2.242562E+00 1.066637E+01
8.416000E+02 2.242535E+00 1.066527E+01
8.425000E+02 2.242507E+00 1.066417E+01
8.434000E+02 2.242480E+00 1.066309E+01
8.443000E+02 2.242452E+00 1.066200E+01
8.452000E+02 2.242424E+00 1.066092E+01
8.461000E+02 2.242396E+00 1.065985E+01
8.470000E+02 2.242368E+00 1.065878E+01
8.479000E+02 2.242339E+00 1.065772E+01
8.488000E+02 2.242311E+00 1.065666E+01
8.497000E+02 2.242282E+00 1.065561E+01
8.506000E+02 2.242253E+00 1.065326E+01
8.515000E+02 2.242223E+00 1.065222E+01
8.524000E+02 2.242194E+00 1.065118E+01
8.533000E+02 2.242164E+00 1.065015E+01
8.542000E+02 2.242134E+00 1.064912E+01
8.551000E+02 2.242104E+00 1.064810E+01
8.560000E+02 2.242073E+00 1.064708E+01
8.569000E+02 2.242043E+00 1.064606E+01
8.578000E+02 2.242012E+00 1.064506E+01
8.587000E+02 2.241981E+00 1.064405E+01
8.596000E+02 2.241950E+00 1.064176E+01
8.605000E+02 2.241919E+00 1.064077E+01
8.614000E+02 2.241887E+00 1.063978E+01
8.623000E+02 2.241855E+00 1.063879E+01
8.632000E+02 2.241824E+00 1.063782E+01
8.641000E+02 2.241791E+00 1.063684E+01
8.650000E+02 2.241759E+00 1.063587E+01
8.659000E+02 2.241727E+00 1.063491E+01
8.668000E+02 2.241694E+00 1.063266E+01
8.677000E+02 2.241661E+00 1.063170E+01
8.686000E+02 2.241628E+00 1.063075E+01
8.695000E+02 2.241595E+00 1.062981E+01
8.704000E+02 2.241561E+00 1.062887E+01
8.713000E+02 2.241528E+00 1.062793E+01
8.722000E+02 2.241494E+00 1.062571E+01
8.731000E+02 2.241460E+00 1.062479E+01
8.740000E+02 2.241425E+00 1.062387E+01
8.749000E+02 2.241391E+00 1.062295E+01
8.758000E+02 2.241357E+00 1.062204E+01
8.767000E+02 2.241322E+00 1.062113E+01
8.776000E+02 2.241287E+00 1.061894E+01
8.785000E+02 2.241252E+00 1.061805E+01
8.794000E+02 2.241216E+00 1.061715E+01
8.803000E+02 2.241181E+00 1.061626E+01
8.812000E+02 2.241145E+00 1.061538E+01
8.821000E+02 2.241110E+00 1.061450E+01
8.830000E+02 2.241074E+00 1.061234E+01
8.839000E+02 2.241037E+00 1.061147E+01
8.848000E+02 2.241001E+00 1.061061E+01
8.857000E+02 2.240964E+00 1.060975E+01
8.866000E+02 2.240928E+00 1.060889E+01
8.875000E+02 2.240891E+00 1.060676E+01
8.884000E+02 2.240854E+00 1.060591E+01
8.893000E+02 2.240817E+00 1.060507E+01
8.902000E+02 2.240779E+00 1.060423E+01
8.911000E+02 2.240742E+00 1.060340E+01
8.920000E+02 2.240704E+00 1.060129E+01
8.929000E+02 2.240666E+00 1.060047E+01
8.938000E+02 2.240628E+00 1.059965E+01
8.947000E+02 2.240590E+00 1.059883E+01
8.956000E+02 2.240551E+00 1.059675E+01
8.965000E+02 2.240513E+00 1.059594E+01
8.974000E+02 2.240474E+00 1.059514E+01
8.983000E+02 2.240435E+00 1.059434E+01
8.992000E+02 2.240396E+00 1.059228E+01
9.001000E+02 2.240357E+00 1.059149E+01
9.010000E+02 2.240317E+00 1.059070E+01
9.019000E+02 2.240278E+00 1.058992E+01
9.028000E+02 2.240238E+00 1.058788E+01
9.037000E+02 2.240198E+00 1.058711E+01
9.046000E+02 2.240158E+00 1.058634E+01
9.055000E+02 2.240118E+00 1.058558E+01
9.064000E+02 2.240077E+00 1.058355E+01
9.073000E+02 2.240037E+00 1.058280E+01
9.082000E+02 2.239996E+00 1.058205E+01
9.091000E+02 2.239955E+00 1.058130E+01
9.100000E+02 2.239914E+00 1.057929E+01
9.109000E+02 2.239873E+00 1.057856E+01
9.118000E+02 2.239832E+00 1.057783E+01
9.127000E+02 2.239790E+00 1.057710E+01
9.136000E+02 2.239749E+00 1.057511E+01
9.145000E+02 2.239707E+00 1.057439E+01
9.154000E+02 2.239665E+00 1.057368E+01
9.163000E+02 2.239623E+00 1.057170E+01
9.172000E+02 2.239581E+00 1.057099E+01
9.181000E+02 2.239538E+00 1.057029E+01
9.190000E+02 2.239496E+00 1.056833E+01
9.199000E+02 2.239453E+00 1.056764E+01
9.208000E+02 2.239410E+00 1.056695E+01
9.217000E+02 2.239367E+00 1.056627E+01
9.226000E+02 2.239324E+00 1.056432E+01
9.235000E+02 2.239281E+00 1.056365E+01
9.244000E+02 2.239238E+00 1.056297E+01
9.253000E+02 2.239194E+00 1.056104E+01
9.262000E+02 2.239150E+00 1.056038E+01
9.271000E+02 2.239106E+00 1.055972E+01
9.280000E+02 2.239062E+00 1.055781E+01
9.289000E+02 2.239018E+00 1.055715E+01
9.298000E+02 2.238974E+00 1.055651E+01
9.307000E+02 2.238929E+00 1.055461E+01
9.316000E+02 2.238885E+00 1.055397E+01
9.325000E+02 2.238840E+00 1.055333E+01
9.334000E+02 2.238795E+00 1.055144E+01
9.343000E+02 2.238750E+00 1.055082E+01
9.352000E+02 2.238705E+00 1.055020E+01
9.361000E+02 2.238660E+00 1.054832E+01
9.370000E+02 2.238614E+00 1.054771E+01
9.379000E+02 2.238569E+00 1.054710E+01
9.388000E+02 2.238523E+00 1.054524E+01
9.397000E+02 2.238477E+00 1.054463E+01
9.406000E+02 2.238431E+00 1.054278E+01
9.415000E+02 2.238385E+00 1.054219E+01
9.424000E+02 2.238339E+00 1.054160E+01
9.433000E+02 2.238293E+00 1.053976E+01
9.442000E+02 2.238246E+00 1.053918E+01
9.451000E+02 2.238199E+00 1.053860E+01
9.460000E+02 2.238153E+00 1.053677E+01
9.469000E+02 2.238106E+00 1.053620E+01
9.478000E+02 2.238059E+00 1.053564E+01
9.487000E+02 2.238012E+00 1.053382E+01
9.496000E+02 2.237964E+00 1.053327E+01
9.505000E+02 2.237917E+00 1.053146E+01
9.514000E+02 2.237869E+00 1.053091E+01
9.523000E+02 2.237822E+00 1.053037E+01
9.532000E+02 2.237774E+00 1.052858E+01
9.541000E+02 2.237726E+00 1.052804E+01
9.550000E+02 2.237678E+00 1.052625E+01
9.559000E+02 2.237629E+00 1.052572E+01
9.568000E+02 2.237581E+00 1.052520E+01
9.577000E+02 2.237533E+00 1.052343E+01
9.586000E+02 2.237484E+00 1.052291E+01
9.595000E+02 2.237435E+00 1.052115E+01
9.604000E+02 2.237386E+00 1.052064E+01
9.613000E+02 2.237338E+00 1.051889E+01
9.622000E+02 2.237288E+00 1.051838E+01
9.631000E+02 2.237239E+00 1.051788E+01
9.640000E+02 2.237190E+00 1.051614E+01
9.649000E+02 2.237140E+00 1.051565E+01
9.658000E+02 2.237091E+00 1.051392E+01
9.667000E+02 2.237041E+00 1.051344E+01
9.676000E+02 2.236991E+00 1.051171E+01
9.685000E+02 2.236941E+00 1.051124E+01
9.694000E+02 2.236891E+00 1.051076E+01
9.703000E+02 2.236841E+00 1.050905E+01
9.712000E+02 2.236791E+00 1.050859E+01
9.721000E+02 2.236740E+00 1.050689E+01
9.730000E+02 2.236690E+00 1.050643E+01
9.739000E+02 2.236639E+00 1.050473E+01
9.748000E+02 2.236588E+00 1.050428E+01
9.757000E+02 2.236538E+00 1.050260E+01
9.766000E+02 2.236487E+00 1.050216E+01
9.775000E+02 2.236435E+00 1.050172E+01
9.784000E+02 2.236384E+00 1.050004E+01
9.793000E+02 2.236333E+00 1.049961E+01
9.802000E+02 2.236281E+00 1.049795E+01
9.811000E+02 2.236230E+00 1.049752E+01
9.820000E+02 2.236178E+00 1.049587E+01
9.829000E+02 2.236126E+00 1.049545E+01
9.838000E+02 2.236074E+00 1.049380E+01
9.847000E+02 2.236022E+00 1.049339E+01
9.856000E+02 2.235970E+00 1.049175E+01
9.865000E+02 2.235918E+00 1.049135E+01
9.874000E+02 2.235866E+00 1.048972E+01
9.883000E+02 2.235813E+00 1.048932E+01
9.892000E+02 2.235761E+00 1.048770E+01
9.901000E+02 2.235708E+00 1.048731E+01
9.910000E+02 2.235655E+00 1.048569E+01
9.919000E+02 2.235602E+00 1.048531E+01
9.928000E+02 2.235549E+00 1.048370E+01
9.937000E+02 2.235496E+00 1.048333E+01
9.946000E+02 2.235443E+00 1.048173E+01
9.955000E+02 2.235389E+00 1.048136E+01
9.964000E+02 2.235336E+00 1.047977E+01
9.973000E+02 2.235283E+00 1.047941E+01
9.982000E+02 2.235229E+00 1.047782E+01
9.991000E+02 2.235175E+00 1.047747E+01
