1.000000E+00 NAN NAN
1.099000E+00 1.300716E-01 2.135080E+01
1.198000E+00 1.357253E-01 1.883814E+01
1.297000E+00 1.413415E-01 1.821933E+01
1.396000E+00 1.469102E-01 1.759226E+01
1.495000E+00 1.524282E-01 1.708897E+01
1.594000E+00 1.578932E-01 1.668003E+01
1.693000E+00 1.633041E-01 1.634459E+01
1.792000E+00 1.686601E-01 1.596769E+01
1.891000E+00 1.739619E-01 1.565080E+01
1.990000E+00 1.792099E-01 1.546932E+01
2.089000E+00 1.844044E-01 1.523570E+01
2.188000E+00 1.895467E-01 1.503580E+01
2.287000E+00 1.946376E-01 1.479061E+01
2.386000E+00 1.996782E-01 1.464624E+01
2.485000E+00 2.046697E-01 1.452188E+01
2.584000E+00 2.096130E-01 1.435076E+01
2.683000E+00 2.145092E-01 1.419976E+01
2.782000E+00 2.193595E-01 1.412469E+01
2.881000E+00 2.241648E-01 1.400392E+01
2.980000E+00 2.289263E-01 1.389664E+01
3.079000E+00 2.336449E-01 1.380121E+01
3.178000E+00 2.383217E-01 1.371628E+01
3.277000E+00 2.429575E-01 1.364067E+01
3.376000E+00 2.475535E-01 1.357337E+01
3.475000E+00 2.521103E-01 1.351352E+01
3.574000E+00 2.566288E-01 1.341540E+01
3.673000E+00 2.611100E-01 1.336942E+01
3.772000E+00 2.655547E-01 1.332883E+01
3.871000E+00 2.699635E-01 1.325159E+01
3.970000E+00 2.743373E-01 1.322124E+01
4.069000E+00 2.786768E-01 1.315535E+01
4.168000E+00 2.829827E-01 1.313345E+01
4.267000E+00 2.872557E-01 1.307705E+01
4.366000E+00 2.914964E-01 1.302527E+01
4.465000E+00 2.957055E-01 1.301383E+01
4.564000E+00 2.998835E-01 1.296940E+01
4.663000E+00 3.040312E-01 1.292862E+01
4.762000E+00 3.081489E-01 1.289120E+01
4.861000E+00 3.122374E-01 1.285689E+01
4.960000E+00 3.162971E-01 1.282545E+01
5.059000E+00 3.203285E-01 1.279669E+01
5.158000E+00 3.243323E-01 1.277042E+01
5.257000E+00 3.283087E-01 1.274647E+01
5.356000E+00 3.322584E-01 1.272467E+01
5.455000E+00 3.361817E-01 1.270490E+01
5.554000E+00 3.400791E-01 1.268701E+01
5.653000E+00 3.439512E-01 1.267088E+01
5.752000E+00 3.477981E-01 1.265642E+01
5.851000E+00 3.516204E-01 1.261531E+01
5.950000E+00 3.554186E-01 1.260425E+01
6.049000E+00 3.591928E-01 1.259454E+01
6.148000E+00 3.629436E-01 1.258612E+01
6.247000E+00 3.666712E-01 1.255226E+01
6.346000E+00 3.703761E-01 1.254650E+01
6.445000E+00 3.740585E-01 1.251590E+01
6.544000E+00 3.777189E-01 1.251251E+01
6.643000E+00 3.813575E-01 1.248483E+01
6.742000E+00 3.849746E-01 1.248355E+01
6.841000E+00 3.885707E-01 1.248311E+01
6.940000E+00 3.921458E-01 1.245909E+01
7.039000E+00 3.957004E-01 1.243640E+01
7.138000E+00 3.992347E-01 1.243869E+01
7.237000E+00 4.027491E-01 1.241815E+01
7.336000E+00 4.062437E-01 1.242195E+01
7.435000E+00 4.097189E-01 1.240335E+01
7.534000E+00 4.131749E-01 1.238580E+01
7.633000E+00 4.166119E-01 1.239170E+01
7.732000E+00 4.200303E-01 1.237583E+01
7.831000E+00 4.234301E-01 1.236088E+01
7.930000E+00 4.268118E-01 1.234681E+01
8.029000E+00 4.301755E-01 1.235509E+01
8.128000E+00 4.335214E-01 1.234241E+01
8.227000E+00 4.368498E-01 1.233050E+01
8.326000E+00 4.401608E-01 1.231932E+01
8.425000E+00 4.434547E-01 1.230885E+01
8.524000E+00 4.467317E-01 1.229905E+01
8.623000E+00 4.499920E-01 1.231021E+01
8.722000E+00 4.532357E-01 1.230148E+01
8.821000E+00 4.564631E-01 1.229335E+01
8.920000E+00 4.596743E-01 1.228579E+01
9.019000E+00 4.628697E-01 1.227879E+01
9.118000E+00 4.660492E-01 1.227231E+01
9.217000E+00 4.692131E-01 1.226634E+01
9.316000E+00 4.723617E-01 1.226087E+01
9.415000E+00 4.754950E-01 1.225586E+01
9.514000E+00 4.786132E-01 1.225130E+01
9.613000E+00 4.817164E-01 1.224719E+01
9.712000E+00 4.848050E-01 1.224349E+01
9.811000E+00 4.878789E-01 1.224019E+01
9.910000E+00 4.909384E-01 1.223729E+01
1.000900E+01 4.939835E-01 1.221671E+01
1.010800E+01 4.970146E-01 1.221467E+01
1.020700E+01 5.000317E-01 1.221298E+01
1.030600E+01 5.030349E-01 1.221163E+01
1.040500E+01 5.060244E-01 1.221060E+01
1.050400E+01 5.090003E-01 1.220988E+01
1.060300E+01 5.119628E-01 1.219220E+01
1.070200E+01 5.149120E-01 1.219219E+01
1.080100E+01 5.178480E-01 1.219246E+01
1.090000E+01 5.207710E-01 1.219299E+01
1.099900E+01 5.236810E-01 1.217702E+01
1.109800E+01 5.265782E-01 1.217817E+01
1.119700E+01 5.294628E-01 1.217957E+01
1.129600E+01 5.323348E-01 1.218120E+01
1.139500E+01 5.351944E-01 1.216673E+01
1.149400E+01 5.380417E-01 1.216891E+01
1.159300E+01 5.408768E-01 1.217129E+01
1.169200E+01 5.436997E-01 1.215788E+01
1.179100E+01 5.465108E-01 1.216075E+01
1.189000E+01 5.493099E-01 1.216382E+01
1.198900E+01 5.520974E-01 1.215136E+01
1.208800E+01 5.548731E-01 1.215488E+01
1.218700E+01 5.576374E-01 1.215857E+01
1.228600E+01 5.603902E-01 1.214700E+01
1.238500E+01 5.631316E-01 1.215110E+01
1.248400E+01 5.658618E-01 1.214012E+01
1.258300E+01 5.685809E-01 1.214460E+01
1.268200E+01 5.712889E-01 1.213417E+01
1.278100E+01 5.739859E-01 1.213901E+01
1.288000E+01 5.766721E-01 1.212912E+01
1.297900E+01 5.793475E-01 1.213430E+01
1.307800E+01 5.820122E-01 1.212490E+01
1.317700E+01 5.846664E-01 1.213040E+01
1.327600E+01 5.873100E-01 1.212148E+01
1.337500E+01 5.899433E-01 1.212728E+01
1.347400E+01 5.925662E-01 1.211881E+01
1.357300E+01 5.951788E-01 1.212490E+01
1.367200E+01 5.977813E-01 1.211685E+01
1.377100E+01 6.003738E-01 1.212321E+01
1.387000E+01 6.029562E-01 1.211557E+01
1.396900E+01 6.055288E-01 1.212218E+01
1.406800E+01 6.080915E-01 1.211493E+01
1.416700E+01 6.106444E-01 1.210792E+01
1.426600E+01 6.131876E-01 1.211490E+01
1.436500E+01 6.157213E-01 1.210825E+01
1.446400E+01 6.182454E-01 1.211545E+01
1.456300E+01 6.207600E-01 1.210914E+01
1.466200E+01 6.232653E-01 1.210304E+01
1.476100E+01 6.257613E-01 1.211057E+01
1.486000E+01 6.282480E-01 1.210478E+01
1.495900E+01 6.307255E-01 1.209919E+01
1.505800E+01 6.331939E-01 1.210703E+01
1.515700E+01 6.356533E-01 1.210173E+01
1.525600E+01 6.381038E-01 1.209661E+01
1.535500E+01 6.405453E-01 1.210473E+01
1.545400E+01 6.429780E-01 1.209989E+01
1.555300E+01 6.454019E-01 1.209522E+01
1.565200E+01 6.478172E-01 1.209071E+01
1.575100E+01 6.502238E-01 1.209918E+01
1.585000E+01 6.526218E-01 1.209493E+01
1.594900E+01 6.550112E-01 1.209083E+01
1.604800E+01 6.573923E-01 1.208688E+01
1.614700E+01 6.597649E-01 1.209567E+01
1.624600E+01 6.621292E-01 1.209195E+01
1.634500E+01 6.644852E-01 1.208837E+01
1.644400E+01 6.668330E-01 1.208494E+01
1.654300E+01 6.691726E-01 1.208164E+01
1.664200E+01 6.715041E-01 1.209078E+01
1.674100E+01 6.738276E-01 1.208769E+01
1.684000E+01 6.761431E-01 1.208472E+01
1.693900E+01 6.784506E-01 1.208188E+01
1.703800E+01 6.807502E-01 1.207916E+01
1.713700E+01 6.830420E-01 1.207656E+01
1.723600E+01 6.853260E-01 1.208609E+01
1.733500E+01 6.876023E-01 1.208368E+01
1.743400E+01 6.898709E-01 1.208137E+01
1.753300E+01 6.921319E-01 1.207918E+01
1.763200E+01 6.943853E-01 1.207710E+01
1.773100E+01 6.966312E-01 1.207512E+01
1.783000E+01 6.988696E-01 1.207325E+01
1.792900E+01 7.011006E-01 1.207148E+01
1.802800E+01 7.033243E-01 1.208144E+01
1.812700E+01 7.055406E-01 1.207983E+01
1.822600E+01 7.077496E-01 1.207831E+01
1.832500E+01 7.099514E-01 1.207689E+01
1.842400E+01 7.121459E-01 1.207556E+01
1.852300E+01 7.143334E-01 1.207432E+01
1.862200E+01 7.165137E-01 1.207317E+01
1.872100E+01 7.186870E-01 1.207211E+01
1.882000E+01 7.208533E-01 1.207114E+01
1.891900E+01 7.230126E-01 1.207025E+01
1.901800E+01 7.251650E-01 1.206944E+01
1.911700E+01 7.273105E-01 1.206872E+01
1.921600E+01 7.294492E-01 1.206808E+01
1.931500E+01 7.315811E-01 1.206752E+01
1.941400E+01 7.337062E-01 1.206703E+01
1.951300E+01 7.358247E-01 1.206662E+01
1.961200E+01 7.379364E-01 1.206628E+01
1.971100E+01 7.400416E-01 1.206602E+01
1.981000E+01 7.421401E-01 1.206583E+01
1.990900E+01 7.442321E-01 1.206571E+01
2.000800E+01 7.463176E-01 1.206566E+01
2.010700E+01 7.483967E-01 1.206568E+01
2.020600E+01 7.504692E-01 1.206576E+01
2.030500E+01 7.525354E-01 1.206591E+01
2.040400E+01 7.545953E-01 1.206613E+01
2.050300E+01 7.566488E-01 1.206641E+01
2.060200E+01 7.586961E-01 1.206675E+01
2.070100E+01 7.607370E-01 1.206715E+01
2.080000E+01 7.627718E-01 1.206762E+01
2.089900E+01 7.648004E-01 1.206814E+01
2.099800E+01 7.668229E-01 1.205828E+01
2.109700E+01 7.688393E-01 1.205895E+01
2.119600E+01 7.708496E-01 1.205967E+01
2.129500E+01 7.728539E-01 1.206045E+01
2.139400E+01 7.748521E-01 1.206129E+01
2.149300E+01 7.768444E-01 1.206218E+01
2.159200E+01 7.788308E-01 1.206312E+01
2.169100E+01 7.808113E-01 1.206411E+01
2.179000E+01 7.827859E-01 1.206515E+01
2.188900E+01 7.847547E-01 1.205610E+01
2.198800E+01 7.867177E-01 1.205727E+01
2.208700E+01 7.886749E-01 1.205849E+01
2.218600E+01 7.906264E-01 1.205976E+01
2.228500E+01 7.925722E-01 1.206107E+01
2.238400E+01 7.945123E-01 1.206243E+01
2.248300E+01 7.964467E-01 1.206383E+01
2.258200E+01 7.983756E-01 1.205535E+01
2.268100E+01 8.002988E-01 1.205687E+01
2.278000E+01 8.022166E-01 1.205843E+01
2.287900E+01 8.041288E-01 1.206004E+01
2.297800E+01 8.060355E-01 1.206168E+01
2.307700E+01 8.079367E-01 1.205359E+01
2.317600E+01 8.098325E-01 1.205534E+01
2.327500E+01 8.117229E-01 1.205713E+01
2.337400E+01 8.136080E-01 1.205896E+01
2.347300E+01 8.154877E-01 1.206082E+01
2.357200E+01 8.173620E-01 1.205309E+01
2.367100E+01 8.192311E-01 1.205505E+01
2.377000E+01 8.210950E-01 1.205705E+01
2.386900E+01 8.229536E-01 1.205909E+01
2.396800E+01 8.248070E-01 1.205164E+01
2.406700E+01 8.266552E-01 1.205377E+01
2.416600E+01 8.284983E-01 1.205593E+01
2.426500E+01 8.303362E-01 1.205813E+01
2.436400E+01 8.321690E-01 1.205094E+01
2.446300E+01 8.339968E-01 1.205322E+01
2.456200E+01 8.358195E-01 1.205554E+01
2.466100E+01 8.376372E-01 1.205788E+01
2.476000E+01 8.394499E-01 1.205094E+01
2.485900E+01 8.412577E-01 1.205337E+01
2.495800E+01 8.430605E-01 1.205583E+01
2.505700E+01 8.448583E-01 1.205832E+01
2.515600E+01 8.466513E-01 1.205162E+01
2.525500E+01 8.484394E-01 1.205419E+01
2.535400E+01 8.502226E-01 1.205678E+01
2.545300E+01 8.520010E-01 1.205026E+01
2.555200E+01 8.537746E-01 1.205293E+01
2.565100E+01 8.555435E-01 1.205563E+01
2.575000E+01 8.573075E-01 1.204928E+01
2.584900E+01 8.590669E-01 1.205205E+01
2.594800E+01 8.608216E-01 1.205484E+01
2.604700E+01 8.625715E-01 1.204866E+01
2.614600E+01 8.643168E-01 1.205152E+01
2.624500E+01 8.660575E-01 1.205440E+01
2.634400E+01 8.677935E-01 1.204838E+01
2.644300E+01 8.695250E-01 1.205133E+01
2.654200E+01 8.712519E-01 1.205431E+01
2.664100E+01 8.729742E-01 1.204844E+01
2.674000E+01 8.746920E-01 1.205148E+01
2.683900E+01 8.764053E-01 1.205453E+01
2.693800E+01 8.781141E-01 1.204882E+01
2.703700E+01 8.798185E-01 1.205194E+01
2.713600E+01 8.815184E-01 1.205508E+01
2.723500E+01 8.832139E-01 1.204950E+01
2.733400E+01 8.849050E-01 1.205270E+01
2.743300E+01 8.865917E-01 1.204723E+01
2.753200E+01 8.882740E-01 1.205049E+01
2.763100E+01 8.899520E-01 1.205376E+01
2.773000E+01 8.916257E-01 1.204843E+01
2.782900E+01 8.932951E-01 1.205175E+01
2.792800E+01 8.949602E-01 1.204652E+01
2.802700E+01 8.966211E-01 1.204990E+01
2.812600E+01 8.982777E-01 1.205329E+01
2.822500E+01 8.999301E-01 1.204819E+01
2.832400E+01 9.015783E-01 1.205163E+01
2.842300E+01 9.032223E-01 1.204662E+01
2.852200E+01 9.048621E-01 1.205011E+01
2.862100E+01 9.064978E-01 1.204519E+01
2.872000E+01 9.081294E-01 1.204873E+01
2.881900E+01 9.097568E-01 1.205229E+01
2.891800E+01 9.113802E-01 1.204748E+01
2.901700E+01 9.129995E-01 1.205109E+01
2.911600E+01 9.146148E-01 1.204637E+01
2.921500E+01 9.162260E-01 1.205002E+01
2.931400E+01 9.178332E-01 1.204538E+01
2.941300E+01 9.194364E-01 1.204907E+01
2.951200E+01 9.210357E-01 1.204452E+01
2.961100E+01 9.226310E-01 1.204825E+01
2.971000E+01 9.242223E-01 1.205200E+01
2.980900E+01 9.258097E-01 1.204755E+01
2.990800E+01 9.273932E-01 1.205134E+01
3.000700E+01 9.289728E-01 1.204697E+01
3.010600E+01 9.305485E-01 1.205080E+01
3.020500E+01 9.321204E-01 1.204650E+01
3.030400E+01 9.336884E-01 1.205037E+01
3.040300E+01 9.352526E-01 1.204615E+01
3.050200E+01 9.368130E-01 1.205005E+01
3.060100E+01 9.383696E-01 1.204590E+01
3.070000E+01 9.399224E-01 1.204984E+01
3.079900E+01 9.414715E-01 1.204576E+01
3.089800E+01 9.430168E-01 1.204974E+01
3.099700E+01 9.445584E-01 1.204573E+01
3.109600E+01 9.460962E-01 1.204975E+01
3.119500E+01 9.476304E-01 1.204580E+01
3.129400E+01 9.491609E-01 1.204985E+01
3.139300E+01 9.506877E-01 1.204597E+01
3.149200E+01 9.522109E-01 1.204214E+01
3.159100E+01 9.537304E-01 1.204624E+01
3.169000E+01 9.552464E-01 1.204247E+01
3.178900E+01 9.567587E-01 1.204661E+01
3.188800E+01 9.582674E-01 1.204290E+01
3.198700E+01 9.597725E-01 1.204707E+01
3.208600E+01 9.612741E-01 1.204342E+01
3.218500E+01 9.627722E-01 1.204762E+01
3.228400E+01 9.642667E-01 1.204404E+01
3.238300E+01 9.657577E-01 1.204826E+01
3.248200E+01 9.672452E-01 1.204474E+01
3.258100E+01 9.687292E-01 1.204125E+01
3.268000E+01 9.702098E-01 1.204552E+01
3.277900E+01 9.716868E-01 1.204210E+01
3.287800E+01 9.731605E-01 1.204640E+01
3.297700E+01 9.746307E-01 1.204303E+01
3.307600E+01 9.760975E-01 1.204735E+01
3.317500E+01 9.775609E-01 1.204404E+01
3.327400E+01 9.790209E-01 1.204076E+01
3.337300E+01 9.804775E-01 1.204513E+01
3.347200E+01 9.819308E-01 1.204191E+01
3.357100E+01 9.833807E-01 1.204630E+01
3.367000E+01 9.848273E-01 1.204313E+01
3.376900E+01 9.862706E-01 1.204000E+01
3.386800E+01 9.877105E-01 1.204443E+01
3.396700E+01 9.891472E-01 1.204135E+01
3.406600E+01 9.905806E-01 1.204581E+01
3.416500E+01 9.920107E-01 1.204278E+01
3.426400E+01 9.934375E-01 1.203978E+01
3.436300E+01 9.948611E-01 1.204427E+01
3.446200E+01 9.962815E-01 1.204132E+01
3.456100E+01 9.976987E-01 1.203841E+01
3.466000E+01 9.991126E-01 1.204294E+01
3.475900E+01 1.000523E+00 1.204007E+01
3.485800E+01 1.001931E+00 1.204463E+01
3.495700E+01 1.003335E+00 1.204180E+01
3.505600E+01 1.004737E+00 1.203901E+01
3.515500E+01 1.006135E+00 1.204360E+01
3.525400E+01 1.007530E+00 1.204085E+01
3.535300E+01 1.008922E+00 1.203814E+01
3.545200E+01 1.010310E+00 1.204276E+01
3.555100E+01 1.011696E+00 1.204009E+01
3.565000E+01 1.013079E+00 1.203745E+01
3.574900E+01 1.014458E+00 1.204210E+01
3.584800E+01 1.015835E+00 1.203951E+01
3.594700E+01 1.017208E+00 1.203693E+01
3.604600E+01 1.018578E+00 1.204162E+01
3.614500E+01 1.019946E+00 1.203909E+01
3.624400E+01 1.021310E+00 1.203659E+01
3.634300E+01 1.022672E+00 1.204131E+01
3.644200E+01 1.024030E+00 1.203885E+01
3.654100E+01 1.025385E+00 1.203642E+01
3.664000E+01 1.026738E+00 1.204117E+01
3.673900E+01 1.028087E+00 1.203877E+01
3.683800E+01 1.029434E+00 1.203641E+01
3.693700E+01 1.030777E+00 1.204118E+01
3.703600E+01 1.032118E+00 1.203885E+01
3.713500E+01 1.033456E+00 1.203655E+01
3.723400E+01 1.034790E+00 1.204136E+01
3.733300E+01 1.036122E+00 1.203909E+01
3.743200E+01 1.037451E+00 1.203685E+01
3.753100E+01 1.038777E+00 1.203464E+01
3.763000E+01 1.040101E+00 1.203948E+01
3.772900E+01 1.041421E+00 1.203730E+01
3.782800E+01 1.042739E+00 1.203515E+01
3.792700E+01 1.044054E+00 1.204001E+01
3.802600E+01 1.045366E+00 1.203790E+01
3.812500E+01 1.046675E+00 1.203580E+01
3.822400E+01 1.047981E+00 1.203373E+01
3.832300E+01 1.049285E+00 1.203863E+01
3.842200E+01 1.050586E+00 1.203660E+01
3.852100E+01 1.051884E+00 1.203458E+01
3.862000E+01 1.053179E+00 1.203950E+01
3.871900E+01 1.054472E+00 1.203752E+01
3.881800E+01 1.055761E+00 1.203557E+01
3.891700E+01 1.057049E+00 1.203363E+01
3.901600E+01 1.058333E+00 1.203859E+01
3.911500E+01 1.059615E+00 1.203668E+01
3.921400E+01 1.060894E+00 1.203480E+01
3.931300E+01 1.062170E+00 1.203295E+01
3.941200E+01 1.063443E+00 1.203793E+01
3.951100E+01 1.064714E+00 1.203610E+01
3.961000E+01 1.065983E+00 1.203430E+01
3.970900E+01 1.067248E+00 1.203251E+01
3.980800E+01 1.068511E+00 1.203752E+01
3.990700E+01 1.069772E+00 1.203577E+01
4.000600E+01 1.071029E+00 1.203403E+01
4.010500E+01 1.072284E+00 1.203232E+01
4.020400E+01 1.073537E+00 1.203736E+01
4.030300E+01 1.074787E+00 1.203567E+01
4.040200E+01 1.076034E+00 1.203401E+01
4.050100E+01 1.077279E+00 1.203236E+01
4.060000E+01 1.078521E+00 1.203074E+01
4.069900E+01 1.079761E+00 1.203581E+01
4.079800E+01 1.080998E+00 1.203421E+01
4.089700E+01 1.082232E+00 1.203264E+01
4.099600E+01 1.083464E+00 1.203108E+01
4.109500E+01 1.084694E+00 1.202954E+01
4.119400E+01 1.085921E+00 1.203464E+01
4.129300E+01 1.087145E+00 1.203313E+01
4.139200E+01 1.088367E+00 1.203163E+01
4.149100E+01 1.089587E+00 1.203016E+01
4.159000E+01 1.090804E+00 1.202870E+01
4.168900E+01 1.092018E+00 1.203383E+01
4.178800E+01 1.093230E+00 1.203240E+01
4.188700E+01 1.094440E+00 1.203098E+01
4.198600E+01 1.095647E+00 1.202959E+01
4.208500E+01 1.096852E+00 1.202821E+01
4.218400E+01 1.098054E+00 1.203337E+01
4.228300E+01 1.099254E+00 1.203202E+01
4.238200E+01 1.100451E+00 1.203068E+01
4.248100E+01 1.101646E+00 1.202936E+01
4.258000E+01 1.102839E+00 1.202805E+01
4.267900E+01 1.104029E+00 1.202677E+01
4.277800E+01 1.105217E+00 1.203196E+01
4.287700E+01 1.106403E+00 1.203070E+01
4.297600E+01 1.107586E+00 1.202945E+01
4.307500E+01 1.108766E+00 1.202822E+01
4.317400E+01 1.109945E+00 1.202701E+01
4.327300E+01 1.111121E+00 1.202581E+01
4.337200E+01 1.112295E+00 1.203103E+01
4.347100E+01 1.113466E+00 1.202986E+01
4.357000E+01 1.114635E+00 1.202870E+01
4.366900E+01 1.115802E+00 1.202755E+01
4.376800E+01 1.116966E+00 1.202643E+01
4.386700E+01 1.118129E+00 1.202531E+01
4.396600E+01 1.119289E+00 1.203056E+01
4.406500E+01 1.120446E+00 1.202947E+01
4.416400E+01 1.121602E+00 1.202840E+01
4.426300E+01 1.122755E+00 1.202733E+01
4.436200E+01 1.123905E+00 1.202629E+01
4.446100E+01 1.125054E+00 1.202525E+01
4.456000E+01 1.126200E+00 1.202424E+01
4.465900E+01 1.127344E+00 1.202323E+01
4.475800E+01 1.128486E+00 1.202852E+01
4.485700E+01 1.129626E+00 1.202754E+01
4.495600E+01 1.130763E+00 1.202657E+01
4.505500E+01 1.131898E+00 1.202562E+01
4.515400E+01 1.133031E+00 1.202468E+01
4.525300E+01 1.134162E+00 1.202375E+01
4.535200E+01 1.135291E+00 1.202284E+01
4.545100E+01 1.136417E+00 1.202194E+01
4.555000E+01 1.137542E+00 1.202726E+01
4.564900E+01 1.138664E+00 1.202638E+01
4.574800E+01 1.139784E+00 1.202551E+01
4.584700E+01 1.140901E+00 1.202466E+01
4.594600E+01 1.142017E+00 1.202382E+01
4.604500E+01 1.143131E+00 1.202299E+01
4.614400E+01 1.144242E+00 1.202218E+01
4.624300E+01 1.145351E+00 1.202138E+01
4.634200E+01 1.146458E+00 1.202059E+01
4.644100E+01 1.147563E+00 1.201982E+01
4.654000E+01 1.148666E+00 1.202518E+01
4.663900E+01 1.149767E+00 1.202442E+01
4.673800E+01 1.150866E+00 1.202367E+01
4.683700E+01 1.151962E+00 1.202294E+01
4.693600E+01 1.153057E+00 1.202222E+01
4.703500E+01 1.154149E+00 1.202152E+01
4.713400E+01 1.155240E+00 1.202082E+01
4.723300E+01 1.156328E+00 1.202014E+01
4.733200E+01 1.157414E+00 1.201947E+01
4.743100E+01 1.158499E+00 1.201881E+01
4.753000E+01 1.159581E+00 1.201816E+01
4.762900E+01 1.160661E+00 1.201753E+01
4.772800E+01 1.161739E+00 1.202293E+01
4.782700E+01 1.162815E+00 1.202231E+01
4.792600E+01 1.163889E+00 1.202170E+01
4.802500E+01 1.164961E+00 1.202110E+01
4.812400E+01 1.166031E+00 1.202052E+01
4.822300E+01 1.167100E+00 1.201995E+01
4.832200E+01 1.168166E+00 1.201939E+01
4.842100E+01 1.169230E+00 1.201884E+01
4.852000E+01 1.170292E+00 1.201830E+01
4.861900E+01 1.171352E+00 1.201777E+01
4.871800E+01 1.172410E+00 1.201725E+01
4.881700E+01 1.173466E+00 1.201675E+01
4.891600E+01 1.174521E+00 1.201625E+01
4.901500E+01 1.175573E+00 1.201577E+01
4.911400E+01 1.176623E+00 1.201529E+01
4.921300E+01 1.177672E+00 1.201483E+01
4.931200E+01 1.178718E+00 1.201438E+01
4.941100E+01 1.179763E+00 1.201394E+01
4.951000E+01 1.180806E+00 1.201351E+01
4.960900E+01 1.181846E+00 1.201309E+01
4.970800E+01 1.182885E+00 1.201854E+01
4.980700E+01 1.183922E+00 1.201813E+01
4.990600E+01 1.184957E+00 1.201774E+01
5.000500E+01 1.185990E+00 1.201735E+01
5.010400E+01 1.187022E+00 1.201697E+01
5.020300E+01 1.188051E+00 1.201661E+01
5.030200E+01 1.189079E+00 1.201625E+01
5.040100E+01 1.190104E+00 1.201590E+01
5.050000E+01 1.191128E+00 1.201556E+01
5.059900E+01 1.192150E+00 1.201524E+01
5.069800E+01 1.193170E+00 1.201492E+01
5.079700E+01 1.194188E+00 1.201461E+01
5.089600E+01 1.195205E+00 1.201431E+01
5.099500E+01 1.196219E+00 1.201402E+01
5.109400E+01 1.197232E+00 1.201374E+01
5.119300E+01 1.198243E+00 1.201347E+01
5.129200E+01 1.199252E+00 1.201321E+01
5.139100E+01 1.200259E+00 1.201296E+01
5.149000E+01 1.201265E+00 1.201272E+01
5.158900E+01 1.202268E+00 1.201249E+01
5.168800E+01 1.203270E+00 1.201226E+01
5.178700E+01 1.204270E+00 1.201205E+01
5.188600E+01 1.205268E+00 1.201184E+01
5.198500E+01 1.206265E+00 1.201164E+01
5.208400E+01 1.207259E+00 1.201146E+01
5.218300E+01 1.208252E+00 1.201128E+01
5.228200E+01 1.209244E+00 1.201111E+01
5.238100E+01 1.210233E+00 1.201094E+01
5.248000E+01 1.211221E+00 1.201079E+01
5.257900E+01 1.212206E+00 1.201065E+01
5.267800E+01 1.213191E+00 1.201051E+01
5.277700E+01 1.214173E+00 1.201038E+01
5.287600E+01 1.215154E+00 1.201026E+01
5.297500E+01 1.216132E+00 1.201015E+01
5.307400E+01 1.217110E+00 1.201005E+01
5.317300E+01 1.218085E+00 1.200996E+01
5.327200E+01 1.219059E+00 1.200987E+01
5.337100E+01 1.220031E+00 1.200979E+01
5.347000E+01 1.221001E+00 1.200413E+01
5.356900E+01 1.221970E+00 1.200407E+01
5.366800E+01 1.222937E+00 1.200402E+01
5.376700E+01 1.223902E+00 1.200398E+01
5.386600E+01 1.224865E+00 1.200395E+01
5.396500E+01 1.225827E+00 1.200393E+01
5.406400E+01 1.226787E+00 1.200391E+01
5.416300E+01 1.227746E+00 1.200391E+01
5.426200E+01 1.228703E+00 1.200391E+01
5.436100E+01 1.229658E+00 1.200391E+01
5.446000E+01 1.230611E+00 1.200393E+01
5.455900E+01 1.231563E+00 1.200395E+01
5.465800E+01 1.232513E+00 1.200398E+01
5.475700E+01 1.233462E+00 1.200402E+01
5.485600E+01 1.234409E+00 1.200406E+01
5.495500E+01 1.235354E+00 1.200412E+01
5.505400E+01 1.236298E+00 1.200418E+01
5.515300E+01 1.237240E+00 1.200424E+01
5.525200E+01 1.238180E+00 1.200432E+01
5.535100E+01 1.239119E+00 1.200440E+01
5.545000E+01 1.240056E+00 1.200449E+01
5.554900E+01 1.240992E+00 1.199912E+01
5.564800E+01 1.241925E+00 1.199923E+01
5.574700E+01 1.242858E+00 1.199935E+01
5.584600E+01 1.243788E+00 1.199947E+01
5.594500E+01 1.244718E+00 1.199960E+01
5.604400E+01 1.245645E+00 1.199974E+01
5.614300E+01 1.246571E+00 1.199988E+01
5.624200E+01 1.247495E+00 1.200003E+01
5.634100E+01 1.248418E+00 1.200019E+01
5.644000E+01 1.249339E+00 1.200035E+01
5.653900E+01 1.250259E+00 1.200053E+01
5.663800E+01 1.251177E+00 1.200070E+01
5.673700E+01 1.252094E+00 1.200089E+01
5.683600E+01 1.253009E+00 1.199570E+01
5.693500E+01 1.253922E+00 1.199590E+01
5.703400E+01 1.254834E+00 1.199611E+01
5.713300E+01 1.255744E+00 1.199632E+01
5.723200E+01 1.256653E+00 1.199655E+01
5.733100E+01 1.257560E+00 1.199677E+01
5.743000E+01 1.258466E+00 1.199701E+01
5.752900E+01 1.259370E+00 1.199725E+01
5.762800E+01 1.260273E+00 1.199750E+01
5.772700E+01 1.261174E+00 1.199775E+01
5.782600E+01 1.262074E+00 1.199801E+01
5.792500E+01 1.262972E+00 1.199296E+01
5.802400E+01 1.263868E+00 1.199324E+01
5.812300E+01 1.264764E+00 1.199352E+01
5.822200E+01 1.265657E+00 1.199381E+01
5.832100E+01 1.266549E+00 1.199411E+01
5.842000E+01 1.267440E+00 1.199441E+01
5.851900E+01 1.268329E+00 1.199472E+01
5.861800E+01 1.269217E+00 1.199503E+01
5.871700E+01 1.270103E+00 1.199535E+01
5.881600E+01 1.270988E+00 1.199568E+01
5.891500E+01 1.271871E+00 1.199075E+01
5.901400E+01 1.272753E+00 1.199109E+01
5.911300E+01 1.273633E+00 1.199144E+01
5.921200E+01 1.274512E+00 1.199179E+01
5.931100E+01 1.275390E+00 1.199215E+01
5.941000E+01 1.276265E+00 1.199252E+01
5.950900E+01 1.277140E+00 1.199289E+01
5.960800E+01 1.278013E+00 1.199326E+01
5.970700E+01 1.278885E+00 1.198843E+01
5.980600E+01 1.279755E+00 1.198882E+01
5.990500E+01 1.280624E+00 1.198922E+01
6.000400E+01 1.281491E+00 1.198962E+01
6.010300E+01 1.282357E+00 1.199003E+01
6.020200E+01 1.283221E+00 1.199044E+01
6.030100E+01 1.284085E+00 1.199086E+01
6.040000E+01 1.284946E+00 1.198611E+01
6.049900E+01 1.285806E+00 1.198654E+01
6.059800E+01 1.286665E+00 1.198698E+01
6.069700E+01 1.287523E+00 1.198743E+01
6.079600E+01 1.288379E+00 1.198788E+01
6.089500E+01 1.289233E+00 1.198834E+01
6.099400E+01 1.290087E+00 1.198880E+01
6.109300E+01 1.290939E+00 1.198926E+01
6.119200E+01 1.291789E+00 1.198460E+01
6.129100E+01 1.292638E+00 1.198508E+01
6.139000E+01 1.293486E+00 1.198557E+01
6.148900E+01 1.294332E+00 1.198606E+01
6.158800E+01 1.295177E+00 1.198655E+01
6.168700E+01 1.296021E+00 1.198705E+01
6.178600E+01 1.296863E+00 1.198245E+01
6.188500E+01 1.297704E+00 1.198297E+01
6.198400E+01 1.298544E+00 1.198349E+01
6.208300E+01 1.299382E+00 1.198402E+01
6.218200E+01 1.300219E+00 1.198455E+01
6.228100E+01 1.301054E+00 1.198508E+01
6.238000E+01 1.301888E+00 1.198054E+01
6.247900E+01 1.302721E+00 1.198109E+01
6.257800E+01 1.303553E+00 1.198165E+01
6.267700E+01 1.304383E+00 1.198220E+01
6.277600E+01 1.305212E+00 1.198277E+01
6.287500E+01 1.306039E+00 1.198333E+01
6.297400E+01 1.306865E+00 1.197886E+01
6.307300E+01 1.307690E+00 1.197944E+01
6.317200E+01 1.308514E+00 1.198003E+01
6.327100E+01 1.309336E+00 1.198062E+01
6.337000E+01 1.310157E+00 1.198121E+01
6.346900E+01 1.310976E+00 1.198181E+01
6.356800E+01 1.311795E+00 1.197740E+01
6.366700E+01 1.312612E+00 1.197801E+01
6.376600E+01 1.313427E+00 1.197863E+01
6.386500E+01 1.314242E+00 1.197925E+01
6.396400E+01 1.315055E+00 1.197988E+01
6.406300E+01 1.315867E+00 1.198050E+01
6.416200E+01 1.316677E+00 1.197615E+01
6.426100E+01 1.317487E+00 1.197679E+01
6.436000E+01 1.318295E+00 1.197744E+01
6.445900E+01 1.319101E+00 1.197809E+01
6.455800E+01 1.319907E+00 1.197875E+01
6.465700E+01 1.320711E+00 1.197444E+01
6.475600E+01 1.321514E+00 1.197511E+01
6.485500E+01 1.322316E+00 1.197578E+01
6.495400E+01 1.323116E+00 1.197646E+01
6.505300E+01 1.323915E+00 1.197714E+01
6.515200E+01 1.324713E+00 1.197289E+01
6.525100E+01 1.325510E+00 1.197358E+01
6.535000E+01 1.326305E+00 1.197427E+01
6.544900E+01 1.327099E+00 1.197497E+01
6.554800E+01 1.327892E+00 1.197568E+01
6.564700E+01 1.328684E+00 1.197147E+01
6.574600E+01 1.329474E+00 1.197219E+01
6.584500E+01 1.330263E+00 1.197291E+01
6.594400E+01 1.331051E+00 1.197363E+01
6.604300E+01 1.331838E+00 1.197436E+01
6.614200E+01 1.332624E+00 1.197020E+01
6.624100E+01 1.333408E+00 1.197094E+01
6.634000E+01 1.334191E+00 1.197168E+01
6.643900E+01 1.334973E+00 1.197243E+01
6.653800E+01 1.335754E+00 1.196830E+01
6.663700E+01 1.336533E+00 1.196906E+01
6.673600E+01 1.337311E+00 1.196982E+01
6.683500E+01 1.338088E+00 1.197059E+01
6.693400E+01 1.338864E+00 1.197136E+01
6.703300E+01 1.339639E+00 1.196728E+01
6.713200E+01 1.340412E+00 1.196806E+01
6.723100E+01 1.341185E+00 1.196884E+01
6.733000E+01 1.341956E+00 1.196963E+01
6.742900E+01 1.342726E+00 1.196559E+01
6.752800E+01 1.343494E+00 1.196639E+01
6.762700E+01 1.344262E+00 1.196719E+01
6.772600E+01 1.345028E+00 1.196800E+01
6.782500E+01 1.345794E+00 1.196881E+01
6.792400E+01 1.346558E+00 1.196481E+01
6.802300E+01 1.347320E+00 1.196563E+01
6.812200E+01 1.348082E+00 1.196645E+01
6.822100E+01 1.348843E+00 1.196728E+01
6.832000E+01 1.349602E+00 1.196331E+01
6.841900E+01 1.350360E+00 1.196415E+01
6.851800E+01 1.351117E+00 1.196499E+01
6.861700E+01 1.351873E+00 1.196584E+01
6.871600E+01 1.352628E+00 1.196191E+01
6.881500E+01 1.353382E+00 1.196276E+01
6.891400E+01 1.354134E+00 1.196362E+01
6.901300E+01 1.354885E+00 1.196448E+01
6.911200E+01 1.355636E+00 1.196058E+01
6.921100E+01 1.356385E+00 1.196145E+01
6.931000E+01 1.357133E+00 1.196233E+01
6.940900E+01 1.357879E+00 1.196321E+01
6.950800E+01 1.358625E+00 1.195934E+01
6.960700E+01 1.359370E+00 1.196023E+01
6.970600E+01 1.360113E+00 1.196112E+01
6.980500E+01 1.360855E+00 1.196201E+01
6.990400E+01 1.361597E+00 1.195819E+01
7.000300E+01 1.362337E+00 1.195909E+01
7.010200E+01 1.363076E+00 1.195999E+01
7.020100E+01 1.363813E+00 1.196090E+01
7.030000E+01 1.364550E+00 1.195711E+01
7.039900E+01 1.365286E+00 1.195803E+01
7.049800E+01 1.366020E+00 1.195895E+01
7.059700E+01 1.366754E+00 1.195987E+01
7.069600E+01 1.367486E+00 1.195611E+01
7.079500E+01 1.368217E+00 1.195704E+01
7.089400E+01 1.368948E+00 1.195798E+01
7.099300E+01 1.369677E+00 1.195892E+01
7.109200E+01 1.370405E+00 1.195519E+01
7.119100E+01 1.371132E+00 1.195614E+01
7.129000E+01 1.371857E+00 1.195709E+01
7.138900E+01 1.372582E+00 1.195338E+01
7.148800E+01 1.373306E+00 1.195434E+01
7.158700E+01 1.374028E+00 1.195530E+01
7.168600E+01 1.374750E+00 1.195627E+01
7.178500E+01 1.375470E+00 1.195259E+01
7.188400E+01 1.376190E+00 1.195357E+01
7.198300E+01 1.376908E+00 1.195455E+01
7.208200E+01 1.377625E+00 1.195553E+01
7.218100E+01 1.378342E+00 1.195188E+01
7.228000E+01 1.379057E+00 1.195287E+01
7.237900E+01 1.379771E+00 1.195386E+01
7.247800E+01 1.380484E+00 1.195024E+01
7.257700E+01 1.381196E+00 1.195124E+01
7.267600E+01 1.381907E+00 1.195225E+01
7.277500E+01 1.382617E+00 1.195325E+01
7.287400E+01 1.383326E+00 1.194966E+01
7.297300E+01 1.384034E+00 1.195067E+01
7.307200E+01 1.384740E+00 1.195169E+01
7.317100E+01 1.385446E+00 1.194812E+01
7.327000E+01 1.386151E+00 1.194914E+01
7.336900E+01 1.386855E+00 1.195017E+01
7.346800E+01 1.387557E+00 1.194662E+01
7.356700E+01 1.388259E+00 1.194766E+01
7.366600E+01 1.388959E+00 1.194870E+01
7.376500E+01 1.389659E+00 1.194974E+01
7.386400E+01 1.390358E+00 1.194622E+01
7.396300E+01 1.391055E+00 1.194727E+01
7.406200E+01 1.391752E+00 1.194832E+01
7.416100E+01 1.392447E+00 1.194483E+01
7.426000E+01 1.393142E+00 1.194589E+01
7.435900E+01 1.393835E+00 1.194695E+01
7.445800E+01 1.394528E+00 1.194347E+01
7.455700E+01 1.395219E+00 1.194454E+01
7.465600E+01 1.395910E+00 1.194562E+01
7.475500E+01 1.396599E+00 1.194669E+01
7.485400E+01 1.397288E+00 1.194324E+01
7.495300E+01 1.397975E+00 1.194433E+01
7.505200E+01 1.398662E+00 1.194541E+01
7.515100E+01 1.399347E+00 1.194198E+01
7.525000E+01 1.400032E+00 1.194308E+01
7.534900E+01 1.400715E+00 1.194417E+01
7.544800E+01 1.401398E+00 1.194077E+01
7.554700E+01 1.402079E+00 1.194187E+01
7.564600E+01 1.402760E+00 1.194298E+01
7.574500E+01 1.403440E+00 1.193959E+01
7.584400E+01 1.404118E+00 1.194070E+01
7.594300E+01 1.404796E+00 1.194182E+01
7.604200E+01 1.405473E+00 1.193845E+01
7.614100E+01 1.406149E+00 1.193957E+01
7.624000E+01 1.406823E+00 1.194070E+01
7.633900E+01 1.407497E+00 1.193735E+01
7.643800E+01 1.408170E+00 1.193849E+01
7.653700E+01 1.408842E+00 1.193962E+01
7.663600E+01 1.409513E+00 1.193630E+01
7.673500E+01 1.410183E+00 1.193744E+01
7.683400E+01 1.410852E+00 1.193858E+01
7.693300E+01 1.411520E+00 1.193528E+01
7.703200E+01 1.412187E+00 1.193643E+01
7.713100E+01 1.412853E+00 1.193758E+01
7.723000E+01 1.413518E+00 1.193429E+01
7.732900E+01 1.414183E+00 1.193545E+01
7.742800E+01 1.414846E+00 1.193662E+01
7.752700E+01 1.415508E+00 1.193335E+01
7.762600E+01 1.416170E+00 1.193452E+01
7.772500E+01 1.416830E+00 1.193569E+01
7.782400E+01 1.417490E+00 1.193244E+01
7.792300E+01 1.418149E+00 1.193362E+01
7.802200E+01 1.418806E+00 1.193480E+01
7.812100E+01 1.419463E+00 1.193157E+01
7.822000E+01 1.420119E+00 1.193276E+01
7.831900E+01 1.420774E+00 1.193395E+01
7.841800E+01 1.421428E+00 1.193074E+01
7.851700E+01 1.422081E+00 1.193194E+01
7.861600E+01 1.422733E+00 1.193313E+01
7.871500E+01 1.423385E+00 1.192994E+01
7.881400E+01 1.424035E+00 1.193115E+01
7.891300E+01 1.424684E+00 1.193235E+01
7.901200E+01 1.425333E+00 1.192918E+01
7.911100E+01 1.425981E+00 1.193039E+01
7.921000E+01 1.426627E+00 1.193161E+01
7.930900E+01 1.427273E+00 1.192845E+01
7.940800E+01 1.427918E+00 1.192968E+01
7.950700E+01 1.428562E+00 1.193090E+01
7.960600E+01 1.429205E+00 1.192776E+01
7.970500E+01 1.429847E+00 1.192899E+01
7.980400E+01 1.430489E+00 1.192587E+01
7.990300E+01 1.431129E+00 1.192710E+01
8.000200E+01 1.431769E+00 1.192834E+01
8.010100E+01 1.432407E+00 1.192524E+01
8.020000E+01 1.433045E+00 1.192648E+01
8.029900E+01 1.433682E+00 1.192773E+01
8.039800E+01 1.434318E+00 1.192464E+01
8.049700E+01 1.434953E+00 1.192589E+01
8.059600E+01 1.435588E+00 1.192714E+01
8.069500E+01 1.436221E+00 1.192407E+01
8.079400E+01 1.436853E+00 1.192533E+01
8.089300E+01 1.437485E+00 1.192228E+01
8.099200E+01 1.438116E+00 1.192354E+01
8.109100E+01 1.438746E+00 1.192481E+01
8.119000E+01 1.439375E+00 1.192177E+01
8.128900E+01 1.440003E+00 1.192304E+01
8.138800E+01 1.440630E+00 1.192432E+01
8.148700E+01 1.441256E+00 1.192129E+01
8.158600E+01 1.441882E+00 1.192257E+01
8.168500E+01 1.442507E+00 1.191957E+01
8.178400E+01 1.443131E+00 1.192085E+01
8.188300E+01 1.443754E+00 1.192214E+01
8.198200E+01 1.444376E+00 1.191915E+01
8.208100E+01 1.444997E+00 1.192044E+01
8.218000E+01 1.445617E+00 1.191746E+01
8.227900E+01 1.446237E+00 1.191876E+01
8.237800E+01 1.446856E+00 1.192006E+01
8.247700E+01 1.447473E+00 1.191710E+01
8.257600E+01 1.448091E+00 1.191840E+01
8.267500E+01 1.448707E+00 1.191971E+01
8.277400E+01 1.449322E+00 1.191676E+01
8.287300E+01 1.449937E+00 1.191807E+01
8.297200E+01 1.450550E+00 1.191514E+01
8.307100E+01 1.451163E+00 1.191646E+01
8.317000E+01 1.451775E+00 1.191778E+01
8.326900E+01 1.452386E+00 1.191486E+01
8.336800E+01 1.452997E+00 1.191618E+01
8.346700E+01 1.453606E+00 1.191328E+01
8.356600E+01 1.454215E+00 1.191461E+01
8.366500E+01 1.454823E+00 1.191594E+01
8.376400E+01 1.455430E+00 1.191305E+01
8.386300E+01 1.456036E+00 1.191439E+01
8.396200E+01 1.456641E+00 1.191151E+01
8.406100E+01 1.457246E+00 1.191285E+01
8.416000E+01 1.457850E+00 1.191419E+01
8.425900E+01 1.458453E+00 1.191133E+01
8.435800E+01 1.459055E+00 1.191268E+01
8.445700E+01 1.459656E+00 1.190983E+01
8.455600E+01 1.460257E+00 1.191118E+01
8.465500E+01 1.460856E+00 1.191254E+01
8.475400E+01 1.461455E+00 1.190970E+01
8.485300E+01 1.462053E+00 1.191106E+01
8.495200E+01 1.462651E+00 1.190823E+01
8.505100E+01 1.463247E+00 1.190960E+01
8.515000E+01 1.463843E+00 1.191097E+01
8.524900E+01 1.464438E+00 1.190816E+01
8.534800E+01 1.465032E+00 1.190953E+01
8.544700E+01 1.465625E+00 1.190673E+01
8.554600E+01 1.466218E+00 1.190811E+01
8.564500E+01 1.466809E+00 1.190949E+01
8.574400E+01 1.467400E+00 1.190670E+01
8.584300E+01 1.467990E+00 1.190808E+01
8.594200E+01 1.468580E+00 1.190531E+01
8.604100E+01 1.469168E+00 1.190670E+01
8.614000E+01 1.469756E+00 1.190394E+01
8.623900E+01 1.470343E+00 1.190533E+01
8.633800E+01 1.470929E+00 1.190672E+01
8.643700E+01 1.471515E+00 1.190398E+01
8.653600E+01 1.472099E+00 1.190537E+01
8.663500E+01 1.472683E+00 1.190264E+01
8.673400E+01 1.473266E+00 1.190404E+01
8.683300E+01 1.473849E+00 1.190131E+01
8.693200E+01 1.474430E+00 1.190272E+01
8.703100E+01 1.475011E+00 1.190413E+01
8.713000E+01 1.475591E+00 1.190142E+01
8.722900E+01 1.476170E+00 1.190283E+01
8.732800E+01 1.476749E+00 1.190013E+01
8.742700E+01 1.477327E+00 1.190155E+01
8.752600E+01 1.477904E+00 1.189886E+01
8.762500E+01 1.478480E+00 1.190028E+01
8.772400E+01 1.479055E+00 1.190171E+01
8.782300E+01 1.479630E+00 1.189903E+01
8.792200E+01 1.480204E+00 1.190046E+01
8.802100E+01 1.480777E+00 1.189779E+01
8.812000E+01 1.481349E+00 1.189922E+01
8.821900E+01 1.481921E+00 1.189657E+01
8.831800E+01 1.482492E+00 1.189800E+01
8.841700E+01 1.483062E+00 1.189944E+01
8.851600E+01 1.483632E+00 1.189680E+01
8.861500E+01 1.484200E+00 1.189824E+01
8.871400E+01 1.484768E+00 1.189561E+01
8.881300E+01 1.485335E+00 1.189706E+01
8.891200E+01 1.485902E+00 1.189443E+01
8.901100E+01 1.486467E+00 1.189589E+01
8.911000E+01 1.487032E+00 1.189327E+01
8.920900E+01 1.487597E+00 1.189473E+01
8.930800E+01 1.488160E+00 1.189619E+01
8.940700E+01 1.488723E+00 1.189358E+01
8.950600E+01 1.489285E+00 1.189505E+01
8.960500E+01 1.489846E+00 1.189246E+01
8.970400E+01 1.490407E+00 1.189392E+01
8.980300E+01 1.490967E+00 1.189134E+01
8.990200E+01 1.491526E+00 1.189281E+01
9.000100E+01 1.492084E+00 1.189024E+01
9.010000E+01 1.492642E+00 1.189171E+01
9.019900E+01 1.493199E+00 1.189319E+01
9.029800E+01 1.493755E+00 1.189063E+01
9.039700E+01 1.494310E+00 1.189211E+01
9.049600E+01 1.494865E+00 1.188956E+01
9.059500E+01 1.495419E+00 1.189104E+01
9.069400E+01 1.495972E+00 1.188850E+01
9.079300E+01 1.496525E+00 1.188999E+01
9.089200E+01 1.497077E+00 1.188746E+01
9.099100E+01 1.497628E+00 1.188895E+01
9.109000E+01 1.498178E+00 1.188643E+01
9.118900E+01 1.498728E+00 1.188793E+01
9.128800E+01 1.499277E+00 1.188541E+01
9.138700E+01 1.499826E+00 1.188691E+01
9.148600E+01 1.500373E+00 1.188841E+01
9.158500E+01 1.500920E+00 1.188591E+01
9.168400E+01 1.501466E+00 1.188742E+01
9.178300E+01 1.502012E+00 1.188493E+01
9.188200E+01 1.502557E+00 1.188644E+01
9.198100E+01 1.503101E+00 1.188396E+01
9.208000E+01 1.503644E+00 1.188547E+01
9.217900E+01 1.504187E+00 1.188299E+01
9.227800E+01 1.504729E+00 1.188451E+01
9.237700E+01 1.505270E+00 1.188205E+01
9.247600E+01 1.505811E+00 1.188357E+01
9.257500E+01 1.506351E+00 1.188111E+01
9.267400E+01 1.506890E+00 1.188264E+01
9.277300E+01 1.507429E+00 1.188019E+01
9.287200E+01 1.507967E+00 1.188172E+01
9.297100E+01 1.508504E+00 1.188324E+01
9.307000E+01 1.509041E+00 1.188081E+01
9.316900E+01 1.509576E+00 1.188234E+01
9.326800E+01 1.510112E+00 1.187992E+01
9.336700E+01 1.510646E+00 1.188145E+01
9.346600E+01 1.511180E+00 1.187904E+01
9.356500E+01 1.511713E+00 1.188057E+01
9.366400E+01 1.512245E+00 1.187817E+01
9.376300E+01 1.512777E+00 1.187971E+01
9.386200E+01 1.513308E+00 1.187731E+01
9.396100E+01 1.513839E+00 1.187886E+01
9.406000E+01 1.514369E+00 1.187647E+01
9.415900E+01 1.514898E+00 1.187802E+01
9.425800E+01 1.515426E+00 1.187563E+01
9.435700E+01 1.515954E+00 1.187719E+01
9.445600E+01 1.516481E+00 1.187481E+01
9.455500E+01 1.517007E+00 1.187637E+01
9.465400E+01 1.517533E+00 1.187401E+01
9.475300E+01 1.518058E+00 1.187556E+01
9.485200E+01 1.518582E+00 1.187321E+01
9.495100E+01 1.519106E+00 1.187477E+01
9.505000E+01 1.519629E+00 1.187242E+01
9.514900E+01 1.520152E+00 1.187399E+01
9.524800E+01 1.520674E+00 1.187165E+01
9.534700E+01 1.521195E+00 1.187322E+01
9.544600E+01 1.521715E+00 1.187089E+01
9.554500E+01 1.522235E+00 1.187246E+01
9.564400E+01 1.522754E+00 1.187014E+01
9.574300E+01 1.523273E+00 1.187171E+01
9.584200E+01 1.523791E+00 1.186940E+01
9.594100E+01 1.524308E+00 1.187098E+01
9.604000E+01 1.524824E+00 1.186867E+01
9.613900E+01 1.525340E+00 1.187025E+01
9.623800E+01 1.525856E+00 1.186796E+01
9.633700E+01 1.526370E+00 1.186954E+01
9.643600E+01 1.526884E+00 1.186725E+01
9.653500E+01 1.527398E+00 1.186884E+01
9.663400E+01 1.527910E+00 1.186656E+01
9.673300E+01 1.528422E+00 1.186815E+01
9.683200E+01 1.528934E+00 1.186588E+01
9.693100E+01 1.529445E+00 1.186747E+01
9.703000E+01 1.529955E+00 1.186520E+01
9.712900E+01 1.530464E+00 1.186680E+01
9.722800E+01 1.530973E+00 1.186454E+01
9.732700E+01 1.531482E+00 1.186614E+01
9.742600E+01 1.531989E+00 1.186389E+01
9.752500E+01 1.532496E+00 1.186550E+01
9.762400E+01 1.533003E+00 1.186326E+01
9.772300E+01 1.533508E+00 1.186486E+01
9.782200E+01 1.534013E+00 1.186263E+01
9.792100E+01 1.534518E+00 1.186424E+01
9.802000E+01 1.535022E+00 1.186201E+01
9.811900E+01 1.535525E+00 1.186362E+01
9.821800E+01 1.536028E+00 1.186140E+01
9.831700E+01 1.536530E+00 1.186302E+01
9.841600E+01 1.537031E+00 1.186081E+01
9.851500E+01 1.537532E+00 1.186243E+01
9.861400E+01 1.538032E+00 1.186022E+01
9.871300E+01 1.538532E+00 1.186184E+01
9.881200E+01 1.539031E+00 1.185965E+01
9.891100E+01 1.539529E+00 1.186127E+01
9.901000E+01 1.540027E+00 1.185908E+01
9.910900E+01 1.540524E+00 1.186071E+01
9.920800E+01 1.541020E+00 1.185853E+01
9.930700E+01 1.541516E+00 1.186016E+01
9.940600E+01 1.542011E+00 1.185798E+01
9.950500E+01 1.542506E+00 1.185581E+01
9.960400E+01 1.543000E+00 1.185745E+01
9.970300E+01 1.543493E+00 1.185528E+01
9.980200E+01 1.543986E+00 1.185692E+01
9.990100E+01 1.544478E+00 1.185477E+01
1.000000E+02 1.544970E+00 1.185641E+01
1.009000E+02 1.549412E+00 1.185180E+01
1.018000E+02 1.553805E+00 1.184741E+01
1.027000E+02 1.558150E+00 1.184698E+01
1.036000E+02 1.562448E+00 1.184301E+01
1.045000E+02 1.566699E+00 1.183925E+01
1.054000E+02 1.570904E+00 1.183570E+01
1.063000E+02 1.575065E+00 1.183234E+01
1.072000E+02 1.579180E+00 1.182918E+01
1.081000E+02 1.583252E+00 1.182620E+01
1.090000E+02 1.587282E+00 1.182341E+01
1.099000E+02 1.591268E+00 1.182081E+01
1.108000E+02 1.595213E+00 1.181481E+01
1.117000E+02 1.599117E+00 1.181256E+01
1.126000E+02 1.602980E+00 1.181048E+01
1.135000E+02 1.606803E+00 1.180505E+01
1.144000E+02 1.610587E+00 1.180331E+01
1.153000E+02 1.614332E+00 1.179824E+01
1.162000E+02 1.618039E+00 1.179683E+01
1.171000E+02 1.621709E+00 1.179211E+01
1.180000E+02 1.625341E+00 1.178756E+01
1.189000E+02 1.628937E+00 1.178661E+01
1.198000E+02 1.632496E+00 1.178239E+01
1.207000E+02 1.636020E+00 1.177833E+01
1.216000E+02 1.639510E+00 1.177443E+01
1.225000E+02 1.642964E+00 1.177070E+01
1.234000E+02 1.646385E+00 1.176711E+01
1.243000E+02 1.649772E+00 1.176368E+01
1.252000E+02 1.653126E+00 1.176039E+01
1.261000E+02 1.656447E+00 1.175725E+01
1.270000E+02 1.659736E+00 1.175425E+01
1.279000E+02 1.662994E+00 1.175139E+01
1.288000E+02 1.666220E+00 1.174866E+01
1.297000E+02 1.669415E+00 1.174607E+01
1.306000E+02 1.672579E+00 1.174037E+01
1.315000E+02 1.675714E+00 1.173805E+01
1.324000E+02 1.678819E+00 1.173585E+01
1.333000E+02 1.681894E+00 1.173058E+01
1.342000E+02 1.684941E+00 1.172864E+01
1.351000E+02 1.687959E+00 1.172364E+01
1.360000E+02 1.690949E+00 1.172194E+01
1.369000E+02 1.693911E+00 1.171721E+01
1.378000E+02 1.696846E+00 1.171574E+01
1.387000E+02 1.699753E+00 1.171127E+01
1.396000E+02 1.702634E+00 1.170692E+01
1.405000E+02 1.705489E+00 1.170580E+01
1.414000E+02 1.708317E+00 1.170169E+01
1.423000E+02 1.711120E+00 1.169771E+01
1.432000E+02 1.713897E+00 1.169384E+01
1.441000E+02 1.716649E+00 1.169010E+01
1.450000E+02 1.719377E+00 1.168647E+01
1.459000E+02 1.722080E+00 1.168599E+01
1.468000E+02 1.724759E+00 1.168258E+01
1.477000E+02 1.727414E+00 1.167928E+01
1.486000E+02 1.730045E+00 1.167608E+01
1.495000E+02 1.732653E+00 1.167000E+01
1.504000E+02 1.735238E+00 1.166703E+01
1.513000E+02 1.737800E+00 1.166416E+01
1.522000E+02 1.740340E+00 1.166140E+01
1.531000E+02 1.742858E+00 1.165873E+01
1.540000E+02 1.745353E+00 1.165616E+01
1.549000E+02 1.747827E+00 1.165076E+01
1.558000E+02 1.750280E+00 1.164839E+01
1.567000E+02 1.752712E+00 1.164611E+01
1.576000E+02 1.755122E+00 1.164102E+01
1.585000E+02 1.757512E+00 1.163894E+01
1.594000E+02 1.759881E+00 1.163406E+01
1.603000E+02 1.762231E+00 1.163216E+01
1.612000E+02 1.764560E+00 1.162748E+01
1.621000E+02 1.766869E+00 1.162576E+01
1.630000E+02 1.769159E+00 1.162127E+01
1.639000E+02 1.771430E+00 1.161972E+01
1.648000E+02 1.773682E+00 1.161542E+01
1.657000E+02 1.775915E+00 1.161122E+01
1.666000E+02 1.778129E+00 1.160993E+01
1.675000E+02 1.780325E+00 1.160591E+01
1.684000E+02 1.782502E+00 1.160198E+01
1.693000E+02 1.784662E+00 1.159814E+01
1.702000E+02 1.786803E+00 1.159717E+01
1.711000E+02 1.788927E+00 1.159350E+01
1.720000E+02 1.791034E+00 1.158992E+01
1.729000E+02 1.793123E+00 1.158642E+01
1.738000E+02 1.795196E+00 1.158301E+01
1.747000E+02 1.797251E+00 1.157968E+01
1.756000E+02 1.799290E+00 1.157643E+01
1.765000E+02 1.801312E+00 1.157326E+01
1.774000E+02 1.803318E+00 1.157017E+01
1.783000E+02 1.805308E+00 1.156717E+01
1.792000E+02 1.807282E+00 1.156423E+01
1.801000E+02 1.809240E+00 1.156138E+01
1.810000E+02 1.811182E+00 1.155860E+01
1.819000E+02 1.813109E+00 1.155589E+01
1.828000E+02 1.815021E+00 1.155059E+01
1.837000E+02 1.816917E+00 1.154804E+01
1.846000E+02 1.818799E+00 1.154556E+01
1.855000E+02 1.820665E+00 1.154315E+01
1.864000E+02 1.822517E+00 1.153816E+01
1.873000E+02 1.824354E+00 1.153590E+01
1.882000E+02 1.826177E+00 1.153370E+01
1.891000E+02 1.827986E+00 1.152894E+01
1.900000E+02 1.829781E+00 1.152688E+01
1.909000E+02 1.831561E+00 1.152228E+01
1.918000E+02 1.833328E+00 1.152036E+01
1.927000E+02 1.835081E+00 1.151590E+01
1.936000E+02 1.836821E+00 1.151411E+01
1.945000E+02 1.838547E+00 1.150980E+01
1.954000E+02 1.840261E+00 1.150813E+01
1.963000E+02 1.841960E+00 1.150396E+01
1.972000E+02 1.843647E+00 1.150242E+01
1.981000E+02 1.845321E+00 1.149838E+01
1.990000E+02 1.846983E+00 1.149442E+01
1.999000E+02 1.848631E+00 1.149306E+01
2.008000E+02 1.850268E+00 1.148923E+01
2.017000E+02 1.851892E+00 1.148546E+01
2.026000E+02 1.853503E+00 1.148428E+01
2.035000E+02 1.855103E+00 1.148064E+01
2.044000E+02 1.856690E+00 1.147707E+01
2.053000E+02 1.858266E+00 1.147356E+01
2.062000E+02 1.859830E+00 1.147011E+01
2.071000E+02 1.861382E+00 1.146673E+01
2.080000E+02 1.862922E+00 1.146589E+01
2.089000E+02 1.864452E+00 1.146263E+01
2.098000E+02 1.865969E+00 1.145942E+01
2.107000E+02 1.867476E+00 1.145628E+01
2.116000E+02 1.868972E+00 1.145319E+01
2.125000E+02 1.870456E+00 1.145016E+01
2.134000E+02 1.871930E+00 1.144719E+01
2.143000E+02 1.873392E+00 1.144428E+01
2.152000E+02 1.874844E+00 1.144143E+01
2.161000E+02 1.876286E+00 1.143863E+01
2.170000E+02 1.877717E+00 1.143588E+01
2.179000E+02 1.879137E+00 1.143077E+01
2.188000E+02 1.880548E+00 1.142814E+01
2.197000E+02 1.881948E+00 1.142556E+01
2.206000E+02 1.883338E+00 1.142304E+01
2.215000E+02 1.884718E+00 1.142057E+01
2.224000E+02 1.886088E+00 1.141815E+01
2.233000E+02 1.887448E+00 1.141339E+01
2.242000E+02 1.888798E+00 1.141107E+01
2.251000E+02 1.890139E+00 1.140881E+01
2.260000E+02 1.891470E+00 1.140660E+01
2.269000E+02 1.892792E+00 1.140206E+01
2.278000E+02 1.894104E+00 1.139995E+01
2.287000E+02 1.895407E+00 1.139789E+01
2.296000E+02 1.896700E+00 1.139351E+01
2.305000E+02 1.897985E+00 1.139155E+01
2.314000E+02 1.899260E+00 1.138729E+01
2.323000E+02 1.900527E+00 1.138542E+01
2.332000E+02 1.901784E+00 1.138126E+01
2.341000E+02 1.903033E+00 1.137949E+01
2.350000E+02 1.904273E+00 1.137543E+01
2.359000E+02 1.905504E+00 1.137375E+01
2.368000E+02 1.906727E+00 1.136980E+01
2.377000E+02 1.907941E+00 1.136821E+01
2.386000E+02 1.909146E+00 1.136436E+01
2.395000E+02 1.910344E+00 1.136286E+01
2.404000E+02 1.911533E+00 1.135910E+01
2.413000E+02 1.912713E+00 1.135769E+01
2.422000E+02 1.913886E+00 1.135403E+01
2.431000E+02 1.915050E+00 1.135041E+01
2.440000E+02 1.916207E+00 1.134913E+01
2.449000E+02 1.917355E+00 1.134561E+01
2.458000E+02 1.918496E+00 1.134214E+01
2.467000E+02 1.919629E+00 1.133871E+01
2.476000E+02 1.920754E+00 1.133760E+01
2.485000E+02 1.921871E+00 1.133427E+01
2.494000E+02 1.922981E+00 1.133098E+01
2.503000E+02 1.924083E+00 1.132773E+01
2.512000E+02 1.925178E+00 1.132678E+01
2.521000E+02 1.926265E+00 1.132362E+01
2.530000E+02 1.927345E+00 1.132051E+01
2.539000E+02 1.928417E+00 1.131744E+01
2.548000E+02 1.929483E+00 1.131441E+01
2.557000E+02 1.930541E+00 1.131143E+01
2.566000E+02 1.931592E+00 1.130849E+01
2.575000E+02 1.932636E+00 1.130559E+01
2.584000E+02 1.933673E+00 1.130273E+01
2.593000E+02 1.934703E+00 1.129992E+01
2.602000E+02 1.935726E+00 1.129715E+01
2.611000E+02 1.936742E+00 1.129441E+01
2.620000E+02 1.937751E+00 1.129172E+01
2.629000E+02 1.938754E+00 1.128907E+01
2.638000E+02 1.939750E+00 1.128645E+01
2.647000E+02 1.940740E+00 1.128388E+01
2.656000E+02 1.941722E+00 1.128135E+01
2.665000E+02 1.942699E+00 1.127885E+01
2.674000E+02 1.943669E+00 1.127639E+01
2.683000E+02 1.944632E+00 1.127397E+01
2.692000E+02 1.945589E+00 1.127159E+01
2.701000E+02 1.946540E+00 1.126924E+01
2.710000E+02 1.947485E+00 1.126477E+01
2.719000E+02 1.948423E+00 1.126251E+01
2.728000E+02 1.949355E+00 1.126027E+01
2.737000E+02 1.950282E+00 1.125808E+01
2.746000E+02 1.951202E+00 1.125592E+01
2.755000E+02 1.952116E+00 1.125165E+01
2.764000E+02 1.953024E+00 1.124956E+01
2.773000E+02 1.953926E+00 1.124751E+01
2.782000E+02 1.954822E+00 1.124336E+01
2.791000E+02 1.955713E+00 1.124138E+01
2.800000E+02 1.956598E+00 1.123943E+01
2.809000E+02 1.957477E+00 1.123752E+01
2.818000E+02 1.958350E+00 1.123352E+01
2.827000E+02 1.959218E+00 1.123168E+01
2.836000E+02 1.960080E+00 1.122776E+01
2.845000E+02 1.960936E+00 1.122598E+01
2.854000E+02 1.961787E+00 1.122424E+01
2.863000E+02 1.962633E+00 1.122043E+01
2.872000E+02 1.963473E+00 1.121875E+01
2.881000E+02 1.964308E+00 1.121501E+01
2.890000E+02 1.965137E+00 1.121340E+01
2.899000E+02 1.965961E+00 1.120973E+01
2.908000E+02 1.966780E+00 1.120818E+01
2.917000E+02 1.967593E+00 1.120458E+01
2.926000E+02 1.968402E+00 1.120310E+01
2.935000E+02 1.969205E+00 1.119957E+01
2.944000E+02 1.970003E+00 1.119815E+01
2.953000E+02 1.970797E+00 1.119469E+01
2.962000E+02 1.971585E+00 1.119333E+01
2.971000E+02 1.972368E+00 1.118994E+01
2.980000E+02 1.973146E+00 1.118658E+01
2.989000E+02 1.973919E+00 1.118531E+01
2.998000E+02 1.974687E+00 1.118202E+01
3.007000E+02 1.975451E+00 1.118081E+01
3.016000E+02 1.976210E+00 1.117758E+01
3.025000E+02 1.976964E+00 1.117439E+01
3.034000E+02 1.977713E+00 1.117122E+01
3.043000E+02 1.978457E+00 1.117013E+01
3.052000E+02 1.979197E+00 1.116703E+01
3.061000E+02 1.979933E+00 1.116397E+01
3.070000E+02 1.980663E+00 1.116296E+01
3.079000E+02 1.981389E+00 1.115995E+01
3.088000E+02 1.982111E+00 1.115698E+01
3.097000E+02 1.982828E+00 1.115404E+01
3.106000E+02 1.983540E+00 1.115314E+01
3.115000E+02 1.984249E+00 1.115026E+01
3.124000E+02 1.984952E+00 1.114740E+01
3.133000E+02 1.985652E+00 1.114458E+01
3.142000E+02 1.986347E+00 1.114179E+01
3.151000E+02 1.987038E+00 1.113903E+01
3.160000E+02 1.987724E+00 1.113830E+01
3.169000E+02 1.988406E+00 1.113559E+01
3.178000E+02 1.989085E+00 1.113291E+01
3.187000E+02 1.989758E+00 1.113027E+01
3.196000E+02 1.990428E+00 1.112765E+01
3.205000E+02 1.991094E+00 1.112506E+01
3.214000E+02 1.991755E+00 1.112250E+01
3.223000E+02 1.992413E+00 1.111997E+01
3.232000E+02 1.993066E+00 1.111746E+01
3.241000E+02 1.993716E+00 1.111498E+01
3.250000E+02 1.994361E+00 1.111254E+01
3.259000E+02 1.995003E+00 1.111011E+01
3.268000E+02 1.995640E+00 1.110772E+01
3.277000E+02 1.996274E+00 1.110535E+01
3.286000E+02 1.996904E+00 1.110301E+01
3.295000E+02 1.997530E+00 1.110070E+01
3.304000E+02 1.998152E+00 1.109841E+01
3.313000E+02 1.998771E+00 1.109615E+01
3.322000E+02 1.999385E+00 1.109392E+01
3.331000E+02 1.999996E+00 1.109171E+01
3.340000E+02 2.000604E+00 1.108953E+01
3.349000E+02 2.001207E+00 1.108737E+01
3.358000E+02 2.001807E+00 1.108524E+01
3.367000E+02 2.002404E+00 1.108119E+01
3.376000E+02 2.002996E+00 1.107911E+01
3.385000E+02 2.003585E+00 1.107706E+01
3.394000E+02 2.004171E+00 1.107503E+01
3.403000E+02 2.004753E+00 1.107303E+01
3.412000E+02 2.005332E+00 1.107105E+01
3.421000E+02 2.005907E+00 1.106717E+01
3.430000E+02 2.006478E+00 1.106524E+01
3.439000E+02 2.007047E+00 1.106333E+01
3.448000E+02 2.007611E+00 1.106145E+01
3.457000E+02 2.008173E+00 1.105959E+01
3.466000E+02 2.008731E+00 1.105584E+01
3.475000E+02 2.009286E+00 1.105403E+01
3.484000E+02 2.009837E+00 1.105225E+01
3.493000E+02 2.010385E+00 1.104858E+01
3.502000E+02 2.010930E+00 1.104684E+01
3.511000E+02 2.011472E+00 1.104513E+01
3.520000E+02 2.012010E+00 1.104343E+01
3.529000E+02 2.012545E+00 1.103987E+01
3.538000E+02 2.013077E+00 1.103822E+01
3.547000E+02 2.013606E+00 1.103470E+01
3.556000E+02 2.014132E+00 1.103310E+01
3.565000E+02 2.014655E+00 1.103152E+01
3.574000E+02 2.015174E+00 1.102808E+01
3.583000E+02 2.015690E+00 1.102655E+01
3.592000E+02 2.016204E+00 1.102504E+01
3.601000E+02 2.016714E+00 1.102167E+01
3.610000E+02 2.017222E+00 1.102020E+01
3.619000E+02 2.017726E+00 1.101688E+01
3.628000E+02 2.018227E+00 1.101545E+01
3.637000E+02 2.018726E+00 1.101218E+01
3.646000E+02 2.019221E+00 1.101080E+01
3.655000E+02 2.019714E+00 1.100758E+01
3.664000E+02 2.020203E+00 1.100624E+01
3.673000E+02 2.020690E+00 1.100492E+01
3.682000E+02 2.021174E+00 1.100176E+01
3.691000E+02 2.021655E+00 1.100048E+01
3.700000E+02 2.022133E+00 1.099737E+01
3.709000E+02 2.022609E+00 1.099429E+01
3.718000E+02 2.023082E+00 1.099307E+01
3.727000E+02 2.023551E+00 1.099003E+01
3.736000E+02 2.024019E+00 1.098886E+01
3.745000E+02 2.024483E+00 1.098586E+01
3.754000E+02 2.024945E+00 1.098473E+01
3.763000E+02 2.025404E+00 1.098177E+01
3.772000E+02 2.025860E+00 1.097884E+01
3.781000E+02 2.026314E+00 1.097777E+01
3.790000E+02 2.026765E+00 1.097488E+01
3.799000E+02 2.027213E+00 1.097384E+01
3.808000E+02 2.027659E+00 1.097100E+01
3.817000E+02 2.028102E+00 1.096818E+01
3.826000E+02 2.028543E+00 1.096720E+01
3.835000E+02 2.028981E+00 1.096442E+01
3.844000E+02 2.029417E+00 1.096166E+01
3.853000E+02 2.029850E+00 1.096074E+01
3.862000E+02 2.030280E+00 1.095802E+01
3.871000E+02 2.030708E+00 1.095532E+01
3.880000E+02 2.031134E+00 1.095446E+01
3.889000E+02 2.031557E+00 1.095180E+01
3.898000E+02 2.031978E+00 1.094916E+01
3.907000E+02 2.032396E+00 1.094655E+01
3.916000E+02 2.032812E+00 1.094576E+01
3.925000E+02 2.033225E+00 1.094318E+01
3.934000E+02 2.033636E+00 1.094063E+01
3.943000E+02 2.034045E+00 1.093809E+01
3.952000E+02 2.034451E+00 1.093737E+01
3.961000E+02 2.034855E+00 1.093488E+01
3.970000E+02 2.035256E+00 1.093240E+01
3.979000E+02 2.035656E+00 1.092994E+01
3.988000E+02 2.036053E+00 1.092750E+01
3.997000E+02 2.036448E+00 1.092509E+01
4.006000E+02 2.036840E+00 1.092447E+01
4.015000E+02 2.037230E+00 1.092209E+01
4.024000E+02 2.037618E+00 1.091973E+01
4.033000E+02 2.038004E+00 1.091739E+01
4.042000E+02 2.038387E+00 1.091507E+01
4.051000E+02 2.038769E+00 1.091276E+01
4.060000E+02 2.039148E+00 1.091048E+01
4.069000E+02 2.039525E+00 1.090998E+01
4.078000E+02 2.039900E+00 1.090773E+01
4.087000E+02 2.040272E+00 1.090550E+01
4.096000E+02 2.040643E+00 1.090329E+01
4.105000E+02 2.041011E+00 1.090109E+01
4.114000E+02 2.041378E+00 1.089892E+01
4.123000E+02 2.041742E+00 1.089676E+01
4.132000E+02 2.042104E+00 1.089462E+01
4.141000E+02 2.042464E+00 1.089250E+01
4.150000E+02 2.042822E+00 1.089039E+01
4.159000E+02 2.043178E+00 1.088831E+01
4.168000E+02 2.043532E+00 1.088624E+01
4.177000E+02 2.043884E+00 1.088419E+01
4.186000E+02 2.044234E+00 1.088215E+01
4.195000E+02 2.044582E+00 1.088014E+01
4.204000E+02 2.044928E+00 1.087814E+01
4.213000E+02 2.045272E+00 1.087615E+01
4.222000E+02 2.045614E+00 1.087419E+01
4.231000E+02 2.045954E+00 1.087224E+01
4.240000E+02 2.046292E+00 1.087031E+01
4.249000E+02 2.046628E+00 1.086839E+01
4.258000E+02 2.046962E+00 1.086650E+01
4.267000E+02 2.047295E+00 1.086461E+01
4.276000E+02 2.047625E+00 1.086275E+01
4.285000E+02 2.047954E+00 1.086090E+01
4.294000E+02 2.048281E+00 1.085734E+01
4.303000E+02 2.048606E+00 1.085553E+01
4.312000E+02 2.048929E+00 1.085373E+01
4.321000E+02 2.049250E+00 1.085195E+01
4.330000E+02 2.049569E+00 1.085018E+01
4.339000E+02 2.049887E+00 1.084843E+01
4.348000E+02 2.050203E+00 1.084669E+01
4.357000E+02 2.050517E+00 1.084497E+01
4.366000E+02 2.050829E+00 1.084156E+01
4.375000E+02 2.051140E+00 1.083987E+01
4.384000E+02 2.051448E+00 1.083820E+01
4.393000E+02 2.051755E+00 1.083654E+01
4.402000E+02 2.052061E+00 1.083490E+01
4.411000E+02 2.052364E+00 1.083157E+01
4.420000E+02 2.052666E+00 1.082996E+01
4.429000E+02 2.052966E+00 1.082837E+01
4.438000E+02 2.053264E+00 1.082679E+01
4.447000E+02 2.053561E+00 1.082523E+01
4.456000E+02 2.053856E+00 1.082198E+01
4.465000E+02 2.054149E+00 1.082045E+01
4.474000E+02 2.054441E+00 1.081893E+01
4.483000E+02 2.054731E+00 1.081743E+01
4.492000E+02 2.055020E+00 1.081425E+01
4.501000E+02 2.055306E+00 1.081277E+01
4.510000E+02 2.055591E+00 1.081131E+01
4.519000E+02 2.055875E+00 1.080818E+01
4.528000E+02 2.056157E+00 1.080675E+01
4.537000E+02 2.056437E+00 1.080534E+01
4.546000E+02 2.056716E+00 1.080394E+01
4.555000E+02 2.056993E+00 1.080087E+01
4.564000E+02 2.057269E+00 1.079950E+01
4.573000E+02 2.057543E+00 1.079814E+01
4.582000E+02 2.057815E+00 1.079512E+01
4.591000E+02 2.058086E+00 1.079379E+01
4.600000E+02 2.058356E+00 1.079248E+01
4.609000E+02 2.058624E+00 1.078951E+01
4.618000E+02 2.058890E+00 1.078822E+01
4.627000E+02 2.059155E+00 1.078528E+01
4.636000E+02 2.059419E+00 1.078402E+01
4.645000E+02 2.059681E+00 1.078277E+01
4.654000E+02 2.059941E+00 1.077988E+01
4.663000E+02 2.060200E+00 1.077866E+01
4.672000E+02 2.060458E+00 1.077579E+01
4.681000E+02 2.060714E+00 1.077460E+01
4.690000E+02 2.060968E+00 1.077342E+01
4.699000E+02 2.061222E+00 1.077060E+01
4.708000E+02 2.061473E+00 1.076945E+01
4.717000E+02 2.061724E+00 1.076666E+01
4.726000E+02 2.061973E+00 1.076553E+01
4.735000E+02 2.062221E+00 1.076277E+01
4.744000E+02 2.062467E+00 1.076167E+01
4.753000E+02 2.062712E+00 1.076059E+01
4.762000E+02 2.062955E+00 1.075787E+01
4.771000E+02 2.063197E+00 1.075681E+01
4.780000E+02 2.063438E+00 1.075411E+01
4.789000E+02 2.063678E+00 1.075308E+01
4.798000E+02 2.063916E+00 1.075041E+01
4.807000E+02 2.064153E+00 1.074941E+01
4.816000E+02 2.064388E+00 1.074677E+01
4.825000E+02 2.064622E+00 1.074579E+01
4.834000E+02 2.064855E+00 1.074318E+01
4.843000E+02 2.065086E+00 1.074058E+01
4.852000E+02 2.065317E+00 1.073964E+01
4.861000E+02 2.065546E+00 1.073707E+01
4.870000E+02 2.065773E+00 1.073615E+01
4.879000E+02 2.066000E+00 1.073361E+01
4.888000E+02 2.066225E+00 1.073272E+01
4.897000E+02 2.066449E+00 1.073021E+01
4.906000E+02 2.066671E+00 1.072933E+01
4.915000E+02 2.066893E+00 1.072685E+01
4.924000E+02 2.067113E+00 1.072438E+01
4.933000E+02 2.067332E+00 1.072354E+01
4.942000E+02 2.067549E+00 1.072110E+01
4.951000E+02 2.067766E+00 1.072028E+01
4.960000E+02 2.067981E+00 1.071787E+01
4.969000E+02 2.068195E+00 1.071546E+01
4.978000E+02 2.068408E+00 1.071468E+01
4.987000E+02 2.068620E+00 1.071230E+01
4.996000E+02 2.068830E+00 1.070994E+01
5.005000E+02 2.069039E+00 1.070920E+01
5.014000E+02 2.069247E+00 1.070686E+01
5.023000E+02 2.069454E+00 1.070453E+01
5.032000E+02 2.069660E+00 1.070382E+01
5.041000E+02 2.069865E+00 1.070152E+01
5.050000E+02 2.070068E+00 1.069923E+01
5.059000E+02 2.070270E+00 1.069856E+01
5.068000E+02 2.070472E+00 1.069630E+01
5.077000E+02 2.070672E+00 1.069404E+01
5.086000E+02 2.070871E+00 1.069341E+01
5.095000E+02 2.071068E+00 1.069118E+01
5.104000E+02 2.071265E+00 1.068896E+01
5.113000E+02 2.071460E+00 1.068836E+01
5.122000E+02 2.071655E+00 1.068617E+01
5.131000E+02 2.071848E+00 1.068399E+01
5.140000E+02 2.072040E+00 1.068183E+01
5.149000E+02 2.072232E+00 1.068127E+01
5.158000E+02 2.072422E+00 1.067913E+01
5.167000E+02 2.072611E+00 1.067700E+01
5.176000E+02 2.072799E+00 1.067488E+01
5.185000E+02 2.072985E+00 1.067436E+01
5.194000E+02 2.073171E+00 1.067227E+01
5.203000E+02 2.073356E+00 1.067019E+01
5.212000E+02 2.073540E+00 1.066812E+01
5.221000E+02 2.073722E+00 1.066606E+01
5.230000E+02 2.073904E+00 1.066560E+01
5.239000E+02 2.074084E+00 1.066357E+01
5.248000E+02 2.074264E+00 1.066154E+01
5.257000E+02 2.074443E+00 1.065953E+01
5.266000E+02 2.074620E+00 1.065753E+01
5.275000E+02 2.074797E+00 1.065712E+01
5.284000E+02 2.074972E+00 1.065515E+01
5.293000E+02 2.075146E+00 1.065318E+01
5.302000E+02 2.075320E+00 1.065123E+01
5.311000E+02 2.075492E+00 1.064929E+01
5.320000E+02 2.075664E+00 1.064736E+01
5.329000E+02 2.075834E+00 1.064544E+01
5.338000E+02 2.076004E+00 1.064510E+01
5.347000E+02 2.076172E+00 1.064321E+01
5.356000E+02 2.076340E+00 1.064132E+01
5.365000E+02 2.076507E+00 1.063945E+01
5.374000E+02 2.076672E+00 1.063759E+01
5.383000E+02 2.076837E+00 1.063573E+01
5.392000E+02 2.077001E+00 1.063389E+01
5.401000E+02 2.077164E+00 1.063207E+01
5.410000E+02 2.077325E+00 1.063025E+01
5.419000E+02 2.077486E+00 1.063000E+01
5.428000E+02 2.077646E+00 1.062820E+01
5.437000E+02 2.077805E+00 1.062642E+01
5.446000E+02 2.077963E+00 1.062464E+01
5.455000E+02 2.078121E+00 1.062288E+01
5.464000E+02 2.078277E+00 1.062112E+01
5.473000E+02 2.078432E+00 1.061938E+01
5.482000E+02 2.078587E+00 1.061765E+01
5.491000E+02 2.078740E+00 1.061593E+01
5.500000E+02 2.078893E+00 1.061422E+01
5.509000E+02 2.079045E+00 1.061251E+01
5.518000E+02 2.079196E+00 1.061083E+01
5.527000E+02 2.079346E+00 1.060915E+01
5.536000E+02 2.079495E+00 1.060748E+01
5.545000E+02 2.079643E+00 1.060582E+01
5.554000E+02 2.079791E+00 1.060417E+01
5.563000E+02 2.079937E+00 1.060253E+01
5.572000E+02 2.080083E+00 1.060091E+01
5.581000E+02 2.080228E+00 1.059929E+01
5.590000E+02 2.080372E+00 1.059768E+01
5.599000E+02 2.080515E+00 1.059609E+01
5.608000E+02 2.080657E+00 1.059450E+01
5.617000E+02 2.080798E+00 1.059292E+01
5.626000E+02 2.080939E+00 1.059136E+01
5.635000E+02 2.081079E+00 1.058980E+01
5.644000E+02 2.081218E+00 1.058826E+01
5.653000E+02 2.081356E+00 1.058672E+01
5.662000E+02 2.081493E+00 1.058519E+01
5.671000E+02 2.081629E+00 1.058368E+01
5.680000E+02 2.081765E+00 1.058217E+01
5.689000E+02 2.081900E+00 1.058067E+01
5.698000E+02 2.082034E+00 1.057919E+01
5.707000E+02 2.082167E+00 1.057619E+01
5.716000E+02 2.082300E+00 1.057472E+01
5.725000E+02 2.082431E+00 1.057326E+01
5.734000E+02 2.082562E+00 1.057181E+01
5.743000E+02 2.082692E+00 1.057038E+01
5.752000E+02 2.082821E+00 1.056895E+01
5.761000E+02 2.082950E+00 1.056753E+01
5.770000E+02 2.083077E+00 1.056612E+01
5.779000E+02 2.083204E+00 1.056472E+01
5.788000E+02 2.083330E+00 1.056181E+01
5.797000E+02 2.083456E+00 1.056043E+01
5.806000E+02 2.083580E+00 1.055906E+01
5.815000E+02 2.083704E+00 1.055770E+01
5.824000E+02 2.083827E+00 1.055635E+01
5.833000E+02 2.083950E+00 1.055500E+01
5.842000E+02 2.084071E+00 1.055367E+01
5.851000E+02 2.084192E+00 1.055084E+01
5.860000E+02 2.084312E+00 1.054952E+01
5.869000E+02 2.084432E+00 1.054822E+01
5.878000E+02 2.084550E+00 1.054692E+01
5.887000E+02 2.084668E+00 1.054563E+01
5.896000E+02 2.084785E+00 1.054435E+01
5.905000E+02 2.084902E+00 1.054158E+01
5.914000E+02 2.085017E+00 1.054032E+01
5.923000E+02 2.085133E+00 1.053907E+01
5.932000E+02 2.085247E+00 1.053783E+01
5.941000E+02 2.085360E+00 1.053509E+01
5.950000E+02 2.085473E+00 1.053387E+01
5.959000E+02 2.085585E+00 1.053265E+01
5.968000E+02 2.085697E+00 1.053145E+01
5.977000E+02 2.085808E+00 1.053025E+01
5.986000E+02 2.085918E+00 1.052757E+01
5.995000E+02 2.086027E+00 1.052639E+01
6.004000E+02 2.086136E+00 1.052522E+01
6.013000E+02 2.086244E+00 1.052405E+01
6.022000E+02 2.086351E+00 1.052141E+01
6.031000E+02 2.086458E+00 1.052026E+01
6.040000E+02 2.086564E+00 1.051913E+01
6.049000E+02 2.086669E+00 1.051800E+01
6.058000E+02 2.086774E+00 1.051539E+01
6.067000E+02 2.086878E+00 1.051428E+01
6.076000E+02 2.086981E+00 1.051318E+01
6.085000E+02 2.087083E+00 1.051060E+01
6.094000E+02 2.087185E+00 1.050952E+01
6.103000E+02 2.087287E+00 1.050844E+01
6.112000E+02 2.087387E+00 1.050737E+01
6.121000E+02 2.087487E+00 1.050483E+01
6.130000E+02 2.087587E+00 1.050378E+01
6.139000E+02 2.087685E+00 1.050274E+01
6.148000E+02 2.087783E+00 1.050023E+01
6.157000E+02 2.087881E+00 1.049920E+01
6.166000E+02 2.087978E+00 1.049818E+01
6.175000E+02 2.088074E+00 1.049570E+01
6.184000E+02 2.088169E+00 1.049470E+01
6.193000E+02 2.088264E+00 1.049370E+01
6.202000E+02 2.088359E+00 1.049125E+01
6.211000E+02 2.088452E+00 1.049027E+01
6.220000E+02 2.088545E+00 1.048930E+01
6.229000E+02 2.088638E+00 1.048687E+01
6.238000E+02 2.088729E+00 1.048592E+01
6.247000E+02 2.088821E+00 1.048497E+01
6.256000E+02 2.088911E+00 1.048257E+01
6.265000E+02 2.089001E+00 1.048164E+01
6.274000E+02 2.089091E+00 1.047926E+01
6.283000E+02 2.089179E+00 1.047834E+01
6.292000E+02 2.089268E+00 1.047744E+01
6.301000E+02 2.089355E+00 1.047508E+01
6.310000E+02 2.089442E+00 1.047419E+01
6.319000E+02 2.089528E+00 1.047185E+01
6.328000E+02 2.089614E+00 1.047098E+01
6.337000E+02 2.089700E+00 1.047011E+01
6.346000E+02 2.089784E+00 1.046779E+01
6.355000E+02 2.089868E+00 1.046695E+01
6.364000E+02 2.089952E+00 1.046465E+01
6.373000E+02 2.090035E+00 1.046381E+01
6.382000E+02 2.090117E+00 1.046153E+01
6.391000E+02 2.090199E+00 1.046071E+01
6.400000E+02 2.090280E+00 1.045990E+01
6.409000E+02 2.090361E+00 1.045765E+01
6.418000E+02 2.090441E+00 1.045685E+01
6.427000E+02 2.090520E+00 1.045461E+01
6.436000E+02 2.090599E+00 1.045383E+01
6.445000E+02 2.090678E+00 1.045161E+01
6.454000E+02 2.090755E+00 1.045084E+01
6.463000E+02 2.090833E+00 1.044864E+01
6.472000E+02 2.090910E+00 1.044788E+01
6.481000E+02 2.090986E+00 1.044570E+01
6.490000E+02 2.091061E+00 1.044496E+01
6.499000E+02 2.091137E+00 1.044279E+01
6.508000E+02 2.091211E+00 1.044207E+01
6.517000E+02 2.091285E+00 1.043991E+01
6.526000E+02 2.091359E+00 1.043920E+01
6.535000E+02 2.091432E+00 1.043706E+01
6.544000E+02 2.091504E+00 1.043637E+01
6.553000E+02 2.091576E+00 1.043425E+01
6.562000E+02 2.091648E+00 1.043357E+01
6.571000E+02 2.091718E+00 1.043146E+01
6.580000E+02 2.091789E+00 1.043080E+01
6.589000E+02 2.091859E+00 1.042871E+01
6.598000E+02 2.091928E+00 1.042806E+01
6.607000E+02 2.091997E+00 1.042598E+01
6.616000E+02 2.092065E+00 1.042535E+01
6.625000E+02 2.092133E+00 1.042329E+01
6.634000E+02 2.092200E+00 1.042267E+01
6.643000E+02 2.092267E+00 1.042063E+01
6.652000E+02 2.092333E+00 1.041859E+01
6.661000E+02 2.092399E+00 1.041799E+01
6.670000E+02 2.092465E+00 1.041597E+01
6.679000E+02 2.092529E+00 1.041538E+01
6.688000E+02 2.092594E+00 1.041338E+01
6.697000E+02 2.092657E+00 1.041281E+01
6.706000E+02 2.092721E+00 1.041082E+01
6.715000E+02 2.092784E+00 1.040883E+01
6.724000E+02 2.092846E+00 1.040828E+01
6.733000E+02 2.092908E+00 1.040632E+01
6.742000E+02 2.092969E+00 1.040578E+01
6.751000E+02 2.093030E+00 1.040383E+01
6.760000E+02 2.093091E+00 1.040188E+01
6.769000E+02 2.093151E+00 1.040137E+01
6.778000E+02 2.093210E+00 1.039944E+01
6.787000E+02 2.093269E+00 1.039894E+01
6.796000E+02 2.093328E+00 1.039702E+01
6.805000E+02 2.093386E+00 1.039511E+01
6.814000E+02 2.093443E+00 1.039463E+01
6.823000E+02 2.093500E+00 1.039274E+01
6.832000E+02 2.093557E+00 1.039085E+01
6.841000E+02 2.093613E+00 1.039039E+01
6.850000E+02 2.093669E+00 1.038852E+01
6.859000E+02 2.093724E+00 1.038807E+01
6.868000E+02 2.093779E+00 1.038622E+01
6.877000E+02 2.093834E+00 1.038437E+01
6.886000E+02 2.093888E+00 1.038394E+01
6.895000E+02 2.093941E+00 1.038210E+01
6.904000E+02 2.093994E+00 1.038028E+01
6.913000E+02 2.094047E+00 1.037987E+01
6.922000E+02 2.094099E+00 1.037806E+01
6.931000E+02 2.094151E+00 1.037625E+01
6.940000E+02 2.094202E+00 1.037445E+01
6.949000E+02 2.094253E+00 1.037407E+01
6.958000E+02 2.094303E+00 1.037228E+01
6.967000E+02 2.094353E+00 1.037051E+01
6.976000E+02 2.094403E+00 1.037014E+01
6.985000E+02 2.094452E+00 1.036838E+01
6.994000E+02 2.094501E+00 1.036663E+01
7.003000E+02 2.094549E+00 1.036628E+01
7.012000E+02 2.094597E+00 1.036454E+01
7.021000E+02 2.094644E+00 1.036280E+01
7.030000E+02 2.094691E+00 1.036108E+01
7.039000E+02 2.094738E+00 1.036076E+01
7.048000E+02 2.094784E+00 1.035904E+01
7.057000E+02 2.094830E+00 1.035734E+01
7.066000E+02 2.094875E+00 1.035703E+01
7.075000E+02 2.094920E+00 1.035534E+01
7.084000E+02 2.094964E+00 1.035365E+01
7.093000E+02 2.095008E+00 1.035197E+01
7.102000E+02 2.095052E+00 1.035170E+01
7.111000E+02 2.095095E+00 1.035003E+01
7.120000E+02 2.095138E+00 1.034837E+01
7.129000E+02 2.095181E+00 1.034672E+01
7.138000E+02 2.095223E+00 1.034647E+01
7.147000E+02 2.095265E+00 1.034483E+01
7.156000E+02 2.095306E+00 1.034319E+01
7.165000E+02 2.095347E+00 1.034157E+01
7.174000E+02 2.095387E+00 1.033995E+01
7.183000E+02 2.095427E+00 1.033973E+01
7.192000E+02 2.095467E+00 1.033812E+01
7.201000E+02 2.095506E+00 1.033652E+01
7.210000E+02 2.095545E+00 1.033493E+01
7.219000E+02 2.095584E+00 1.033335E+01
7.228000E+02 2.095622E+00 1.033315E+01
7.237000E+02 2.095660E+00 1.033158E+01
7.246000E+02 2.095697E+00 1.033001E+01
7.255000E+02 2.095734E+00 1.032845E+01
7.264000E+02 2.095771E+00 1.032690E+01
7.273000E+02 2.095807E+00 1.032673E+01
7.282000E+02 2.095843E+00 1.032519E+01
7.291000E+02 2.095878E+00 1.032366E+01
7.300000E+02 2.095914E+00 1.032213E+01
7.309000E+02 2.095948E+00 1.032061E+01
7.318000E+02 2.095983E+00 1.031910E+01
7.327000E+02 2.096017E+00 1.031897E+01
7.336000E+02 2.096050E+00 1.031747E+01
7.345000E+02 2.096084E+00 1.031597E+01
7.354000E+02 2.096117E+00 1.031448E+01
7.363000E+02 2.096149E+00 1.031300E+01
7.372000E+02 2.096181E+00 1.031152E+01
7.381000E+02 2.096213E+00 1.031143E+01
7.390000E+02 2.096245E+00 1.030996E+01
7.399000E+02 2.096276E+00 1.030850E+01
7.408000E+02 2.096307E+00 1.030705E+01
7.417000E+02 2.096337E+00 1.030561E+01
7.426000E+02 2.096367E+00 1.030417E+01
7.435000E+02 2.096397E+00 1.030274E+01
7.444000E+02 2.096426E+00 1.030131E+01
7.453000E+02 2.096455E+00 1.029989E+01
7.462000E+02 2.096484E+00 1.029984E+01
7.471000E+02 2.096512E+00 1.029843E+01
7.480000E+02 2.096540E+00 1.029703E+01
7.489000E+02 2.096568E+00 1.029563E+01
7.498000E+02 2.096595E+00 1.029424E+01
7.507000E+02 2.096622E+00 1.029286E+01
7.516000E+02 2.096649E+00 1.029148E+01
7.525000E+02 2.096675E+00 1.029011E+01
7.534000E+02 2.096701E+00 1.028874E+01
7.543000E+02 2.096727E+00 1.028738E+01
7.552000E+02 2.096752E+00 1.028739E+01
7.561000E+02 2.096777E+00 1.028604E+01
7.570000E+02 2.096801E+00 1.028470E+01
7.579000E+02 2.096826E+00 1.028336E+01
7.588000E+02 2.096850E+00 1.028203E+01
7.597000E+02 2.096873E+00 1.028071E+01
7.606000E+02 2.096897E+00 1.027939E+01
7.615000E+02 2.096920E+00 1.027808E+01
7.624000E+02 2.096942E+00 1.027677E+01
7.633000E+02 2.096965E+00 1.027547E+01
7.642000E+02 2.096987E+00 1.027417E+01
7.651000E+02 2.097008E+00 1.027289E+01
7.660000E+02 2.097030E+00 1.027160E+01
7.669000E+02 2.097051E+00 1.027032E+01
7.678000E+02 2.097072E+00 1.026905E+01
7.687000E+02 2.097092E+00 1.026779E+01
7.696000E+02 2.097112E+00 1.026653E+01
7.705000E+02 2.097132E+00 1.026527E+01
7.714000E+02 2.097151E+00 1.026402E+01
7.723000E+02 2.097171E+00 1.026278E+01
7.732000E+02 2.097190E+00 1.026154E+01
7.741000E+02 2.097208E+00 1.026031E+01
7.750000E+02 2.097226E+00 1.025908E+01
7.759000E+02 2.097244E+00 1.025786E+01
7.768000E+02 2.097262E+00 1.025665E+01
7.777000E+02 2.097279E+00 1.025544E+01
7.786000E+02 2.097296E+00 1.025423E+01
7.795000E+02 2.097313E+00 1.025304E+01
7.804000E+02 2.097330E+00 1.025184E+01
7.813000E+02 2.097346E+00 1.025066E+01
7.822000E+02 2.097362E+00 1.024947E+01
7.831000E+02 2.097377E+00 1.024830E+01
7.840000E+02 2.097393E+00 1.024713E+01
7.849000E+02 2.097408E+00 1.024596E+01
7.858000E+02 2.097422E+00 1.024480E+01
7.867000E+02 2.097437E+00 1.024365E+01
7.876000E+02 2.097451E+00 1.024250E+01
7.885000E+02 2.097465E+00 1.024136E+01
7.894000E+02 2.097478E+00 1.024022E+01
7.903000E+02 2.097492E+00 1.023909E+01
7.912000E+02 2.097504E+00 1.023796E+01
7.921000E+02 2.097517E+00 1.023684E+01
7.930000E+02 2.097530E+00 1.023572E+01
7.939000E+02 2.097542E+00 1.023461E+01
7.948000E+02 2.097554E+00 1.023350E+01
7.957000E+02 2.097565E+00 1.023240E+01
7.966000E+02 2.097576E+00 1.022997E+01
7.975000E+02 2.097587E+00 1.022888E+01
7.984000E+02 2.097598E+00 1.022780E+01
7.993000E+02 2.097609E+00 1.022672E+01
8.002000E+02 2.097619E+00 1.022565E+01
8.011000E+02 2.097629E+00 1.022458E+01
8.020000E+02 2.097638E+00 1.022352E+01
8.029000E+02 2.097648E+00 1.022246E+01
8.038000E+02 2.097657E+00 1.022140E+01
8.047000E+02 2.097666E+00 1.022036E+01
8.056000E+02 2.097674E+00 1.021931E+01
8.065000E+02 2.097683E+00 1.021695E+01
8.074000E+02 2.097691E+00 1.021592E+01
8.083000E+02 2.097698E+00 1.021489E+01
8.092000E+02 2.097706E+00 1.021387E+01
8.101000E+02 2.097713E+00 1.021285E+01
8.110000E+02 2.097720E+00 1.021184E+01
8.119000E+02 2.097727E+00 1.021084E+01
8.128000E+02 2.097733E+00 1.020983E+01
8.137000E+02 2.097740E+00 1.020884E+01
8.146000E+02 2.097745E+00 1.020652E+01
8.155000E+02 2.097751E+00 1.020554E+01
8.164000E+02 2.097757E+00 1.020456E+01
8.173000E+02 2.097762E+00 1.020358E+01
8.182000E+02 2.097767E+00 1.020261E+01
8.191000E+02 2.097771E+00 1.020164E+01
8.200000E+02 2.097776E+00 1.020068E+01
8.209000E+02 2.097780E+00 1.019841E+01
8.218000E+02 2.097784E+00 1.019746E+01
8.227000E+02 2.097788E+00 1.019651E+01
8.236000E+02 2.097791E+00 1.019557E+01
8.245000E+02 2.097794E+00 1.019463E+01
8.254000E+02 2.097797E+00 1.019370E+01
8.263000E+02 2.097800E+00 1.019146E+01
8.272000E+02 2.097802E+00 1.019054E+01
8.281000E+02 2.097804E+00 1.018962E+01
8.290000E+02 2.097806E+00 1.018871E+01
8.299000E+02 2.097808E+00 1.018781E+01
8.308000E+02 2.097810E+00 1.018690E+01
8.317000E+02 2.097811E+00 1.018469E+01
8.326000E+02 2.097812E+00 1.018380E+01
8.335000E+02 2.097813E+00 1.018292E+01
8.344000E+02 2.097813E+00 1.018203E+01
8.353000E+02 2.097813E+00 1.018116E+01
8.362000E+02 2.097813E+00 1.017897E+01
8.371000E+02 2.097813E+00 1.017810E+01
8.380000E+02 2.097813E+00 1.017724E+01
8.389000E+02 2.097812E+00 1.017638E+01
8.398000E+02 2.097811E+00 1.017553E+01
8.407000E+02 2.097810E+00 1.017337E+01
8.416000E+02 2.097809E+00 1.017253E+01
8.425000E+02 2.097807E+00 1.017169E+01
8.434000E+02 2.097806E+00 1.017086E+01
8.443000E+02 2.097804E+00 1.016872E+01
8.452000E+02 2.097801E+00 1.016789E+01
8.461000E+02 2.097799E+00 1.016707E+01
8.470000E+02 2.097796E+00 1.016626E+01
8.479000E+02 2.097793E+00 1.016414E+01
8.488000E+02 2.097790E+00 1.016334E+01
8.497000E+02 2.097787E+00 1.016254E+01
8.506000E+02 2.097783E+00 1.016174E+01
8.515000E+02 2.097779E+00 1.016094E+01
8.524000E+02 2.097775E+00 1.015886E+01
8.533000E+02 2.097771E+00 1.015807E+01
8.542000E+02 2.097766E+00 1.015729E+01
8.551000E+02 2.097762E+00 1.015522E+01
8.560000E+02 2.097757E+00 1.015445E+01
8.569000E+02 2.097752E+00 1.015368E+01
8.578000E+02 2.097746E+00 1.015292E+01
8.587000E+02 2.097741E+00 1.015087E+01
8.596000E+02 2.097735E+00 1.015012E+01
8.605000E+02 2.097729E+00 1.014937E+01
8.614000E+02 2.097723E+00 1.014863E+01
8.623000E+02 2.097717E+00 1.014660E+01
8.632000E+02 2.097710E+00 1.014586E+01
8.641000E+02 2.097703E+00 1.014513E+01
8.650000E+02 2.097696E+00 1.014311E+01
8.659000E+02 2.097689E+00 1.014239E+01
8.668000E+02 2.097681E+00 1.014168E+01
8.677000E+02 2.097674E+00 1.014097E+01
8.686000E+02 2.097666E+00 1.013897E+01
8.695000E+02 2.097658E+00 1.013827E+01
8.704000E+02 2.097650E+00 1.013757E+01
8.713000E+02 2.097641E+00 1.013558E+01
8.722000E+02 2.097633E+00 1.013489E+01
8.731000E+02 2.097624E+00 1.013421E+01
8.740000E+02 2.097615E+00 1.013224E+01
8.749000E+02 2.097605E+00 1.013156E+01
8.758000E+02 2.097596E+00 1.013089E+01
8.767000E+02 2.097586E+00 1.012894E+01
8.776000E+02 2.097576E+00 1.012827E+01
8.785000E+02 2.097566E+00 1.012761E+01
8.794000E+02 2.097556E+00 1.012567E+01
8.803000E+02 2.097546E+00 1.012502E+01
8.812000E+02 2.097535E+00 1.012438E+01
8.821000E+02 2.097524E+00 1.012245E+01
8.830000E+02 2.097513E+00 1.012181E+01
8.839000E+02 2.097502E+00 1.012118E+01
8.848000E+02 2.097490E+00 1.011927E+01
8.857000E+02 2.097479E+00 1.011864E+01
8.866000E+02 2.097467E+00 1.011802E+01
8.875000E+02 2.097455E+00 1.011612E+01
8.884000E+02 2.097443E+00 1.011551E+01
8.893000E+02 2.097430E+00 1.011491E+01
8.902000E+02 2.097418E+00 1.011302E+01
8.911000E+02 2.097405E+00 1.011242E+01
8.920000E+02 2.097392E+00 1.011183E+01
8.929000E+02 2.097379E+00 1.010996E+01
8.938000E+02 2.097366E+00 1.010937E+01
8.947000E+02 2.097352E+00 1.010751E+01
8.956000E+02 2.097339E+00 1.010693E+01
8.965000E+02 2.097325E+00 1.010635E+01
8.974000E+02 2.097311E+00 1.010451E+01
8.983000E+02 2.097297E+00 1.010394E+01
8.992000E+02 2.097282E+00 1.010210E+01
9.001000E+02 2.097268E+00 1.010155E+01
9.010000E+02 2.097253E+00 1.010099E+01
9.019000E+02 2.097238E+00 1.009917E+01
9.028000E+02 2.097223E+00 1.009862E+01
9.037000E+02 2.097208E+00 1.009681E+01
9.046000E+02 2.097192E+00 1.009627E+01
9.055000E+02 2.097176E+00 1.009574E+01
9.064000E+02 2.097161E+00 1.009393E+01
9.073000E+02 2.097145E+00 1.009341E+01
9.082000E+02 2.097128E+00 1.009161E+01
9.091000E+02 2.097112E+00 1.009110E+01
9.100000E+02 2.097096E+00 1.009058E+01
9.109000E+02 2.097079E+00 1.008880E+01
9.118000E+02 2.097062E+00 1.008830E+01
9.127000E+02 2.097045E+00 1.008653E+01
9.136000E+02 2.097028E+00 1.008603E+01
9.145000E+02 2.097010E+00 1.008427E+01
9.154000E+02 2.096993E+00 1.008378E+01
9.163000E+02 2.096975E+00 1.008329E+01
9.172000E+02 2.096957E+00 1.008154E+01
9.181000E+02 2.096939E+00 1.008107E+01
9.190000E+02 2.096921E+00 1.007933E+01
9.199000E+02 2.096903E+00 1.007886E+01
9.208000E+02 2.096884E+00 1.007713E+01
9.217000E+02 2.096865E+00 1.007666E+01
9.226000E+02 2.096847E+00 1.007494E+01
9.235000E+02 2.096828E+00 1.007449E+01
9.244000E+02 2.096808E+00 1.007404E+01
9.253000E+02 2.096789E+00 1.007233E+01
9.262000E+02 2.096769E+00 1.007188E+01
9.271000E+02 2.096750E+00 1.007018E+01
9.280000E+02 2.096730E+00 1.006975E+01
9.289000E+02 2.096710E+00 1.006805E+01
9.298000E+02 2.096690E+00 1.006763E+01
9.307000E+02 2.096669E+00 1.006594E+01
9.316000E+02 2.096649E+00 1.006552E+01
9.325000E+02 2.096628E+00 1.006385E+01
9.334000E+02 2.096607E+00 1.006344E+01
9.343000E+02 2.096586E+00 1.006177E+01
9.352000E+02 2.096565E+00 1.006136E+01
9.361000E+02 2.096544E+00 1.005970E+01
9.370000E+02 2.096523E+00 1.005931E+01
9.379000E+02 2.096501E+00 1.005766E+01
9.388000E+02 2.096479E+00 1.005727E+01
9.397000E+02 2.096457E+00 1.005563E+01
9.406000E+02 2.096435E+00 1.005524E+01
9.415000E+02 2.096413E+00 1.005361E+01
9.424000E+02 2.096391E+00 1.005323E+01
9.433000E+02 2.096368E+00 1.005161E+01
9.442000E+02 2.096346E+00 1.005124E+01
9.451000E+02 2.096323E+00 1.004962E+01
9.460000E+02 2.096300E+00 1.004926E+01
9.469000E+02 2.096277E+00 1.004766E+01
9.478000E+02 2.096254E+00 1.004730E+01
9.487000E+02 2.096230E+00 1.004570E+01
9.496000E+02 2.096207E+00 1.004536E+01
9.505000E+02 2.096183E+00 1.004376E+01
9.514000E+02 2.096159E+00 1.004343E+01
9.523000E+02 2.096135E+00 1.004184E+01
9.532000E+02 2.096111E+00 1.004151E+01
9.541000E+02 2.096087E+00 1.003993E+01
9.550000E+02 2.096062E+00 1.003961E+01
9.559000E+02 2.096038E+00 1.003804E+01
9.568000E+02 2.096013E+00 1.003648E+01
9.577000E+02 2.095988E+00 1.003616E+01
9.586000E+02 2.095963E+00 1.003461E+01
9.595000E+02 2.095938E+00 1.003430E+01
9.604000E+02 2.095913E+00 1.003275E+01
9.613000E+02 2.095887E+00 1.003245E+01
9.622000E+02 2.095862E+00 1.003091E+01
9.631000E+02 2.095836E+00 1.003062E+01
9.640000E+02 2.095810E+00 1.002909E+01
9.649000E+02 2.095784E+00 1.002756E+01
9.658000E+02 2.095758E+00 1.002728E+01
9.667000E+02 2.095732E+00 1.002576E+01
9.676000E+02 2.095706E+00 1.002548E+01
9.685000E+02 2.095679E+00 1.002397E+01
9.694000E+02 2.095653E+00 1.002370E+01
9.703000E+02 2.095626E+00 1.002220E+01
9.712000E+02 2.095599E+00 1.002070E+01
9.721000E+02 2.095572E+00 1.002044E+01
9.730000E+02 2.095545E+00 1.001895E+01
9.739000E+02 2.095517E+00 1.001870E+01
9.748000E+02 2.095490E+00 1.001721E+01
9.757000E+02 2.095462E+00 1.001573E+01
9.766000E+02 2.095434E+00 1.001549E+01
9.775000E+02 2.095407E+00 1.001402E+01
9.784000E+02 2.095379E+00 1.001378E+01
9.793000E+02 2.095350E+00 1.001232E+01
9.802000E+02 2.095322E+00 1.001085E+01
9.811000E+02 2.095294E+00 1.001063E+01
9.820000E+02 2.095265E+00 1.000918E+01
9.829000E+02 2.095237E+00 1.000896E+01
9.838000E+02 2.095208E+00 1.000751E+01
9.847000E+02 2.095179E+00 1.000607E+01
9.856000E+02 2.095150E+00 1.000586E+01
9.865000E+02 2.095121E+00 1.000443E+01
9.874000E+02 2.095092E+00 1.000423E+01
9.883000E+02 2.095062E+00 1.000280E+01
9.892000E+02 2.095033E+00 1.000137E+01
9.901000E+02 2.095003E+00 1.000119E+01
9.910000E+02 2.094973E+00 9.999767E+00
9.919000E+02 2.094943E+00 9.998352E+00
9.928000E+02 2.094913E+00 9.998174E+00
9.937000E+02 2.094883E+00 9.996767E+00
9.946000E+02 2.094853E+00 9.996596E+00
9.955000E+02 2.094822E+00 9.995196E+00
9.964000E+02 2.094792E+00 9.993800E+00
9.973000E+02 2.094761E+00 9.993638E+00
9.982000E+02 2.094731E+00 9.992249E+00
9.991000E+02 2.094700E+00 9.990864E+00
