1.000000E+00 NAN NAN
1.099000E+00 1.215608E-01 2.344925E+01
1.198000E+00 1.266840E-01 2.007440E+01
1.297000E+00 1.317926E-01 1.879643E+01
1.396000E+00 1.368757E-01 1.811513E+01
1.495000E+00 1.419252E-01 1.756919E+01
1.594000E+00 1.469362E-01 1.699553E+01
1.693000E+00 1.519064E-01 1.664255E+01
1.792000E+00 1.568331E-01 1.624012E+01
1.891000E+00 1.617155E-01 1.590235E+01
1.990000E+00 1.665530E-01 1.561681E+01
2.089000E+00 1.713455E-01 1.537404E+01
2.188000E+00 1.760927E-01 1.508176E+01
2.287000E+00 1.807954E-01 1.490837E+01
2.386000E+00 1.854539E-01 1.468337E+01
2.485000E+00 1.900687E-01 1.448654E+01
2.584000E+00 1.946406E-01 1.438248E+01
2.683000E+00 1.991702E-01 1.422715E+01
2.782000E+00 2.036582E-01 1.408996E+01
2.881000E+00 2.081056E-01 1.396856E+01
2.980000E+00 2.125129E-01 1.386097E+01
3.079000E+00 2.168810E-01 1.376554E+01
3.178000E+00 2.212105E-01 1.362649E+01
3.277000E+00 2.255025E-01 1.355303E+01
3.376000E+00 2.297575E-01 1.348794E+01
3.475000E+00 2.339763E-01 1.338100E+01
3.574000E+00 2.381597E-01 1.333145E+01
3.673000E+00 2.423082E-01 1.324136E+01
3.772000E+00 2.464228E-01 1.320432E+01
3.871000E+00 2.505038E-01 1.312800E+01
3.970000E+00 2.545522E-01 1.305825E+01
4.069000E+00 2.585683E-01 1.299447E+01
4.168000E+00 2.625531E-01 1.297684E+01
4.267000E+00 2.665068E-01 1.292246E+01
4.366000E+00 2.704303E-01 1.287270E+01
4.465000E+00 2.743240E-01 1.282716E+01
4.564000E+00 2.781884E-01 1.278550E+01
4.663000E+00 2.820242E-01 1.274743E+01
4.762000E+00 2.858318E-01 1.271266E+01
4.861000E+00 2.896118E-01 1.268096E+01
4.960000E+00 2.933646E-01 1.265209E+01
5.059000E+00 2.970906E-01 1.259212E+01
5.158000E+00 3.007904E-01 1.256891E+01
5.257000E+00 3.044645E-01 1.254795E+01
5.356000E+00 3.081131E-01 1.252909E+01
5.455000E+00 3.117368E-01 1.248075E+01
5.554000E+00 3.153359E-01 1.246616E+01
5.653000E+00 3.189109E-01 1.245326E+01
5.752000E+00 3.224622E-01 1.241201E+01
5.851000E+00 3.259902E-01 1.240260E+01
5.950000E+00 3.294950E-01 1.236556E+01
6.049000E+00 3.329773E-01 1.235922E+01
6.148000E+00 3.364372E-01 1.232590E+01
6.247000E+00 3.398753E-01 1.232226E+01
6.346000E+00 3.432916E-01 1.229228E+01
6.445000E+00 3.466867E-01 1.229102E+01
6.544000E+00 3.500607E-01 1.226401E+01
6.643000E+00 3.534140E-01 1.223856E+01
6.742000E+00 3.567470E-01 1.224054E+01
6.841000E+00 3.600598E-01 1.221761E+01
6.940000E+00 3.633528E-01 1.219603E+01
7.039000E+00 3.666262E-01 1.217571E+01
7.138000E+00 3.698804E-01 1.218128E+01
7.237000E+00 3.731155E-01 1.216301E+01
7.336000E+00 3.763319E-01 1.214583E+01
7.435000E+00 3.795298E-01 1.212969E+01
7.534000E+00 3.827095E-01 1.211455E+01
7.633000E+00 3.858711E-01 1.210036E+01
7.732000E+00 3.890150E-01 1.211014E+01
7.831000E+00 3.921412E-01 1.209746E+01
7.930000E+00 3.952502E-01 1.208561E+01
8.029000E+00 3.983420E-01 1.207455E+01
8.128000E+00 4.014169E-01 1.206425E+01
8.227000E+00 4.044752E-01 1.205467E+01
8.326000E+00 4.075169E-01 1.204578E+01
8.425000E+00 4.105423E-01 1.203756E+01
8.524000E+00 4.135517E-01 1.202997E+01
8.623000E+00 4.165451E-01 1.202300E+01
8.722000E+00 4.195228E-01 1.199573E+01
8.821000E+00 4.224850E-01 1.199008E+01
8.920000E+00 4.254319E-01 1.198496E+01
9.019000E+00 4.283636E-01 1.198036E+01
9.118000E+00 4.312803E-01 1.197624E+01
9.217000E+00 4.341822E-01 1.197260E+01
9.316000E+00 4.370694E-01 1.196941E+01
9.415000E+00 4.399421E-01 1.194704E+01
9.514000E+00 4.428005E-01 1.194485E+01
9.613000E+00 4.456447E-01 1.194307E+01
9.712000E+00 4.484749E-01 1.194168E+01
9.811000E+00 4.512911E-01 1.192168E+01
9.910000E+00 4.540937E-01 1.192115E+01
1.000900E+01 4.568827E-01 1.192097E+01
1.010800E+01 4.596583E-01 1.192111E+01
1.020700E+01 4.624206E-01 1.190318E+01
1.030600E+01 4.651697E-01 1.190407E+01
1.040500E+01 4.679058E-01 1.190526E+01
1.050400E+01 4.706291E-01 1.188874E+01
1.060300E+01 4.733395E-01 1.189061E+01
1.070200E+01 4.760374E-01 1.187502E+01
1.080100E+01 4.787228E-01 1.187750E+01
1.090000E+01 4.813958E-01 1.188024E+01
1.099900E+01 4.840565E-01 1.186585E+01
1.109800E+01 4.867051E-01 1.186915E+01
1.119700E+01 4.893417E-01 1.185556E+01
1.129600E+01 4.919664E-01 1.185939E+01
1.139500E+01 4.945793E-01 1.184654E+01
1.149400E+01 4.971806E-01 1.185086E+01
1.159300E+01 4.997702E-01 1.183871E+01
1.169200E+01 5.023485E-01 1.184349E+01
1.179100E+01 5.049153E-01 1.183201E+01
1.189000E+01 5.074710E-01 1.183722E+01
1.198900E+01 5.100155E-01 1.182636E+01
1.208800E+01 5.125489E-01 1.183197E+01
1.218700E+01 5.150715E-01 1.182170E+01
1.228600E+01 5.175832E-01 1.182770E+01
1.238500E+01 5.200841E-01 1.181799E+01
1.248400E+01 5.225745E-01 1.180860E+01
1.258300E+01 5.250543E-01 1.181515E+01
1.268200E+01 5.275236E-01 1.180627E+01
1.278100E+01 5.299826E-01 1.179770E+01
1.288000E+01 5.324313E-01 1.180476E+01
1.297900E+01 5.348699E-01 1.179665E+01
1.307800E+01 5.372983E-01 1.180401E+01
1.317700E+01 5.397168E-01 1.179635E+01
1.327600E+01 5.421253E-01 1.178895E+01
1.337500E+01 5.445240E-01 1.178181E+01
1.347400E+01 5.469129E-01 1.178976E+01
1.357300E+01 5.492922E-01 1.178302E+01
1.367200E+01 5.516618E-01 1.177652E+01
1.377100E+01 5.540220E-01 1.178485E+01
1.387000E+01 5.563727E-01 1.177872E+01
1.396900E+01 5.587140E-01 1.177281E+01
1.406800E+01 5.610461E-01 1.176712E+01
1.416700E+01 5.633689E-01 1.177594E+01
1.426600E+01 5.656826E-01 1.177058E+01
1.436500E+01 5.679873E-01 1.176542E+01
1.446400E+01 5.702830E-01 1.176046E+01
1.456300E+01 5.725697E-01 1.175569E+01
1.466200E+01 5.748477E-01 1.176505E+01
1.476100E+01 5.771168E-01 1.176057E+01
1.486000E+01 5.793773E-01 1.175628E+01
1.495900E+01 5.816291E-01 1.175216E+01
1.505800E+01 5.838723E-01 1.174820E+01
1.515700E+01 5.861070E-01 1.174442E+01
1.525600E+01 5.883333E-01 1.175434E+01
1.535500E+01 5.905512E-01 1.175081E+01
1.545400E+01 5.927608E-01 1.174744E+01
1.555300E+01 5.949621E-01 1.174422E+01
1.565200E+01 5.971553E-01 1.174115E+01
1.575100E+01 5.993403E-01 1.173822E+01
1.585000E+01 6.015172E-01 1.173544E+01
1.594900E+01 6.036862E-01 1.173280E+01
1.604800E+01 6.058472E-01 1.173029E+01
1.614700E+01 6.080003E-01 1.172792E+01
1.624600E+01 6.101455E-01 1.173861E+01
1.634500E+01 6.122830E-01 1.173644E+01
1.644400E+01 6.144128E-01 1.173439E+01
1.654300E+01 6.165349E-01 1.173247E+01
1.664200E+01 6.186494E-01 1.173066E+01
1.674100E+01 6.207563E-01 1.172898E+01
1.684000E+01 6.228558E-01 1.172741E+01
1.693900E+01 6.249477E-01 1.172595E+01
1.703800E+01 6.270323E-01 1.172460E+01
1.713700E+01 6.291095E-01 1.172337E+01
1.723600E+01 6.311795E-01 1.172223E+01
1.733500E+01 6.332422E-01 1.172120E+01
1.743400E+01 6.352976E-01 1.172028E+01
1.753300E+01 6.373460E-01 1.171945E+01
1.763200E+01 6.393872E-01 1.171872E+01
1.773100E+01 6.414214E-01 1.171809E+01
1.783000E+01 6.434486E-01 1.170545E+01
1.792900E+01 6.454688E-01 1.170505E+01
1.802800E+01 6.474821E-01 1.170474E+01
1.812700E+01 6.494886E-01 1.170452E+01
1.822600E+01 6.514882E-01 1.170438E+01
1.832500E+01 6.534811E-01 1.170433E+01
1.842400E+01 6.554672E-01 1.170436E+01
1.852300E+01 6.574466E-01 1.170448E+01
1.862200E+01 6.594194E-01 1.170467E+01
1.872100E+01 6.613856E-01 1.170494E+01
1.882000E+01 6.633453E-01 1.170529E+01
1.891900E+01 6.652984E-01 1.169411E+01
1.901800E+01 6.672450E-01 1.169465E+01
1.911700E+01 6.691852E-01 1.169526E+01
1.921600E+01 6.711191E-01 1.169594E+01
1.931500E+01 6.730466E-01 1.169669E+01
1.941400E+01 6.749678E-01 1.169751E+01
1.951300E+01 6.768827E-01 1.169839E+01
1.961200E+01 6.787913E-01 1.168804E+01
1.971100E+01 6.806938E-01 1.168909E+01
1.981000E+01 6.825902E-01 1.169020E+01
1.990900E+01 6.844804E-01 1.169138E+01
2.000800E+01 6.863646E-01 1.169262E+01
2.010700E+01 6.882427E-01 1.168281E+01
2.020600E+01 6.901148E-01 1.168420E+01
2.030500E+01 6.919810E-01 1.168565E+01
2.040400E+01 6.938412E-01 1.168716E+01
2.050300E+01 6.956955E-01 1.168872E+01
2.060200E+01 6.975440E-01 1.167941E+01
2.070100E+01 6.993866E-01 1.168111E+01
2.080000E+01 7.012235E-01 1.168287E+01
2.089900E+01 7.030546E-01 1.168467E+01
2.099800E+01 7.048799E-01 1.167575E+01
2.109700E+01 7.066996E-01 1.167769E+01
2.119600E+01 7.085136E-01 1.167967E+01
2.129500E+01 7.103221E-01 1.168171E+01
2.139400E+01 7.121249E-01 1.167315E+01
2.149300E+01 7.139222E-01 1.167530E+01
2.159200E+01 7.157139E-01 1.167751E+01
2.169100E+01 7.175002E-01 1.167975E+01
2.179000E+01 7.192810E-01 1.167154E+01
2.188900E+01 7.210564E-01 1.167390E+01
2.198800E+01 7.228264E-01 1.167630E+01
2.208700E+01 7.245910E-01 1.166834E+01
2.218600E+01 7.263503E-01 1.167085E+01
2.228500E+01 7.281043E-01 1.167340E+01
2.238400E+01 7.298530E-01 1.166568E+01
2.248300E+01 7.315965E-01 1.166834E+01
2.258200E+01 7.333348E-01 1.167103E+01
2.268100E+01 7.350679E-01 1.166355E+01
2.278000E+01 7.367958E-01 1.166634E+01
2.287900E+01 7.385187E-01 1.166917E+01
2.297800E+01 7.402364E-01 1.166191E+01
2.307700E+01 7.419490E-01 1.166483E+01
2.317600E+01 7.436566E-01 1.166779E+01
2.327500E+01 7.453592E-01 1.166074E+01
2.337400E+01 7.470568E-01 1.166379E+01
2.347300E+01 7.487494E-01 1.166687E+01
2.357200E+01 7.504371E-01 1.166003E+01
2.367100E+01 7.521199E-01 1.166319E+01
2.377000E+01 7.537978E-01 1.166639E+01
2.386900E+01 7.554709E-01 1.165974E+01
2.396800E+01 7.571391E-01 1.166302E+01
2.406700E+01 7.588025E-01 1.165652E+01
2.416600E+01 7.604612E-01 1.165988E+01
2.426500E+01 7.621151E-01 1.166326E+01
2.436400E+01 7.637643E-01 1.165694E+01
2.446300E+01 7.654088E-01 1.166040E+01
2.456200E+01 7.670485E-01 1.165422E+01
2.466100E+01 7.686837E-01 1.165775E+01
2.476000E+01 7.703142E-01 1.165170E+01
2.485900E+01 7.719401E-01 1.165530E+01
2.495800E+01 7.735615E-01 1.165893E+01
2.505700E+01 7.751783E-01 1.165304E+01
2.515600E+01 7.767905E-01 1.165674E+01
2.525500E+01 7.783983E-01 1.165097E+01
2.535400E+01 7.800015E-01 1.165473E+01
2.545300E+01 7.816003E-01 1.164908E+01
2.555200E+01 7.831947E-01 1.165291E+01
2.565100E+01 7.847846E-01 1.164737E+01
2.575000E+01 7.863702E-01 1.165126E+01
2.584900E+01 7.879513E-01 1.164583E+01
2.594800E+01 7.895282E-01 1.164978E+01
2.604700E+01 7.911007E-01 1.164446E+01
2.614600E+01 7.926689E-01 1.164847E+01
2.624500E+01 7.942327E-01 1.164326E+01
2.634400E+01 7.957924E-01 1.164732E+01
2.644300E+01 7.973478E-01 1.164221E+01
2.654200E+01 7.988989E-01 1.164633E+01
2.664100E+01 8.004459E-01 1.164132E+01
2.674000E+01 8.019887E-01 1.164550E+01
2.683900E+01 8.035273E-01 1.164058E+01
2.693800E+01 8.050618E-01 1.164481E+01
2.703700E+01 8.065922E-01 1.163999E+01
2.713600E+01 8.081184E-01 1.164427E+01
2.723500E+01 8.096406E-01 1.163955E+01
2.733400E+01 8.111587E-01 1.164387E+01
2.743300E+01 8.126728E-01 1.163924E+01
2.753200E+01 8.141829E-01 1.164361E+01
2.763100E+01 8.156889E-01 1.163907E+01
2.773000E+01 8.171910E-01 1.164349E+01
2.782900E+01 8.186891E-01 1.163904E+01
2.792800E+01 8.201833E-01 1.164350E+01
2.802700E+01 8.216735E-01 1.163913E+01
2.812600E+01 8.231599E-01 1.163482E+01
2.822500E+01 8.246423E-01 1.163935E+01
2.832400E+01 8.261209E-01 1.163512E+01
2.842300E+01 8.275957E-01 1.163970E+01
2.852200E+01 8.290666E-01 1.163555E+01
2.862100E+01 8.305336E-01 1.164016E+01
2.872000E+01 8.319969E-01 1.163609E+01
2.881900E+01 8.334564E-01 1.163207E+01
2.891800E+01 8.349122E-01 1.163675E+01
2.901700E+01 8.363642E-01 1.163281E+01
2.911600E+01 8.378124E-01 1.163753E+01
2.921500E+01 8.392570E-01 1.163366E+01
2.931400E+01 8.406978E-01 1.162983E+01
2.941300E+01 8.421350E-01 1.163461E+01
2.951200E+01 8.435685E-01 1.163086E+01
2.961100E+01 8.449984E-01 1.163568E+01
2.971000E+01 8.464247E-01 1.163200E+01
2.980900E+01 8.478473E-01 1.162837E+01
2.990800E+01 8.492664E-01 1.163324E+01
3.000700E+01 8.506818E-01 1.162967E+01
3.010600E+01 8.520937E-01 1.162615E+01
3.020500E+01 8.535021E-01 1.163108E+01
3.030400E+01 8.549069E-01 1.162762E+01
3.040300E+01 8.563082E-01 1.162421E+01
3.050200E+01 8.577061E-01 1.162919E+01
3.060100E+01 8.591004E-01 1.162584E+01
3.070000E+01 8.604913E-01 1.163085E+01
3.079900E+01 8.618787E-01 1.162756E+01
3.089800E+01 8.632627E-01 1.162432E+01
3.099700E+01 8.646432E-01 1.162938E+01
3.109600E+01 8.660204E-01 1.162619E+01
3.119500E+01 8.673941E-01 1.162305E+01
3.129400E+01 8.687645E-01 1.162815E+01
3.139300E+01 8.701315E-01 1.162506E+01
3.149200E+01 8.714952E-01 1.162202E+01
3.159100E+01 8.728555E-01 1.162717E+01
3.169000E+01 8.742125E-01 1.162417E+01
3.178900E+01 8.755662E-01 1.162122E+01
3.188800E+01 8.769166E-01 1.161831E+01
3.198700E+01 8.782638E-01 1.162352E+01
3.208600E+01 8.796077E-01 1.162065E+01
3.218500E+01 8.809483E-01 1.161783E+01
3.228400E+01 8.822857E-01 1.162308E+01
3.238300E+01 8.836198E-01 1.162031E+01
3.248200E+01 8.849508E-01 1.161757E+01
3.258100E+01 8.862786E-01 1.162286E+01
3.268000E+01 8.876032E-01 1.162017E+01
3.277900E+01 8.889246E-01 1.161752E+01
3.287800E+01 8.902428E-01 1.161490E+01
3.297700E+01 8.915580E-01 1.162025E+01
3.307600E+01 8.928700E-01 1.161768E+01
3.317500E+01 8.941789E-01 1.161514E+01
3.327400E+01 8.954846E-01 1.161263E+01
3.337300E+01 8.967873E-01 1.161803E+01
3.347200E+01 8.980870E-01 1.161557E+01
3.357100E+01 8.993835E-01 1.161315E+01
3.367000E+01 9.006770E-01 1.161075E+01
3.376900E+01 9.019675E-01 1.161619E+01
3.386800E+01 9.032549E-01 1.161384E+01
3.396700E+01 9.045393E-01 1.161153E+01
3.406600E+01 9.058208E-01 1.160924E+01
3.416500E+01 9.070992E-01 1.161473E+01
3.426400E+01 9.083747E-01 1.161248E+01
3.436300E+01 9.096472E-01 1.161026E+01
3.446200E+01 9.109167E-01 1.160808E+01
3.456100E+01 9.121833E-01 1.161361E+01
3.466000E+01 9.134470E-01 1.161146E+01
3.475900E+01 9.147078E-01 1.160935E+01
3.485800E+01 9.159656E-01 1.160726E+01
3.495700E+01 9.172206E-01 1.161283E+01
3.505600E+01 9.184727E-01 1.161078E+01
3.515500E+01 9.197219E-01 1.160876E+01
3.525400E+01 9.209683E-01 1.160677E+01
3.535300E+01 9.222118E-01 1.160480E+01
3.545200E+01 9.234524E-01 1.161043E+01
3.555100E+01 9.246903E-01 1.160850E+01
3.565000E+01 9.259253E-01 1.160659E+01
3.574900E+01 9.271575E-01 1.160472E+01
3.584800E+01 9.283870E-01 1.160287E+01
3.594700E+01 9.296137E-01 1.160854E+01
3.604600E+01 9.308375E-01 1.160672E+01
3.614500E+01 9.320587E-01 1.160493E+01
3.624400E+01 9.332771E-01 1.160317E+01
3.634300E+01 9.344927E-01 1.160143E+01
3.644200E+01 9.357056E-01 1.160714E+01
3.654100E+01 9.369159E-01 1.160544E+01
3.664000E+01 9.381234E-01 1.160376E+01
3.673900E+01 9.393282E-01 1.160210E+01
3.683800E+01 9.405303E-01 1.160047E+01
3.693700E+01 9.417297E-01 1.159886E+01
3.703600E+01 9.429265E-01 1.160462E+01
3.713500E+01 9.441207E-01 1.160305E+01
3.723400E+01 9.453122E-01 1.160149E+01
3.733300E+01 9.465010E-01 1.159996E+01
3.743200E+01 9.476872E-01 1.159845E+01
3.753100E+01 9.488709E-01 1.159697E+01
3.763000E+01 9.500519E-01 1.159550E+01
3.772900E+01 9.512303E-01 1.160132E+01
3.782800E+01 9.524062E-01 1.159989E+01
3.792700E+01 9.535794E-01 1.159847E+01
3.802600E+01 9.547501E-01 1.159708E+01
3.812500E+01 9.559183E-01 1.159571E+01
3.822400E+01 9.570839E-01 1.159437E+01
3.832300E+01 9.582469E-01 1.159304E+01
3.842200E+01 9.594075E-01 1.159891E+01
3.852100E+01 9.605655E-01 1.159761E+01
3.862000E+01 9.617210E-01 1.159633E+01
3.871900E+01 9.628740E-01 1.159507E+01
3.881800E+01 9.640245E-01 1.159383E+01
3.891700E+01 9.651726E-01 1.159261E+01
3.901600E+01 9.663182E-01 1.159141E+01
3.911500E+01 9.674613E-01 1.159023E+01
3.921400E+01 9.686019E-01 1.159616E+01
3.931300E+01 9.697401E-01 1.159500E+01
3.941200E+01 9.708759E-01 1.159387E+01
3.951100E+01 9.720093E-01 1.159275E+01
3.961000E+01 9.731402E-01 1.159166E+01
3.970900E+01 9.742687E-01 1.159058E+01
3.980800E+01 9.753949E-01 1.158952E+01
3.990700E+01 9.765186E-01 1.158848E+01
4.000600E+01 9.776400E-01 1.158746E+01
4.010500E+01 9.787589E-01 1.158646E+01
4.020400E+01 9.798755E-01 1.158547E+01
4.030300E+01 9.809898E-01 1.159146E+01
4.040200E+01 9.821017E-01 1.159049E+01
4.050100E+01 9.832113E-01 1.158955E+01
4.060000E+01 9.843185E-01 1.158862E+01
4.069900E+01 9.854235E-01 1.158771E+01
4.079800E+01 9.865261E-01 1.158682E+01
4.089700E+01 9.876264E-01 1.158594E+01
4.099600E+01 9.887244E-01 1.158508E+01
4.109500E+01 9.898201E-01 1.158424E+01
4.119400E+01 9.909135E-01 1.158341E+01
4.129300E+01 9.920047E-01 1.158260E+01
4.139200E+01 9.930936E-01 1.158181E+01
4.149100E+01 9.941802E-01 1.158103E+01
4.159000E+01 9.952646E-01 1.158027E+01
4.168900E+01 9.963468E-01 1.158633E+01
4.178800E+01 9.974267E-01 1.158559E+01
4.188700E+01 9.985043E-01 1.158486E+01
4.198600E+01 9.995798E-01 1.158415E+01
4.208500E+01 1.000653E+00 1.158346E+01
4.218400E+01 1.001724E+00 1.158278E+01
4.228300E+01 1.002793E+00 1.158212E+01
4.238200E+01 1.003860E+00 1.158147E+01
4.248100E+01 1.004924E+00 1.158083E+01
4.258000E+01 1.005986E+00 1.158021E+01
4.267900E+01 1.007047E+00 1.157961E+01
4.277800E+01 1.008105E+00 1.157902E+01
4.287700E+01 1.009160E+00 1.157845E+01
4.297600E+01 1.010214E+00 1.157789E+01
4.307500E+01 1.011266E+00 1.157734E+01
4.317400E+01 1.012315E+00 1.157681E+01
4.327300E+01 1.013362E+00 1.157629E+01
4.337200E+01 1.014408E+00 1.157579E+01
4.347100E+01 1.015451E+00 1.157530E+01
4.357000E+01 1.016492E+00 1.157482E+01
4.366900E+01 1.017531E+00 1.157436E+01
4.376800E+01 1.018567E+00 1.157391E+01
4.386700E+01 1.019602E+00 1.157347E+01
4.396600E+01 1.020635E+00 1.157305E+01
4.406500E+01 1.021665E+00 1.157264E+01
4.416400E+01 1.022694E+00 1.157224E+01
4.426300E+01 1.023721E+00 1.157186E+01
4.436200E+01 1.024745E+00 1.157149E+01
4.446100E+01 1.025767E+00 1.157113E+01
4.456000E+01 1.026788E+00 1.157079E+01
4.465900E+01 1.027806E+00 1.157046E+01
4.475800E+01 1.028822E+00 1.157014E+01
4.485700E+01 1.029837E+00 1.156983E+01
4.495600E+01 1.030849E+00 1.156954E+01
4.505500E+01 1.031859E+00 1.156925E+01
4.515400E+01 1.032868E+00 1.156898E+01
4.525300E+01 1.033874E+00 1.156873E+01
4.535200E+01 1.034879E+00 1.156848E+01
4.545100E+01 1.035881E+00 1.156825E+01
4.555000E+01 1.036881E+00 1.156802E+01
4.564900E+01 1.037880E+00 1.156781E+01
4.574800E+01 1.038876E+00 1.156761E+01
4.584700E+01 1.039871E+00 1.156743E+01
4.594600E+01 1.040864E+00 1.156725E+01
4.604500E+01 1.041854E+00 1.156709E+01
4.614400E+01 1.042843E+00 1.156693E+01
4.624300E+01 1.043830E+00 1.156679E+01
4.634200E+01 1.044815E+00 1.156666E+01
4.644100E+01 1.045798E+00 1.156654E+01
4.654000E+01 1.046779E+00 1.156643E+01
4.663900E+01 1.047759E+00 1.156634E+01
4.673800E+01 1.048736E+00 1.155993E+01
4.683700E+01 1.049711E+00 1.155986E+01
4.693600E+01 1.050685E+00 1.155980E+01
4.703500E+01 1.051657E+00 1.155976E+01
4.713400E+01 1.052627E+00 1.155972E+01
4.723300E+01 1.053595E+00 1.155970E+01
4.733200E+01 1.054561E+00 1.155968E+01
4.743100E+01 1.055525E+00 1.155968E+01
4.753000E+01 1.056488E+00 1.155968E+01
4.762900E+01 1.057448E+00 1.155970E+01
4.772800E+01 1.058407E+00 1.155972E+01
4.782700E+01 1.059364E+00 1.155976E+01
4.792600E+01 1.060319E+00 1.155981E+01
4.802500E+01 1.061273E+00 1.155986E+01
4.812400E+01 1.062224E+00 1.155993E+01
4.822300E+01 1.063174E+00 1.156000E+01
4.832200E+01 1.064122E+00 1.155390E+01
4.842100E+01 1.065068E+00 1.155400E+01
4.852000E+01 1.066012E+00 1.155411E+01
4.861900E+01 1.066955E+00 1.155423E+01
4.871800E+01 1.067896E+00 1.155436E+01
4.881700E+01 1.068835E+00 1.155450E+01
4.891600E+01 1.069772E+00 1.155465E+01
4.901500E+01 1.070708E+00 1.155481E+01
4.911400E+01 1.071642E+00 1.155498E+01
4.921300E+01 1.072574E+00 1.155516E+01
4.931200E+01 1.073504E+00 1.155534E+01
4.941100E+01 1.074433E+00 1.154944E+01
4.951000E+01 1.075359E+00 1.154965E+01
4.960900E+01 1.076285E+00 1.154987E+01
4.970800E+01 1.077208E+00 1.155010E+01
4.980700E+01 1.078130E+00 1.155033E+01
4.990600E+01 1.079050E+00 1.155058E+01
5.000500E+01 1.079968E+00 1.155083E+01
5.010400E+01 1.080885E+00 1.155110E+01
5.020300E+01 1.081799E+00 1.155137E+01
5.030200E+01 1.082713E+00 1.155165E+01
5.040100E+01 1.083624E+00 1.154591E+01
5.050000E+01 1.084534E+00 1.154621E+01
5.059900E+01 1.085442E+00 1.154653E+01
5.069800E+01 1.086349E+00 1.154685E+01
5.079700E+01 1.087253E+00 1.154717E+01
5.089600E+01 1.088157E+00 1.154751E+01
5.099500E+01 1.089058E+00 1.154786E+01
5.109400E+01 1.089958E+00 1.154821E+01
5.119300E+01 1.090856E+00 1.154260E+01
5.129200E+01 1.091753E+00 1.154298E+01
5.139100E+01 1.092648E+00 1.154336E+01
5.149000E+01 1.093541E+00 1.154375E+01
5.158900E+01 1.094433E+00 1.154415E+01
5.168800E+01 1.095323E+00 1.154455E+01
5.178700E+01 1.096212E+00 1.154497E+01
5.188600E+01 1.097098E+00 1.153947E+01
5.198500E+01 1.097984E+00 1.153991E+01
5.208400E+01 1.098867E+00 1.154035E+01
5.218300E+01 1.099750E+00 1.154080E+01
5.228200E+01 1.100630E+00 1.154126E+01
5.238100E+01 1.101509E+00 1.154172E+01
5.248000E+01 1.102386E+00 1.154219E+01
5.257900E+01 1.103262E+00 1.153680E+01
5.267800E+01 1.104136E+00 1.153730E+01
5.277700E+01 1.105009E+00 1.153780E+01
5.287600E+01 1.105880E+00 1.153830E+01
5.297500E+01 1.106749E+00 1.153882E+01
5.307400E+01 1.107617E+00 1.153934E+01
5.317300E+01 1.108484E+00 1.153987E+01
5.327200E+01 1.109349E+00 1.153458E+01
5.337100E+01 1.110212E+00 1.153513E+01
5.347000E+01 1.111074E+00 1.153568E+01
5.356900E+01 1.111934E+00 1.153624E+01
5.366800E+01 1.112793E+00 1.153681E+01
5.376700E+01 1.113650E+00 1.153739E+01
5.386600E+01 1.114506E+00 1.153219E+01
5.396500E+01 1.115360E+00 1.153278E+01
5.406400E+01 1.116213E+00 1.153338E+01
5.416300E+01 1.117064E+00 1.153399E+01
5.426200E+01 1.117913E+00 1.153460E+01
5.436100E+01 1.118762E+00 1.152947E+01
5.446000E+01 1.119608E+00 1.153010E+01
5.455900E+01 1.120453E+00 1.153074E+01
5.465800E+01 1.121297E+00 1.153139E+01
5.475700E+01 1.122139E+00 1.153204E+01
5.485600E+01 1.122980E+00 1.153269E+01
5.495500E+01 1.123820E+00 1.152765E+01
5.505400E+01 1.124657E+00 1.152832E+01
5.515300E+01 1.125494E+00 1.152900E+01
5.525200E+01 1.126329E+00 1.152969E+01
5.535100E+01 1.127162E+00 1.153038E+01
5.545000E+01 1.127994E+00 1.152541E+01
5.554900E+01 1.128825E+00 1.152612E+01
5.564800E+01 1.129654E+00 1.152683E+01
5.574700E+01 1.130482E+00 1.152756E+01
5.584600E+01 1.131308E+00 1.152828E+01
5.594500E+01 1.132133E+00 1.152337E+01
5.604400E+01 1.132956E+00 1.152412E+01
5.614300E+01 1.133778E+00 1.152487E+01
5.624200E+01 1.134599E+00 1.152562E+01
5.634100E+01 1.135418E+00 1.152639E+01
5.644000E+01 1.136236E+00 1.152154E+01
5.653900E+01 1.137052E+00 1.152232E+01
5.663800E+01 1.137867E+00 1.152310E+01
5.673700E+01 1.138680E+00 1.152389E+01
5.683600E+01 1.139493E+00 1.152469E+01
5.693500E+01 1.140303E+00 1.151990E+01
5.703400E+01 1.141113E+00 1.152071E+01
5.713300E+01 1.141921E+00 1.152153E+01
5.723200E+01 1.142727E+00 1.152235E+01
5.733100E+01 1.143533E+00 1.151762E+01
5.743000E+01 1.144337E+00 1.151846E+01
5.752900E+01 1.145139E+00 1.151930E+01
5.762800E+01 1.145940E+00 1.152015E+01
5.772700E+01 1.146740E+00 1.152100E+01
5.782600E+01 1.147538E+00 1.151633E+01
5.792500E+01 1.148336E+00 1.151720E+01
5.802400E+01 1.149131E+00 1.151807E+01
5.812300E+01 1.149926E+00 1.151895E+01
5.822200E+01 1.150719E+00 1.151433E+01
5.832100E+01 1.151510E+00 1.151522E+01
5.842000E+01 1.152301E+00 1.151612E+01
5.851900E+01 1.153090E+00 1.151702E+01
5.861800E+01 1.153878E+00 1.151244E+01
5.871700E+01 1.154664E+00 1.151336E+01
5.881600E+01 1.155449E+00 1.151428E+01
5.891500E+01 1.156233E+00 1.151521E+01
5.901400E+01 1.157015E+00 1.151068E+01
5.911300E+01 1.157797E+00 1.151162E+01
5.921200E+01 1.158576E+00 1.151257E+01
5.931100E+01 1.159355E+00 1.151352E+01
5.941000E+01 1.160132E+00 1.150904E+01
5.950900E+01 1.160908E+00 1.151000E+01
5.960800E+01 1.161683E+00 1.151097E+01
5.970700E+01 1.162456E+00 1.151194E+01
5.980600E+01 1.163228E+00 1.150751E+01
5.990500E+01 1.163999E+00 1.150850E+01
6.000400E+01 1.164769E+00 1.150949E+01
6.010300E+01 1.165537E+00 1.151048E+01
6.020200E+01 1.166304E+00 1.150609E+01
6.030100E+01 1.167070E+00 1.150710E+01
6.040000E+01 1.167834E+00 1.150811E+01
6.049900E+01 1.168597E+00 1.150913E+01
6.059800E+01 1.169359E+00 1.150479E+01
6.069700E+01 1.170120E+00 1.150582E+01
6.079600E+01 1.170880E+00 1.150685E+01
6.089500E+01 1.171638E+00 1.150254E+01
6.099400E+01 1.172395E+00 1.150359E+01
6.109300E+01 1.173150E+00 1.150464E+01
6.119200E+01 1.173905E+00 1.150569E+01
6.129100E+01 1.174658E+00 1.150142E+01
6.139000E+01 1.175410E+00 1.150249E+01
6.148900E+01 1.176161E+00 1.150357E+01
6.158800E+01 1.176911E+00 1.150464E+01
6.168700E+01 1.177659E+00 1.150041E+01
6.178600E+01 1.178406E+00 1.150150E+01
6.188500E+01 1.179152E+00 1.150260E+01
6.198400E+01 1.179897E+00 1.149840E+01
6.208300E+01 1.180640E+00 1.149950E+01
6.218200E+01 1.181382E+00 1.150061E+01
6.228100E+01 1.182124E+00 1.150173E+01
6.238000E+01 1.182863E+00 1.149757E+01
6.247900E+01 1.183602E+00 1.149869E+01
6.257800E+01 1.184340E+00 1.149982E+01
6.267700E+01 1.185076E+00 1.149570E+01
6.277600E+01 1.185811E+00 1.149684E+01
6.287500E+01 1.186545E+00 1.149798E+01
6.297400E+01 1.187278E+00 1.149389E+01
6.307300E+01 1.188009E+00 1.149504E+01
6.317200E+01 1.188740E+00 1.149620E+01
6.327100E+01 1.189469E+00 1.149737E+01
6.337000E+01 1.190197E+00 1.149331E+01
6.346900E+01 1.190924E+00 1.149448E+01
6.356800E+01 1.191650E+00 1.149566E+01
6.366700E+01 1.192374E+00 1.149164E+01
6.376600E+01 1.193098E+00 1.149283E+01
6.386500E+01 1.193820E+00 1.149402E+01
6.396400E+01 1.194541E+00 1.149002E+01
6.406300E+01 1.195261E+00 1.149122E+01
6.416200E+01 1.195980E+00 1.149243E+01
6.426100E+01 1.196698E+00 1.148847E+01
6.436000E+01 1.197414E+00 1.148968E+01
6.445900E+01 1.198130E+00 1.149090E+01
6.455800E+01 1.198844E+00 1.149213E+01
6.465700E+01 1.199557E+00 1.148820E+01
6.475600E+01 1.200269E+00 1.148943E+01
6.485500E+01 1.200980E+00 1.149067E+01
6.495400E+01 1.201690E+00 1.148677E+01
6.505300E+01 1.202399E+00 1.148802E+01
6.515200E+01 1.203106E+00 1.148927E+01
6.525100E+01 1.203813E+00 1.148539E+01
6.535000E+01 1.204518E+00 1.148666E+01
6.544900E+01 1.205222E+00 1.148792E+01
6.554800E+01 1.205925E+00 1.148407E+01
6.564700E+01 1.206627E+00 1.148535E+01
6.574600E+01 1.207328E+00 1.148663E+01
6.584500E+01 1.208028E+00 1.148281E+01
6.594400E+01 1.208727E+00 1.148410E+01
6.604300E+01 1.209424E+00 1.148539E+01
6.614200E+01 1.210121E+00 1.148160E+01
6.624100E+01 1.210816E+00 1.148290E+01
6.634000E+01 1.211511E+00 1.148420E+01
6.643900E+01 1.212204E+00 1.148044E+01
6.653800E+01 1.212896E+00 1.148175E+01
6.663700E+01 1.213587E+00 1.148307E+01
6.673600E+01 1.214277E+00 1.147933E+01
6.683500E+01 1.214966E+00 1.148065E+01
6.693400E+01 1.215654E+00 1.147694E+01
6.703300E+01 1.216341E+00 1.147827E+01
6.713200E+01 1.217027E+00 1.147961E+01
6.723100E+01 1.217712E+00 1.147592E+01
6.733000E+01 1.218395E+00 1.147726E+01
6.742900E+01 1.219078E+00 1.147861E+01
6.752800E+01 1.219760E+00 1.147495E+01
6.762700E+01 1.220440E+00 1.147631E+01
6.772600E+01 1.221120E+00 1.147767E+01
6.782500E+01 1.221798E+00 1.147402E+01
6.792400E+01 1.222475E+00 1.147540E+01
6.802300E+01 1.223152E+00 1.147677E+01
6.812200E+01 1.223827E+00 1.147315E+01
6.822100E+01 1.224501E+00 1.147453E+01
6.832000E+01 1.225175E+00 1.147592E+01
6.841900E+01 1.225847E+00 1.147233E+01
6.851800E+01 1.226518E+00 1.147372E+01
6.861700E+01 1.227188E+00 1.147015E+01
6.871600E+01 1.227857E+00 1.147155E+01
6.881500E+01 1.228526E+00 1.147295E+01
6.891400E+01 1.229193E+00 1.146940E+01
6.901300E+01 1.229859E+00 1.147082E+01
6.911200E+01 1.230524E+00 1.147223E+01
6.921100E+01 1.231188E+00 1.146871E+01
6.931000E+01 1.231851E+00 1.147013E+01
6.940900E+01 1.232513E+00 1.146662E+01
6.950800E+01 1.233174E+00 1.146805E+01
6.960700E+01 1.233834E+00 1.146949E+01
6.970600E+01 1.234493E+00 1.146600E+01
6.980500E+01 1.235151E+00 1.146745E+01
6.990400E+01 1.235808E+00 1.146889E+01
7.000300E+01 1.236465E+00 1.146543E+01
7.010200E+01 1.237120E+00 1.146688E+01
7.020100E+01 1.237774E+00 1.146344E+01
7.030000E+01 1.238427E+00 1.146490E+01
7.039900E+01 1.239079E+00 1.146636E+01
7.049800E+01 1.239730E+00 1.146294E+01
7.059700E+01 1.240380E+00 1.146441E+01
7.069600E+01 1.241030E+00 1.146100E+01
7.079500E+01 1.241678E+00 1.146248E+01
7.089400E+01 1.242325E+00 1.146397E+01
7.099300E+01 1.242972E+00 1.146058E+01
7.109200E+01 1.243617E+00 1.146207E+01
7.119100E+01 1.244261E+00 1.146356E+01
7.129000E+01 1.244905E+00 1.146020E+01
7.138900E+01 1.245547E+00 1.146170E+01
7.148800E+01 1.246189E+00 1.145835E+01
7.158700E+01 1.246829E+00 1.145986E+01
7.168600E+01 1.247469E+00 1.146137E+01
7.178500E+01 1.248108E+00 1.145804E+01
7.188400E+01 1.248745E+00 1.145956E+01
7.198300E+01 1.249382E+00 1.145625E+01
7.208200E+01 1.250018E+00 1.145778E+01
7.218100E+01 1.250653E+00 1.145930E+01
7.228000E+01 1.251287E+00 1.145601E+01
7.237900E+01 1.251920E+00 1.145755E+01
7.247800E+01 1.252552E+00 1.145427E+01
7.257700E+01 1.253183E+00 1.145581E+01
7.267600E+01 1.253813E+00 1.145256E+01
7.277500E+01 1.254442E+00 1.145410E+01
7.287400E+01 1.255071E+00 1.145565E+01
7.297300E+01 1.255698E+00 1.145242E+01
7.307200E+01 1.256325E+00 1.145397E+01
7.317100E+01 1.256950E+00 1.145075E+01
7.327000E+01 1.257575E+00 1.145232E+01
7.336900E+01 1.258199E+00 1.145388E+01
7.346800E+01 1.258822E+00 1.145068E+01
7.356700E+01 1.259444E+00 1.145225E+01
7.366600E+01 1.260065E+00 1.144907E+01
7.376500E+01 1.260685E+00 1.145064E+01
7.386400E+01 1.261304E+00 1.144747E+01
7.396300E+01 1.261922E+00 1.144906E+01
7.406200E+01 1.262540E+00 1.145064E+01
7.416100E+01 1.263156E+00 1.144749E+01
7.426000E+01 1.263772E+00 1.144909E+01
7.435900E+01 1.264387E+00 1.144595E+01
7.445800E+01 1.265000E+00 1.144755E+01
7.455700E+01 1.265613E+00 1.144443E+01
7.465600E+01 1.266225E+00 1.144603E+01
7.475500E+01 1.266837E+00 1.144764E+01
7.485400E+01 1.267447E+00 1.144454E+01
7.495300E+01 1.268056E+00 1.144615E+01
7.505200E+01 1.268665E+00 1.144306E+01
7.515100E+01 1.269272E+00 1.144468E+01
7.525000E+01 1.269879E+00 1.144161E+01
7.534900E+01 1.270485E+00 1.144324E+01
7.544800E+01 1.271090E+00 1.144487E+01
7.554700E+01 1.271694E+00 1.144181E+01
7.564600E+01 1.272298E+00 1.144344E+01
7.574500E+01 1.272900E+00 1.144040E+01
7.584400E+01 1.273502E+00 1.144204E+01
7.594300E+01 1.274102E+00 1.143901E+01
7.604200E+01 1.274702E+00 1.144066E+01
7.614100E+01 1.275301E+00 1.143765E+01
7.624000E+01 1.275899E+00 1.143930E+01
7.633900E+01 1.276497E+00 1.144095E+01
7.643800E+01 1.277093E+00 1.143796E+01
7.653700E+01 1.277689E+00 1.143962E+01
7.663600E+01 1.278283E+00 1.143663E+01
7.673500E+01 1.278877E+00 1.143830E+01
7.683400E+01 1.279470E+00 1.143533E+01
7.693300E+01 1.280062E+00 1.143700E+01
7.703200E+01 1.280654E+00 1.143404E+01
7.713100E+01 1.281244E+00 1.143572E+01
7.723000E+01 1.281834E+00 1.143278E+01
7.732900E+01 1.282423E+00 1.143446E+01
7.742800E+01 1.283011E+00 1.143614E+01
7.752700E+01 1.283598E+00 1.143322E+01
7.762600E+01 1.284184E+00 1.143491E+01
7.772500E+01 1.284770E+00 1.143199E+01
7.782400E+01 1.285354E+00 1.143369E+01
7.792300E+01 1.285938E+00 1.143079E+01
7.802200E+01 1.286521E+00 1.143249E+01
7.812100E+01 1.287103E+00 1.142960E+01
7.822000E+01 1.287685E+00 1.143131E+01
7.831900E+01 1.288265E+00 1.142843E+01
7.841800E+01 1.288845E+00 1.143014E+01
7.851700E+01 1.289424E+00 1.142728E+01
7.861600E+01 1.290002E+00 1.142900E+01
7.871500E+01 1.290579E+00 1.143072E+01
7.881400E+01 1.291156E+00 1.142787E+01
7.891300E+01 1.291732E+00 1.142959E+01
7.901200E+01 1.292306E+00 1.142676E+01
7.911100E+01 1.292881E+00 1.142849E+01
7.921000E+01 1.293454E+00 1.142567E+01
7.930900E+01 1.294026E+00 1.142740E+01
7.940800E+01 1.294598E+00 1.142459E+01
7.950700E+01 1.295169E+00 1.142633E+01
7.960600E+01 1.295739E+00 1.142353E+01
7.970500E+01 1.296308E+00 1.142528E+01
7.980400E+01 1.296877E+00 1.142249E+01
7.990300E+01 1.297444E+00 1.142424E+01
8.000200E+01 1.298011E+00 1.142147E+01
8.010100E+01 1.298577E+00 1.142322E+01
8.020000E+01 1.299143E+00 1.142046E+01
8.029900E+01 1.299707E+00 1.142222E+01
8.039800E+01 1.300271E+00 1.141947E+01
8.049700E+01 1.300834E+00 1.142123E+01
8.059600E+01 1.301396E+00 1.141849E+01
8.069500E+01 1.301958E+00 1.142026E+01
8.079400E+01 1.302519E+00 1.141754E+01
8.089300E+01 1.303078E+00 1.141931E+01
8.099200E+01 1.303638E+00 1.141659E+01
8.109100E+01 1.304196E+00 1.141837E+01
8.119000E+01 1.304754E+00 1.141567E+01
8.128900E+01 1.305310E+00 1.141745E+01
8.138800E+01 1.305866E+00 1.141476E+01
8.148700E+01 1.306422E+00 1.141655E+01
8.158600E+01 1.306976E+00 1.141387E+01
8.168500E+01 1.307530E+00 1.141566E+01
8.178400E+01 1.308083E+00 1.141299E+01
8.188300E+01 1.308635E+00 1.141479E+01
8.198200E+01 1.309187E+00 1.141213E+01
8.208100E+01 1.309738E+00 1.141393E+01
8.218000E+01 1.310288E+00 1.141128E+01
8.227900E+01 1.310837E+00 1.141309E+01
8.237800E+01 1.311385E+00 1.141045E+01
8.247700E+01 1.311933E+00 1.141226E+01
8.257600E+01 1.312480E+00 1.140963E+01
8.267500E+01 1.313026E+00 1.141145E+01
8.277400E+01 1.313572E+00 1.140883E+01
8.287300E+01 1.314117E+00 1.141065E+01
8.297200E+01 1.314661E+00 1.140805E+01
8.307100E+01 1.315204E+00 1.140987E+01
8.317000E+01 1.315746E+00 1.140728E+01
8.326900E+01 1.316288E+00 1.140911E+01
8.336800E+01 1.316829E+00 1.140652E+01
8.346700E+01 1.317370E+00 1.140835E+01
8.356600E+01 1.317909E+00 1.140578E+01
8.366500E+01 1.318448E+00 1.140762E+01
8.376400E+01 1.318986E+00 1.140505E+01
8.386300E+01 1.319524E+00 1.140690E+01
8.396200E+01 1.320061E+00 1.140434E+01
8.406100E+01 1.320597E+00 1.140619E+01
8.416000E+01 1.321132E+00 1.140365E+01
8.425900E+01 1.321666E+00 1.140550E+01
8.435800E+01 1.322200E+00 1.140296E+01
8.445700E+01 1.322733E+00 1.140482E+01
8.455600E+01 1.323266E+00 1.140230E+01
8.465500E+01 1.323797E+00 1.140415E+01
8.475400E+01 1.324328E+00 1.140164E+01
8.485300E+01 1.324859E+00 1.140350E+01
8.495200E+01 1.325388E+00 1.140100E+01
8.505100E+01 1.325917E+00 1.140287E+01
8.515000E+01 1.326445E+00 1.140037E+01
8.524900E+01 1.326973E+00 1.139789E+01
8.534800E+01 1.327499E+00 1.139976E+01
8.544700E+01 1.328025E+00 1.139729E+01
8.554600E+01 1.328551E+00 1.139916E+01
8.564500E+01 1.329075E+00 1.139670E+01
8.574400E+01 1.329599E+00 1.139858E+01
8.584300E+01 1.330123E+00 1.139612E+01
8.594200E+01 1.330645E+00 1.139801E+01
8.604100E+01 1.331167E+00 1.139556E+01
8.614000E+01 1.331688E+00 1.139745E+01
8.623900E+01 1.332209E+00 1.139501E+01
8.633800E+01 1.332728E+00 1.139691E+01
8.643700E+01 1.333247E+00 1.139448E+01
8.653600E+01 1.333766E+00 1.139637E+01
8.663500E+01 1.334283E+00 1.139396E+01
8.673400E+01 1.334800E+00 1.139155E+01
8.683300E+01 1.335317E+00 1.139345E+01
8.693200E+01 1.335832E+00 1.139105E+01
8.703100E+01 1.336347E+00 1.139295E+01
8.713000E+01 1.336862E+00 1.139056E+01
8.722900E+01 1.337375E+00 1.139247E+01
8.732800E+01 1.337888E+00 1.139009E+01
8.742700E+01 1.338401E+00 1.139200E+01
8.752600E+01 1.338912E+00 1.138963E+01
8.762500E+01 1.339423E+00 1.139154E+01
8.772400E+01 1.339933E+00 1.138918E+01
8.782300E+01 1.340443E+00 1.138682E+01
8.792200E+01 1.340952E+00 1.138875E+01
8.802100E+01 1.341460E+00 1.138640E+01
8.812000E+01 1.341968E+00 1.138832E+01
8.821900E+01 1.342475E+00 1.138598E+01
8.831800E+01 1.342981E+00 1.138791E+01
8.841700E+01 1.343486E+00 1.138558E+01
8.851600E+01 1.343991E+00 1.138752E+01
8.861500E+01 1.344496E+00 1.138519E+01
8.871400E+01 1.344999E+00 1.138288E+01
8.881300E+01 1.345502E+00 1.138482E+01
8.891200E+01 1.346005E+00 1.138251E+01
8.901100E+01 1.346506E+00 1.138445E+01
8.911000E+01 1.347007E+00 1.138215E+01
8.920900E+01 1.347508E+00 1.138410E+01
8.930800E+01 1.348007E+00 1.138181E+01
8.940700E+01 1.348506E+00 1.138376E+01
8.950600E+01 1.349005E+00 1.138148E+01
8.960500E+01 1.349503E+00 1.137921E+01
8.970400E+01 1.350000E+00 1.138116E+01
8.980300E+01 1.350496E+00 1.137889E+01
8.990200E+01 1.350992E+00 1.138085E+01
9.000100E+01 1.351487E+00 1.137859E+01
9.010000E+01 1.351982E+00 1.138056E+01
9.019900E+01 1.352476E+00 1.137831E+01
9.029800E+01 1.352969E+00 1.137606E+01
9.039700E+01 1.353462E+00 1.137803E+01
9.049600E+01 1.353954E+00 1.137580E+01
9.059500E+01 1.354445E+00 1.137777E+01
9.069400E+01 1.354936E+00 1.137554E+01
9.079300E+01 1.355426E+00 1.137751E+01
9.089200E+01 1.355915E+00 1.137529E+01
9.099100E+01 1.356404E+00 1.137308E+01
9.109000E+01 1.356892E+00 1.137506E+01
9.118900E+01 1.357380E+00 1.137286E+01
9.128800E+01 1.357867E+00 1.137484E+01
9.138700E+01 1.358353E+00 1.137264E+01
9.148600E+01 1.358839E+00 1.137463E+01
9.158500E+01 1.359324E+00 1.137244E+01
9.168400E+01 1.359809E+00 1.137026E+01
9.178300E+01 1.360293E+00 1.137225E+01
9.188200E+01 1.360776E+00 1.137007E+01
9.198100E+01 1.361258E+00 1.137206E+01
9.208000E+01 1.361740E+00 1.136990E+01
9.217900E+01 1.362222E+00 1.136774E+01
9.227800E+01 1.362703E+00 1.136974E+01
9.237700E+01 1.363183E+00 1.136759E+01
9.247600E+01 1.363662E+00 1.136958E+01
9.257500E+01 1.364141E+00 1.136744E+01
9.267400E+01 1.364620E+00 1.136944E+01
9.277300E+01 1.365098E+00 1.136731E+01
9.287200E+01 1.365575E+00 1.136518E+01
9.297100E+01 1.366051E+00 1.136718E+01
9.307000E+01 1.366527E+00 1.136506E+01
9.316900E+01 1.367003E+00 1.136707E+01
9.326800E+01 1.367477E+00 1.136496E+01
9.336700E+01 1.367951E+00 1.136285E+01
9.346600E+01 1.368425E+00 1.136486E+01
9.356500E+01 1.368898E+00 1.136276E+01
9.366400E+01 1.369370E+00 1.136478E+01
9.376300E+01 1.369842E+00 1.136268E+01
9.386200E+01 1.370313E+00 1.136060E+01
9.396100E+01 1.370784E+00 1.136262E+01
9.406000E+01 1.371254E+00 1.136054E+01
9.415900E+01 1.371723E+00 1.136256E+01
9.425800E+01 1.372192E+00 1.136049E+01
9.435700E+01 1.372660E+00 1.135842E+01
9.445600E+01 1.373128E+00 1.136045E+01
9.455500E+01 1.373595E+00 1.135839E+01
9.465400E+01 1.374061E+00 1.136042E+01
9.475300E+01 1.374527E+00 1.135837E+01
9.485200E+01 1.374992E+00 1.135632E+01
9.495100E+01 1.375457E+00 1.135836E+01
9.505000E+01 1.375921E+00 1.135632E+01
9.514900E+01 1.376385E+00 1.135836E+01
9.524800E+01 1.376848E+00 1.135632E+01
9.534700E+01 1.377310E+00 1.135429E+01
9.544600E+01 1.377772E+00 1.135634E+01
9.554500E+01 1.378233E+00 1.135432E+01
9.564400E+01 1.378694E+00 1.135636E+01
9.574300E+01 1.379154E+00 1.135435E+01
9.584200E+01 1.379613E+00 1.135234E+01
9.594100E+01 1.380072E+00 1.135439E+01
9.604000E+01 1.380530E+00 1.135239E+01
9.613900E+01 1.380988E+00 1.135444E+01
9.623800E+01 1.381445E+00 1.135245E+01
9.633700E+01 1.381902E+00 1.135046E+01
9.643600E+01 1.382358E+00 1.135251E+01
9.653500E+01 1.382814E+00 1.135053E+01
9.663400E+01 1.383269E+00 1.134855E+01
9.673300E+01 1.383723E+00 1.135061E+01
9.683200E+01 1.384177E+00 1.134864E+01
9.693100E+01 1.384630E+00 1.135071E+01
9.703000E+01 1.385083E+00 1.134874E+01
9.712900E+01 1.385535E+00 1.134678E+01
9.722800E+01 1.385987E+00 1.134885E+01
9.732700E+01 1.386438E+00 1.134690E+01
9.742600E+01 1.386888E+00 1.134495E+01
9.752500E+01 1.387338E+00 1.134703E+01
9.762400E+01 1.387788E+00 1.134508E+01
9.772300E+01 1.388237E+00 1.134716E+01
9.782200E+01 1.388685E+00 1.134523E+01
9.792100E+01 1.389133E+00 1.134330E+01
9.802000E+01 1.389580E+00 1.134538E+01
9.811900E+01 1.390026E+00 1.134345E+01
9.821800E+01 1.390472E+00 1.134153E+01
9.831700E+01 1.390918E+00 1.134362E+01
9.841600E+01 1.391363E+00 1.134171E+01
9.851500E+01 1.391807E+00 1.134379E+01
9.861400E+01 1.392251E+00 1.134189E+01
9.871300E+01 1.392695E+00 1.133999E+01
9.881200E+01 1.393138E+00 1.134208E+01
9.891100E+01 1.393580E+00 1.134018E+01
9.901000E+01 1.394022E+00 1.133829E+01
9.910900E+01 1.394463E+00 1.134039E+01
9.920800E+01 1.394904E+00 1.133850E+01
9.930700E+01 1.395344E+00 1.134060E+01
9.940600E+01 1.395783E+00 1.133872E+01
9.950500E+01 1.396222E+00 1.133685E+01
9.960400E+01 1.396661E+00 1.133895E+01
9.970300E+01 1.397099E+00 1.133709E+01
9.980200E+01 1.397536E+00 1.133523E+01
9.990100E+01 1.397973E+00 1.133733E+01
1.000000E+02 1.398410E+00 1.133548E+01
1.009000E+02 1.402353E+00 1.133027E+01
1.018000E+02 1.406253E+00 1.132921E+01
1.027000E+02 1.410111E+00 1.132444E+01
1.036000E+02 1.413928E+00 1.131989E+01
1.045000E+02 1.417704E+00 1.131556E+01
1.054000E+02 1.421439E+00 1.131143E+01
1.063000E+02 1.425135E+00 1.130751E+01
1.072000E+02 1.428791E+00 1.130379E+01
1.081000E+02 1.432410E+00 1.130026E+01
1.090000E+02 1.435990E+00 1.129693E+01
1.099000E+02 1.439533E+00 1.129377E+01
1.108000E+02 1.443040E+00 1.129080E+01
1.117000E+02 1.446510E+00 1.128429E+01
1.126000E+02 1.449945E+00 1.128169E+01
1.135000E+02 1.453345E+00 1.127924E+01
1.144000E+02 1.456711E+00 1.127331E+01
1.153000E+02 1.460042E+00 1.127121E+01
1.162000E+02 1.463340E+00 1.126564E+01
1.171000E+02 1.466606E+00 1.126386E+01
1.180000E+02 1.469838E+00 1.125864E+01
1.189000E+02 1.473039E+00 1.125360E+01
1.198000E+02 1.476208E+00 1.125228E+01
1.207000E+02 1.479345E+00 1.124757E+01
1.216000E+02 1.482453E+00 1.124302E+01
1.225000E+02 1.485530E+00 1.123863E+01
1.234000E+02 1.488577E+00 1.123440E+01
1.243000E+02 1.491594E+00 1.123032E+01
1.252000E+02 1.494583E+00 1.122640E+01
1.261000E+02 1.497543E+00 1.122262E+01
1.270000E+02 1.500475E+00 1.121899E+01
1.279000E+02 1.503380E+00 1.121551E+01
1.288000E+02 1.506257E+00 1.121216E+01
1.297000E+02 1.509106E+00 1.120895E+01
1.306000E+02 1.511929E+00 1.120588E+01
1.315000E+02 1.514726E+00 1.120293E+01
1.324000E+02 1.517497E+00 1.119676E+01
1.333000E+02 1.520242E+00 1.119409E+01
1.342000E+02 1.522962E+00 1.119153E+01
1.351000E+02 1.525657E+00 1.118578E+01
1.360000E+02 1.528327E+00 1.118349E+01
1.369000E+02 1.530973E+00 1.117801E+01
1.378000E+02 1.533596E+00 1.117596E+01
1.387000E+02 1.536194E+00 1.117074E+01
1.396000E+02 1.538769E+00 1.116892E+01
1.405000E+02 1.541321E+00 1.116396E+01
1.414000E+02 1.543850E+00 1.116237E+01
1.423000E+02 1.546357E+00 1.115765E+01
1.432000E+02 1.548841E+00 1.115306E+01
1.441000E+02 1.551304E+00 1.114860E+01
1.450000E+02 1.553745E+00 1.114744E+01
1.459000E+02 1.556164E+00 1.114320E+01
1.468000E+02 1.558563E+00 1.113908E+01
1.477000E+02 1.560940E+00 1.113507E+01
1.486000E+02 1.563297E+00 1.113117E+01
1.495000E+02 1.565634E+00 1.112739E+01
1.504000E+02 1.567951E+00 1.112371E+01
1.513000E+02 1.570247E+00 1.112014E+01
1.522000E+02 1.572524E+00 1.111668E+01
1.531000E+02 1.574782E+00 1.111332E+01
1.540000E+02 1.577021E+00 1.111006E+01
1.549000E+02 1.579240E+00 1.110690E+01
1.558000E+02 1.581441E+00 1.110383E+01
1.567000E+02 1.583624E+00 1.110087E+01
1.576000E+02 1.585788E+00 1.109496E+01
1.585000E+02 1.587934E+00 1.109219E+01
1.594000E+02 1.590062E+00 1.108951E+01
1.603000E+02 1.592173E+00 1.108693E+01
1.612000E+02 1.594266E+00 1.108143E+01
1.621000E+02 1.596342E+00 1.107903E+01
1.630000E+02 1.598401E+00 1.107373E+01
1.639000E+02 1.600443E+00 1.107151E+01
1.648000E+02 1.602469E+00 1.106938E+01
1.657000E+02 1.604478E+00 1.106437E+01
1.666000E+02 1.606471E+00 1.106240E+01
1.675000E+02 1.608447E+00 1.105758E+01
1.684000E+02 1.610408E+00 1.105578E+01
1.693000E+02 1.612353E+00 1.105114E+01
1.702000E+02 1.614283E+00 1.104659E+01
1.711000E+02 1.616197E+00 1.104503E+01
1.720000E+02 1.618096E+00 1.104066E+01
1.729000E+02 1.619979E+00 1.103637E+01
1.738000E+02 1.621848E+00 1.103505E+01
1.747000E+02 1.623703E+00 1.103093E+01
1.756000E+02 1.625542E+00 1.102689E+01
1.765000E+02 1.627368E+00 1.102294E+01
1.774000E+02 1.629179E+00 1.101907E+01
1.783000E+02 1.630976E+00 1.101812E+01
1.792000E+02 1.632759E+00 1.101441E+01
1.801000E+02 1.634528E+00 1.101078E+01
1.810000E+02 1.636283E+00 1.100722E+01
1.819000E+02 1.638025E+00 1.100374E+01
1.828000E+02 1.639754E+00 1.100034E+01
1.837000E+02 1.641469E+00 1.099701E+01
1.846000E+02 1.643172E+00 1.099376E+01
1.855000E+02 1.644861E+00 1.099058E+01
1.864000E+02 1.646537E+00 1.098747E+01
1.873000E+02 1.648201E+00 1.098444E+01
1.882000E+02 1.649853E+00 1.098147E+01
1.891000E+02 1.651491E+00 1.097583E+01
1.900000E+02 1.653118E+00 1.097301E+01
1.909000E+02 1.654732E+00 1.097025E+01
1.918000E+02 1.656335E+00 1.096757E+01
1.927000E+02 1.657925E+00 1.096495E+01
1.936000E+02 1.659504E+00 1.095968E+01
1.945000E+02 1.661070E+00 1.095719E+01
1.954000E+02 1.662626E+00 1.095477E+01
1.963000E+02 1.664169E+00 1.094972E+01
1.972000E+02 1.665702E+00 1.094743E+01
1.981000E+02 1.667223E+00 1.094520E+01
1.990000E+02 1.668733E+00 1.094036E+01
1.999000E+02 1.670232E+00 1.093826E+01
2.008000E+02 1.671721E+00 1.093355E+01
2.017000E+02 1.673198E+00 1.093157E+01
2.026000E+02 1.674665E+00 1.092965E+01
2.035000E+02 1.676121E+00 1.092514E+01
2.044000E+02 1.677566E+00 1.092070E+01
2.053000E+02 1.679001E+00 1.091895E+01
2.062000E+02 1.680426E+00 1.091464E+01
2.071000E+02 1.681841E+00 1.091301E+01
2.080000E+02 1.683246E+00 1.090883E+01
2.089000E+02 1.684640E+00 1.090731E+01
2.098000E+02 1.686025E+00 1.090324E+01
2.107000E+02 1.687400E+00 1.089924E+01
2.116000E+02 1.688765E+00 1.089788E+01
2.125000E+02 1.690120E+00 1.089400E+01
2.134000E+02 1.691466E+00 1.089018E+01
2.143000E+02 1.692803E+00 1.088641E+01
2.152000E+02 1.694130E+00 1.088527E+01
2.161000E+02 1.695448E+00 1.088162E+01
2.170000E+02 1.696757E+00 1.087803E+01
2.179000E+02 1.698056E+00 1.087449E+01
2.188000E+02 1.699347E+00 1.087101E+01
2.197000E+02 1.700628E+00 1.087012E+01
2.206000E+02 1.701901E+00 1.086675E+01
2.215000E+02 1.703165E+00 1.086343E+01
2.224000E+02 1.704421E+00 1.086017E+01
2.233000E+02 1.705667E+00 1.085696E+01
2.242000E+02 1.706905E+00 1.085380E+01
2.251000E+02 1.708135E+00 1.085070E+01
2.260000E+02 1.709356E+00 1.084765E+01
2.269000E+02 1.710569E+00 1.084465E+01
2.278000E+02 1.711774E+00 1.084170E+01
2.287000E+02 1.712970E+00 1.083880E+01
2.296000E+02 1.714159E+00 1.083595E+01
2.305000E+02 1.715339E+00 1.083315E+01
2.314000E+02 1.716512E+00 1.083040E+01
2.323000E+02 1.717676E+00 1.082770E+01
2.332000E+02 1.718833E+00 1.082259E+01
2.341000E+02 1.719982E+00 1.081999E+01
2.350000E+02 1.721124E+00 1.081743E+01
2.359000E+02 1.722257E+00 1.081492E+01
2.368000E+02 1.723383E+00 1.081246E+01
2.377000E+02 1.724502E+00 1.081004E+01
2.386000E+02 1.725613E+00 1.080524E+01
2.395000E+02 1.726717E+00 1.080291E+01
2.404000E+02 1.727814E+00 1.080063E+01
2.413000E+02 1.728903E+00 1.079840E+01
2.422000E+02 1.729986E+00 1.079380E+01
2.431000E+02 1.731061E+00 1.079165E+01
2.440000E+02 1.732129E+00 1.078954E+01
2.449000E+02 1.733190E+00 1.078509E+01
2.458000E+02 1.734244E+00 1.078307E+01
2.467000E+02 1.735291E+00 1.077872E+01
2.476000E+02 1.736332E+00 1.077678E+01
2.485000E+02 1.737366E+00 1.077489E+01
2.494000E+02 1.738393E+00 1.077067E+01
2.503000E+02 1.739413E+00 1.076886E+01
2.512000E+02 1.740427E+00 1.076473E+01
2.521000E+02 1.741434E+00 1.076301E+01
2.530000E+02 1.742435E+00 1.075897E+01
2.539000E+02 1.743429E+00 1.075732E+01
2.548000E+02 1.744417E+00 1.075337E+01
2.557000E+02 1.745399E+00 1.075180E+01
2.566000E+02 1.746374E+00 1.074794E+01
2.575000E+02 1.747343E+00 1.074645E+01
2.584000E+02 1.748306E+00 1.074267E+01
2.593000E+02 1.749263E+00 1.074125E+01
2.602000E+02 1.750214E+00 1.073755E+01
2.611000E+02 1.751158E+00 1.073390E+01
2.620000E+02 1.752097E+00 1.073260E+01
2.629000E+02 1.753030E+00 1.072903E+01
2.638000E+02 1.753957E+00 1.072550E+01
2.647000E+02 1.754878E+00 1.072430E+01
2.656000E+02 1.755793E+00 1.072085E+01
2.665000E+02 1.756703E+00 1.071744E+01
2.674000E+02 1.757607E+00 1.071407E+01
2.683000E+02 1.758505E+00 1.071302E+01
2.692000E+02 1.759398E+00 1.070973E+01
2.701000E+02 1.760285E+00 1.070647E+01
2.710000E+02 1.761166E+00 1.070326E+01
2.719000E+02 1.762042E+00 1.070234E+01
2.728000E+02 1.762913E+00 1.069920E+01
2.737000E+02 1.763778E+00 1.069610E+01
2.746000E+02 1.764638E+00 1.069303E+01
2.755000E+02 1.765493E+00 1.069000E+01
2.764000E+02 1.766342E+00 1.068701E+01
2.773000E+02 1.767186E+00 1.068629E+01
2.782000E+02 1.768025E+00 1.068337E+01
2.791000E+02 1.768859E+00 1.068049E+01
2.800000E+02 1.769688E+00 1.067764E+01
2.809000E+02 1.770511E+00 1.067482E+01
2.818000E+02 1.771330E+00 1.067204E+01
2.827000E+02 1.772143E+00 1.066930E+01
2.836000E+02 1.772952E+00 1.066659E+01
2.845000E+02 1.773755E+00 1.066391E+01
2.854000E+02 1.774554E+00 1.066127E+01
2.863000E+02 1.775348E+00 1.065866E+01
2.872000E+02 1.776137E+00 1.065609E+01
2.881000E+02 1.776922E+00 1.065355E+01
2.890000E+02 1.777701E+00 1.065104E+01
2.899000E+02 1.778476E+00 1.064856E+01
2.908000E+02 1.779247E+00 1.064612E+01
2.917000E+02 1.780012E+00 1.064371E+01
2.926000E+02 1.780773E+00 1.064133E+01
2.935000E+02 1.781530E+00 1.063681E+01
2.944000E+02 1.782282E+00 1.063450E+01
2.953000E+02 1.783029E+00 1.063222E+01
2.962000E+02 1.783772E+00 1.062997E+01
2.971000E+02 1.784510E+00 1.062775E+01
2.980000E+02 1.785245E+00 1.062556E+01
2.989000E+02 1.785974E+00 1.062124E+01
2.998000E+02 1.786700E+00 1.061911E+01
3.007000E+02 1.787421E+00 1.061702E+01
3.016000E+02 1.788138E+00 1.061495E+01
3.025000E+02 1.788850E+00 1.061291E+01
3.034000E+02 1.789559E+00 1.060876E+01
3.043000E+02 1.790263E+00 1.060679E+01
3.052000E+02 1.790963E+00 1.060484E+01
3.061000E+02 1.791659E+00 1.060079E+01
3.070000E+02 1.792351E+00 1.059890E+01
3.079000E+02 1.793039E+00 1.059703E+01
3.088000E+02 1.793722E+00 1.059520E+01
3.097000E+02 1.794402E+00 1.059128E+01
3.106000E+02 1.795078E+00 1.058950E+01
3.115000E+02 1.795750E+00 1.058775E+01
3.124000E+02 1.796418E+00 1.058392E+01
3.133000E+02 1.797082E+00 1.058223E+01
3.142000E+02 1.797742E+00 1.057846E+01
3.151000E+02 1.798398E+00 1.057682E+01
3.160000E+02 1.799050E+00 1.057521E+01
3.169000E+02 1.799699E+00 1.057153E+01
3.178000E+02 1.800344E+00 1.056997E+01
3.187000E+02 1.800985E+00 1.056635E+01
3.196000E+02 1.801623E+00 1.056484E+01
3.205000E+02 1.802256E+00 1.056128E+01
3.214000E+02 1.802886E+00 1.055983E+01
3.223000E+02 1.803513E+00 1.055633E+01
3.232000E+02 1.804136E+00 1.055493E+01
3.241000E+02 1.804755E+00 1.055148E+01
3.250000E+02 1.805371E+00 1.055013E+01
3.259000E+02 1.805983E+00 1.054674E+01
3.268000E+02 1.806592E+00 1.054544E+01
3.277000E+02 1.807197E+00 1.054211E+01
3.286000E+02 1.807799E+00 1.054086E+01
3.295000E+02 1.808397E+00 1.053758E+01
3.304000E+02 1.808992E+00 1.053433E+01
3.313000E+02 1.809583E+00 1.053315E+01
3.322000E+02 1.810171E+00 1.052995E+01
3.331000E+02 1.810756E+00 1.052883E+01
3.340000E+02 1.811337E+00 1.052568E+01
3.349000E+02 1.811915E+00 1.052256E+01
3.358000E+02 1.812490E+00 1.052151E+01
3.367000E+02 1.813062E+00 1.051844E+01
3.376000E+02 1.813630E+00 1.051540E+01
3.385000E+02 1.814195E+00 1.051442E+01
3.394000E+02 1.814757E+00 1.051143E+01
3.403000E+02 1.815316E+00 1.050847E+01
3.412000E+02 1.815872E+00 1.050755E+01
3.421000E+02 1.816424E+00 1.050464E+01
3.430000E+02 1.816973E+00 1.050175E+01
3.439000E+02 1.817520E+00 1.049889E+01
3.448000E+02 1.818063E+00 1.049806E+01
3.457000E+02 1.818603E+00 1.049525E+01
3.466000E+02 1.819140E+00 1.049247E+01
3.475000E+02 1.819674E+00 1.048970E+01
3.484000E+02 1.820205E+00 1.048896E+01
3.493000E+02 1.820733E+00 1.048625E+01
3.502000E+02 1.821258E+00 1.048356E+01
3.511000E+02 1.821781E+00 1.048089E+01
3.520000E+02 1.822300E+00 1.047825E+01
3.529000E+02 1.822816E+00 1.047563E+01
3.538000E+02 1.823330E+00 1.047502E+01
3.547000E+02 1.823840E+00 1.047245E+01
3.556000E+02 1.824348E+00 1.046990E+01
3.565000E+02 1.824853E+00 1.046737E+01
3.574000E+02 1.825355E+00 1.046487E+01
3.583000E+02 1.825855E+00 1.046239E+01
3.592000E+02 1.826351E+00 1.045993E+01
3.601000E+02 1.826845E+00 1.045750E+01
3.610000E+02 1.827336E+00 1.045509E+01
3.619000E+02 1.827825E+00 1.045466E+01
3.628000E+02 1.828311E+00 1.045229E+01
3.637000E+02 1.828794E+00 1.044995E+01
3.646000E+02 1.829274E+00 1.044762E+01
3.655000E+02 1.829752E+00 1.044532E+01
3.664000E+02 1.830227E+00 1.044304E+01
3.673000E+02 1.830699E+00 1.044078E+01
3.682000E+02 1.831169E+00 1.043854E+01
3.691000E+02 1.831636E+00 1.043633E+01
3.700000E+02 1.832101E+00 1.043413E+01
3.709000E+02 1.832563E+00 1.043196E+01
3.718000E+02 1.833023E+00 1.042980E+01
3.727000E+02 1.833480E+00 1.042767E+01
3.736000E+02 1.833934E+00 1.042556E+01
3.745000E+02 1.834387E+00 1.042347E+01
3.754000E+02 1.834836E+00 1.041948E+01
3.763000E+02 1.835283E+00 1.041743E+01
3.772000E+02 1.835728E+00 1.041540E+01
3.781000E+02 1.836170E+00 1.041339E+01
3.790000E+02 1.836610E+00 1.041141E+01
3.799000E+02 1.837048E+00 1.040944E+01
3.808000E+02 1.837483E+00 1.040749E+01
3.817000E+02 1.837915E+00 1.040556E+01
3.826000E+02 1.838346E+00 1.040365E+01
3.835000E+02 1.838774E+00 1.039986E+01
3.844000E+02 1.839199E+00 1.039799E+01
3.853000E+02 1.839623E+00 1.039614E+01
3.862000E+02 1.840044E+00 1.039431E+01
3.871000E+02 1.840462E+00 1.039250E+01
3.880000E+02 1.840879E+00 1.039071E+01
3.889000E+02 1.841293E+00 1.038704E+01
3.898000E+02 1.841705E+00 1.038529E+01
3.907000E+02 1.842115E+00 1.038355E+01
3.916000E+02 1.842522E+00 1.038184E+01
3.925000E+02 1.842928E+00 1.038014E+01
3.934000E+02 1.843331E+00 1.037658E+01
3.943000E+02 1.843732E+00 1.037492E+01
3.952000E+02 1.844131E+00 1.037327E+01
3.961000E+02 1.844527E+00 1.037165E+01
3.970000E+02 1.844922E+00 1.036817E+01
3.979000E+02 1.845314E+00 1.036658E+01
3.988000E+02 1.845704E+00 1.036501E+01
3.997000E+02 1.846092E+00 1.036159E+01
4.006000E+02 1.846478E+00 1.036006E+01
4.015000E+02 1.846862E+00 1.035854E+01
4.024000E+02 1.847244E+00 1.035518E+01
4.033000E+02 1.847624E+00 1.035370E+01
4.042000E+02 1.848002E+00 1.035224E+01
4.051000E+02 1.848377E+00 1.034893E+01
4.060000E+02 1.848751E+00 1.034750E+01
4.069000E+02 1.849123E+00 1.034609E+01
4.078000E+02 1.849493E+00 1.034285E+01
4.087000E+02 1.849860E+00 1.034147E+01
4.096000E+02 1.850226E+00 1.034011E+01
4.105000E+02 1.850590E+00 1.033692E+01
4.114000E+02 1.850952E+00 1.033559E+01
4.123000E+02 1.851312E+00 1.033244E+01
4.132000E+02 1.851670E+00 1.033115E+01
4.141000E+02 1.852026E+00 1.032987E+01
4.150000E+02 1.852380E+00 1.032678E+01
4.159000E+02 1.852732E+00 1.032553E+01
4.168000E+02 1.853082E+00 1.032247E+01
4.177000E+02 1.853431E+00 1.032126E+01
4.186000E+02 1.853778E+00 1.031824E+01
4.195000E+02 1.854122E+00 1.031706E+01
4.204000E+02 1.854465E+00 1.031407E+01
4.213000E+02 1.854806E+00 1.031293E+01
4.222000E+02 1.855146E+00 1.030997E+01
4.231000E+02 1.855483E+00 1.030886E+01
4.240000E+02 1.855819E+00 1.030594E+01
4.249000E+02 1.856153E+00 1.030486E+01
4.258000E+02 1.856485E+00 1.030198E+01
4.267000E+02 1.856815E+00 1.030092E+01
4.276000E+02 1.857144E+00 1.029808E+01
4.285000E+02 1.857470E+00 1.029705E+01
4.294000E+02 1.857796E+00 1.029424E+01
4.303000E+02 1.858119E+00 1.029325E+01
4.312000E+02 1.858441E+00 1.029047E+01
4.321000E+02 1.858760E+00 1.028951E+01
4.330000E+02 1.859079E+00 1.028676E+01
4.339000E+02 1.859395E+00 1.028403E+01
4.348000E+02 1.859710E+00 1.028312E+01
4.357000E+02 1.860023E+00 1.028042E+01
4.366000E+02 1.860335E+00 1.027953E+01
4.375000E+02 1.860644E+00 1.027687E+01
4.384000E+02 1.860952E+00 1.027422E+01
4.393000E+02 1.861259E+00 1.027338E+01
4.402000E+02 1.861564E+00 1.027076E+01
4.411000E+02 1.861867E+00 1.026995E+01
4.420000E+02 1.862169E+00 1.026736E+01
4.429000E+02 1.862469E+00 1.026480E+01
4.438000E+02 1.862767E+00 1.026403E+01
4.447000E+02 1.863064E+00 1.026149E+01
4.456000E+02 1.863360E+00 1.025897E+01
4.465000E+02 1.863653E+00 1.025824E+01
4.474000E+02 1.863945E+00 1.025575E+01
4.483000E+02 1.864236E+00 1.025328E+01
4.492000E+02 1.864525E+00 1.025259E+01
4.501000E+02 1.864813E+00 1.025015E+01
4.510000E+02 1.865099E+00 1.024772E+01
4.519000E+02 1.865383E+00 1.024531E+01
4.528000E+02 1.865666E+00 1.024468E+01
4.537000E+02 1.865948E+00 1.024230E+01
4.546000E+02 1.866228E+00 1.023993E+01
4.555000E+02 1.866506E+00 1.023758E+01
4.564000E+02 1.866783E+00 1.023700E+01
4.573000E+02 1.867059E+00 1.023468E+01
4.582000E+02 1.867333E+00 1.023237E+01
4.591000E+02 1.867605E+00 1.023008E+01
4.600000E+02 1.867877E+00 1.022955E+01
4.609000E+02 1.868146E+00 1.022729E+01
4.618000E+02 1.868415E+00 1.022504E+01
4.627000E+02 1.868682E+00 1.022281E+01
4.636000E+02 1.868947E+00 1.022059E+01
4.645000E+02 1.869211E+00 1.022013E+01
4.654000E+02 1.869474E+00 1.021794E+01
4.663000E+02 1.869735E+00 1.021576E+01
4.672000E+02 1.869995E+00 1.021360E+01
4.681000E+02 1.870253E+00 1.021145E+01
4.690000E+02 1.870511E+00 1.021105E+01
4.699000E+02 1.870766E+00 1.020893E+01
4.708000E+02 1.871021E+00 1.020683E+01
4.717000E+02 1.871274E+00 1.020474E+01
4.726000E+02 1.871525E+00 1.020266E+01
4.735000E+02 1.871776E+00 1.020059E+01
4.744000E+02 1.872025E+00 1.019854E+01
4.753000E+02 1.872273E+00 1.019651E+01
4.762000E+02 1.872519E+00 1.019621E+01
4.771000E+02 1.872764E+00 1.019420E+01
4.780000E+02 1.873008E+00 1.019220E+01
4.789000E+02 1.873250E+00 1.019022E+01
4.798000E+02 1.873492E+00 1.018825E+01
4.807000E+02 1.873731E+00 1.018629E+01
4.816000E+02 1.873970E+00 1.018435E+01
4.825000E+02 1.874207E+00 1.018242E+01
4.834000E+02 1.874444E+00 1.018050E+01
4.843000E+02 1.874678E+00 1.017860E+01
4.852000E+02 1.874912E+00 1.017671E+01
4.861000E+02 1.875144E+00 1.017483E+01
4.870000E+02 1.875375E+00 1.017297E+01
4.879000E+02 1.875605E+00 1.017112E+01
4.888000E+02 1.875834E+00 1.016928E+01
4.897000E+02 1.876061E+00 1.016746E+01
4.906000E+02 1.876288E+00 1.016564E+01
4.915000E+02 1.876513E+00 1.016385E+01
4.924000E+02 1.876737E+00 1.016206E+01
4.933000E+02 1.876959E+00 1.016028E+01
4.942000E+02 1.877181E+00 1.015852E+01
4.951000E+02 1.877401E+00 1.015677E+01
4.960000E+02 1.877620E+00 1.015504E+01
4.969000E+02 1.877838E+00 1.015331E+01
4.978000E+02 1.878055E+00 1.015160E+01
4.987000E+02 1.878270E+00 1.014990E+01
4.996000E+02 1.878485E+00 1.014821E+01
5.005000E+02 1.878698E+00 1.014653E+01
5.014000E+02 1.878910E+00 1.014487E+01
5.023000E+02 1.879121E+00 1.014322E+01
5.032000E+02 1.879331E+00 1.014158E+01
5.041000E+02 1.879540E+00 1.013995E+01
5.050000E+02 1.879747E+00 1.013834E+01
5.059000E+02 1.879954E+00 1.013673E+01
5.068000E+02 1.880159E+00 1.013514E+01
5.077000E+02 1.880364E+00 1.013356E+01
5.086000E+02 1.880567E+00 1.013032E+01
5.095000E+02 1.880769E+00 1.012876E+01
5.104000E+02 1.880970E+00 1.012722E+01
5.113000E+02 1.881170E+00 1.012568E+01
5.122000E+02 1.881369E+00 1.012416E+01
5.131000E+02 1.881567E+00 1.012265E+01
5.140000E+02 1.881763E+00 1.012115E+01
5.149000E+02 1.881959E+00 1.011967E+01
5.158000E+02 1.882154E+00 1.011653E+01
5.167000E+02 1.882347E+00 1.011506E+01
5.176000E+02 1.882540E+00 1.011361E+01
5.185000E+02 1.882731E+00 1.011217E+01
5.194000E+02 1.882922E+00 1.011074E+01
5.203000E+02 1.883111E+00 1.010932E+01
5.212000E+02 1.883300E+00 1.010626E+01
5.221000E+02 1.883487E+00 1.010486E+01
5.230000E+02 1.883673E+00 1.010348E+01
5.239000E+02 1.883859E+00 1.010210E+01
5.248000E+02 1.884043E+00 1.010074E+01
5.257000E+02 1.884227E+00 1.009774E+01
5.266000E+02 1.884409E+00 1.009639E+01
5.275000E+02 1.884590E+00 1.009506E+01
5.284000E+02 1.884771E+00 1.009374E+01
5.293000E+02 1.884950E+00 1.009243E+01
5.302000E+02 1.885129E+00 1.008949E+01
5.311000E+02 1.885306E+00 1.008820E+01
5.320000E+02 1.885483E+00 1.008693E+01
5.329000E+02 1.885658E+00 1.008566E+01
5.338000E+02 1.885833E+00 1.008277E+01
5.347000E+02 1.886006E+00 1.008152E+01
5.356000E+02 1.886179E+00 1.008029E+01
5.365000E+02 1.886351E+00 1.007906E+01
5.374000E+02 1.886522E+00 1.007621E+01
5.383000E+02 1.886692E+00 1.007501E+01
5.392000E+02 1.886860E+00 1.007382E+01
5.401000E+02 1.887028E+00 1.007101E+01
5.410000E+02 1.887196E+00 1.006983E+01
5.419000E+02 1.887362E+00 1.006867E+01
5.428000E+02 1.887527E+00 1.006589E+01
5.437000E+02 1.887691E+00 1.006475E+01
5.446000E+02 1.887855E+00 1.006362E+01
5.455000E+02 1.888017E+00 1.006250E+01
5.464000E+02 1.888179E+00 1.005977E+01
5.473000E+02 1.888340E+00 1.005866E+01
5.482000E+02 1.888500E+00 1.005757E+01
5.491000E+02 1.888659E+00 1.005487E+01
5.500000E+02 1.888817E+00 1.005380E+01
5.509000E+02 1.888974E+00 1.005113E+01
5.518000E+02 1.889131E+00 1.005007E+01
5.527000E+02 1.889286E+00 1.004903E+01
5.536000E+02 1.889441E+00 1.004639E+01
5.545000E+02 1.889595E+00 1.004536E+01
5.554000E+02 1.889748E+00 1.004435E+01
5.563000E+02 1.889900E+00 1.004174E+01
5.572000E+02 1.890051E+00 1.004075E+01
5.581000E+02 1.890201E+00 1.003816E+01
5.590000E+02 1.890351E+00 1.003718E+01
5.599000E+02 1.890500E+00 1.003622E+01
5.608000E+02 1.890648E+00 1.003366E+01
5.617000E+02 1.890795E+00 1.003271E+01
5.626000E+02 1.890941E+00 1.003018E+01
5.635000E+02 1.891087E+00 1.002925E+01
5.644000E+02 1.891231E+00 1.002833E+01
5.653000E+02 1.891375E+00 1.002583E+01
5.662000E+02 1.891518E+00 1.002493E+01
5.671000E+02 1.891660E+00 1.002244E+01
5.680000E+02 1.891802E+00 1.002156E+01
5.689000E+02 1.891942E+00 1.001910E+01
5.698000E+02 1.892082E+00 1.001824E+01
5.707000E+02 1.892221E+00 1.001738E+01
5.716000E+02 1.892359E+00 1.001495E+01
5.725000E+02 1.892497E+00 1.001411E+01
5.734000E+02 1.892634E+00 1.001170E+01
5.743000E+02 1.892769E+00 1.001088E+01
5.752000E+02 1.892905E+00 1.000849E+01
5.761000E+02 1.893039E+00 1.000769E+01
5.770000E+02 1.893173E+00 1.000532E+01
5.779000E+02 1.893305E+00 1.000454E+01
5.788000E+02 1.893438E+00 1.000219E+01
5.797000E+02 1.893569E+00 1.000142E+01
5.806000E+02 1.893699E+00 9.999090E+00
5.815000E+02 1.893829E+00 9.998344E+00
5.824000E+02 1.893958E+00 9.996031E+00
5.833000E+02 1.894087E+00 9.995302E+00
5.842000E+02 1.894214E+00 9.993008E+00
5.851000E+02 1.894341E+00 9.992296E+00
5.860000E+02 1.894467E+00 9.990022E+00
5.869000E+02 1.894593E+00 9.987758E+00
5.878000E+02 1.894718E+00 9.987072E+00
5.887000E+02 1.894842E+00 9.984827E+00
5.896000E+02 1.894965E+00 9.984159E+00
5.905000E+02 1.895087E+00 9.981933E+00
5.914000E+02 1.895209E+00 9.981281E+00
5.923000E+02 1.895330E+00 9.979073E+00
5.932000E+02 1.895451E+00 9.978438E+00
5.941000E+02 1.895571E+00 9.976249E+00
5.950000E+02 1.895690E+00 9.974070E+00
5.959000E+02 1.895808E+00 9.973460E+00
5.968000E+02 1.895926E+00 9.971300E+00
5.977000E+02 1.896043E+00 9.970706E+00
5.986000E+02 1.896159E+00 9.968564E+00
5.995000E+02 1.896274E+00 9.966431E+00
6.004000E+02 1.896389E+00 9.965863E+00
6.013000E+02 1.896504E+00 9.963748E+00
6.022000E+02 1.896617E+00 9.963195E+00
6.031000E+02 1.896730E+00 9.961099E+00
6.040000E+02 1.896842E+00 9.959011E+00
6.049000E+02 1.896954E+00 9.958483E+00
6.058000E+02 1.897065E+00 9.956413E+00
6.067000E+02 1.897175E+00 9.954353E+00
6.076000E+02 1.897285E+00 9.953849E+00
6.085000E+02 1.897394E+00 9.951806E+00
6.094000E+02 1.897502E+00 9.949773E+00
6.103000E+02 1.897609E+00 9.949292E+00
6.112000E+02 1.897716E+00 9.947276E+00
6.121000E+02 1.897823E+00 9.945269E+00
6.130000E+02 1.897928E+00 9.944812E+00
6.139000E+02 1.898034E+00 9.942822E+00
6.148000E+02 1.898138E+00 9.940842E+00
6.157000E+02 1.898242E+00 9.940408E+00
6.166000E+02 1.898345E+00 9.938444E+00
6.175000E+02 1.898448E+00 9.936489E+00
6.184000E+02 1.898550E+00 9.936078E+00
6.193000E+02 1.898651E+00 9.934140E+00
6.202000E+02 1.898752E+00 9.932211E+00
6.211000E+02 1.898852E+00 9.931823E+00
6.220000E+02 1.898951E+00 9.929910E+00
6.229000E+02 1.899050E+00 9.928007E+00
6.238000E+02 1.899148E+00 9.926111E+00
6.247000E+02 1.899246E+00 9.925753E+00
6.256000E+02 1.899343E+00 9.923875E+00
6.265000E+02 1.899439E+00 9.922005E+00
6.274000E+02 1.899535E+00 9.921669E+00
6.283000E+02 1.899631E+00 9.919815E+00
6.292000E+02 1.899725E+00 9.917969E+00
6.301000E+02 1.899819E+00 9.916132E+00
6.310000E+02 1.899913E+00 9.915826E+00
6.319000E+02 1.900006E+00 9.914005E+00
6.328000E+02 1.900098E+00 9.912192E+00
6.337000E+02 1.900190E+00 9.910388E+00
6.346000E+02 1.900281E+00 9.910111E+00
6.355000E+02 1.900372E+00 9.908323E+00
6.364000E+02 1.900462E+00 9.906542E+00
6.373000E+02 1.900551E+00 9.904770E+00
6.382000E+02 1.900640E+00 9.903007E+00
6.391000E+02 1.900728E+00 9.902765E+00
6.400000E+02 1.900816E+00 9.901017E+00
6.409000E+02 1.900903E+00 9.899277E+00
6.418000E+02 1.900990E+00 9.897545E+00
6.427000E+02 1.901076E+00 9.895821E+00
6.436000E+02 1.901162E+00 9.895615E+00
6.445000E+02 1.901247E+00 9.893907E+00
6.454000E+02 1.901331E+00 9.892206E+00
6.463000E+02 1.901415E+00 9.890513E+00
6.472000E+02 1.901499E+00 9.888829E+00
6.481000E+02 1.901581E+00 9.888657E+00
6.490000E+02 1.901664E+00 9.886987E+00
6.499000E+02 1.901745E+00 9.885325E+00
6.508000E+02 1.901827E+00 9.883671E+00
6.517000E+02 1.901907E+00 9.882025E+00
6.526000E+02 1.901988E+00 9.880386E+00
6.535000E+02 1.902067E+00 9.878756E+00
6.544000E+02 1.902146E+00 9.878632E+00
6.553000E+02 1.902225E+00 9.877016E+00
6.562000E+02 1.902303E+00 9.875407E+00
6.571000E+02 1.902381E+00 9.873807E+00
6.580000E+02 1.902458E+00 9.872213E+00
6.589000E+02 1.902534E+00 9.870628E+00
6.598000E+02 1.902610E+00 9.869050E+00
6.607000E+02 1.902686E+00 9.868973E+00
6.616000E+02 1.902761E+00 9.867409E+00
6.625000E+02 1.902835E+00 9.865853E+00
6.634000E+02 1.902909E+00 9.864304E+00
6.643000E+02 1.902983E+00 9.862763E+00
6.652000E+02 1.903056E+00 9.861229E+00
6.661000E+02 1.903128E+00 9.859702E+00
6.670000E+02 1.903200E+00 9.858183E+00
6.679000E+02 1.903272E+00 9.856672E+00
6.688000E+02 1.903343E+00 9.855167E+00
6.697000E+02 1.903414E+00 9.855155E+00
6.706000E+02 1.903484E+00 9.853664E+00
6.715000E+02 1.903553E+00 9.852181E+00
6.724000E+02 1.903622E+00 9.850705E+00
6.733000E+02 1.903691E+00 9.849236E+00
6.742000E+02 1.903759E+00 9.847774E+00
6.751000E+02 1.903827E+00 9.846319E+00
6.760000E+02 1.903894E+00 9.844872E+00
6.769000E+02 1.903961E+00 9.843432E+00
6.778000E+02 1.904027E+00 9.841998E+00
6.787000E+02 1.904093E+00 9.840572E+00
6.796000E+02 1.904158E+00 9.839153E+00
6.805000E+02 1.904223E+00 9.837741E+00
6.814000E+02 1.904287E+00 9.836336E+00
6.823000E+02 1.904351E+00 9.834937E+00
6.832000E+02 1.904415E+00 9.833546E+00
6.841000E+02 1.904478E+00 9.832162E+00
6.850000E+02 1.904540E+00 9.830784E+00
6.859000E+02 1.904602E+00 9.829414E+00
6.868000E+02 1.904664E+00 9.828050E+00
6.877000E+02 1.904725E+00 9.826693E+00
6.886000E+02 1.904786E+00 9.825343E+00
6.895000E+02 1.904846E+00 9.824000E+00
6.904000E+02 1.904906E+00 9.822664E+00
6.913000E+02 1.904965E+00 9.821334E+00
6.922000E+02 1.905024E+00 9.820011E+00
6.931000E+02 1.905083E+00 9.818695E+00
6.940000E+02 1.905141E+00 9.817385E+00
6.949000E+02 1.905199E+00 9.816082E+00
6.958000E+02 1.905256E+00 9.814786E+00
6.967000E+02 1.905313E+00 9.813497E+00
6.976000E+02 1.905369E+00 9.812213E+00
6.985000E+02 1.905425E+00 9.810937E+00
6.994000E+02 1.905481E+00 9.809667E+00
7.003000E+02 1.905536E+00 9.808404E+00
7.012000E+02 1.905590E+00 9.807147E+00
7.021000E+02 1.905645E+00 9.805897E+00
7.030000E+02 1.905699E+00 9.804653E+00
7.039000E+02 1.905752E+00 9.803415E+00
7.048000E+02 1.905805E+00 9.802184E+00
7.057000E+02 1.905858E+00 9.800960E+00
7.066000E+02 1.905910E+00 9.799742E+00
7.075000E+02 1.905962E+00 9.798530E+00
7.084000E+02 1.906013E+00 9.797325E+00
7.093000E+02 1.906064E+00 9.796126E+00
7.102000E+02 1.906114E+00 9.794933E+00
7.111000E+02 1.906164E+00 9.792297E+00
7.120000E+02 1.906214E+00 9.791117E+00
7.129000E+02 1.906264E+00 9.789944E+00
7.138000E+02 1.906313E+00 9.788777E+00
7.147000E+02 1.906361E+00 9.787616E+00
7.156000E+02 1.906409E+00 9.786462E+00
7.165000E+02 1.906457E+00 9.785314E+00
7.174000E+02 1.906504E+00 9.784171E+00
7.183000E+02 1.906551E+00 9.783035E+00
7.192000E+02 1.906598E+00 9.781905E+00
7.201000E+02 1.906644E+00 9.779339E+00
7.210000E+02 1.906690E+00 9.778222E+00
7.219000E+02 1.906735E+00 9.777111E+00
7.228000E+02 1.906780E+00 9.776006E+00
7.237000E+02 1.906825E+00 9.774907E+00
7.246000E+02 1.906869E+00 9.773814E+00
7.255000E+02 1.906913E+00 9.772727E+00
7.264000E+02 1.906957E+00 9.771646E+00
7.273000E+02 1.907000E+00 9.769135E+00
7.282000E+02 1.907042E+00 9.768067E+00
7.291000E+02 1.907085E+00 9.767004E+00
7.300000E+02 1.907127E+00 9.765947E+00
7.309000E+02 1.907168E+00 9.764897E+00
7.318000E+02 1.907210E+00 9.763852E+00
7.327000E+02 1.907251E+00 9.762813E+00
7.336000E+02 1.907291E+00 9.760348E+00
7.345000E+02 1.907331E+00 9.759322E+00
7.354000E+02 1.907371E+00 9.758301E+00
7.363000E+02 1.907411E+00 9.757286E+00
7.372000E+02 1.907450E+00 9.756276E+00
7.381000E+02 1.907488E+00 9.753845E+00
7.390000E+02 1.907527E+00 9.752847E+00
7.399000E+02 1.907565E+00 9.751856E+00
7.408000E+02 1.907603E+00 9.750870E+00
7.417000E+02 1.907640E+00 9.749890E+00
7.426000E+02 1.907677E+00 9.748915E+00
7.435000E+02 1.907713E+00 9.746523E+00
7.444000E+02 1.907750E+00 9.745560E+00
7.453000E+02 1.907786E+00 9.744603E+00
7.462000E+02 1.907821E+00 9.743652E+00
7.471000E+02 1.907856E+00 9.742706E+00
7.480000E+02 1.907891E+00 9.740345E+00
7.489000E+02 1.907926E+00 9.739411E+00
7.498000E+02 1.907960E+00 9.738482E+00
7.507000E+02 1.907994E+00 9.737559E+00
7.516000E+02 1.908027E+00 9.735224E+00
7.525000E+02 1.908060E+00 9.734312E+00
7.534000E+02 1.908093E+00 9.733406E+00
7.543000E+02 1.908126E+00 9.732506E+00
7.552000E+02 1.908158E+00 9.731611E+00
7.561000E+02 1.908190E+00 9.729306E+00
7.570000E+02 1.908221E+00 9.728423E+00
7.579000E+02 1.908253E+00 9.727544E+00
7.588000E+02 1.908283E+00 9.726671E+00
7.597000E+02 1.908314E+00 9.724392E+00
7.606000E+02 1.908344E+00 9.723530E+00
7.615000E+02 1.908374E+00 9.722674E+00
7.624000E+02 1.908404E+00 9.720413E+00
7.633000E+02 1.908433E+00 9.719567E+00
7.642000E+02 1.908462E+00 9.718728E+00
7.651000E+02 1.908490E+00 9.717893E+00
7.660000E+02 1.908519E+00 9.715656E+00
7.669000E+02 1.908547E+00 9.714833E+00
7.678000E+02 1.908574E+00 9.714014E+00
7.687000E+02 1.908601E+00 9.713201E+00
7.696000E+02 1.908628E+00 9.710988E+00
7.705000E+02 1.908655E+00 9.710186E+00
7.714000E+02 1.908682E+00 9.709389E+00
7.723000E+02 1.908708E+00 9.707194E+00
7.732000E+02 1.908733E+00 9.706408E+00
7.741000E+02 1.908759E+00 9.705627E+00
7.750000E+02 1.908784E+00 9.703450E+00
7.759000E+02 1.908809E+00 9.702679E+00
7.768000E+02 1.908833E+00 9.701914E+00
7.777000E+02 1.908858E+00 9.701154E+00
7.786000E+02 1.908882E+00 9.699000E+00
7.795000E+02 1.908905E+00 9.698250E+00
7.804000E+02 1.908929E+00 9.697506E+00
7.813000E+02 1.908952E+00 9.695369E+00
7.822000E+02 1.908975E+00 9.694635E+00
7.831000E+02 1.908997E+00 9.693906E+00
7.840000E+02 1.909019E+00 9.691787E+00
7.849000E+02 1.909041E+00 9.691068E+00
7.858000E+02 1.909063E+00 9.690355E+00
7.867000E+02 1.909084E+00 9.688253E+00
7.876000E+02 1.909105E+00 9.687549E+00
7.885000E+02 1.909126E+00 9.686851E+00
7.894000E+02 1.909146E+00 9.684766E+00
7.903000E+02 1.909166E+00 9.684078E+00
7.912000E+02 1.909186E+00 9.683395E+00
7.921000E+02 1.909206E+00 9.681327E+00
7.930000E+02 1.909225E+00 9.680654E+00
7.939000E+02 1.909244E+00 9.678597E+00
7.948000E+02 1.909263E+00 9.677934E+00
7.957000E+02 1.909281E+00 9.677276E+00
7.966000E+02 1.909299E+00 9.675236E+00
7.975000E+02 1.909317E+00 9.674588E+00
7.984000E+02 1.909335E+00 9.673944E+00
7.993000E+02 1.909352E+00 9.671921E+00
8.002000E+02 1.909369E+00 9.671288E+00
8.011000E+02 1.909386E+00 9.669275E+00
8.020000E+02 1.909402E+00 9.668652E+00
8.029000E+02 1.909419E+00 9.668033E+00
8.038000E+02 1.909434E+00 9.666037E+00
8.047000E+02 1.909450E+00 9.665428E+00
8.056000E+02 1.909466E+00 9.663443E+00
8.065000E+02 1.909481E+00 9.662844E+00
8.074000E+02 1.909496E+00 9.662249E+00
8.083000E+02 1.909510E+00 9.660281E+00
8.092000E+02 1.909525E+00 9.659696E+00
8.101000E+02 1.909539E+00 9.657738E+00
8.110000E+02 1.909553E+00 9.657162E+00
8.119000E+02 1.909566E+00 9.656592E+00
8.128000E+02 1.909579E+00 9.654650E+00
8.137000E+02 1.909592E+00 9.654088E+00
8.146000E+02 1.909605E+00 9.652157E+00
8.155000E+02 1.909618E+00 9.651605E+00
8.164000E+02 1.909630E+00 9.649685E+00
8.173000E+02 1.909642E+00 9.649143E+00
8.182000E+02 1.909654E+00 9.647233E+00
8.191000E+02 1.909665E+00 9.646700E+00
8.200000E+02 1.909677E+00 9.646171E+00
8.209000E+02 1.909688E+00 9.644277E+00
8.218000E+02 1.909698E+00 9.643758E+00
8.227000E+02 1.909709E+00 9.641874E+00
8.236000E+02 1.909719E+00 9.641364E+00
8.245000E+02 1.909729E+00 9.639490E+00
8.254000E+02 1.909739E+00 9.638990E+00
8.263000E+02 1.909748E+00 9.637127E+00
8.272000E+02 1.909758E+00 9.636635E+00
8.281000E+02 1.909767E+00 9.634782E+00
8.290000E+02 1.909775E+00 9.634300E+00
8.299000E+02 1.909784E+00 9.632457E+00
8.308000E+02 1.909792E+00 9.631984E+00
8.317000E+02 1.909800E+00 9.631515E+00
8.326000E+02 1.909808E+00 9.629687E+00
8.335000E+02 1.909816E+00 9.629228E+00
8.344000E+02 1.909823E+00 9.627410E+00
8.353000E+02 1.909830E+00 9.626959E+00
8.362000E+02 1.909837E+00 9.625152E+00
8.371000E+02 1.909844E+00 9.624710E+00
8.380000E+02 1.909850E+00 9.622912E+00
8.389000E+02 1.909856E+00 9.622479E+00
8.398000E+02 1.909862E+00 9.620691E+00
8.407000E+02 1.909868E+00 9.620267E+00
8.416000E+02 1.909873E+00 9.618489E+00
8.425000E+02 1.909878E+00 9.618074E+00
8.434000E+02 1.909883E+00 9.616306E+00
8.443000E+02 1.909888E+00 9.615899E+00
8.452000E+02 1.909893E+00 9.614141E+00
8.461000E+02 1.909897E+00 9.612388E+00
8.470000E+02 1.909901E+00 9.611995E+00
8.479000E+02 1.909905E+00 9.610252E+00
8.488000E+02 1.909908E+00 9.609867E+00
8.497000E+02 1.909912E+00 9.608133E+00
8.506000E+02 1.909915E+00 9.607757E+00
8.515000E+02 1.909918E+00 9.606033E+00
8.524000E+02 1.909921E+00 9.605666E+00
8.533000E+02 1.909923E+00 9.603951E+00
8.542000E+02 1.909926E+00 9.603592E+00
8.551000E+02 1.909928E+00 9.601887E+00
8.560000E+02 1.909930E+00 9.601537E+00
8.569000E+02 1.909931E+00 9.599841E+00
8.578000E+02 1.909933E+00 9.598151E+00
8.587000E+02 1.909934E+00 9.597813E+00
8.596000E+02 1.909935E+00 9.596132E+00
8.605000E+02 1.909936E+00 9.595803E+00
8.614000E+02 1.909936E+00 9.594131E+00
8.623000E+02 1.909936E+00 9.593810E+00
8.632000E+02 1.909937E+00 9.592148E+00
8.641000E+02 1.909937E+00 9.590490E+00
8.650000E+02 1.909936E+00 9.590182E+00
8.659000E+02 1.909936E+00 9.588534E+00
8.668000E+02 1.909935E+00 9.588233E+00
8.677000E+02 1.909934E+00 9.586594E+00
8.686000E+02 1.909933E+00 9.586302E+00
8.695000E+02 1.909932E+00 9.584672E+00
8.704000E+02 1.909930E+00 9.583047E+00
8.713000E+02 1.909928E+00 9.582767E+00
8.722000E+02 1.909927E+00 9.581151E+00
8.731000E+02 1.909924E+00 9.580880E+00
8.740000E+02 1.909922E+00 9.579273E+00
8.749000E+02 1.909919E+00 9.577671E+00
8.758000E+02 1.909917E+00 9.577411E+00
8.767000E+02 1.909914E+00 9.575818E+00
8.776000E+02 1.909911E+00 9.575566E+00
8.785000E+02 1.909907E+00 9.573982E+00
8.794000E+02 1.909904E+00 9.572403E+00
8.803000E+02 1.909900E+00 9.572163E+00
8.812000E+02 1.909896E+00 9.570593E+00
8.821000E+02 1.909892E+00 9.569027E+00
8.830000E+02 1.909888E+00 9.568799E+00
8.839000E+02 1.909883E+00 9.567242E+00
8.848000E+02 1.909878E+00 9.567022E+00
8.857000E+02 1.909873E+00 9.565474E+00
8.866000E+02 1.909868E+00 9.563930E+00
8.875000E+02 1.909863E+00 9.563722E+00
8.884000E+02 1.909857E+00 9.562187E+00
8.893000E+02 1.909852E+00 9.560657E+00
8.902000E+02 1.909846E+00 9.560460E+00
8.911000E+02 1.909840E+00 9.558938E+00
8.920000E+02 1.909834E+00 9.557421E+00
8.929000E+02 1.909827E+00 9.557237E+00
8.938000E+02 1.909820E+00 9.555728E+00
8.947000E+02 1.909814E+00 9.555551E+00
8.956000E+02 1.909807E+00 9.554051E+00
8.965000E+02 1.909799E+00 9.552555E+00
8.974000E+02 1.909792E+00 9.552389E+00
8.983000E+02 1.909785E+00 9.550902E+00
8.992000E+02 1.909777E+00 9.549419E+00
9.001000E+02 1.909769E+00 9.549265E+00
9.010000E+02 1.909761E+00 9.547791E+00
9.019000E+02 1.909752E+00 9.546321E+00
9.028000E+02 1.909744E+00 9.544855E+00
9.037000E+02 1.909735E+00 9.544717E+00
9.046000E+02 1.909727E+00 9.543259E+00
9.055000E+02 1.909718E+00 9.541806E+00
9.064000E+02 1.909708E+00 9.541679E+00
9.073000E+02 1.909699E+00 9.540234E+00
9.082000E+02 1.909689E+00 9.538794E+00
9.091000E+02 1.909680E+00 9.538678E+00
9.100000E+02 1.909670E+00 9.537246E+00
9.109000E+02 1.909660E+00 9.535818E+00
9.118000E+02 1.909650E+00 9.535713E+00
9.127000E+02 1.909639E+00 9.534293E+00
9.136000E+02 1.909629E+00 9.532878E+00
9.145000E+02 1.909618E+00 9.531467E+00
9.154000E+02 1.909607E+00 9.531376E+00
9.163000E+02 1.909596E+00 9.529973E+00
9.172000E+02 1.909584E+00 9.528575E+00
9.181000E+02 1.909573E+00 9.528495E+00
9.190000E+02 1.909561E+00 9.527104E+00
9.199000E+02 1.909550E+00 9.525718E+00
9.208000E+02 1.909538E+00 9.524336E+00
9.217000E+02 1.909526E+00 9.524270E+00
9.226000E+02 1.909513E+00 9.522896E+00
9.235000E+02 1.909501E+00 9.521526E+00
9.244000E+02 1.909488E+00 9.521472E+00
9.253000E+02 1.909475E+00 9.520109E+00
9.262000E+02 1.909462E+00 9.518751E+00
9.271000E+02 1.909449E+00 9.517397E+00
9.280000E+02 1.909436E+00 9.517357E+00
9.289000E+02 1.909423E+00 9.516011E+00
9.298000E+02 1.909409E+00 9.514669E+00
9.307000E+02 1.909395E+00 9.513331E+00
9.316000E+02 1.909381E+00 9.513305E+00
9.325000E+02 1.909367E+00 9.511975E+00
9.334000E+02 1.909353E+00 9.510649E+00
9.343000E+02 1.909339E+00 9.509327E+00
9.352000E+02 1.909324E+00 9.509315E+00
9.361000E+02 1.909309E+00 9.508000E+00
9.370000E+02 1.909294E+00 9.506690E+00
9.379000E+02 1.909279E+00 9.505384E+00
9.388000E+02 1.909264E+00 9.505386E+00
9.397000E+02 1.909249E+00 9.504087E+00
9.406000E+02 1.909233E+00 9.502792E+00
9.415000E+02 1.909218E+00 9.501502E+00
9.424000E+02 1.909202E+00 9.500215E+00
9.433000E+02 1.909186E+00 9.500234E+00
9.442000E+02 1.909170E+00 9.498955E+00
9.451000E+02 1.909153E+00 9.497680E+00
9.460000E+02 1.909137E+00 9.496408E+00
9.469000E+02 1.909120E+00 9.495141E+00
9.478000E+02 1.909104E+00 9.495177E+00
9.487000E+02 1.909087E+00 9.493917E+00
9.496000E+02 1.909070E+00 9.492661E+00
9.505000E+02 1.909053E+00 9.491409E+00
9.514000E+02 1.909035E+00 9.491459E+00
9.523000E+02 1.909018E+00 9.490214E+00
9.532000E+02 1.909000E+00 9.488973E+00
9.541000E+02 1.908982E+00 9.487736E+00
9.550000E+02 1.908964E+00 9.486503E+00
9.559000E+02 1.908946E+00 9.486569E+00
9.568000E+02 1.908928E+00 9.485344E+00
9.577000E+02 1.908910E+00 9.484121E+00
9.586000E+02 1.908891E+00 9.482903E+00
9.595000E+02 1.908873E+00 9.481689E+00
9.604000E+02 1.908854E+00 9.480478E+00
9.613000E+02 1.908835E+00 9.480565E+00
9.622000E+02 1.908816E+00 9.479361E+00
9.631000E+02 1.908796E+00 9.478161E+00
9.640000E+02 1.908777E+00 9.476965E+00
9.649000E+02 1.908758E+00 9.475773E+00
9.658000E+02 1.908738E+00 9.474585E+00
9.667000E+02 1.908718E+00 9.474691E+00
9.676000E+02 1.908698E+00 9.473510E+00
9.685000E+02 1.908678E+00 9.472332E+00
9.694000E+02 1.908658E+00 9.471158E+00
9.703000E+02 1.908638E+00 9.469988E+00
9.712000E+02 1.908617E+00 9.468822E+00
9.721000E+02 1.908596E+00 9.468947E+00
9.730000E+02 1.908576E+00 9.467788E+00
9.739000E+02 1.908555E+00 9.466632E+00
9.748000E+02 1.908534E+00 9.465480E+00
9.757000E+02 1.908513E+00 9.464332E+00
9.766000E+02 1.908491E+00 9.463187E+00
9.775000E+02 1.908470E+00 9.462046E+00
9.784000E+02 1.908448E+00 9.462194E+00
9.793000E+02 1.908427E+00 9.461059E+00
9.802000E+02 1.908405E+00 9.459929E+00
9.811000E+02 1.908383E+00 9.458802E+00
9.820000E+02 1.908361E+00 9.457678E+00
9.829000E+02 1.908338E+00 9.456559E+00
9.838000E+02 1.908316E+00 9.455442E+00
9.847000E+02 1.908293E+00 9.454330E+00
9.856000E+02 1.908271E+00 9.454503E+00
9.865000E+02 1.908248E+00 9.453397E+00
9.874000E+02 1.908225E+00 9.452295E+00
9.883000E+02 1.908202E+00 9.451196E+00
9.892000E+02 1.908179E+00 9.450101E+00
9.901000E+02 1.908156E+00 9.449009E+00
9.910000E+02 1.908132E+00 9.447921E+00
9.919000E+02 1.908109E+00 9.446837E+00
9.928000E+02 1.908085E+00 9.447034E+00
9.937000E+02 1.908061E+00 9.445956E+00
9.946000E+02 1.908037E+00 9.444882E+00
9.955000E+02 1.908013E+00 9.443811E+00
9.964000E+02 1.907989E+00 9.442743E+00
9.973000E+02 1.907965E+00 9.441679E+00
9.982000E+02 1.907941E+00 9.440619E+00
9.991000E+02 1.907916E+00 9.439562E+00
