1.000000E+00 NAN NAN
1.099000E+00 1.242516E-01 2.258196E+01
1.198000E+00 1.299472E-01 1.942872E+01
1.297000E+00 1.356093E-01 1.804994E+01
1.396000E+00 1.412304E-01 1.740822E+01
1.495000E+00 1.468036E-01 1.689578E+01
1.594000E+00 1.523258E-01 1.648130E+01
1.693000E+00 1.577949E-01 1.614275E+01
1.792000E+00 1.632098E-01 1.576359E+01
1.891000E+00 1.685704E-01 1.544605E+01
1.990000E+00 1.738769E-01 1.526536E+01
2.089000E+00 1.791295E-01 1.503277E+01
2.188000E+00 1.843289E-01 1.475694E+01
2.287000E+00 1.894760E-01 1.459114E+01
2.386000E+00 1.945717E-01 1.444900E+01
2.485000E+00 1.996169E-01 1.426053E+01
2.584000E+00 2.046128E-01 1.415848E+01
2.683000E+00 2.095601E-01 1.401017E+01
2.782000E+00 2.144600E-01 1.387931E+01
2.881000E+00 2.193137E-01 1.381960E+01
2.980000E+00 2.241220E-01 1.371504E+01
3.079000E+00 2.288859E-01 1.362231E+01
3.178000E+00 2.336065E-01 1.354003E+01
3.277000E+00 2.382847E-01 1.346702E+01
3.376000E+00 2.429214E-01 1.335502E+01
3.475000E+00 2.475177E-01 1.329898E+01
3.574000E+00 2.520742E-01 1.324946E+01
3.673000E+00 2.565918E-01 1.320582E+01
3.772000E+00 2.610714E-01 1.312528E+01
3.871000E+00 2.655139E-01 1.309274E+01
3.970000E+00 2.699198E-01 1.302443E+01
4.069000E+00 2.742901E-01 1.300098E+01
4.168000E+00 2.786254E-01 1.294283E+01
4.267000E+00 2.829264E-01 1.288959E+01
4.366000E+00 2.871939E-01 1.287727E+01
4.465000E+00 2.914284E-01 1.283182E+01
4.564000E+00 2.956306E-01 1.279021E+01
4.663000E+00 2.998011E-01 1.275213E+01
4.762000E+00 3.039405E-01 1.275090E+01
4.861000E+00 3.080494E-01 1.271843E+01
4.960000E+00 3.121283E-01 1.268879E+01
5.059000E+00 3.161778E-01 1.266177E+01
5.158000E+00 3.201984E-01 1.263719E+01
5.257000E+00 3.241905E-01 1.261487E+01
5.356000E+00 3.281548E-01 1.259467E+01
5.455000E+00 3.320915E-01 1.254676E+01
5.554000E+00 3.360014E-01 1.253083E+01
5.653000E+00 3.398847E-01 1.251659E+01
5.752000E+00 3.437420E-01 1.250396E+01
5.851000E+00 3.475736E-01 1.249283E+01
5.950000E+00 3.513800E-01 1.245562E+01
6.049000E+00 3.551615E-01 1.244758E+01
6.148000E+00 3.589185E-01 1.244077E+01
6.247000E+00 3.626515E-01 1.240878E+01
6.346000E+00 3.663607E-01 1.240454E+01
6.445000E+00 3.700467E-01 1.237571E+01
6.544000E+00 3.737096E-01 1.237375E+01
6.643000E+00 3.773499E-01 1.237269E+01
6.742000E+00 3.809678E-01 1.234780E+01
6.841000E+00 3.845637E-01 1.232433E+01
6.940000E+00 3.881380E-01 1.232620E+01
7.039000E+00 3.916908E-01 1.230501E+01
7.138000E+00 3.952226E-01 1.230850E+01
7.237000E+00 3.987336E-01 1.228938E+01
7.336000E+00 4.022241E-01 1.227137E+01
7.435000E+00 4.056944E-01 1.227708E+01
7.534000E+00 4.091447E-01 1.226084E+01
7.633000E+00 4.125753E-01 1.224558E+01
7.732000E+00 4.159865E-01 1.225318E+01
7.831000E+00 4.193785E-01 1.223946E+01
7.930000E+00 4.227516E-01 1.222657E+01
8.029000E+00 4.261060E-01 1.221449E+01
8.128000E+00 4.294420E-01 1.222427E+01
8.227000E+00 4.327598E-01 1.221347E+01
8.326000E+00 4.360595E-01 1.220338E+01
8.425000E+00 4.393415E-01 1.219397E+01
8.524000E+00 4.426060E-01 1.218520E+01
8.623000E+00 4.458531E-01 1.217706E+01
8.722000E+00 4.490830E-01 1.216952E+01
8.821000E+00 4.522961E-01 1.216254E+01
8.920000E+00 4.554924E-01 1.215611E+01
9.019000E+00 4.586722E-01 1.215021E+01
9.118000E+00 4.618356E-01 1.214481E+01
9.217000E+00 4.649829E-01 1.213990E+01
9.316000E+00 4.681142E-01 1.213546E+01
9.415000E+00 4.712298E-01 1.213146E+01
9.514000E+00 4.743297E-01 1.212789E+01
9.613000E+00 4.774142E-01 1.212474E+01
9.712000E+00 4.804834E-01 1.212199E+01
9.811000E+00 4.835375E-01 1.211963E+01
9.910000E+00 4.865766E-01 1.211763E+01
1.000900E+01 4.896010E-01 1.211600E+01
1.010800E+01 4.926108E-01 1.211471E+01
1.020700E+01 4.956060E-01 1.211375E+01
1.030600E+01 4.985870E-01 1.209563E+01
1.040500E+01 5.015538E-01 1.209542E+01
1.050400E+01 5.045066E-01 1.209551E+01
1.060300E+01 5.074455E-01 1.209588E+01
1.070200E+01 5.103707E-01 1.209654E+01
1.080100E+01 5.132822E-01 1.208059E+01
1.090000E+01 5.161803E-01 1.208188E+01
1.099900E+01 5.190651E-01 1.208341E+01
1.109800E+01 5.219366E-01 1.206867E+01
1.119700E+01 5.247951E-01 1.207078E+01
1.129600E+01 5.276406E-01 1.207311E+01
1.139500E+01 5.304733E-01 1.207565E+01
1.149400E+01 5.332933E-01 1.206232E+01
1.159300E+01 5.361008E-01 1.206537E+01
1.169200E+01 5.388958E-01 1.206861E+01
1.179100E+01 5.416784E-01 1.205625E+01
1.189000E+01 5.444489E-01 1.205995E+01
1.198900E+01 5.472072E-01 1.204825E+01
1.208800E+01 5.499535E-01 1.205237E+01
1.218700E+01 5.526880E-01 1.205666E+01
1.228600E+01 5.554107E-01 1.204580E+01
1.238500E+01 5.581217E-01 1.205048E+01
1.248400E+01 5.608211E-01 1.204019E+01
1.258300E+01 5.635091E-01 1.204524E+01
1.268200E+01 5.661858E-01 1.203548E+01
1.278100E+01 5.688511E-01 1.204087E+01
1.288000E+01 5.715054E-01 1.203162E+01
1.297900E+01 5.741485E-01 1.203733E+01
1.307800E+01 5.767807E-01 1.202856E+01
1.317700E+01 5.794020E-01 1.203457E+01
1.327600E+01 5.820126E-01 1.202626E+01
1.337500E+01 5.846125E-01 1.203256E+01
1.347400E+01 5.872017E-01 1.202468E+01
1.357300E+01 5.897805E-01 1.203125E+01
1.367200E+01 5.923488E-01 1.202378E+01
1.377100E+01 5.949068E-01 1.201655E+01
1.387000E+01 5.974546E-01 1.202353E+01
1.396900E+01 5.999921E-01 1.201668E+01
1.406800E+01 6.025196E-01 1.202390E+01
1.416700E+01 6.050371E-01 1.201741E+01
1.426600E+01 6.075447E-01 1.201114E+01
1.436500E+01 6.100425E-01 1.201870E+01
1.446400E+01 6.125304E-01 1.201277E+01
1.456300E+01 6.150087E-01 1.200704E+01
1.466200E+01 6.174774E-01 1.201492E+01
1.476100E+01 6.199366E-01 1.200951E+01
1.486000E+01 6.223863E-01 1.200428E+01
1.495900E+01 6.248266E-01 1.201246E+01
1.505800E+01 6.272576E-01 1.200752E+01
1.515700E+01 6.296793E-01 1.200276E+01
1.525600E+01 6.320919E-01 1.201121E+01
1.535500E+01 6.344954E-01 1.200672E+01
1.545400E+01 6.368899E-01 1.200239E+01
1.555300E+01 6.392754E-01 1.199822E+01
1.565200E+01 6.416520E-01 1.200702E+01
1.575100E+01 6.440197E-01 1.200310E+01
1.585000E+01 6.463787E-01 1.199933E+01
1.594900E+01 6.487290E-01 1.199572E+01
1.604800E+01 6.510707E-01 1.199224E+01
1.614700E+01 6.534038E-01 1.200143E+01
1.624600E+01 6.557284E-01 1.199817E+01
1.634500E+01 6.580445E-01 1.199505E+01
1.644400E+01 6.603523E-01 1.199207E+01
1.654300E+01 6.626517E-01 1.198921E+01
1.664200E+01 6.649428E-01 1.199874E+01
1.674100E+01 6.672258E-01 1.199608E+01
1.684000E+01 6.695006E-01 1.199355E+01
1.693900E+01 6.717673E-01 1.199113E+01
1.703800E+01 6.740260E-01 1.198883E+01
1.713700E+01 6.762766E-01 1.198665E+01
1.723600E+01 6.785194E-01 1.198458E+01
1.733500E+01 6.807543E-01 1.199453E+01
1.743400E+01 6.829814E-01 1.199263E+01
1.753300E+01 6.852007E-01 1.199083E+01
1.763200E+01 6.874123E-01 1.198915E+01
1.773100E+01 6.896162E-01 1.198756E+01
1.783000E+01 6.918126E-01 1.198607E+01
1.792900E+01 6.940014E-01 1.198469E+01
1.802800E+01 6.961826E-01 1.198339E+01
1.812700E+01 6.983565E-01 1.198220E+01
1.822600E+01 7.005229E-01 1.198109E+01
1.832500E+01 7.026820E-01 1.198008E+01
1.842400E+01 7.048338E-01 1.197916E+01
1.852300E+01 7.069784E-01 1.197832E+01
1.862200E+01 7.091157E-01 1.197757E+01
1.872100E+01 7.112459E-01 1.198818E+01
1.882000E+01 7.133690E-01 1.198756E+01
1.891900E+01 7.154849E-01 1.198701E+01
1.901800E+01 7.175939E-01 1.198655E+01
1.911700E+01 7.196958E-01 1.198616E+01
1.921600E+01 7.217909E-01 1.198586E+01
1.931500E+01 7.238790E-01 1.198562E+01
1.941400E+01 7.259603E-01 1.197447E+01
1.951300E+01 7.280347E-01 1.197442E+01
1.961200E+01 7.301025E-01 1.197445E+01
1.971100E+01 7.321634E-01 1.197454E+01
1.981000E+01 7.342178E-01 1.197470E+01
1.990900E+01 7.362655E-01 1.197493E+01
2.000800E+01 7.383065E-01 1.197523E+01
2.010700E+01 7.403411E-01 1.197559E+01
2.020600E+01 7.423691E-01 1.197602E+01
2.030500E+01 7.443907E-01 1.197651E+01
2.040400E+01 7.464058E-01 1.197706E+01
2.050300E+01 7.484145E-01 1.197767E+01
2.060200E+01 7.504169E-01 1.197834E+01
2.070100E+01 7.524130E-01 1.197907E+01
2.080000E+01 7.544027E-01 1.197985E+01
2.089900E+01 7.563863E-01 1.197025E+01
2.099800E+01 7.583636E-01 1.197118E+01
2.109700E+01 7.603347E-01 1.197216E+01
2.119600E+01 7.622997E-01 1.197320E+01
2.129500E+01 7.642587E-01 1.197429E+01
2.139400E+01 7.662115E-01 1.197543E+01
2.149300E+01 7.681583E-01 1.197663E+01
2.159200E+01 7.700992E-01 1.197787E+01
2.169100E+01 7.720340E-01 1.196898E+01
2.179000E+01 7.739630E-01 1.197035E+01
2.188900E+01 7.758860E-01 1.197177E+01
2.198800E+01 7.778032E-01 1.197323E+01
2.208700E+01 7.797146E-01 1.197474E+01
2.218600E+01 7.816202E-01 1.197629E+01
2.228500E+01 7.835200E-01 1.196790E+01
2.238400E+01 7.854142E-01 1.196957E+01
2.248300E+01 7.873026E-01 1.197128E+01
2.258200E+01 7.891854E-01 1.197303E+01
2.268100E+01 7.910625E-01 1.197483E+01
2.278000E+01 7.929340E-01 1.196682E+01
2.287900E+01 7.948000E-01 1.196872E+01
2.297800E+01 7.966604E-01 1.197066E+01
2.307700E+01 7.985154E-01 1.197265E+01
2.317600E+01 8.003648E-01 1.196493E+01
2.327500E+01 8.022089E-01 1.196701E+01
2.337400E+01 8.040475E-01 1.196913E+01
2.347300E+01 8.058807E-01 1.197129E+01
2.357200E+01 8.077086E-01 1.196386E+01
2.367100E+01 8.095311E-01 1.196610E+01
2.377000E+01 8.113484E-01 1.196839E+01
2.386900E+01 8.131604E-01 1.197070E+01
2.396800E+01 8.149671E-01 1.196354E+01
2.406700E+01 8.167686E-01 1.196595E+01
2.416600E+01 8.185650E-01 1.196838E+01
2.426500E+01 8.203562E-01 1.197085E+01
2.436400E+01 8.221423E-01 1.196395E+01
2.446300E+01 8.239232E-01 1.196650E+01
2.456200E+01 8.256991E-01 1.196908E+01
2.466100E+01 8.274699E-01 1.196236E+01
2.476000E+01 8.292358E-01 1.196503E+01
2.485900E+01 8.309966E-01 1.196772E+01
2.495800E+01 8.327524E-01 1.197044E+01
2.505700E+01 8.345033E-01 1.196395E+01
2.515600E+01 8.362493E-01 1.196675E+01
2.525500E+01 8.379904E-01 1.196957E+01
2.535400E+01 8.397266E-01 1.196326E+01
2.545300E+01 8.414580E-01 1.196616E+01
2.555200E+01 8.431846E-01 1.196908E+01
2.565100E+01 8.449063E-01 1.196293E+01
2.575000E+01 8.466233E-01 1.196592E+01
2.584900E+01 8.483355E-01 1.195990E+01
2.594800E+01 8.500431E-01 1.196296E+01
2.604700E+01 8.517459E-01 1.196604E+01
2.614600E+01 8.534440E-01 1.196017E+01
2.624500E+01 8.551375E-01 1.196332E+01
2.634400E+01 8.568264E-01 1.196648E+01
2.644300E+01 8.585107E-01 1.196077E+01
2.654200E+01 8.601903E-01 1.196400E+01
2.664100E+01 8.618655E-01 1.196725E+01
2.674000E+01 8.635360E-01 1.196168E+01
2.683900E+01 8.652021E-01 1.196499E+01
2.693800E+01 8.668637E-01 1.195953E+01
2.703700E+01 8.685208E-01 1.196290E+01
2.713600E+01 8.701734E-01 1.196629E+01
2.723500E+01 8.718217E-01 1.196096E+01
2.733400E+01 8.734655E-01 1.196441E+01
2.743300E+01 8.751049E-01 1.195918E+01
2.753200E+01 8.767400E-01 1.196268E+01
2.763100E+01 8.783707E-01 1.195755E+01
2.773000E+01 8.799971E-01 1.196110E+01
2.782900E+01 8.816192E-01 1.196467E+01
2.792800E+01 8.832370E-01 1.195967E+01
2.802700E+01 8.848506E-01 1.196328E+01
2.812600E+01 8.864599E-01 1.195837E+01
2.822500E+01 8.880650E-01 1.196204E+01
2.832400E+01 8.896659E-01 1.195722E+01
2.842300E+01 8.912626E-01 1.196093E+01
2.852200E+01 8.928551E-01 1.195620E+01
2.862100E+01 8.944435E-01 1.195995E+01
2.872000E+01 8.960278E-01 1.196373E+01
2.881900E+01 8.976080E-01 1.195911E+01
2.891800E+01 8.991841E-01 1.196293E+01
2.901700E+01 9.007561E-01 1.195839E+01
2.911600E+01 9.023241E-01 1.196225E+01
2.921500E+01 9.038881E-01 1.195780E+01
2.931400E+01 9.054480E-01 1.196170E+01
2.941300E+01 9.070040E-01 1.195733E+01
2.951200E+01 9.085560E-01 1.196127E+01
2.961100E+01 9.101040E-01 1.195697E+01
2.971000E+01 9.116481E-01 1.196096E+01
2.980900E+01 9.131882E-01 1.195673E+01
2.990800E+01 9.147245E-01 1.196076E+01
3.000700E+01 9.162569E-01 1.195661E+01
3.010600E+01 9.177854E-01 1.196067E+01
3.020500E+01 9.193101E-01 1.195659E+01
3.030400E+01 9.208309E-01 1.196069E+01
3.040300E+01 9.223479E-01 1.195668E+01
3.050200E+01 9.238612E-01 1.196082E+01
3.060100E+01 9.253706E-01 1.195688E+01
3.070000E+01 9.268763E-01 1.195299E+01
3.079900E+01 9.283782E-01 1.195718E+01
3.089800E+01 9.298764E-01 1.195336E+01
3.099700E+01 9.313709E-01 1.195758E+01
3.109600E+01 9.328617E-01 1.195383E+01
3.119500E+01 9.343488E-01 1.195808E+01
3.129400E+01 9.358322E-01 1.195439E+01
3.139300E+01 9.373120E-01 1.195868E+01
3.149200E+01 9.387882E-01 1.195505E+01
3.159100E+01 9.402607E-01 1.195146E+01
3.169000E+01 9.417296E-01 1.195580E+01
3.178900E+01 9.431950E-01 1.195227E+01
3.188800E+01 9.446567E-01 1.195664E+01
3.198700E+01 9.461150E-01 1.195318E+01
3.208600E+01 9.475696E-01 1.195757E+01
3.218500E+01 9.490208E-01 1.195417E+01
3.228400E+01 9.504684E-01 1.195080E+01
3.238300E+01 9.519126E-01 1.195524E+01
3.248200E+01 9.533532E-01 1.195193E+01
3.258100E+01 9.547904E-01 1.195640E+01
3.268000E+01 9.562241E-01 1.195315E+01
3.277900E+01 9.576544E-01 1.194993E+01
3.287800E+01 9.590813E-01 1.195444E+01
3.297700E+01 9.605048E-01 1.195128E+01
3.307600E+01 9.619248E-01 1.195582E+01
3.317500E+01 9.633415E-01 1.195271E+01
3.327400E+01 9.647548E-01 1.194964E+01
3.337300E+01 9.661648E-01 1.195422E+01
3.347200E+01 9.675714E-01 1.195119E+01
3.357100E+01 9.689747E-01 1.195580E+01
3.367000E+01 9.703747E-01 1.195283E+01
3.376900E+01 9.717714E-01 1.194989E+01
3.386800E+01 9.731648E-01 1.195454E+01
3.396700E+01 9.745550E-01 1.195164E+01
3.406600E+01 9.759418E-01 1.194879E+01
3.416500E+01 9.773255E-01 1.195347E+01
3.426400E+01 9.787059E-01 1.195066E+01
3.436300E+01 9.800831E-01 1.194789E+01
3.446200E+01 9.814571E-01 1.195260E+01
3.456100E+01 9.828279E-01 1.194987E+01
3.466000E+01 9.841955E-01 1.194717E+01
3.475900E+01 9.855599E-01 1.195193E+01
3.485800E+01 9.869212E-01 1.194927E+01
3.495700E+01 9.882794E-01 1.194665E+01
3.505600E+01 9.896344E-01 1.195144E+01
3.515500E+01 9.909863E-01 1.194886E+01
3.525400E+01 9.923351E-01 1.194631E+01
3.535300E+01 9.936808E-01 1.195113E+01
3.545200E+01 9.950234E-01 1.194862E+01
3.555100E+01 9.963630E-01 1.194614E+01
3.565000E+01 9.976995E-01 1.195099E+01
3.574900E+01 9.990330E-01 1.194856E+01
3.584800E+01 1.000363E+00 1.194615E+01
3.594700E+01 1.001691E+00 1.195103E+01
3.604600E+01 1.003015E+00 1.194866E+01
3.614500E+01 1.004337E+00 1.194632E+01
3.624400E+01 1.005655E+00 1.194400E+01
3.634300E+01 1.006971E+00 1.194893E+01
3.644200E+01 1.008283E+00 1.194665E+01
3.654100E+01 1.009593E+00 1.194440E+01
3.664000E+01 1.010899E+00 1.194935E+01
3.673900E+01 1.012203E+00 1.194714E+01
3.683800E+01 1.013504E+00 1.194496E+01
3.693700E+01 1.014802E+00 1.194280E+01
3.703600E+01 1.016097E+00 1.194778E+01
3.713500E+01 1.017389E+00 1.194566E+01
3.723400E+01 1.018678E+00 1.194356E+01
3.733300E+01 1.019964E+00 1.194858E+01
3.743200E+01 1.021248E+00 1.194651E+01
3.753100E+01 1.022528E+00 1.194447E+01
3.763000E+01 1.023806E+00 1.194246E+01
3.772900E+01 1.025081E+00 1.194751E+01
3.782800E+01 1.026354E+00 1.194553E+01
3.792700E+01 1.027623E+00 1.194357E+01
3.802600E+01 1.028890E+00 1.194164E+01
3.812500E+01 1.030154E+00 1.194672E+01
3.822400E+01 1.031415E+00 1.194482E+01
3.832300E+01 1.032673E+00 1.194294E+01
3.842200E+01 1.033929E+00 1.194109E+01
3.852100E+01 1.035181E+00 1.194620E+01
3.862000E+01 1.036432E+00 1.194438E+01
3.871900E+01 1.037679E+00 1.194258E+01
3.881800E+01 1.038924E+00 1.194080E+01
3.891700E+01 1.040166E+00 1.193904E+01
3.901600E+01 1.041405E+00 1.194419E+01
3.911500E+01 1.042642E+00 1.194247E+01
3.921400E+01 1.043876E+00 1.194076E+01
3.931300E+01 1.045107E+00 1.193908E+01
3.941200E+01 1.046336E+00 1.194426E+01
3.951100E+01 1.047562E+00 1.194260E+01
3.961000E+01 1.048786E+00 1.194097E+01
3.970900E+01 1.050007E+00 1.193935E+01
3.980800E+01 1.051225E+00 1.193776E+01
3.990700E+01 1.052440E+00 1.194297E+01
4.000600E+01 1.053654E+00 1.194141E+01
4.010500E+01 1.054864E+00 1.193986E+01
4.020400E+01 1.056072E+00 1.193834E+01
4.030300E+01 1.057277E+00 1.193683E+01
4.040200E+01 1.058480E+00 1.194208E+01
4.050100E+01 1.059680E+00 1.194060E+01
4.060000E+01 1.060878E+00 1.193914E+01
4.069900E+01 1.062073E+00 1.193770E+01
4.079800E+01 1.063266E+00 1.193628E+01
4.089700E+01 1.064456E+00 1.193487E+01
4.099600E+01 1.065644E+00 1.194016E+01
4.109500E+01 1.066829E+00 1.193878E+01
4.119400E+01 1.068012E+00 1.193742E+01
4.129300E+01 1.069192E+00 1.193608E+01
4.139200E+01 1.070370E+00 1.193475E+01
4.149100E+01 1.071546E+00 1.193345E+01
4.159000E+01 1.072719E+00 1.193877E+01
4.168900E+01 1.073889E+00 1.193749E+01
4.178800E+01 1.075057E+00 1.193622E+01
4.188700E+01 1.076223E+00 1.193498E+01
4.198600E+01 1.077386E+00 1.193375E+01
4.208500E+01 1.078547E+00 1.193253E+01
4.218400E+01 1.079705E+00 1.193789E+01
4.228300E+01 1.080861E+00 1.193670E+01
4.238200E+01 1.082015E+00 1.193552E+01
4.248100E+01 1.083166E+00 1.193437E+01
4.258000E+01 1.084315E+00 1.193323E+01
4.267900E+01 1.085462E+00 1.193210E+01
4.277800E+01 1.086606E+00 1.193100E+01
4.287700E+01 1.087748E+00 1.193639E+01
4.297600E+01 1.088888E+00 1.193530E+01
4.307500E+01 1.090025E+00 1.193423E+01
4.317400E+01 1.091160E+00 1.193317E+01
4.327300E+01 1.092293E+00 1.193214E+01
4.337200E+01 1.093423E+00 1.193111E+01
4.347100E+01 1.094551E+00 1.193010E+01
4.357000E+01 1.095677E+00 1.192911E+01
4.366900E+01 1.096801E+00 1.192813E+01
4.376800E+01 1.097922E+00 1.193357E+01
4.386700E+01 1.099041E+00 1.193261E+01
4.396600E+01 1.100158E+00 1.193167E+01
4.406500E+01 1.101272E+00 1.193074E+01
4.416400E+01 1.102384E+00 1.192983E+01
4.426300E+01 1.103494E+00 1.192893E+01
4.436200E+01 1.104602E+00 1.192804E+01
4.446100E+01 1.105708E+00 1.192717E+01
4.456000E+01 1.106811E+00 1.192632E+01
4.465900E+01 1.107913E+00 1.193179E+01
4.475800E+01 1.109012E+00 1.193095E+01
4.485700E+01 1.110108E+00 1.193013E+01
4.495600E+01 1.111203E+00 1.192932E+01
4.505500E+01 1.112296E+00 1.192852E+01
4.515400E+01 1.113386E+00 1.192774E+01
4.525300E+01 1.114474E+00 1.192697E+01
4.535200E+01 1.115560E+00 1.192622E+01
4.545100E+01 1.116644E+00 1.192548E+01
4.555000E+01 1.117726E+00 1.192475E+01
4.564900E+01 1.118806E+00 1.192403E+01
4.574800E+01 1.119883E+00 1.192333E+01
4.584700E+01 1.120958E+00 1.192885E+01
4.594600E+01 1.122032E+00 1.192816E+01
4.604500E+01 1.123103E+00 1.192749E+01
4.614400E+01 1.124172E+00 1.192683E+01
4.624300E+01 1.125239E+00 1.192618E+01
4.634200E+01 1.126304E+00 1.192555E+01
4.644100E+01 1.127367E+00 1.192492E+01
4.654000E+01 1.128428E+00 1.192431E+01
4.663900E+01 1.129487E+00 1.192372E+01
4.673800E+01 1.130543E+00 1.192313E+01
4.683700E+01 1.131598E+00 1.192256E+01
4.693600E+01 1.132651E+00 1.192200E+01
4.703500E+01 1.133701E+00 1.192145E+01
4.713400E+01 1.134750E+00 1.192091E+01
4.723300E+01 1.135796E+00 1.192038E+01
4.733200E+01 1.136841E+00 1.191987E+01
4.743100E+01 1.137883E+00 1.191936E+01
4.753000E+01 1.138924E+00 1.191887E+01
4.762900E+01 1.139962E+00 1.191839E+01
4.772800E+01 1.140999E+00 1.192398E+01
4.782700E+01 1.142034E+00 1.192351E+01
4.792600E+01 1.143066E+00 1.192306E+01
4.802500E+01 1.144097E+00 1.192261E+01
4.812400E+01 1.145126E+00 1.192218E+01
4.822300E+01 1.146152E+00 1.192176E+01
4.832200E+01 1.147177E+00 1.192135E+01
4.842100E+01 1.148200E+00 1.192095E+01
4.852000E+01 1.149221E+00 1.192056E+01
4.861900E+01 1.150240E+00 1.192018E+01
4.871800E+01 1.151257E+00 1.191982E+01
4.881700E+01 1.152272E+00 1.191946E+01
4.891600E+01 1.153285E+00 1.191911E+01
4.901500E+01 1.154296E+00 1.191878E+01
4.911400E+01 1.155306E+00 1.191845E+01
4.921300E+01 1.156313E+00 1.191814E+01
4.931200E+01 1.157319E+00 1.191783E+01
4.941100E+01 1.158322E+00 1.191754E+01
4.951000E+01 1.159324E+00 1.191725E+01
4.960900E+01 1.160324E+00 1.191698E+01
4.970800E+01 1.161322E+00 1.191671E+01
4.980700E+01 1.162319E+00 1.191646E+01
4.990600E+01 1.163313E+00 1.191621E+01
5.000500E+01 1.164305E+00 1.191598E+01
5.010400E+01 1.165296E+00 1.191575E+01
5.020300E+01 1.166285E+00 1.191553E+01
5.030200E+01 1.167272E+00 1.191533E+01
5.040100E+01 1.168257E+00 1.191513E+01
5.050000E+01 1.169241E+00 1.191494E+01
5.059900E+01 1.170222E+00 1.191476E+01
5.069800E+01 1.171202E+00 1.191460E+01
5.079700E+01 1.172180E+00 1.191444E+01
5.089600E+01 1.173156E+00 1.191428E+01
5.099500E+01 1.174130E+00 1.191414E+01
5.109400E+01 1.175103E+00 1.191401E+01
5.119300E+01 1.176074E+00 1.191389E+01
5.129200E+01 1.177043E+00 1.191377E+01
5.139100E+01 1.178010E+00 1.190789E+01
5.149000E+01 1.178975E+00 1.190780E+01
5.158900E+01 1.179939E+00 1.190772E+01
5.168800E+01 1.180901E+00 1.190765E+01
5.178700E+01 1.181861E+00 1.190759E+01
5.188600E+01 1.182819E+00 1.190753E+01
5.198500E+01 1.183776E+00 1.190748E+01
5.208400E+01 1.184731E+00 1.190745E+01
5.218300E+01 1.185684E+00 1.190742E+01
5.228200E+01 1.186636E+00 1.190740E+01
5.238100E+01 1.187585E+00 1.190738E+01
5.248000E+01 1.188534E+00 1.190738E+01
5.257900E+01 1.189480E+00 1.190738E+01
5.267800E+01 1.190424E+00 1.190739E+01
5.277700E+01 1.191367E+00 1.190741E+01
5.287600E+01 1.192309E+00 1.190744E+01
5.297500E+01 1.193248E+00 1.190748E+01
5.307400E+01 1.194186E+00 1.190752E+01
5.317300E+01 1.195122E+00 1.190757E+01
5.327200E+01 1.196057E+00 1.190763E+01
5.337100E+01 1.196990E+00 1.190206E+01
5.347000E+01 1.197921E+00 1.190214E+01
5.356900E+01 1.198850E+00 1.190223E+01
5.366800E+01 1.199778E+00 1.190233E+01
5.376700E+01 1.200704E+00 1.190244E+01
5.386600E+01 1.201629E+00 1.190255E+01
5.396500E+01 1.202552E+00 1.190267E+01
5.406400E+01 1.203473E+00 1.190279E+01
5.416300E+01 1.204393E+00 1.190293E+01
5.426200E+01 1.205311E+00 1.190307E+01
5.436100E+01 1.206227E+00 1.190322E+01
5.446000E+01 1.207142E+00 1.190338E+01
5.455900E+01 1.208055E+00 1.190354E+01
5.465800E+01 1.208966E+00 1.189816E+01
5.475700E+01 1.209876E+00 1.189834E+01
5.485600E+01 1.210785E+00 1.189853E+01
5.495500E+01 1.211691E+00 1.189873E+01
5.505400E+01 1.212597E+00 1.189894E+01
5.515300E+01 1.213500E+00 1.189915E+01
5.525200E+01 1.214402E+00 1.189937E+01
5.535100E+01 1.215302E+00 1.189960E+01
5.545000E+01 1.216201E+00 1.189983E+01
5.554900E+01 1.217099E+00 1.190007E+01
5.564800E+01 1.217994E+00 1.190032E+01
5.574700E+01 1.218888E+00 1.189509E+01
5.584600E+01 1.219781E+00 1.189535E+01
5.594500E+01 1.220672E+00 1.189562E+01
5.604400E+01 1.221561E+00 1.189590E+01
5.614300E+01 1.222449E+00 1.189619E+01
5.624200E+01 1.223336E+00 1.189648E+01
5.634100E+01 1.224221E+00 1.189678E+01
5.644000E+01 1.225104E+00 1.189709E+01
5.653900E+01 1.225986E+00 1.189740E+01
5.663800E+01 1.226866E+00 1.189228E+01
5.673700E+01 1.227745E+00 1.189261E+01
5.683600E+01 1.228622E+00 1.189295E+01
5.693500E+01 1.229498E+00 1.189329E+01
5.703400E+01 1.230372E+00 1.189364E+01
5.713300E+01 1.231245E+00 1.189400E+01
5.723200E+01 1.232116E+00 1.189436E+01
5.733100E+01 1.232986E+00 1.189473E+01
5.743000E+01 1.233854E+00 1.188971E+01
5.752900E+01 1.234721E+00 1.189010E+01
5.762800E+01 1.235586E+00 1.189049E+01
5.772700E+01 1.236450E+00 1.189089E+01
5.782600E+01 1.237312E+00 1.189129E+01
5.792500E+01 1.238173E+00 1.189170E+01
5.802400E+01 1.239032E+00 1.189211E+01
5.812300E+01 1.239890E+00 1.189253E+01
5.822200E+01 1.240747E+00 1.188762E+01
5.832100E+01 1.241602E+00 1.188806E+01
5.842000E+01 1.242456E+00 1.188850E+01
5.851900E+01 1.243308E+00 1.188895E+01
5.861800E+01 1.244158E+00 1.188940E+01
5.871700E+01 1.245008E+00 1.188986E+01
5.881600E+01 1.245855E+00 1.189033E+01
5.891500E+01 1.246702E+00 1.188550E+01
5.901400E+01 1.247547E+00 1.188598E+01
5.911300E+01 1.248390E+00 1.188647E+01
5.921200E+01 1.249233E+00 1.188696E+01
5.931100E+01 1.250073E+00 1.188746E+01
5.941000E+01 1.250913E+00 1.188796E+01
5.950900E+01 1.251751E+00 1.188320E+01
5.960800E+01 1.252587E+00 1.188372E+01
5.970700E+01 1.253422E+00 1.188424E+01
5.980600E+01 1.254256E+00 1.188477E+01
5.990500E+01 1.255088E+00 1.188531E+01
6.000400E+01 1.255919E+00 1.188585E+01
6.010300E+01 1.256749E+00 1.188116E+01
6.020200E+01 1.257577E+00 1.188171E+01
6.030100E+01 1.258404E+00 1.188227E+01
6.040000E+01 1.259229E+00 1.188284E+01
6.049900E+01 1.260053E+00 1.188341E+01
6.059800E+01 1.260876E+00 1.188399E+01
6.069700E+01 1.261697E+00 1.187936E+01
6.079600E+01 1.262517E+00 1.187995E+01
6.089500E+01 1.263336E+00 1.188055E+01
6.099400E+01 1.264153E+00 1.188115E+01
6.109300E+01 1.264969E+00 1.188175E+01
6.119200E+01 1.265784E+00 1.188236E+01
6.129100E+01 1.266597E+00 1.187780E+01
6.139000E+01 1.267409E+00 1.187843E+01
6.148900E+01 1.268219E+00 1.187906E+01
6.158800E+01 1.269029E+00 1.187969E+01
6.168700E+01 1.269837E+00 1.188033E+01
6.178600E+01 1.270643E+00 1.187583E+01
6.188500E+01 1.271449E+00 1.187648E+01
6.198400E+01 1.272252E+00 1.187713E+01
6.208300E+01 1.273055E+00 1.187780E+01
6.218200E+01 1.273856E+00 1.187846E+01
6.228100E+01 1.274657E+00 1.187401E+01
6.238000E+01 1.275455E+00 1.187469E+01
6.247900E+01 1.276253E+00 1.187537E+01
6.257800E+01 1.277049E+00 1.187606E+01
6.267700E+01 1.277844E+00 1.187676E+01
6.277600E+01 1.278637E+00 1.187236E+01
6.287500E+01 1.279430E+00 1.187306E+01
6.297400E+01 1.280221E+00 1.187377E+01
6.307300E+01 1.281010E+00 1.187449E+01
6.317200E+01 1.281799E+00 1.187521E+01
6.327100E+01 1.282586E+00 1.187086E+01
6.337000E+01 1.283372E+00 1.187159E+01
6.346900E+01 1.284156E+00 1.187233E+01
6.356800E+01 1.284940E+00 1.187307E+01
6.366700E+01 1.285722E+00 1.187381E+01
6.376600E+01 1.286503E+00 1.186952E+01
6.386500E+01 1.287282E+00 1.187027E+01
6.396400E+01 1.288061E+00 1.187104E+01
6.406300E+01 1.288838E+00 1.187180E+01
6.416200E+01 1.289614E+00 1.186754E+01
6.426100E+01 1.290388E+00 1.186832E+01
6.436000E+01 1.291162E+00 1.186910E+01
6.445900E+01 1.291934E+00 1.186989E+01
6.455800E+01 1.292705E+00 1.187068E+01
6.465700E+01 1.293474E+00 1.186647E+01
6.475600E+01 1.294243E+00 1.186727E+01
6.485500E+01 1.295010E+00 1.186808E+01
6.495400E+01 1.295776E+00 1.186889E+01
6.505300E+01 1.296541E+00 1.186472E+01
6.515200E+01 1.297304E+00 1.186554E+01
6.525100E+01 1.298067E+00 1.186636E+01
6.535000E+01 1.298828E+00 1.186719E+01
6.544900E+01 1.299588E+00 1.186306E+01
6.554800E+01 1.300347E+00 1.186390E+01
6.564700E+01 1.301104E+00 1.186474E+01
6.574600E+01 1.301861E+00 1.186559E+01
6.584500E+01 1.302616E+00 1.186150E+01
6.594400E+01 1.303370E+00 1.186236E+01
6.604300E+01 1.304123E+00 1.186322E+01
6.614200E+01 1.304874E+00 1.186409E+01
6.624100E+01 1.305625E+00 1.186003E+01
6.634000E+01 1.306374E+00 1.186091E+01
6.643900E+01 1.307122E+00 1.186179E+01
6.653800E+01 1.307869E+00 1.186267E+01
6.663700E+01 1.308615E+00 1.185865E+01
6.673600E+01 1.309359E+00 1.185955E+01
6.683500E+01 1.310103E+00 1.186045E+01
6.693400E+01 1.310845E+00 1.186135E+01
6.703300E+01 1.311586E+00 1.185736E+01
6.713200E+01 1.312326E+00 1.185828E+01
6.723100E+01 1.313065E+00 1.185920E+01
6.733000E+01 1.313803E+00 1.186012E+01
6.742900E+01 1.314539E+00 1.185617E+01
6.752800E+01 1.315275E+00 1.185710E+01
6.762700E+01 1.316009E+00 1.185803E+01
6.772600E+01 1.316742E+00 1.185897E+01
6.782500E+01 1.317474E+00 1.185505E+01
6.792400E+01 1.318205E+00 1.185600E+01
6.802300E+01 1.318934E+00 1.185695E+01
6.812200E+01 1.319663E+00 1.185791E+01
6.822100E+01 1.320390E+00 1.185402E+01
6.832000E+01 1.321117E+00 1.185499E+01
6.841900E+01 1.321842E+00 1.185596E+01
6.851800E+01 1.322566E+00 1.185210E+01
6.861700E+01 1.323289E+00 1.185308E+01
6.871600E+01 1.324011E+00 1.185406E+01
6.881500E+01 1.324732E+00 1.185504E+01
6.891400E+01 1.325451E+00 1.185122E+01
6.901300E+01 1.326170E+00 1.185221E+01
6.911200E+01 1.326887E+00 1.185321E+01
6.921100E+01 1.327604E+00 1.184941E+01
6.931000E+01 1.328319E+00 1.185042E+01
6.940900E+01 1.329033E+00 1.185143E+01
6.950800E+01 1.329746E+00 1.185244E+01
6.960700E+01 1.330458E+00 1.184868E+01
6.970600E+01 1.331169E+00 1.184970E+01
6.980500E+01 1.331879E+00 1.185073E+01
6.990400E+01 1.332588E+00 1.184699E+01
7.000300E+01 1.333296E+00 1.184802E+01
7.010200E+01 1.334002E+00 1.184906E+01
7.020100E+01 1.334708E+00 1.185010E+01
7.030000E+01 1.335412E+00 1.184639E+01
7.039900E+01 1.336116E+00 1.184744E+01
7.049800E+01 1.336818E+00 1.184849E+01
7.059700E+01 1.337519E+00 1.184481E+01
7.069600E+01 1.338219E+00 1.184587E+01
7.079500E+01 1.338919E+00 1.184693E+01
7.089400E+01 1.339617E+00 1.184327E+01
7.099300E+01 1.340314E+00 1.184435E+01
7.109200E+01 1.341010E+00 1.184542E+01
7.119100E+01 1.341705E+00 1.184650E+01
7.129000E+01 1.342399E+00 1.184287E+01
7.138900E+01 1.343092E+00 1.184396E+01
7.148800E+01 1.343783E+00 1.184505E+01
7.158700E+01 1.344474E+00 1.184144E+01
7.168600E+01 1.345164E+00 1.184254E+01
7.178500E+01 1.345853E+00 1.184364E+01
7.188400E+01 1.346540E+00 1.184006E+01
7.198300E+01 1.347227E+00 1.184117E+01
7.208200E+01 1.347913E+00 1.184228E+01
7.218100E+01 1.348597E+00 1.183872E+01
7.228000E+01 1.349281E+00 1.183984E+01
7.237900E+01 1.349964E+00 1.184097E+01
7.247800E+01 1.350645E+00 1.184209E+01
7.257700E+01 1.351326E+00 1.183856E+01
7.267600E+01 1.352005E+00 1.183970E+01
7.277500E+01 1.352684E+00 1.184083E+01
7.287400E+01 1.353361E+00 1.183732E+01
7.297300E+01 1.354038E+00 1.183847E+01
7.307200E+01 1.354714E+00 1.183962E+01
7.317100E+01 1.355388E+00 1.183613E+01
7.327000E+01 1.356062E+00 1.183728E+01
7.336900E+01 1.356734E+00 1.183844E+01
7.346800E+01 1.357406E+00 1.183498E+01
7.356700E+01 1.358076E+00 1.183614E+01
7.366600E+01 1.358746E+00 1.183731E+01
7.376500E+01 1.359415E+00 1.183387E+01
7.386400E+01 1.360082E+00 1.183504E+01
7.396300E+01 1.360749E+00 1.183622E+01
7.406200E+01 1.361415E+00 1.183280E+01
7.416100E+01 1.362079E+00 1.183399E+01
7.426000E+01 1.362743E+00 1.183518E+01
7.435900E+01 1.363406E+00 1.183178E+01
7.445800E+01 1.364067E+00 1.183297E+01
7.455700E+01 1.364728E+00 1.183417E+01
7.465600E+01 1.365388E+00 1.183079E+01
7.475500E+01 1.366047E+00 1.183200E+01
7.485400E+01 1.366705E+00 1.183320E+01
7.495300E+01 1.367362E+00 1.182985E+01
7.505200E+01 1.368018E+00 1.183106E+01
7.515100E+01 1.368673E+00 1.182772E+01
7.525000E+01 1.369327E+00 1.182894E+01
7.534900E+01 1.369980E+00 1.183017E+01
7.544800E+01 1.370632E+00 1.182684E+01
7.554700E+01 1.371284E+00 1.182808E+01
7.564600E+01 1.371934E+00 1.182931E+01
7.574500E+01 1.372583E+00 1.182601E+01
7.584400E+01 1.373232E+00 1.182725E+01
7.594300E+01 1.373879E+00 1.182849E+01
7.604200E+01 1.374526E+00 1.182521E+01
7.614100E+01 1.375171E+00 1.182646E+01
7.624000E+01 1.375816E+00 1.182771E+01
7.633900E+01 1.376460E+00 1.182445E+01
7.643800E+01 1.377103E+00 1.182571E+01
7.653700E+01 1.377745E+00 1.182246E+01
7.663600E+01 1.378386E+00 1.182373E+01
7.673500E+01 1.379026E+00 1.182500E+01
7.683400E+01 1.379665E+00 1.182177E+01
7.693300E+01 1.380303E+00 1.182304E+01
7.703200E+01 1.380940E+00 1.182432E+01
7.713100E+01 1.381577E+00 1.182111E+01
7.723000E+01 1.382212E+00 1.182239E+01
7.732900E+01 1.382847E+00 1.182368E+01
7.742800E+01 1.383481E+00 1.182049E+01
7.752700E+01 1.384113E+00 1.182178E+01
7.762600E+01 1.384745E+00 1.181860E+01
7.772500E+01 1.385376E+00 1.181990E+01
7.782400E+01 1.386006E+00 1.182120E+01
7.792300E+01 1.386635E+00 1.181805E+01
7.802200E+01 1.387264E+00 1.181935E+01
7.812100E+01 1.387891E+00 1.182066E+01
7.822000E+01 1.388518E+00 1.181752E+01
7.831900E+01 1.389143E+00 1.181884E+01
7.841800E+01 1.389768E+00 1.181571E+01
7.851700E+01 1.390392E+00 1.181704E+01
7.861600E+01 1.391015E+00 1.181836E+01
7.871500E+01 1.391637E+00 1.181525E+01
7.881400E+01 1.392258E+00 1.181658E+01
7.891300E+01 1.392878E+00 1.181349E+01
7.901200E+01 1.393498E+00 1.181482E+01
7.911100E+01 1.394116E+00 1.181616E+01
7.921000E+01 1.394734E+00 1.181309E+01
7.930900E+01 1.395351E+00 1.181443E+01
7.940800E+01 1.395967E+00 1.181578E+01
7.950700E+01 1.396582E+00 1.181272E+01
7.960600E+01 1.397196E+00 1.181407E+01
7.970500E+01 1.397810E+00 1.181102E+01
7.980400E+01 1.398422E+00 1.181238E+01
7.990300E+01 1.399034E+00 1.181374E+01
8.000200E+01 1.399644E+00 1.181071E+01
8.010100E+01 1.400254E+00 1.181208E+01
8.020000E+01 1.400863E+00 1.180906E+01
8.029900E+01 1.401472E+00 1.181043E+01
8.039800E+01 1.402079E+00 1.181181E+01
8.049700E+01 1.402686E+00 1.180881E+01
8.059600E+01 1.403291E+00 1.181019E+01
8.069500E+01 1.403896E+00 1.180720E+01
8.079400E+01 1.404500E+00 1.180859E+01
8.089300E+01 1.405103E+00 1.180997E+01
8.099200E+01 1.405706E+00 1.180700E+01
8.109100E+01 1.406307E+00 1.180840E+01
8.119000E+01 1.406908E+00 1.180544E+01
8.128900E+01 1.407508E+00 1.180684E+01
8.138800E+01 1.408107E+00 1.180389E+01
8.148700E+01 1.408705E+00 1.180530E+01
8.158600E+01 1.409302E+00 1.180670E+01
8.168500E+01 1.409899E+00 1.180377E+01
8.178400E+01 1.410494E+00 1.180518E+01
8.188300E+01 1.411089E+00 1.180227E+01
8.198200E+01 1.411683E+00 1.180368E+01
8.208100E+01 1.412276E+00 1.180510E+01
8.218000E+01 1.412869E+00 1.180220E+01
8.227900E+01 1.413460E+00 1.180362E+01
8.237800E+01 1.414051E+00 1.180073E+01
8.247700E+01 1.414641E+00 1.180216E+01
8.257600E+01 1.415230E+00 1.179929E+01
8.267500E+01 1.415819E+00 1.180072E+01
8.277400E+01 1.416406E+00 1.180216E+01
8.287300E+01 1.416993E+00 1.179929E+01
8.297200E+01 1.417579E+00 1.180073E+01
8.307100E+01 1.418164E+00 1.179789E+01
8.317000E+01 1.418748E+00 1.179933E+01
8.326900E+01 1.419332E+00 1.180078E+01
8.336800E+01 1.419915E+00 1.179794E+01
8.346700E+01 1.420496E+00 1.179940E+01
8.356600E+01 1.421078E+00 1.179657E+01
8.366500E+01 1.421658E+00 1.179803E+01
8.376400E+01 1.422238E+00 1.179522E+01
8.386300E+01 1.422816E+00 1.179668E+01
8.396200E+01 1.423394E+00 1.179388E+01
8.406100E+01 1.423971E+00 1.179535E+01
8.416000E+01 1.424548E+00 1.179682E+01
8.425900E+01 1.425123E+00 1.179403E+01
8.435800E+01 1.425698E+00 1.179551E+01
8.445700E+01 1.426272E+00 1.179273E+01
8.455600E+01 1.426846E+00 1.179421E+01
8.465500E+01 1.427418E+00 1.179145E+01
8.475400E+01 1.427990E+00 1.179293E+01
8.485300E+01 1.428561E+00 1.179442E+01
8.495200E+01 1.429131E+00 1.179167E+01
8.505100E+01 1.429700E+00 1.179316E+01
8.515000E+01 1.430269E+00 1.179042E+01
8.524900E+01 1.430837E+00 1.179192E+01
8.534800E+01 1.431404E+00 1.178919E+01
8.544700E+01 1.431971E+00 1.179069E+01
8.554600E+01 1.432536E+00 1.178798E+01
8.564500E+01 1.433101E+00 1.178948E+01
8.574400E+01 1.433665E+00 1.179098E+01
8.584300E+01 1.434228E+00 1.178828E+01
8.594200E+01 1.434791E+00 1.178979E+01
8.604100E+01 1.435353E+00 1.178710E+01
8.614000E+01 1.435914E+00 1.178862E+01
8.623900E+01 1.436474E+00 1.178594E+01
8.633800E+01 1.437034E+00 1.178745E+01
8.643700E+01 1.437592E+00 1.178478E+01
8.653600E+01 1.438151E+00 1.178631E+01
8.663500E+01 1.438708E+00 1.178365E+01
8.673400E+01 1.439264E+00 1.178518E+01
8.683300E+01 1.439820E+00 1.178671E+01
8.693200E+01 1.440375E+00 1.178406E+01
8.703100E+01 1.440930E+00 1.178559E+01
8.713000E+01 1.441483E+00 1.178296E+01
8.722900E+01 1.442036E+00 1.178450E+01
8.732800E+01 1.442588E+00 1.178187E+01
8.742700E+01 1.443140E+00 1.178341E+01
8.752600E+01 1.443690E+00 1.178080E+01
8.762500E+01 1.444240E+00 1.178234E+01
8.772400E+01 1.444790E+00 1.177974E+01
8.782300E+01 1.445338E+00 1.178129E+01
8.792200E+01 1.445886E+00 1.177870E+01
8.802100E+01 1.446433E+00 1.178025E+01
8.812000E+01 1.446979E+00 1.177767E+01
8.821900E+01 1.447525E+00 1.177922E+01
8.831800E+01 1.448070E+00 1.178078E+01
8.841700E+01 1.448614E+00 1.177821E+01
8.851600E+01 1.449157E+00 1.177978E+01
8.861500E+01 1.449700E+00 1.177721E+01
8.871400E+01 1.450242E+00 1.177878E+01
8.881300E+01 1.450783E+00 1.177623E+01
8.891200E+01 1.451324E+00 1.177780E+01
8.901100E+01 1.451864E+00 1.177526E+01
8.911000E+01 1.452403E+00 1.177684E+01
8.920900E+01 1.452942E+00 1.177430E+01
8.930800E+01 1.453479E+00 1.177588E+01
8.940700E+01 1.454016E+00 1.177336E+01
8.950600E+01 1.454553E+00 1.177495E+01
8.960500E+01 1.455088E+00 1.177243E+01
8.970400E+01 1.455623E+00 1.177402E+01
8.980300E+01 1.456158E+00 1.177152E+01
8.990200E+01 1.456691E+00 1.177311E+01
9.000100E+01 1.457224E+00 1.177061E+01
9.010000E+01 1.457756E+00 1.177221E+01
9.019900E+01 1.458288E+00 1.176972E+01
9.029800E+01 1.458818E+00 1.177132E+01
9.039700E+01 1.459348E+00 1.176885E+01
9.049600E+01 1.459878E+00 1.177045E+01
9.059500E+01 1.460407E+00 1.176798E+01
9.069400E+01 1.460935E+00 1.176959E+01
9.079300E+01 1.461462E+00 1.176713E+01
9.089200E+01 1.461989E+00 1.176875E+01
9.099100E+01 1.462515E+00 1.176630E+01
9.109000E+01 1.463040E+00 1.176791E+01
9.118900E+01 1.463564E+00 1.176547E+01
9.128800E+01 1.464088E+00 1.176709E+01
9.138700E+01 1.464612E+00 1.176466E+01
9.148600E+01 1.465134E+00 1.176628E+01
9.158500E+01 1.465656E+00 1.176791E+01
9.168400E+01 1.466177E+00 1.176549E+01
9.178300E+01 1.466698E+00 1.176711E+01
9.188200E+01 1.467218E+00 1.176470E+01
9.198100E+01 1.467737E+00 1.176230E+01
9.208000E+01 1.468256E+00 1.176393E+01
9.217900E+01 1.468773E+00 1.176154E+01
9.227800E+01 1.469291E+00 1.176317E+01
9.237700E+01 1.469807E+00 1.176079E+01
9.247600E+01 1.470323E+00 1.176243E+01
9.257500E+01 1.470838E+00 1.176005E+01
9.267400E+01 1.471353E+00 1.176169E+01
9.277300E+01 1.471867E+00 1.175933E+01
9.287200E+01 1.472380E+00 1.176097E+01
9.297100E+01 1.472893E+00 1.175861E+01
9.307000E+01 1.473405E+00 1.176026E+01
9.316900E+01 1.473916E+00 1.175791E+01
9.326800E+01 1.474427E+00 1.175957E+01
9.336700E+01 1.474937E+00 1.175722E+01
9.346600E+01 1.475446E+00 1.175888E+01
9.356500E+01 1.475955E+00 1.175654E+01
9.366400E+01 1.476463E+00 1.175821E+01
9.376300E+01 1.476970E+00 1.175588E+01
9.386200E+01 1.477477E+00 1.175754E+01
9.396100E+01 1.477983E+00 1.175522E+01
9.406000E+01 1.478488E+00 1.175689E+01
9.415900E+01 1.478993E+00 1.175458E+01
9.425800E+01 1.479497E+00 1.175625E+01
9.435700E+01 1.480001E+00 1.175395E+01
9.445600E+01 1.480504E+00 1.175562E+01
9.455500E+01 1.481006E+00 1.175333E+01
9.465400E+01 1.481508E+00 1.175501E+01
9.475300E+01 1.482009E+00 1.175272E+01
9.485200E+01 1.482509E+00 1.175440E+01
9.495100E+01 1.483009E+00 1.175213E+01
9.505000E+01 1.483508E+00 1.175381E+01
9.514900E+01 1.484006E+00 1.175154E+01
9.524800E+01 1.484504E+00 1.175323E+01
9.534700E+01 1.485001E+00 1.175097E+01
9.544600E+01 1.485498E+00 1.174871E+01
9.554500E+01 1.485994E+00 1.175040E+01
9.564400E+01 1.486489E+00 1.174815E+01
9.574300E+01 1.486984E+00 1.174985E+01
9.584200E+01 1.487478E+00 1.174761E+01
9.594100E+01 1.487971E+00 1.174931E+01
9.604000E+01 1.488464E+00 1.174708E+01
9.613900E+01 1.488956E+00 1.174878E+01
9.623800E+01 1.489448E+00 1.174655E+01
9.633700E+01 1.489939E+00 1.174826E+01
9.643600E+01 1.490429E+00 1.174604E+01
9.653500E+01 1.490919E+00 1.174775E+01
9.663400E+01 1.491408E+00 1.174554E+01
9.673300E+01 1.491897E+00 1.174725E+01
9.683200E+01 1.492385E+00 1.174505E+01
9.693100E+01 1.492872E+00 1.174285E+01
9.703000E+01 1.493359E+00 1.174457E+01
9.712900E+01 1.493845E+00 1.174238E+01
9.722800E+01 1.494331E+00 1.174410E+01
9.732700E+01 1.494815E+00 1.174192E+01
9.742600E+01 1.495300E+00 1.174364E+01
9.752500E+01 1.495783E+00 1.174147E+01
9.762400E+01 1.496267E+00 1.174319E+01
9.772300E+01 1.496749E+00 1.174103E+01
9.782200E+01 1.497231E+00 1.174275E+01
9.792100E+01 1.497712E+00 1.174060E+01
9.802000E+01 1.498193E+00 1.173844E+01
9.811900E+01 1.498673E+00 1.174017E+01
9.821800E+01 1.499153E+00 1.173803E+01
9.831700E+01 1.499631E+00 1.173976E+01
9.841600E+01 1.500110E+00 1.173762E+01
9.851500E+01 1.500588E+00 1.173936E+01
9.861400E+01 1.501065E+00 1.173723E+01
9.871300E+01 1.501541E+00 1.173897E+01
9.881200E+01 1.502017E+00 1.173685E+01
9.891100E+01 1.502493E+00 1.173473E+01
9.901000E+01 1.502967E+00 1.173648E+01
9.910900E+01 1.503442E+00 1.173436E+01
9.920800E+01 1.503915E+00 1.173611E+01
9.930700E+01 1.504388E+00 1.173401E+01
9.940600E+01 1.504861E+00 1.173576E+01
9.950500E+01 1.505333E+00 1.173366E+01
9.960400E+01 1.505804E+00 1.173541E+01
9.970300E+01 1.506275E+00 1.173332E+01
9.980200E+01 1.506745E+00 1.173124E+01
9.990100E+01 1.507214E+00 1.173300E+01
1.000000E+02 1.507683E+00 1.173092E+01
1.009000E+02 1.511921E+00 1.172715E+01
1.018000E+02 1.516112E+00 1.172361E+01
1.027000E+02 1.520257E+00 1.172027E+01
1.036000E+02 1.524356E+00 1.171714E+01
1.045000E+02 1.528411E+00 1.171421E+01
1.054000E+02 1.532423E+00 1.171148E+01
1.063000E+02 1.536391E+00 1.170524E+01
1.072000E+02 1.540318E+00 1.170290E+01
1.081000E+02 1.544202E+00 1.170075E+01
1.090000E+02 1.548045E+00 1.169512E+01
1.099000E+02 1.551848E+00 1.169333E+01
1.108000E+02 1.555611E+00 1.168810E+01
1.117000E+02 1.559335E+00 1.168665E+01
1.126000E+02 1.563020E+00 1.168180E+01
1.135000E+02 1.566668E+00 1.167713E+01
1.144000E+02 1.570277E+00 1.167264E+01
1.153000E+02 1.573850E+00 1.167186E+01
1.162000E+02 1.577387E+00 1.166772E+01
1.171000E+02 1.580888E+00 1.166375E+01
1.180000E+02 1.584353E+00 1.165994E+01
1.189000E+02 1.587784E+00 1.165630E+01
1.198000E+02 1.591180E+00 1.165283E+01
1.207000E+02 1.594543E+00 1.164951E+01
1.216000E+02 1.597872E+00 1.164634E+01
1.225000E+02 1.601168E+00 1.163992E+01
1.234000E+02 1.604433E+00 1.163707E+01
1.243000E+02 1.607665E+00 1.163436E+01
1.252000E+02 1.610865E+00 1.163180E+01
1.261000E+02 1.614035E+00 1.162602E+01
1.270000E+02 1.617174E+00 1.162375E+01
1.279000E+02 1.620283E+00 1.161828E+01
1.288000E+02 1.623362E+00 1.161628E+01
1.297000E+02 1.626412E+00 1.161111E+01
1.306000E+02 1.629433E+00 1.160937E+01
1.315000E+02 1.632425E+00 1.160449E+01
1.324000E+02 1.635389E+00 1.160300E+01
1.333000E+02 1.638325E+00 1.159840E+01
1.342000E+02 1.641234E+00 1.159393E+01
1.351000E+02 1.644116E+00 1.158960E+01
1.360000E+02 1.646971E+00 1.158860E+01
1.369000E+02 1.649799E+00 1.158452E+01
1.378000E+02 1.652602E+00 1.158058E+01
1.387000E+02 1.655379E+00 1.157676E+01
1.396000E+02 1.658130E+00 1.157306E+01
1.405000E+02 1.660857E+00 1.156948E+01
1.414000E+02 1.663559E+00 1.156603E+01
1.423000E+02 1.666236E+00 1.156269E+01
1.432000E+02 1.668889E+00 1.155947E+01
1.441000E+02 1.671519E+00 1.155637E+01
1.450000E+02 1.674125E+00 1.155337E+01
1.459000E+02 1.676708E+00 1.154741E+01
1.468000E+02 1.679267E+00 1.154465E+01
1.477000E+02 1.681805E+00 1.154199E+01
1.486000E+02 1.684319E+00 1.153943E+01
1.495000E+02 1.686812E+00 1.153394E+01
1.504000E+02 1.689283E+00 1.153160E+01
1.513000E+02 1.691733E+00 1.152634E+01
1.522000E+02 1.694161E+00 1.152420E+01
1.531000E+02 1.696568E+00 1.152216E+01
1.540000E+02 1.698954E+00 1.151723E+01
1.549000E+02 1.701320E+00 1.151241E+01
1.558000E+02 1.703666E+00 1.151066E+01
1.567000E+02 1.705991E+00 1.150605E+01
1.576000E+02 1.708297E+00 1.150449E+01
1.585000E+02 1.710583E+00 1.150008E+01
1.594000E+02 1.712850E+00 1.149577E+01
1.603000E+02 1.715097E+00 1.149448E+01
1.612000E+02 1.717326E+00 1.149036E+01
1.621000E+02 1.719536E+00 1.148635E+01
1.630000E+02 1.721728E+00 1.148243E+01
1.639000E+02 1.723901E+00 1.147860E+01
1.648000E+02 1.726056E+00 1.147487E+01
1.657000E+02 1.728194E+00 1.147124E+01
1.666000E+02 1.730314E+00 1.147055E+01
1.675000E+02 1.732416E+00 1.146708E+01
1.684000E+02 1.734501E+00 1.146370E+01
1.693000E+02 1.736569E+00 1.146041E+01
1.702000E+02 1.738620E+00 1.145439E+01
1.711000E+02 1.740655E+00 1.145128E+01
1.720000E+02 1.742673E+00 1.144825E+01
1.729000E+02 1.744674E+00 1.144531E+01
1.738000E+02 1.746660E+00 1.144244E+01
1.747000E+02 1.748629E+00 1.143966E+01
1.756000E+02 1.750583E+00 1.143695E+01
1.765000E+02 1.752521E+00 1.143156E+01
1.774000E+02 1.754444E+00 1.142902E+01
1.783000E+02 1.756351E+00 1.142655E+01
1.792000E+02 1.758244E+00 1.142141E+01
1.801000E+02 1.760121E+00 1.141910E+01
1.810000E+02 1.761983E+00 1.141686E+01
1.819000E+02 1.763831E+00 1.141197E+01
1.828000E+02 1.765665E+00 1.140988E+01
1.837000E+02 1.767484E+00 1.140515E+01
1.846000E+02 1.769289E+00 1.140320E+01
1.855000E+02 1.771079E+00 1.139863E+01
1.864000E+02 1.772856E+00 1.139682E+01
1.873000E+02 1.774619E+00 1.139241E+01
1.882000E+02 1.776369E+00 1.139074E+01
1.891000E+02 1.778105E+00 1.138647E+01
1.900000E+02 1.779828E+00 1.138227E+01
1.909000E+02 1.781537E+00 1.138081E+01
1.918000E+02 1.783234E+00 1.137676E+01
1.927000E+02 1.784917E+00 1.137278E+01
1.936000E+02 1.786588E+00 1.136888E+01
1.945000E+02 1.788246E+00 1.136767E+01
1.954000E+02 1.789892E+00 1.136390E+01
1.963000E+02 1.791525E+00 1.136021E+01
1.972000E+02 1.793145E+00 1.135658E+01
1.981000E+02 1.794754E+00 1.135302E+01
1.990000E+02 1.796351E+00 1.135212E+01
1.999000E+02 1.797935E+00 1.134869E+01
2.008000E+02 1.799508E+00 1.134533E+01
2.017000E+02 1.801069E+00 1.134203E+01
2.026000E+02 1.802619E+00 1.133879E+01
2.035000E+02 1.804157E+00 1.133562E+01
2.044000E+02 1.805683E+00 1.133251E+01
2.053000E+02 1.807199E+00 1.132946E+01
2.062000E+02 1.808703E+00 1.132648E+01
2.071000E+02 1.810196E+00 1.132355E+01
2.080000E+02 1.811679E+00 1.132068E+01
2.089000E+02 1.813150E+00 1.131536E+01
2.098000E+02 1.814611E+00 1.131261E+01
2.107000E+02 1.816061E+00 1.130993E+01
2.116000E+02 1.817501E+00 1.130730E+01
2.125000E+02 1.818930E+00 1.130473E+01
2.134000E+02 1.820349E+00 1.129972E+01
2.143000E+02 1.821757E+00 1.129727E+01
2.152000E+02 1.823156E+00 1.129487E+01
2.161000E+02 1.824544E+00 1.129252E+01
2.170000E+02 1.825922E+00 1.128776E+01
2.179000E+02 1.827291E+00 1.128552E+01
2.188000E+02 1.828650E+00 1.128334E+01
2.197000E+02 1.829999E+00 1.127875E+01
2.206000E+02 1.831339E+00 1.127668E+01
2.215000E+02 1.832669E+00 1.127221E+01
2.224000E+02 1.833989E+00 1.127024E+01
2.233000E+02 1.835301E+00 1.126831E+01
2.242000E+02 1.836603E+00 1.126401E+01
2.251000E+02 1.837896E+00 1.126219E+01
2.260000E+02 1.839179E+00 1.125800E+01
2.269000E+02 1.840454E+00 1.125628E+01
2.278000E+02 1.841720E+00 1.125220E+01
2.287000E+02 1.842977E+00 1.124818E+01
2.296000E+02 1.844226E+00 1.124660E+01
2.305000E+02 1.845465E+00 1.124269E+01
2.314000E+02 1.846696E+00 1.124121E+01
2.323000E+02 1.847919E+00 1.123739E+01
2.332000E+02 1.849133E+00 1.123363E+01
2.341000E+02 1.850338E+00 1.123229E+01
2.350000E+02 1.851536E+00 1.122862E+01
2.359000E+02 1.852725E+00 1.122501E+01
2.368000E+02 1.853906E+00 1.122381E+01
2.377000E+02 1.855079E+00 1.122029E+01
2.386000E+02 1.856243E+00 1.121683E+01
2.395000E+02 1.857400E+00 1.121341E+01
2.404000E+02 1.858549E+00 1.121004E+01
2.413000E+02 1.859690E+00 1.120906E+01
2.422000E+02 1.860824E+00 1.120579E+01
2.431000E+02 1.861949E+00 1.120256E+01
2.440000E+02 1.863068E+00 1.119938E+01
2.449000E+02 1.864178E+00 1.119625E+01
2.458000E+02 1.865281E+00 1.119316E+01
2.467000E+02 1.866377E+00 1.119012E+01
2.476000E+02 1.867465E+00 1.118712E+01
2.485000E+02 1.868546E+00 1.118417E+01
2.494000E+02 1.869620E+00 1.118127E+01
2.503000E+02 1.870686E+00 1.117840E+01
2.512000E+02 1.871745E+00 1.117558E+01
2.521000E+02 1.872798E+00 1.117281E+01
2.530000E+02 1.873843E+00 1.117008E+01
2.539000E+02 1.874881E+00 1.116738E+01
2.548000E+02 1.875913E+00 1.116474E+01
2.557000E+02 1.876938E+00 1.116213E+01
2.566000E+02 1.877955E+00 1.115956E+01
2.575000E+02 1.878967E+00 1.115704E+01
2.584000E+02 1.879971E+00 1.115455E+01
2.593000E+02 1.880969E+00 1.115211E+01
2.602000E+02 1.881960E+00 1.114746E+01
2.611000E+02 1.882945E+00 1.114510E+01
2.620000E+02 1.883923E+00 1.114278E+01
2.629000E+02 1.884895E+00 1.114049E+01
2.638000E+02 1.885861E+00 1.113602E+01
2.647000E+02 1.886820E+00 1.113381E+01
2.656000E+02 1.887773E+00 1.113165E+01
2.665000E+02 1.888720E+00 1.112952E+01
2.674000E+02 1.889660E+00 1.112521E+01
2.683000E+02 1.890595E+00 1.112316E+01
2.692000E+02 1.891523E+00 1.112115E+01
2.701000E+02 1.892446E+00 1.111697E+01
2.710000E+02 1.893362E+00 1.111502E+01
2.719000E+02 1.894273E+00 1.111312E+01
2.728000E+02 1.895177E+00 1.110906E+01
2.737000E+02 1.896076E+00 1.110723E+01
2.746000E+02 1.896969E+00 1.110325E+01
2.755000E+02 1.897857E+00 1.110149E+01
2.764000E+02 1.898738E+00 1.109976E+01
2.773000E+02 1.899614E+00 1.109589E+01
2.782000E+02 1.900485E+00 1.109424E+01
2.791000E+02 1.901350E+00 1.109045E+01
2.800000E+02 1.902209E+00 1.108886E+01
2.809000E+02 1.903063E+00 1.108515E+01
2.818000E+02 1.903911E+00 1.108363E+01
2.827000E+02 1.904754E+00 1.107999E+01
2.836000E+02 1.905592E+00 1.107639E+01
2.845000E+02 1.906424E+00 1.107497E+01
2.854000E+02 1.907251E+00 1.107144E+01
2.863000E+02 1.908073E+00 1.107009E+01
2.872000E+02 1.908890E+00 1.106663E+01
2.881000E+02 1.909702E+00 1.106321E+01
2.890000E+02 1.910508E+00 1.106195E+01
2.899000E+02 1.911309E+00 1.105860E+01
2.908000E+02 1.912106E+00 1.105528E+01
2.917000E+02 1.912897E+00 1.105412E+01
2.926000E+02 1.913683E+00 1.105087E+01
2.935000E+02 1.914465E+00 1.104766E+01
2.944000E+02 1.915241E+00 1.104659E+01
2.953000E+02 1.916013E+00 1.104344E+01
2.962000E+02 1.916780E+00 1.104033E+01
2.971000E+02 1.917542E+00 1.103725E+01
2.980000E+02 1.918299E+00 1.103630E+01
2.989000E+02 1.919052E+00 1.103329E+01
2.998000E+02 1.919800E+00 1.103031E+01
3.007000E+02 1.920543E+00 1.102736E+01
3.016000E+02 1.921282E+00 1.102445E+01
3.025000E+02 1.922016E+00 1.102156E+01
3.034000E+02 1.922745E+00 1.102079E+01
3.043000E+02 1.923470E+00 1.101797E+01
3.052000E+02 1.924191E+00 1.101518E+01
3.061000E+02 1.924907E+00 1.101242E+01
3.070000E+02 1.925619E+00 1.100969E+01
3.079000E+02 1.926326E+00 1.100699E+01
3.088000E+02 1.927029E+00 1.100433E+01
3.097000E+02 1.927728E+00 1.100169E+01
3.106000E+02 1.928422E+00 1.099909E+01
3.115000E+02 1.929112E+00 1.099652E+01
3.124000E+02 1.929798E+00 1.099397E+01
3.133000E+02 1.930479E+00 1.099146E+01
3.142000E+02 1.931157E+00 1.098897E+01
3.151000E+02 1.931830E+00 1.098651E+01
3.160000E+02 1.932499E+00 1.098409E+01
3.169000E+02 1.933165E+00 1.098169E+01
3.178000E+02 1.933826E+00 1.097932E+01
3.187000E+02 1.934483E+00 1.097697E+01
3.196000E+02 1.935136E+00 1.097466E+01
3.205000E+02 1.935785E+00 1.097237E+01
3.214000E+02 1.936430E+00 1.097012E+01
3.223000E+02 1.937071E+00 1.096788E+01
3.232000E+02 1.937709E+00 1.096568E+01
3.241000E+02 1.938342E+00 1.096150E+01
3.250000E+02 1.938972E+00 1.095935E+01
3.259000E+02 1.939597E+00 1.095723E+01
3.268000E+02 1.940220E+00 1.095514E+01
3.277000E+02 1.940838E+00 1.095307E+01
3.286000E+02 1.941452E+00 1.095103E+01
3.295000E+02 1.942063E+00 1.094702E+01
3.304000E+02 1.942670E+00 1.094503E+01
3.313000E+02 1.943274E+00 1.094307E+01
3.322000E+02 1.943874E+00 1.094114E+01
3.331000E+02 1.944470E+00 1.093724E+01
3.340000E+02 1.945063E+00 1.093536E+01
3.349000E+02 1.945652E+00 1.093350E+01
3.358000E+02 1.946237E+00 1.093167E+01
3.367000E+02 1.946819E+00 1.092789E+01
3.376000E+02 1.947398E+00 1.092611E+01
3.385000E+02 1.947973E+00 1.092435E+01
3.394000E+02 1.948545E+00 1.092065E+01
3.403000E+02 1.949113E+00 1.091895E+01
3.412000E+02 1.949678E+00 1.091726E+01
3.421000E+02 1.950239E+00 1.091365E+01
3.430000E+02 1.950797E+00 1.091201E+01
3.439000E+02 1.951352E+00 1.091040E+01
3.448000E+02 1.951904E+00 1.090686E+01
3.457000E+02 1.952452E+00 1.090530E+01
3.466000E+02 1.952997E+00 1.090182E+01
3.475000E+02 1.953539E+00 1.090030E+01
3.484000E+02 1.954077E+00 1.089687E+01
3.493000E+02 1.954612E+00 1.089540E+01
3.502000E+02 1.955144E+00 1.089396E+01
3.511000E+02 1.955673E+00 1.089060E+01
3.520000E+02 1.956199E+00 1.088920E+01
3.529000E+02 1.956722E+00 1.088590E+01
3.538000E+02 1.957241E+00 1.088454E+01
3.547000E+02 1.957758E+00 1.088129E+01
3.556000E+02 1.958271E+00 1.087998E+01
3.565000E+02 1.958782E+00 1.087677E+01
3.574000E+02 1.959289E+00 1.087550E+01
3.583000E+02 1.959794E+00 1.087235E+01
3.592000E+02 1.960295E+00 1.086922E+01
3.601000E+02 1.960793E+00 1.086802E+01
3.610000E+02 1.961289E+00 1.086493E+01
3.619000E+02 1.961781E+00 1.086378E+01
3.628000E+02 1.962271E+00 1.086074E+01
3.637000E+02 1.962758E+00 1.085962E+01
3.646000E+02 1.963242E+00 1.085663E+01
3.655000E+02 1.963723E+00 1.085367E+01
3.664000E+02 1.964201E+00 1.085262E+01
3.673000E+02 1.964676E+00 1.084970E+01
3.682000E+02 1.965149E+00 1.084680E+01
3.691000E+02 1.965619E+00 1.084581E+01
3.700000E+02 1.966086E+00 1.084296E+01
3.709000E+02 1.966550E+00 1.084013E+01
3.718000E+02 1.967012E+00 1.083920E+01
3.727000E+02 1.967471E+00 1.083642E+01
3.736000E+02 1.967927E+00 1.083366E+01
3.745000E+02 1.968380E+00 1.083092E+01
3.754000E+02 1.968831E+00 1.083007E+01
3.763000E+02 1.969280E+00 1.082737E+01
3.772000E+02 1.969725E+00 1.082470E+01
3.781000E+02 1.970168E+00 1.082205E+01
3.790000E+02 1.970608E+00 1.082128E+01
3.799000E+02 1.971046E+00 1.081867E+01
3.808000E+02 1.971481E+00 1.081608E+01
3.817000E+02 1.971914E+00 1.081352E+01
3.826000E+02 1.972344E+00 1.081097E+01
3.835000E+02 1.972772E+00 1.081030E+01
3.844000E+02 1.973197E+00 1.080779E+01
3.853000E+02 1.973620E+00 1.080531E+01
3.862000E+02 1.974040E+00 1.080285E+01
3.871000E+02 1.974458E+00 1.080041E+01
3.880000E+02 1.974873E+00 1.079799E+01
3.889000E+02 1.975286E+00 1.079742E+01
3.898000E+02 1.975696E+00 1.079504E+01
3.907000E+02 1.976104E+00 1.079268E+01
3.916000E+02 1.976510E+00 1.079034E+01
3.925000E+02 1.976913E+00 1.078802E+01
3.934000E+02 1.977314E+00 1.078572E+01
3.943000E+02 1.977712E+00 1.078344E+01
3.952000E+02 1.978109E+00 1.078118E+01
3.961000E+02 1.978503E+00 1.077894E+01
3.970000E+02 1.978894E+00 1.077672E+01
3.979000E+02 1.979284E+00 1.077451E+01
3.988000E+02 1.979671E+00 1.077233E+01
3.997000E+02 1.980056E+00 1.077017E+01
4.006000E+02 1.980438E+00 1.076802E+01
4.015000E+02 1.980818E+00 1.076590E+01
4.024000E+02 1.981197E+00 1.076379E+01
4.033000E+02 1.981573E+00 1.076171E+01
4.042000E+02 1.981946E+00 1.075964E+01
4.051000E+02 1.982318E+00 1.075759E+01
4.060000E+02 1.982687E+00 1.075556E+01
4.069000E+02 1.983054E+00 1.075354E+01
4.078000E+02 1.983420E+00 1.075155E+01
4.087000E+02 1.983782E+00 1.074957E+01
4.096000E+02 1.984143E+00 1.074761E+01
4.105000E+02 1.984502E+00 1.074567E+01
4.114000E+02 1.984859E+00 1.074375E+01
4.123000E+02 1.985213E+00 1.074184E+01
4.132000E+02 1.985566E+00 1.073996E+01
4.141000E+02 1.985916E+00 1.073809E+01
4.150000E+02 1.986265E+00 1.073445E+01
4.159000E+02 1.986611E+00 1.073262E+01
4.168000E+02 1.986955E+00 1.073080E+01
4.177000E+02 1.987298E+00 1.072901E+01
4.186000E+02 1.987638E+00 1.072722E+01
4.195000E+02 1.987976E+00 1.072546E+01
4.204000E+02 1.988313E+00 1.072371E+01
4.213000E+02 1.988647E+00 1.072021E+01
4.222000E+02 1.988979E+00 1.071850E+01
4.231000E+02 1.989310E+00 1.071680E+01
4.240000E+02 1.989639E+00 1.071512E+01
4.249000E+02 1.989965E+00 1.071346E+01
4.258000E+02 1.990290E+00 1.071005E+01
4.267000E+02 1.990613E+00 1.070842E+01
4.276000E+02 1.990934E+00 1.070681E+01
4.285000E+02 1.991253E+00 1.070522E+01
4.294000E+02 1.991570E+00 1.070188E+01
4.303000E+02 1.991886E+00 1.070032E+01
4.312000E+02 1.992199E+00 1.069877E+01
4.321000E+02 1.992511E+00 1.069724E+01
4.330000E+02 1.992821E+00 1.069398E+01
4.339000E+02 1.993129E+00 1.069248E+01
4.348000E+02 1.993435E+00 1.069100E+01
4.357000E+02 1.993739E+00 1.068779E+01
4.366000E+02 1.994042E+00 1.068634E+01
4.375000E+02 1.994343E+00 1.068491E+01
4.384000E+02 1.994642E+00 1.068175E+01
4.393000E+02 1.994939E+00 1.068035E+01
4.402000E+02 1.995235E+00 1.067896E+01
4.411000E+02 1.995529E+00 1.067585E+01
4.420000E+02 1.995821E+00 1.067450E+01
4.429000E+02 1.996112E+00 1.067315E+01
4.438000E+02 1.996400E+00 1.067010E+01
4.447000E+02 1.996688E+00 1.066879E+01
4.456000E+02 1.996973E+00 1.066749E+01
4.465000E+02 1.997257E+00 1.066449E+01
4.474000E+02 1.997539E+00 1.066322E+01
4.483000E+02 1.997819E+00 1.066025E+01
4.492000E+02 1.998098E+00 1.065901E+01
4.501000E+02 1.998375E+00 1.065779E+01
4.510000E+02 1.998650E+00 1.065487E+01
4.519000E+02 1.998924E+00 1.065368E+01
4.528000E+02 1.999196E+00 1.065079E+01
4.537000E+02 1.999467E+00 1.064963E+01
4.546000E+02 1.999736E+00 1.064677E+01
4.555000E+02 2.000003E+00 1.064564E+01
4.564000E+02 2.000269E+00 1.064281E+01
4.573000E+02 2.000533E+00 1.064170E+01
4.582000E+02 2.000796E+00 1.063891E+01
4.591000E+02 2.001057E+00 1.063783E+01
4.600000E+02 2.001317E+00 1.063507E+01
4.609000E+02 2.001575E+00 1.063402E+01
4.618000E+02 2.001831E+00 1.063129E+01
4.627000E+02 2.002087E+00 1.063027E+01
4.636000E+02 2.002340E+00 1.062757E+01
4.645000E+02 2.002592E+00 1.062658E+01
4.654000E+02 2.002843E+00 1.062391E+01
4.663000E+02 2.003092E+00 1.062294E+01
4.672000E+02 2.003339E+00 1.062030E+01
4.681000E+02 2.003585E+00 1.061937E+01
4.690000E+02 2.003830E+00 1.061676E+01
4.699000E+02 2.004073E+00 1.061416E+01
4.708000E+02 2.004315E+00 1.061326E+01
4.717000E+02 2.004555E+00 1.061070E+01
4.726000E+02 2.004794E+00 1.060983E+01
4.735000E+02 2.005031E+00 1.060729E+01
4.744000E+02 2.005267E+00 1.060645E+01
4.753000E+02 2.005502E+00 1.060394E+01
4.762000E+02 2.005735E+00 1.060145E+01
4.771000E+02 2.005966E+00 1.060064E+01
4.780000E+02 2.006197E+00 1.059818E+01
4.789000E+02 2.006426E+00 1.059573E+01
4.798000E+02 2.006653E+00 1.059497E+01
4.807000E+02 2.006880E+00 1.059254E+01
4.816000E+02 2.007105E+00 1.059014E+01
4.825000E+02 2.007328E+00 1.058941E+01
4.834000E+02 2.007550E+00 1.058703E+01
4.843000E+02 2.007771E+00 1.058467E+01
4.852000E+02 2.007991E+00 1.058398E+01
4.861000E+02 2.008209E+00 1.058164E+01
4.870000E+02 2.008426E+00 1.057932E+01
4.879000E+02 2.008641E+00 1.057867E+01
4.888000E+02 2.008855E+00 1.057637E+01
4.897000E+02 2.009068E+00 1.057409E+01
4.906000E+02 2.009280E+00 1.057182E+01
4.915000E+02 2.009490E+00 1.057122E+01
4.924000E+02 2.009699E+00 1.056898E+01
4.933000E+02 2.009907E+00 1.056675E+01
4.942000E+02 2.010114E+00 1.056454E+01
4.951000E+02 2.010319E+00 1.056399E+01
4.960000E+02 2.010523E+00 1.056180E+01
4.969000E+02 2.010726E+00 1.055962E+01
4.978000E+02 2.010928E+00 1.055746E+01
4.987000E+02 2.011128E+00 1.055696E+01
4.996000E+02 2.011327E+00 1.055482E+01
5.005000E+02 2.011525E+00 1.055270E+01
5.014000E+02 2.011722E+00 1.055059E+01
5.023000E+02 2.011917E+00 1.054850E+01
5.032000E+02 2.012111E+00 1.054805E+01
5.041000E+02 2.012304E+00 1.054598E+01
5.050000E+02 2.012496E+00 1.054392E+01
5.059000E+02 2.012687E+00 1.054188E+01
5.068000E+02 2.012876E+00 1.053984E+01
5.077000E+02 2.013065E+00 1.053783E+01
5.086000E+02 2.013252E+00 1.053582E+01
5.095000E+02 2.013438E+00 1.053545E+01
5.104000E+02 2.013623E+00 1.053347E+01
5.113000E+02 2.013807E+00 1.053150E+01
5.122000E+02 2.013989E+00 1.052954E+01
5.131000E+02 2.014171E+00 1.052760E+01
5.140000E+02 2.014351E+00 1.052567E+01
5.149000E+02 2.014530E+00 1.052375E+01
5.158000E+02 2.014708E+00 1.052184E+01
5.167000E+02 2.014885E+00 1.052157E+01
5.176000E+02 2.015061E+00 1.051968E+01
5.185000E+02 2.015236E+00 1.051781E+01
5.194000E+02 2.015409E+00 1.051595E+01
5.203000E+02 2.015582E+00 1.051410E+01
5.212000E+02 2.015753E+00 1.051227E+01
5.221000E+02 2.015924E+00 1.051045E+01
5.230000E+02 2.016093E+00 1.050864E+01
5.239000E+02 2.016261E+00 1.050684E+01
5.248000E+02 2.016428E+00 1.050505E+01
5.257000E+02 2.016595E+00 1.050327E+01
5.266000E+02 2.016760E+00 1.050151E+01
5.275000E+02 2.016924E+00 1.049976E+01
5.284000E+02 2.017087E+00 1.049802E+01
5.293000E+02 2.017249E+00 1.049629E+01
5.302000E+02 2.017409E+00 1.049457E+01
5.311000E+02 2.017569E+00 1.049286E+01
5.320000E+02 2.017728E+00 1.049117E+01
5.329000E+02 2.017886E+00 1.048949E+01
5.338000E+02 2.018043E+00 1.048782E+01
5.347000E+02 2.018199E+00 1.048616E+01
5.356000E+02 2.018353E+00 1.048451E+01
5.365000E+02 2.018507E+00 1.048287E+01
5.374000E+02 2.018660E+00 1.048124E+01
5.383000E+02 2.018812E+00 1.047963E+01
5.392000E+02 2.018963E+00 1.047802E+01
5.401000E+02 2.019113E+00 1.047643E+01
5.410000E+02 2.019261E+00 1.047485E+01
5.419000E+02 2.019409E+00 1.047327E+01
5.428000E+02 2.019556E+00 1.047171E+01
5.437000E+02 2.019702E+00 1.047016E+01
5.446000E+02 2.019847E+00 1.046862E+01
5.455000E+02 2.019991E+00 1.046552E+01
5.464000E+02 2.020135E+00 1.046400E+01
5.473000E+02 2.020277E+00 1.046249E+01
5.482000E+02 2.020418E+00 1.046100E+01
5.491000E+02 2.020558E+00 1.045951E+01
5.500000E+02 2.020698E+00 1.045804E+01
5.509000E+02 2.020836E+00 1.045658E+01
5.518000E+02 2.020974E+00 1.045512E+01
5.527000E+02 2.021111E+00 1.045368E+01
5.536000E+02 2.021246E+00 1.045068E+01
5.545000E+02 2.021381E+00 1.044926E+01
5.554000E+02 2.021515E+00 1.044785E+01
5.563000E+02 2.021648E+00 1.044645E+01
5.572000E+02 2.021780E+00 1.044505E+01
5.581000E+02 2.021911E+00 1.044367E+01
5.590000E+02 2.022042E+00 1.044074E+01
5.599000E+02 2.022171E+00 1.043938E+01
5.608000E+02 2.022300E+00 1.043803E+01
5.617000E+02 2.022428E+00 1.043669E+01
5.626000E+02 2.022554E+00 1.043537E+01
5.635000E+02 2.022680E+00 1.043405E+01
5.644000E+02 2.022806E+00 1.043118E+01
5.653000E+02 2.022930E+00 1.042988E+01
5.662000E+02 2.023053E+00 1.042859E+01
5.671000E+02 2.023176E+00 1.042731E+01
5.680000E+02 2.023298E+00 1.042449E+01
5.689000E+02 2.023419E+00 1.042323E+01
5.698000E+02 2.023539E+00 1.042198E+01
5.707000E+02 2.023658E+00 1.042075E+01
5.716000E+02 2.023776E+00 1.041952E+01
5.725000E+02 2.023894E+00 1.041675E+01
5.734000E+02 2.024011E+00 1.041554E+01
5.743000E+02 2.024127E+00 1.041434E+01
5.752000E+02 2.024242E+00 1.041160E+01
5.761000E+02 2.024356E+00 1.041042E+01
5.770000E+02 2.024470E+00 1.040925E+01
5.779000E+02 2.024582E+00 1.040809E+01
5.788000E+02 2.024694E+00 1.040539E+01
5.797000E+02 2.024806E+00 1.040425E+01
5.806000E+02 2.024916E+00 1.040312E+01
5.815000E+02 2.025025E+00 1.040046E+01
5.824000E+02 2.025134E+00 1.039934E+01
5.833000E+02 2.025242E+00 1.039824E+01
5.842000E+02 2.025350E+00 1.039714E+01
5.851000E+02 2.025456E+00 1.039452E+01
5.860000E+02 2.025562E+00 1.039345E+01
5.869000E+02 2.025667E+00 1.039238E+01
5.878000E+02 2.025771E+00 1.038979E+01
5.887000E+02 2.025874E+00 1.038874E+01
5.896000E+02 2.025977E+00 1.038770E+01
5.905000E+02 2.026079E+00 1.038514E+01
5.914000E+02 2.026180E+00 1.038412E+01
5.923000E+02 2.026280E+00 1.038311E+01
5.932000E+02 2.026380E+00 1.038057E+01
5.941000E+02 2.026479E+00 1.037958E+01
5.950000E+02 2.026577E+00 1.037707E+01
5.959000E+02 2.026675E+00 1.037609E+01
5.968000E+02 2.026772E+00 1.037513E+01
5.977000E+02 2.026868E+00 1.037265E+01
5.986000E+02 2.026963E+00 1.037170E+01
5.995000E+02 2.027058E+00 1.036924E+01
6.004000E+02 2.027151E+00 1.036830E+01
6.013000E+02 2.027245E+00 1.036738E+01
6.022000E+02 2.027337E+00 1.036495E+01
6.031000E+02 2.027429E+00 1.036404E+01
6.040000E+02 2.027520E+00 1.036163E+01
6.049000E+02 2.027610E+00 1.036074E+01
6.058000E+02 2.027700E+00 1.035986E+01
6.067000E+02 2.027789E+00 1.035748E+01
6.076000E+02 2.027877E+00 1.035662E+01
6.085000E+02 2.027965E+00 1.035425E+01
6.094000E+02 2.028052E+00 1.035341E+01
6.103000E+02 2.028138E+00 1.035106E+01
6.112000E+02 2.028224E+00 1.035023E+01
6.121000E+02 2.028309E+00 1.034791E+01
6.130000E+02 2.028393E+00 1.034709E+01
6.139000E+02 2.028477E+00 1.034629E+01
6.148000E+02 2.028560E+00 1.034399E+01
6.157000E+02 2.028642E+00 1.034320E+01
6.166000E+02 2.028724E+00 1.034092E+01
6.175000E+02 2.028805E+00 1.034015E+01
6.184000E+02 2.028885E+00 1.033789E+01
6.193000E+02 2.028965E+00 1.033714E+01
6.202000E+02 2.029044E+00 1.033489E+01
6.211000E+02 2.029122E+00 1.033416E+01
6.220000E+02 2.029200E+00 1.033193E+01
6.229000E+02 2.029277E+00 1.033121E+01
6.238000E+02 2.029353E+00 1.032900E+01
6.247000E+02 2.029429E+00 1.032829E+01
6.256000E+02 2.029504E+00 1.032610E+01
6.265000E+02 2.029579E+00 1.032392E+01
6.274000E+02 2.029653E+00 1.032324E+01
6.283000E+02 2.029726E+00 1.032108E+01
6.292000E+02 2.029799E+00 1.032041E+01
6.301000E+02 2.029871E+00 1.031827E+01
6.310000E+02 2.029943E+00 1.031762E+01
6.319000E+02 2.030014E+00 1.031549E+01
6.328000E+02 2.030084E+00 1.031486E+01
6.337000E+02 2.030154E+00 1.031275E+01
6.346000E+02 2.030223E+00 1.031064E+01
6.355000E+02 2.030292E+00 1.031003E+01
6.364000E+02 2.030359E+00 1.030795E+01
6.373000E+02 2.030427E+00 1.030736E+01
6.382000E+02 2.030494E+00 1.030529E+01
6.391000E+02 2.030560E+00 1.030471E+01
6.400000E+02 2.030625E+00 1.030266E+01
6.409000E+02 2.030690E+00 1.030061E+01
6.418000E+02 2.030755E+00 1.030006E+01
6.427000E+02 2.030819E+00 1.029803E+01
6.436000E+02 2.030882E+00 1.029602E+01
6.445000E+02 2.030945E+00 1.029548E+01
6.454000E+02 2.031007E+00 1.029348E+01
6.463000E+02 2.031068E+00 1.029296E+01
6.472000E+02 2.031129E+00 1.029098E+01
6.481000E+02 2.031190E+00 1.028900E+01
6.490000E+02 2.031250E+00 1.028851E+01
6.499000E+02 2.031309E+00 1.028655E+01
6.508000E+02 2.031368E+00 1.028460E+01
6.517000E+02 2.031426E+00 1.028412E+01
6.526000E+02 2.031484E+00 1.028219E+01
6.535000E+02 2.031541E+00 1.028026E+01
6.544000E+02 2.031598E+00 1.027981E+01
6.553000E+02 2.031654E+00 1.027790E+01
6.562000E+02 2.031709E+00 1.027600E+01
6.571000E+02 2.031764E+00 1.027557E+01
6.580000E+02 2.031819E+00 1.027368E+01
6.589000E+02 2.031873E+00 1.027180E+01
6.598000E+02 2.031926E+00 1.027140E+01
6.607000E+02 2.031979E+00 1.026953E+01
6.616000E+02 2.032031E+00 1.026768E+01
6.625000E+02 2.032083E+00 1.026729E+01
6.634000E+02 2.032134E+00 1.026545E+01
6.643000E+02 2.032185E+00 1.026362E+01
6.652000E+02 2.032236E+00 1.026180E+01
6.661000E+02 2.032285E+00 1.026144E+01
6.670000E+02 2.032335E+00 1.025963E+01
6.679000E+02 2.032383E+00 1.025783E+01
6.688000E+02 2.032432E+00 1.025750E+01
6.697000E+02 2.032479E+00 1.025571E+01
6.706000E+02 2.032527E+00 1.025393E+01
6.715000E+02 2.032573E+00 1.025217E+01
6.724000E+02 2.032620E+00 1.025186E+01
6.733000E+02 2.032665E+00 1.025010E+01
6.742000E+02 2.032711E+00 1.024835E+01
6.751000E+02 2.032755E+00 1.024662E+01
6.760000E+02 2.032800E+00 1.024633E+01
6.769000E+02 2.032843E+00 1.024461E+01
6.778000E+02 2.032887E+00 1.024289E+01
6.787000E+02 2.032930E+00 1.024119E+01
6.796000E+02 2.032972E+00 1.023948E+01
6.805000E+02 2.033014E+00 1.023924E+01
6.814000E+02 2.033055E+00 1.023755E+01
6.823000E+02 2.033096E+00 1.023587E+01
6.832000E+02 2.033137E+00 1.023420E+01
6.841000E+02 2.033177E+00 1.023398E+01
6.850000E+02 2.033216E+00 1.023232E+01
6.859000E+02 2.033255E+00 1.023067E+01
6.868000E+02 2.033294E+00 1.022903E+01
6.877000E+02 2.033332E+00 1.022739E+01
6.886000E+02 2.033369E+00 1.022576E+01
6.895000E+02 2.033407E+00 1.022558E+01
6.904000E+02 2.033443E+00 1.022397E+01
6.913000E+02 2.033480E+00 1.022236E+01
6.922000E+02 2.033516E+00 1.022076E+01
6.931000E+02 2.033551E+00 1.021917E+01
6.940000E+02 2.033586E+00 1.021759E+01
6.949000E+02 2.033620E+00 1.021744E+01
6.958000E+02 2.033655E+00 1.021587E+01
6.967000E+02 2.033688E+00 1.021431E+01
6.976000E+02 2.033721E+00 1.021275E+01
6.985000E+02 2.033754E+00 1.021120E+01
6.994000E+02 2.033786E+00 1.020966E+01
7.003000E+02 2.033818E+00 1.020813E+01
7.012000E+02 2.033850E+00 1.020803E+01
7.021000E+02 2.033881E+00 1.020651E+01
7.030000E+02 2.033911E+00 1.020499E+01
7.039000E+02 2.033941E+00 1.020348E+01
7.048000E+02 2.033971E+00 1.020198E+01
7.057000E+02 2.034001E+00 1.020049E+01
7.066000E+02 2.034029E+00 1.019900E+01
7.075000E+02 2.034058E+00 1.019752E+01
7.084000E+02 2.034086E+00 1.019605E+01
7.093000E+02 2.034114E+00 1.019601E+01
7.102000E+02 2.034141E+00 1.019455E+01
7.111000E+02 2.034168E+00 1.019310E+01
7.120000E+02 2.034194E+00 1.019165E+01
7.129000E+02 2.034220E+00 1.019021E+01
7.138000E+02 2.034246E+00 1.018878E+01
7.147000E+02 2.034271E+00 1.018735E+01
7.156000E+02 2.034296E+00 1.018593E+01
7.165000E+02 2.034320E+00 1.018452E+01
7.174000E+02 2.034344E+00 1.018311E+01
7.183000E+02 2.034368E+00 1.018171E+01
7.192000E+02 2.034391E+00 1.018032E+01
7.201000E+02 2.034413E+00 1.017894E+01
7.210000E+02 2.034436E+00 1.017897E+01
7.219000E+02 2.034458E+00 1.017760E+01
7.228000E+02 2.034479E+00 1.017623E+01
7.237000E+02 2.034501E+00 1.017487E+01
7.246000E+02 2.034522E+00 1.017352E+01
7.255000E+02 2.034542E+00 1.017217E+01
7.264000E+02 2.034562E+00 1.017083E+01
7.273000E+02 2.034582E+00 1.016950E+01
7.282000E+02 2.034601E+00 1.016817E+01
7.291000E+02 2.034620E+00 1.016685E+01
7.300000E+02 2.034639E+00 1.016553E+01
7.309000E+02 2.034657E+00 1.016422E+01
7.318000E+02 2.034675E+00 1.016292E+01
7.327000E+02 2.034692E+00 1.016163E+01
7.336000E+02 2.034709E+00 1.016034E+01
7.345000E+02 2.034726E+00 1.015905E+01
7.354000E+02 2.034742E+00 1.015778E+01
7.363000E+02 2.034758E+00 1.015651E+01
7.372000E+02 2.034774E+00 1.015524E+01
7.381000E+02 2.034789E+00 1.015398E+01
7.390000E+02 2.034804E+00 1.015273E+01
7.399000E+02 2.034818E+00 1.015149E+01
7.408000E+02 2.034832E+00 1.015025E+01
7.417000E+02 2.034846E+00 1.014901E+01
7.426000E+02 2.034860E+00 1.014779E+01
7.435000E+02 2.034873E+00 1.014656E+01
7.444000E+02 2.034886E+00 1.014535E+01
7.453000E+02 2.034898E+00 1.014274E+01
7.462000E+02 2.034910E+00 1.014154E+01
7.471000E+02 2.034922E+00 1.014035E+01
7.480000E+02 2.034933E+00 1.013916E+01
7.489000E+02 2.034944E+00 1.013797E+01
7.498000E+02 2.034955E+00 1.013679E+01
7.507000E+02 2.034965E+00 1.013562E+01
7.516000E+02 2.034975E+00 1.013445E+01
7.525000E+02 2.034985E+00 1.013329E+01
7.534000E+02 2.034994E+00 1.013214E+01
7.543000E+02 2.035003E+00 1.013099E+01
7.552000E+02 2.035012E+00 1.012985E+01
7.561000E+02 2.035020E+00 1.012871E+01
7.570000E+02 2.035028E+00 1.012758E+01
7.579000E+02 2.035036E+00 1.012646E+01
7.588000E+02 2.035043E+00 1.012395E+01
7.597000E+02 2.035050E+00 1.012284E+01
7.606000E+02 2.035056E+00 1.012173E+01
7.615000E+02 2.035063E+00 1.012063E+01
7.624000E+02 2.035069E+00 1.011954E+01
7.633000E+02 2.035075E+00 1.011845E+01
7.642000E+02 2.035080E+00 1.011736E+01
7.651000E+02 2.035085E+00 1.011628E+01
7.660000E+02 2.035090E+00 1.011521E+01
7.669000E+02 2.035094E+00 1.011276E+01
7.678000E+02 2.035098E+00 1.011170E+01
7.687000E+02 2.035102E+00 1.011065E+01
7.696000E+02 2.035105E+00 1.010960E+01
7.705000E+02 2.035109E+00 1.010855E+01
7.714000E+02 2.035111E+00 1.010752E+01
7.723000E+02 2.035114E+00 1.010648E+01
7.732000E+02 2.035116E+00 1.010408E+01
7.741000E+02 2.035118E+00 1.010306E+01
7.750000E+02 2.035120E+00 1.010204E+01
7.759000E+02 2.035121E+00 1.010103E+01
7.768000E+02 2.035122E+00 1.010003E+01
7.777000E+02 2.035123E+00 1.009903E+01
7.786000E+02 2.035123E+00 1.009666E+01
7.795000E+02 2.035123E+00 1.009567E+01
7.804000E+02 2.035123E+00 1.009469E+01
7.813000E+02 2.035123E+00 1.009372E+01
7.822000E+02 2.035122E+00 1.009275E+01
7.831000E+02 2.035121E+00 1.009178E+01
7.840000E+02 2.035120E+00 1.008945E+01
7.849000E+02 2.035118E+00 1.008849E+01
7.858000E+02 2.035116E+00 1.008755E+01
7.867000E+02 2.035114E+00 1.008660E+01
7.876000E+02 2.035111E+00 1.008566E+01
7.885000E+02 2.035108E+00 1.008336E+01
7.894000E+02 2.035105E+00 1.008243E+01
7.903000E+02 2.035102E+00 1.008151E+01
7.912000E+02 2.035098E+00 1.008060E+01
7.921000E+02 2.035094E+00 1.007968E+01
7.930000E+02 2.035090E+00 1.007741E+01
7.939000E+02 2.035086E+00 1.007651E+01
7.948000E+02 2.035081E+00 1.007562E+01
7.957000E+02 2.035076E+00 1.007473E+01
7.966000E+02 2.035071E+00 1.007384E+01
7.975000E+02 2.035065E+00 1.007160E+01
7.984000E+02 2.035059E+00 1.007073E+01
7.993000E+02 2.035053E+00 1.006986E+01
8.002000E+02 2.035047E+00 1.006899E+01
8.011000E+02 2.035040E+00 1.006677E+01
8.020000E+02 2.035033E+00 1.006592E+01
8.029000E+02 2.035026E+00 1.006507E+01
8.038000E+02 2.035018E+00 1.006423E+01
8.047000E+02 2.035011E+00 1.006203E+01
8.056000E+02 2.035003E+00 1.006120E+01
8.065000E+02 2.034994E+00 1.006037E+01
8.074000E+02 2.034986E+00 1.005955E+01
8.083000E+02 2.034977E+00 1.005738E+01
8.092000E+02 2.034968E+00 1.005656E+01
8.101000E+02 2.034959E+00 1.005576E+01
8.110000E+02 2.034949E+00 1.005360E+01
8.119000E+02 2.034939E+00 1.005280E+01
8.128000E+02 2.034929E+00 1.005201E+01
8.137000E+02 2.034919E+00 1.005123E+01
8.146000E+02 2.034908E+00 1.004909E+01
8.155000E+02 2.034897E+00 1.004832E+01
8.164000E+02 2.034886E+00 1.004754E+01
8.173000E+02 2.034875E+00 1.004543E+01
8.182000E+02 2.034863E+00 1.004466E+01
8.191000E+02 2.034851E+00 1.004391E+01
8.200000E+02 2.034839E+00 1.004316E+01
8.209000E+02 2.034827E+00 1.004106E+01
8.218000E+02 2.034814E+00 1.004032E+01
8.227000E+02 2.034801E+00 1.003958E+01
8.236000E+02 2.034788E+00 1.003750E+01
8.245000E+02 2.034775E+00 1.003678E+01
8.254000E+02 2.034761E+00 1.003605E+01
8.263000E+02 2.034748E+00 1.003399E+01
8.272000E+02 2.034734E+00 1.003328E+01
8.281000E+02 2.034719E+00 1.003257E+01
8.290000E+02 2.034705E+00 1.003052E+01
8.299000E+02 2.034690E+00 1.002982E+01
8.308000E+02 2.034675E+00 1.002913E+01
8.317000E+02 2.034660E+00 1.002710E+01
8.326000E+02 2.034644E+00 1.002642E+01
8.335000E+02 2.034629E+00 1.002574E+01
8.344000E+02 2.034613E+00 1.002372E+01
8.353000E+02 2.034597E+00 1.002305E+01
8.362000E+02 2.034580E+00 1.002239E+01
8.371000E+02 2.034564E+00 1.002039E+01
8.380000E+02 2.034547E+00 1.001974E+01
8.389000E+02 2.034530E+00 1.001775E+01
8.398000E+02 2.034512E+00 1.001710E+01
8.407000E+02 2.034495E+00 1.001646E+01
8.416000E+02 2.034477E+00 1.001449E+01
8.425000E+02 2.034459E+00 1.001386E+01
8.434000E+02 2.034441E+00 1.001323E+01
8.443000E+02 2.034423E+00 1.001127E+01
8.452000E+02 2.034404E+00 1.001065E+01
8.461000E+02 2.034385E+00 1.000871E+01
8.470000E+02 2.034366E+00 1.000810E+01
8.479000E+02 2.034347E+00 1.000750E+01
8.488000E+02 2.034327E+00 1.000556E+01
8.497000E+02 2.034308E+00 1.000497E+01
8.506000E+02 2.034288E+00 1.000305E+01
8.515000E+02 2.034268E+00 1.000246E+01
8.524000E+02 2.034247E+00 1.000188E+01
8.533000E+02 2.034227E+00 9.999975E+00
8.542000E+02 2.034206E+00 9.999404E+00
8.551000E+02 2.034185E+00 9.997507E+00
8.560000E+02 2.034164E+00 9.996944E+00
8.569000E+02 2.034142E+00 9.996386E+00
8.578000E+02 2.034121E+00 9.994505E+00
8.587000E+02 2.034099E+00 9.993955E+00
8.596000E+02 2.034077E+00 9.992084E+00
8.605000E+02 2.034055E+00 9.991544E+00
8.614000E+02 2.034032E+00 9.989682E+00
8.623000E+02 2.034009E+00 9.989151E+00
8.632000E+02 2.033987E+00 9.988624E+00
8.641000E+02 2.033964E+00 9.986777E+00
8.650000E+02 2.033940E+00 9.986259E+00
8.659000E+02 2.033917E+00 9.984421E+00
8.668000E+02 2.033893E+00 9.983912E+00
8.677000E+02 2.033869E+00 9.982085E+00
8.686000E+02 2.033845E+00 9.981584E+00
8.695000E+02 2.033821E+00 9.979766E+00
8.704000E+02 2.033797E+00 9.979275E+00
8.713000E+02 2.033772E+00 9.977467E+00
8.722000E+02 2.033747E+00 9.976983E+00
8.731000E+02 2.033722E+00 9.976505E+00
8.740000E+02 2.033697E+00 9.974711E+00
8.749000E+02 2.033672E+00 9.974240E+00
8.758000E+02 2.033646E+00 9.972456E+00
8.767000E+02 2.033620E+00 9.971994E+00
8.776000E+02 2.033594E+00 9.970220E+00
8.785000E+02 2.033568E+00 9.969766E+00
8.794000E+02 2.033542E+00 9.968001E+00
8.803000E+02 2.033515E+00 9.967557E+00
8.812000E+02 2.033488E+00 9.965801E+00
8.821000E+02 2.033461E+00 9.965364E+00
8.830000E+02 2.033434E+00 9.963618E+00
8.839000E+02 2.033407E+00 9.963190E+00
8.848000E+02 2.033380E+00 9.961453E+00
8.857000E+02 2.033352E+00 9.961034E+00
8.866000E+02 2.033324E+00 9.959306E+00
8.875000E+02 2.033296E+00 9.958895E+00
8.884000E+02 2.033268E+00 9.957176E+00
8.893000E+02 2.033239E+00 9.956773E+00
8.902000E+02 2.033211E+00 9.955064E+00
8.911000E+02 2.033182E+00 9.954669E+00
8.920000E+02 2.033153E+00 9.952969E+00
8.929000E+02 2.033124E+00 9.952583E+00
8.938000E+02 2.033095E+00 9.950891E+00
8.947000E+02 2.033065E+00 9.950513E+00
8.956000E+02 2.033036E+00 9.948831E+00
8.965000E+02 2.033006E+00 9.947153E+00
8.974000E+02 2.032976E+00 9.946788E+00
8.983000E+02 2.032946E+00 9.945119E+00
8.992000E+02 2.032916E+00 9.944762E+00
9.001000E+02 2.032885E+00 9.943102E+00
9.010000E+02 2.032854E+00 9.942753E+00
9.019000E+02 2.032824E+00 9.941102E+00
9.028000E+02 2.032793E+00 9.940761E+00
9.037000E+02 2.032761E+00 9.939119E+00
9.046000E+02 2.032730E+00 9.938785E+00
9.055000E+02 2.032699E+00 9.937152E+00
9.064000E+02 2.032667E+00 9.935524E+00
9.073000E+02 2.032635E+00 9.935203E+00
9.082000E+02 2.032603E+00 9.933583E+00
9.091000E+02 2.032571E+00 9.933270E+00
9.100000E+02 2.032539E+00 9.931659E+00
9.109000E+02 2.032506E+00 9.931353E+00
9.118000E+02 2.032474E+00 9.929751E+00
9.127000E+02 2.032441E+00 9.928153E+00
9.136000E+02 2.032408E+00 9.927859E+00
9.145000E+02 2.032375E+00 9.926270E+00
9.154000E+02 2.032341E+00 9.925984E+00
9.163000E+02 2.032308E+00 9.924404E+00
9.172000E+02 2.032274E+00 9.922828E+00
9.181000E+02 2.032240E+00 9.922553E+00
9.190000E+02 2.032207E+00 9.920986E+00
9.199000E+02 2.032172E+00 9.920719E+00
9.208000E+02 2.032138E+00 9.919160E+00
9.217000E+02 2.032104E+00 9.917605E+00
9.226000E+02 2.032069E+00 9.917350E+00
9.235000E+02 2.032035E+00 9.915804E+00
9.244000E+02 2.032000E+00 9.915556E+00
9.253000E+02 2.031965E+00 9.914018E+00
9.262000E+02 2.031929E+00 9.912484E+00
9.271000E+02 2.031894E+00 9.912248E+00
9.280000E+02 2.031859E+00 9.910723E+00
9.289000E+02 2.031823E+00 9.910494E+00
9.298000E+02 2.031787E+00 9.908977E+00
9.307000E+02 2.031751E+00 9.907464E+00
9.316000E+02 2.031715E+00 9.907246E+00
9.325000E+02 2.031679E+00 9.905742E+00
9.334000E+02 2.031643E+00 9.904241E+00
9.343000E+02 2.031606E+00 9.904035E+00
9.352000E+02 2.031570E+00 9.902543E+00
9.361000E+02 2.031533E+00 9.901055E+00
9.370000E+02 2.031496E+00 9.900859E+00
9.379000E+02 2.031459E+00 9.899379E+00
9.388000E+02 2.031422E+00 9.899191E+00
9.397000E+02 2.031384E+00 9.897719E+00
9.406000E+02 2.031347E+00 9.896251E+00
9.415000E+02 2.031309E+00 9.896074E+00
9.424000E+02 2.031271E+00 9.894614E+00
9.433000E+02 2.031233E+00 9.893158E+00
9.442000E+02 2.031195E+00 9.892992E+00
9.451000E+02 2.031157E+00 9.891544E+00
9.460000E+02 2.031119E+00 9.890101E+00
9.469000E+02 2.031080E+00 9.889945E+00
9.478000E+02 2.031042E+00 9.888509E+00
9.487000E+02 2.031003E+00 9.887077E+00
9.496000E+02 2.030964E+00 9.886932E+00
9.505000E+02 2.030925E+00 9.885508E+00
9.514000E+02 2.030886E+00 9.884089E+00
9.523000E+02 2.030847E+00 9.883954E+00
9.532000E+02 2.030807E+00 9.882542E+00
9.541000E+02 2.030768E+00 9.881134E+00
9.550000E+02 2.030728E+00 9.879730E+00
9.559000E+02 2.030688E+00 9.879610E+00
9.568000E+02 2.030648E+00 9.878213E+00
9.577000E+02 2.030608E+00 9.876821E+00
9.586000E+02 2.030568E+00 9.876711E+00
9.595000E+02 2.030528E+00 9.875327E+00
9.604000E+02 2.030487E+00 9.873946E+00
9.613000E+02 2.030446E+00 9.873847E+00
9.622000E+02 2.030406E+00 9.872473E+00
9.631000E+02 2.030365E+00 9.871104E+00
9.640000E+02 2.030324E+00 9.869739E+00
9.649000E+02 2.030283E+00 9.869654E+00
9.658000E+02 2.030242E+00 9.868296E+00
9.667000E+02 2.030200E+00 9.866942E+00
9.676000E+02 2.030159E+00 9.866867E+00
9.685000E+02 2.030117E+00 9.865520E+00
9.694000E+02 2.030075E+00 9.864178E+00
9.703000E+02 2.030034E+00 9.862839E+00
9.712000E+02 2.029992E+00 9.862778E+00
9.721000E+02 2.029949E+00 9.861447E+00
9.730000E+02 2.029907E+00 9.860119E+00
9.739000E+02 2.029865E+00 9.858796E+00
9.748000E+02 2.029822E+00 9.858748E+00
9.757000E+02 2.029780E+00 9.857432E+00
9.766000E+02 2.029737E+00 9.856120E+00
9.775000E+02 2.029694E+00 9.856082E+00
9.784000E+02 2.029651E+00 9.854777E+00
9.793000E+02 2.029608E+00 9.853475E+00
9.802000E+02 2.029565E+00 9.852178E+00
9.811000E+02 2.029522E+00 9.852154E+00
9.820000E+02 2.029479E+00 9.850863E+00
9.829000E+02 2.029435E+00 9.849577E+00
9.838000E+02 2.029391E+00 9.848294E+00
9.847000E+02 2.029348E+00 9.847016E+00
9.856000E+02 2.029304E+00 9.847008E+00
9.865000E+02 2.029260E+00 9.845736E+00
9.874000E+02 2.029216E+00 9.844468E+00
9.883000E+02 2.029172E+00 9.843204E+00
9.892000E+02 2.029127E+00 9.843209E+00
9.901000E+02 2.029083E+00 9.841952E+00
9.910000E+02 2.029038E+00 9.840699E+00
9.919000E+02 2.028994E+00 9.839449E+00
9.928000E+02 2.028949E+00 9.839467E+00
9.937000E+02 2.028904E+00 9.838224E+00
9.946000E+02 2.028859E+00 9.836986E+00
9.955000E+02 2.028814E+00 9.835750E+00
9.964000E+02 2.028769E+00 9.834519E+00
9.973000E+02 2.028723E+00 9.834553E+00
9.982000E+02 2.028678E+00 9.833328E+00
9.991000E+02 2.028632E+00 9.832107E+00
