1.000000E+00 NAN NAN
1.099000E+00 1.200365E-01 2.379499E+01
1.198000E+00 1.254886E-01 2.021536E+01
1.297000E+00 1.309332E-01 1.849880E+01
1.396000E+00 1.363605E-01 1.780284E+01
1.495000E+00 1.417609E-01 1.724694E+01
1.594000E+00 1.471290E-01 1.679700E+01
1.693000E+00 1.524610E-01 1.631327E+01
1.792000E+00 1.577545E-01 1.591193E+01
1.891000E+00 1.630081E-01 1.557580E+01
1.990000E+00 1.682208E-01 1.529215E+01
2.089000E+00 1.733920E-01 1.505131E+01
2.188000E+00 1.785214E-01 1.484586E+01
2.287000E+00 1.836091E-01 1.466994E+01
2.386000E+00 1.886553E-01 1.444653E+01
2.485000E+00 1.936604E-01 1.431994E+01
2.584000E+00 1.986248E-01 1.414544E+01
2.683000E+00 2.035490E-01 1.405456E+01
2.782000E+00 2.084335E-01 1.391637E+01
2.881000E+00 2.132790E-01 1.379416E+01
2.980000E+00 2.180861E-01 1.368589E+01
3.079000E+00 2.228556E-01 1.358987E+01
3.178000E+00 2.275878E-01 1.350464E+01
3.277000E+00 2.322836E-01 1.342897E+01
3.376000E+00 2.369435E-01 1.336183E+01
3.475000E+00 2.415682E-01 1.325550E+01
3.574000E+00 2.461583E-01 1.320409E+01
3.673000E+00 2.507144E-01 1.315872E+01
3.772000E+00 2.552372E-01 1.307591E+01
3.871000E+00 2.597272E-01 1.304197E+01
3.970000E+00 2.641850E-01 1.297178E+01
4.069000E+00 2.686111E-01 1.294718E+01
4.168000E+00 2.730061E-01 1.288746E+01
4.267000E+00 2.773706E-01 1.283281E+01
4.366000E+00 2.817050E-01 1.281963E+01
4.465000E+00 2.860099E-01 1.277299E+01
4.564000E+00 2.902857E-01 1.273029E+01
4.663000E+00 2.945330E-01 1.269122E+01
4.762000E+00 2.987523E-01 1.265550E+01
4.861000E+00 3.029438E-01 1.262287E+01
4.960000E+00 3.071082E-01 1.262564E+01
5.059000E+00 3.112459E-01 1.259791E+01
5.158000E+00 3.153573E-01 1.257267E+01
5.257000E+00 3.194426E-01 1.251894E+01
5.356000E+00 3.235026E-01 1.249870E+01
5.455000E+00 3.275373E-01 1.248045E+01
5.554000E+00 3.315473E-01 1.246405E+01
5.653000E+00 3.355330E-01 1.244939E+01
5.752000E+00 3.394947E-01 1.243636E+01
5.851000E+00 3.434326E-01 1.242486E+01
5.950000E+00 3.473472E-01 1.238727E+01
6.049000E+00 3.512389E-01 1.237891E+01
6.148000E+00 3.551079E-01 1.237180E+01
6.247000E+00 3.589545E-01 1.233955E+01
6.346000E+00 3.627791E-01 1.233505E+01
6.445000E+00 3.665820E-01 1.233159E+01
6.544000E+00 3.703634E-01 1.230382E+01
6.643000E+00 3.741237E-01 1.230255E+01
6.742000E+00 3.778631E-01 1.227752E+01
6.841000E+00 3.815819E-01 1.227818E+01
6.940000E+00 3.852804E-01 1.225561E+01
7.039000E+00 3.889588E-01 1.225802E+01
7.138000E+00 3.926174E-01 1.223766E+01
7.237000E+00 3.962564E-01 1.221849E+01
7.336000E+00 3.998761E-01 1.222327E+01
7.435000E+00 4.034767E-01 1.220600E+01
7.534000E+00 4.070585E-01 1.221209E+01
7.633000E+00 4.106216E-01 1.219655E+01
7.732000E+00 4.141664E-01 1.218195E+01
7.831000E+00 4.176929E-01 1.216824E+01
7.930000E+00 4.212016E-01 1.217675E+01
8.029000E+00 4.246924E-01 1.216447E+01
8.128000E+00 4.281658E-01 1.215296E+01
8.227000E+00 4.316218E-01 1.214221E+01
8.326000E+00 4.350607E-01 1.215269E+01
8.425000E+00 4.384826E-01 1.214312E+01
8.524000E+00 4.418877E-01 1.213421E+01
8.623000E+00 4.452763E-01 1.212593E+01
8.722000E+00 4.486485E-01 1.211825E+01
8.821000E+00 4.520044E-01 1.211116E+01
8.920000E+00 4.553443E-01 1.210461E+01
9.019000E+00 4.586684E-01 1.209861E+01
9.118000E+00 4.619767E-01 1.211216E+01
9.217000E+00 4.652695E-01 1.210699E+01
9.316000E+00 4.685470E-01 1.210229E+01
9.415000E+00 4.718092E-01 1.209805E+01
9.514000E+00 4.750564E-01 1.209424E+01
9.613000E+00 4.782887E-01 1.209086E+01
9.712000E+00 4.815063E-01 1.208789E+01
9.811000E+00 4.847092E-01 1.206734E+01
9.910000E+00 4.878977E-01 1.206527E+01
1.000900E+01 4.910718E-01 1.206357E+01
1.010800E+01 4.942318E-01 1.206221E+01
1.020700E+01 4.973777E-01 1.206118E+01
1.030600E+01 5.005098E-01 1.206048E+01
1.040500E+01 5.036280E-01 1.206009E+01
1.050400E+01 5.067327E-01 1.205999E+01
1.060300E+01 5.098238E-01 1.206019E+01
1.070200E+01 5.129015E-01 1.204389E+01
1.080100E+01 5.159660E-01 1.204475E+01
1.090000E+01 5.190174E-01 1.204587E+01
1.099900E+01 5.220558E-01 1.204724E+01
1.109800E+01 5.250813E-01 1.204884E+01
1.119700E+01 5.280940E-01 1.203449E+01
1.129600E+01 5.310940E-01 1.203666E+01
1.139500E+01 5.340816E-01 1.203904E+01
1.149400E+01 5.370567E-01 1.204164E+01
1.159300E+01 5.400194E-01 1.202867E+01
1.169200E+01 5.429699E-01 1.203175E+01
1.179100E+01 5.459084E-01 1.203502E+01
1.189000E+01 5.488348E-01 1.202302E+01
1.198900E+01 5.517493E-01 1.202674E+01
1.208800E+01 5.546520E-01 1.203062E+01
1.218700E+01 5.575430E-01 1.201950E+01
1.228600E+01 5.604225E-01 1.202380E+01
1.238500E+01 5.632904E-01 1.202824E+01
1.248400E+01 5.661469E-01 1.201794E+01
1.258300E+01 5.689921E-01 1.202275E+01
1.268200E+01 5.718261E-01 1.201299E+01
1.278100E+01 5.746490E-01 1.201815E+01
1.288000E+01 5.774608E-01 1.200890E+01
1.297900E+01 5.802618E-01 1.201438E+01
1.307800E+01 5.830518E-01 1.201999E+01
1.317700E+01 5.858311E-01 1.201141E+01
1.327600E+01 5.885997E-01 1.201731E+01
1.337500E+01 5.913577E-01 1.200918E+01
1.347400E+01 5.941052E-01 1.201536E+01
1.357300E+01 5.968423E-01 1.200767E+01
1.367200E+01 5.995690E-01 1.201411E+01
1.377100E+01 6.022854E-01 1.200682E+01
1.387000E+01 6.049917E-01 1.201351E+01
1.396900E+01 6.076878E-01 1.200660E+01
1.406800E+01 6.103739E-01 1.201353E+01
1.416700E+01 6.130501E-01 1.200699E+01
1.426600E+01 6.157163E-01 1.200068E+01
1.436500E+01 6.183728E-01 1.200795E+01
1.446400E+01 6.210195E-01 1.200197E+01
1.456300E+01 6.236565E-01 1.200945E+01
1.466200E+01 6.262840E-01 1.200380E+01
1.476100E+01 6.289019E-01 1.199834E+01
1.486000E+01 6.315104E-01 1.200612E+01
1.495900E+01 6.341094E-01 1.200097E+01
1.505800E+01 6.366992E-01 1.200892E+01
1.515700E+01 6.392797E-01 1.200406E+01
1.525600E+01 6.418511E-01 1.199937E+01
1.535500E+01 6.444133E-01 1.200759E+01
1.545400E+01 6.469664E-01 1.200316E+01
1.555300E+01 6.495106E-01 1.199890E+01
1.565200E+01 6.520458E-01 1.200736E+01
1.575100E+01 6.545722E-01 1.200335E+01
1.585000E+01 6.570898E-01 1.199950E+01
1.594900E+01 6.595986E-01 1.200819E+01
1.604800E+01 6.620988E-01 1.200456E+01
1.614700E+01 6.645903E-01 1.200108E+01
1.624600E+01 6.670732E-01 1.199775E+01
1.634500E+01 6.695477E-01 1.200672E+01
1.644400E+01 6.720137E-01 1.200359E+01
1.654300E+01 6.744713E-01 1.200060E+01
1.664200E+01 6.769206E-01 1.199774E+01
1.674100E+01 6.793616E-01 1.200696E+01
1.684000E+01 6.817944E-01 1.200429E+01
1.693900E+01 6.842190E-01 1.200174E+01
1.703800E+01 6.866355E-01 1.199932E+01
1.713700E+01 6.890439E-01 1.199701E+01
1.723600E+01 6.914444E-01 1.200652E+01
1.733500E+01 6.938369E-01 1.200438E+01
1.743400E+01 6.962215E-01 1.200236E+01
1.753300E+01 6.985982E-01 1.200044E+01
1.763200E+01 7.009671E-01 1.199863E+01
1.773100E+01 7.033283E-01 1.200839E+01
1.783000E+01 7.056817E-01 1.200674E+01
1.792900E+01 7.080275E-01 1.200518E+01
1.802800E+01 7.103657E-01 1.200372E+01
1.812700E+01 7.126963E-01 1.200236E+01
1.822600E+01 7.150194E-01 1.200109E+01
1.832500E+01 7.173350E-01 1.199992E+01
1.842400E+01 7.196433E-01 1.201000E+01
1.852300E+01 7.219441E-01 1.200895E+01
1.862200E+01 7.242376E-01 1.200800E+01
1.872100E+01 7.265239E-01 1.200713E+01
1.882000E+01 7.288029E-01 1.200635E+01
1.891900E+01 7.310747E-01 1.200564E+01
1.901800E+01 7.333393E-01 1.200502E+01
1.911700E+01 7.355969E-01 1.200448E+01
1.921600E+01 7.378474E-01 1.200402E+01
1.931500E+01 7.400908E-01 1.200363E+01
1.941400E+01 7.423273E-01 1.200332E+01
1.951300E+01 7.445568E-01 1.200308E+01
1.961200E+01 7.467794E-01 1.200291E+01
1.971100E+01 7.489952E-01 1.200282E+01
1.981000E+01 7.512041E-01 1.201339E+01
1.990900E+01 7.534062E-01 1.201339E+01
2.000800E+01 7.556016E-01 1.201346E+01
2.010700E+01 7.577903E-01 1.201360E+01
2.020600E+01 7.599724E-01 1.201380E+01
2.030500E+01 7.621478E-01 1.201407E+01
2.040400E+01 7.643166E-01 1.201440E+01
2.050300E+01 7.664789E-01 1.201479E+01
2.060200E+01 7.686347E-01 1.201524E+01
2.070100E+01 7.707840E-01 1.201575E+01
2.080000E+01 7.729269E-01 1.201631E+01
2.089900E+01 7.750633E-01 1.200673E+01
2.099800E+01 7.771935E-01 1.200745E+01
2.109700E+01 7.793172E-01 1.200822E+01
2.119600E+01 7.814347E-01 1.200904E+01
2.129500E+01 7.835460E-01 1.200992E+01
2.139400E+01 7.856510E-01 1.201085E+01
2.149300E+01 7.877498E-01 1.201183E+01
2.159200E+01 7.898425E-01 1.201286E+01
2.169100E+01 7.919290E-01 1.201394E+01
2.179000E+01 7.940095E-01 1.201507E+01
2.188900E+01 7.960839E-01 1.201624E+01
2.198800E+01 7.981522E-01 1.201747E+01
2.208700E+01 8.002146E-01 1.201874E+01
2.218600E+01 8.022710E-01 1.202005E+01
2.228500E+01 8.043215E-01 1.202141E+01
2.238400E+01 8.063661E-01 1.201309E+01
2.248300E+01 8.084049E-01 1.201456E+01
2.258200E+01 8.104378E-01 1.201608E+01
2.268100E+01 8.124649E-01 1.201764E+01
2.278000E+01 8.144863E-01 1.201924E+01
2.287900E+01 8.165019E-01 1.202089E+01
2.297800E+01 8.185118E-01 1.202257E+01
2.307700E+01 8.205160E-01 1.202429E+01
2.317600E+01 8.225146E-01 1.201655E+01
2.327500E+01 8.245076E-01 1.201837E+01
2.337400E+01 8.264949E-01 1.202023E+01
2.347300E+01 8.284768E-01 1.202213E+01
2.357200E+01 8.304530E-01 1.202406E+01
2.367100E+01 8.324238E-01 1.202602E+01
2.377000E+01 8.343891E-01 1.201869E+01
2.386900E+01 8.363489E-01 1.202075E+01
2.396800E+01 8.383034E-01 1.202285E+01
2.406700E+01 8.402524E-01 1.202497E+01
2.416600E+01 8.421960E-01 1.202713E+01
2.426500E+01 8.441344E-01 1.202013E+01
2.436400E+01 8.460674E-01 1.202237E+01
2.446300E+01 8.479951E-01 1.202465E+01
2.456200E+01 8.499175E-01 1.202695E+01
2.466100E+01 8.518348E-01 1.202929E+01
2.476000E+01 8.537468E-01 1.202258E+01
2.485900E+01 8.556536E-01 1.202500E+01
2.495800E+01 8.575553E-01 1.202745E+01
2.505700E+01 8.594518E-01 1.202992E+01
2.515600E+01 8.613432E-01 1.202345E+01
2.525500E+01 8.632296E-01 1.202600E+01
2.535400E+01 8.651109E-01 1.202857E+01
2.545300E+01 8.669871E-01 1.203117E+01
2.555200E+01 8.688584E-01 1.202492E+01
2.565100E+01 8.707247E-01 1.202760E+01
2.575000E+01 8.725860E-01 1.203029E+01
2.584900E+01 8.744424E-01 1.203302E+01
2.594800E+01 8.762938E-01 1.202698E+01
2.604700E+01 8.781404E-01 1.202977E+01
2.614600E+01 8.799821E-01 1.203258E+01
2.624500E+01 8.818190E-01 1.203542E+01
2.634400E+01 8.836511E-01 1.202958E+01
2.644300E+01 8.854783E-01 1.203248E+01
2.654200E+01 8.873008E-01 1.203540E+01
2.664100E+01 8.891186E-01 1.202972E+01
2.674000E+01 8.909316E-01 1.203270E+01
2.683900E+01 8.927399E-01 1.203570E+01
2.693800E+01 8.945435E-01 1.203017E+01
2.703700E+01 8.963425E-01 1.203323E+01
2.713600E+01 8.981368E-01 1.203631E+01
2.723500E+01 8.999265E-01 1.203092E+01
2.733400E+01 9.017116E-01 1.203405E+01
2.743300E+01 9.034922E-01 1.203721E+01
2.753200E+01 9.052681E-01 1.203195E+01
2.763100E+01 9.070396E-01 1.203516E+01
2.773000E+01 9.088065E-01 1.203839E+01
2.782900E+01 9.105689E-01 1.203327E+01
2.792800E+01 9.123269E-01 1.203654E+01
2.802700E+01 9.140804E-01 1.203984E+01
2.812600E+01 9.158295E-01 1.203484E+01
2.822500E+01 9.175741E-01 1.203819E+01
2.832400E+01 9.193144E-01 1.204155E+01
2.842300E+01 9.210503E-01 1.203668E+01
2.852200E+01 9.227818E-01 1.204009E+01
2.862100E+01 9.245090E-01 1.204351E+01
2.872000E+01 9.262319E-01 1.203876E+01
2.881900E+01 9.279505E-01 1.204223E+01
2.891800E+01 9.296648E-01 1.203756E+01
2.901700E+01 9.313749E-01 1.204107E+01
2.911600E+01 9.330807E-01 1.204460E+01
2.921500E+01 9.347823E-01 1.204005E+01
2.931400E+01 9.364797E-01 1.204362E+01
2.941300E+01 9.381729E-01 1.203914E+01
2.951200E+01 9.398620E-01 1.204276E+01
2.961100E+01 9.415469E-01 1.204638E+01
2.971000E+01 9.432277E-01 1.204201E+01
2.980900E+01 9.449043E-01 1.204568E+01
2.990800E+01 9.465769E-01 1.204139E+01
3.000700E+01 9.482454E-01 1.204509E+01
3.010600E+01 9.499098E-01 1.204087E+01
3.020500E+01 9.515702E-01 1.204462E+01
3.030400E+01 9.532266E-01 1.204837E+01
3.040300E+01 9.548789E-01 1.204425E+01
3.050200E+01 9.565273E-01 1.204804E+01
3.060100E+01 9.581717E-01 1.204400E+01
3.070000E+01 9.598121E-01 1.204782E+01
3.079900E+01 9.614486E-01 1.204384E+01
3.089800E+01 9.630812E-01 1.204771E+01
3.099700E+01 9.647099E-01 1.204380E+01
3.109600E+01 9.663347E-01 1.204769E+01
3.119500E+01 9.679556E-01 1.205159E+01
3.129400E+01 9.695727E-01 1.204777E+01
3.139300E+01 9.711859E-01 1.205171E+01
3.149200E+01 9.727953E-01 1.204795E+01
3.159100E+01 9.744009E-01 1.205192E+01
3.169000E+01 9.760026E-01 1.204823E+01
3.178900E+01 9.776007E-01 1.205223E+01
3.188800E+01 9.791949E-01 1.204860E+01
3.198700E+01 9.807854E-01 1.205263E+01
3.208600E+01 9.823722E-01 1.204906E+01
3.218500E+01 9.839552E-01 1.205312E+01
3.228400E+01 9.855346E-01 1.204961E+01
3.238300E+01 9.871102E-01 1.205369E+01
3.248200E+01 9.886822E-01 1.205024E+01
3.258100E+01 9.902506E-01 1.205436E+01
3.268000E+01 9.918153E-01 1.205096E+01
3.277900E+01 9.933763E-01 1.205510E+01
3.287800E+01 9.949338E-01 1.205177E+01
3.297700E+01 9.964877E-01 1.205593E+01
3.307600E+01 9.980379E-01 1.205265E+01
3.317500E+01 9.995847E-01 1.205684E+01
3.327400E+01 1.001128E+00 1.205362E+01
3.337300E+01 1.002667E+00 1.205043E+01
3.347200E+01 1.004203E+00 1.205466E+01
3.357100E+01 1.005736E+00 1.205152E+01
3.367000E+01 1.007265E+00 1.205578E+01
3.376900E+01 1.008791E+00 1.205269E+01
3.386800E+01 1.010313E+00 1.205697E+01
3.396700E+01 1.011831E+00 1.205394E+01
3.406600E+01 1.013347E+00 1.205824E+01
3.416500E+01 1.014858E+00 1.205525E+01
3.426400E+01 1.016367E+00 1.205958E+01
3.436300E+01 1.017872E+00 1.205664E+01
3.446200E+01 1.019373E+00 1.205373E+01
3.456100E+01 1.020872E+00 1.205809E+01
3.466000E+01 1.022366E+00 1.205524E+01
3.475900E+01 1.023858E+00 1.205962E+01
3.485800E+01 1.025346E+00 1.205681E+01
3.495700E+01 1.026831E+00 1.206121E+01
3.505600E+01 1.028312E+00 1.205844E+01
3.515500E+01 1.029790E+00 1.205571E+01
3.525400E+01 1.031265E+00 1.206014E+01
3.535300E+01 1.032737E+00 1.205746E+01
3.545200E+01 1.034205E+00 1.206191E+01
3.555100E+01 1.035670E+00 1.205926E+01
3.565000E+01 1.037132E+00 1.205665E+01
3.574900E+01 1.038591E+00 1.206113E+01
3.584800E+01 1.040046E+00 1.205856E+01
3.594700E+01 1.041499E+00 1.206306E+01
3.604600E+01 1.042948E+00 1.206052E+01
3.614500E+01 1.044394E+00 1.205802E+01
3.624400E+01 1.045836E+00 1.206255E+01
3.634300E+01 1.047276E+00 1.206009E+01
3.644200E+01 1.048712E+00 1.205765E+01
3.654100E+01 1.050146E+00 1.206221E+01
3.664000E+01 1.051576E+00 1.205981E+01
3.673900E+01 1.053003E+00 1.206439E+01
3.683800E+01 1.054427E+00 1.206203E+01
3.693700E+01 1.055848E+00 1.205970E+01
3.703600E+01 1.057266E+00 1.206430E+01
3.713500E+01 1.058680E+00 1.206200E+01
3.723400E+01 1.060092E+00 1.205973E+01
3.733300E+01 1.061501E+00 1.206436E+01
3.743200E+01 1.062906E+00 1.206213E+01
3.753100E+01 1.064309E+00 1.205992E+01
3.763000E+01 1.065708E+00 1.206457E+01
3.772900E+01 1.067105E+00 1.206240E+01
3.782800E+01 1.068499E+00 1.206026E+01
3.792700E+01 1.069889E+00 1.206493E+01
3.802600E+01 1.071277E+00 1.206282E+01
3.812500E+01 1.072662E+00 1.206073E+01
3.822400E+01 1.074044E+00 1.206543E+01
3.832300E+01 1.075423E+00 1.206337E+01
3.842200E+01 1.076798E+00 1.206134E+01
3.852100E+01 1.078172E+00 1.206606E+01
3.862000E+01 1.079542E+00 1.206406E+01
3.871900E+01 1.080909E+00 1.206209E+01
3.881800E+01 1.082273E+00 1.206683E+01
3.891700E+01 1.083635E+00 1.206489E+01
3.901600E+01 1.084993E+00 1.206296E+01
3.911500E+01 1.086349E+00 1.206773E+01
3.921400E+01 1.087702E+00 1.206584E+01
3.931300E+01 1.089052E+00 1.206397E+01
3.941200E+01 1.090400E+00 1.206875E+01
3.951100E+01 1.091744E+00 1.206691E+01
3.961000E+01 1.093086E+00 1.206509E+01
3.970900E+01 1.094425E+00 1.206330E+01
3.980800E+01 1.095761E+00 1.206811E+01
3.990700E+01 1.097094E+00 1.206634E+01
4.000600E+01 1.098425E+00 1.206460E+01
4.010500E+01 1.099753E+00 1.206942E+01
4.020400E+01 1.101078E+00 1.206771E+01
4.030300E+01 1.102400E+00 1.206601E+01
4.040200E+01 1.103720E+00 1.206433E+01
4.050100E+01 1.105037E+00 1.206918E+01
4.060000E+01 1.106351E+00 1.206753E+01
4.069900E+01 1.107663E+00 1.206590E+01
4.079800E+01 1.108972E+00 1.207077E+01
4.089700E+01 1.110278E+00 1.206917E+01
4.099600E+01 1.111582E+00 1.206758E+01
4.109500E+01 1.112883E+00 1.206602E+01
4.119400E+01 1.114181E+00 1.207091E+01
4.129300E+01 1.115476E+00 1.206937E+01
4.139200E+01 1.116769E+00 1.206785E+01
4.149100E+01 1.118060E+00 1.206635E+01
4.159000E+01 1.119348E+00 1.207126E+01
4.168900E+01 1.120633E+00 1.206978E+01
4.178800E+01 1.121915E+00 1.206832E+01
4.188700E+01 1.123195E+00 1.206688E+01
4.198600E+01 1.124473E+00 1.207182E+01
4.208500E+01 1.125748E+00 1.207040E+01
4.218400E+01 1.127020E+00 1.206900E+01
4.228300E+01 1.128290E+00 1.206762E+01
4.238200E+01 1.129557E+00 1.207257E+01
4.248100E+01 1.130821E+00 1.207121E+01
4.258000E+01 1.132084E+00 1.206987E+01
4.267900E+01 1.133343E+00 1.206854E+01
4.277800E+01 1.134600E+00 1.206724E+01
4.287700E+01 1.135855E+00 1.207222E+01
4.297600E+01 1.137107E+00 1.207093E+01
4.307500E+01 1.138357E+00 1.206966E+01
4.317400E+01 1.139604E+00 1.206841E+01
4.327300E+01 1.140849E+00 1.207340E+01
4.337200E+01 1.142091E+00 1.207217E+01
4.347100E+01 1.143331E+00 1.207096E+01
4.357000E+01 1.144568E+00 1.206975E+01
4.366900E+01 1.145803E+00 1.206857E+01
4.376800E+01 1.147035E+00 1.207359E+01
4.386700E+01 1.148265E+00 1.207243E+01
4.396600E+01 1.149493E+00 1.207128E+01
4.406500E+01 1.150718E+00 1.207014E+01
4.416400E+01 1.151941E+00 1.206903E+01
4.426300E+01 1.153162E+00 1.207407E+01
4.436200E+01 1.154380E+00 1.207297E+01
4.446100E+01 1.155595E+00 1.207189E+01
4.456000E+01 1.156809E+00 1.207082E+01
4.465900E+01 1.158020E+00 1.206976E+01
4.475800E+01 1.159228E+00 1.207482E+01
4.485700E+01 1.160435E+00 1.207379E+01
4.495600E+01 1.161639E+00 1.207277E+01
4.505500E+01 1.162840E+00 1.207176E+01
4.515400E+01 1.164040E+00 1.207077E+01
4.525300E+01 1.165237E+00 1.206979E+01
4.535200E+01 1.166431E+00 1.207487E+01
4.545100E+01 1.167624E+00 1.207391E+01
4.555000E+01 1.168814E+00 1.207297E+01
4.564900E+01 1.170002E+00 1.207203E+01
4.574800E+01 1.171187E+00 1.207111E+01
4.584700E+01 1.172371E+00 1.207021E+01
4.594600E+01 1.173552E+00 1.207531E+01
4.604500E+01 1.174730E+00 1.207442E+01
4.614400E+01 1.175907E+00 1.207355E+01
4.624300E+01 1.177081E+00 1.207269E+01
4.634200E+01 1.178253E+00 1.207184E+01
4.644100E+01 1.179423E+00 1.207100E+01
4.654000E+01 1.180591E+00 1.207018E+01
4.663900E+01 1.181756E+00 1.207530E+01
4.673800E+01 1.182919E+00 1.207450E+01
4.683700E+01 1.184080E+00 1.207370E+01
4.693600E+01 1.185239E+00 1.207292E+01
4.703500E+01 1.186396E+00 1.207215E+01
4.713400E+01 1.187550E+00 1.207139E+01
4.723300E+01 1.188703E+00 1.207065E+01
4.733200E+01 1.189853E+00 1.207580E+01
4.743100E+01 1.191001E+00 1.207507E+01
4.753000E+01 1.192146E+00 1.207435E+01
4.762900E+01 1.193290E+00 1.207364E+01
4.772800E+01 1.194432E+00 1.207295E+01
4.782700E+01 1.195571E+00 1.207226E+01
4.792600E+01 1.196708E+00 1.207159E+01
4.802500E+01 1.197844E+00 1.207093E+01
4.812400E+01 1.198977E+00 1.207611E+01
4.822300E+01 1.200108E+00 1.207546E+01
4.832200E+01 1.201236E+00 1.207483E+01
4.842100E+01 1.202363E+00 1.207420E+01
4.852000E+01 1.203488E+00 1.207359E+01
4.861900E+01 1.204610E+00 1.207299E+01
4.871800E+01 1.205731E+00 1.207240E+01
4.881700E+01 1.206849E+00 1.207183E+01
4.891600E+01 1.207966E+00 1.207126E+01
4.901500E+01 1.209080E+00 1.207070E+01
4.911400E+01 1.210192E+00 1.207590E+01
4.921300E+01 1.211303E+00 1.207536E+01
4.931200E+01 1.212411E+00 1.207483E+01
4.941100E+01 1.213517E+00 1.207430E+01
4.951000E+01 1.214621E+00 1.207379E+01
4.960900E+01 1.215723E+00 1.207329E+01
4.970800E+01 1.216823E+00 1.207280E+01
4.980700E+01 1.217921E+00 1.207232E+01
4.990600E+01 1.219018E+00 1.207185E+01
5.000500E+01 1.220112E+00 1.207139E+01
5.010400E+01 1.221204E+00 1.207094E+01
5.020300E+01 1.222294E+00 1.207616E+01
5.030200E+01 1.223382E+00 1.207573E+01
5.040100E+01 1.224468E+00 1.207530E+01
5.050000E+01 1.225553E+00 1.207488E+01
5.059900E+01 1.226635E+00 1.207447E+01
5.069800E+01 1.227715E+00 1.207407E+01
5.079700E+01 1.228794E+00 1.207368E+01
5.089600E+01 1.229870E+00 1.207330E+01
5.099500E+01 1.230944E+00 1.207293E+01
5.109400E+01 1.232017E+00 1.207257E+01
5.119300E+01 1.233088E+00 1.207222E+01
5.129200E+01 1.234156E+00 1.207188E+01
5.139100E+01 1.235223E+00 1.207155E+01
5.149000E+01 1.236288E+00 1.207122E+01
5.158900E+01 1.237351E+00 1.207091E+01
5.168800E+01 1.238412E+00 1.207060E+01
5.178700E+01 1.239471E+00 1.207586E+01
5.188600E+01 1.240529E+00 1.207556E+01
5.198500E+01 1.241584E+00 1.207528E+01
5.208400E+01 1.242638E+00 1.207500E+01
5.218300E+01 1.243689E+00 1.207473E+01
5.228200E+01 1.244739E+00 1.207448E+01
5.238100E+01 1.245787E+00 1.207423E+01
5.248000E+01 1.246833E+00 1.207398E+01
5.257900E+01 1.247878E+00 1.207375E+01
5.267800E+01 1.248920E+00 1.207353E+01
5.277700E+01 1.249961E+00 1.207331E+01
5.287600E+01 1.250999E+00 1.207310E+01
5.297500E+01 1.252036E+00 1.207290E+01
5.307400E+01 1.253071E+00 1.207271E+01
5.317300E+01 1.254105E+00 1.207253E+01
5.327200E+01 1.255136E+00 1.207235E+01
5.337100E+01 1.256166E+00 1.207219E+01
5.347000E+01 1.257194E+00 1.207203E+01
5.356900E+01 1.258220E+00 1.207188E+01
5.366800E+01 1.259244E+00 1.207174E+01
5.376700E+01 1.260266E+00 1.207160E+01
5.386600E+01 1.261287E+00 1.207147E+01
5.396500E+01 1.262306E+00 1.207136E+01
5.406400E+01 1.263323E+00 1.207125E+01
5.416300E+01 1.264339E+00 1.207114E+01
5.426200E+01 1.265352E+00 1.207105E+01
5.436100E+01 1.266364E+00 1.207096E+01
5.446000E+01 1.267374E+00 1.207088E+01
5.455900E+01 1.268383E+00 1.207081E+01
5.465800E+01 1.269389E+00 1.207074E+01
5.475700E+01 1.270394E+00 1.207068E+01
5.485600E+01 1.271397E+00 1.207063E+01
5.495500E+01 1.272399E+00 1.207059E+01
5.505400E+01 1.273398E+00 1.207055E+01
5.515300E+01 1.274396E+00 1.207053E+01
5.525200E+01 1.275393E+00 1.207051E+01
5.535100E+01 1.276387E+00 1.207049E+01
5.545000E+01 1.277380E+00 1.207048E+01
5.554900E+01 1.278371E+00 1.207049E+01
5.564800E+01 1.279361E+00 1.207049E+01
5.574700E+01 1.280349E+00 1.207051E+01
5.584600E+01 1.281335E+00 1.207053E+01
5.594500E+01 1.282319E+00 1.207056E+01
5.604400E+01 1.283302E+00 1.207059E+01
5.614300E+01 1.284283E+00 1.207064E+01
5.624200E+01 1.285262E+00 1.207068E+01
5.634100E+01 1.286240E+00 1.207074E+01
5.644000E+01 1.287216E+00 1.207080E+01
5.653900E+01 1.288191E+00 1.207087E+01
5.663800E+01 1.289163E+00 1.207095E+01
5.673700E+01 1.290134E+00 1.207103E+01
5.683600E+01 1.291104E+00 1.207112E+01
5.693500E+01 1.292072E+00 1.207122E+01
5.703400E+01 1.293038E+00 1.207132E+01
5.713300E+01 1.294003E+00 1.207143E+01
5.723200E+01 1.294966E+00 1.207154E+01
5.733100E+01 1.295927E+00 1.207166E+01
5.743000E+01 1.296887E+00 1.207179E+01
5.752900E+01 1.297845E+00 1.207193E+01
5.762800E+01 1.298801E+00 1.207207E+01
5.772700E+01 1.299756E+00 1.207221E+01
5.782600E+01 1.300710E+00 1.207237E+01
5.792500E+01 1.301661E+00 1.206736E+01
5.802400E+01 1.302611E+00 1.206753E+01
5.812300E+01 1.303560E+00 1.206771E+01
5.822200E+01 1.304507E+00 1.206789E+01
5.832100E+01 1.305452E+00 1.206808E+01
5.842000E+01 1.306396E+00 1.206827E+01
5.851900E+01 1.307338E+00 1.206847E+01
5.861800E+01 1.308279E+00 1.206868E+01
5.871700E+01 1.309218E+00 1.206889E+01
5.881600E+01 1.310156E+00 1.206911E+01
5.891500E+01 1.311092E+00 1.206934E+01
5.901400E+01 1.312026E+00 1.206957E+01
5.911300E+01 1.312959E+00 1.206980E+01
5.921200E+01 1.313891E+00 1.207004E+01
5.931100E+01 1.314821E+00 1.207029E+01
5.941000E+01 1.315749E+00 1.207054E+01
5.950900E+01 1.316676E+00 1.207080E+01
5.960800E+01 1.317601E+00 1.206599E+01
5.970700E+01 1.318525E+00 1.206627E+01
5.980600E+01 1.319447E+00 1.206655E+01
5.990500E+01 1.320368E+00 1.206683E+01
6.000400E+01 1.321287E+00 1.206712E+01
6.010300E+01 1.322205E+00 1.206742E+01
6.020200E+01 1.323121E+00 1.206772E+01
6.030100E+01 1.324036E+00 1.206803E+01
6.040000E+01 1.324949E+00 1.206834E+01
6.049900E+01 1.325861E+00 1.206866E+01
6.059800E+01 1.326771E+00 1.206898E+01
6.069700E+01 1.327680E+00 1.206931E+01
6.079600E+01 1.328588E+00 1.206464E+01
6.089500E+01 1.329493E+00 1.206498E+01
6.099400E+01 1.330398E+00 1.206533E+01
6.109300E+01 1.331301E+00 1.206568E+01
6.119200E+01 1.332202E+00 1.206604E+01
6.129100E+01 1.333102E+00 1.206641E+01
6.139000E+01 1.334001E+00 1.206677E+01
6.148900E+01 1.334898E+00 1.206715E+01
6.158800E+01 1.335794E+00 1.206753E+01
6.168700E+01 1.336688E+00 1.206791E+01
6.178600E+01 1.337581E+00 1.206830E+01
6.188500E+01 1.338472E+00 1.206374E+01
6.198400E+01 1.339362E+00 1.206414E+01
6.208300E+01 1.340250E+00 1.206455E+01
6.218200E+01 1.341138E+00 1.206497E+01
6.228100E+01 1.342023E+00 1.206538E+01
6.238000E+01 1.342907E+00 1.206581E+01
6.247900E+01 1.343790E+00 1.206623E+01
6.257800E+01 1.344672E+00 1.206667E+01
6.267700E+01 1.345552E+00 1.206710E+01
6.277600E+01 1.346430E+00 1.206264E+01
6.287500E+01 1.347307E+00 1.206309E+01
6.297400E+01 1.348183E+00 1.206354E+01
6.307300E+01 1.349058E+00 1.206400E+01
6.317200E+01 1.349931E+00 1.206447E+01
6.327100E+01 1.350802E+00 1.206493E+01
6.337000E+01 1.351673E+00 1.206541E+01
6.346900E+01 1.352541E+00 1.206589E+01
6.356800E+01 1.353409E+00 1.206150E+01
6.366700E+01 1.354275E+00 1.206199E+01
6.376600E+01 1.355140E+00 1.206248E+01
6.386500E+01 1.356003E+00 1.206298E+01
6.396400E+01 1.356865E+00 1.206349E+01
6.406300E+01 1.357726E+00 1.206400E+01
6.416200E+01 1.358585E+00 1.206451E+01
6.426100E+01 1.359443E+00 1.206503E+01
6.436000E+01 1.360300E+00 1.206072E+01
6.445900E+01 1.361155E+00 1.206125E+01
6.455800E+01 1.362009E+00 1.206178E+01
6.465700E+01 1.362862E+00 1.206232E+01
6.475600E+01 1.363713E+00 1.206286E+01
6.485500E+01 1.364563E+00 1.206341E+01
6.495400E+01 1.365412E+00 1.206396E+01
6.505300E+01 1.366259E+00 1.205971E+01
6.515200E+01 1.367105E+00 1.206028E+01
6.525100E+01 1.367950E+00 1.206084E+01
6.535000E+01 1.368793E+00 1.206141E+01
6.544900E+01 1.369635E+00 1.206199E+01
6.554800E+01 1.370476E+00 1.206257E+01
6.564700E+01 1.371315E+00 1.205838E+01
6.574600E+01 1.372153E+00 1.205897E+01
6.584500E+01 1.372990E+00 1.205957E+01
6.594400E+01 1.373826E+00 1.206016E+01
6.604300E+01 1.374660E+00 1.206077E+01
6.614200E+01 1.375493E+00 1.206137E+01
6.624100E+01 1.376324E+00 1.206199E+01
6.634000E+01 1.377155E+00 1.205786E+01
6.643900E+01 1.377984E+00 1.205848E+01
6.653800E+01 1.378812E+00 1.205911E+01
6.663700E+01 1.379638E+00 1.205974E+01
6.673600E+01 1.380463E+00 1.206037E+01
6.683500E+01 1.381287E+00 1.206101E+01
6.693400E+01 1.382110E+00 1.205693E+01
6.703300E+01 1.382932E+00 1.205758E+01
6.713200E+01 1.383752E+00 1.205823E+01
6.723100E+01 1.384571E+00 1.205889E+01
6.733000E+01 1.385388E+00 1.205955E+01
6.742900E+01 1.386205E+00 1.206021E+01
6.752800E+01 1.387020E+00 1.205619E+01
6.762700E+01 1.387834E+00 1.205686E+01
6.772600E+01 1.388647E+00 1.205754E+01
6.782500E+01 1.389458E+00 1.205822E+01
6.792400E+01 1.390269E+00 1.205890E+01
6.802300E+01 1.391078E+00 1.205492E+01
6.812200E+01 1.391885E+00 1.205562E+01
6.822100E+01 1.392692E+00 1.205632E+01
6.832000E+01 1.393497E+00 1.205702E+01
6.841900E+01 1.394301E+00 1.205773E+01
6.851800E+01 1.395104E+00 1.205844E+01
6.861700E+01 1.395906E+00 1.205450E+01
6.871600E+01 1.396706E+00 1.205522E+01
6.881500E+01 1.397506E+00 1.205595E+01
6.891400E+01 1.398304E+00 1.205667E+01
6.901300E+01 1.399101E+00 1.205740E+01
6.911200E+01 1.399896E+00 1.205351E+01
6.921100E+01 1.400691E+00 1.205425E+01
6.931000E+01 1.401484E+00 1.205499E+01
6.940900E+01 1.402276E+00 1.205574E+01
6.950800E+01 1.403067E+00 1.205649E+01
6.960700E+01 1.403857E+00 1.205264E+01
6.970600E+01 1.404645E+00 1.205340E+01
6.980500E+01 1.405433E+00 1.205416E+01
6.990400E+01 1.406219E+00 1.205493E+01
7.000300E+01 1.407004E+00 1.205570E+01
7.010200E+01 1.407788E+00 1.205189E+01
7.020100E+01 1.408570E+00 1.205267E+01
7.030000E+01 1.409352E+00 1.205345E+01
7.039900E+01 1.410132E+00 1.205423E+01
7.049800E+01 1.410911E+00 1.205502E+01
7.059700E+01 1.411689E+00 1.205125E+01
7.069600E+01 1.412466E+00 1.205204E+01
7.079500E+01 1.413242E+00 1.205284E+01
7.089400E+01 1.414016E+00 1.205365E+01
7.099300E+01 1.414789E+00 1.204991E+01
7.109200E+01 1.415562E+00 1.205072E+01
7.119100E+01 1.416333E+00 1.205154E+01
7.129000E+01 1.417103E+00 1.205235E+01
7.138900E+01 1.417872E+00 1.205318E+01
7.148800E+01 1.418639E+00 1.204947E+01
7.158700E+01 1.419406E+00 1.205030E+01
7.168600E+01 1.420171E+00 1.205114E+01
7.178500E+01 1.420935E+00 1.205197E+01
7.188400E+01 1.421699E+00 1.204830E+01
7.198300E+01 1.422461E+00 1.204915E+01
7.208200E+01 1.423222E+00 1.204999E+01
7.218100E+01 1.423981E+00 1.205085E+01
7.228000E+01 1.424740E+00 1.205170E+01
7.237900E+01 1.425498E+00 1.204806E+01
7.247800E+01 1.426254E+00 1.204893E+01
7.257700E+01 1.427009E+00 1.204979E+01
7.267600E+01 1.427764E+00 1.205066E+01
7.277500E+01 1.428517E+00 1.204705E+01
7.287400E+01 1.429269E+00 1.204793E+01
7.297300E+01 1.430020E+00 1.204881E+01
7.307200E+01 1.430770E+00 1.204969E+01
7.317100E+01 1.431519E+00 1.204611E+01
7.327000E+01 1.432266E+00 1.204700E+01
7.336900E+01 1.433013E+00 1.204789E+01
7.346800E+01 1.433758E+00 1.204879E+01
7.356700E+01 1.434503E+00 1.204524E+01
7.366600E+01 1.435246E+00 1.204615E+01
7.376500E+01 1.435988E+00 1.204705E+01
7.386400E+01 1.436730E+00 1.204796E+01
7.396300E+01 1.437470E+00 1.204444E+01
7.406200E+01 1.438209E+00 1.204536E+01
7.416100E+01 1.438947E+00 1.204628E+01
7.426000E+01 1.439684E+00 1.204720E+01
7.435900E+01 1.440419E+00 1.204371E+01
7.445800E+01 1.441154E+00 1.204464E+01
7.455700E+01 1.441888E+00 1.204557E+01
7.465600E+01 1.442621E+00 1.204650E+01
7.475500E+01 1.443352E+00 1.204304E+01
7.485400E+01 1.444083E+00 1.204398E+01
7.495300E+01 1.444812E+00 1.204493E+01
7.505200E+01 1.445541E+00 1.204587E+01
7.515100E+01 1.446268E+00 1.204244E+01
7.525000E+01 1.446995E+00 1.204339E+01
7.534900E+01 1.447720E+00 1.204435E+01
7.544800E+01 1.448444E+00 1.204531E+01
7.554700E+01 1.449168E+00 1.204190E+01
7.564600E+01 1.449890E+00 1.204287E+01
7.574500E+01 1.450611E+00 1.204384E+01
7.584400E+01 1.451331E+00 1.204045E+01
7.594300E+01 1.452050E+00 1.204142E+01
7.604200E+01 1.452768E+00 1.204240E+01
7.614100E+01 1.453486E+00 1.204338E+01
7.624000E+01 1.454202E+00 1.204002E+01
7.633900E+01 1.454917E+00 1.204101E+01
7.643800E+01 1.455631E+00 1.204200E+01
7.653700E+01 1.456344E+00 1.204299E+01
7.663600E+01 1.457056E+00 1.203966E+01
7.673500E+01 1.457767E+00 1.204066E+01
7.683400E+01 1.458477E+00 1.204166E+01
7.693300E+01 1.459186E+00 1.203834E+01
7.703200E+01 1.459894E+00 1.203935E+01
7.713100E+01 1.460601E+00 1.204037E+01
7.723000E+01 1.461307E+00 1.204138E+01
7.732900E+01 1.462012E+00 1.203809E+01
7.742800E+01 1.462716E+00 1.203911E+01
7.752700E+01 1.463419E+00 1.204013E+01
7.762600E+01 1.464121E+00 1.203686E+01
7.772500E+01 1.464822E+00 1.203789E+01
7.782400E+01 1.465522E+00 1.203892E+01
7.792300E+01 1.466221E+00 1.203996E+01
7.802200E+01 1.466920E+00 1.203671E+01
7.812100E+01 1.467617E+00 1.203775E+01
7.822000E+01 1.468313E+00 1.203879E+01
7.831900E+01 1.469008E+00 1.203556E+01
7.841800E+01 1.469702E+00 1.203661E+01
7.851700E+01 1.470395E+00 1.203767E+01
7.861600E+01 1.471088E+00 1.203446E+01
7.871500E+01 1.471779E+00 1.203551E+01
7.881400E+01 1.472469E+00 1.203657E+01
7.891300E+01 1.473159E+00 1.203764E+01
7.901200E+01 1.473847E+00 1.203445E+01
7.911100E+01 1.474535E+00 1.203552E+01
7.921000E+01 1.475221E+00 1.203659E+01
7.930900E+01 1.475907E+00 1.203342E+01
7.940800E+01 1.476591E+00 1.203450E+01
7.950700E+01 1.477275E+00 1.203558E+01
7.960600E+01 1.477958E+00 1.203243E+01
7.970500E+01 1.478640E+00 1.203352E+01
7.980400E+01 1.479320E+00 1.203460E+01
7.990300E+01 1.480000E+00 1.203569E+01
8.000200E+01 1.480679E+00 1.203257E+01
8.010100E+01 1.481357E+00 1.203366E+01
8.020000E+01 1.482034E+00 1.203476E+01
8.029900E+01 1.482710E+00 1.203165E+01
8.039800E+01 1.483386E+00 1.203275E+01
8.049700E+01 1.484060E+00 1.203386E+01
8.059600E+01 1.484733E+00 1.203077E+01
8.069500E+01 1.485406E+00 1.203188E+01
8.079400E+01 1.486077E+00 1.203299E+01
8.089300E+01 1.486748E+00 1.202992E+01
8.099200E+01 1.487417E+00 1.203104E+01
8.109100E+01 1.488086E+00 1.203216E+01
8.119000E+01 1.488754E+00 1.202910E+01
8.128900E+01 1.489421E+00 1.203023E+01
8.138800E+01 1.490087E+00 1.203136E+01
8.148700E+01 1.490752E+00 1.202832E+01
8.158600E+01 1.491416E+00 1.202946E+01
8.168500E+01 1.492079E+00 1.203059E+01
8.178400E+01 1.492742E+00 1.202757E+01
8.188300E+01 1.493403E+00 1.202871E+01
8.198200E+01 1.494064E+00 1.202986E+01
8.208100E+01 1.494723E+00 1.202685E+01
8.218000E+01 1.495382E+00 1.202800E+01
8.227900E+01 1.496040E+00 1.202915E+01
8.237800E+01 1.496697E+00 1.202616E+01
8.247700E+01 1.497353E+00 1.202732E+01
8.257600E+01 1.498008E+00 1.202848E+01
8.267500E+01 1.498663E+00 1.202551E+01
8.277400E+01 1.499316E+00 1.202667E+01
8.287300E+01 1.499969E+00 1.202784E+01
8.297200E+01 1.500620E+00 1.202488E+01
8.307100E+01 1.501271E+00 1.202605E+01
8.317000E+01 1.501921E+00 1.202723E+01
8.326900E+01 1.502570E+00 1.202429E+01
8.336800E+01 1.503218E+00 1.202547E+01
8.346700E+01 1.503865E+00 1.202665E+01
8.356600E+01 1.504512E+00 1.202372E+01
8.366500E+01 1.505157E+00 1.202491E+01
8.376400E+01 1.505802E+00 1.202609E+01
8.386300E+01 1.506446E+00 1.202319E+01
8.396200E+01 1.507089E+00 1.202438E+01
8.406100E+01 1.507731E+00 1.202557E+01
8.416000E+01 1.508372E+00 1.202268E+01
8.425900E+01 1.509012E+00 1.202388E+01
8.435800E+01 1.509652E+00 1.202508E+01
8.445700E+01 1.510290E+00 1.202220E+01
8.455600E+01 1.510928E+00 1.202341E+01
8.465500E+01 1.511565E+00 1.202055E+01
8.475400E+01 1.512201E+00 1.202176E+01
8.485300E+01 1.512836E+00 1.202297E+01
8.495200E+01 1.513471E+00 1.202012E+01
8.505100E+01 1.514104E+00 1.202134E+01
8.515000E+01 1.514737E+00 1.202256E+01
8.524900E+01 1.515369E+00 1.201972E+01
8.534800E+01 1.516000E+00 1.202095E+01
8.544700E+01 1.516630E+00 1.202217E+01
8.554600E+01 1.517259E+00 1.201935E+01
8.564500E+01 1.517888E+00 1.202058E+01
8.574400E+01 1.518516E+00 1.202181E+01
8.584300E+01 1.519142E+00 1.201901E+01
8.594200E+01 1.519768E+00 1.202025E+01
8.604100E+01 1.520394E+00 1.201745E+01
8.614000E+01 1.521018E+00 1.201869E+01
8.623900E+01 1.521641E+00 1.201994E+01
8.633800E+01 1.522264E+00 1.201716E+01
8.643700E+01 1.522886E+00 1.201841E+01
8.653600E+01 1.523507E+00 1.201966E+01
8.663500E+01 1.524127E+00 1.201689E+01
8.673400E+01 1.524747E+00 1.201815E+01
8.683300E+01 1.525365E+00 1.201539E+01
8.693200E+01 1.525983E+00 1.201665E+01
8.703100E+01 1.526600E+00 1.201791E+01
8.713000E+01 1.527216E+00 1.201517E+01
8.722900E+01 1.527832E+00 1.201644E+01
8.732800E+01 1.528446E+00 1.201770E+01
8.742700E+01 1.529060E+00 1.201498E+01
8.752600E+01 1.529673E+00 1.201625E+01
8.762500E+01 1.530285E+00 1.201353E+01
8.772400E+01 1.530896E+00 1.201481E+01
8.782300E+01 1.531507E+00 1.201608E+01
8.792200E+01 1.532117E+00 1.201338E+01
8.802100E+01 1.532726E+00 1.201466E+01
8.812000E+01 1.533334E+00 1.201197E+01
8.821900E+01 1.533941E+00 1.201326E+01
8.831800E+01 1.534548E+00 1.201455E+01
8.841700E+01 1.535153E+00 1.201187E+01
8.851600E+01 1.535758E+00 1.201316E+01
8.861500E+01 1.536363E+00 1.201445E+01
8.871400E+01 1.536966E+00 1.201179E+01
8.881300E+01 1.537569E+00 1.201309E+01
8.891200E+01 1.538170E+00 1.201043E+01
8.901100E+01 1.538772E+00 1.201173E+01
8.911000E+01 1.539372E+00 1.201304E+01
8.920900E+01 1.539971E+00 1.201040E+01
8.930800E+01 1.540570E+00 1.201170E+01
8.940700E+01 1.541168E+00 1.200907E+01
8.950600E+01 1.541765E+00 1.201039E+01
8.960500E+01 1.542362E+00 1.201170E+01
8.970400E+01 1.542957E+00 1.200908E+01
8.980300E+01 1.543552E+00 1.201040E+01
8.990200E+01 1.544146E+00 1.200779E+01
9.000100E+01 1.544740E+00 1.200911E+01
9.010000E+01 1.545332E+00 1.201043E+01
9.019900E+01 1.545924E+00 1.200784E+01
9.029800E+01 1.546515E+00 1.200916E+01
9.039700E+01 1.547105E+00 1.200658E+01
9.049600E+01 1.547695E+00 1.200791E+01
9.059500E+01 1.548284E+00 1.200924E+01
9.069400E+01 1.548872E+00 1.200667E+01
9.079300E+01 1.549459E+00 1.200800E+01
9.089200E+01 1.550045E+00 1.200544E+01
9.099100E+01 1.550631E+00 1.200678E+01
9.109000E+01 1.551216E+00 1.200812E+01
9.118900E+01 1.551801E+00 1.200557E+01
9.128800E+01 1.552384E+00 1.200692E+01
9.138700E+01 1.552967E+00 1.200438E+01
9.148600E+01 1.553549E+00 1.200572E+01
9.158500E+01 1.554130E+00 1.200319E+01
9.168400E+01 1.554711E+00 1.200455E+01
9.178300E+01 1.555291E+00 1.200590E+01
9.188200E+01 1.555870E+00 1.200338E+01
9.198100E+01 1.556448E+00 1.200474E+01
9.208000E+01 1.557026E+00 1.200223E+01
9.217900E+01 1.557602E+00 1.200359E+01
9.227800E+01 1.558179E+00 1.200495E+01
9.237700E+01 1.558754E+00 1.200245E+01
9.247600E+01 1.559329E+00 1.200382E+01
9.257500E+01 1.559903E+00 1.200133E+01
9.267400E+01 1.560476E+00 1.200270E+01
9.277300E+01 1.561048E+00 1.200022E+01
9.287200E+01 1.561620E+00 1.200160E+01
9.297100E+01 1.562191E+00 1.200297E+01
9.307000E+01 1.562761E+00 1.200050E+01
9.316900E+01 1.563331E+00 1.200188E+01
9.326800E+01 1.563900E+00 1.199942E+01
9.336700E+01 1.564468E+00 1.200080E+01
9.346600E+01 1.565036E+00 1.199835E+01
9.356500E+01 1.565602E+00 1.199974E+01
9.366400E+01 1.566168E+00 1.200113E+01
9.376300E+01 1.566734E+00 1.199869E+01
9.386200E+01 1.567298E+00 1.200008E+01
9.396100E+01 1.567862E+00 1.199765E+01
9.406000E+01 1.568425E+00 1.199904E+01
9.415900E+01 1.568988E+00 1.199662E+01
9.425800E+01 1.569550E+00 1.199802E+01
9.435700E+01 1.570111E+00 1.199942E+01
9.445600E+01 1.570671E+00 1.199701E+01
9.455500E+01 1.571231E+00 1.199841E+01
9.465400E+01 1.571790E+00 1.199601E+01
9.475300E+01 1.572348E+00 1.199741E+01
9.485200E+01 1.572905E+00 1.199502E+01
9.495100E+01 1.573462E+00 1.199643E+01
9.505000E+01 1.574018E+00 1.199405E+01
9.514900E+01 1.574574E+00 1.199546E+01
9.524800E+01 1.575129E+00 1.199687E+01
9.534700E+01 1.575683E+00 1.199450E+01
9.544600E+01 1.576236E+00 1.199591E+01
9.554500E+01 1.576789E+00 1.199355E+01
9.564400E+01 1.577341E+00 1.199497E+01
9.574300E+01 1.577892E+00 1.199261E+01
9.584200E+01 1.578443E+00 1.199404E+01
9.594100E+01 1.578993E+00 1.199169E+01
9.604000E+01 1.579542E+00 1.199311E+01
9.613900E+01 1.580091E+00 1.199454E+01
9.623800E+01 1.580639E+00 1.199220E+01
9.633700E+01 1.581186E+00 1.199363E+01
9.643600E+01 1.581733E+00 1.199131E+01
9.653500E+01 1.582279E+00 1.199274E+01
9.663400E+01 1.582824E+00 1.199042E+01
9.673300E+01 1.583368E+00 1.199186E+01
9.683200E+01 1.583912E+00 1.198954E+01
9.693100E+01 1.584456E+00 1.199098E+01
9.703000E+01 1.584998E+00 1.198868E+01
9.712900E+01 1.585540E+00 1.199012E+01
9.722800E+01 1.586081E+00 1.198782E+01
9.732700E+01 1.586622E+00 1.198927E+01
9.742600E+01 1.587162E+00 1.199072E+01
9.752500E+01 1.587701E+00 1.198843E+01
9.762400E+01 1.588239E+00 1.198988E+01
9.772300E+01 1.588777E+00 1.198760E+01
9.782200E+01 1.589315E+00 1.198906E+01
9.792100E+01 1.589851E+00 1.198679E+01
9.802000E+01 1.590387E+00 1.198824E+01
9.811900E+01 1.590922E+00 1.198598E+01
9.821800E+01 1.591457E+00 1.198744E+01
9.831700E+01 1.591991E+00 1.198518E+01
9.841600E+01 1.592524E+00 1.198665E+01
9.851500E+01 1.593057E+00 1.198440E+01
9.861400E+01 1.593589E+00 1.198586E+01
9.871300E+01 1.594120E+00 1.198733E+01
9.881200E+01 1.594651E+00 1.198509E+01
9.891100E+01 1.595181E+00 1.198656E+01
9.901000E+01 1.595710E+00 1.198433E+01
9.910900E+01 1.596239E+00 1.198580E+01
9.920800E+01 1.596767E+00 1.198358E+01
9.930700E+01 1.597295E+00 1.198506E+01
9.940600E+01 1.597822E+00 1.198284E+01
9.950500E+01 1.598348E+00 1.198432E+01
9.960400E+01 1.598873E+00 1.198211E+01
9.970300E+01 1.599398E+00 1.198359E+01
9.980200E+01 1.599922E+00 1.198139E+01
9.990100E+01 1.600446E+00 1.198288E+01
1.000000E+02 1.600969E+00 1.198068E+01
1.009000E+02 1.605695E+00 1.197892E+01
1.018000E+02 1.610369E+00 1.197734E+01
1.027000E+02 1.614993E+00 1.197595E+01
1.036000E+02 1.619567E+00 1.197114E+01
1.045000E+02 1.624092E+00 1.197013E+01
1.054000E+02 1.628568E+00 1.196572E+01
1.063000E+02 1.632997E+00 1.196506E+01
1.072000E+02 1.637380E+00 1.196104E+01
1.081000E+02 1.641716E+00 1.195720E+01
1.090000E+02 1.646007E+00 1.195705E+01
1.099000E+02 1.650253E+00 1.195357E+01
1.108000E+02 1.654455E+00 1.195027E+01
1.117000E+02 1.658615E+00 1.194715E+01
1.126000E+02 1.662731E+00 1.194419E+01
1.135000E+02 1.666805E+00 1.194141E+01
1.144000E+02 1.670838E+00 1.193878E+01
1.153000E+02 1.674830E+00 1.193632E+01
1.162000E+02 1.678782E+00 1.193401E+01
1.171000E+02 1.682695E+00 1.193185E+01
1.180000E+02 1.686568E+00 1.192984E+01
1.189000E+02 1.690403E+00 1.192465E+01
1.198000E+02 1.694200E+00 1.192294E+01
1.207000E+02 1.697960E+00 1.192137E+01
1.216000E+02 1.701683E+00 1.191666E+01
1.225000E+02 1.705369E+00 1.191537E+01
1.234000E+02 1.709020E+00 1.191097E+01
1.243000E+02 1.712635E+00 1.190995E+01
1.252000E+02 1.716216E+00 1.190583E+01
1.261000E+02 1.719762E+00 1.190187E+01
1.270000E+02 1.723274E+00 1.190123E+01
1.279000E+02 1.726753E+00 1.189754E+01
1.288000E+02 1.730199E+00 1.189399E+01
1.297000E+02 1.733613E+00 1.189057E+01
1.306000E+02 1.736994E+00 1.189042E+01
1.315000E+02 1.740344E+00 1.188726E+01
1.324000E+02 1.743663E+00 1.188422E+01
1.333000E+02 1.746951E+00 1.188131E+01
1.342000E+02 1.750208E+00 1.187852E+01
1.351000E+02 1.753436E+00 1.187585E+01
1.360000E+02 1.756634E+00 1.187330E+01
1.369000E+02 1.759802E+00 1.186782E+01
1.378000E+02 1.762942E+00 1.186551E+01
1.387000E+02 1.766053E+00 1.186331E+01
1.396000E+02 1.769137E+00 1.186123E+01
1.405000E+02 1.772192E+00 1.185624E+01
1.414000E+02 1.775220E+00 1.185438E+01
1.423000E+02 1.778222E+00 1.185262E+01
1.432000E+02 1.781196E+00 1.184799E+01
1.441000E+02 1.784144E+00 1.184645E+01
1.450000E+02 1.787066E+00 1.184205E+01
1.459000E+02 1.789962E+00 1.184071E+01
1.468000E+02 1.792833E+00 1.183653E+01
1.477000E+02 1.795679E+00 1.183538E+01
1.486000E+02 1.798500E+00 1.183142E+01
1.495000E+02 1.801297E+00 1.182757E+01
1.504000E+02 1.804069E+00 1.182671E+01
1.513000E+02 1.806818E+00 1.182306E+01
1.522000E+02 1.809543E+00 1.181951E+01
1.531000E+02 1.812244E+00 1.181607E+01
1.540000E+02 1.814923E+00 1.181558E+01
1.549000E+02 1.817579E+00 1.181232E+01
1.558000E+02 1.820212E+00 1.180917E+01
1.567000E+02 1.822823E+00 1.180611E+01
1.576000E+02 1.825412E+00 1.180314E+01
1.585000E+02 1.827980E+00 1.180027E+01
1.594000E+02 1.830526E+00 1.179748E+01
1.603000E+02 1.833050E+00 1.179479E+01
1.612000E+02 1.835554E+00 1.179219E+01
1.621000E+02 1.838037E+00 1.178967E+01
1.630000E+02 1.840500E+00 1.178448E+01
1.639000E+02 1.842942E+00 1.178214E+01
1.648000E+02 1.845365E+00 1.177989E+01
1.657000E+02 1.847767E+00 1.177771E+01
1.666000E+02 1.850150E+00 1.177289E+01
1.675000E+02 1.852514E+00 1.177089E+01
1.684000E+02 1.854858E+00 1.176896E+01
1.693000E+02 1.857184E+00 1.176441E+01
1.702000E+02 1.859491E+00 1.176264E+01
1.711000E+02 1.861779E+00 1.176094E+01
1.720000E+02 1.864049E+00 1.175664E+01
1.729000E+02 1.866301E+00 1.175510E+01
1.738000E+02 1.868536E+00 1.175097E+01
1.747000E+02 1.870752E+00 1.174958E+01
1.756000E+02 1.872951E+00 1.174561E+01
1.765000E+02 1.875132E+00 1.174173E+01
1.774000E+02 1.877297E+00 1.174055E+01
1.783000E+02 1.879444E+00 1.173682E+01
1.792000E+02 1.881575E+00 1.173317E+01
1.801000E+02 1.883689E+00 1.173221E+01
1.810000E+02 1.885787E+00 1.172870E+01
1.819000E+02 1.887868E+00 1.172528E+01
1.828000E+02 1.889933E+00 1.172193E+01
1.837000E+02 1.891983E+00 1.172123E+01
1.846000E+02 1.894016E+00 1.171802E+01
1.855000E+02 1.896035E+00 1.171488E+01
1.864000E+02 1.898037E+00 1.171182E+01
1.873000E+02 1.900025E+00 1.170883E+01
1.882000E+02 1.901997E+00 1.170590E+01
1.891000E+02 1.903954E+00 1.170304E+01
1.900000E+02 1.905897E+00 1.170025E+01
1.909000E+02 1.907825E+00 1.169753E+01
1.918000E+02 1.909738E+00 1.169488E+01
1.927000E+02 1.911638E+00 1.169228E+01
1.936000E+02 1.913522E+00 1.168976E+01
1.945000E+02 1.915393E+00 1.168729E+01
1.954000E+02 1.917250E+00 1.168240E+01
1.963000E+02 1.919093E+00 1.168007E+01
1.972000E+02 1.920923E+00 1.167780E+01
1.981000E+02 1.922739E+00 1.167559E+01
1.990000E+02 1.924542E+00 1.167343E+01
1.999000E+02 1.926331E+00 1.166888E+01
2.008000E+02 1.928107E+00 1.166685E+01
2.017000E+02 1.929871E+00 1.166488E+01
2.026000E+02 1.931621E+00 1.166053E+01
2.035000E+02 1.933359E+00 1.165867E+01
2.044000E+02 1.935084E+00 1.165687E+01
2.053000E+02 1.936797E+00 1.165270E+01
2.062000E+02 1.938497E+00 1.165102E+01
2.071000E+02 1.940185E+00 1.164698E+01
2.080000E+02 1.941861E+00 1.164540E+01
2.089000E+02 1.943525E+00 1.164148E+01
2.098000E+02 1.945177E+00 1.164002E+01
2.107000E+02 1.946817E+00 1.163621E+01
2.116000E+02 1.948445E+00 1.163485E+01
2.125000E+02 1.950062E+00 1.163117E+01
2.134000E+02 1.951668E+00 1.162754E+01
2.143000E+02 1.953262E+00 1.162634E+01
2.152000E+02 1.954845E+00 1.162282E+01
2.161000E+02 1.956417E+00 1.161937E+01
2.170000E+02 1.957977E+00 1.161831E+01
2.179000E+02 1.959527E+00 1.161496E+01
2.188000E+02 1.961066E+00 1.161167E+01
2.197000E+02 1.962594E+00 1.160843E+01
2.206000E+02 1.964112E+00 1.160758E+01
2.215000E+02 1.965619E+00 1.160444E+01
2.224000E+02 1.967116E+00 1.160136E+01
2.233000E+02 1.968602E+00 1.159833E+01
2.242000E+02 1.970078E+00 1.159536E+01
2.251000E+02 1.971544E+00 1.159243E+01
2.260000E+02 1.973000E+00 1.159185E+01
2.269000E+02 1.974446E+00 1.158902E+01
2.278000E+02 1.975881E+00 1.158625E+01
2.287000E+02 1.977308E+00 1.158352E+01
2.296000E+02 1.978724E+00 1.158084E+01
2.305000E+02 1.980131E+00 1.157821E+01
2.314000E+02 1.981528E+00 1.157562E+01
2.323000E+02 1.982916E+00 1.157309E+01
2.332000E+02 1.984294E+00 1.157060E+01
2.341000E+02 1.985663E+00 1.156591E+01
2.350000E+02 1.987023E+00 1.156351E+01
2.359000E+02 1.988374E+00 1.156117E+01
2.368000E+02 1.989716E+00 1.155886E+01
2.377000E+02 1.991049E+00 1.155661E+01
2.386000E+02 1.992372E+00 1.155439E+01
2.395000E+02 1.993687E+00 1.155222E+01
2.404000E+02 1.994994E+00 1.154788E+01
2.413000E+02 1.996291E+00 1.154580E+01
2.422000E+02 1.997580E+00 1.154376E+01
2.431000E+02 1.998861E+00 1.154177E+01
2.440000E+02 2.000133E+00 1.153761E+01
2.449000E+02 2.001397E+00 1.153570E+01
2.458000E+02 2.002652E+00 1.153383E+01
2.467000E+02 2.003899E+00 1.152982E+01
2.476000E+02 2.005138E+00 1.152803E+01
2.485000E+02 2.006369E+00 1.152629E+01
2.494000E+02 2.007592E+00 1.152241E+01
2.503000E+02 2.008807E+00 1.152074E+01
2.512000E+02 2.010014E+00 1.151695E+01
2.521000E+02 2.011213E+00 1.151537E+01
2.530000E+02 2.012404E+00 1.151166E+01
2.539000E+02 2.013588E+00 1.151016E+01
2.548000E+02 2.014764E+00 1.150654E+01
2.557000E+02 2.015932E+00 1.150511E+01
2.566000E+02 2.017093E+00 1.150158E+01
2.575000E+02 2.018247E+00 1.150023E+01
2.584000E+02 2.019393E+00 1.149678E+01
2.593000E+02 2.020532E+00 1.149550E+01
2.602000E+02 2.021663E+00 1.149213E+01
2.611000E+02 2.022788E+00 1.148880E+01
2.620000E+02 2.023905E+00 1.148763E+01
2.629000E+02 2.025015E+00 1.148438E+01
2.638000E+02 2.026118E+00 1.148117E+01
2.647000E+02 2.027214E+00 1.148011E+01
2.656000E+02 2.028303E+00 1.147698E+01
2.665000E+02 2.029385E+00 1.147389E+01
2.674000E+02 2.030460E+00 1.147293E+01
2.683000E+02 2.031529E+00 1.146992E+01
2.692000E+02 2.032591E+00 1.146694E+01
2.701000E+02 2.033646E+00 1.146400E+01
2.710000E+02 2.034695E+00 1.146318E+01
2.719000E+02 2.035737E+00 1.146031E+01
2.728000E+02 2.036773E+00 1.145748E+01
2.737000E+02 2.037802E+00 1.145469E+01
2.746000E+02 2.038824E+00 1.145193E+01
2.755000E+02 2.039841E+00 1.144921E+01
2.764000E+02 2.040851E+00 1.144653E+01
2.773000E+02 2.041855E+00 1.144594E+01
2.782000E+02 2.042852E+00 1.144332E+01
2.791000E+02 2.043844E+00 1.144074E+01
2.800000E+02 2.044829E+00 1.143820E+01
2.809000E+02 2.045809E+00 1.143569E+01
2.818000E+02 2.046782E+00 1.143321E+01
2.827000E+02 2.047749E+00 1.143077E+01
2.836000E+02 2.048711E+00 1.142836E+01
2.845000E+02 2.049666E+00 1.142598E+01
2.854000E+02 2.050616E+00 1.142364E+01
2.863000E+02 2.051560E+00 1.142133E+01
2.872000E+02 2.052498E+00 1.141906E+01
2.881000E+02 2.053430E+00 1.141681E+01
2.890000E+02 2.054357E+00 1.141259E+01
2.899000E+02 2.055278E+00 1.141041E+01
2.908000E+02 2.056194E+00 1.140827E+01
2.917000E+02 2.057104E+00 1.140615E+01
2.926000E+02 2.058008E+00 1.140407E+01
2.935000E+02 2.058907E+00 1.140202E+01
2.944000E+02 2.059801E+00 1.140000E+01
2.953000E+02 2.060689E+00 1.139601E+01
2.962000E+02 2.061572E+00 1.139406E+01
2.971000E+02 2.062450E+00 1.139213E+01
2.980000E+02 2.063322E+00 1.139023E+01
2.989000E+02 2.064190E+00 1.138638E+01
2.998000E+02 2.065052E+00 1.138454E+01
3.007000E+02 2.065908E+00 1.138274E+01
3.016000E+02 2.066760E+00 1.138096E+01
3.025000E+02 2.067607E+00 1.137724E+01
3.034000E+02 2.068449E+00 1.137552E+01
3.043000E+02 2.069285E+00 1.137383E+01
3.052000E+02 2.070117E+00 1.137021E+01
3.061000E+02 2.070944E+00 1.136857E+01
3.070000E+02 2.071766E+00 1.136696E+01
3.079000E+02 2.072583E+00 1.136344E+01
3.088000E+02 2.073395E+00 1.136189E+01
3.097000E+02 2.074202E+00 1.135842E+01
3.106000E+02 2.075005E+00 1.135693E+01
3.115000E+02 2.075803E+00 1.135546E+01
3.124000E+02 2.076597E+00 1.135208E+01
3.133000E+02 2.077385E+00 1.135067E+01
3.142000E+02 2.078169E+00 1.134735E+01
3.151000E+02 2.078949E+00 1.134600E+01
3.160000E+02 2.079724E+00 1.134274E+01
3.169000E+02 2.080494E+00 1.134143E+01
3.178000E+02 2.081260E+00 1.133823E+01
3.187000E+02 2.082021E+00 1.133698E+01
3.196000E+02 2.082778E+00 1.133384E+01
3.205000E+02 2.083531E+00 1.133264E+01
3.214000E+02 2.084279E+00 1.132955E+01
3.223000E+02 2.085023E+00 1.132650E+01
3.232000E+02 2.085763E+00 1.132537E+01
3.241000E+02 2.086498E+00 1.132237E+01
3.250000E+02 2.087229E+00 1.132129E+01
3.259000E+02 2.087956E+00 1.131835E+01
3.268000E+02 2.088679E+00 1.131543E+01
3.277000E+02 2.089398E+00 1.131443E+01
3.286000E+02 2.090112E+00 1.131157E+01
3.295000E+02 2.090822E+00 1.130873E+01
3.304000E+02 2.091529E+00 1.130780E+01
3.313000E+02 2.092231E+00 1.130502E+01
3.322000E+02 2.092929E+00 1.130226E+01
3.331000E+02 2.093623E+00 1.129953E+01
3.340000E+02 2.094314E+00 1.129869E+01
3.349000E+02 2.095000E+00 1.129601E+01
3.358000E+02 2.095682E+00 1.129336E+01
3.367000E+02 2.096361E+00 1.129073E+01
3.376000E+02 2.097035E+00 1.128999E+01
3.385000E+02 2.097706E+00 1.128742E+01
3.394000E+02 2.098373E+00 1.128486E+01
3.403000E+02 2.099037E+00 1.128234E+01
3.412000E+02 2.099696E+00 1.127984E+01
3.421000E+02 2.100352E+00 1.127921E+01
3.430000E+02 2.101004E+00 1.127675E+01
3.439000E+02 2.101652E+00 1.127432E+01
3.448000E+02 2.102297E+00 1.127192E+01
3.457000E+02 2.102938E+00 1.126954E+01
3.466000E+02 2.103575E+00 1.126719E+01
3.475000E+02 2.104209E+00 1.126485E+01
3.484000E+02 2.104840E+00 1.126255E+01
3.493000E+02 2.105466E+00 1.126026E+01
3.502000E+02 2.106090E+00 1.125800E+01
3.511000E+02 2.106709E+00 1.125759E+01
3.520000E+02 2.107326E+00 1.125537E+01
3.529000E+02 2.107939E+00 1.125318E+01
3.538000E+02 2.108548E+00 1.125101E+01
3.547000E+02 2.109154E+00 1.124887E+01
3.556000E+02 2.109757E+00 1.124674E+01
3.565000E+02 2.110356E+00 1.124464E+01
3.574000E+02 2.110952E+00 1.124256E+01
3.583000E+02 2.111545E+00 1.124051E+01
3.592000E+02 2.112134E+00 1.123667E+01
3.601000E+02 2.112720E+00 1.123466E+01
3.610000E+02 2.113303E+00 1.123267E+01
3.619000E+02 2.113882E+00 1.123070E+01
3.628000E+02 2.114459E+00 1.122876E+01
3.637000E+02 2.115032E+00 1.122684E+01
3.646000E+02 2.115602E+00 1.122493E+01
3.655000E+02 2.116169E+00 1.122305E+01
3.664000E+02 2.116732E+00 1.122119E+01
3.673000E+02 2.117293E+00 1.121935E+01
3.682000E+02 2.117851E+00 1.121575E+01
3.691000E+02 2.118405E+00 1.121396E+01
3.700000E+02 2.118956E+00 1.121218E+01
3.709000E+02 2.119505E+00 1.121043E+01
3.718000E+02 2.120050E+00 1.120869E+01
3.727000E+02 2.120592E+00 1.120521E+01
3.736000E+02 2.121132E+00 1.120352E+01
3.745000E+02 2.121668E+00 1.120184E+01
3.754000E+02 2.122202E+00 1.120019E+01
3.763000E+02 2.122732E+00 1.119856E+01
3.772000E+02 2.123260E+00 1.119518E+01
3.781000E+02 2.123784E+00 1.119359E+01
3.790000E+02 2.124306E+00 1.119202E+01
3.799000E+02 2.124825E+00 1.119046E+01
3.808000E+02 2.125342E+00 1.118717E+01
3.817000E+02 2.125855E+00 1.118566E+01
3.826000E+02 2.126366E+00 1.118416E+01
3.835000E+02 2.126873E+00 1.118094E+01
3.844000E+02 2.127378E+00 1.117948E+01
3.853000E+02 2.127881E+00 1.117805E+01
3.862000E+02 2.128380E+00 1.117489E+01
3.871000E+02 2.128877E+00 1.117349E+01
3.880000E+02 2.129371E+00 1.117210E+01
3.889000E+02 2.129863E+00 1.116901E+01
3.898000E+02 2.130351E+00 1.116766E+01
3.907000E+02 2.130838E+00 1.116461E+01
3.916000E+02 2.131321E+00 1.116330E+01
3.925000E+02 2.131802E+00 1.116201E+01
3.934000E+02 2.132280E+00 1.115901E+01
3.943000E+02 2.132756E+00 1.115776E+01
3.952000E+02 2.133229E+00 1.115481E+01
3.961000E+02 2.133700E+00 1.115359E+01
3.970000E+02 2.134168E+00 1.115067E+01
3.979000E+02 2.134633E+00 1.114949E+01
3.988000E+02 2.135096E+00 1.114662E+01
3.997000E+02 2.135557E+00 1.114547E+01
4.006000E+02 2.136015E+00 1.114263E+01
4.015000E+02 2.136470E+00 1.114152E+01
4.024000E+02 2.136923E+00 1.113872E+01
4.033000E+02 2.137374E+00 1.113765E+01
4.042000E+02 2.137822E+00 1.113488E+01
4.051000E+02 2.138268E+00 1.113384E+01
4.060000E+02 2.138711E+00 1.113112E+01
4.069000E+02 2.139153E+00 1.113011E+01
4.078000E+02 2.139591E+00 1.112742E+01
4.087000E+02 2.140028E+00 1.112645E+01
4.096000E+02 2.140462E+00 1.112380E+01
4.105000E+02 2.140893E+00 1.112117E+01
4.114000E+02 2.141323E+00 1.112024E+01
4.123000E+02 2.141750E+00 1.111765E+01
4.132000E+02 2.142174E+00 1.111675E+01
4.141000E+02 2.142597E+00 1.111419E+01
4.150000E+02 2.143017E+00 1.111165E+01
4.159000E+02 2.143435E+00 1.111081E+01
4.168000E+02 2.143851E+00 1.110830E+01
4.177000E+02 2.144264E+00 1.110582E+01
4.186000E+02 2.144676E+00 1.110502E+01
4.195000E+02 2.145085E+00 1.110257E+01
4.204000E+02 2.145492E+00 1.110013E+01
4.213000E+02 2.145897E+00 1.109939E+01
4.222000E+02 2.146299E+00 1.109698E+01
4.231000E+02 2.146700E+00 1.109460E+01
4.240000E+02 2.147098E+00 1.109224E+01
4.249000E+02 2.147494E+00 1.109155E+01
4.258000E+02 2.147888E+00 1.108922E+01
4.267000E+02 2.148280E+00 1.108690E+01
4.276000E+02 2.148670E+00 1.108460E+01
4.285000E+02 2.149058E+00 1.108398E+01
4.294000E+02 2.149444E+00 1.108171E+01
4.303000E+02 2.149828E+00 1.107946E+01
4.312000E+02 2.150210E+00 1.107723E+01
4.321000E+02 2.150589E+00 1.107667E+01
4.330000E+02 2.150967E+00 1.107447E+01
4.339000E+02 2.151343E+00 1.107228E+01
4.348000E+02 2.151716E+00 1.107012E+01
4.357000E+02 2.152088E+00 1.106797E+01
4.366000E+02 2.152458E+00 1.106747E+01
4.375000E+02 2.152826E+00 1.106535E+01
4.384000E+02 2.153191E+00 1.106325E+01
4.393000E+02 2.153555E+00 1.106116E+01
4.402000E+02 2.153917E+00 1.105909E+01
4.411000E+02 2.154277E+00 1.105704E+01
4.420000E+02 2.154635E+00 1.105500E+01
4.429000E+02 2.154992E+00 1.105297E+01
4.438000E+02 2.155346E+00 1.105259E+01
4.447000E+02 2.155698E+00 1.105060E+01
4.456000E+02 2.156049E+00 1.104862E+01
4.465000E+02 2.156398E+00 1.104666E+01
4.474000E+02 2.156745E+00 1.104471E+01
4.483000E+02 2.157090E+00 1.104278E+01
4.492000E+02 2.157433E+00 1.104086E+01
4.501000E+02 2.157774E+00 1.103896E+01
4.510000E+02 2.158114E+00 1.103707E+01
4.519000E+02 2.158452E+00 1.103520E+01
4.528000E+02 2.158788E+00 1.103335E+01
4.537000E+02 2.159122E+00 1.103150E+01
4.546000E+02 2.159455E+00 1.102968E+01
4.555000E+02 2.159786E+00 1.102786E+01
4.564000E+02 2.160115E+00 1.102606E+01
4.573000E+02 2.160442E+00 1.102428E+01
4.582000E+02 2.160767E+00 1.102251E+01
4.591000E+02 2.161091E+00 1.102076E+01
4.600000E+02 2.161413E+00 1.101902E+01
4.609000E+02 2.161734E+00 1.101729E+01
4.618000E+02 2.162053E+00 1.101558E+01
4.627000E+02 2.162370E+00 1.101388E+01
4.636000E+02 2.162685E+00 1.101220E+01
4.645000E+02 2.162999E+00 1.101053E+01
4.654000E+02 2.163311E+00 1.100887E+01
4.663000E+02 2.163621E+00 1.100723E+01
4.672000E+02 2.163930E+00 1.100560E+01
4.681000E+02 2.164237E+00 1.100240E+01
4.690000E+02 2.164543E+00 1.100080E+01
4.699000E+02 2.164847E+00 1.099921E+01
4.708000E+02 2.165149E+00 1.099764E+01
4.717000E+02 2.165450E+00 1.099608E+01
4.726000E+02 2.165749E+00 1.099453E+01
4.735000E+02 2.166046E+00 1.099300E+01
4.744000E+02 2.166342E+00 1.099148E+01
4.753000E+02 2.166637E+00 1.098839E+01
4.762000E+02 2.166930E+00 1.098690E+01
4.771000E+02 2.167221E+00 1.098542E+01
4.780000E+02 2.167511E+00 1.098396E+01
4.789000E+02 2.167799E+00 1.098250E+01
4.798000E+02 2.168086E+00 1.098106E+01
4.807000E+02 2.168371E+00 1.097807E+01
4.816000E+02 2.168655E+00 1.097665E+01
4.825000E+02 2.168937E+00 1.097525E+01
4.834000E+02 2.169218E+00 1.097387E+01
4.843000E+02 2.169497E+00 1.097093E+01
4.852000E+02 2.169775E+00 1.096956E+01
4.861000E+02 2.170051E+00 1.096821E+01
4.870000E+02 2.170326E+00 1.096688E+01
4.879000E+02 2.170599E+00 1.096399E+01
4.888000E+02 2.170871E+00 1.096268E+01
4.897000E+02 2.171142E+00 1.096138E+01
4.906000E+02 2.171411E+00 1.096010E+01
4.915000E+02 2.171679E+00 1.095727E+01
4.924000E+02 2.171945E+00 1.095601E+01
4.933000E+02 2.172210E+00 1.095476E+01
4.942000E+02 2.172473E+00 1.095352E+01
4.951000E+02 2.172735E+00 1.095075E+01
4.960000E+02 2.172996E+00 1.094953E+01
4.969000E+02 2.173255E+00 1.094833E+01
4.978000E+02 2.173513E+00 1.094560E+01
4.987000E+02 2.173770E+00 1.094442E+01
4.996000E+02 2.174025E+00 1.094326E+01
5.005000E+02 2.174279E+00 1.094056E+01
5.014000E+02 2.174531E+00 1.093942E+01
5.023000E+02 2.174783E+00 1.093829E+01
5.032000E+02 2.175032E+00 1.093564E+01
5.041000E+02 2.175281E+00 1.093453E+01
5.050000E+02 2.175528E+00 1.093190E+01
5.059000E+02 2.175774E+00 1.093082E+01
5.068000E+02 2.176019E+00 1.092975E+01
5.077000E+02 2.176262E+00 1.092716E+01
5.086000E+02 2.176504E+00 1.092612E+01
5.095000E+02 2.176745E+00 1.092355E+01
5.104000E+02 2.176984E+00 1.092253E+01
5.113000E+02 2.177222E+00 1.092151E+01
5.122000E+02 2.177459E+00 1.091899E+01
5.131000E+02 2.177695E+00 1.091800E+01
5.140000E+02 2.177929E+00 1.091549E+01
5.149000E+02 2.178162E+00 1.091453E+01
5.158000E+02 2.178394E+00 1.091205E+01
5.167000E+02 2.178625E+00 1.091111E+01
5.176000E+02 2.178854E+00 1.090865E+01
5.185000E+02 2.179083E+00 1.090773E+01
5.194000E+02 2.179310E+00 1.090682E+01
5.203000E+02 2.179535E+00 1.090440E+01
5.212000E+02 2.179760E+00 1.090351E+01
5.221000E+02 2.179983E+00 1.090112E+01
5.230000E+02 2.180206E+00 1.090025E+01
5.239000E+02 2.180427E+00 1.089788E+01
5.248000E+02 2.180646E+00 1.089704E+01
5.257000E+02 2.180865E+00 1.089469E+01
5.266000E+02 2.181083E+00 1.089236E+01
5.275000E+02 2.181299E+00 1.089154E+01
5.284000E+02 2.181514E+00 1.088924E+01
5.293000E+02 2.181728E+00 1.088844E+01
5.302000E+02 2.181941E+00 1.088616E+01
5.311000E+02 2.182153E+00 1.088539E+01
5.320000E+02 2.182363E+00 1.088312E+01
5.329000E+02 2.182573E+00 1.088237E+01
5.338000E+02 2.182781E+00 1.088013E+01
5.347000E+02 2.182988E+00 1.087791E+01
5.356000E+02 2.183194E+00 1.087718E+01
5.365000E+02 2.183399E+00 1.087498E+01
5.374000E+02 2.183603E+00 1.087428E+01
5.383000E+02 2.183806E+00 1.087210E+01
5.392000E+02 2.184008E+00 1.086993E+01
5.401000E+02 2.184208E+00 1.086926E+01
5.410000E+02 2.184408E+00 1.086711E+01
5.419000E+02 2.184606E+00 1.086646E+01
5.428000E+02 2.184804E+00 1.086433E+01
5.437000E+02 2.185000E+00 1.086222E+01
5.446000E+02 2.185195E+00 1.086160E+01
5.455000E+02 2.185390E+00 1.085951E+01
5.464000E+02 2.185583E+00 1.085742E+01
5.473000E+02 2.185775E+00 1.085683E+01
5.482000E+02 2.185966E+00 1.085477E+01
5.491000E+02 2.186156E+00 1.085272E+01
5.500000E+02 2.186345E+00 1.085216E+01
5.509000E+02 2.186533E+00 1.085013E+01
5.518000E+02 2.186720E+00 1.084812E+01
5.527000E+02 2.186906E+00 1.084759E+01
5.536000E+02 2.187091E+00 1.084559E+01
5.545000E+02 2.187275E+00 1.084360E+01
5.554000E+02 2.187458E+00 1.084163E+01
5.563000E+02 2.187640E+00 1.084114E+01
5.572000E+02 2.187821E+00 1.083918E+01
5.581000E+02 2.188001E+00 1.083724E+01
5.590000E+02 2.188180E+00 1.083677E+01
5.599000E+02 2.188358E+00 1.083485E+01
5.608000E+02 2.188535E+00 1.083294E+01
5.617000E+02 2.188711E+00 1.083104E+01
5.626000E+02 2.188886E+00 1.083061E+01
5.635000E+02 2.189060E+00 1.082873E+01
5.644000E+02 2.189233E+00 1.082686E+01
5.653000E+02 2.189405E+00 1.082499E+01
5.662000E+02 2.189577E+00 1.082314E+01
5.671000E+02 2.189747E+00 1.082276E+01
5.680000E+02 2.189916E+00 1.082093E+01
5.689000E+02 2.190085E+00 1.081911E+01
5.698000E+02 2.190252E+00 1.081730E+01
5.707000E+02 2.190419E+00 1.081695E+01
5.716000E+02 2.190585E+00 1.081516E+01
5.725000E+02 2.190749E+00 1.081338E+01
5.734000E+02 2.190913E+00 1.081161E+01
5.743000E+02 2.191076E+00 1.080985E+01
5.752000E+02 2.191238E+00 1.080810E+01
5.761000E+02 2.191399E+00 1.080780E+01
5.770000E+02 2.191560E+00 1.080607E+01
5.779000E+02 2.191719E+00 1.080435E+01
5.788000E+02 2.191877E+00 1.080264E+01
5.797000E+02 2.192035E+00 1.080093E+01
5.806000E+02 2.192192E+00 1.079924E+01
5.815000E+02 2.192348E+00 1.079756E+01
5.824000E+02 2.192503E+00 1.079732E+01
5.833000E+02 2.192657E+00 1.079566E+01
5.842000E+02 2.192810E+00 1.079400E+01
5.851000E+02 2.192962E+00 1.079236E+01
5.860000E+02 2.193114E+00 1.079072E+01
5.869000E+02 2.193264E+00 1.078909E+01
5.878000E+02 2.193414E+00 1.078748E+01
5.887000E+02 2.193563E+00 1.078587E+01
5.896000E+02 2.193711E+00 1.078427E+01
5.905000E+02 2.193859E+00 1.078268E+01
5.914000E+02 2.194005E+00 1.078253E+01
5.923000E+02 2.194151E+00 1.078096E+01
5.932000E+02 2.194296E+00 1.077940E+01
5.941000E+02 2.194440E+00 1.077784E+01
5.950000E+02 2.194583E+00 1.077630E+01
5.959000E+02 2.194725E+00 1.077476E+01
5.968000E+02 2.194867E+00 1.077324E+01
5.977000E+02 2.195007E+00 1.077172E+01
5.986000E+02 2.195147E+00 1.077021E+01
5.995000E+02 2.195286E+00 1.076872E+01
6.004000E+02 2.195425E+00 1.076723E+01
6.013000E+02 2.195562E+00 1.076574E+01
6.022000E+02 2.195699E+00 1.076427E+01
6.031000E+02 2.195835E+00 1.076281E+01
6.040000E+02 2.195970E+00 1.076135E+01
6.049000E+02 2.196105E+00 1.075991E+01
6.058000E+02 2.196238E+00 1.075847E+01
6.067000E+02 2.196371E+00 1.075704E+01
6.076000E+02 2.196503E+00 1.075562E+01
6.085000E+02 2.196635E+00 1.075421E+01
6.094000E+02 2.196765E+00 1.075281E+01
6.103000E+02 2.196895E+00 1.075142E+01
6.112000E+02 2.197024E+00 1.075003E+01
6.121000E+02 2.197153E+00 1.074866E+01
6.130000E+02 2.197280E+00 1.074729E+01
6.139000E+02 2.197407E+00 1.074593E+01
6.148000E+02 2.197533E+00 1.074458E+01
6.157000E+02 2.197658E+00 1.074323E+01
6.166000E+02 2.197783E+00 1.074190E+01
6.175000E+02 2.197907E+00 1.073917E+01
6.184000E+02 2.198030E+00 1.073785E+01
6.193000E+02 2.198153E+00 1.073654E+01
6.202000E+02 2.198274E+00 1.073524E+01
6.211000E+02 2.198395E+00 1.073395E+01
6.220000E+02 2.198516E+00 1.073267E+01
6.229000E+02 2.198635E+00 1.073139E+01
6.238000E+02 2.198754E+00 1.073012E+01
6.247000E+02 2.198872E+00 1.072886E+01
6.256000E+02 2.198990E+00 1.072761E+01
6.265000E+02 2.199106E+00 1.072497E+01
6.274000E+02 2.199222E+00 1.072374E+01
6.283000E+02 2.199338E+00 1.072251E+01
6.292000E+02 2.199453E+00 1.072129E+01
6.301000E+02 2.199567E+00 1.072008E+01
6.310000E+02 2.199680E+00 1.071888E+01
6.319000E+02 2.199792E+00 1.071769E+01
6.328000E+02 2.199904E+00 1.071650E+01
6.337000E+02 2.200016E+00 1.071393E+01
6.346000E+02 2.200126E+00 1.071276E+01
6.355000E+02 2.200236E+00 1.071160E+01
6.364000E+02 2.200346E+00 1.071044E+01
6.373000E+02 2.200454E+00 1.070930E+01
6.382000E+02 2.200562E+00 1.070816E+01
6.391000E+02 2.200669E+00 1.070564E+01
6.400000E+02 2.200776E+00 1.070451E+01
6.409000E+02 2.200882E+00 1.070340E+01
6.418000E+02 2.200987E+00 1.070229E+01
6.427000E+02 2.201092E+00 1.070119E+01
6.436000E+02 2.201196E+00 1.069871E+01
6.445000E+02 2.201299E+00 1.069763E+01
6.454000E+02 2.201402E+00 1.069655E+01
6.463000E+02 2.201504E+00 1.069548E+01
6.472000E+02 2.201606E+00 1.069442E+01
6.481000E+02 2.201707E+00 1.069199E+01
6.490000E+02 2.201807E+00 1.069094E+01
6.499000E+02 2.201907E+00 1.068990E+01
6.508000E+02 2.202006E+00 1.068887E+01
6.517000E+02 2.202104E+00 1.068647E+01
6.526000E+02 2.202202E+00 1.068545E+01
6.535000E+02 2.202299E+00 1.068444E+01
6.544000E+02 2.202395E+00 1.068344E+01
6.553000E+02 2.202491E+00 1.068108E+01
6.562000E+02 2.202587E+00 1.068009E+01
6.571000E+02 2.202681E+00 1.067911E+01
6.580000E+02 2.202775E+00 1.067814E+01
6.589000E+02 2.202869E+00 1.067580E+01
6.598000E+02 2.202962E+00 1.067484E+01
6.607000E+02 2.203054E+00 1.067389E+01
6.616000E+02 2.203146E+00 1.067158E+01
6.625000E+02 2.203237E+00 1.067065E+01
6.634000E+02 2.203328E+00 1.066972E+01
6.643000E+02 2.203418E+00 1.066743E+01
6.652000E+02 2.203507E+00 1.066652E+01
6.661000E+02 2.203596E+00 1.066561E+01
6.670000E+02 2.203684E+00 1.066471E+01
6.679000E+02 2.203772E+00 1.066245E+01
6.688000E+02 2.203859E+00 1.066157E+01
6.697000E+02 2.203945E+00 1.066069E+01
6.706000E+02 2.204031E+00 1.065846E+01
6.715000E+02 2.204117E+00 1.065759E+01
6.724000E+02 2.204201E+00 1.065673E+01
6.733000E+02 2.204286E+00 1.065453E+01
6.742000E+02 2.204369E+00 1.065368E+01
6.751000E+02 2.204453E+00 1.065149E+01
6.760000E+02 2.204535E+00 1.065066E+01
6.769000E+02 2.204617E+00 1.064984E+01
6.778000E+02 2.204699E+00 1.064767E+01
6.787000E+02 2.204780E+00 1.064686E+01
6.796000E+02 2.204860E+00 1.064605E+01
6.805000E+02 2.204940E+00 1.064391E+01
6.814000E+02 2.205019E+00 1.064312E+01
6.823000E+02 2.205098E+00 1.064098E+01
6.832000E+02 2.205176E+00 1.064021E+01
6.841000E+02 2.205254E+00 1.063944E+01
6.850000E+02 2.205331E+00 1.063733E+01
6.859000E+02 2.205408E+00 1.063658E+01
6.868000E+02 2.205484E+00 1.063448E+01
6.877000E+02 2.205560E+00 1.063374E+01
6.886000E+02 2.205635E+00 1.063300E+01
6.895000E+02 2.205709E+00 1.063093E+01
6.904000E+02 2.205783E+00 1.063021E+01
6.913000E+02 2.205857E+00 1.062815E+01
6.922000E+02 2.205930E+00 1.062744E+01
6.931000E+02 2.206003E+00 1.062540E+01
6.940000E+02 2.206075E+00 1.062470E+01
6.949000E+02 2.206146E+00 1.062401E+01
6.958000E+02 2.206217E+00 1.062199E+01
6.967000E+02 2.206288E+00 1.062131E+01
6.976000E+02 2.206358E+00 1.061931E+01
6.985000E+02 2.206427E+00 1.061864E+01
6.994000E+02 2.206496E+00 1.061665E+01
7.003000E+02 2.206565E+00 1.061600E+01
7.012000E+02 2.206633E+00 1.061402E+01
7.021000E+02 2.206700E+00 1.061338E+01
7.030000E+02 2.206767E+00 1.061142E+01
7.039000E+02 2.206834E+00 1.061079E+01
7.048000E+02 2.206900E+00 1.060884E+01
7.057000E+02 2.206965E+00 1.060823E+01
7.066000E+02 2.207031E+00 1.060629E+01
7.075000E+02 2.207095E+00 1.060569E+01
7.084000E+02 2.207159E+00 1.060377E+01
7.093000E+02 2.207223E+00 1.060318E+01
7.102000E+02 2.207286E+00 1.060127E+01
7.111000E+02 2.207349E+00 1.060070E+01
7.120000E+02 2.207411E+00 1.059880E+01
7.129000E+02 2.207473E+00 1.059824E+01
7.138000E+02 2.207534E+00 1.059636E+01
7.147000E+02 2.207595E+00 1.059581E+01
7.156000E+02 2.207656E+00 1.059394E+01
7.165000E+02 2.207716E+00 1.059340E+01
7.174000E+02 2.207775E+00 1.059154E+01
7.183000E+02 2.207834E+00 1.059102E+01
7.192000E+02 2.207893E+00 1.058918E+01
7.201000E+02 2.207951E+00 1.058866E+01
7.210000E+02 2.208009E+00 1.058683E+01
7.219000E+02 2.208066E+00 1.058501E+01
7.228000E+02 2.208123E+00 1.058452E+01
7.237000E+02 2.208179E+00 1.058271E+01
7.246000E+02 2.208235E+00 1.058223E+01
7.255000E+02 2.208291E+00 1.058043E+01
7.264000E+02 2.208346E+00 1.057996E+01
7.273000E+02 2.208400E+00 1.057818E+01
7.282000E+02 2.208454E+00 1.057640E+01
7.291000E+02 2.208508E+00 1.057595E+01
7.300000E+02 2.208561E+00 1.057418E+01
7.309000E+02 2.208614E+00 1.057374E+01
7.318000E+02 2.208667E+00 1.057199E+01
7.327000E+02 2.208719E+00 1.057025E+01
7.336000E+02 2.208770E+00 1.056982E+01
7.345000E+02 2.208821E+00 1.056809E+01
7.354000E+02 2.208872E+00 1.056768E+01
7.363000E+02 2.208922E+00 1.056596E+01
7.372000E+02 2.208972E+00 1.056425E+01
7.381000E+02 2.209022E+00 1.056385E+01
7.390000E+02 2.209071E+00 1.056215E+01
7.399000E+02 2.209119E+00 1.056046E+01
7.408000E+02 2.209168E+00 1.056008E+01
7.417000E+02 2.209216E+00 1.055840E+01
7.426000E+02 2.209263E+00 1.055673E+01
7.435000E+02 2.209310E+00 1.055637E+01
7.444000E+02 2.209357E+00 1.055471E+01
7.453000E+02 2.209403E+00 1.055305E+01
7.462000E+02 2.209449E+00 1.055271E+01
7.471000E+02 2.209494E+00 1.055107E+01
7.480000E+02 2.209539E+00 1.054943E+01
7.489000E+02 2.209584E+00 1.054910E+01
7.498000E+02 2.209628E+00 1.054748E+01
7.507000E+02 2.209672E+00 1.054586E+01
7.516000E+02 2.209715E+00 1.054555E+01
7.525000E+02 2.209758E+00 1.054394E+01
7.534000E+02 2.209801E+00 1.054234E+01
7.543000E+02 2.209843E+00 1.054205E+01
7.552000E+02 2.209885E+00 1.054046E+01
7.561000E+02 2.209926E+00 1.053888E+01
7.570000E+02 2.209967E+00 1.053860E+01
7.579000E+02 2.210008E+00 1.053703E+01
7.588000E+02 2.210048E+00 1.053547E+01
7.597000E+02 2.210088E+00 1.053391E+01
7.606000E+02 2.210128E+00 1.053365E+01
7.615000E+02 2.210167E+00 1.053211E+01
7.624000E+02 2.210206E+00 1.053057E+01
7.633000E+02 2.210244E+00 1.053033E+01
7.642000E+02 2.210283E+00 1.052880E+01
7.651000E+02 2.210320E+00 1.052728E+01
7.660000E+02 2.210358E+00 1.052576E+01
7.669000E+02 2.210395E+00 1.052554E+01
7.678000E+02 2.210431E+00 1.052404E+01
7.687000E+02 2.210467E+00 1.052254E+01
7.696000E+02 2.210503E+00 1.052104E+01
7.705000E+02 2.210539E+00 1.052085E+01
7.714000E+02 2.210574E+00 1.051936E+01
7.723000E+02 2.210609E+00 1.051789E+01
7.732000E+02 2.210643E+00 1.051642E+01
7.741000E+02 2.210677E+00 1.051624E+01
7.750000E+02 2.210711E+00 1.051478E+01
7.759000E+02 2.210744E+00 1.051333E+01
7.768000E+02 2.210777E+00 1.051188E+01
7.777000E+02 2.210810E+00 1.051044E+01
7.786000E+02 2.210842E+00 1.051029E+01
7.795000E+02 2.210874E+00 1.050886E+01
7.804000E+02 2.210906E+00 1.050744E+01
7.813000E+02 2.210937E+00 1.050602E+01
7.822000E+02 2.210968E+00 1.050460E+01
7.831000E+02 2.210999E+00 1.050448E+01
7.840000E+02 2.211029E+00 1.050308E+01
7.849000E+02 2.211059E+00 1.050168E+01
7.858000E+02 2.211088E+00 1.050029E+01
7.867000E+02 2.211118E+00 1.049890E+01
7.876000E+02 2.211147E+00 1.049880E+01
7.885000E+02 2.211175E+00 1.049743E+01
7.894000E+02 2.211203E+00 1.049606E+01
7.903000E+02 2.211231E+00 1.049470E+01
7.912000E+02 2.211259E+00 1.049334E+01
7.921000E+02 2.211286E+00 1.049199E+01
7.930000E+02 2.211313E+00 1.049191E+01
7.939000E+02 2.211340E+00 1.049057E+01
7.948000E+02 2.211366E+00 1.048924E+01
7.957000E+02 2.211392E+00 1.048791E+01
7.966000E+02 2.211417E+00 1.048658E+01
7.975000E+02 2.211443E+00 1.048526E+01
7.984000E+02 2.211468E+00 1.048395E+01
7.993000E+02 2.211492E+00 1.048391E+01
8.002000E+02 2.211517E+00 1.048261E+01
8.011000E+02 2.211541E+00 1.048131E+01
8.020000E+02 2.211564E+00 1.048002E+01
8.029000E+02 2.211588E+00 1.047873E+01
8.038000E+02 2.211611E+00 1.047745E+01
8.047000E+02 2.211633E+00 1.047617E+01
8.056000E+02 2.211656E+00 1.047617E+01
8.065000E+02 2.211678E+00 1.047490E+01
8.074000E+02 2.211700E+00 1.047364E+01
8.083000E+02 2.211721E+00 1.047238E+01
8.092000E+02 2.211743E+00 1.047113E+01
8.101000E+02 2.211763E+00 1.046989E+01
8.110000E+02 2.211784E+00 1.046865E+01
8.119000E+02 2.211804E+00 1.046741E+01
8.128000E+02 2.211824E+00 1.046618E+01
8.137000E+02 2.211844E+00 1.046496E+01
8.146000E+02 2.211863E+00 1.046374E+01
8.155000E+02 2.211882E+00 1.046378E+01
8.164000E+02 2.211901E+00 1.046258E+01
8.173000E+02 2.211920E+00 1.046137E+01
8.182000E+02 2.211938E+00 1.046017E+01
8.191000E+02 2.211956E+00 1.045898E+01
8.200000E+02 2.211973E+00 1.045779E+01
8.209000E+02 2.211991E+00 1.045661E+01
8.218000E+02 2.212008E+00 1.045543E+01
8.227000E+02 2.212025E+00 1.045425E+01
8.236000E+02 2.212041E+00 1.045308E+01
8.245000E+02 2.212057E+00 1.045192E+01
8.254000E+02 2.212073E+00 1.045076E+01
8.263000E+02 2.212089E+00 1.044961E+01
8.272000E+02 2.212104E+00 1.044846E+01
8.281000E+02 2.212119E+00 1.044732E+01
8.290000E+02 2.212134E+00 1.044618E+01
8.299000E+02 2.212148E+00 1.044505E+01
8.308000E+02 2.212162E+00 1.044392E+01
8.317000E+02 2.212176E+00 1.044279E+01
8.326000E+02 2.212190E+00 1.044168E+01
8.335000E+02 2.212203E+00 1.044181E+01
8.344000E+02 2.212216E+00 1.044070E+01
8.353000E+02 2.212229E+00 1.043960E+01
8.362000E+02 2.212242E+00 1.043850E+01
8.371000E+02 2.212254E+00 1.043740E+01
8.380000E+02 2.212266E+00 1.043631E+01
8.389000E+02 2.212278E+00 1.043523E+01
8.398000E+02 2.212289E+00 1.043415E+01
8.407000E+02 2.212300E+00 1.043307E+01
8.416000E+02 2.212311E+00 1.043200E+01
8.425000E+02 2.212322E+00 1.043094E+01
8.434000E+02 2.212332E+00 1.042988E+01
8.443000E+02 2.212342E+00 1.042758E+01
8.452000E+02 2.212352E+00 1.042652E+01
8.461000E+02 2.212362E+00 1.042548E+01
8.470000E+02 2.212371E+00 1.042444E+01
8.479000E+02 2.212380E+00 1.042340E+01
8.488000E+02 2.212389E+00 1.042237E+01
8.497000E+02 2.212397E+00 1.042134E+01
8.506000E+02 2.212405E+00 1.042032E+01
8.515000E+02 2.212413E+00 1.041930E+01
8.524000E+02 2.212421E+00 1.041829E+01
8.533000E+02 2.212429E+00 1.041728E+01
8.542000E+02 2.212436E+00 1.041627E+01
8.551000E+02 2.212443E+00 1.041527E+01
8.560000E+02 2.212450E+00 1.041428E+01
8.569000E+02 2.212456E+00 1.041329E+01
8.578000E+02 2.212462E+00 1.041230E+01
8.587000E+02 2.212468E+00 1.041132E+01
8.596000E+02 2.212474E+00 1.041034E+01
8.605000E+02 2.212480E+00 1.040937E+01
8.614000E+02 2.212485E+00 1.040841E+01
8.623000E+02 2.212490E+00 1.040744E+01
8.632000E+02 2.212495E+00 1.040525E+01
8.641000E+02 2.212499E+00 1.040430E+01
8.650000E+02 2.212503E+00 1.040335E+01
8.659000E+02 2.212508E+00 1.040240E+01
8.668000E+02 2.212511E+00 1.040146E+01
8.677000E+02 2.212515E+00 1.040053E+01
8.686000E+02 2.212518E+00 1.039960E+01
8.695000E+02 2.212521E+00 1.039867E+01
8.704000E+02 2.212524E+00 1.039775E+01
8.713000E+02 2.212527E+00 1.039683E+01
8.722000E+02 2.212529E+00 1.039469E+01
8.731000E+02 2.212531E+00 1.039378E+01
8.740000E+02 2.212533E+00 1.039287E+01
8.749000E+02 2.212535E+00 1.039197E+01
8.758000E+02 2.212536E+00 1.039108E+01
8.767000E+02 2.212537E+00 1.039019E+01
8.776000E+02 2.212538E+00 1.038930E+01
8.785000E+02 2.212539E+00 1.038842E+01
8.794000E+02 2.212539E+00 1.038754E+01
8.803000E+02 2.212540E+00 1.038544E+01
8.812000E+02 2.212540E+00 1.038457E+01
8.821000E+02 2.212540E+00 1.038371E+01
8.830000E+02 2.212539E+00 1.038285E+01
8.839000E+02 2.212539E+00 1.038199E+01
8.848000E+02 2.212538E+00 1.038114E+01
8.857000E+02 2.212537E+00 1.038029E+01
8.866000E+02 2.212535E+00 1.037822E+01
8.875000E+02 2.212534E+00 1.037739E+01
8.884000E+02 2.212532E+00 1.037655E+01
8.893000E+02 2.212530E+00 1.037572E+01
8.902000E+02 2.212528E+00 1.037489E+01
8.911000E+02 2.212525E+00 1.037407E+01
8.920000E+02 2.212523E+00 1.037203E+01
8.929000E+02 2.212520E+00 1.037122E+01
8.938000E+02 2.212517E+00 1.037041E+01
8.947000E+02 2.212514E+00 1.036961E+01
8.956000E+02 2.212510E+00 1.036881E+01
8.965000E+02 2.212506E+00 1.036801E+01
8.974000E+02 2.212502E+00 1.036600E+01
8.983000E+02 2.212498E+00 1.036521E+01
8.992000E+02 2.212494E+00 1.036443E+01
9.001000E+02 2.212489E+00 1.036365E+01
9.010000E+02 2.212485E+00 1.036287E+01
9.019000E+02 2.212480E+00 1.036089E+01
9.028000E+02 2.212475E+00 1.036012E+01
9.037000E+02 2.212469E+00 1.035935E+01
9.046000E+02 2.212464E+00 1.035860E+01
9.055000E+02 2.212458E+00 1.035784E+01
9.064000E+02 2.212452E+00 1.035588E+01
9.073000E+02 2.212446E+00 1.035513E+01
9.082000E+02 2.212439E+00 1.035439E+01
9.091000E+02 2.212433E+00 1.035365E+01
9.100000E+02 2.212426E+00 1.035170E+01
9.109000E+02 2.212419E+00 1.035097E+01
9.118000E+02 2.212411E+00 1.035025E+01
9.127000E+02 2.212404E+00 1.034952E+01
9.136000E+02 2.212396E+00 1.034880E+01
9.145000E+02 2.212389E+00 1.034688E+01
9.154000E+02 2.212381E+00 1.034617E+01
9.163000E+02 2.212372E+00 1.034546E+01
9.172000E+02 2.212364E+00 1.034476E+01
9.181000E+02 2.212355E+00 1.034286E+01
9.190000E+02 2.212346E+00 1.034216E+01
9.199000E+02 2.212337E+00 1.034147E+01
9.208000E+02 2.212328E+00 1.034078E+01
9.217000E+02 2.212319E+00 1.033890E+01
9.226000E+02 2.212309E+00 1.033822E+01
9.235000E+02 2.212300E+00 1.033754E+01
9.244000E+02 2.212290E+00 1.033687E+01
9.253000E+02 2.212279E+00 1.033500E+01
9.262000E+02 2.212269E+00 1.033434E+01
9.271000E+02 2.212258E+00 1.033368E+01
9.280000E+02 2.212248E+00 1.033182E+01
9.289000E+02 2.212237E+00 1.033117E+01
9.298000E+02 2.212226E+00 1.033052E+01
9.307000E+02 2.212214E+00 1.032988E+01
9.316000E+02 2.212203E+00 1.032804E+01
9.325000E+02 2.212191E+00 1.032740E+01
9.334000E+02 2.212179E+00 1.032677E+01
9.343000E+02 2.212167E+00 1.032494E+01
9.352000E+02 2.212155E+00 1.032432E+01
9.361000E+02 2.212143E+00 1.032370E+01
9.370000E+02 2.212130E+00 1.032308E+01
9.379000E+02 2.212118E+00 1.032127E+01
9.388000E+02 2.212105E+00 1.032066E+01
9.397000E+02 2.212091E+00 1.032006E+01
9.406000E+02 2.212078E+00 1.031826E+01
9.415000E+02 2.212065E+00 1.031766E+01
9.424000E+02 2.212051E+00 1.031707E+01
9.433000E+02 2.212037E+00 1.031528E+01
9.442000E+02 2.212023E+00 1.031470E+01
9.451000E+02 2.212009E+00 1.031412E+01
9.460000E+02 2.211995E+00 1.031234E+01
9.469000E+02 2.211980E+00 1.031177E+01
9.478000E+02 2.211965E+00 1.031120E+01
9.487000E+02 2.211951E+00 1.030944E+01
9.496000E+02 2.211935E+00 1.030887E+01
9.505000E+02 2.211920E+00 1.030831E+01
9.514000E+02 2.211905E+00 1.030656E+01
9.523000E+02 2.211889E+00 1.030601E+01
9.532000E+02 2.211874E+00 1.030546E+01
9.541000E+02 2.211858E+00 1.030373E+01
9.550000E+02 2.211842E+00 1.030318E+01
9.559000E+02 2.211825E+00 1.030265E+01
9.568000E+02 2.211809E+00 1.030092E+01
9.577000E+02 2.211792E+00 1.030039E+01
9.586000E+02 2.211776E+00 1.029986E+01
9.595000E+02 2.211759E+00 1.029815E+01
9.604000E+02 2.211742E+00 1.029763E+01
9.613000E+02 2.211724E+00 1.029712E+01
9.622000E+02 2.211707E+00 1.029542E+01
9.631000E+02 2.211689E+00 1.029491E+01
9.640000E+02 2.211672E+00 1.029321E+01
9.649000E+02 2.211654E+00 1.029271E+01
9.658000E+02 2.211636E+00 1.029221E+01
9.667000E+02 2.211617E+00 1.029053E+01
9.676000E+02 2.211599E+00 1.029004E+01
9.685000E+02 2.211580E+00 1.028956E+01
9.694000E+02 2.211562E+00 1.028789E+01
9.703000E+02 2.211543E+00 1.028741E+01
9.712000E+02 2.211524E+00 1.028575E+01
9.721000E+02 2.211505E+00 1.028527E+01
9.730000E+02 2.211485E+00 1.028480E+01
9.739000E+02 2.211466E+00 1.028315E+01
9.748000E+02 2.211446E+00 1.028269E+01
9.757000E+02 2.211426E+00 1.028105E+01
9.766000E+02 2.211406E+00 1.028060E+01
9.775000E+02 2.211386E+00 1.028014E+01
9.784000E+02 2.211366E+00 1.027851E+01
9.793000E+02 2.211345E+00 1.027807E+01
9.802000E+02 2.211325E+00 1.027645E+01
9.811000E+02 2.211304E+00 1.027601E+01
9.820000E+02 2.211283E+00 1.027439E+01
9.829000E+02 2.211262E+00 1.027396E+01
9.838000E+02 2.211241E+00 1.027353E+01
9.847000E+02 2.211220E+00 1.027193E+01
9.856000E+02 2.211198E+00 1.027151E+01
9.865000E+02 2.211176E+00 1.026992E+01
9.874000E+02 2.211155E+00 1.026950E+01
9.883000E+02 2.211133E+00 1.026791E+01
9.892000E+02 2.211111E+00 1.026751E+01
9.901000E+02 2.211088E+00 1.026710E+01
9.910000E+02 2.211066E+00 1.026553E+01
9.919000E+02 2.211044E+00 1.026513E+01
9.928000E+02 2.211021E+00 1.026356E+01
9.937000E+02 2.210998E+00 1.026317E+01
9.946000E+02 2.210975E+00 1.026161E+01
9.955000E+02 2.210952E+00 1.026122E+01
9.964000E+02 2.210929E+00 1.025967E+01
9.973000E+02 2.210905E+00 1.025929E+01
9.982000E+02 2.210882E+00 1.025775E+01
9.991000E+02 2.210858E+00 1.025738E+01
