1.000000E+00 NAN NAN
1.099000E+00 NAN NAN
1.198000E+00 1.155172E-01 2.279441E+01
1.297000E+00 1.200300E-01 1.965550E+01
1.396000E+00 1.245602E-01 1.870241E+01
1.495000E+00 1.290931E-01 1.794039E+01
1.594000E+00 1.336205E-01 1.747106E+01
1.693000E+00 1.381354E-01 1.694757E+01
1.792000E+00 1.426332E-01 1.638687E+01
1.891000E+00 1.471112E-01 1.603063E+01
1.990000E+00 1.515664E-01 1.572946E+01
2.089000E+00 1.559968E-01 1.537322E+01
2.188000E+00 1.604012E-01 1.506676E+01
2.287000E+00 1.647788E-01 1.488913E+01
2.386000E+00 1.691286E-01 1.465330E+01
2.485000E+00 1.734503E-01 1.444719E+01
2.584000E+00 1.777435E-01 1.426641E+01
2.683000E+00 1.820083E-01 1.410734E+01
2.782000E+00 1.862444E-01 1.396703E+01
2.881000E+00 1.904520E-01 1.377796E+01
2.980000E+00 1.946312E-01 1.367071E+01
3.079000E+00 1.987823E-01 1.357578E+01
3.178000E+00 2.029053E-01 1.343391E+01
3.277000E+00 2.070008E-01 1.336136E+01
3.376000E+00 2.110687E-01 1.324342E+01
3.475000E+00 2.151097E-01 1.313651E+01
3.574000E+00 2.191239E-01 1.308960E+01
3.673000E+00 2.231117E-01 1.299974E+01
3.772000E+00 2.270734E-01 1.291793E+01
3.871000E+00 2.310094E-01 1.284340E+01
3.970000E+00 2.349201E-01 1.282012E+01
4.069000E+00 2.388057E-01 1.275693E+01
4.168000E+00 2.426666E-01 1.269926E+01
4.267000E+00 2.465032E-01 1.264662E+01
4.366000E+00 2.503158E-01 1.259859E+01
4.465000E+00 2.541048E-01 1.255477E+01
4.564000E+00 2.578705E-01 1.247632E+01
4.663000E+00 2.616132E-01 1.244077E+01
4.762000E+00 2.653333E-01 1.240847E+01
4.861000E+00 2.690310E-01 1.237918E+01
4.960000E+00 2.727068E-01 1.235266E+01
5.059000E+00 2.763608E-01 1.229404E+01
5.158000E+00 2.799935E-01 1.227310E+01
5.257000E+00 2.836050E-01 1.225437E+01
5.356000E+00 2.871958E-01 1.220491E+01
5.455000E+00 2.907660E-01 1.219066E+01
5.554000E+00 2.943159E-01 1.214657E+01
5.653000E+00 2.978460E-01 1.213620E+01
5.752000E+00 3.013563E-01 1.209681E+01
5.851000E+00 3.048471E-01 1.208983E+01
5.950000E+00 3.083188E-01 1.205458E+01
6.049000E+00 3.117715E-01 1.205056E+01
6.148000E+00 3.152056E-01 1.201898E+01
6.247000E+00 3.186212E-01 1.198933E+01
6.346000E+00 3.220186E-01 1.198925E+01
6.445000E+00 3.253980E-01 1.196266E+01
6.544000E+00 3.287597E-01 1.193769E+01
6.643000E+00 3.321038E-01 1.191425E+01
6.742000E+00 3.354307E-01 1.191850E+01
6.841000E+00 3.387404E-01 1.189750E+01
6.940000E+00 3.420332E-01 1.187780E+01
7.039000E+00 3.453093E-01 1.185935E+01
7.138000E+00 3.485689E-01 1.184206E+01
7.237000E+00 3.518122E-01 1.185051E+01
7.336000E+00 3.550394E-01 1.183509E+01
7.435000E+00 3.582507E-01 1.182068E+01
7.534000E+00 3.614462E-01 1.180723E+01
7.633000E+00 3.646262E-01 1.179471E+01
7.732000E+00 3.677908E-01 1.178306E+01
7.831000E+00 3.709402E-01 1.177225E+01
7.930000E+00 3.740746E-01 1.176223E+01
8.029000E+00 3.771942E-01 1.175297E+01
8.128000E+00 3.802990E-01 1.174443E+01
8.227000E+00 3.833892E-01 1.173658E+01
8.326000E+00 3.864651E-01 1.172940E+01
8.425000E+00 3.895268E-01 1.172285E+01
8.524000E+00 3.925744E-01 1.171690E+01
8.623000E+00 3.956080E-01 1.169043E+01
8.722000E+00 3.986278E-01 1.168582E+01
8.821000E+00 4.016340E-01 1.168173E+01
8.920000E+00 4.046268E-01 1.167814E+01
9.019000E+00 4.076061E-01 1.167504E+01
9.118000E+00 4.105722E-01 1.167241E+01
9.217000E+00 4.135252E-01 1.165028E+01
9.316000E+00 4.164652E-01 1.164868E+01
9.415000E+00 4.193924E-01 1.164749E+01
9.514000E+00 4.223068E-01 1.164670E+01
9.613000E+00 4.252087E-01 1.162703E+01
9.712000E+00 4.280981E-01 1.162712E+01
9.811000E+00 4.309752E-01 1.162756E+01
9.910000E+00 4.338400E-01 1.160957E+01
1.000900E+01 4.366928E-01 1.161080E+01
1.010800E+01 4.395335E-01 1.161233E+01
1.020700E+01 4.423624E-01 1.159585E+01
1.030600E+01 4.451795E-01 1.159808E+01
1.040500E+01 4.479849E-01 1.160059E+01
1.050400E+01 4.507788E-01 1.158548E+01
1.060300E+01 4.535612E-01 1.158861E+01
1.070200E+01 4.563322E-01 1.159199E+01
1.080100E+01 4.590920E-01 1.157811E+01
1.090000E+01 4.618406E-01 1.158205E+01
1.099900E+01 4.645782E-01 1.156898E+01
1.109800E+01 4.673048E-01 1.157345E+01
1.119700E+01 4.700206E-01 1.156115E+01
1.129600E+01 4.727256E-01 1.156611E+01
1.139500E+01 4.754199E-01 1.155451E+01
1.149400E+01 4.781037E-01 1.155993E+01
1.159300E+01 4.807769E-01 1.154901E+01
1.169200E+01 4.834398E-01 1.155485E+01
1.179100E+01 4.860923E-01 1.154456E+01
1.189000E+01 4.887346E-01 1.155079E+01
1.198900E+01 4.913668E-01 1.154110E+01
1.208800E+01 4.939889E-01 1.154771E+01
1.218700E+01 4.966011E-01 1.153858E+01
1.228600E+01 4.992033E-01 1.152978E+01
1.238500E+01 5.017957E-01 1.153693E+01
1.248400E+01 5.043784E-01 1.152864E+01
1.258300E+01 5.069514E-01 1.153611E+01
1.268200E+01 5.095149E-01 1.152831E+01
1.278100E+01 5.120688E-01 1.152079E+01
1.288000E+01 5.146133E-01 1.152873E+01
1.297900E+01 5.171484E-01 1.152166E+01
1.307800E+01 5.196743E-01 1.151486E+01
1.317700E+01 5.221910E-01 1.152321E+01
1.327600E+01 5.246985E-01 1.151682E+01
1.337500E+01 5.271969E-01 1.151067E+01
1.347400E+01 5.296864E-01 1.151941E+01
1.357300E+01 5.321669E-01 1.151364E+01
1.367200E+01 5.346385E-01 1.150810E+01
1.377100E+01 5.371013E-01 1.150278E+01
1.387000E+01 5.395555E-01 1.151199E+01
1.396900E+01 5.420009E-01 1.150701E+01
1.406800E+01 5.444377E-01 1.150224E+01
1.416700E+01 5.468660E-01 1.149766E+01
1.426600E+01 5.492858E-01 1.150729E+01
1.436500E+01 5.516971E-01 1.150302E+01
1.446400E+01 5.541001E-01 1.149894E+01
1.456300E+01 5.564948E-01 1.149504E+01
1.466200E+01 5.588813E-01 1.149132E+01
1.476100E+01 5.612596E-01 1.150142E+01
1.486000E+01 5.636298E-01 1.149796E+01
1.495900E+01 5.659918E-01 1.149467E+01
1.505800E+01 5.683459E-01 1.149155E+01
1.515700E+01 5.706920E-01 1.148858E+01
1.525600E+01 5.730302E-01 1.148576E+01
1.535500E+01 5.753606E-01 1.149634E+01
1.545400E+01 5.776831E-01 1.149376E+01
1.555300E+01 5.799980E-01 1.149132E+01
1.565200E+01 5.823051E-01 1.148902E+01
1.575100E+01 5.846046E-01 1.148685E+01
1.585000E+01 5.868965E-01 1.148483E+01
1.594900E+01 5.891809E-01 1.148293E+01
1.604800E+01 5.914578E-01 1.148116E+01
1.614700E+01 5.937273E-01 1.147952E+01
1.624600E+01 5.959894E-01 1.147800E+01
1.634500E+01 5.982442E-01 1.148924E+01
1.644400E+01 6.004916E-01 1.148790E+01
1.654300E+01 6.027319E-01 1.148667E+01
1.664200E+01 6.049649E-01 1.148556E+01
1.674100E+01 6.071908E-01 1.148456E+01
1.684000E+01 6.094096E-01 1.148367E+01
1.693900E+01 6.116213E-01 1.148288E+01
1.703800E+01 6.138260E-01 1.148219E+01
1.713700E+01 6.160238E-01 1.148161E+01
1.723600E+01 6.182146E-01 1.148113E+01
1.733500E+01 6.203986E-01 1.148074E+01
1.743400E+01 6.225757E-01 1.148045E+01
1.753300E+01 6.247460E-01 1.148025E+01
1.763200E+01 6.269096E-01 1.148014E+01
1.773100E+01 6.290664E-01 1.148012E+01
1.783000E+01 6.312166E-01 1.148019E+01
1.792900E+01 6.333602E-01 1.148034E+01
1.802800E+01 6.354972E-01 1.148058E+01
1.812700E+01 6.376276E-01 1.148090E+01
1.822600E+01 6.397515E-01 1.148130E+01
1.832500E+01 6.418690E-01 1.147018E+01
1.842400E+01 6.439800E-01 1.147077E+01
1.852300E+01 6.460847E-01 1.147145E+01
1.862200E+01 6.481829E-01 1.147220E+01
1.872100E+01 6.502749E-01 1.147302E+01
1.882000E+01 6.523606E-01 1.147391E+01
1.891900E+01 6.544400E-01 1.147487E+01
1.901800E+01 6.565133E-01 1.147590E+01
1.911700E+01 6.585803E-01 1.147699E+01
1.921600E+01 6.606413E-01 1.147816E+01
1.931500E+01 6.626961E-01 1.147938E+01
1.941400E+01 6.647449E-01 1.146954E+01
1.951300E+01 6.667876E-01 1.147093E+01
1.961200E+01 6.688244E-01 1.147238E+01
1.971100E+01 6.708551E-01 1.147389E+01
1.981000E+01 6.728800E-01 1.147545E+01
1.990900E+01 6.748990E-01 1.147707E+01
2.000800E+01 6.769121E-01 1.147875E+01
2.010700E+01 6.789194E-01 1.146964E+01
2.020600E+01 6.809209E-01 1.147146E+01
2.030500E+01 6.829167E-01 1.147333E+01
2.040400E+01 6.849067E-01 1.147526E+01
2.050300E+01 6.868910E-01 1.147723E+01
2.060200E+01 6.888697E-01 1.146861E+01
2.070100E+01 6.908427E-01 1.147071E+01
2.080000E+01 6.928101E-01 1.147287E+01
2.089900E+01 6.947720E-01 1.147507E+01
2.099800E+01 6.967283E-01 1.147731E+01
2.109700E+01 6.986791E-01 1.146914E+01
2.119600E+01 7.006244E-01 1.147150E+01
2.129500E+01 7.025643E-01 1.147391E+01
2.139400E+01 7.044988E-01 1.147636E+01
2.149300E+01 7.064278E-01 1.147886E+01
2.159200E+01 7.083515E-01 1.147109E+01
2.169100E+01 7.102698E-01 1.147369E+01
2.179000E+01 7.121829E-01 1.147634E+01
2.188900E+01 7.140906E-01 1.147902E+01
2.198800E+01 7.159931E-01 1.147157E+01
2.208700E+01 7.178904E-01 1.147436E+01
2.218600E+01 7.197825E-01 1.147718E+01
2.228500E+01 7.216694E-01 1.146997E+01
2.238400E+01 7.235512E-01 1.147289E+01
2.248300E+01 7.254278E-01 1.147584E+01
2.258200E+01 7.272994E-01 1.147883E+01
2.268100E+01 7.291658E-01 1.147191E+01
2.278000E+01 7.310273E-01 1.147498E+01
2.287900E+01 7.328837E-01 1.147809E+01
2.297800E+01 7.347351E-01 1.147139E+01
2.307700E+01 7.365816E-01 1.147458E+01
2.317600E+01 7.384232E-01 1.147781E+01
2.327500E+01 7.402598E-01 1.148107E+01
2.337400E+01 7.420915E-01 1.147462E+01
2.347300E+01 7.439184E-01 1.147796E+01
2.357200E+01 7.457404E-01 1.148132E+01
2.367100E+01 7.475576E-01 1.147507E+01
2.377000E+01 7.493701E-01 1.147851E+01
2.386900E+01 7.511777E-01 1.147240E+01
2.396800E+01 7.529806E-01 1.147592E+01
2.406700E+01 7.547788E-01 1.147946E+01
2.416600E+01 7.565723E-01 1.147353E+01
2.426500E+01 7.583611E-01 1.147715E+01
2.436400E+01 7.601453E-01 1.148079E+01
2.446300E+01 7.619248E-01 1.147503E+01
2.456200E+01 7.636997E-01 1.147873E+01
2.466100E+01 7.654701E-01 1.148246E+01
2.476000E+01 7.672358E-01 1.147687E+01
2.485900E+01 7.689971E-01 1.148067E+01
2.495800E+01 7.707538E-01 1.147520E+01
2.505700E+01 7.725060E-01 1.147906E+01
2.515600E+01 7.742537E-01 1.148293E+01
2.525500E+01 7.759970E-01 1.147762E+01
2.535400E+01 7.777358E-01 1.148156E+01
2.545300E+01 7.794702E-01 1.147636E+01
2.555200E+01 7.812003E-01 1.148035E+01
2.565100E+01 7.829259E-01 1.148437E+01
2.575000E+01 7.846472E-01 1.147931E+01
2.584900E+01 7.863642E-01 1.148338E+01
2.594800E+01 7.880768E-01 1.147843E+01
2.604700E+01 7.897852E-01 1.148256E+01
2.614600E+01 7.914893E-01 1.147771E+01
2.624500E+01 7.931891E-01 1.148189E+01
2.634400E+01 7.948847E-01 1.148608E+01
2.644300E+01 7.965761E-01 1.148136E+01
2.654200E+01 7.982633E-01 1.148561E+01
2.664100E+01 7.999463E-01 1.148099E+01
2.674000E+01 8.016252E-01 1.148528E+01
2.683900E+01 8.032999E-01 1.148076E+01
2.693800E+01 8.049706E-01 1.148509E+01
2.703700E+01 8.066371E-01 1.148066E+01
2.713600E+01 8.082995E-01 1.148504E+01
2.723500E+01 8.099578E-01 1.148070E+01
2.733400E+01 8.116122E-01 1.148513E+01
2.743300E+01 8.132624E-01 1.148088E+01
2.753200E+01 8.149087E-01 1.148534E+01
2.763100E+01 8.165510E-01 1.148117E+01
2.773000E+01 8.181893E-01 1.148568E+01
2.782900E+01 8.198237E-01 1.148160E+01
2.792800E+01 8.214541E-01 1.148615E+01
2.802700E+01 8.230806E-01 1.148214E+01
2.812600E+01 8.247031E-01 1.148673E+01
2.822500E+01 8.263218E-01 1.148281E+01
2.832400E+01 8.279366E-01 1.148743E+01
2.842300E+01 8.295476E-01 1.148358E+01
2.852200E+01 8.311547E-01 1.148824E+01
2.862100E+01 8.327580E-01 1.148447E+01
2.872000E+01 8.343575E-01 1.148917E+01
2.881900E+01 8.359532E-01 1.148547E+01
2.891800E+01 8.375452E-01 1.149020E+01
2.901700E+01 8.391334E-01 1.148658E+01
2.911600E+01 8.407178E-01 1.149134E+01
2.921500E+01 8.422985E-01 1.148779E+01
2.931400E+01 8.438755E-01 1.149258E+01
2.941300E+01 8.454489E-01 1.148910E+01
2.951200E+01 8.470185E-01 1.148566E+01
2.961100E+01 8.485845E-01 1.149051E+01
2.971000E+01 8.501468E-01 1.148714E+01
2.980900E+01 8.517055E-01 1.149202E+01
2.990800E+01 8.532606E-01 1.148871E+01
3.000700E+01 8.548120E-01 1.149362E+01
3.010600E+01 8.563599E-01 1.149038E+01
3.020500E+01 8.579042E-01 1.148718E+01
3.030400E+01 8.594450E-01 1.149213E+01
3.040300E+01 8.609822E-01 1.148900E+01
3.050200E+01 8.625159E-01 1.149397E+01
3.060100E+01 8.640461E-01 1.149090E+01
3.070000E+01 8.655728E-01 1.148787E+01
3.079900E+01 8.670960E-01 1.149289E+01
3.089800E+01 8.686157E-01 1.148991E+01
3.099700E+01 8.701320E-01 1.149496E+01
3.109600E+01 8.716448E-01 1.149204E+01
3.119500E+01 8.731542E-01 1.148916E+01
3.129400E+01 8.746602E-01 1.149425E+01
3.139300E+01 8.761628E-01 1.149143E+01
3.149200E+01 8.776620E-01 1.149654E+01
3.159100E+01 8.791579E-01 1.149377E+01
3.169000E+01 8.806503E-01 1.149103E+01
3.178900E+01 8.821395E-01 1.149618E+01
3.188800E+01 8.836253E-01 1.149350E+01
3.198700E+01 8.851077E-01 1.149086E+01
3.208600E+01 8.865869E-01 1.149604E+01
3.218500E+01 8.880628E-01 1.149345E+01
3.228400E+01 8.895354E-01 1.149865E+01
3.238300E+01 8.910047E-01 1.149611E+01
3.248200E+01 8.924708E-01 1.149360E+01
3.258100E+01 8.939336E-01 1.149884E+01
3.268000E+01 8.953932E-01 1.149638E+01
3.277900E+01 8.968496E-01 1.149395E+01
3.287800E+01 8.983027E-01 1.149922E+01
3.297700E+01 8.997527E-01 1.149684E+01
3.307600E+01 9.011995E-01 1.149449E+01
3.317500E+01 9.026432E-01 1.149979E+01
3.327400E+01 9.040836E-01 1.149748E+01
3.337300E+01 9.055210E-01 1.149521E+01
3.347200E+01 9.069552E-01 1.150054E+01
3.357100E+01 9.083863E-01 1.149831E+01
3.367000E+01 9.098143E-01 1.149612E+01
3.376900E+01 9.112392E-01 1.150147E+01
3.386800E+01 9.126610E-01 1.149932E+01
3.396700E+01 9.140797E-01 1.149719E+01
3.406600E+01 9.154954E-01 1.150258E+01
3.416500E+01 9.169081E-01 1.150049E+01
3.426400E+01 9.183177E-01 1.149844E+01
3.436300E+01 9.197242E-01 1.149641E+01
3.446200E+01 9.211278E-01 1.150183E+01
3.456100E+01 9.225284E-01 1.149984E+01
3.466000E+01 9.239259E-01 1.149788E+01
3.475900E+01 9.253205E-01 1.150333E+01
3.485800E+01 9.267121E-01 1.150141E+01
3.495700E+01 9.281008E-01 1.149951E+01
3.505600E+01 9.294865E-01 1.149764E+01
3.515500E+01 9.308693E-01 1.150313E+01
3.525400E+01 9.322491E-01 1.150129E+01
3.535300E+01 9.336260E-01 1.149949E+01
3.545200E+01 9.350001E-01 1.150499E+01
3.555100E+01 9.363712E-01 1.150322E+01
3.565000E+01 9.377395E-01 1.150148E+01
3.574900E+01 9.391048E-01 1.149976E+01
3.584800E+01 9.404674E-01 1.150529E+01
3.594700E+01 9.418270E-01 1.150361E+01
3.604600E+01 9.431838E-01 1.150195E+01
3.614500E+01 9.445378E-01 1.150031E+01
3.624400E+01 9.458890E-01 1.150587E+01
3.634300E+01 9.472374E-01 1.150427E+01
3.644200E+01 9.485830E-01 1.150269E+01
3.654100E+01 9.499257E-01 1.150113E+01
3.664000E+01 9.512657E-01 1.150672E+01
3.673900E+01 9.526030E-01 1.150520E+01
3.683800E+01 9.539374E-01 1.150369E+01
3.693700E+01 9.552691E-01 1.150221E+01
3.703600E+01 9.565981E-01 1.150783E+01
3.713500E+01 9.579244E-01 1.150638E+01
3.723400E+01 9.592479E-01 1.150495E+01
3.733300E+01 9.605687E-01 1.150355E+01
3.743200E+01 9.618868E-01 1.150216E+01
3.753100E+01 9.632023E-01 1.150781E+01
3.763000E+01 9.645150E-01 1.150646E+01
3.772900E+01 9.658251E-01 1.150512E+01
3.782800E+01 9.671325E-01 1.150381E+01
3.792700E+01 9.684372E-01 1.150948E+01
3.802600E+01 9.697393E-01 1.150819E+01
3.812500E+01 9.710388E-01 1.150693E+01
3.822400E+01 9.723357E-01 1.150569E+01
3.832300E+01 9.736299E-01 1.150446E+01
3.842200E+01 9.749215E-01 1.151016E+01
3.852100E+01 9.762105E-01 1.150896E+01
3.862000E+01 9.774970E-01 1.150778E+01
3.871900E+01 9.787808E-01 1.150663E+01
3.881800E+01 9.800621E-01 1.150549E+01
3.891700E+01 9.813408E-01 1.150437E+01
3.901600E+01 9.826170E-01 1.151009E+01
3.911500E+01 9.838906E-01 1.150900E+01
3.921400E+01 9.851617E-01 1.150792E+01
3.931300E+01 9.864302E-01 1.150687E+01
3.941200E+01 9.876963E-01 1.150583E+01
3.951100E+01 9.889598E-01 1.151158E+01
3.961000E+01 9.902208E-01 1.151056E+01
3.970900E+01 9.914793E-01 1.150956E+01
3.980800E+01 9.927354E-01 1.150858E+01
3.990700E+01 9.939889E-01 1.150762E+01
4.000600E+01 9.952400E-01 1.150668E+01
4.010500E+01 9.964886E-01 1.151245E+01
4.020400E+01 9.977348E-01 1.151153E+01
4.030300E+01 9.989786E-01 1.151063E+01
4.040200E+01 1.000220E+00 1.150974E+01
4.050100E+01 1.001459E+00 1.150887E+01
4.060000E+01 1.002695E+00 1.150801E+01
4.069900E+01 1.003929E+00 1.150717E+01
4.079800E+01 1.005161E+00 1.151298E+01
4.089700E+01 1.006390E+00 1.151216E+01
4.099600E+01 1.007617E+00 1.151136E+01
4.109500E+01 1.008841E+00 1.151057E+01
4.119400E+01 1.010063E+00 1.150981E+01
4.129300E+01 1.011283E+00 1.150905E+01
4.139200E+01 1.012501E+00 1.150831E+01
4.149100E+01 1.013716E+00 1.151414E+01
4.159000E+01 1.014928E+00 1.151343E+01
4.168900E+01 1.016139E+00 1.151272E+01
4.178800E+01 1.017347E+00 1.151204E+01
4.188700E+01 1.018552E+00 1.151136E+01
4.198600E+01 1.019756E+00 1.151070E+01
4.208500E+01 1.020957E+00 1.151006E+01
4.218400E+01 1.022156E+00 1.150943E+01
4.228300E+01 1.023352E+00 1.151529E+01
4.238200E+01 1.024546E+00 1.151468E+01
4.248100E+01 1.025738E+00 1.151408E+01
4.258000E+01 1.026928E+00 1.151350E+01
4.267900E+01 1.028115E+00 1.151293E+01
4.277800E+01 1.029301E+00 1.151238E+01
4.287700E+01 1.030483E+00 1.151184E+01
4.297600E+01 1.031664E+00 1.151132E+01
4.307500E+01 1.032843E+00 1.151080E+01
4.317400E+01 1.034019E+00 1.151031E+01
4.327300E+01 1.035193E+00 1.151619E+01
4.337200E+01 1.036365E+00 1.151571E+01
4.347100E+01 1.037534E+00 1.151524E+01
4.357000E+01 1.038702E+00 1.151478E+01
4.366900E+01 1.039867E+00 1.151434E+01
4.376800E+01 1.041030E+00 1.151391E+01
4.386700E+01 1.042191E+00 1.151350E+01
4.396600E+01 1.043350E+00 1.151309E+01
4.406500E+01 1.044506E+00 1.151270E+01
4.416400E+01 1.045660E+00 1.151232E+01
4.426300E+01 1.046813E+00 1.151196E+01
4.436200E+01 1.047963E+00 1.151160E+01
4.446100E+01 1.049111E+00 1.151752E+01
4.456000E+01 1.050257E+00 1.151718E+01
4.465900E+01 1.051400E+00 1.151685E+01
4.475800E+01 1.052542E+00 1.151654E+01
4.485700E+01 1.053681E+00 1.151623E+01
4.495600E+01 1.054819E+00 1.151594E+01
4.505500E+01 1.055954E+00 1.151566E+01
4.515400E+01 1.057087E+00 1.151539E+01
4.525300E+01 1.058219E+00 1.151514E+01
4.535200E+01 1.059348E+00 1.151489E+01
4.545100E+01 1.060475E+00 1.151466E+01
4.555000E+01 1.061600E+00 1.151444E+01
4.564900E+01 1.062722E+00 1.151423E+01
4.574800E+01 1.063843E+00 1.151403E+01
4.584700E+01 1.064962E+00 1.151384E+01
4.594600E+01 1.066079E+00 1.151366E+01
4.604500E+01 1.067194E+00 1.151349E+01
4.614400E+01 1.068306E+00 1.151334E+01
4.624300E+01 1.069417E+00 1.151319E+01
4.634200E+01 1.070526E+00 1.151306E+01
4.644100E+01 1.071632E+00 1.151293E+01
4.654000E+01 1.072737E+00 1.151889E+01
4.663900E+01 1.073840E+00 1.151878E+01
4.673800E+01 1.074940E+00 1.151868E+01
4.683700E+01 1.076039E+00 1.151859E+01
4.693600E+01 1.077136E+00 1.151850E+01
4.703500E+01 1.078230E+00 1.151843E+01
4.713400E+01 1.079323E+00 1.151837E+01
4.723300E+01 1.080414E+00 1.151832E+01
4.733200E+01 1.081503E+00 1.151828E+01
4.743100E+01 1.082590E+00 1.151825E+01
4.753000E+01 1.083675E+00 1.151823E+01
4.762900E+01 1.084758E+00 1.151822E+01
4.772800E+01 1.085839E+00 1.151821E+01
4.782700E+01 1.086918E+00 1.151822E+01
4.792600E+01 1.087995E+00 1.151824E+01
4.802500E+01 1.089071E+00 1.151826E+01
4.812400E+01 1.090144E+00 1.151830E+01
4.822300E+01 1.091216E+00 1.151834E+01
4.832200E+01 1.092285E+00 1.151840E+01
4.842100E+01 1.093353E+00 1.151846E+01
4.852000E+01 1.094419E+00 1.151853E+01
4.861900E+01 1.095483E+00 1.151862E+01
4.871800E+01 1.096545E+00 1.151871E+01
4.881700E+01 1.097605E+00 1.151881E+01
4.891600E+01 1.098664E+00 1.151891E+01
4.901500E+01 1.099720E+00 1.151903E+01
4.911400E+01 1.100775E+00 1.151916E+01
4.921300E+01 1.101828E+00 1.151929E+01
4.931200E+01 1.102879E+00 1.151943E+01
4.941100E+01 1.103928E+00 1.151958E+01
4.951000E+01 1.104975E+00 1.151974E+01
4.960900E+01 1.106021E+00 1.151991E+01
4.970800E+01 1.107064E+00 1.152009E+01
4.980700E+01 1.108106E+00 1.152027E+01
4.990600E+01 1.109146E+00 1.152047E+01
5.000500E+01 1.110185E+00 1.151488E+01
5.010400E+01 1.111221E+00 1.151509E+01
5.020300E+01 1.112256E+00 1.151532E+01
5.030200E+01 1.113289E+00 1.151555E+01
5.040100E+01 1.114320E+00 1.151579E+01
5.050000E+01 1.115349E+00 1.151604E+01
5.059900E+01 1.116377E+00 1.151630E+01
5.069800E+01 1.117402E+00 1.151656E+01
5.079700E+01 1.118426E+00 1.151683E+01
5.089600E+01 1.119449E+00 1.151711E+01
5.099500E+01 1.120469E+00 1.151740E+01
5.109400E+01 1.121488E+00 1.151769E+01
5.119300E+01 1.122505E+00 1.151800E+01
5.129200E+01 1.123520E+00 1.151831E+01
5.139100E+01 1.124534E+00 1.151862E+01
5.149000E+01 1.125545E+00 1.151895E+01
5.158900E+01 1.126555E+00 1.151928E+01
5.168800E+01 1.127564E+00 1.151962E+01
5.178700E+01 1.128570E+00 1.151996E+01
5.188600E+01 1.129575E+00 1.152032E+01
5.198500E+01 1.130579E+00 1.152068E+01
5.208400E+01 1.131580E+00 1.151541E+01
5.218300E+01 1.132580E+00 1.151579E+01
5.228200E+01 1.133578E+00 1.151617E+01
5.238100E+01 1.134575E+00 1.151657E+01
5.248000E+01 1.135569E+00 1.151697E+01
5.257900E+01 1.136562E+00 1.151738E+01
5.267800E+01 1.137554E+00 1.151779E+01
5.277700E+01 1.138544E+00 1.151822E+01
5.287600E+01 1.139532E+00 1.151865E+01
5.297500E+01 1.140518E+00 1.151908E+01
5.307400E+01 1.141503E+00 1.151952E+01
5.317300E+01 1.142486E+00 1.151997E+01
5.327200E+01 1.143467E+00 1.152043E+01
5.337100E+01 1.144447E+00 1.152089E+01
5.347000E+01 1.145425E+00 1.151581E+01
5.356900E+01 1.146402E+00 1.151629E+01
5.366800E+01 1.147377E+00 1.151678E+01
5.376700E+01 1.148350E+00 1.151727E+01
5.386600E+01 1.149322E+00 1.151777E+01
5.396500E+01 1.150292E+00 1.151828E+01
5.406400E+01 1.151260E+00 1.151879E+01
5.416300E+01 1.152227E+00 1.151931E+01
5.426200E+01 1.153193E+00 1.151983E+01
5.436100E+01 1.154156E+00 1.152036E+01
5.446000E+01 1.155118E+00 1.152090E+01
5.455900E+01 1.156079E+00 1.151597E+01
5.465800E+01 1.157038E+00 1.151652E+01
5.475700E+01 1.157995E+00 1.151708E+01
5.485600E+01 1.158951E+00 1.151765E+01
5.495500E+01 1.159905E+00 1.151822E+01
5.505400E+01 1.160858E+00 1.151879E+01
5.515300E+01 1.161809E+00 1.151938E+01
5.525200E+01 1.162758E+00 1.151997E+01
5.535100E+01 1.163706E+00 1.152056E+01
5.545000E+01 1.164652E+00 1.151575E+01
5.554900E+01 1.165597E+00 1.151636E+01
5.564800E+01 1.166541E+00 1.151697E+01
5.574700E+01 1.167482E+00 1.151760E+01
5.584600E+01 1.168423E+00 1.151822E+01
5.594500E+01 1.169361E+00 1.151886E+01
5.604400E+01 1.170298E+00 1.151949E+01
5.614300E+01 1.171234E+00 1.152014E+01
5.624200E+01 1.172168E+00 1.151542E+01
5.634100E+01 1.173101E+00 1.151608E+01
5.644000E+01 1.174032E+00 1.151675E+01
5.653900E+01 1.174962E+00 1.151742E+01
5.663800E+01 1.175890E+00 1.151809E+01
5.673700E+01 1.176816E+00 1.151877E+01
5.683600E+01 1.177741E+00 1.151946E+01
5.693500E+01 1.178665E+00 1.152015E+01
5.703400E+01 1.179587E+00 1.151553E+01
5.713300E+01 1.180508E+00 1.151624E+01
5.723200E+01 1.181427E+00 1.151695E+01
5.733100E+01 1.182345E+00 1.151767E+01
5.743000E+01 1.183261E+00 1.151839E+01
5.752900E+01 1.184176E+00 1.151911E+01
5.762800E+01 1.185089E+00 1.151984E+01
5.772700E+01 1.186001E+00 1.151531E+01
5.782600E+01 1.186911E+00 1.151605E+01
5.792500E+01 1.187820E+00 1.151680E+01
5.802400E+01 1.188728E+00 1.151756E+01
5.812300E+01 1.189634E+00 1.151832E+01
5.822200E+01 1.190538E+00 1.151908E+01
5.832100E+01 1.191441E+00 1.151985E+01
5.842000E+01 1.192343E+00 1.151539E+01
5.851900E+01 1.193243E+00 1.151617E+01
5.861800E+01 1.194142E+00 1.151696E+01
5.871700E+01 1.195040E+00 1.151775E+01
5.881600E+01 1.195936E+00 1.151855E+01
5.891500E+01 1.196830E+00 1.151935E+01
5.901400E+01 1.197724E+00 1.151496E+01
5.911300E+01 1.198615E+00 1.151577E+01
5.921200E+01 1.199506E+00 1.151659E+01
5.931100E+01 1.200395E+00 1.151742E+01
5.941000E+01 1.201282E+00 1.151825E+01
5.950900E+01 1.202168E+00 1.151908E+01
5.960800E+01 1.203053E+00 1.151475E+01
5.970700E+01 1.203937E+00 1.151560E+01
5.980600E+01 1.204819E+00 1.151645E+01
5.990500E+01 1.205699E+00 1.151730E+01
6.000400E+01 1.206579E+00 1.151816E+01
6.010300E+01 1.207457E+00 1.151388E+01
6.020200E+01 1.208333E+00 1.151476E+01
6.030100E+01 1.209208E+00 1.151563E+01
6.040000E+01 1.210082E+00 1.151651E+01
6.049900E+01 1.210955E+00 1.151739E+01
6.059800E+01 1.211826E+00 1.151828E+01
6.069700E+01 1.212695E+00 1.151407E+01
6.079600E+01 1.213564E+00 1.151497E+01
6.089500E+01 1.214431E+00 1.151587E+01
6.099400E+01 1.215297E+00 1.151678E+01
6.109300E+01 1.216161E+00 1.151769E+01
6.119200E+01 1.217024E+00 1.151353E+01
6.129100E+01 1.217886E+00 1.151445E+01
6.139000E+01 1.218746E+00 1.151538E+01
6.148900E+01 1.219605E+00 1.151631E+01
6.158800E+01 1.220463E+00 1.151725E+01
6.168700E+01 1.221319E+00 1.151314E+01
6.178600E+01 1.222174E+00 1.151408E+01
6.188500E+01 1.223028E+00 1.151503E+01
6.198400E+01 1.223880E+00 1.151599E+01
6.208300E+01 1.224732E+00 1.151695E+01
6.218200E+01 1.225581E+00 1.151288E+01
6.228100E+01 1.226430E+00 1.151385E+01
6.238000E+01 1.227277E+00 1.151483E+01
6.247900E+01 1.228123E+00 1.151580E+01
6.257800E+01 1.228968E+00 1.151678E+01
6.267700E+01 1.229811E+00 1.151277E+01
6.277600E+01 1.230653E+00 1.151376E+01
6.287500E+01 1.231494E+00 1.151475E+01
6.297400E+01 1.232334E+00 1.151575E+01
6.307300E+01 1.233172E+00 1.151676E+01
6.317200E+01 1.234009E+00 1.151279E+01
6.327100E+01 1.234845E+00 1.151380E+01
6.337000E+01 1.235679E+00 1.151482E+01
6.346900E+01 1.236512E+00 1.151584E+01
6.356800E+01 1.237344E+00 1.151190E+01
6.366700E+01 1.238175E+00 1.151293E+01
6.376600E+01 1.239004E+00 1.151397E+01
6.386500E+01 1.239833E+00 1.151500E+01
6.396400E+01 1.240660E+00 1.151604E+01
6.406300E+01 1.241485E+00 1.151216E+01
6.416200E+01 1.242310E+00 1.151321E+01
6.426100E+01 1.243133E+00 1.151426E+01
6.436000E+01 1.243955E+00 1.151532E+01
6.445900E+01 1.244776E+00 1.151147E+01
6.455800E+01 1.245595E+00 1.151254E+01
6.465700E+01 1.246413E+00 1.151361E+01
6.475600E+01 1.247230E+00 1.151468E+01
6.485500E+01 1.248046E+00 1.151086E+01
6.495400E+01 1.248861E+00 1.151195E+01
6.505300E+01 1.249674E+00 1.151303E+01
6.515200E+01 1.250486E+00 1.151412E+01
6.525100E+01 1.251297E+00 1.151034E+01
6.535000E+01 1.252107E+00 1.151144E+01
6.544900E+01 1.252916E+00 1.151255E+01
6.554800E+01 1.253723E+00 1.151365E+01
6.564700E+01 1.254529E+00 1.150991E+01
6.574600E+01 1.255334E+00 1.151102E+01
6.584500E+01 1.256138E+00 1.151214E+01
6.594400E+01 1.256941E+00 1.151326E+01
6.604300E+01 1.257742E+00 1.150955E+01
6.614200E+01 1.258542E+00 1.151068E+01
6.624100E+01 1.259341E+00 1.151181E+01
6.634000E+01 1.260139E+00 1.151295E+01
6.643900E+01 1.260936E+00 1.150927E+01
6.653800E+01 1.261731E+00 1.151041E+01
6.663700E+01 1.262526E+00 1.151156E+01
6.673600E+01 1.263319E+00 1.151271E+01
6.683500E+01 1.264111E+00 1.150907E+01
6.693400E+01 1.264902E+00 1.151022E+01
6.703300E+01 1.265691E+00 1.151139E+01
6.713200E+01 1.266480E+00 1.151255E+01
6.723100E+01 1.267267E+00 1.150894E+01
6.733000E+01 1.268053E+00 1.151011E+01
6.742900E+01 1.268839E+00 1.151129E+01
6.752800E+01 1.269622E+00 1.151247E+01
6.762700E+01 1.270405E+00 1.150889E+01
6.772600E+01 1.271187E+00 1.151007E+01
6.782500E+01 1.271967E+00 1.151126E+01
6.792400E+01 1.272747E+00 1.150771E+01
6.802300E+01 1.273525E+00 1.150891E+01
6.812200E+01 1.274302E+00 1.151011E+01
6.822100E+01 1.275078E+00 1.151131E+01
6.832000E+01 1.275853E+00 1.150778E+01
6.841900E+01 1.276627E+00 1.150900E+01
6.851800E+01 1.277399E+00 1.151021E+01
6.861700E+01 1.278171E+00 1.151143E+01
6.871600E+01 1.278941E+00 1.150793E+01
6.881500E+01 1.279710E+00 1.150916E+01
6.891400E+01 1.280479E+00 1.151039E+01
6.901300E+01 1.281246E+00 1.150691E+01
6.911200E+01 1.282012E+00 1.150815E+01
6.921100E+01 1.282776E+00 1.150939E+01
6.931000E+01 1.283540E+00 1.151063E+01
6.940900E+01 1.284303E+00 1.150719E+01
6.950800E+01 1.285064E+00 1.150843E+01
6.960700E+01 1.285825E+00 1.150968E+01
6.970600E+01 1.286584E+00 1.150627E+01
6.980500E+01 1.287342E+00 1.150752E+01
6.990400E+01 1.288100E+00 1.150878E+01
7.000300E+01 1.288856E+00 1.150539E+01
7.010200E+01 1.289611E+00 1.150666E+01
7.020100E+01 1.290365E+00 1.150793E+01
7.030000E+01 1.291118E+00 1.150920E+01
7.039900E+01 1.291869E+00 1.150583E+01
7.049800E+01 1.292620E+00 1.150711E+01
7.059700E+01 1.293370E+00 1.150840E+01
7.069600E+01 1.294118E+00 1.150505E+01
7.079500E+01 1.294866E+00 1.150634E+01
7.089400E+01 1.295612E+00 1.150763E+01
7.099300E+01 1.296358E+00 1.150431E+01
7.109200E+01 1.297102E+00 1.150561E+01
7.119100E+01 1.297845E+00 1.150691E+01
7.129000E+01 1.298588E+00 1.150821E+01
7.138900E+01 1.299329E+00 1.150492E+01
7.148800E+01 1.300069E+00 1.150623E+01
7.158700E+01 1.300808E+00 1.150754E+01
7.168600E+01 1.301546E+00 1.150427E+01
7.178500E+01 1.302283E+00 1.150558E+01
7.188400E+01 1.303019E+00 1.150691E+01
7.198300E+01 1.303754E+00 1.150365E+01
7.208200E+01 1.304488E+00 1.150498E+01
7.218100E+01 1.305221E+00 1.150631E+01
7.228000E+01 1.305953E+00 1.150308E+01
7.237900E+01 1.306684E+00 1.150442E+01
7.247800E+01 1.307413E+00 1.150576E+01
7.257700E+01 1.308142E+00 1.150255E+01
7.267600E+01 1.308870E+00 1.150389E+01
7.277500E+01 1.309597E+00 1.150524E+01
7.287400E+01 1.310322E+00 1.150205E+01
7.297300E+01 1.311047E+00 1.150340E+01
7.307200E+01 1.311771E+00 1.150476E+01
7.317100E+01 1.312494E+00 1.150159E+01
7.327000E+01 1.313215E+00 1.150295E+01
7.336900E+01 1.313936E+00 1.150432E+01
7.346800E+01 1.314656E+00 1.150117E+01
7.356700E+01 1.315374E+00 1.150254E+01
7.366600E+01 1.316092E+00 1.150391E+01
7.376500E+01 1.316809E+00 1.150078E+01
7.386400E+01 1.317524E+00 1.150216E+01
7.396300E+01 1.318239E+00 1.150354E+01
7.406200E+01 1.318953E+00 1.150043E+01
7.416100E+01 1.319666E+00 1.150182E+01
7.426000E+01 1.320377E+00 1.150321E+01
7.435900E+01 1.321088E+00 1.150011E+01
7.445800E+01 1.321798E+00 1.150151E+01
7.455700E+01 1.322507E+00 1.150291E+01
7.465600E+01 1.323214E+00 1.149983E+01
7.475500E+01 1.323921E+00 1.150124E+01
7.485400E+01 1.324627E+00 1.150264E+01
7.495300E+01 1.325332E+00 1.149959E+01
7.505200E+01 1.326036E+00 1.150100E+01
7.515100E+01 1.326739E+00 1.150241E+01
7.525000E+01 1.327441E+00 1.149938E+01
7.534900E+01 1.328142E+00 1.150080E+01
7.544800E+01 1.328842E+00 1.150222E+01
7.554700E+01 1.329541E+00 1.149920E+01
7.564600E+01 1.330239E+00 1.150063E+01
7.574500E+01 1.330937E+00 1.150205E+01
7.584400E+01 1.331633E+00 1.149905E+01
7.594300E+01 1.332328E+00 1.150049E+01
7.604200E+01 1.333023E+00 1.149750E+01
7.614100E+01 1.333716E+00 1.149894E+01
7.624000E+01 1.334409E+00 1.150038E+01
7.633900E+01 1.335100E+00 1.149742E+01
7.643800E+01 1.335791E+00 1.149886E+01
7.653700E+01 1.336480E+00 1.150031E+01
7.663600E+01 1.337169E+00 1.149736E+01
7.673500E+01 1.337857E+00 1.149881E+01
7.683400E+01 1.338544E+00 1.150027E+01
7.693300E+01 1.339230E+00 1.149734E+01
7.703200E+01 1.339915E+00 1.149880E+01
7.713100E+01 1.340599E+00 1.149588E+01
7.723000E+01 1.341282E+00 1.149735E+01
7.732900E+01 1.341964E+00 1.149881E+01
7.742800E+01 1.342646E+00 1.149591E+01
7.752700E+01 1.343326E+00 1.149738E+01
7.762600E+01 1.344005E+00 1.149886E+01
7.772500E+01 1.344684E+00 1.149597E+01
7.782400E+01 1.345362E+00 1.149745E+01
7.792300E+01 1.346038E+00 1.149458E+01
7.802200E+01 1.346714E+00 1.149607E+01
7.812100E+01 1.347389E+00 1.149755E+01
7.822000E+01 1.348063E+00 1.149470E+01
7.831900E+01 1.348736E+00 1.149619E+01
7.841800E+01 1.349408E+00 1.149768E+01
7.851700E+01 1.350080E+00 1.149484E+01
7.861600E+01 1.350750E+00 1.149634E+01
7.871500E+01 1.351420E+00 1.149352E+01
7.881400E+01 1.352088E+00 1.149502E+01
7.891300E+01 1.352756E+00 1.149652E+01
7.901200E+01 1.353423E+00 1.149371E+01
7.911100E+01 1.354089E+00 1.149522E+01
7.921000E+01 1.354754E+00 1.149242E+01
7.930900E+01 1.355418E+00 1.149394E+01
7.940800E+01 1.356081E+00 1.149545E+01
7.950700E+01 1.356744E+00 1.149267E+01
7.960600E+01 1.357405E+00 1.149419E+01
7.970500E+01 1.358066E+00 1.149571E+01
7.980400E+01 1.358726E+00 1.149295E+01
7.990300E+01 1.359385E+00 1.149447E+01
8.000200E+01 1.360043E+00 1.149172E+01
8.010100E+01 1.360700E+00 1.149325E+01
8.020000E+01 1.361356E+00 1.149478E+01
8.029900E+01 1.362012E+00 1.149205E+01
8.039800E+01 1.362666E+00 1.149358E+01
8.049700E+01 1.363320E+00 1.149086E+01
8.059600E+01 1.363973E+00 1.149240E+01
8.069500E+01 1.364625E+00 1.149394E+01
8.079400E+01 1.365276E+00 1.149123E+01
8.089300E+01 1.365926E+00 1.149278E+01
8.099200E+01 1.366576E+00 1.149008E+01
8.109100E+01 1.367224E+00 1.149163E+01
8.119000E+01 1.367872E+00 1.149318E+01
8.128900E+01 1.368519E+00 1.149050E+01
8.138800E+01 1.369165E+00 1.149205E+01
8.148700E+01 1.369810E+00 1.148938E+01
8.158600E+01 1.370454E+00 1.149094E+01
8.168500E+01 1.371098E+00 1.149251E+01
8.178400E+01 1.371740E+00 1.148985E+01
8.188300E+01 1.372382E+00 1.149141E+01
8.198200E+01 1.373023E+00 1.148877E+01
8.208100E+01 1.373663E+00 1.149034E+01
8.218000E+01 1.374303E+00 1.148770E+01
8.227900E+01 1.374941E+00 1.148928E+01
8.237800E+01 1.375579E+00 1.149085E+01
8.247700E+01 1.376216E+00 1.148823E+01
8.257600E+01 1.376852E+00 1.148981E+01
8.267500E+01 1.377487E+00 1.148720E+01
8.277400E+01 1.378121E+00 1.148879E+01
8.287300E+01 1.378755E+00 1.149037E+01
8.297200E+01 1.379387E+00 1.148778E+01
8.307100E+01 1.380019E+00 1.148937E+01
8.317000E+01 1.380650E+00 1.148678E+01
8.326900E+01 1.381280E+00 1.148838E+01
8.336800E+01 1.381910E+00 1.148580E+01
8.346700E+01 1.382538E+00 1.148740E+01
8.356600E+01 1.383166E+00 1.148900E+01
8.366500E+01 1.383793E+00 1.148644E+01
8.376400E+01 1.384419E+00 1.148804E+01
8.386300E+01 1.385045E+00 1.148549E+01
8.396200E+01 1.385669E+00 1.148710E+01
8.406100E+01 1.386293E+00 1.148456E+01
8.416000E+01 1.386916E+00 1.148617E+01
8.425900E+01 1.387538E+00 1.148778E+01
8.435800E+01 1.388160E+00 1.148525E+01
8.445700E+01 1.388780E+00 1.148687E+01
8.455600E+01 1.389400E+00 1.148435E+01
8.465500E+01 1.390019E+00 1.148597E+01
8.475400E+01 1.390637E+00 1.148346E+01
8.485300E+01 1.391254E+00 1.148509E+01
8.495200E+01 1.391871E+00 1.148259E+01
8.505100E+01 1.392487E+00 1.148422E+01
8.515000E+01 1.393102E+00 1.148585E+01
8.524900E+01 1.393716E+00 1.148336E+01
8.534800E+01 1.394330E+00 1.148500E+01
8.544700E+01 1.394942E+00 1.148252E+01
8.554600E+01 1.395554E+00 1.148416E+01
8.564500E+01 1.396165E+00 1.148169E+01
8.574400E+01 1.396776E+00 1.148333E+01
8.584300E+01 1.397385E+00 1.148088E+01
8.594200E+01 1.397994E+00 1.148252E+01
8.604100E+01 1.398602E+00 1.148417E+01
8.614000E+01 1.399209E+00 1.148173E+01
8.623900E+01 1.399816E+00 1.148337E+01
8.633800E+01 1.400421E+00 1.148094E+01
8.643700E+01 1.401026E+00 1.148259E+01
8.653600E+01 1.401631E+00 1.148017E+01
8.663500E+01 1.402234E+00 1.148183E+01
8.673400E+01 1.402837E+00 1.147941E+01
8.683300E+01 1.403439E+00 1.148107E+01
8.693200E+01 1.404040E+00 1.148273E+01
8.703100E+01 1.404640E+00 1.148033E+01
8.713000E+01 1.405240E+00 1.148199E+01
8.722900E+01 1.405839E+00 1.147960E+01
8.732800E+01 1.406437E+00 1.148127E+01
8.742700E+01 1.407034E+00 1.147889E+01
8.752600E+01 1.407631E+00 1.148056E+01
8.762500E+01 1.408227E+00 1.147818E+01
8.772400E+01 1.408822E+00 1.147986E+01
8.782300E+01 1.409416E+00 1.147749E+01
8.792200E+01 1.410010E+00 1.147917E+01
8.802100E+01 1.410603E+00 1.147681E+01
8.812000E+01 1.411195E+00 1.147849E+01
8.821900E+01 1.411786E+00 1.148017E+01
8.831800E+01 1.412377E+00 1.147783E+01
8.841700E+01 1.412967E+00 1.147951E+01
8.851600E+01 1.413556E+00 1.147718E+01
8.861500E+01 1.414144E+00 1.147887E+01
8.871400E+01 1.414732E+00 1.147654E+01
8.881300E+01 1.415319E+00 1.147823E+01
8.891200E+01 1.415905E+00 1.147592E+01
8.901100E+01 1.416491E+00 1.147761E+01
8.911000E+01 1.417076E+00 1.147530E+01
8.920900E+01 1.417660E+00 1.147700E+01
8.930800E+01 1.418243E+00 1.147470E+01
8.940700E+01 1.418826E+00 1.147640E+01
8.950600E+01 1.419408E+00 1.147411E+01
8.960500E+01 1.419989E+00 1.147581E+01
8.970400E+01 1.420569E+00 1.147353E+01
8.980300E+01 1.421149E+00 1.147524E+01
8.990200E+01 1.421728E+00 1.147694E+01
9.000100E+01 1.422306E+00 1.147467E+01
9.010000E+01 1.422884E+00 1.147638E+01
9.019900E+01 1.423461E+00 1.147412E+01
9.029800E+01 1.424037E+00 1.147583E+01
9.039700E+01 1.424612E+00 1.147358E+01
9.049600E+01 1.425187E+00 1.147530E+01
9.059500E+01 1.425761E+00 1.147305E+01
9.069400E+01 1.426335E+00 1.147477E+01
9.079300E+01 1.426907E+00 1.147253E+01
9.089200E+01 1.427479E+00 1.147426E+01
9.099100E+01 1.428050E+00 1.147203E+01
9.109000E+01 1.428621E+00 1.147375E+01
9.118900E+01 1.429191E+00 1.147153E+01
9.128800E+01 1.429760E+00 1.147326E+01
9.138700E+01 1.430328E+00 1.147105E+01
9.148600E+01 1.430896E+00 1.147278E+01
9.158500E+01 1.431463E+00 1.147057E+01
9.168400E+01 1.432029E+00 1.147231E+01
9.178300E+01 1.432595E+00 1.147011E+01
9.188200E+01 1.433160E+00 1.147185E+01
9.198100E+01 1.433724E+00 1.146966E+01
9.208000E+01 1.434288E+00 1.147140E+01
9.217900E+01 1.434851E+00 1.146922E+01
9.227800E+01 1.435413E+00 1.147096E+01
9.237700E+01 1.435974E+00 1.146879E+01
9.247600E+01 1.436535E+00 1.147053E+01
9.257500E+01 1.437095E+00 1.146837E+01
9.267400E+01 1.437655E+00 1.147012E+01
9.277300E+01 1.438214E+00 1.146796E+01
9.287200E+01 1.438772E+00 1.146971E+01
9.297100E+01 1.439329E+00 1.146756E+01
9.307000E+01 1.439886E+00 1.146931E+01
9.316900E+01 1.440442E+00 1.146718E+01
9.326800E+01 1.440998E+00 1.146893E+01
9.336700E+01 1.441552E+00 1.146680E+01
9.346600E+01 1.442106E+00 1.146855E+01
9.356500E+01 1.442660E+00 1.146643E+01
9.366400E+01 1.443213E+00 1.146819E+01
9.376300E+01 1.443765E+00 1.146607E+01
9.386200E+01 1.444316E+00 1.146784E+01
9.396100E+01 1.444867E+00 1.146573E+01
9.406000E+01 1.445417E+00 1.146749E+01
9.415900E+01 1.445966E+00 1.146539E+01
9.425800E+01 1.446515E+00 1.146716E+01
9.435700E+01 1.447063E+00 1.146506E+01
9.445600E+01 1.447611E+00 1.146683E+01
9.455500E+01 1.448157E+00 1.146475E+01
9.465400E+01 1.448704E+00 1.146652E+01
9.475300E+01 1.449249E+00 1.146444E+01
9.485200E+01 1.449794E+00 1.146621E+01
9.495100E+01 1.450338E+00 1.146414E+01
9.505000E+01 1.450881E+00 1.146592E+01
9.514900E+01 1.451424E+00 1.146386E+01
9.524800E+01 1.451967E+00 1.146563E+01
9.534700E+01 1.452508E+00 1.146358E+01
9.544600E+01 1.453049E+00 1.146536E+01
9.554500E+01 1.453589E+00 1.146331E+01
9.564400E+01 1.454129E+00 1.146127E+01
9.574300E+01 1.454668E+00 1.146305E+01
9.584200E+01 1.455206E+00 1.146101E+01
9.594100E+01 1.455744E+00 1.146280E+01
9.604000E+01 1.456281E+00 1.146077E+01
9.613900E+01 1.456817E+00 1.146256E+01
9.623800E+01 1.457353E+00 1.146054E+01
9.633700E+01 1.457888E+00 1.146233E+01
9.643600E+01 1.458423E+00 1.146032E+01
9.653500E+01 1.458957E+00 1.146211E+01
9.663400E+01 1.459490E+00 1.146010E+01
9.673300E+01 1.460023E+00 1.146190E+01
9.683200E+01 1.460555E+00 1.145990E+01
9.693100E+01 1.461086E+00 1.146170E+01
9.703000E+01 1.461617E+00 1.145970E+01
9.712900E+01 1.462147E+00 1.146151E+01
9.722800E+01 1.462676E+00 1.145952E+01
9.732700E+01 1.463205E+00 1.146132E+01
9.742600E+01 1.463733E+00 1.145934E+01
9.752500E+01 1.464261E+00 1.145736E+01
9.762400E+01 1.464788E+00 1.145917E+01
9.772300E+01 1.465314E+00 1.145720E+01
9.782200E+01 1.465840E+00 1.145901E+01
9.792100E+01 1.466365E+00 1.145705E+01
9.802000E+01 1.466890E+00 1.145886E+01
9.811900E+01 1.467413E+00 1.145691E+01
9.821800E+01 1.467937E+00 1.145872E+01
9.831700E+01 1.468459E+00 1.145677E+01
9.841600E+01 1.468981E+00 1.145859E+01
9.851500E+01 1.469503E+00 1.145665E+01
9.861400E+01 1.470024E+00 1.145846E+01
9.871300E+01 1.470544E+00 1.145653E+01
9.881200E+01 1.471063E+00 1.145460E+01
9.891100E+01 1.471582E+00 1.145642E+01
9.901000E+01 1.472101E+00 1.145449E+01
9.910900E+01 1.472619E+00 1.145632E+01
9.920800E+01 1.473136E+00 1.145440E+01
9.930700E+01 1.473652E+00 1.145623E+01
9.940600E+01 1.474168E+00 1.145432E+01
9.950500E+01 1.474684E+00 1.145614E+01
9.960400E+01 1.475198E+00 1.145424E+01
9.970300E+01 1.475713E+00 1.145234E+01
9.980200E+01 1.476226E+00 1.145417E+01
9.990100E+01 1.476739E+00 1.145228E+01
1.000000E+02 1.477251E+00 1.145411E+01
1.009000E+02 1.481882E+00 1.145158E+01
1.018000E+02 1.486465E+00 1.144925E+01
1.027000E+02 1.490999E+00 1.144710E+01
1.036000E+02 1.495487E+00 1.144513E+01
1.045000E+02 1.499928E+00 1.144334E+01
1.054000E+02 1.504324E+00 1.144171E+01
1.063000E+02 1.508675E+00 1.144026E+01
1.072000E+02 1.512982E+00 1.143540E+01
1.081000E+02 1.517246E+00 1.143429E+01
1.090000E+02 1.521466E+00 1.143333E+01
1.099000E+02 1.525645E+00 1.142900E+01
1.108000E+02 1.529781E+00 1.142835E+01
1.117000E+02 1.533877E+00 1.142437E+01
1.126000E+02 1.537933E+00 1.142402E+01
1.135000E+02 1.541948E+00 1.142036E+01
1.144000E+02 1.545925E+00 1.142030E+01
1.153000E+02 1.549862E+00 1.141695E+01
1.162000E+02 1.553762E+00 1.141376E+01
1.171000E+02 1.557624E+00 1.141072E+01
1.180000E+02 1.561449E+00 1.141119E+01
1.189000E+02 1.565237E+00 1.140844E+01
1.198000E+02 1.568989E+00 1.140582E+01
1.207000E+02 1.572706E+00 1.140335E+01
1.216000E+02 1.576388E+00 1.140102E+01
1.225000E+02 1.580035E+00 1.139881E+01
1.234000E+02 1.583648E+00 1.139674E+01
1.243000E+02 1.587227E+00 1.139480E+01
1.252000E+02 1.590773E+00 1.139298E+01
1.261000E+02 1.594287E+00 1.138806E+01
1.270000E+02 1.597768E+00 1.138650E+01
1.279000E+02 1.601217E+00 1.138505E+01
1.288000E+02 1.604635E+00 1.138373E+01
1.297000E+02 1.608022E+00 1.137933E+01
1.306000E+02 1.611378E+00 1.137824E+01
1.315000E+02 1.614704E+00 1.137410E+01
1.324000E+02 1.618000E+00 1.137324E+01
1.333000E+02 1.621266E+00 1.136935E+01
1.342000E+02 1.624504E+00 1.136870E+01
1.351000E+02 1.627712E+00 1.136505E+01
1.360000E+02 1.630893E+00 1.136152E+01
1.369000E+02 1.634045E+00 1.136119E+01
1.378000E+02 1.637170E+00 1.135788E+01
1.387000E+02 1.640267E+00 1.135469E+01
1.396000E+02 1.643337E+00 1.135465E+01
1.405000E+02 1.646381E+00 1.135167E+01
1.414000E+02 1.649399E+00 1.134880E+01
1.423000E+02 1.652390E+00 1.134603E+01
1.432000E+02 1.655356E+00 1.134337E+01
1.441000E+02 1.658296E+00 1.134081E+01
1.450000E+02 1.661212E+00 1.133835E+01
1.459000E+02 1.664102E+00 1.133599E+01
1.468000E+02 1.666968E+00 1.133373E+01
1.477000E+02 1.669810E+00 1.133157E+01
1.486000E+02 1.672628E+00 1.132949E+01
1.495000E+02 1.675423E+00 1.132751E+01
1.504000E+02 1.678194E+00 1.132271E+01
1.513000E+02 1.680942E+00 1.132092E+01
1.522000E+02 1.683668E+00 1.131921E+01
1.531000E+02 1.686371E+00 1.131760E+01
1.540000E+02 1.689051E+00 1.131319E+01
1.549000E+02 1.691710E+00 1.131175E+01
1.558000E+02 1.694347E+00 1.131039E+01
1.567000E+02 1.696962E+00 1.130626E+01
1.576000E+02 1.699556E+00 1.130507E+01
1.585000E+02 1.702129E+00 1.130113E+01
1.594000E+02 1.704682E+00 1.130010E+01
1.603000E+02 1.707214E+00 1.129634E+01
1.612000E+02 1.709725E+00 1.129547E+01
1.621000E+02 1.712217E+00 1.129188E+01
1.630000E+02 1.714688E+00 1.128838E+01
1.639000E+02 1.717140E+00 1.128773E+01
1.648000E+02 1.719573E+00 1.128440E+01
1.657000E+02 1.721986E+00 1.128115E+01
1.666000E+02 1.724380E+00 1.128073E+01
1.675000E+02 1.726756E+00 1.127763E+01
1.684000E+02 1.729113E+00 1.127462E+01
1.693000E+02 1.731451E+00 1.127169E+01
1.702000E+02 1.733771E+00 1.126883E+01
1.711000E+02 1.736074E+00 1.126606E+01
1.720000E+02 1.738358E+00 1.126336E+01
1.729000E+02 1.740625E+00 1.126342E+01
1.738000E+02 1.742875E+00 1.126086E+01
1.747000E+02 1.745107E+00 1.125837E+01
1.756000E+02 1.747322E+00 1.125596E+01
1.765000E+02 1.749520E+00 1.125096E+01
1.774000E+02 1.751702E+00 1.124869E+01
1.783000E+02 1.753867E+00 1.124650E+01
1.792000E+02 1.756015E+00 1.124437E+01
1.801000E+02 1.758148E+00 1.124230E+01
1.810000E+02 1.760264E+00 1.124031E+01
1.819000E+02 1.762365E+00 1.123837E+01
1.828000E+02 1.764450E+00 1.123391E+01
1.837000E+02 1.766519E+00 1.123211E+01
1.846000E+02 1.768573E+00 1.123037E+01
1.855000E+02 1.770612E+00 1.122870E+01
1.864000E+02 1.772635E+00 1.122451E+01
1.873000E+02 1.774644E+00 1.122297E+01
1.882000E+02 1.776638E+00 1.121892E+01
1.891000E+02 1.778617E+00 1.121750E+01
1.900000E+02 1.780582E+00 1.121613E+01
1.909000E+02 1.782532E+00 1.121229E+01
1.918000E+02 1.784468E+00 1.121104E+01
1.927000E+02 1.786391E+00 1.120732E+01
1.936000E+02 1.788299E+00 1.120619E+01
1.945000E+02 1.790193E+00 1.120260E+01
1.954000E+02 1.792074E+00 1.120158E+01
1.963000E+02 1.793941E+00 1.119812E+01
1.972000E+02 1.795795E+00 1.119472E+01
1.981000E+02 1.797636E+00 1.119387E+01
1.990000E+02 1.799463E+00 1.119059E+01
1.999000E+02 1.801278E+00 1.118737E+01
2.008000E+02 1.803079E+00 1.118667E+01
2.017000E+02 1.804868E+00 1.118357E+01
2.026000E+02 1.806644E+00 1.118053E+01
2.035000E+02 1.808408E+00 1.117754E+01
2.044000E+02 1.810159E+00 1.117705E+01
2.053000E+02 1.811898E+00 1.117418E+01
2.062000E+02 1.813625E+00 1.117136E+01
2.071000E+02 1.815339E+00 1.116860E+01
2.080000E+02 1.817042E+00 1.116589E+01
2.089000E+02 1.818733E+00 1.116324E+01
2.098000E+02 1.820412E+00 1.116064E+01
2.107000E+02 1.822080E+00 1.115809E+01
2.116000E+02 1.823736E+00 1.115560E+01
2.125000E+02 1.825380E+00 1.115316E+01
2.134000E+02 1.827014E+00 1.115077E+01
2.143000E+02 1.828636E+00 1.114843E+01
2.152000E+02 1.830247E+00 1.114614E+01
2.161000E+02 1.831847E+00 1.114391E+01
2.170000E+02 1.833436E+00 1.114172E+01
2.179000E+02 1.835014E+00 1.113958E+01
2.188000E+02 1.836582E+00 1.113748E+01
2.197000E+02 1.838139E+00 1.113544E+01
2.206000E+02 1.839685E+00 1.113344E+01
2.215000E+02 1.841221E+00 1.112916E+01
2.224000E+02 1.842747E+00 1.112726E+01
2.233000E+02 1.844262E+00 1.112541E+01
2.242000E+02 1.845767E+00 1.112360E+01
2.251000E+02 1.847262E+00 1.111952E+01
2.260000E+02 1.848748E+00 1.111780E+01
2.269000E+02 1.850223E+00 1.111613E+01
2.278000E+02 1.851689E+00 1.111450E+01
2.287000E+02 1.853144E+00 1.111062E+01
2.296000E+02 1.854590E+00 1.110908E+01
2.305000E+02 1.856027E+00 1.110530E+01
2.314000E+02 1.857454E+00 1.110385E+01
2.323000E+02 1.858872E+00 1.110244E+01
2.332000E+02 1.860280E+00 1.109880E+01
2.341000E+02 1.861680E+00 1.109747E+01
2.350000E+02 1.863070E+00 1.109392E+01
2.359000E+02 1.864451E+00 1.109268E+01
2.368000E+02 1.865823E+00 1.108923E+01
2.377000E+02 1.867186E+00 1.108806E+01
2.386000E+02 1.868540E+00 1.108470E+01
2.395000E+02 1.869885E+00 1.108361E+01
2.404000E+02 1.871222E+00 1.108034E+01
2.413000E+02 1.872550E+00 1.107933E+01
2.422000E+02 1.873870E+00 1.107614E+01
2.431000E+02 1.875181E+00 1.107299E+01
2.440000E+02 1.876483E+00 1.107210E+01
2.449000E+02 1.877778E+00 1.106904E+01
2.458000E+02 1.879064E+00 1.106602E+01
2.467000E+02 1.880341E+00 1.106524E+01
2.476000E+02 1.881611E+00 1.106230E+01
2.485000E+02 1.882873E+00 1.105941E+01
2.494000E+02 1.884126E+00 1.105656E+01
2.503000E+02 1.885372E+00 1.105592E+01
2.512000E+02 1.886610E+00 1.105315E+01
2.521000E+02 1.887840E+00 1.105041E+01
2.530000E+02 1.889062E+00 1.104772E+01
2.539000E+02 1.890276E+00 1.104506E+01
2.548000E+02 1.891483E+00 1.104460E+01
2.557000E+02 1.892682E+00 1.104202E+01
2.566000E+02 1.893874E+00 1.103948E+01
2.575000E+02 1.895058E+00 1.103697E+01
2.584000E+02 1.896235E+00 1.103451E+01
2.593000E+02 1.897405E+00 1.103208E+01
2.602000E+02 1.898567E+00 1.102968E+01
2.611000E+02 1.899722E+00 1.102733E+01
2.620000E+02 1.900870E+00 1.102501E+01
2.629000E+02 1.902011E+00 1.102273E+01
2.638000E+02 1.903145E+00 1.102048E+01
2.647000E+02 1.904272E+00 1.101827E+01
2.656000E+02 1.905391E+00 1.101609E+01
2.665000E+02 1.906504E+00 1.101395E+01
2.674000E+02 1.907610E+00 1.101185E+01
2.683000E+02 1.908710E+00 1.100977E+01
2.692000E+02 1.909802E+00 1.100774E+01
2.701000E+02 1.910888E+00 1.100573E+01
2.710000E+02 1.911967E+00 1.100376E+01
2.719000E+02 1.913040E+00 1.099974E+01
2.728000E+02 1.914106E+00 1.099783E+01
2.737000E+02 1.915166E+00 1.099596E+01
2.746000E+02 1.916219E+00 1.099413E+01
2.755000E+02 1.917266E+00 1.099232E+01
2.764000E+02 1.918307E+00 1.098848E+01
2.773000E+02 1.919341E+00 1.098674E+01
2.782000E+02 1.920369E+00 1.098503E+01
2.791000E+02 1.921391E+00 1.098335E+01
2.800000E+02 1.922407E+00 1.097965E+01
2.809000E+02 1.923416E+00 1.097804E+01
2.818000E+02 1.924420E+00 1.097646E+01
2.827000E+02 1.925417E+00 1.097490E+01
2.836000E+02 1.926409E+00 1.097134E+01
2.845000E+02 1.927395E+00 1.096985E+01
2.854000E+02 1.928374E+00 1.096839E+01
2.863000E+02 1.929348E+00 1.096492E+01
2.872000E+02 1.930316E+00 1.096352E+01
2.881000E+02 1.931279E+00 1.096013E+01
2.890000E+02 1.932235E+00 1.095878E+01
2.899000E+02 1.933187E+00 1.095747E+01
2.908000E+02 1.934132E+00 1.095417E+01
2.917000E+02 1.935072E+00 1.095291E+01
2.926000E+02 1.936006E+00 1.094968E+01
2.935000E+02 1.936935E+00 1.094847E+01
2.944000E+02 1.937858E+00 1.094530E+01
2.953000E+02 1.938776E+00 1.094416E+01
2.962000E+02 1.939689E+00 1.094105E+01
2.971000E+02 1.940596E+00 1.093996E+01
2.980000E+02 1.941498E+00 1.093691E+01
2.989000E+02 1.942394E+00 1.093587E+01
2.998000E+02 1.943285E+00 1.093288E+01
3.007000E+02 1.944172E+00 1.092993E+01
3.016000E+02 1.945053E+00 1.092897E+01
3.025000E+02 1.945928E+00 1.092607E+01
3.034000E+02 1.946799E+00 1.092517E+01
3.043000E+02 1.947665E+00 1.092233E+01
3.052000E+02 1.948526E+00 1.091952E+01
3.061000E+02 1.949381E+00 1.091869E+01
3.070000E+02 1.950232E+00 1.091594E+01
3.079000E+02 1.951078E+00 1.091321E+01
3.088000E+02 1.951919E+00 1.091246E+01
3.097000E+02 1.952755E+00 1.090979E+01
3.106000E+02 1.953587E+00 1.090715E+01
3.115000E+02 1.954413E+00 1.090454E+01
3.124000E+02 1.955235E+00 1.090389E+01
3.133000E+02 1.956052E+00 1.090133E+01
3.142000E+02 1.956865E+00 1.089880E+01
3.151000E+02 1.957672E+00 1.089629E+01
3.160000E+02 1.958475E+00 1.089381E+01
3.169000E+02 1.959274E+00 1.089329E+01
3.178000E+02 1.960068E+00 1.089086E+01
3.187000E+02 1.960858E+00 1.088846E+01
3.196000E+02 1.961643E+00 1.088609E+01
3.205000E+02 1.962423E+00 1.088375E+01
3.214000E+02 1.963199E+00 1.088143E+01
3.223000E+02 1.963971E+00 1.088104E+01
3.232000E+02 1.964738E+00 1.087877E+01
3.241000E+02 1.965501E+00 1.087652E+01
3.250000E+02 1.966260E+00 1.087430E+01
3.259000E+02 1.967015E+00 1.087211E+01
3.268000E+02 1.967765E+00 1.086994E+01
3.277000E+02 1.968511E+00 1.086780E+01
3.286000E+02 1.969252E+00 1.086568E+01
3.295000E+02 1.969990E+00 1.086358E+01
3.304000E+02 1.970723E+00 1.086151E+01
3.313000E+02 1.971453E+00 1.085947E+01
3.322000E+02 1.972178E+00 1.085745E+01
3.331000E+02 1.972899E+00 1.085545E+01
3.340000E+02 1.973616E+00 1.085348E+01
3.349000E+02 1.974329E+00 1.085152E+01
3.358000E+02 1.975038E+00 1.084960E+01
3.367000E+02 1.975744E+00 1.084769E+01
3.376000E+02 1.976445E+00 1.084581E+01
3.385000E+02 1.977142E+00 1.084396E+01
3.394000E+02 1.977836E+00 1.084212E+01
3.403000E+02 1.978525E+00 1.083845E+01
3.412000E+02 1.979211E+00 1.083667E+01
3.421000E+02 1.979893E+00 1.083490E+01
3.430000E+02 1.980571E+00 1.083316E+01
3.439000E+02 1.981246E+00 1.083144E+01
3.448000E+02 1.981916E+00 1.082974E+01
3.457000E+02 1.982583E+00 1.082806E+01
3.466000E+02 1.983247E+00 1.082457E+01
3.475000E+02 1.983906E+00 1.082293E+01
3.484000E+02 1.984562E+00 1.082132E+01
3.493000E+02 1.985215E+00 1.081973E+01
3.502000E+02 1.985863E+00 1.081816E+01
3.511000E+02 1.986509E+00 1.081479E+01
3.520000E+02 1.987150E+00 1.081327E+01
3.529000E+02 1.987789E+00 1.081176E+01
3.538000E+02 1.988423E+00 1.081028E+01
3.547000E+02 1.989054E+00 1.080700E+01
3.556000E+02 1.989682E+00 1.080555E+01
3.565000E+02 1.990306E+00 1.080413E+01
3.574000E+02 1.990927E+00 1.080092E+01
3.583000E+02 1.991545E+00 1.079954E+01
3.592000E+02 1.992159E+00 1.079818E+01
3.601000E+02 1.992770E+00 1.079504E+01
3.610000E+02 1.993377E+00 1.079372E+01
3.619000E+02 1.993981E+00 1.079242E+01
3.628000E+02 1.994582E+00 1.078934E+01
3.637000E+02 1.995179E+00 1.078808E+01
3.646000E+02 1.995774E+00 1.078684E+01
3.655000E+02 1.996365E+00 1.078383E+01
3.664000E+02 1.996953E+00 1.078263E+01
3.673000E+02 1.997537E+00 1.077966E+01
3.682000E+02 1.998119E+00 1.077850E+01
3.691000E+02 1.998697E+00 1.077557E+01
3.700000E+02 1.999272E+00 1.077445E+01
3.709000E+02 1.999844E+00 1.077334E+01
3.718000E+02 2.000413E+00 1.077048E+01
3.727000E+02 2.000979E+00 1.076941E+01
3.736000E+02 2.001542E+00 1.076659E+01
3.745000E+02 2.002102E+00 1.076556E+01
3.754000E+02 2.002659E+00 1.076278E+01
3.763000E+02 2.003213E+00 1.076179E+01
3.772000E+02 2.003764E+00 1.075905E+01
3.781000E+02 2.004312E+00 1.075809E+01
3.790000E+02 2.004856E+00 1.075539E+01
3.799000E+02 2.005398E+00 1.075272E+01
3.808000E+02 2.005938E+00 1.075181E+01
3.817000E+02 2.006474E+00 1.074918E+01
3.826000E+02 2.007007E+00 1.074831E+01
3.835000E+02 2.007538E+00 1.074571E+01
3.844000E+02 2.008065E+00 1.074488E+01
3.853000E+02 2.008590E+00 1.074232E+01
3.862000E+02 2.009112E+00 1.073978E+01
3.871000E+02 2.009631E+00 1.073899E+01
3.880000E+02 2.010147E+00 1.073649E+01
3.889000E+02 2.010661E+00 1.073401E+01
3.898000E+02 2.011172E+00 1.073328E+01
3.907000E+02 2.011680E+00 1.073083E+01
3.916000E+02 2.012186E+00 1.072841E+01
3.925000E+02 2.012688E+00 1.072773E+01
3.934000E+02 2.013188E+00 1.072534E+01
3.943000E+02 2.013686E+00 1.072297E+01
3.952000E+02 2.014181E+00 1.072234E+01
3.961000E+02 2.014673E+00 1.072001E+01
3.970000E+02 2.015162E+00 1.071769E+01
3.979000E+02 2.015649E+00 1.071539E+01
3.988000E+02 2.016133E+00 1.071483E+01
3.997000E+02 2.016615E+00 1.071257E+01
4.006000E+02 2.017094E+00 1.071033E+01
4.015000E+02 2.017571E+00 1.070810E+01
4.024000E+02 2.018045E+00 1.070760E+01
4.033000E+02 2.018517E+00 1.070541E+01
4.042000E+02 2.018986E+00 1.070324E+01
4.051000E+02 2.019452E+00 1.070108E+01
4.060000E+02 2.019917E+00 1.069894E+01
4.069000E+02 2.020378E+00 1.069852E+01
4.078000E+02 2.020837E+00 1.069642E+01
4.087000E+02 2.021294E+00 1.069433E+01
4.096000E+02 2.021749E+00 1.069226E+01
4.105000E+02 2.022201E+00 1.069021E+01
4.114000E+02 2.022650E+00 1.068817E+01
4.123000E+02 2.023097E+00 1.068616E+01
4.132000E+02 2.023542E+00 1.068584E+01
4.141000E+02 2.023985E+00 1.068386E+01
4.150000E+02 2.024425E+00 1.068189E+01
4.159000E+02 2.024863E+00 1.067993E+01
4.168000E+02 2.025298E+00 1.067800E+01
4.177000E+02 2.025731E+00 1.067608E+01
4.186000E+02 2.026162E+00 1.067418E+01
4.195000E+02 2.026591E+00 1.067229E+01
4.204000E+02 2.027018E+00 1.067042E+01
4.213000E+02 2.027442E+00 1.066856E+01
4.222000E+02 2.027864E+00 1.066673E+01
4.231000E+02 2.028283E+00 1.066490E+01
4.240000E+02 2.028701E+00 1.066310E+01
4.249000E+02 2.029116E+00 1.066131E+01
4.258000E+02 2.029529E+00 1.065953E+01
4.267000E+02 2.029940E+00 1.065777E+01
4.276000E+02 2.030349E+00 1.065603E+01
4.285000E+02 2.030756E+00 1.065430E+01
4.294000E+02 2.031160E+00 1.065259E+01
4.303000E+02 2.031563E+00 1.065089E+01
4.312000E+02 2.031963E+00 1.064921E+01
4.321000E+02 2.032361E+00 1.064754E+01
4.330000E+02 2.032757E+00 1.064589E+01
4.339000E+02 2.033151E+00 1.064425E+01
4.348000E+02 2.033543E+00 1.064263E+01
4.357000E+02 2.033933E+00 1.064102E+01
4.366000E+02 2.034321E+00 1.063943E+01
4.375000E+02 2.034707E+00 1.063785E+01
4.384000E+02 2.035091E+00 1.063629E+01
4.393000E+02 2.035472E+00 1.063474E+01
4.402000E+02 2.035852E+00 1.063157E+01
4.411000E+02 2.036230E+00 1.063005E+01
4.420000E+02 2.036606E+00 1.062854E+01
4.429000E+02 2.036979E+00 1.062705E+01
4.438000E+02 2.037351E+00 1.062558E+01
4.447000E+02 2.037721E+00 1.062412E+01
4.456000E+02 2.038089E+00 1.062267E+01
4.465000E+02 2.038455E+00 1.061961E+01
4.474000E+02 2.038819E+00 1.061819E+01
4.483000E+02 2.039182E+00 1.061679E+01
4.492000E+02 2.039542E+00 1.061539E+01
4.501000E+02 2.039900E+00 1.061402E+01
4.510000E+02 2.040257E+00 1.061104E+01
4.519000E+02 2.040612E+00 1.060969E+01
4.528000E+02 2.040965E+00 1.060835E+01
4.537000E+02 2.041316E+00 1.060703E+01
4.546000E+02 2.041665E+00 1.060572E+01
4.555000E+02 2.042012E+00 1.060281E+01
4.564000E+02 2.042357E+00 1.060153E+01
4.573000E+02 2.042701E+00 1.060026E+01
4.582000E+02 2.043043E+00 1.059901E+01
4.591000E+02 2.043383E+00 1.059616E+01
4.600000E+02 2.043722E+00 1.059494E+01
4.609000E+02 2.044058E+00 1.059372E+01
4.618000E+02 2.044393E+00 1.059092E+01
4.627000E+02 2.044726E+00 1.058973E+01
4.636000E+02 2.045057E+00 1.058856E+01
4.645000E+02 2.045387E+00 1.058580E+01
4.654000E+02 2.045715E+00 1.058465E+01
4.663000E+02 2.046041E+00 1.058351E+01
4.672000E+02 2.046365E+00 1.058080E+01
4.681000E+02 2.046688E+00 1.057969E+01
4.690000E+02 2.047009E+00 1.057859E+01
4.699000E+02 2.047328E+00 1.057592E+01
4.708000E+02 2.047646E+00 1.057484E+01
4.717000E+02 2.047962E+00 1.057378E+01
4.726000E+02 2.048276E+00 1.057115E+01
4.735000E+02 2.048589E+00 1.057012E+01
4.744000E+02 2.048900E+00 1.056909E+01
4.753000E+02 2.049210E+00 1.056650E+01
4.762000E+02 2.049517E+00 1.056551E+01
4.771000E+02 2.049824E+00 1.056294E+01
4.780000E+02 2.050128E+00 1.056197E+01
4.789000E+02 2.050431E+00 1.055944E+01
4.798000E+02 2.050733E+00 1.055849E+01
4.807000E+02 2.051033E+00 1.055755E+01
4.816000E+02 2.051331E+00 1.055506E+01
4.825000E+02 2.051628E+00 1.055414E+01
4.834000E+02 2.051923E+00 1.055167E+01
4.843000E+02 2.052216E+00 1.055079E+01
4.852000E+02 2.052508E+00 1.054834E+01
4.861000E+02 2.052799E+00 1.054748E+01
4.870000E+02 2.053088E+00 1.054506E+01
4.879000E+02 2.053375E+00 1.054422E+01
4.888000E+02 2.053661E+00 1.054183E+01
4.897000E+02 2.053946E+00 1.054101E+01
4.906000E+02 2.054229E+00 1.053865E+01
4.915000E+02 2.054510E+00 1.053785E+01
4.924000E+02 2.054790E+00 1.053552E+01
4.933000E+02 2.055069E+00 1.053474E+01
4.942000E+02 2.055346E+00 1.053243E+01
4.951000E+02 2.055621E+00 1.053168E+01
4.960000E+02 2.055896E+00 1.052939E+01
4.969000E+02 2.056168E+00 1.052712E+01
4.978000E+02 2.056439E+00 1.052640E+01
4.987000E+02 2.056709E+00 1.052416E+01
4.996000E+02 2.056978E+00 1.052346E+01
5.005000E+02 2.057245E+00 1.052124E+01
5.014000E+02 2.057510E+00 1.052056E+01
5.023000E+02 2.057775E+00 1.051836E+01
5.032000E+02 2.058037E+00 1.051618E+01
5.041000E+02 2.058299E+00 1.051554E+01
5.050000E+02 2.058559E+00 1.051337E+01
5.059000E+02 2.058817E+00 1.051276E+01
5.068000E+02 2.059075E+00 1.051061E+01
5.077000E+02 2.059331E+00 1.050849E+01
5.086000E+02 2.059585E+00 1.050790E+01
5.095000E+02 2.059838E+00 1.050580E+01
5.104000E+02 2.060090E+00 1.050371E+01
5.113000E+02 2.060341E+00 1.050315E+01
5.122000E+02 2.060590E+00 1.050108E+01
5.131000E+02 2.060838E+00 1.049903E+01
5.140000E+02 2.061085E+00 1.049851E+01
5.149000E+02 2.061330E+00 1.049647E+01
5.158000E+02 2.061574E+00 1.049445E+01
5.167000E+02 2.061816E+00 1.049396E+01
5.176000E+02 2.062058E+00 1.049196E+01
5.185000E+02 2.062298E+00 1.048997E+01
5.194000E+02 2.062537E+00 1.048800E+01
5.203000E+02 2.062774E+00 1.048755E+01
5.212000E+02 2.063011E+00 1.048559E+01
5.221000E+02 2.063246E+00 1.048365E+01
5.230000E+02 2.063479E+00 1.048323E+01
5.239000E+02 2.063712E+00 1.048131E+01
5.248000E+02 2.063943E+00 1.047940E+01
5.257000E+02 2.064173E+00 1.047750E+01
5.266000E+02 2.064402E+00 1.047713E+01
5.275000E+02 2.064630E+00 1.047525E+01
5.284000E+02 2.064856E+00 1.047338E+01
5.293000E+02 2.065081E+00 1.047153E+01
5.302000E+02 2.065305E+00 1.046969E+01
5.311000E+02 2.065528E+00 1.046936E+01
5.320000E+02 2.065750E+00 1.046754E+01
5.329000E+02 2.065970E+00 1.046573E+01
5.338000E+02 2.066189E+00 1.046393E+01
5.347000E+02 2.066407E+00 1.046214E+01
5.356000E+02 2.066624E+00 1.046186E+01
5.365000E+02 2.066840E+00 1.046009E+01
5.374000E+02 2.067054E+00 1.045833E+01
5.383000E+02 2.067268E+00 1.045659E+01
5.392000E+02 2.067480E+00 1.045485E+01
5.401000E+02 2.067691E+00 1.045313E+01
5.410000E+02 2.067901E+00 1.045290E+01
5.419000E+02 2.068110E+00 1.045120E+01
5.428000E+02 2.068317E+00 1.044950E+01
5.437000E+02 2.068524E+00 1.044782E+01
5.446000E+02 2.068729E+00 1.044615E+01
5.455000E+02 2.068933E+00 1.044449E+01
5.464000E+02 2.069137E+00 1.044283E+01
5.473000E+02 2.069339E+00 1.044119E+01
5.482000E+02 2.069540E+00 1.044104E+01
5.491000E+02 2.069740E+00 1.043942E+01
5.500000E+02 2.069939E+00 1.043780E+01
5.509000E+02 2.070136E+00 1.043620E+01
5.518000E+02 2.070333E+00 1.043461E+01
5.527000E+02 2.070529E+00 1.043303E+01
5.536000E+02 2.070723E+00 1.043146E+01
5.545000E+02 2.070917E+00 1.042990E+01
5.554000E+02 2.071109E+00 1.042834E+01
5.563000E+02 2.071300E+00 1.042680E+01
5.572000E+02 2.071491E+00 1.042527E+01
5.581000E+02 2.071680E+00 1.042375E+01
5.590000E+02 2.071868E+00 1.042223E+01
5.599000E+02 2.072055E+00 1.042073E+01
5.608000E+02 2.072241E+00 1.041924E+01
5.617000E+02 2.072427E+00 1.041776E+01
5.626000E+02 2.072611E+00 1.041628E+01
5.635000E+02 2.072794E+00 1.041482E+01
5.644000E+02 2.072976E+00 1.041336E+01
5.653000E+02 2.073157E+00 1.041192E+01
5.662000E+02 2.073337E+00 1.041048E+01
5.671000E+02 2.073516E+00 1.040906E+01
5.680000E+02 2.073694E+00 1.040764E+01
5.689000E+02 2.073871E+00 1.040623E+01
5.698000E+02 2.074047E+00 1.040483E+01
5.707000E+02 2.074223E+00 1.040345E+01
5.716000E+02 2.074397E+00 1.040207E+01
5.725000E+02 2.074570E+00 1.040070E+01
5.734000E+02 2.074742E+00 1.039933E+01
5.743000E+02 2.074913E+00 1.039798E+01
5.752000E+02 2.075084E+00 1.039664E+01
5.761000E+02 2.075253E+00 1.039531E+01
5.770000E+02 2.075422E+00 1.039398E+01
5.779000E+02 2.075589E+00 1.039267E+01
5.788000E+02 2.075756E+00 1.039136E+01
5.797000E+02 2.075921E+00 1.039006E+01
5.806000E+02 2.076086E+00 1.038877E+01
5.815000E+02 2.076250E+00 1.038749E+01
5.824000E+02 2.076412E+00 1.038478E+01
5.833000E+02 2.076574E+00 1.038352E+01
5.842000E+02 2.076735E+00 1.038227E+01
5.851000E+02 2.076895E+00 1.038102E+01
5.860000E+02 2.077055E+00 1.037979E+01
5.869000E+02 2.077213E+00 1.037856E+01
5.878000E+02 2.077370E+00 1.037735E+01
5.887000E+02 2.077527E+00 1.037614E+01
5.896000E+02 2.077682E+00 1.037350E+01
5.905000E+02 2.077837E+00 1.037231E+01
5.914000E+02 2.077991E+00 1.037113E+01
5.923000E+02 2.078144E+00 1.036996E+01
5.932000E+02 2.078296E+00 1.036879E+01
5.941000E+02 2.078447E+00 1.036763E+01
5.950000E+02 2.078598E+00 1.036506E+01
5.959000E+02 2.078747E+00 1.036392E+01
5.968000E+02 2.078896E+00 1.036279E+01
5.977000E+02 2.079043E+00 1.036166E+01
5.986000E+02 2.079190E+00 1.036055E+01
5.995000E+02 2.079336E+00 1.035944E+01
6.004000E+02 2.079482E+00 1.035692E+01
6.013000E+02 2.079626E+00 1.035583E+01
6.022000E+02 2.079769E+00 1.035475E+01
6.031000E+02 2.079912E+00 1.035368E+01
6.040000E+02 2.080054E+00 1.035119E+01
6.049000E+02 2.080195E+00 1.035014E+01
6.058000E+02 2.080335E+00 1.034909E+01
6.067000E+02 2.080475E+00 1.034805E+01
6.076000E+02 2.080613E+00 1.034702E+01
6.085000E+02 2.080751E+00 1.034458E+01
6.094000E+02 2.080888E+00 1.034357E+01
6.103000E+02 2.081024E+00 1.034256E+01
6.112000E+02 2.081160E+00 1.034156E+01
6.121000E+02 2.081294E+00 1.033916E+01
6.130000E+02 2.081428E+00 1.033817E+01
6.139000E+02 2.081561E+00 1.033720E+01
6.148000E+02 2.081693E+00 1.033482E+01
6.157000E+02 2.081825E+00 1.033386E+01
6.166000E+02 2.081955E+00 1.033291E+01
6.175000E+02 2.082085E+00 1.033197E+01
6.184000E+02 2.082214E+00 1.032963E+01
6.193000E+02 2.082343E+00 1.032870E+01
6.202000E+02 2.082470E+00 1.032778E+01
6.211000E+02 2.082597E+00 1.032547E+01
6.220000E+02 2.082723E+00 1.032456E+01
6.229000E+02 2.082848E+00 1.032367E+01
6.238000E+02 2.082973E+00 1.032138E+01
6.247000E+02 2.083096E+00 1.032050E+01
6.256000E+02 2.083219E+00 1.031962E+01
6.265000E+02 2.083342E+00 1.031736E+01
6.274000E+02 2.083463E+00 1.031650E+01
6.283000E+02 2.083584E+00 1.031565E+01
6.292000E+02 2.083704E+00 1.031341E+01
6.301000E+02 2.083823E+00 1.031258E+01
6.310000E+02 2.083942E+00 1.031175E+01
6.319000E+02 2.084060E+00 1.030954E+01
6.328000E+02 2.084177E+00 1.030872E+01
6.337000E+02 2.084293E+00 1.030792E+01
6.346000E+02 2.084409E+00 1.030573E+01
6.355000E+02 2.084524E+00 1.030494E+01
6.364000E+02 2.084639E+00 1.030277E+01
6.373000E+02 2.084752E+00 1.030199E+01
6.382000E+02 2.084865E+00 1.030122E+01
6.391000E+02 2.084977E+00 1.029908E+01
6.400000E+02 2.085089E+00 1.029832E+01
6.409000E+02 2.085199E+00 1.029619E+01
6.418000E+02 2.085310E+00 1.029545E+01
6.427000E+02 2.085419E+00 1.029472E+01
6.436000E+02 2.085528E+00 1.029261E+01
6.445000E+02 2.085636E+00 1.029190E+01
6.454000E+02 2.085743E+00 1.028980E+01
6.463000E+02 2.085850E+00 1.028910E+01
6.472000E+02 2.085956E+00 1.028703E+01
6.481000E+02 2.086061E+00 1.028634E+01
6.490000E+02 2.086166E+00 1.028566E+01
6.499000E+02 2.086270E+00 1.028361E+01
6.508000E+02 2.086373E+00 1.028294E+01
6.517000E+02 2.086476E+00 1.028090E+01
6.526000E+02 2.086578E+00 1.028025E+01
6.535000E+02 2.086679E+00 1.027823E+01
6.544000E+02 2.086780E+00 1.027759E+01
6.553000E+02 2.086880E+00 1.027558E+01
6.562000E+02 2.086979E+00 1.027496E+01
6.571000E+02 2.087078E+00 1.027297E+01
6.580000E+02 2.087176E+00 1.027236E+01
6.589000E+02 2.087274E+00 1.027038E+01
6.598000E+02 2.087370E+00 1.026979E+01
6.607000E+02 2.087467E+00 1.026783E+01
6.616000E+02 2.087562E+00 1.026724E+01
6.625000E+02 2.087657E+00 1.026530E+01
6.634000E+02 2.087752E+00 1.026473E+01
6.643000E+02 2.087845E+00 1.026280E+01
6.652000E+02 2.087938E+00 1.026224E+01
6.661000E+02 2.088031E+00 1.026033E+01
6.670000E+02 2.088123E+00 1.025978E+01
6.679000E+02 2.088214E+00 1.025788E+01
6.688000E+02 2.088304E+00 1.025735E+01
6.697000E+02 2.088394E+00 1.025547E+01
6.706000E+02 2.088484E+00 1.025359E+01
6.715000E+02 2.088573E+00 1.025308E+01
6.724000E+02 2.088661E+00 1.025122E+01
6.733000E+02 2.088749E+00 1.025072E+01
6.742000E+02 2.088836E+00 1.024888E+01
6.751000E+02 2.088922E+00 1.024839E+01
6.760000E+02 2.089008E+00 1.024656E+01
6.769000E+02 2.089093E+00 1.024609E+01
6.778000E+02 2.089178E+00 1.024427E+01
6.787000E+02 2.089262E+00 1.024246E+01
6.796000E+02 2.089345E+00 1.024200E+01
6.805000E+02 2.089428E+00 1.024021E+01
6.814000E+02 2.089510E+00 1.023977E+01
6.823000E+02 2.089592E+00 1.023799E+01
6.832000E+02 2.089673E+00 1.023621E+01
6.841000E+02 2.089754E+00 1.023579E+01
6.850000E+02 2.089834E+00 1.023403E+01
6.859000E+02 2.089914E+00 1.023362E+01
6.868000E+02 2.089992E+00 1.023187E+01
6.877000E+02 2.090071E+00 1.023013E+01
6.886000E+02 2.090149E+00 1.022974E+01
6.895000E+02 2.090226E+00 1.022802E+01
6.904000E+02 2.090303E+00 1.022630E+01
6.913000E+02 2.090379E+00 1.022593E+01
6.922000E+02 2.090454E+00 1.022422E+01
6.931000E+02 2.090529E+00 1.022252E+01
6.940000E+02 2.090604E+00 1.022217E+01
6.949000E+02 2.090678E+00 1.022048E+01
6.958000E+02 2.090751E+00 1.021880E+01
6.967000E+02 2.090824E+00 1.021847E+01
6.976000E+02 2.090896E+00 1.021681E+01
6.985000E+02 2.090968E+00 1.021515E+01
6.994000E+02 2.091040E+00 1.021483E+01
7.003000E+02 2.091110E+00 1.021319E+01
7.012000E+02 2.091181E+00 1.021155E+01
7.021000E+02 2.091250E+00 1.021125E+01
7.030000E+02 2.091319E+00 1.020963E+01
7.039000E+02 2.091388E+00 1.020801E+01
7.048000E+02 2.091456E+00 1.020773E+01
7.057000E+02 2.091524E+00 1.020613E+01
7.066000E+02 2.091591E+00 1.020453E+01
7.075000E+02 2.091657E+00 1.020294E+01
7.084000E+02 2.091724E+00 1.020268E+01
7.093000E+02 2.091789E+00 1.020110E+01
7.102000E+02 2.091854E+00 1.019953E+01
7.111000E+02 2.091919E+00 1.019929E+01
7.120000E+02 2.091983E+00 1.019773E+01
7.129000E+02 2.092046E+00 1.019618E+01
7.138000E+02 2.092109E+00 1.019463E+01
7.147000E+02 2.092172E+00 1.019442E+01
7.156000E+02 2.092234E+00 1.019289E+01
7.165000E+02 2.092296E+00 1.019136E+01
7.174000E+02 2.092357E+00 1.018984E+01
7.183000E+02 2.092417E+00 1.018965E+01
7.192000E+02 2.092477E+00 1.018814E+01
7.201000E+02 2.092537E+00 1.018664E+01
7.210000E+02 2.092596E+00 1.018514E+01
7.219000E+02 2.092655E+00 1.018497E+01
7.228000E+02 2.092713E+00 1.018349E+01
7.237000E+02 2.092771E+00 1.018201E+01
7.246000E+02 2.092828E+00 1.018054E+01
7.255000E+02 2.092885E+00 1.017908E+01
7.264000E+02 2.092941E+00 1.017894E+01
7.273000E+02 2.092997E+00 1.017749E+01
7.282000E+02 2.093052E+00 1.017604E+01
7.291000E+02 2.093107E+00 1.017460E+01
7.300000E+02 2.093161E+00 1.017317E+01
7.309000E+02 2.093215E+00 1.017306E+01
7.318000E+02 2.093269E+00 1.017164E+01
7.327000E+02 2.093322E+00 1.017022E+01
7.336000E+02 2.093374E+00 1.016881E+01
7.345000E+02 2.093427E+00 1.016741E+01
7.354000E+02 2.093478E+00 1.016601E+01
7.363000E+02 2.093529E+00 1.016593E+01
7.372000E+02 2.093580E+00 1.016455E+01
7.381000E+02 2.093630E+00 1.016317E+01
7.390000E+02 2.093680E+00 1.016180E+01
7.399000E+02 2.093730E+00 1.016043E+01
7.408000E+02 2.093779E+00 1.015907E+01
7.417000E+02 2.093827E+00 1.015903E+01
7.426000E+02 2.093875E+00 1.015768E+01
7.435000E+02 2.093923E+00 1.015633E+01
7.444000E+02 2.093970E+00 1.015500E+01
7.453000E+02 2.094017E+00 1.015367E+01
7.462000E+02 2.094063E+00 1.015234E+01
7.471000E+02 2.094109E+00 1.015102E+01
7.480000E+02 2.094155E+00 1.014971E+01
7.489000E+02 2.094200E+00 1.014970E+01
7.498000E+02 2.094245E+00 1.014840E+01
7.507000E+02 2.094289E+00 1.014711E+01
7.516000E+02 2.094333E+00 1.014582E+01
7.525000E+02 2.094376E+00 1.014453E+01
7.534000E+02 2.094419E+00 1.014325E+01
7.543000E+02 2.094461E+00 1.014198E+01
7.552000E+02 2.094504E+00 1.014072E+01
7.561000E+02 2.094545E+00 1.013945E+01
7.570000E+02 2.094587E+00 1.013950E+01
7.579000E+02 2.094627E+00 1.013825E+01
7.588000E+02 2.094668E+00 1.013700E+01
7.597000E+02 2.094708E+00 1.013576E+01
7.606000E+02 2.094748E+00 1.013453E+01
7.615000E+02 2.094787E+00 1.013330E+01
7.624000E+02 2.094826E+00 1.013208E+01
7.633000E+02 2.094864E+00 1.013087E+01
7.642000E+02 2.094902E+00 1.012966E+01
7.651000E+02 2.094940E+00 1.012845E+01
7.660000E+02 2.094977E+00 1.012725E+01
7.669000E+02 2.095014E+00 1.012606E+01
7.678000E+02 2.095050E+00 1.012487E+01
7.687000E+02 2.095087E+00 1.012369E+01
7.696000E+02 2.095122E+00 1.012251E+01
7.705000E+02 2.095157E+00 1.012134E+01
7.714000E+02 2.095192E+00 1.012017E+01
7.723000E+02 2.095227E+00 1.011901E+01
7.732000E+02 2.095261E+00 1.011786E+01
7.741000E+02 2.095295E+00 1.011799E+01
7.750000E+02 2.095328E+00 1.011685E+01
7.759000E+02 2.095361E+00 1.011571E+01
7.768000E+02 2.095394E+00 1.011458E+01
7.777000E+02 2.095426E+00 1.011345E+01
7.786000E+02 2.095458E+00 1.011233E+01
7.795000E+02 2.095489E+00 1.011121E+01
7.804000E+02 2.095520E+00 1.011010E+01
7.813000E+02 2.095551E+00 1.010899E+01
7.822000E+02 2.095581E+00 1.010789E+01
7.831000E+02 2.095611E+00 1.010679E+01
7.840000E+02 2.095641E+00 1.010570E+01
7.849000E+02 2.095670E+00 1.010462E+01
7.858000E+02 2.095699E+00 1.010226E+01
7.867000E+02 2.095728E+00 1.010118E+01
7.876000E+02 2.095756E+00 1.010011E+01
7.885000E+02 2.095784E+00 1.009905E+01
7.894000E+02 2.095811E+00 1.009799E+01
7.903000E+02 2.095838E+00 1.009694E+01
7.912000E+02 2.095865E+00 1.009589E+01
7.921000E+02 2.095891E+00 1.009484E+01
7.930000E+02 2.095917E+00 1.009381E+01
7.939000E+02 2.095943E+00 1.009277E+01
7.948000E+02 2.095968E+00 1.009175E+01
7.957000E+02 2.095993E+00 1.009072E+01
7.966000E+02 2.096018E+00 1.008970E+01
7.975000E+02 2.096042E+00 1.008869E+01
7.984000E+02 2.096066E+00 1.008768E+01
7.993000E+02 2.096089E+00 1.008668E+01
8.002000E+02 2.096113E+00 1.008568E+01
8.011000E+02 2.096135E+00 1.008469E+01
8.020000E+02 2.096158E+00 1.008370E+01
8.029000E+02 2.096180E+00 1.008145E+01
8.038000E+02 2.096202E+00 1.008048E+01
8.047000E+02 2.096224E+00 1.007951E+01
8.056000E+02 2.096245E+00 1.007854E+01
8.065000E+02 2.096266E+00 1.007758E+01
8.074000E+02 2.096286E+00 1.007662E+01
8.083000E+02 2.096306E+00 1.007567E+01
8.092000E+02 2.096326E+00 1.007472E+01
8.101000E+02 2.096346E+00 1.007378E+01
8.110000E+02 2.096365E+00 1.007284E+01
8.119000E+02 2.096384E+00 1.007064E+01
8.128000E+02 2.096402E+00 1.006972E+01
8.137000E+02 2.096420E+00 1.006879E+01
8.146000E+02 2.096438E+00 1.006788E+01
8.155000E+02 2.096456E+00 1.006696E+01
8.164000E+02 2.096473E+00 1.006606E+01
8.173000E+02 2.096490E+00 1.006515E+01
8.182000E+02 2.096507E+00 1.006425E+01
8.191000E+02 2.096523E+00 1.006210E+01
8.200000E+02 2.096539E+00 1.006121E+01
8.209000E+02 2.096555E+00 1.006033E+01
8.218000E+02 2.096570E+00 1.005945E+01
8.227000E+02 2.096585E+00 1.005858E+01
8.236000E+02 2.096600E+00 1.005771E+01
8.245000E+02 2.096614E+00 1.005684E+01
8.254000E+02 2.096628E+00 1.005473E+01
8.263000E+02 2.096642E+00 1.005387E+01
8.272000E+02 2.096655E+00 1.005302E+01
8.281000E+02 2.096669E+00 1.005217E+01
8.290000E+02 2.096681E+00 1.005133E+01
8.299000E+02 2.096694E+00 1.005050E+01
8.308000E+02 2.096706E+00 1.004841E+01
8.317000E+02 2.096718E+00 1.004759E+01
8.326000E+02 2.096730E+00 1.004676E+01
8.335000E+02 2.096741E+00 1.004595E+01
8.344000E+02 2.096752E+00 1.004513E+01
8.353000E+02 2.096763E+00 1.004307E+01
8.362000E+02 2.096774E+00 1.004227E+01
8.371000E+02 2.096784E+00 1.004147E+01
8.380000E+02 2.096794E+00 1.004068E+01
8.389000E+02 2.096803E+00 1.003989E+01
8.398000E+02 2.096812E+00 1.003785E+01
8.407000E+02 2.096821E+00 1.003707E+01
8.416000E+02 2.096830E+00 1.003630E+01
8.425000E+02 2.096839E+00 1.003553E+01
8.434000E+02 2.096847E+00 1.003476E+01
8.443000E+02 2.096855E+00 1.003275E+01
8.452000E+02 2.096862E+00 1.003199E+01
8.461000E+02 2.096869E+00 1.003124E+01
8.470000E+02 2.096876E+00 1.003049E+01
8.479000E+02 2.096883E+00 1.002850E+01
8.488000E+02 2.096890E+00 1.002776E+01
8.497000E+02 2.096896E+00 1.002703E+01
8.506000E+02 2.096902E+00 1.002630E+01
8.515000E+02 2.096907E+00 1.002557E+01
8.524000E+02 2.096912E+00 1.002361E+01
8.533000E+02 2.096918E+00 1.002289E+01
8.542000E+02 2.096922E+00 1.002218E+01
8.551000E+02 2.096927E+00 1.002023E+01
8.560000E+02 2.096931E+00 1.001952E+01
8.569000E+02 2.096935E+00 1.001882E+01
8.578000E+02 2.096939E+00 1.001813E+01
8.587000E+02 2.096942E+00 1.001620E+01
8.596000E+02 2.096945E+00 1.001551E+01
8.605000E+02 2.096948E+00 1.001483E+01
8.614000E+02 2.096951E+00 1.001415E+01
8.623000E+02 2.096953E+00 1.001224E+01
8.632000E+02 2.096955E+00 1.001157E+01
8.641000E+02 2.096957E+00 1.001091E+01
8.650000E+02 2.096958E+00 1.000901E+01
8.659000E+02 2.096960E+00 1.000835E+01
8.668000E+02 2.096961E+00 1.000770E+01
8.677000E+02 2.096961E+00 1.000705E+01
8.686000E+02 2.096962E+00 1.000518E+01
8.695000E+02 2.096962E+00 1.000454E+01
8.704000E+02 2.096962E+00 1.000390E+01
8.713000E+02 2.096962E+00 1.000204E+01
8.722000E+02 2.096961E+00 1.000141E+01
8.731000E+02 2.096961E+00 1.000079E+01
8.740000E+02 2.096959E+00 9.998943E+00
8.749000E+02 2.096958E+00 9.998329E+00
8.758000E+02 2.096957E+00 9.997719E+00
8.767000E+02 2.096955E+00 9.995884E+00
8.776000E+02 2.096953E+00 9.995283E+00
8.785000E+02 2.096951E+00 9.994686E+00
8.794000E+02 2.096948E+00 9.994093E+00
8.803000E+02 2.096945E+00 9.992276E+00
8.812000E+02 2.096942E+00 9.991691E+00
8.821000E+02 2.096939E+00 9.989884E+00
8.830000E+02 2.096935E+00 9.989308E+00
8.839000E+02 2.096932E+00 9.988735E+00
8.848000E+02 2.096928E+00 9.986942E+00
8.857000E+02 2.096923E+00 9.986378E+00
8.866000E+02 2.096919E+00 9.985818E+00
8.875000E+02 2.096914E+00 9.984038E+00
8.884000E+02 2.096909E+00 9.983486E+00
8.893000E+02 2.096904E+00 9.982938E+00
8.902000E+02 2.096898E+00 9.981172E+00
8.911000E+02 2.096893E+00 9.980632E+00
8.920000E+02 2.096887E+00 9.980096E+00
8.929000E+02 2.096881E+00 9.978343E+00
8.938000E+02 2.096874E+00 9.977816E+00
8.947000E+02 2.096868E+00 9.976072E+00
8.956000E+02 2.096861E+00 9.975552E+00
8.965000E+02 2.096854E+00 9.975036E+00
8.974000E+02 2.096846E+00 9.973306E+00
8.983000E+02 2.096839E+00 9.972798E+00
8.992000E+02 2.096831E+00 9.972294E+00
9.001000E+02 2.096823E+00 9.970576E+00
9.010000E+02 2.096815E+00 9.970081E+00
9.019000E+02 2.096806E+00 9.968372E+00
9.028000E+02 2.096797E+00 9.967884E+00
9.037000E+02 2.096789E+00 9.967400E+00
9.046000E+02 2.096779E+00 9.965704E+00
9.055000E+02 2.096770E+00 9.965228E+00
9.064000E+02 2.096760E+00 9.963541E+00
9.073000E+02 2.096751E+00 9.963072E+00
9.082000E+02 2.096741E+00 9.961394E+00
9.091000E+02 2.096730E+00 9.960933E+00
9.100000E+02 2.096720E+00 9.960477E+00
9.109000E+02 2.096709E+00 9.958811E+00
9.118000E+02 2.096698E+00 9.958362E+00
9.127000E+02 2.096687E+00 9.956705E+00
9.136000E+02 2.096676E+00 9.956264E+00
9.145000E+02 2.096664E+00 9.954615E+00
9.154000E+02 2.096652E+00 9.954182E+00
9.163000E+02 2.096640E+00 9.953752E+00
9.172000E+02 2.096628E+00 9.952116E+00
9.181000E+02 2.096616E+00 9.951694E+00
9.190000E+02 2.096603E+00 9.950066E+00
9.199000E+02 2.096590E+00 9.949652E+00
9.208000E+02 2.096577E+00 9.948032E+00
9.217000E+02 2.096564E+00 9.947625E+00
9.226000E+02 2.096550E+00 9.946015E+00
9.235000E+02 2.096537E+00 9.945615E+00
9.244000E+02 2.096523E+00 9.944013E+00
9.253000E+02 2.096509E+00 9.943621E+00
9.262000E+02 2.096494E+00 9.943233E+00
9.271000E+02 2.096480E+00 9.941642E+00
9.280000E+02 2.096465E+00 9.941262E+00
9.289000E+02 2.096450E+00 9.939680E+00
9.298000E+02 2.096435E+00 9.939306E+00
9.307000E+02 2.096420E+00 9.937733E+00
9.316000E+02 2.096404E+00 9.937366E+00
9.325000E+02 2.096389E+00 9.935801E+00
9.334000E+02 2.096373E+00 9.935442E+00
9.343000E+02 2.096357E+00 9.933885E+00
9.352000E+02 2.096340E+00 9.933533E+00
9.361000E+02 2.096324E+00 9.931984E+00
9.370000E+02 2.096307E+00 9.931640E+00
9.379000E+02 2.096290E+00 9.930099E+00
9.388000E+02 2.096273E+00 9.929762E+00
9.397000E+02 2.096256E+00 9.928229E+00
9.406000E+02 2.096238E+00 9.927899E+00
9.415000E+02 2.096220E+00 9.926374E+00
9.424000E+02 2.096203E+00 9.926052E+00
9.433000E+02 2.096184E+00 9.924535E+00
9.442000E+02 2.096166E+00 9.924219E+00
9.451000E+02 2.096148E+00 9.922710E+00
9.460000E+02 2.096129E+00 9.922402E+00
9.469000E+02 2.096110E+00 9.920901E+00
9.478000E+02 2.096091E+00 9.920600E+00
9.487000E+02 2.096072E+00 9.919106E+00
9.496000E+02 2.096052E+00 9.917617E+00
9.505000E+02 2.096033E+00 9.917326E+00
9.514000E+02 2.096013E+00 9.915845E+00
9.523000E+02 2.095993E+00 9.915561E+00
9.532000E+02 2.095973E+00 9.914088E+00
9.541000E+02 2.095953E+00 9.913811E+00
9.550000E+02 2.095932E+00 9.912345E+00
9.559000E+02 2.095911E+00 9.912076E+00
9.568000E+02 2.095891E+00 9.910617E+00
9.577000E+02 2.095869E+00 9.910355E+00
9.586000E+02 2.095848E+00 9.908904E+00
9.595000E+02 2.095827E+00 9.907458E+00
9.604000E+02 2.095805E+00 9.907206E+00
9.613000E+02 2.095783E+00 9.905766E+00
9.622000E+02 2.095761E+00 9.905521E+00
9.631000E+02 2.095739E+00 9.904090E+00
9.640000E+02 2.095717E+00 9.903852E+00
9.649000E+02 2.095694E+00 9.902428E+00
9.658000E+02 2.095672E+00 9.901008E+00
9.667000E+02 2.095649E+00 9.900780E+00
9.676000E+02 2.095626E+00 9.899367E+00
9.685000E+02 2.095603E+00 9.899146E+00
9.694000E+02 2.095579E+00 9.897741E+00
9.703000E+02 2.095556E+00 9.897526E+00
9.712000E+02 2.095532E+00 9.896129E+00
9.721000E+02 2.095508E+00 9.894735E+00
9.730000E+02 2.095484E+00 9.894531E+00
9.739000E+02 2.095460E+00 9.893144E+00
9.748000E+02 2.095435E+00 9.892947E+00
9.757000E+02 2.095411E+00 9.891567E+00
9.766000E+02 2.095386E+00 9.890192E+00
9.775000E+02 2.095361E+00 9.890005E+00
9.784000E+02 2.095336E+00 9.888637E+00
9.793000E+02 2.095311E+00 9.887273E+00
9.802000E+02 2.095285E+00 9.887095E+00
9.811000E+02 2.095260E+00 9.885738E+00
9.820000E+02 2.095234E+00 9.885567E+00
9.829000E+02 2.095208E+00 9.884218E+00
9.838000E+02 2.095182E+00 9.882872E+00
9.847000E+02 2.095156E+00 9.882711E+00
9.856000E+02 2.095129E+00 9.881372E+00
9.865000E+02 2.095103E+00 9.880037E+00
9.874000E+02 2.095076E+00 9.879886E+00
9.883000E+02 2.095049E+00 9.878558E+00
9.892000E+02 2.095022E+00 9.878413E+00
9.901000E+02 2.094995E+00 9.877093E+00
9.910000E+02 2.094967E+00 9.875776E+00
9.919000E+02 2.094940E+00 9.875641E+00
9.928000E+02 2.094912E+00 9.874331E+00
9.937000E+02 2.094884E+00 9.873025E+00
9.946000E+02 2.094856E+00 9.872899E+00
9.955000E+02 2.094828E+00 9.871600E+00
9.964000E+02 2.094800E+00 9.870304E+00
9.973000E+02 2.094771E+00 9.870189E+00
9.982000E+02 2.094743E+00 9.868900E+00
9.991000E+02 2.094714E+00 9.867615E+00
