1.000000E+00 1.215618E-01 2.661343E+01
1.099000E+00 1.270125E-01 2.205387E+01
1.198000E+00 1.324626E-01 1.970959E+01
1.297000E+00 1.379006E-01 1.900101E+01
1.396000E+00 1.433124E-01 1.828722E+01
1.495000E+00 1.486916E-01 1.771488E+01
1.594000E+00 1.540331E-01 1.712344E+01
1.693000E+00 1.593347E-01 1.675147E+01
1.792000E+00 1.645935E-01 1.633652E+01
1.891000E+00 1.698089E-01 1.608723E+01
1.990000E+00 1.749797E-01 1.578536E+01
2.089000E+00 1.801061E-01 1.552819E+01
2.188000E+00 1.851877E-01 1.522579E+01
2.287000E+00 1.902253E-01 1.504077E+01
2.386000E+00 1.952190E-01 1.488134E+01
2.485000E+00 2.001693E-01 1.467345E+01
2.584000E+00 2.050769E-01 1.455743E+01
2.683000E+00 2.099424E-01 1.439304E+01
2.782000E+00 2.147665E-01 1.424756E+01
2.881000E+00 2.195500E-01 1.417745E+01
2.980000E+00 2.242936E-01 1.406050E+01
3.079000E+00 2.289980E-01 1.395638E+01
3.178000E+00 2.336640E-01 1.386360E+01
3.277000E+00 2.382922E-01 1.372984E+01
3.376000E+00 2.428835E-01 1.365763E+01
3.475000E+00 2.474385E-01 1.359332E+01
3.574000E+00 2.519579E-01 1.353609E+01
3.673000E+00 2.564424E-01 1.344007E+01
3.772000E+00 2.608925E-01 1.339613E+01
3.871000E+00 2.653092E-01 1.335734E+01
3.970000E+00 2.696928E-01 1.328146E+01
4.069000E+00 2.740441E-01 1.321190E+01
4.168000E+00 2.783636E-01 1.318766E+01
4.267000E+00 2.826519E-01 1.312811E+01
4.366000E+00 2.869097E-01 1.311128E+01
4.465000E+00 2.911373E-01 1.306017E+01
4.564000E+00 2.953353E-01 1.301322E+01
4.663000E+00 2.995044E-01 1.297008E+01
4.762000E+00 3.036449E-01 1.293048E+01
4.861000E+00 3.077574E-01 1.289413E+01
4.960000E+00 3.118423E-01 1.286080E+01
5.059000E+00 3.159001E-01 1.283027E+01
5.158000E+00 3.199312E-01 1.280234E+01
5.257000E+00 3.239362E-01 1.277683E+01
5.356000E+00 3.279153E-01 1.275358E+01
5.455000E+00 3.318690E-01 1.273244E+01
5.554000E+00 3.357978E-01 1.271326E+01
5.653000E+00 3.397020E-01 1.269593E+01
5.752000E+00 3.435819E-01 1.268032E+01
5.851000E+00 3.474379E-01 1.263766E+01
5.950000E+00 3.512705E-01 1.262559E+01
6.049000E+00 3.550800E-01 1.261494E+01
6.148000E+00 3.588666E-01 1.257821E+01
6.247000E+00 3.626308E-01 1.257050E+01
6.346000E+00 3.663729E-01 1.256395E+01
6.445000E+00 3.700930E-01 1.253222E+01
6.544000E+00 3.737918E-01 1.252813E+01
6.643000E+00 3.774692E-01 1.249942E+01
6.742000E+00 3.811258E-01 1.249752E+01
6.841000E+00 3.847616E-01 1.247154E+01
6.940000E+00 3.883771E-01 1.247158E+01
7.039000E+00 3.919725E-01 1.244805E+01
7.138000E+00 3.955481E-01 1.244983E+01
7.237000E+00 3.991041E-01 1.242853E+01
7.336000E+00 4.026408E-01 1.240841E+01
7.435000E+00 4.061584E-01 1.241258E+01
7.534000E+00 4.096572E-01 1.239437E+01
7.633000E+00 4.131374E-01 1.237719E+01
7.732000E+00 4.165993E-01 1.238341E+01
7.831000E+00 4.200430E-01 1.236788E+01
7.930000E+00 4.234688E-01 1.235326E+01
8.029000E+00 4.268769E-01 1.236122E+01
8.128000E+00 4.302674E-01 1.234804E+01
8.227000E+00 4.336407E-01 1.233565E+01
8.326000E+00 4.369969E-01 1.232401E+01
8.425000E+00 4.403362E-01 1.231310E+01
8.524000E+00 4.436588E-01 1.230287E+01
8.623000E+00 4.469650E-01 1.229332E+01
8.722000E+00 4.502549E-01 1.230468E+01
8.821000E+00 4.535286E-01 1.229617E+01
8.920000E+00 4.567865E-01 1.228826E+01
9.019000E+00 4.600285E-01 1.228091E+01
9.118000E+00 4.632549E-01 1.227410E+01
9.217000E+00 4.664659E-01 1.226782E+01
9.316000E+00 4.696617E-01 1.226203E+01
9.415000E+00 4.728424E-01 1.225674E+01
9.514000E+00 4.760081E-01 1.225190E+01
9.613000E+00 4.791590E-01 1.224751E+01
9.712000E+00 4.822953E-01 1.224355E+01
9.811000E+00 4.854171E-01 1.224001E+01
9.910000E+00 4.885246E-01 1.223686E+01
1.000900E+01 4.916179E-01 1.221595E+01
1.010800E+01 4.946972E-01 1.221369E+01
1.020700E+01 4.977626E-01 1.221179E+01
1.030600E+01 5.008143E-01 1.221023E+01
1.040500E+01 5.038523E-01 1.220900E+01
1.050400E+01 5.068768E-01 1.220809E+01
1.060300E+01 5.098880E-01 1.220748E+01
1.070200E+01 5.128860E-01 1.218996E+01
1.080100E+01 5.158708E-01 1.219005E+01
1.090000E+01 5.188427E-01 1.219042E+01
1.099900E+01 5.218017E-01 1.219106E+01
1.109800E+01 5.247479E-01 1.217523E+01
1.119700E+01 5.276816E-01 1.217647E+01
1.129600E+01 5.306027E-01 1.217796E+01
1.139500E+01 5.335115E-01 1.217967E+01
1.149400E+01 5.364080E-01 1.216533E+01
1.159300E+01 5.392923E-01 1.216758E+01
1.169200E+01 5.421646E-01 1.217004E+01
1.179100E+01 5.450249E-01 1.215675E+01
1.189000E+01 5.478734E-01 1.215969E+01
1.198900E+01 5.507102E-01 1.216283E+01
1.208800E+01 5.535353E-01 1.215048E+01
1.218700E+01 5.563489E-01 1.215406E+01
1.228600E+01 5.591510E-01 1.214235E+01
1.238500E+01 5.619419E-01 1.214634E+01
1.248400E+01 5.647215E-01 1.215049E+01
1.258300E+01 5.674900E-01 1.213962E+01
1.268200E+01 5.702474E-01 1.214415E+01
1.278100E+01 5.729939E-01 1.213382E+01
1.288000E+01 5.757295E-01 1.213870E+01
1.297900E+01 5.784543E-01 1.212890E+01
1.307800E+01 5.811685E-01 1.213412E+01
1.317700E+01 5.838721E-01 1.212482E+01
1.327600E+01 5.865651E-01 1.213035E+01
1.337500E+01 5.892478E-01 1.212152E+01
1.347400E+01 5.919200E-01 1.212735E+01
1.357300E+01 5.945821E-01 1.211897E+01
1.367200E+01 5.972339E-01 1.212508E+01
1.377100E+01 5.998757E-01 1.211712E+01
1.387000E+01 6.025074E-01 1.212349E+01
1.396900E+01 6.051292E-01 1.211594E+01
1.406800E+01 6.077411E-01 1.212256E+01
1.416700E+01 6.103433E-01 1.211540E+01
1.426600E+01 6.129357E-01 1.210846E+01
1.436500E+01 6.155186E-01 1.211545E+01
1.446400E+01 6.180918E-01 1.210887E+01
1.456300E+01 6.206556E-01 1.211609E+01
1.466200E+01 6.232100E-01 1.210984E+01
1.476100E+01 6.257550E-01 1.210381E+01
1.486000E+01 6.282907E-01 1.211135E+01
1.495900E+01 6.308173E-01 1.210562E+01
1.505800E+01 6.333347E-01 1.210009E+01
1.515700E+01 6.358430E-01 1.210793E+01
1.525600E+01 6.383424E-01 1.210270E+01
1.535500E+01 6.408328E-01 1.209764E+01
1.545400E+01 6.433143E-01 1.210575E+01
1.555300E+01 6.457870E-01 1.210097E+01
1.565200E+01 6.482510E-01 1.209636E+01
1.575100E+01 6.507063E-01 1.209191E+01
1.585000E+01 6.531530E-01 1.210037E+01
1.594900E+01 6.555911E-01 1.209617E+01
1.604800E+01 6.580207E-01 1.209212E+01
1.614700E+01 6.604418E-01 1.208822E+01
1.624600E+01 6.628546E-01 1.209700E+01
1.634500E+01 6.652590E-01 1.209333E+01
1.644400E+01 6.676551E-01 1.208980E+01
1.654300E+01 6.700431E-01 1.208641E+01
1.664200E+01 6.724229E-01 1.209546E+01
1.674100E+01 6.747945E-01 1.209228E+01
1.684000E+01 6.771581E-01 1.208923E+01
1.693900E+01 6.795138E-01 1.208631E+01
1.703800E+01 6.818614E-01 1.208351E+01
1.713700E+01 6.842013E-01 1.209288E+01
1.723600E+01 6.865332E-01 1.209027E+01
1.733500E+01 6.888574E-01 1.208778E+01
1.743400E+01 6.911739E-01 1.208540E+01
1.753300E+01 6.934827E-01 1.208314E+01
1.763200E+01 6.957838E-01 1.208098E+01
1.773100E+01 6.980774E-01 1.207893E+01
1.783000E+01 7.003634E-01 1.208870E+01
1.792900E+01 7.026420E-01 1.208681E+01
1.802800E+01 7.049131E-01 1.208503E+01
1.812700E+01 7.071768E-01 1.208335E+01
1.822600E+01 7.094332E-01 1.208176E+01
1.832500E+01 7.116823E-01 1.208028E+01
1.842400E+01 7.139242E-01 1.207888E+01
1.852300E+01 7.161588E-01 1.207758E+01
1.862200E+01 7.183863E-01 1.207637E+01
1.872100E+01 7.206066E-01 1.207525E+01
1.882000E+01 7.228199E-01 1.207422E+01
1.891900E+01 7.250262E-01 1.208449E+01
1.901800E+01 7.272255E-01 1.208359E+01
1.911700E+01 7.294178E-01 1.208276E+01
1.921600E+01 7.316033E-01 1.208202E+01
1.931500E+01 7.337818E-01 1.208136E+01
1.941400E+01 7.359536E-01 1.208078E+01
1.951300E+01 7.381186E-01 1.208028E+01
1.961200E+01 7.402769E-01 1.207985E+01
1.971100E+01 7.424285E-01 1.207949E+01
1.981000E+01 7.445734E-01 1.207921E+01
1.990900E+01 7.467117E-01 1.207900E+01
2.000800E+01 7.488434E-01 1.207886E+01
2.010700E+01 7.509686E-01 1.207879E+01
2.020600E+01 7.530873E-01 1.207879E+01
2.030500E+01 7.551995E-01 1.207886E+01
2.040400E+01 7.573053E-01 1.207899E+01
2.050300E+01 7.594048E-01 1.207918E+01
2.060200E+01 7.614978E-01 1.207944E+01
2.070100E+01 7.635846E-01 1.206924E+01
2.080000E+01 7.656651E-01 1.206965E+01
2.089900E+01 7.677393E-01 1.207013E+01
2.099800E+01 7.698074E-01 1.207066E+01
2.109700E+01 7.718693E-01 1.207125E+01
2.119600E+01 7.739250E-01 1.207190E+01
2.129500E+01 7.759747E-01 1.207260E+01
2.139400E+01 7.780182E-01 1.207336E+01
2.149300E+01 7.800558E-01 1.207417E+01
2.159200E+01 7.820874E-01 1.207504E+01
2.169100E+01 7.841130E-01 1.207595E+01
2.179000E+01 7.861326E-01 1.207692E+01
2.188900E+01 7.881464E-01 1.206783E+01
2.198800E+01 7.901543E-01 1.206892E+01
2.208700E+01 7.921563E-01 1.207007E+01
2.218600E+01 7.941526E-01 1.207126E+01
2.228500E+01 7.961431E-01 1.207250E+01
2.238400E+01 7.981279E-01 1.207379E+01
2.248300E+01 8.001069E-01 1.207512E+01
2.258200E+01 8.020803E-01 1.207650E+01
2.268100E+01 8.040480E-01 1.206805E+01
2.278000E+01 8.060101E-01 1.206954E+01
2.287900E+01 8.079666E-01 1.207108E+01
2.297800E+01 8.099176E-01 1.207265E+01
2.307700E+01 8.118630E-01 1.207427E+01
2.317600E+01 8.138029E-01 1.207592E+01
2.327500E+01 8.157374E-01 1.206793E+01
2.337400E+01 8.176664E-01 1.206969E+01
2.347300E+01 8.195900E-01 1.207149E+01
2.357200E+01 8.215082E-01 1.207333E+01
2.367100E+01 8.234211E-01 1.207520E+01
2.377000E+01 8.253286E-01 1.206756E+01
2.386900E+01 8.272308E-01 1.206953E+01
2.396800E+01 8.291278E-01 1.207154E+01
2.406700E+01 8.310195E-01 1.207358E+01
2.416600E+01 8.329060E-01 1.206622E+01
2.426500E+01 8.347873E-01 1.206835E+01
2.436400E+01 8.366635E-01 1.207051E+01
2.446300E+01 8.385345E-01 1.207271E+01
2.456200E+01 8.404004E-01 1.207494E+01
2.466100E+01 8.422611E-01 1.206789E+01
2.476000E+01 8.441169E-01 1.207020E+01
2.485900E+01 8.459676E-01 1.207255E+01
2.495800E+01 8.478132E-01 1.206569E+01
2.505700E+01 8.496539E-01 1.206812E+01
2.515600E+01 8.514897E-01 1.207057E+01
2.525500E+01 8.533205E-01 1.207305E+01
2.535400E+01 8.551463E-01 1.206644E+01
2.545300E+01 8.569673E-01 1.206899E+01
2.555200E+01 8.587834E-01 1.207158E+01
2.565100E+01 8.605947E-01 1.207419E+01
2.575000E+01 8.624011E-01 1.206780E+01
2.584900E+01 8.642028E-01 1.207048E+01
2.594800E+01 8.659996E-01 1.207319E+01
2.604700E+01 8.677918E-01 1.206697E+01
2.614600E+01 8.695792E-01 1.206975E+01
2.624500E+01 8.713619E-01 1.207255E+01
2.634400E+01 8.731399E-01 1.206649E+01
2.644300E+01 8.749133E-01 1.206936E+01
2.654200E+01 8.766820E-01 1.207225E+01
2.664100E+01 8.784461E-01 1.206634E+01
2.674000E+01 8.802056E-01 1.206930E+01
2.683900E+01 8.819606E-01 1.207228E+01
2.693800E+01 8.837110E-01 1.206652E+01
2.703700E+01 8.854569E-01 1.206956E+01
2.713600E+01 8.871983E-01 1.207262E+01
2.723500E+01 8.889352E-01 1.206701E+01
2.733400E+01 8.906676E-01 1.207013E+01
2.743300E+01 8.923956E-01 1.207327E+01
2.753200E+01 8.941191E-01 1.206780E+01
2.763100E+01 8.958383E-01 1.207099E+01
2.773000E+01 8.975530E-01 1.206563E+01
2.782900E+01 8.992635E-01 1.206888E+01
2.792800E+01 9.009695E-01 1.207214E+01
2.802700E+01 9.026713E-01 1.206691E+01
2.812600E+01 9.043687E-01 1.207023E+01
2.822500E+01 9.060619E-01 1.207356E+01
2.832400E+01 9.077508E-01 1.206846E+01
2.842300E+01 9.094354E-01 1.207184E+01
2.852200E+01 9.111158E-01 1.206683E+01
2.862100E+01 9.127920E-01 1.207027E+01
2.872000E+01 9.144641E-01 1.207372E+01
2.881900E+01 9.161319E-01 1.206882E+01
2.891800E+01 9.177956E-01 1.207232E+01
2.901700E+01 9.194552E-01 1.206752E+01
2.911600E+01 9.211106E-01 1.207106E+01
2.921500E+01 9.227620E-01 1.206634E+01
2.931400E+01 9.244093E-01 1.206993E+01
2.941300E+01 9.260525E-01 1.207353E+01
2.951200E+01 9.276917E-01 1.206892E+01
2.961100E+01 9.293268E-01 1.207257E+01
2.971000E+01 9.309580E-01 1.206804E+01
2.980900E+01 9.325851E-01 1.207173E+01
2.990800E+01 9.342083E-01 1.206728E+01
3.000700E+01 9.358275E-01 1.207101E+01
3.010600E+01 9.374428E-01 1.206664E+01
3.020500E+01 9.390542E-01 1.207040E+01
3.030400E+01 9.406616E-01 1.206611E+01
3.040300E+01 9.422652E-01 1.206991E+01
3.050200E+01 9.438649E-01 1.206569E+01
3.060100E+01 9.454608E-01 1.206953E+01
3.070000E+01 9.470528E-01 1.207339E+01
3.079900E+01 9.486410E-01 1.206926E+01
3.089800E+01 9.502254E-01 1.207315E+01
3.099700E+01 9.518060E-01 1.206910E+01
3.109600E+01 9.533828E-01 1.207302E+01
3.119500E+01 9.549559E-01 1.206903E+01
3.129400E+01 9.565252E-01 1.207299E+01
3.139300E+01 9.580908E-01 1.206907E+01
3.149200E+01 9.596528E-01 1.207307E+01
3.159100E+01 9.612110E-01 1.206921E+01
3.169000E+01 9.627655E-01 1.207324E+01
3.178900E+01 9.643163E-01 1.206945E+01
3.188800E+01 9.658636E-01 1.207351E+01
3.198700E+01 9.674072E-01 1.206978E+01
3.208600E+01 9.689471E-01 1.206610E+01
3.218500E+01 9.704835E-01 1.207020E+01
3.228400E+01 9.720163E-01 1.206658E+01
3.238300E+01 9.735455E-01 1.207072E+01
3.248200E+01 9.750711E-01 1.206716E+01
3.258100E+01 9.765932E-01 1.207132E+01
3.268000E+01 9.781118E-01 1.206782E+01
3.277900E+01 9.796269E-01 1.207201E+01
3.287800E+01 9.811384E-01 1.206857E+01
3.297700E+01 9.826465E-01 1.207279E+01
3.307600E+01 9.841511E-01 1.206940E+01
3.317500E+01 9.856522E-01 1.206605E+01
3.327400E+01 9.871499E-01 1.207031E+01
3.337300E+01 9.886442E-01 1.206702E+01
3.347200E+01 9.901350E-01 1.207131E+01
3.357100E+01 9.916224E-01 1.206807E+01
3.367000E+01 9.931065E-01 1.207238E+01
3.376900E+01 9.945872E-01 1.206919E+01
3.386800E+01 9.960645E-01 1.206604E+01
3.396700E+01 9.975384E-01 1.207039E+01
3.406600E+01 9.990091E-01 1.206729E+01
3.416500E+01 1.000476E+00 1.207167E+01
3.426400E+01 1.001940E+00 1.206862E+01
3.436300E+01 1.003401E+00 1.207302E+01
3.446200E+01 1.004858E+00 1.207002E+01
3.456100E+01 1.006313E+00 1.206705E+01
3.466000E+01 1.007763E+00 1.207149E+01
3.475900E+01 1.009211E+00 1.206857E+01
3.485800E+01 1.010655E+00 1.206568E+01
3.495700E+01 1.012097E+00 1.207016E+01
3.505600E+01 1.013535E+00 1.206731E+01
3.515500E+01 1.014969E+00 1.207181E+01
3.525400E+01 1.016401E+00 1.206901E+01
3.535300E+01 1.017829E+00 1.206625E+01
3.545200E+01 1.019255E+00 1.207078E+01
3.555100E+01 1.020677E+00 1.206806E+01
3.565000E+01 1.022096E+00 1.207261E+01
3.574900E+01 1.023512E+00 1.206993E+01
3.584800E+01 1.024924E+00 1.206728E+01
3.594700E+01 1.026334E+00 1.207186E+01
3.604600E+01 1.027740E+00 1.206926E+01
3.614500E+01 1.029144E+00 1.206668E+01
3.624400E+01 1.030544E+00 1.207129E+01
3.634300E+01 1.031942E+00 1.206876E+01
3.644200E+01 1.033336E+00 1.206625E+01
3.654100E+01 1.034727E+00 1.207089E+01
3.664000E+01 1.036115E+00 1.206843E+01
3.673900E+01 1.037501E+00 1.206599E+01
3.683800E+01 1.038883E+00 1.207066E+01
3.693700E+01 1.040262E+00 1.206826E+01
3.703600E+01 1.041638E+00 1.206588E+01
3.713500E+01 1.043012E+00 1.207058E+01
3.723400E+01 1.044382E+00 1.206825E+01
3.733300E+01 1.045749E+00 1.206594E+01
3.743200E+01 1.047114E+00 1.207066E+01
3.753100E+01 1.048476E+00 1.206839E+01
3.763000E+01 1.049834E+00 1.206614E+01
3.772900E+01 1.051190E+00 1.207089E+01
3.782800E+01 1.052543E+00 1.206868E+01
3.792700E+01 1.053893E+00 1.206650E+01
3.802600E+01 1.055240E+00 1.207127E+01
3.812500E+01 1.056584E+00 1.206912E+01
3.822400E+01 1.057926E+00 1.206699E+01
3.832300E+01 1.059264E+00 1.206489E+01
3.842200E+01 1.060600E+00 1.206970E+01
3.852100E+01 1.061933E+00 1.206763E+01
3.862000E+01 1.063263E+00 1.206559E+01
3.871900E+01 1.064590E+00 1.207042E+01
3.881800E+01 1.065915E+00 1.206841E+01
3.891700E+01 1.067237E+00 1.206642E+01
3.901600E+01 1.068556E+00 1.206445E+01
3.911500E+01 1.069872E+00 1.206931E+01
3.921400E+01 1.071185E+00 1.206738E+01
3.931300E+01 1.072496E+00 1.206547E+01
3.941200E+01 1.073804E+00 1.207035E+01
3.951100E+01 1.075110E+00 1.206847E+01
3.961000E+01 1.076412E+00 1.206661E+01
3.970900E+01 1.077712E+00 1.206477E+01
3.980800E+01 1.079009E+00 1.206968E+01
3.990700E+01 1.080304E+00 1.206787E+01
4.000600E+01 1.081596E+00 1.206609E+01
4.010500E+01 1.082885E+00 1.206432E+01
4.020400E+01 1.084172E+00 1.206926E+01
4.030300E+01 1.085455E+00 1.206752E+01
4.040200E+01 1.086737E+00 1.206580E+01
4.050100E+01 1.088015E+00 1.206411E+01
4.060000E+01 1.089291E+00 1.206907E+01
4.069900E+01 1.090565E+00 1.206740E+01
4.079800E+01 1.091836E+00 1.206575E+01
4.089700E+01 1.093104E+00 1.206413E+01
4.099600E+01 1.094370E+00 1.206911E+01
4.109500E+01 1.095633E+00 1.206751E+01
4.119400E+01 1.096893E+00 1.206593E+01
4.129300E+01 1.098151E+00 1.206437E+01
4.139200E+01 1.099407E+00 1.206282E+01
4.149100E+01 1.100660E+00 1.206784E+01
4.159000E+01 1.101910E+00 1.206632E+01
4.168900E+01 1.103158E+00 1.206482E+01
4.178800E+01 1.104403E+00 1.206334E+01
4.188700E+01 1.105646E+00 1.206838E+01
4.198600E+01 1.106887E+00 1.206692E+01
4.208500E+01 1.108125E+00 1.206548E+01
4.218400E+01 1.109360E+00 1.206406E+01
4.228300E+01 1.110593E+00 1.206266E+01
4.238200E+01 1.111823E+00 1.206772E+01
4.248100E+01 1.113051E+00 1.206634E+01
4.258000E+01 1.114277E+00 1.206498E+01
4.267900E+01 1.115500E+00 1.206364E+01
4.277800E+01 1.116721E+00 1.206231E+01
4.287700E+01 1.117939E+00 1.206740E+01
4.297600E+01 1.119155E+00 1.206610E+01
4.307500E+01 1.120369E+00 1.206481E+01
4.317400E+01 1.121580E+00 1.206354E+01
4.327300E+01 1.122789E+00 1.206228E+01
4.337200E+01 1.123995E+00 1.206740E+01
4.347100E+01 1.125199E+00 1.206616E+01
4.357000E+01 1.126400E+00 1.206495E+01
4.366900E+01 1.127600E+00 1.206374E+01
4.376800E+01 1.128797E+00 1.206256E+01
4.386700E+01 1.129991E+00 1.206139E+01
4.396600E+01 1.131183E+00 1.206654E+01
4.406500E+01 1.132373E+00 1.206539E+01
4.416400E+01 1.133561E+00 1.206425E+01
4.426300E+01 1.134746E+00 1.206313E+01
4.436200E+01 1.135929E+00 1.206203E+01
4.446100E+01 1.137110E+00 1.206094E+01
4.456000E+01 1.138288E+00 1.206612E+01
4.465900E+01 1.139464E+00 1.206505E+01
4.475800E+01 1.140638E+00 1.206399E+01
4.485700E+01 1.141810E+00 1.206295E+01
4.495600E+01 1.142979E+00 1.206193E+01
4.505500E+01 1.144146E+00 1.206092E+01
4.515400E+01 1.145311E+00 1.205992E+01
4.525300E+01 1.146474E+00 1.206513E+01
4.535200E+01 1.147634E+00 1.206415E+01
4.545100E+01 1.148792E+00 1.206319E+01
4.555000E+01 1.149948E+00 1.206224E+01
4.564900E+01 1.151102E+00 1.206130E+01
4.574800E+01 1.152253E+00 1.206038E+01
4.584700E+01 1.153403E+00 1.205947E+01
4.594600E+01 1.154550E+00 1.205858E+01
4.604500E+01 1.155695E+00 1.206381E+01
4.614400E+01 1.156838E+00 1.206293E+01
4.624300E+01 1.157978E+00 1.206207E+01
4.634200E+01 1.159117E+00 1.206122E+01
4.644100E+01 1.160253E+00 1.206038E+01
4.654000E+01 1.161387E+00 1.205956E+01
4.663900E+01 1.162519E+00 1.205875E+01
4.673800E+01 1.163649E+00 1.205795E+01
4.683700E+01 1.164777E+00 1.206321E+01
4.693600E+01 1.165903E+00 1.206243E+01
4.703500E+01 1.167026E+00 1.206166E+01
4.713400E+01 1.168148E+00 1.206090E+01
4.723300E+01 1.169267E+00 1.206016E+01
4.733200E+01 1.170384E+00 1.205943E+01
4.743100E+01 1.171499E+00 1.205871E+01
4.753000E+01 1.172613E+00 1.205800E+01
4.762900E+01 1.173724E+00 1.205730E+01
4.772800E+01 1.174832E+00 1.205662E+01
4.782700E+01 1.175939E+00 1.206191E+01
4.792600E+01 1.177044E+00 1.206124E+01
4.802500E+01 1.178147E+00 1.206059E+01
4.812400E+01 1.179248E+00 1.205994E+01
4.822300E+01 1.180346E+00 1.205931E+01
4.832200E+01 1.181443E+00 1.205868E+01
4.842100E+01 1.182538E+00 1.205807E+01
4.852000E+01 1.183630E+00 1.205747E+01
4.861900E+01 1.184721E+00 1.205689E+01
4.871800E+01 1.185810E+00 1.205631E+01
4.881700E+01 1.186896E+00 1.205574E+01
4.891600E+01 1.187981E+00 1.205519E+01
4.901500E+01 1.189063E+00 1.206052E+01
4.911400E+01 1.190144E+00 1.205998E+01
4.921300E+01 1.191223E+00 1.205945E+01
4.931200E+01 1.192299E+00 1.205893E+01
4.941100E+01 1.193374E+00 1.205842E+01
4.951000E+01 1.194447E+00 1.205792E+01
4.960900E+01 1.195518E+00 1.205743E+01
4.970800E+01 1.196587E+00 1.205696E+01
4.980700E+01 1.197654E+00 1.205649E+01
4.990600E+01 1.198719E+00 1.205603E+01
5.000500E+01 1.199782E+00 1.205559E+01
5.010400E+01 1.200843E+00 1.205515E+01
5.020300E+01 1.201902E+00 1.205473E+01
5.030200E+01 1.202959E+00 1.205431E+01
5.040100E+01 1.204015E+00 1.205391E+01
5.050000E+01 1.205068E+00 1.205351E+01
5.059900E+01 1.206120E+00 1.205312E+01
5.069800E+01 1.207170E+00 1.205275E+01
5.079700E+01 1.208218E+00 1.205238E+01
5.089600E+01 1.209264E+00 1.205203E+01
5.099500E+01 1.210308E+00 1.205740E+01
5.109400E+01 1.211350E+00 1.205706E+01
5.119300E+01 1.212390E+00 1.205672E+01
5.129200E+01 1.213429E+00 1.205640E+01
5.139100E+01 1.214466E+00 1.205608E+01
5.149000E+01 1.215501E+00 1.205577E+01
5.158900E+01 1.216534E+00 1.205548E+01
5.168800E+01 1.217565E+00 1.205519E+01
5.178700E+01 1.218594E+00 1.205491E+01
5.188600E+01 1.219622E+00 1.205464E+01
5.198500E+01 1.220647E+00 1.205438E+01
5.208400E+01 1.221671E+00 1.205412E+01
5.218300E+01 1.222693E+00 1.205388E+01
5.228200E+01 1.223713E+00 1.205365E+01
5.238100E+01 1.224732E+00 1.205342E+01
5.248000E+01 1.225749E+00 1.205320E+01
5.257900E+01 1.226763E+00 1.205300E+01
5.267800E+01 1.227777E+00 1.205280E+01
5.277700E+01 1.228788E+00 1.205261E+01
5.287600E+01 1.229797E+00 1.205242E+01
5.297500E+01 1.230805E+00 1.205225E+01
5.307400E+01 1.231811E+00 1.205208E+01
5.317300E+01 1.232816E+00 1.205193E+01
5.327200E+01 1.233818E+00 1.205178E+01
5.337100E+01 1.234819E+00 1.205164E+01
5.347000E+01 1.235818E+00 1.205150E+01
5.356900E+01 1.236815E+00 1.205138E+01
5.366800E+01 1.237811E+00 1.205126E+01
5.376700E+01 1.238805E+00 1.205116E+01
5.386600E+01 1.239797E+00 1.205106E+01
5.396500E+01 1.240787E+00 1.205096E+01
5.406400E+01 1.241776E+00 1.205088E+01
5.416300E+01 1.242763E+00 1.205080E+01
5.426200E+01 1.243748E+00 1.205074E+01
5.436100E+01 1.244732E+00 1.205068E+01
5.446000E+01 1.245713E+00 1.205062E+01
5.455900E+01 1.246694E+00 1.205058E+01
5.465800E+01 1.247672E+00 1.205054E+01
5.475700E+01 1.248649E+00 1.205051E+01
5.485600E+01 1.249624E+00 1.205049E+01
5.495500E+01 1.250598E+00 1.205047E+01
5.505400E+01 1.251569E+00 1.205046E+01
5.515300E+01 1.252540E+00 1.204502E+01
5.525200E+01 1.253508E+00 1.204504E+01
5.535100E+01 1.254475E+00 1.204506E+01
5.545000E+01 1.255440E+00 1.204509E+01
5.554900E+01 1.256404E+00 1.204512E+01
5.564800E+01 1.257366E+00 1.204516E+01
5.574700E+01 1.258326E+00 1.204521E+01
5.584600E+01 1.259284E+00 1.204527E+01
5.594500E+01 1.260242E+00 1.204533E+01
5.604400E+01 1.261197E+00 1.204540E+01
5.614300E+01 1.262151E+00 1.204548E+01
5.624200E+01 1.263103E+00 1.204556E+01
5.634100E+01 1.264053E+00 1.204565E+01
5.644000E+01 1.265002E+00 1.204575E+01
5.653900E+01 1.265950E+00 1.204586E+01
5.663800E+01 1.266896E+00 1.204597E+01
5.673700E+01 1.267840E+00 1.204609E+01
5.683600E+01 1.268782E+00 1.204621E+01
5.693500E+01 1.269723E+00 1.204634E+01
5.703400E+01 1.270663E+00 1.204648E+01
5.713300E+01 1.271601E+00 1.204131E+01
5.723200E+01 1.272537E+00 1.204146E+01
5.733100E+01 1.273472E+00 1.204163E+01
5.743000E+01 1.274405E+00 1.204180E+01
5.752900E+01 1.275336E+00 1.204197E+01
5.762800E+01 1.276267E+00 1.204216E+01
5.772700E+01 1.277195E+00 1.204234E+01
5.782600E+01 1.278122E+00 1.204254E+01
5.792500E+01 1.279047E+00 1.204274E+01
5.802400E+01 1.279971E+00 1.204295E+01
5.812300E+01 1.280894E+00 1.204316E+01
5.822200E+01 1.281815E+00 1.204338E+01
5.832100E+01 1.282734E+00 1.204361E+01
5.842000E+01 1.283652E+00 1.204384E+01
5.851900E+01 1.284568E+00 1.203884E+01
5.861800E+01 1.285483E+00 1.203909E+01
5.871700E+01 1.286396E+00 1.203934E+01
5.881600E+01 1.287308E+00 1.203960E+01
5.891500E+01 1.288218E+00 1.203987E+01
5.901400E+01 1.289127E+00 1.204014E+01
5.911300E+01 1.290034E+00 1.204042E+01
5.921200E+01 1.290940E+00 1.204071E+01
5.931100E+01 1.291844E+00 1.204100E+01
5.941000E+01 1.292747E+00 1.204129E+01
5.950900E+01 1.293648E+00 1.203641E+01
5.960800E+01 1.294548E+00 1.203673E+01
5.970700E+01 1.295447E+00 1.203704E+01
5.980600E+01 1.296344E+00 1.203737E+01
5.990500E+01 1.297239E+00 1.203770E+01
6.000400E+01 1.298133E+00 1.203803E+01
6.010300E+01 1.299026E+00 1.203837E+01
6.020200E+01 1.299917E+00 1.203872E+01
6.030100E+01 1.300807E+00 1.203907E+01
6.040000E+01 1.301695E+00 1.203942E+01
6.049900E+01 1.302582E+00 1.203466E+01
6.059800E+01 1.303467E+00 1.203503E+01
6.069700E+01 1.304351E+00 1.203541E+01
6.079600E+01 1.305234E+00 1.203579E+01
6.089500E+01 1.306115E+00 1.203618E+01
6.099400E+01 1.306994E+00 1.203657E+01
6.109300E+01 1.307873E+00 1.203697E+01
6.119200E+01 1.308749E+00 1.203737E+01
6.129100E+01 1.309625E+00 1.203269E+01
6.139000E+01 1.310499E+00 1.203311E+01
6.148900E+01 1.311372E+00 1.203354E+01
6.158800E+01 1.312243E+00 1.203396E+01
6.168700E+01 1.313113E+00 1.203440E+01
6.178600E+01 1.313981E+00 1.203484E+01
6.188500E+01 1.314848E+00 1.203528E+01
6.198400E+01 1.315714E+00 1.203573E+01
6.208300E+01 1.316578E+00 1.203114E+01
6.218200E+01 1.317441E+00 1.203160E+01
6.228100E+01 1.318303E+00 1.203207E+01
6.238000E+01 1.319163E+00 1.203254E+01
6.247900E+01 1.320022E+00 1.203302E+01
6.257800E+01 1.320879E+00 1.203350E+01
6.267700E+01 1.321735E+00 1.203398E+01
6.277600E+01 1.322590E+00 1.202947E+01
6.287500E+01 1.323443E+00 1.202997E+01
6.297400E+01 1.324295E+00 1.203047E+01
6.307300E+01 1.325146E+00 1.203098E+01
6.317200E+01 1.325995E+00 1.203150E+01
6.327100E+01 1.326843E+00 1.203202E+01
6.337000E+01 1.327690E+00 1.203254E+01
6.346900E+01 1.328535E+00 1.202809E+01
6.356800E+01 1.329379E+00 1.202863E+01
6.366700E+01 1.330222E+00 1.202917E+01
6.376600E+01 1.331063E+00 1.202972E+01
6.386500E+01 1.331904E+00 1.203027E+01
6.396400E+01 1.332742E+00 1.203082E+01
6.406300E+01 1.333580E+00 1.202644E+01
6.416200E+01 1.334416E+00 1.202700E+01
6.426100E+01 1.335251E+00 1.202758E+01
6.436000E+01 1.336084E+00 1.202815E+01
6.445900E+01 1.336916E+00 1.202873E+01
6.455800E+01 1.337747E+00 1.202932E+01
6.465700E+01 1.338577E+00 1.202499E+01
6.475600E+01 1.339405E+00 1.202559E+01
6.485500E+01 1.340232E+00 1.202619E+01
6.495400E+01 1.341058E+00 1.202679E+01
6.505300E+01 1.341882E+00 1.202740E+01
6.515200E+01 1.342706E+00 1.202802E+01
6.525100E+01 1.343527E+00 1.202375E+01
6.535000E+01 1.344348E+00 1.202438E+01
6.544900E+01 1.345167E+00 1.202501E+01
6.554800E+01 1.345986E+00 1.202564E+01
6.564700E+01 1.346802E+00 1.202628E+01
6.574600E+01 1.347618E+00 1.202692E+01
6.584500E+01 1.348432E+00 1.202271E+01
6.594400E+01 1.349245E+00 1.202336E+01
6.604300E+01 1.350057E+00 1.202402E+01
6.614200E+01 1.350868E+00 1.202468E+01
6.624100E+01 1.351677E+00 1.202535E+01
6.634000E+01 1.352485E+00 1.202118E+01
6.643900E+01 1.353292E+00 1.202186E+01
6.653800E+01 1.354098E+00 1.202254E+01
6.663700E+01 1.354902E+00 1.202322E+01
6.673600E+01 1.355705E+00 1.202391E+01
6.683500E+01 1.356507E+00 1.201979E+01
6.693400E+01 1.357308E+00 1.202049E+01
6.703300E+01 1.358108E+00 1.202120E+01
6.713200E+01 1.358906E+00 1.202190E+01
6.723100E+01 1.359703E+00 1.202261E+01
6.733000E+01 1.360499E+00 1.201854E+01
6.742900E+01 1.361293E+00 1.201926E+01
6.752800E+01 1.362087E+00 1.201999E+01
6.762700E+01 1.362879E+00 1.202072E+01
6.772600E+01 1.363670E+00 1.202145E+01
6.782500E+01 1.364460E+00 1.201742E+01
6.792400E+01 1.365249E+00 1.201816E+01
6.802300E+01 1.366036E+00 1.201891E+01
6.812200E+01 1.366822E+00 1.201966E+01
6.822100E+01 1.367608E+00 1.202041E+01
6.832000E+01 1.368391E+00 1.201642E+01
6.841900E+01 1.369174E+00 1.201719E+01
6.851800E+01 1.369956E+00 1.201796E+01
6.861700E+01 1.370736E+00 1.201873E+01
6.871600E+01 1.371515E+00 1.201950E+01
6.881500E+01 1.372293E+00 1.201556E+01
6.891400E+01 1.373070E+00 1.201634E+01
6.901300E+01 1.373846E+00 1.201713E+01
6.911200E+01 1.374621E+00 1.201792E+01
6.921100E+01 1.375394E+00 1.201401E+01
6.931000E+01 1.376166E+00 1.201481E+01
6.940900E+01 1.376937E+00 1.201562E+01
6.950800E+01 1.377707E+00 1.201643E+01
6.960700E+01 1.378476E+00 1.201724E+01
6.970600E+01 1.379244E+00 1.201337E+01
6.980500E+01 1.380010E+00 1.201419E+01
6.990400E+01 1.380775E+00 1.201501E+01
7.000300E+01 1.381540E+00 1.201584E+01
7.010200E+01 1.382303E+00 1.201200E+01
7.020100E+01 1.383065E+00 1.201284E+01
7.030000E+01 1.383826E+00 1.201368E+01
7.039900E+01 1.384585E+00 1.201453E+01
7.049800E+01 1.385344E+00 1.201072E+01
7.059700E+01 1.386101E+00 1.201157E+01
7.069600E+01 1.386858E+00 1.201243E+01
7.079500E+01 1.387613E+00 1.201329E+01
7.089400E+01 1.388367E+00 1.200951E+01
7.099300E+01 1.389120E+00 1.201038E+01
7.109200E+01 1.389872E+00 1.201125E+01
7.119100E+01 1.390623E+00 1.201213E+01
7.129000E+01 1.391372E+00 1.200839E+01
7.138900E+01 1.392121E+00 1.200927E+01
7.148800E+01 1.392869E+00 1.201016E+01
7.158700E+01 1.393615E+00 1.201105E+01
7.168600E+01 1.394360E+00 1.200734E+01
7.178500E+01 1.395104E+00 1.200823E+01
7.188400E+01 1.395848E+00 1.200914E+01
7.198300E+01 1.396590E+00 1.201004E+01
7.208200E+01 1.397331E+00 1.200636E+01
7.218100E+01 1.398071E+00 1.200727E+01
7.228000E+01 1.398809E+00 1.200819E+01
7.237900E+01 1.399547E+00 1.200911E+01
7.247800E+01 1.400284E+00 1.200546E+01
7.257700E+01 1.401019E+00 1.200638E+01
7.267600E+01 1.401754E+00 1.200732E+01
7.277500E+01 1.402487E+00 1.200825E+01
7.287400E+01 1.403220E+00 1.200463E+01
7.297300E+01 1.403951E+00 1.200557E+01
7.307200E+01 1.404681E+00 1.200651E+01
7.317100E+01 1.405410E+00 1.200746E+01
7.327000E+01 1.406139E+00 1.200387E+01
7.336900E+01 1.406866E+00 1.200482E+01
7.346800E+01 1.407592E+00 1.200578E+01
7.356700E+01 1.408317E+00 1.200674E+01
7.366600E+01 1.409041E+00 1.200318E+01
7.376500E+01 1.409764E+00 1.200415E+01
7.386400E+01 1.410486E+00 1.200512E+01
7.396300E+01 1.411206E+00 1.200158E+01
7.406200E+01 1.411926E+00 1.200256E+01
7.416100E+01 1.412645E+00 1.200354E+01
7.426000E+01 1.413363E+00 1.200452E+01
7.435900E+01 1.414079E+00 1.200101E+01
7.445800E+01 1.414795E+00 1.200200E+01
7.455700E+01 1.415510E+00 1.200300E+01
7.465600E+01 1.416223E+00 1.199951E+01
7.475500E+01 1.416936E+00 1.200051E+01
7.485400E+01 1.417648E+00 1.200152E+01
7.495300E+01 1.418358E+00 1.200252E+01
7.505200E+01 1.419068E+00 1.199906E+01
7.515100E+01 1.419777E+00 1.200008E+01
7.525000E+01 1.420484E+00 1.200109E+01
7.534900E+01 1.421191E+00 1.199765E+01
7.544800E+01 1.421896E+00 1.199868E+01
7.554700E+01 1.422601E+00 1.199971E+01
7.564600E+01 1.423304E+00 1.200074E+01
7.574500E+01 1.424007E+00 1.199732E+01
7.584400E+01 1.424708E+00 1.199836E+01
7.594300E+01 1.425409E+00 1.199940E+01
7.604200E+01 1.426109E+00 1.199600E+01
7.614100E+01 1.426807E+00 1.199705E+01
7.624000E+01 1.427505E+00 1.199810E+01
7.633900E+01 1.428201E+00 1.199473E+01
7.643800E+01 1.428897E+00 1.199578E+01
7.653700E+01 1.429592E+00 1.199684E+01
7.663600E+01 1.430285E+00 1.199791E+01
7.673500E+01 1.430978E+00 1.199456E+01
7.683400E+01 1.431670E+00 1.199563E+01
7.693300E+01 1.432361E+00 1.199670E+01
7.703200E+01 1.433050E+00 1.199337E+01
7.713100E+01 1.433739E+00 1.199445E+01
7.723000E+01 1.434427E+00 1.199553E+01
7.732900E+01 1.435114E+00 1.199222E+01
7.742800E+01 1.435800E+00 1.199331E+01
7.752700E+01 1.436485E+00 1.199440E+01
7.762600E+01 1.437169E+00 1.199111E+01
7.772500E+01 1.437852E+00 1.199220E+01
7.782400E+01 1.438534E+00 1.199330E+01
7.792300E+01 1.439215E+00 1.199440E+01
7.802200E+01 1.439896E+00 1.199114E+01
7.812100E+01 1.440575E+00 1.199225E+01
7.822000E+01 1.441253E+00 1.199336E+01
7.831900E+01 1.441931E+00 1.199011E+01
7.841800E+01 1.442607E+00 1.199123E+01
7.851700E+01 1.443283E+00 1.199235E+01
7.861600E+01 1.443957E+00 1.198912E+01
7.871500E+01 1.444631E+00 1.199024E+01
7.881400E+01 1.445304E+00 1.199137E+01
7.891300E+01 1.445975E+00 1.198816E+01
7.901200E+01 1.446646E+00 1.198930E+01
7.911100E+01 1.447316E+00 1.199043E+01
7.921000E+01 1.447985E+00 1.198724E+01
7.930900E+01 1.448653E+00 1.198839E+01
7.940800E+01 1.449320E+00 1.198953E+01
7.950700E+01 1.449987E+00 1.198636E+01
7.960600E+01 1.450652E+00 1.198751E+01
7.970500E+01 1.451316E+00 1.198866E+01
7.980400E+01 1.451980E+00 1.198551E+01
7.990300E+01 1.452643E+00 1.198667E+01
8.000200E+01 1.453304E+00 1.198783E+01
8.010100E+01 1.453965E+00 1.198470E+01
8.020000E+01 1.454625E+00 1.198586E+01
8.029900E+01 1.455284E+00 1.198703E+01
8.039800E+01 1.455942E+00 1.198391E+01
8.049700E+01 1.456599E+00 1.198509E+01
8.059600E+01 1.457255E+00 1.198627E+01
8.069500E+01 1.457911E+00 1.198317E+01
8.079400E+01 1.458565E+00 1.198435E+01
8.089300E+01 1.459219E+00 1.198553E+01
8.099200E+01 1.459872E+00 1.198245E+01
8.109100E+01 1.460523E+00 1.198364E+01
8.119000E+01 1.461174E+00 1.198484E+01
8.128900E+01 1.461824E+00 1.198177E+01
8.138800E+01 1.462473E+00 1.198297E+01
8.148700E+01 1.463122E+00 1.197992E+01
8.158600E+01 1.463769E+00 1.198112E+01
8.168500E+01 1.464416E+00 1.198233E+01
8.178400E+01 1.465061E+00 1.197930E+01
8.188300E+01 1.465706E+00 1.198051E+01
8.198200E+01 1.466350E+00 1.198172E+01
8.208100E+01 1.466993E+00 1.197870E+01
8.218000E+01 1.467635E+00 1.197992E+01
8.227900E+01 1.468276E+00 1.198114E+01
8.237800E+01 1.468917E+00 1.197814E+01
8.247700E+01 1.469557E+00 1.197937E+01
8.257600E+01 1.470195E+00 1.198060E+01
8.267500E+01 1.470833E+00 1.197761E+01
8.277400E+01 1.471470E+00 1.197885E+01
8.287300E+01 1.472106E+00 1.197588E+01
8.297200E+01 1.472741E+00 1.197712E+01
8.307100E+01 1.473376E+00 1.197836E+01
8.317000E+01 1.474010E+00 1.197540E+01
8.326900E+01 1.474642E+00 1.197665E+01
8.336800E+01 1.475274E+00 1.197789E+01
8.346700E+01 1.475905E+00 1.197496E+01
8.356600E+01 1.476535E+00 1.197621E+01
8.366500E+01 1.477165E+00 1.197328E+01
8.376400E+01 1.477793E+00 1.197454E+01
8.386300E+01 1.478421E+00 1.197580E+01
8.396200E+01 1.479048E+00 1.197289E+01
8.406100E+01 1.479674E+00 1.197416E+01
8.416000E+01 1.480299E+00 1.197542E+01
8.425900E+01 1.480923E+00 1.197253E+01
8.435800E+01 1.481547E+00 1.197380E+01
8.445700E+01 1.482170E+00 1.197092E+01
8.455600E+01 1.482791E+00 1.197219E+01
8.465500E+01 1.483412E+00 1.197347E+01
8.475400E+01 1.484033E+00 1.197060E+01
8.485300E+01 1.484652E+00 1.197189E+01
8.495200E+01 1.485271E+00 1.197317E+01
8.505100E+01 1.485888E+00 1.197032E+01
8.515000E+01 1.486505E+00 1.197161E+01
8.524900E+01 1.487121E+00 1.196877E+01
8.534800E+01 1.487737E+00 1.197006E+01
8.544700E+01 1.488351E+00 1.197136E+01
8.554600E+01 1.488965E+00 1.196853E+01
8.564500E+01 1.489578E+00 1.196984E+01
8.574400E+01 1.490190E+00 1.196702E+01
8.584300E+01 1.490801E+00 1.196833E+01
8.594200E+01 1.491412E+00 1.196964E+01
8.604100E+01 1.492021E+00 1.196684E+01
8.614000E+01 1.492630E+00 1.196815E+01
8.623900E+01 1.493238E+00 1.196946E+01
8.633800E+01 1.493845E+00 1.196668E+01
8.643700E+01 1.494452E+00 1.196800E+01
8.653600E+01 1.495058E+00 1.196522E+01
8.663500E+01 1.495663E+00 1.196655E+01
8.673400E+01 1.496267E+00 1.196787E+01
8.683300E+01 1.496870E+00 1.196511E+01
8.693200E+01 1.497472E+00 1.196644E+01
8.703100E+01 1.498074E+00 1.196369E+01
8.713000E+01 1.498675E+00 1.196503E+01
8.722900E+01 1.499275E+00 1.196636E+01
8.732800E+01 1.499875E+00 1.196363E+01
8.742700E+01 1.500473E+00 1.196497E+01
8.752600E+01 1.501071E+00 1.196224E+01
8.762500E+01 1.501668E+00 1.196359E+01
8.772400E+01 1.502264E+00 1.196087E+01
8.782300E+01 1.502860E+00 1.196222E+01
8.792200E+01 1.503455E+00 1.196357E+01
8.802100E+01 1.504049E+00 1.196087E+01
8.812000E+01 1.504642E+00 1.196223E+01
8.821900E+01 1.505234E+00 1.195954E+01
8.831800E+01 1.505826E+00 1.196090E+01
8.841700E+01 1.506417E+00 1.196226E+01
8.851600E+01 1.507007E+00 1.195958E+01
8.861500E+01 1.507596E+00 1.196095E+01
8.871400E+01 1.508185E+00 1.195828E+01
8.881300E+01 1.508773E+00 1.195965E+01
8.891200E+01 1.509360E+00 1.196102E+01
8.901100E+01 1.509946E+00 1.195837E+01
8.911000E+01 1.510532E+00 1.195975E+01
8.920900E+01 1.511117E+00 1.195710E+01
8.930800E+01 1.511701E+00 1.195848E+01
8.940700E+01 1.512284E+00 1.195585E+01
8.950600E+01 1.512867E+00 1.195723E+01
8.960500E+01 1.513449E+00 1.195862E+01
8.970400E+01 1.514030E+00 1.195600E+01
8.980300E+01 1.514610E+00 1.195739E+01
8.990200E+01 1.515190E+00 1.195478E+01
9.000100E+01 1.515768E+00 1.195617E+01
9.010000E+01 1.516347E+00 1.195357E+01
9.019900E+01 1.516924E+00 1.195497E+01
9.029800E+01 1.517501E+00 1.195637E+01
9.039700E+01 1.518077E+00 1.195378E+01
9.049600E+01 1.518652E+00 1.195519E+01
9.059500E+01 1.519226E+00 1.195261E+01
9.069400E+01 1.519800E+00 1.195402E+01
9.079300E+01 1.520373E+00 1.195145E+01
9.089200E+01 1.520945E+00 1.195286E+01
9.099100E+01 1.521517E+00 1.195427E+01
9.109000E+01 1.522087E+00 1.195172E+01
9.118900E+01 1.522658E+00 1.195313E+01
9.128800E+01 1.523227E+00 1.195059E+01
9.138700E+01 1.523796E+00 1.195201E+01
9.148600E+01 1.524363E+00 1.194947E+01
9.158500E+01 1.524931E+00 1.195089E+01
9.168400E+01 1.525497E+00 1.195232E+01
9.178300E+01 1.526063E+00 1.194979E+01
9.188200E+01 1.526628E+00 1.195122E+01
9.198100E+01 1.527192E+00 1.194871E+01
9.208000E+01 1.527756E+00 1.195014E+01
9.217900E+01 1.528319E+00 1.194764E+01
9.227800E+01 1.528881E+00 1.194907E+01
9.237700E+01 1.529443E+00 1.194658E+01
9.247600E+01 1.530003E+00 1.194802E+01
9.257500E+01 1.530563E+00 1.194946E+01
9.267400E+01 1.531123E+00 1.194697E+01
9.277300E+01 1.531682E+00 1.194842E+01
9.287200E+01 1.532239E+00 1.194594E+01
9.297100E+01 1.532797E+00 1.194739E+01
9.307000E+01 1.533353E+00 1.194492E+01
9.316900E+01 1.533909E+00 1.194638E+01
9.326800E+01 1.534464E+00 1.194392E+01
9.336700E+01 1.535019E+00 1.194538E+01
9.346600E+01 1.535573E+00 1.194293E+01
9.356500E+01 1.536126E+00 1.194439E+01
9.366400E+01 1.536678E+00 1.194585E+01
9.376300E+01 1.537230E+00 1.194341E+01
9.386200E+01 1.537781E+00 1.194487E+01
9.396100E+01 1.538331E+00 1.194245E+01
9.406000E+01 1.538881E+00 1.194391E+01
9.415900E+01 1.539430E+00 1.194149E+01
9.425800E+01 1.539978E+00 1.194297E+01
9.435700E+01 1.540526E+00 1.194056E+01
9.445600E+01 1.541073E+00 1.194203E+01
9.455500E+01 1.541619E+00 1.193963E+01
9.465400E+01 1.542165E+00 1.194111E+01
9.475300E+01 1.542710E+00 1.193871E+01
9.485200E+01 1.543254E+00 1.194019E+01
9.495100E+01 1.543798E+00 1.194168E+01
9.505000E+01 1.544340E+00 1.193929E+01
9.514900E+01 1.544883E+00 1.194078E+01
9.524800E+01 1.545424E+00 1.193841E+01
9.534700E+01 1.545965E+00 1.193989E+01
9.544600E+01 1.546505E+00 1.193753E+01
9.554500E+01 1.547045E+00 1.193902E+01
9.564400E+01 1.547584E+00 1.193666E+01
9.574300E+01 1.548122E+00 1.193816E+01
9.584200E+01 1.548659E+00 1.193581E+01
9.594100E+01 1.549196E+00 1.193731E+01
9.604000E+01 1.549733E+00 1.193497E+01
9.613900E+01 1.550268E+00 1.193647E+01
9.623800E+01 1.550803E+00 1.193414E+01
9.633700E+01 1.551337E+00 1.193564E+01
9.643600E+01 1.551871E+00 1.193332E+01
9.653500E+01 1.552404E+00 1.193483E+01
9.663400E+01 1.552936E+00 1.193634E+01
9.673300E+01 1.553468E+00 1.193402E+01
9.683200E+01 1.553999E+00 1.193554E+01
9.693100E+01 1.554529E+00 1.193323E+01
9.703000E+01 1.555059E+00 1.193475E+01
9.712900E+01 1.555588E+00 1.193245E+01
9.722800E+01 1.556116E+00 1.193397E+01
9.732700E+01 1.556644E+00 1.193168E+01
9.742600E+01 1.557171E+00 1.193320E+01
9.752500E+01 1.557698E+00 1.193092E+01
9.762400E+01 1.558224E+00 1.193244E+01
9.772300E+01 1.558749E+00 1.193017E+01
9.782200E+01 1.559273E+00 1.193170E+01
9.792100E+01 1.559797E+00 1.192943E+01
9.802000E+01 1.560320E+00 1.193096E+01
9.811900E+01 1.560843E+00 1.192871E+01
9.821800E+01 1.561365E+00 1.193024E+01
9.831700E+01 1.561887E+00 1.192799E+01
9.841600E+01 1.562407E+00 1.192953E+01
9.851500E+01 1.562927E+00 1.192728E+01
9.861400E+01 1.563447E+00 1.192882E+01
9.871300E+01 1.563966E+00 1.192659E+01
9.881200E+01 1.564484E+00 1.192813E+01
9.891100E+01 1.565002E+00 1.192590E+01
9.901000E+01 1.565519E+00 1.192745E+01
9.910900E+01 1.566035E+00 1.192523E+01
9.920800E+01 1.566551E+00 1.192678E+01
9.930700E+01 1.567066E+00 1.192457E+01
9.940600E+01 1.567580E+00 1.192612E+01
9.950500E+01 1.568094E+00 1.192391E+01
9.960400E+01 1.568607E+00 1.192547E+01
9.970300E+01 1.569120E+00 1.192327E+01
9.980200E+01 1.569632E+00 1.192483E+01
9.990100E+01 1.570143E+00 1.192264E+01
1.000000E+02 1.570654E+00 1.192420E+01
1.009000E+02 1.575270E+00 1.191909E+01
1.018000E+02 1.579835E+00 1.191792E+01
1.027000E+02 1.584352E+00 1.191325E+01
1.036000E+02 1.588820E+00 1.191246E+01
1.045000E+02 1.593241E+00 1.190819E+01
1.054000E+02 1.597615E+00 1.190414E+01
1.063000E+02 1.601944E+00 1.190389E+01
1.072000E+02 1.606226E+00 1.190022E+01
1.081000E+02 1.610465E+00 1.189673E+01
1.090000E+02 1.614659E+00 1.189344E+01
1.099000E+02 1.618810E+00 1.189032E+01
1.108000E+02 1.622918E+00 1.188739E+01
1.117000E+02 1.626985E+00 1.188462E+01
1.126000E+02 1.631010E+00 1.188203E+01
1.135000E+02 1.634994E+00 1.187960E+01
1.144000E+02 1.638938E+00 1.187388E+01
1.153000E+02 1.642843E+00 1.187179E+01
1.162000E+02 1.646709E+00 1.186985E+01
1.171000E+02 1.650536E+00 1.186466E+01
1.180000E+02 1.654326E+00 1.186303E+01
1.189000E+02 1.658078E+00 1.186155E+01
1.198000E+02 1.661794E+00 1.185685E+01
1.207000E+02 1.665473E+00 1.185231E+01
1.216000E+02 1.669116E+00 1.185127E+01
1.225000E+02 1.672725E+00 1.184704E+01
1.234000E+02 1.676298E+00 1.184297E+01
1.243000E+02 1.679838E+00 1.184234E+01
1.252000E+02 1.683343E+00 1.183855E+01
1.261000E+02 1.686816E+00 1.183492E+01
1.270000E+02 1.690255E+00 1.183142E+01
1.279000E+02 1.693662E+00 1.182807E+01
1.288000E+02 1.697037E+00 1.182486E+01
1.297000E+02 1.700381E+00 1.182178E+01
1.306000E+02 1.703693E+00 1.181883E+01
1.315000E+02 1.706975E+00 1.181601E+01
1.324000E+02 1.710226E+00 1.181332E+01
1.333000E+02 1.713448E+00 1.181075E+01
1.342000E+02 1.716640E+00 1.180831E+01
1.351000E+02 1.719803E+00 1.180286E+01
1.360000E+02 1.722937E+00 1.180066E+01
1.369000E+02 1.726043E+00 1.179858E+01
1.378000E+02 1.729121E+00 1.179352E+01
1.387000E+02 1.732171E+00 1.179168E+01
1.396000E+02 1.735194E+00 1.178994E+01
1.405000E+02 1.738190E+00 1.178525E+01
1.414000E+02 1.741159E+00 1.178373E+01
1.423000E+02 1.744103E+00 1.177928E+01
1.432000E+02 1.747020E+00 1.177496E+01
1.441000E+02 1.749911E+00 1.177377E+01
1.450000E+02 1.752778E+00 1.176967E+01
1.459000E+02 1.755619E+00 1.176868E+01
1.468000E+02 1.758436E+00 1.176480E+01
1.477000E+02 1.761228E+00 1.176103E+01
1.486000E+02 1.763996E+00 1.175738E+01
1.495000E+02 1.766741E+00 1.175383E+01
1.504000E+02 1.769461E+00 1.175039E+01
1.513000E+02 1.772159E+00 1.174998E+01
1.522000E+02 1.774834E+00 1.174673E+01
1.531000E+02 1.777486E+00 1.174359E+01
1.540000E+02 1.780116E+00 1.174055E+01
1.549000E+02 1.782724E+00 1.173760E+01
1.558000E+02 1.785309E+00 1.173475E+01
1.567000E+02 1.787873E+00 1.172913E+01
1.576000E+02 1.790416E+00 1.172648E+01
1.585000E+02 1.792938E+00 1.172392E+01
1.594000E+02 1.795439E+00 1.172145E+01
1.603000E+02 1.797919E+00 1.171907E+01
1.612000E+02 1.800379E+00 1.171395E+01
1.621000E+02 1.802819E+00 1.171175E+01
1.630000E+02 1.805238E+00 1.170964E+01
1.639000E+02 1.807638E+00 1.170481E+01
1.648000E+02 1.810019E+00 1.170287E+01
1.657000E+02 1.812380E+00 1.170101E+01
1.666000E+02 1.814723E+00 1.169646E+01
1.675000E+02 1.817046E+00 1.169476E+01
1.684000E+02 1.819351E+00 1.169039E+01
1.693000E+02 1.821637E+00 1.168885E+01
1.702000E+02 1.823905E+00 1.168465E+01
1.711000E+02 1.826156E+00 1.168055E+01
1.720000E+02 1.828388E+00 1.167925E+01
1.729000E+02 1.830603E+00 1.167530E+01
1.738000E+02 1.832800E+00 1.167415E+01
1.747000E+02 1.834980E+00 1.167037E+01
1.756000E+02 1.837143E+00 1.166668E+01
1.765000E+02 1.839290E+00 1.166307E+01
1.774000E+02 1.841419E+00 1.166220E+01
1.783000E+02 1.843532E+00 1.165874E+01
1.792000E+02 1.845629E+00 1.165536E+01
1.801000E+02 1.847709E+00 1.165206E+01
1.810000E+02 1.849774E+00 1.164883E+01
1.819000E+02 1.851822E+00 1.164568E+01
1.828000E+02 1.853855E+00 1.164260E+01
1.837000E+02 1.855873E+00 1.163960E+01
1.846000E+02 1.857875E+00 1.163667E+01
1.855000E+02 1.859862E+00 1.163381E+01
1.864000E+02 1.861834E+00 1.163102E+01
1.873000E+02 1.863791E+00 1.162830E+01
1.882000E+02 1.865734E+00 1.162564E+01
1.891000E+02 1.867662E+00 1.162306E+01
1.900000E+02 1.869575E+00 1.162054E+01
1.909000E+02 1.871474E+00 1.161553E+01
1.918000E+02 1.873359E+00 1.161315E+01
1.927000E+02 1.875230E+00 1.161083E+01
1.936000E+02 1.877088E+00 1.160858E+01
1.945000E+02 1.878931E+00 1.160385E+01
1.954000E+02 1.880761E+00 1.160173E+01
1.963000E+02 1.882578E+00 1.159967E+01
1.972000E+02 1.884381E+00 1.159515E+01
1.981000E+02 1.886171E+00 1.159322E+01
1.990000E+02 1.887948E+00 1.159134E+01
1.999000E+02 1.889712E+00 1.158702E+01
2.008000E+02 1.891463E+00 1.158526E+01
2.017000E+02 1.893202E+00 1.158108E+01
2.026000E+02 1.894928E+00 1.157944E+01
2.035000E+02 1.896642E+00 1.157538E+01
2.044000E+02 1.898343E+00 1.157386E+01
2.053000E+02 1.900033E+00 1.156993E+01
2.062000E+02 1.901710E+00 1.156852E+01
2.071000E+02 1.903375E+00 1.156471E+01
2.080000E+02 1.905028E+00 1.156096E+01
2.089000E+02 1.906670E+00 1.155972E+01
2.098000E+02 1.908300E+00 1.155609E+01
2.107000E+02 1.909919E+00 1.155253E+01
2.116000E+02 1.911526E+00 1.155144E+01
2.125000E+02 1.913122E+00 1.154799E+01
2.134000E+02 1.914706E+00 1.154459E+01
2.143000E+02 1.916280E+00 1.154126E+01
2.152000E+02 1.917843E+00 1.154038E+01
2.161000E+02 1.919394E+00 1.153715E+01
2.170000E+02 1.920935E+00 1.153398E+01
2.179000E+02 1.922466E+00 1.153087E+01
2.188000E+02 1.923985E+00 1.152781E+01
2.197000E+02 1.925495E+00 1.152481E+01
2.206000E+02 1.926993E+00 1.152186E+01
2.215000E+02 1.928482E+00 1.151896E+01
2.224000E+02 1.929960E+00 1.151612E+01
2.233000E+02 1.931429E+00 1.151333E+01
2.242000E+02 1.932887E+00 1.151058E+01
2.251000E+02 1.934335E+00 1.150789E+01
2.260000E+02 1.935774E+00 1.150525E+01
2.269000E+02 1.937203E+00 1.150266E+01
2.278000E+02 1.938622E+00 1.150012E+01
2.287000E+02 1.940031E+00 1.149763E+01
2.296000E+02 1.941431E+00 1.149519E+01
2.305000E+02 1.942822E+00 1.149279E+01
2.314000E+02 1.944203E+00 1.149044E+01
2.323000E+02 1.945575E+00 1.148814E+01
2.332000E+02 1.946938E+00 1.148359E+01
2.341000E+02 1.948292E+00 1.148139E+01
2.350000E+02 1.949637E+00 1.147922E+01
2.359000E+02 1.950972E+00 1.147711E+01
2.368000E+02 1.952300E+00 1.147276E+01
2.377000E+02 1.953618E+00 1.147074E+01
2.386000E+02 1.954927E+00 1.146876E+01
2.395000E+02 1.956228E+00 1.146456E+01
2.404000E+02 1.957521E+00 1.146267E+01
2.413000E+02 1.958805E+00 1.146082E+01
2.422000E+02 1.960080E+00 1.145677E+01
2.431000E+02 1.961347E+00 1.145501E+01
2.440000E+02 1.962606E+00 1.145105E+01
2.449000E+02 1.963857E+00 1.144938E+01
2.458000E+02 1.965099E+00 1.144774E+01
2.467000E+02 1.966334E+00 1.144392E+01
2.476000E+02 1.967561E+00 1.144237E+01
2.485000E+02 1.968779E+00 1.143864E+01
2.494000E+02 1.969990E+00 1.143717E+01
2.503000E+02 1.971193E+00 1.143353E+01
2.512000E+02 1.972388E+00 1.142993E+01
2.521000E+02 1.973576E+00 1.142858E+01
2.530000E+02 1.974756E+00 1.142507E+01
2.539000E+02 1.975928E+00 1.142380E+01
2.548000E+02 1.977093E+00 1.142037E+01
2.557000E+02 1.978251E+00 1.141699E+01
2.566000E+02 1.979401E+00 1.141584E+01
2.575000E+02 1.980544E+00 1.141254E+01
2.584000E+02 1.981679E+00 1.140928E+01
2.593000E+02 1.982808E+00 1.140824E+01
2.602000E+02 1.983929E+00 1.140506E+01
2.611000E+02 1.985044E+00 1.140193E+01
2.620000E+02 1.986151E+00 1.139884E+01
2.629000E+02 1.987251E+00 1.139793E+01
2.638000E+02 1.988345E+00 1.139492E+01
2.647000E+02 1.989431E+00 1.139195E+01
2.656000E+02 1.990511E+00 1.138901E+01
2.665000E+02 1.991584E+00 1.138611E+01
2.674000E+02 1.992651E+00 1.138539E+01
2.683000E+02 1.993711E+00 1.138256E+01
2.692000E+02 1.994764E+00 1.137978E+01
2.701000E+02 1.995811E+00 1.137704E+01
2.710000E+02 1.996851E+00 1.137433E+01
2.719000E+02 1.997885E+00 1.137166E+01
2.728000E+02 1.998912E+00 1.136902E+01
2.737000E+02 1.999933E+00 1.136642E+01
2.746000E+02 2.000948E+00 1.136386E+01
2.755000E+02 2.001957E+00 1.136134E+01
2.764000E+02 2.002959E+00 1.135885E+01
2.773000E+02 2.003956E+00 1.135639E+01
2.782000E+02 2.004946E+00 1.135397E+01
2.791000E+02 2.005930E+00 1.135159E+01
2.800000E+02 2.006908E+00 1.134924E+01
2.809000E+02 2.007881E+00 1.134692E+01
2.818000E+02 2.008847E+00 1.134464E+01
2.827000E+02 2.009808E+00 1.134239E+01
2.836000E+02 2.010762E+00 1.134017E+01
2.845000E+02 2.011711E+00 1.133593E+01
2.854000E+02 2.012654E+00 1.133378E+01
2.863000E+02 2.013592E+00 1.133167E+01
2.872000E+02 2.014524E+00 1.132959E+01
2.881000E+02 2.015450E+00 1.132754E+01
2.890000E+02 2.016371E+00 1.132552E+01
2.899000E+02 2.017286E+00 1.132149E+01
2.908000E+02 2.018196E+00 1.131954E+01
2.917000E+02 2.019101E+00 1.131762E+01
2.926000E+02 2.020000E+00 1.131572E+01
2.935000E+02 2.020893E+00 1.131183E+01
2.944000E+02 2.021782E+00 1.131001E+01
2.953000E+02 2.022665E+00 1.130821E+01
2.962000E+02 2.023542E+00 1.130442E+01
2.971000E+02 2.024415E+00 1.130268E+01
2.980000E+02 2.025282E+00 1.130098E+01
2.989000E+02 2.026145E+00 1.129729E+01
2.998000E+02 2.027002E+00 1.129564E+01
3.007000E+02 2.027854E+00 1.129403E+01
3.016000E+02 2.028702E+00 1.129044E+01
3.025000E+02 2.029544E+00 1.128888E+01
3.034000E+02 2.030381E+00 1.128535E+01
3.043000E+02 2.031213E+00 1.128385E+01
3.052000E+02 2.032041E+00 1.128039E+01
3.061000E+02 2.032864E+00 1.127895E+01
3.070000E+02 2.033682E+00 1.127753E+01
3.079000E+02 2.034495E+00 1.127416E+01
3.088000E+02 2.035303E+00 1.127280E+01
3.097000E+02 2.036107E+00 1.126949E+01
3.106000E+02 2.036906E+00 1.126622E+01
3.115000E+02 2.037700E+00 1.126494E+01
3.124000E+02 2.038490E+00 1.126172E+01
3.133000E+02 2.039276E+00 1.126050E+01
3.142000E+02 2.040056E+00 1.125734E+01
3.151000E+02 2.040833E+00 1.125617E+01
3.160000E+02 2.041604E+00 1.125307E+01
3.169000E+02 2.042372E+00 1.125001E+01
3.178000E+02 2.043135E+00 1.124891E+01
3.187000E+02 2.043893E+00 1.124590E+01
3.196000E+02 2.044647E+00 1.124486E+01
3.205000E+02 2.045397E+00 1.124191E+01
3.214000E+02 2.046143E+00 1.123898E+01
3.223000E+02 2.046884E+00 1.123608E+01
3.232000E+02 2.047621E+00 1.123515E+01
3.241000E+02 2.048354E+00 1.123230E+01
3.250000E+02 2.049083E+00 1.122949E+01
3.259000E+02 2.049808E+00 1.122862E+01
3.268000E+02 2.050528E+00 1.122586E+01
3.277000E+02 2.051244E+00 1.122313E+01
3.286000E+02 2.051957E+00 1.122043E+01
3.295000E+02 2.052665E+00 1.121966E+01
3.304000E+02 2.053369E+00 1.121700E+01
3.313000E+02 2.054070E+00 1.121438E+01
3.322000E+02 2.054766E+00 1.121178E+01
3.331000E+02 2.055459E+00 1.120920E+01
3.340000E+02 2.056147E+00 1.120666E+01
3.349000E+02 2.056832E+00 1.120603E+01
3.358000E+02 2.057513E+00 1.120353E+01
3.367000E+02 2.058190E+00 1.120106E+01
3.376000E+02 2.058863E+00 1.119861E+01
3.385000E+02 2.059532E+00 1.119619E+01
3.394000E+02 2.060198E+00 1.119380E+01
3.403000E+02 2.060860E+00 1.119143E+01
3.412000E+02 2.061519E+00 1.118908E+01
3.421000E+02 2.062173E+00 1.118676E+01
3.430000E+02 2.062824E+00 1.118447E+01
3.439000E+02 2.063472E+00 1.118219E+01
3.448000E+02 2.064115E+00 1.117995E+01
3.457000E+02 2.064756E+00 1.117772E+01
3.466000E+02 2.065392E+00 1.117552E+01
3.475000E+02 2.066025E+00 1.117335E+01
3.484000E+02 2.066655E+00 1.117120E+01
3.493000E+02 2.067281E+00 1.116907E+01
3.502000E+02 2.067904E+00 1.116696E+01
3.511000E+02 2.068523E+00 1.116488E+01
3.520000E+02 2.069139E+00 1.116282E+01
3.529000E+02 2.069751E+00 1.116078E+01
3.538000E+02 2.070360E+00 1.115877E+01
3.547000E+02 2.070966E+00 1.115678E+01
3.556000E+02 2.071569E+00 1.115481E+01
3.565000E+02 2.072168E+00 1.115286E+01
3.574000E+02 2.072764E+00 1.115094E+01
3.583000E+02 2.073356E+00 1.114904E+01
3.592000E+02 2.073945E+00 1.114533E+01
3.601000E+02 2.074531E+00 1.114347E+01
3.610000E+02 2.075114E+00 1.114163E+01
3.619000E+02 2.075694E+00 1.113982E+01
3.628000E+02 2.076271E+00 1.113803E+01
3.637000E+02 2.076844E+00 1.113444E+01
3.646000E+02 2.077414E+00 1.113269E+01
3.655000E+02 2.077981E+00 1.113096E+01
3.664000E+02 2.078545E+00 1.112925E+01
3.673000E+02 2.079106E+00 1.112757E+01
3.682000E+02 2.079664E+00 1.112409E+01
3.691000E+02 2.080219E+00 1.112245E+01
3.700000E+02 2.080771E+00 1.112082E+01
3.709000E+02 2.081320E+00 1.111922E+01
3.718000E+02 2.081866E+00 1.111584E+01
3.727000E+02 2.082409E+00 1.111428E+01
3.736000E+02 2.082949E+00 1.111273E+01
3.745000E+02 2.083486E+00 1.110942E+01
3.754000E+02 2.084021E+00 1.110792E+01
3.763000E+02 2.084552E+00 1.110644E+01
3.772000E+02 2.085081E+00 1.110319E+01
3.781000E+02 2.085606E+00 1.110175E+01
3.790000E+02 2.086129E+00 1.110032E+01
3.799000E+02 2.086649E+00 1.109714E+01
3.808000E+02 2.087166E+00 1.109576E+01
3.817000E+02 2.087681E+00 1.109262E+01
3.826000E+02 2.088193E+00 1.109127E+01
3.835000E+02 2.088702E+00 1.108994E+01
3.844000E+02 2.089208E+00 1.108687E+01
3.853000E+02 2.089711E+00 1.108558E+01
3.862000E+02 2.090212E+00 1.108254E+01
3.871000E+02 2.090710E+00 1.108129E+01
3.880000E+02 2.091206E+00 1.107830E+01
3.889000E+02 2.091699E+00 1.107709E+01
3.898000E+02 2.092189E+00 1.107589E+01
3.907000E+02 2.092677E+00 1.107296E+01
3.916000E+02 2.093162E+00 1.107180E+01
3.925000E+02 2.093644E+00 1.106891E+01
3.934000E+02 2.094124E+00 1.106778E+01
3.943000E+02 2.094601E+00 1.106493E+01
3.952000E+02 2.095076E+00 1.106210E+01
3.961000E+02 2.095549E+00 1.106103E+01
3.970000E+02 2.096018E+00 1.105824E+01
3.979000E+02 2.096486E+00 1.105721E+01
3.988000E+02 2.096950E+00 1.105445E+01
3.997000E+02 2.097413E+00 1.105345E+01
4.006000E+02 2.097873E+00 1.105074E+01
4.015000E+02 2.098330E+00 1.104804E+01
4.024000E+02 2.098785E+00 1.104710E+01
4.033000E+02 2.099238E+00 1.104444E+01
4.042000E+02 2.099688E+00 1.104353E+01
4.051000E+02 2.100136E+00 1.104091E+01
4.060000E+02 2.100581E+00 1.103830E+01
4.069000E+02 2.101025E+00 1.103744E+01
4.078000E+02 2.101465E+00 1.103488E+01
4.087000E+02 2.101904E+00 1.103233E+01
4.096000E+02 2.102340E+00 1.103152E+01
4.105000E+02 2.102774E+00 1.102901E+01
4.114000E+02 2.103206E+00 1.102652E+01
4.123000E+02 2.103635E+00 1.102576E+01
4.132000E+02 2.104062E+00 1.102330E+01
4.141000E+02 2.104487E+00 1.102086E+01
4.150000E+02 2.104910E+00 1.102015E+01
4.159000E+02 2.105330E+00 1.101775E+01
4.168000E+02 2.105748E+00 1.101536E+01
4.177000E+02 2.106164E+00 1.101300E+01
4.186000E+02 2.106578E+00 1.101235E+01
4.195000E+02 2.106990E+00 1.101001E+01
4.204000E+02 2.107399E+00 1.100770E+01
4.213000E+02 2.107807E+00 1.100540E+01
4.222000E+02 2.108212E+00 1.100312E+01
4.231000E+02 2.108615E+00 1.100255E+01
4.240000E+02 2.109016E+00 1.100030E+01
4.249000E+02 2.109415E+00 1.099807E+01
4.258000E+02 2.109812E+00 1.099586E+01
4.267000E+02 2.110207E+00 1.099367E+01
4.276000E+02 2.110599E+00 1.099317E+01
4.285000E+02 2.110990E+00 1.099101E+01
4.294000E+02 2.111378E+00 1.098886E+01
4.303000E+02 2.111765E+00 1.098673E+01
4.312000E+02 2.112150E+00 1.098462E+01
4.321000E+02 2.112532E+00 1.098253E+01
4.330000E+02 2.112913E+00 1.098045E+01
4.339000E+02 2.113291E+00 1.097838E+01
4.348000E+02 2.113668E+00 1.097800E+01
4.357000E+02 2.114043E+00 1.097597E+01
4.366000E+02 2.114416E+00 1.097396E+01
4.375000E+02 2.114786E+00 1.097196E+01
4.384000E+02 2.115155E+00 1.096997E+01
4.393000E+02 2.115522E+00 1.096800E+01
4.402000E+02 2.115887E+00 1.096605E+01
4.411000E+02 2.116250E+00 1.096411E+01
4.420000E+02 2.116612E+00 1.096219E+01
4.429000E+02 2.116971E+00 1.096029E+01
4.438000E+02 2.117329E+00 1.095840E+01
4.447000E+02 2.117684E+00 1.095652E+01
4.456000E+02 2.118038E+00 1.095466E+01
4.465000E+02 2.118390E+00 1.095282E+01
4.474000E+02 2.118740E+00 1.095099E+01
4.483000E+02 2.119089E+00 1.094918E+01
4.492000E+02 2.119435E+00 1.094738E+01
4.501000E+02 2.119780E+00 1.094559E+01
4.510000E+02 2.120123E+00 1.094382E+01
4.519000E+02 2.120464E+00 1.094207E+01
4.528000E+02 2.120804E+00 1.094033E+01
4.537000E+02 2.121141E+00 1.093861E+01
4.546000E+02 2.121477E+00 1.093689E+01
4.555000E+02 2.121811E+00 1.093520E+01
4.564000E+02 2.122144E+00 1.093352E+01
4.573000E+02 2.122475E+00 1.093022E+01
4.582000E+02 2.122804E+00 1.092857E+01
4.591000E+02 2.123131E+00 1.092693E+01
4.600000E+02 2.123457E+00 1.092531E+01
4.609000E+02 2.123781E+00 1.092370E+01
4.618000E+02 2.124103E+00 1.092210E+01
4.627000E+02 2.124424E+00 1.092052E+01
4.636000E+02 2.124743E+00 1.091895E+01
4.645000E+02 2.125060E+00 1.091740E+01
4.654000E+02 2.125376E+00 1.091424E+01
4.663000E+02 2.125690E+00 1.091272E+01
4.672000E+02 2.126002E+00 1.091121E+01
4.681000E+02 2.126313E+00 1.090971E+01
4.690000E+02 2.126622E+00 1.090822E+01
4.699000E+02 2.126930E+00 1.090514E+01
4.708000E+02 2.127236E+00 1.090369E+01
4.717000E+02 2.127540E+00 1.090224E+01
4.726000E+02 2.127843E+00 1.090081E+01
4.735000E+02 2.128145E+00 1.089939E+01
4.744000E+02 2.128444E+00 1.089639E+01
4.753000E+02 2.128743E+00 1.089500E+01
4.762000E+02 2.129039E+00 1.089362E+01
4.771000E+02 2.129335E+00 1.089226E+01
4.780000E+02 2.129628E+00 1.088931E+01
4.789000E+02 2.129920E+00 1.088797E+01
4.798000E+02 2.130211E+00 1.088665E+01
4.807000E+02 2.130500E+00 1.088534E+01
4.816000E+02 2.130788E+00 1.088245E+01
4.825000E+02 2.131074E+00 1.088116E+01
4.834000E+02 2.131359E+00 1.087989E+01
4.843000E+02 2.131642E+00 1.087704E+01
4.852000E+02 2.131924E+00 1.087579E+01
4.861000E+02 2.132204E+00 1.087456E+01
4.870000E+02 2.132483E+00 1.087333E+01
4.879000E+02 2.132760E+00 1.087054E+01
4.888000E+02 2.133036E+00 1.086934E+01
4.897000E+02 2.133311E+00 1.086816E+01
4.906000E+02 2.133584E+00 1.086541E+01
4.915000E+02 2.133856E+00 1.086425E+01
4.924000E+02 2.134126E+00 1.086153E+01
4.933000E+02 2.134395E+00 1.086039E+01
4.942000E+02 2.134663E+00 1.085926E+01
4.951000E+02 2.134929E+00 1.085658E+01
4.960000E+02 2.135194E+00 1.085548E+01
4.969000E+02 2.135457E+00 1.085439E+01
4.978000E+02 2.135719E+00 1.085175E+01
4.987000E+02 2.135980E+00 1.085069E+01
4.996000E+02 2.136239E+00 1.084807E+01
5.005000E+02 2.136497E+00 1.084703E+01
5.014000E+02 2.136754E+00 1.084444E+01
5.023000E+02 2.137009E+00 1.084343E+01
5.032000E+02 2.137264E+00 1.084242E+01
5.041000E+02 2.137516E+00 1.083987E+01
5.050000E+02 2.137768E+00 1.083889E+01
5.059000E+02 2.138018E+00 1.083637E+01
5.068000E+02 2.138267E+00 1.083541E+01
5.077000E+02 2.138514E+00 1.083291E+01
5.086000E+02 2.138761E+00 1.083197E+01
5.095000E+02 2.139006E+00 1.082950E+01
5.104000E+02 2.139249E+00 1.082859E+01
5.113000E+02 2.139492E+00 1.082614E+01
5.122000E+02 2.139733E+00 1.082525E+01
5.131000E+02 2.139973E+00 1.082283E+01
5.140000E+02 2.140212E+00 1.082196E+01
5.149000E+02 2.140449E+00 1.081956E+01
5.158000E+02 2.140686E+00 1.081871E+01
5.167000E+02 2.140921E+00 1.081634E+01
5.176000E+02 2.141155E+00 1.081551E+01
5.185000E+02 2.141387E+00 1.081317E+01
5.194000E+02 2.141619E+00 1.081236E+01
5.203000E+02 2.141849E+00 1.081004E+01
5.212000E+02 2.142078E+00 1.080926E+01
5.221000E+02 2.142306E+00 1.080696E+01
5.230000E+02 2.142532E+00 1.080467E+01
5.239000E+02 2.142758E+00 1.080392E+01
5.248000E+02 2.142982E+00 1.080165E+01
5.257000E+02 2.143205E+00 1.080093E+01
5.266000E+02 2.143427E+00 1.079868E+01
5.275000E+02 2.143648E+00 1.079645E+01
5.284000E+02 2.143868E+00 1.079576E+01
5.293000E+02 2.144086E+00 1.079355E+01
5.302000E+02 2.144304E+00 1.079288E+01
5.311000E+02 2.144520E+00 1.079069E+01
5.320000E+02 2.144735E+00 1.078852E+01
5.329000E+02 2.144949E+00 1.078788E+01
5.338000E+02 2.145162E+00 1.078573E+01
5.347000E+02 2.145374E+00 1.078359E+01
5.356000E+02 2.145585E+00 1.078298E+01
5.365000E+02 2.145794E+00 1.078086E+01
5.374000E+02 2.146003E+00 1.077876E+01
5.383000E+02 2.146210E+00 1.077818E+01
5.392000E+02 2.146416E+00 1.077609E+01
5.401000E+02 2.146622E+00 1.077402E+01
5.410000E+02 2.146826E+00 1.077347E+01
5.419000E+02 2.147029E+00 1.077142E+01
5.428000E+02 2.147231E+00 1.076939E+01
5.437000E+02 2.147432E+00 1.076886E+01
5.446000E+02 2.147632E+00 1.076685E+01
5.455000E+02 2.147831E+00 1.076484E+01
5.464000E+02 2.148029E+00 1.076285E+01
5.473000E+02 2.148225E+00 1.076237E+01
5.482000E+02 2.148421E+00 1.076039E+01
5.491000E+02 2.148616E+00 1.075843E+01
5.500000E+02 2.148810E+00 1.075648E+01
5.509000E+02 2.149002E+00 1.075604E+01
5.518000E+02 2.149194E+00 1.075411E+01
5.527000E+02 2.149385E+00 1.075219E+01
5.536000E+02 2.149574E+00 1.075028E+01
5.545000E+02 2.149763E+00 1.074988E+01
5.554000E+02 2.149951E+00 1.074799E+01
5.563000E+02 2.150137E+00 1.074611E+01
5.572000E+02 2.150323E+00 1.074424E+01
5.581000E+02 2.150508E+00 1.074239E+01
5.590000E+02 2.150691E+00 1.074203E+01
5.599000E+02 2.150874E+00 1.074019E+01
5.608000E+02 2.151056E+00 1.073837E+01
5.617000E+02 2.151237E+00 1.073655E+01
5.626000E+02 2.151416E+00 1.073475E+01
5.635000E+02 2.151595E+00 1.073444E+01
5.644000E+02 2.151773E+00 1.073265E+01
5.653000E+02 2.151950E+00 1.073088E+01
5.662000E+02 2.152126E+00 1.072911E+01
5.671000E+02 2.152302E+00 1.072736E+01
5.680000E+02 2.152476E+00 1.072562E+01
5.689000E+02 2.152649E+00 1.072536E+01
5.698000E+02 2.152821E+00 1.072363E+01
5.707000E+02 2.152993E+00 1.072192E+01
5.716000E+02 2.153163E+00 1.072021E+01
5.725000E+02 2.153333E+00 1.071852E+01
5.734000E+02 2.153502E+00 1.071683E+01
5.743000E+02 2.153669E+00 1.071516E+01
5.752000E+02 2.153836E+00 1.071349E+01
5.761000E+02 2.154002E+00 1.071184E+01
5.770000E+02 2.154167E+00 1.071166E+01
5.779000E+02 2.154332E+00 1.071002E+01
5.788000E+02 2.154495E+00 1.070839E+01
5.797000E+02 2.154657E+00 1.070678E+01
5.806000E+02 2.154819E+00 1.070517E+01
5.815000E+02 2.154980E+00 1.070357E+01
5.824000E+02 2.155139E+00 1.070198E+01
5.833000E+02 2.155298E+00 1.070040E+01
5.842000E+02 2.155457E+00 1.069883E+01
5.851000E+02 2.155614E+00 1.069727E+01
5.860000E+02 2.155770E+00 1.069572E+01
5.869000E+02 2.155926E+00 1.069418E+01
5.878000E+02 2.156081E+00 1.069265E+01
5.887000E+02 2.156234E+00 1.069112E+01
5.896000E+02 2.156387E+00 1.068961E+01
5.905000E+02 2.156540E+00 1.068811E+01
5.914000E+02 2.156691E+00 1.068661E+01
5.923000E+02 2.156842E+00 1.068512E+01
5.932000E+02 2.156991E+00 1.068365E+01
5.941000E+02 2.157140E+00 1.068218E+01
5.950000E+02 2.157288E+00 1.068072E+01
5.959000E+02 2.157436E+00 1.067927E+01
5.968000E+02 2.157582E+00 1.067783E+01
5.977000E+02 2.157728E+00 1.067640E+01
5.986000E+02 2.157873E+00 1.067497E+01
5.995000E+02 2.158017E+00 1.067356E+01
6.004000E+02 2.158160E+00 1.067215E+01
6.013000E+02 2.158303E+00 1.067076E+01
6.022000E+02 2.158444E+00 1.066937E+01
6.031000E+02 2.158585E+00 1.066799E+01
6.040000E+02 2.158726E+00 1.066662E+01
6.049000E+02 2.158865E+00 1.066526E+01
6.058000E+02 2.159004E+00 1.066390E+01
6.067000E+02 2.159141E+00 1.066256E+01
6.076000E+02 2.159278E+00 1.066122E+01
6.085000E+02 2.159415E+00 1.065989E+01
6.094000E+02 2.159550E+00 1.065714E+01
6.103000E+02 2.159685E+00 1.065583E+01
6.112000E+02 2.159819E+00 1.065453E+01
6.121000E+02 2.159953E+00 1.065324E+01
6.130000E+02 2.160085E+00 1.065196E+01
6.139000E+02 2.160217E+00 1.065068E+01
6.148000E+02 2.160348E+00 1.064941E+01
6.157000E+02 2.160478E+00 1.064815E+01
6.166000E+02 2.160608E+00 1.064690E+01
6.175000E+02 2.160737E+00 1.064424E+01
6.184000E+02 2.160865E+00 1.064300E+01
6.193000E+02 2.160993E+00 1.064178E+01
6.202000E+02 2.161119E+00 1.064056E+01
6.211000E+02 2.161245E+00 1.063935E+01
6.220000E+02 2.161371E+00 1.063815E+01
6.229000E+02 2.161495E+00 1.063695E+01
6.238000E+02 2.161619E+00 1.063435E+01
6.247000E+02 2.161742E+00 1.063318E+01
6.256000E+02 2.161865E+00 1.063201E+01
6.265000E+02 2.161987E+00 1.063085E+01
6.274000E+02 2.162108E+00 1.062969E+01
6.283000E+02 2.162228E+00 1.062855E+01
6.292000E+02 2.162348E+00 1.062600E+01
6.301000E+02 2.162467E+00 1.062487E+01
6.310000E+02 2.162585E+00 1.062375E+01
6.319000E+02 2.162703E+00 1.062264E+01
6.328000E+02 2.162820E+00 1.062153E+01
6.337000E+02 2.162936E+00 1.061903E+01
6.346000E+02 2.163052E+00 1.061794E+01
6.355000E+02 2.163167E+00 1.061686E+01
6.364000E+02 2.163281E+00 1.061579E+01
6.373000E+02 2.163395E+00 1.061332E+01
6.382000E+02 2.163508E+00 1.061226E+01
6.391000E+02 2.163620E+00 1.061121E+01
6.400000E+02 2.163732E+00 1.061017E+01
6.409000E+02 2.163843E+00 1.060773E+01
6.418000E+02 2.163953E+00 1.060670E+01
6.427000E+02 2.164063E+00 1.060568E+01
6.436000E+02 2.164172E+00 1.060467E+01
6.445000E+02 2.164281E+00 1.060227E+01
6.454000E+02 2.164388E+00 1.060127E+01
6.463000E+02 2.164496E+00 1.060029E+01
6.472000E+02 2.164602E+00 1.059930E+01
6.481000E+02 2.164708E+00 1.059694E+01
6.490000E+02 2.164813E+00 1.059597E+01
6.499000E+02 2.164918E+00 1.059501E+01
6.508000E+02 2.165022E+00 1.059267E+01
6.517000E+02 2.165126E+00 1.059172E+01
6.526000E+02 2.165228E+00 1.059079E+01
6.535000E+02 2.165331E+00 1.058847E+01
6.544000E+02 2.165432E+00 1.058755E+01
6.553000E+02 2.165533E+00 1.058663E+01
6.562000E+02 2.165634E+00 1.058572E+01
6.571000E+02 2.165733E+00 1.058344E+01
6.580000E+02 2.165832E+00 1.058255E+01
6.589000E+02 2.165931E+00 1.058166E+01
6.598000E+02 2.166029E+00 1.057940E+01
6.607000E+02 2.166126E+00 1.057853E+01
6.616000E+02 2.166223E+00 1.057628E+01
6.625000E+02 2.166319E+00 1.057542E+01
6.634000E+02 2.166415E+00 1.057457E+01
6.643000E+02 2.166510E+00 1.057235E+01
6.652000E+02 2.166605E+00 1.057152E+01
6.661000E+02 2.166698E+00 1.057069E+01
6.670000E+02 2.166792E+00 1.056849E+01
6.679000E+02 2.166885E+00 1.056767E+01
6.688000E+02 2.166977E+00 1.056687E+01
6.697000E+02 2.167068E+00 1.056469E+01
6.706000E+02 2.167159E+00 1.056390E+01
6.715000E+02 2.167250E+00 1.056174E+01
6.724000E+02 2.167340E+00 1.056096E+01
6.733000E+02 2.167429E+00 1.056019E+01
6.742000E+02 2.167518E+00 1.055805E+01
6.751000E+02 2.167606E+00 1.055729E+01
6.760000E+02 2.167694E+00 1.055517E+01
6.769000E+02 2.167781E+00 1.055442E+01
6.778000E+02 2.167868E+00 1.055232E+01
6.787000E+02 2.167954E+00 1.055159E+01
6.796000E+02 2.168039E+00 1.055086E+01
6.805000E+02 2.168124E+00 1.054878E+01
6.814000E+02 2.168208E+00 1.054807E+01
6.823000E+02 2.168292E+00 1.054600E+01
6.832000E+02 2.168376E+00 1.054530E+01
6.841000E+02 2.168459E+00 1.054325E+01
6.850000E+02 2.168541E+00 1.054256E+01
6.859000E+02 2.168623E+00 1.054188E+01
6.868000E+02 2.168704E+00 1.053985E+01
6.877000E+02 2.168785E+00 1.053919E+01
6.886000E+02 2.168865E+00 1.053717E+01
6.895000E+02 2.168944E+00 1.053652E+01
6.904000E+02 2.169024E+00 1.053451E+01
6.913000E+02 2.169102E+00 1.053388E+01
6.922000E+02 2.169180E+00 1.053189E+01
6.931000E+02 2.169258E+00 1.053126E+01
6.940000E+02 2.169335E+00 1.052929E+01
6.949000E+02 2.169412E+00 1.052868E+01
6.958000E+02 2.169488E+00 1.052672E+01
6.967000E+02 2.169563E+00 1.052612E+01
6.976000E+02 2.169638E+00 1.052417E+01
6.985000E+02 2.169713E+00 1.052358E+01
6.994000E+02 2.169787E+00 1.052165E+01
7.003000E+02 2.169861E+00 1.052108E+01
7.012000E+02 2.169934E+00 1.051916E+01
7.021000E+02 2.170006E+00 1.051860E+01
7.030000E+02 2.170079E+00 1.051670E+01
7.039000E+02 2.170150E+00 1.051480E+01
7.048000E+02 2.170221E+00 1.051426E+01
7.057000E+02 2.170292E+00 1.051237E+01
7.066000E+02 2.170362E+00 1.051185E+01
7.075000E+02 2.170432E+00 1.050998E+01
7.084000E+02 2.170501E+00 1.050946E+01
7.093000E+02 2.170570E+00 1.050760E+01
7.102000E+02 2.170638E+00 1.050710E+01
7.111000E+02 2.170706E+00 1.050526E+01
7.120000E+02 2.170773E+00 1.050342E+01
7.129000E+02 2.170840E+00 1.050294E+01
7.138000E+02 2.170907E+00 1.050112E+01
7.147000E+02 2.170973E+00 1.050064E+01
7.156000E+02 2.171038E+00 1.049883E+01
7.165000E+02 2.171103E+00 1.049837E+01
7.174000E+02 2.171168E+00 1.049658E+01
7.183000E+02 2.171232E+00 1.049479E+01
7.192000E+02 2.171296E+00 1.049435E+01
7.201000E+02 2.171359E+00 1.049257E+01
7.210000E+02 2.171422E+00 1.049214E+01
7.219000E+02 2.171484E+00 1.049038E+01
7.228000E+02 2.171546E+00 1.048862E+01
7.237000E+02 2.171607E+00 1.048821E+01
7.246000E+02 2.171668E+00 1.048647E+01
7.255000E+02 2.171729E+00 1.048473E+01
7.264000E+02 2.171789E+00 1.048434E+01
7.273000E+02 2.171848E+00 1.048261E+01
7.282000E+02 2.171908E+00 1.048090E+01
7.291000E+02 2.171966E+00 1.048052E+01
7.300000E+02 2.172025E+00 1.047882E+01
7.309000E+02 2.172083E+00 1.047845E+01
7.318000E+02 2.172140E+00 1.047676E+01
7.327000E+02 2.172197E+00 1.047508E+01
7.336000E+02 2.172254E+00 1.047473E+01
7.345000E+02 2.172310E+00 1.047306E+01
7.354000E+02 2.172366E+00 1.047139E+01
7.363000E+02 2.172421E+00 1.047106E+01
7.372000E+02 2.172476E+00 1.046941E+01
7.381000E+02 2.172531E+00 1.046776E+01
7.390000E+02 2.172585E+00 1.046745E+01
7.399000E+02 2.172639E+00 1.046581E+01
7.408000E+02 2.172692E+00 1.046419E+01
7.417000E+02 2.172745E+00 1.046257E+01
7.426000E+02 2.172797E+00 1.046228E+01
7.435000E+02 2.172849E+00 1.046067E+01
7.444000E+02 2.172901E+00 1.045907E+01
7.453000E+02 2.172952E+00 1.045879E+01
7.462000E+02 2.173003E+00 1.045720E+01
7.471000E+02 2.173053E+00 1.045562E+01
7.480000E+02 2.173103E+00 1.045404E+01
7.489000E+02 2.173153E+00 1.045379E+01
7.498000E+02 2.173202E+00 1.045222E+01
7.507000E+02 2.173251E+00 1.045066E+01
7.516000E+02 2.173300E+00 1.045043E+01
7.525000E+02 2.173348E+00 1.044888E+01
7.534000E+02 2.173395E+00 1.044734E+01
7.543000E+02 2.173443E+00 1.044580E+01
7.552000E+02 2.173490E+00 1.044559E+01
7.561000E+02 2.173536E+00 1.044407E+01
7.570000E+02 2.173582E+00 1.044255E+01
7.579000E+02 2.173628E+00 1.044104E+01
7.588000E+02 2.173673E+00 1.044084E+01
7.597000E+02 2.173718E+00 1.043935E+01
7.606000E+02 2.173763E+00 1.043785E+01
7.615000E+02 2.173807E+00 1.043637E+01
7.624000E+02 2.173851E+00 1.043619E+01
7.633000E+02 2.173894E+00 1.043472E+01
7.642000E+02 2.173937E+00 1.043325E+01
7.651000E+02 2.173980E+00 1.043178E+01
7.660000E+02 2.174023E+00 1.043033E+01
7.669000E+02 2.174064E+00 1.043018E+01
7.678000E+02 2.174106E+00 1.042873E+01
7.687000E+02 2.174147E+00 1.042729E+01
7.696000E+02 2.174188E+00 1.042586E+01
7.705000E+02 2.174229E+00 1.042443E+01
7.714000E+02 2.174269E+00 1.042431E+01
7.723000E+02 2.174309E+00 1.042289E+01
7.732000E+02 2.174348E+00 1.042148E+01
7.741000E+02 2.174387E+00 1.042008E+01
7.750000E+02 2.174426E+00 1.041868E+01
7.759000E+02 2.174464E+00 1.041728E+01
7.768000E+02 2.174502E+00 1.041719E+01
7.777000E+02 2.174540E+00 1.041581E+01
7.786000E+02 2.174577E+00 1.041443E+01
7.795000E+02 2.174614E+00 1.041306E+01
7.804000E+02 2.174651E+00 1.041169E+01
7.813000E+02 2.174687E+00 1.041033E+01
7.822000E+02 2.174723E+00 1.041027E+01
7.831000E+02 2.174759E+00 1.040892E+01
7.840000E+02 2.174794E+00 1.040758E+01
7.849000E+02 2.174829E+00 1.040624E+01
7.858000E+02 2.174863E+00 1.040491E+01
7.867000E+02 2.174898E+00 1.040358E+01
7.876000E+02 2.174931E+00 1.040226E+01
7.885000E+02 2.174965E+00 1.040223E+01
7.894000E+02 2.174998E+00 1.040092E+01
7.903000E+02 2.175031E+00 1.039962E+01
7.912000E+02 2.175064E+00 1.039832E+01
7.921000E+02 2.175096E+00 1.039702E+01
7.930000E+02 2.175128E+00 1.039573E+01
7.939000E+02 2.175159E+00 1.039445E+01
7.948000E+02 2.175190E+00 1.039317E+01
7.957000E+02 2.175221E+00 1.039318E+01
7.966000E+02 2.175252E+00 1.039192E+01
7.975000E+02 2.175282E+00 1.039065E+01
7.984000E+02 2.175312E+00 1.038940E+01
7.993000E+02 2.175342E+00 1.038814E+01
8.002000E+02 2.175371E+00 1.038690E+01
8.011000E+02 2.175400E+00 1.038566E+01
8.020000E+02 2.175428E+00 1.038442E+01
8.029000E+02 2.175457E+00 1.038319E+01
8.038000E+02 2.175485E+00 1.038197E+01
8.047000E+02 2.175512E+00 1.038075E+01
8.056000E+02 2.175540E+00 1.037953E+01
8.065000E+02 2.175567E+00 1.037832E+01
8.074000E+02 2.175594E+00 1.037840E+01
8.083000E+02 2.175620E+00 1.037720E+01
8.092000E+02 2.175646E+00 1.037600E+01
8.101000E+02 2.175672E+00 1.037481E+01
8.110000E+02 2.175698E+00 1.037363E+01
8.119000E+02 2.175723E+00 1.037245E+01
8.128000E+02 2.175748E+00 1.037128E+01
8.137000E+02 2.175772E+00 1.037011E+01
8.146000E+02 2.175797E+00 1.036895E+01
8.155000E+02 2.175821E+00 1.036779E+01
8.164000E+02 2.175844E+00 1.036664E+01
8.173000E+02 2.175868E+00 1.036549E+01
8.182000E+02 2.175891E+00 1.036435E+01
8.191000E+02 2.175914E+00 1.036321E+01
8.200000E+02 2.175936E+00 1.036208E+01
8.209000E+02 2.175958E+00 1.036095E+01
8.218000E+02 2.175980E+00 1.035983E+01
8.227000E+02 2.176002E+00 1.035871E+01
8.236000E+02 2.176023E+00 1.035760E+01
8.245000E+02 2.176044E+00 1.035649E+01
8.254000E+02 2.176065E+00 1.035539E+01
8.263000E+02 2.176086E+00 1.035429E+01
8.272000E+02 2.176106E+00 1.035320E+01
8.281000E+02 2.176126E+00 1.035211E+01
8.290000E+02 2.176145E+00 1.035102E+01
8.299000E+02 2.176165E+00 1.034995E+01
8.308000E+02 2.176184E+00 1.034887E+01
8.317000E+02 2.176202E+00 1.034781E+01
8.326000E+02 2.176221E+00 1.034674E+01
8.335000E+02 2.176239E+00 1.034568E+01
8.344000E+02 2.176257E+00 1.034463E+01
8.353000E+02 2.176275E+00 1.034358E+01
8.362000E+02 2.176292E+00 1.034254E+01
8.371000E+02 2.176309E+00 1.034150E+01
8.380000E+02 2.176326E+00 1.034046E+01
8.389000E+02 2.176343E+00 1.033943E+01
8.398000E+02 2.176359E+00 1.033841E+01
8.407000E+02 2.176375E+00 1.033739E+01
8.416000E+02 2.176391E+00 1.033637E+01
8.425000E+02 2.176406E+00 1.033536E+01
8.434000E+02 2.176421E+00 1.033436E+01
8.443000E+02 2.176436E+00 1.033210E+01
8.452000E+02 2.176451E+00 1.033110E+01
8.461000E+02 2.176465E+00 1.033011E+01
8.470000E+02 2.176480E+00 1.032913E+01
8.479000E+02 2.176494E+00 1.032814E+01
8.488000E+02 2.176507E+00 1.032717E+01
8.497000E+02 2.176521E+00 1.032619E+01
8.506000E+02 2.176534E+00 1.032523E+01
8.515000E+02 2.176546E+00 1.032426E+01
8.524000E+02 2.176559E+00 1.032330E+01
8.533000E+02 2.176571E+00 1.032235E+01
8.542000E+02 2.176583E+00 1.032140E+01
8.551000E+02 2.176595E+00 1.032045E+01
8.560000E+02 2.176607E+00 1.031826E+01
8.569000E+02 2.176618E+00 1.031733E+01
8.578000E+02 2.176629E+00 1.031640E+01
8.587000E+02 2.176640E+00 1.031547E+01
8.596000E+02 2.176651E+00 1.031455E+01
8.605000E+02 2.176661E+00 1.031363E+01
8.614000E+02 2.176671E+00 1.031272E+01
8.623000E+02 2.176681E+00 1.031181E+01
8.632000E+02 2.176690E+00 1.031090E+01
8.641000E+02 2.176700E+00 1.030876E+01
8.650000E+02 2.176709E+00 1.030786E+01
8.659000E+02 2.176717E+00 1.030697E+01
8.668000E+02 2.176726E+00 1.030609E+01
8.677000E+02 2.176734E+00 1.030521E+01
8.686000E+02 2.176742E+00 1.030433E+01
8.695000E+02 2.176750E+00 1.030346E+01
8.704000E+02 2.176758E+00 1.030134E+01
8.713000E+02 2.176765E+00 1.030048E+01
8.722000E+02 2.176772E+00 1.029962E+01
8.731000E+02 2.176779E+00 1.029877E+01
8.740000E+02 2.176786E+00 1.029792E+01
8.749000E+02 2.176792E+00 1.029707E+01
8.758000E+02 2.176799E+00 1.029499E+01
8.767000E+02 2.176805E+00 1.029415E+01
8.776000E+02 2.176810E+00 1.029332E+01
8.785000E+02 2.176816E+00 1.029249E+01
8.794000E+02 2.176821E+00 1.029166E+01
8.803000E+02 2.176826E+00 1.029084E+01
8.812000E+02 2.176831E+00 1.028879E+01
8.821000E+02 2.176835E+00 1.028798E+01
8.830000E+02 2.176840E+00 1.028717E+01
8.839000E+02 2.176844E+00 1.028637E+01
8.848000E+02 2.176848E+00 1.028557E+01
8.857000E+02 2.176851E+00 1.028478E+01
8.866000E+02 2.176855E+00 1.028275E+01
8.875000E+02 2.176858E+00 1.028197E+01
8.884000E+02 2.176861E+00 1.028118E+01
8.893000E+02 2.176864E+00 1.028041E+01
8.902000E+02 2.176866E+00 1.027963E+01
8.911000E+02 2.176869E+00 1.027763E+01
8.920000E+02 2.176871E+00 1.027687E+01
8.929000E+02 2.176873E+00 1.027611E+01
8.938000E+02 2.176874E+00 1.027535E+01
8.947000E+02 2.176876E+00 1.027337E+01
8.956000E+02 2.176877E+00 1.027262E+01
8.965000E+02 2.176878E+00 1.027188E+01
8.974000E+02 2.176879E+00 1.027114E+01
8.983000E+02 2.176879E+00 1.027040E+01
8.992000E+02 2.176880E+00 1.026844E+01
9.001000E+02 2.176880E+00 1.026772E+01
9.010000E+02 2.176880E+00 1.026699E+01
9.019000E+02 2.176879E+00 1.026627E+01
9.028000E+02 2.176879E+00 1.026433E+01
9.037000E+02 2.176878E+00 1.026362E+01
9.046000E+02 2.176877E+00 1.026292E+01
9.055000E+02 2.176876E+00 1.026221E+01
9.064000E+02 2.176875E+00 1.026029E+01
9.073000E+02 2.176873E+00 1.025960E+01
9.082000E+02 2.176872E+00 1.025890E+01
9.091000E+02 2.176870E+00 1.025822E+01
9.100000E+02 2.176868E+00 1.025631E+01
9.109000E+02 2.176865E+00 1.025563E+01
9.118000E+02 2.176863E+00 1.025496E+01
9.127000E+02 2.176860E+00 1.025429E+01
9.136000E+02 2.176857E+00 1.025240E+01
9.145000E+02 2.176854E+00 1.025174E+01
9.154000E+02 2.176850E+00 1.025108E+01
9.163000E+02 2.176847E+00 1.024921E+01
9.172000E+02 2.176843E+00 1.024856E+01
9.181000E+02 2.176839E+00 1.024791E+01
9.190000E+02 2.176835E+00 1.024727E+01
9.199000E+02 2.176831E+00 1.024541E+01
9.208000E+02 2.176826E+00 1.024478E+01
9.217000E+02 2.176821E+00 1.024415E+01
9.226000E+02 2.176816E+00 1.024230E+01
9.235000E+02 2.176811E+00 1.024168E+01
9.244000E+02 2.176806E+00 1.024106E+01
9.253000E+02 2.176800E+00 1.023923E+01
9.262000E+02 2.176795E+00 1.023862E+01
9.271000E+02 2.176789E+00 1.023801E+01
9.280000E+02 2.176783E+00 1.023741E+01
9.289000E+02 2.176776E+00 1.023559E+01
9.298000E+02 2.176770E+00 1.023500E+01
9.307000E+02 2.176763E+00 1.023441E+01
9.316000E+02 2.176756E+00 1.023261E+01
9.325000E+02 2.176749E+00 1.023202E+01
9.334000E+02 2.176742E+00 1.023144E+01
9.343000E+02 2.176735E+00 1.022965E+01
9.352000E+02 2.176727E+00 1.022908E+01
9.361000E+02 2.176719E+00 1.022851E+01
9.370000E+02 2.176711E+00 1.022674E+01
9.379000E+02 2.176703E+00 1.022617E+01
9.388000E+02 2.176695E+00 1.022562E+01
9.397000E+02 2.176686E+00 1.022385E+01
9.406000E+02 2.176678E+00 1.022330E+01
9.415000E+02 2.176669E+00 1.022276E+01
9.424000E+02 2.176660E+00 1.022101E+01
9.433000E+02 2.176650E+00 1.022047E+01
9.442000E+02 2.176641E+00 1.021872E+01
9.451000E+02 2.176631E+00 1.021819E+01
9.460000E+02 2.176621E+00 1.021767E+01
9.469000E+02 2.176612E+00 1.021594E+01
9.478000E+02 2.176601E+00 1.021542E+01
9.487000E+02 2.176591E+00 1.021490E+01
9.496000E+02 2.176581E+00 1.021318E+01
9.505000E+02 2.176570E+00 1.021267E+01
9.514000E+02 2.176559E+00 1.021096E+01
9.523000E+02 2.176548E+00 1.021046E+01
9.532000E+02 2.176537E+00 1.020996E+01
9.541000E+02 2.176525E+00 1.020826E+01
9.550000E+02 2.176514E+00 1.020777E+01
9.559000E+02 2.176502E+00 1.020729E+01
9.568000E+02 2.176490E+00 1.020560E+01
9.577000E+02 2.176478E+00 1.020512E+01
9.586000E+02 2.176466E+00 1.020344E+01
9.595000E+02 2.176454E+00 1.020297E+01
9.604000E+02 2.176441E+00 1.020250E+01
9.613000E+02 2.176428E+00 1.020084E+01
9.622000E+02 2.176416E+00 1.020037E+01
9.631000E+02 2.176403E+00 1.019872E+01
9.640000E+02 2.176389E+00 1.019826E+01
9.649000E+02 2.176376E+00 1.019781E+01
9.658000E+02 2.176362E+00 1.019616E+01
9.667000E+02 2.176349E+00 1.019572E+01
9.676000E+02 2.176335E+00 1.019408E+01
9.685000E+02 2.176321E+00 1.019364E+01
9.694000E+02 2.176307E+00 1.019201E+01
9.703000E+02 2.176292E+00 1.019158E+01
9.712000E+02 2.176278E+00 1.019116E+01
9.721000E+02 2.176263E+00 1.018954E+01
9.730000E+02 2.176248E+00 1.018912E+01
9.739000E+02 2.176233E+00 1.018751E+01
9.748000E+02 2.176218E+00 1.018710E+01
9.757000E+02 2.176203E+00 1.018549E+01
9.766000E+02 2.176187E+00 1.018509E+01
9.775000E+02 2.176171E+00 1.018349E+01
9.784000E+02 2.176156E+00 1.018309E+01
9.793000E+02 2.176140E+00 1.018270E+01
9.802000E+02 2.176124E+00 1.018111E+01
9.811000E+02 2.176107E+00 1.018073E+01
9.820000E+02 2.176091E+00 1.017915E+01
9.829000E+02 2.176074E+00 1.017877E+01
9.838000E+02 2.176058E+00 1.017720E+01
9.847000E+02 2.176041E+00 1.017682E+01
9.856000E+02 2.176024E+00 1.017526E+01
9.865000E+02 2.176006E+00 1.017490E+01
9.874000E+02 2.175989E+00 1.017334E+01
9.883000E+02 2.175972E+00 1.017298E+01
9.892000E+02 2.175954E+00 1.017144E+01
9.901000E+02 2.175936E+00 1.017108E+01
9.910000E+02 2.175918E+00 1.016954E+01
9.919000E+02 2.175900E+00 1.016919E+01
9.928000E+02 2.175882E+00 1.016885E+01
9.937000E+02 2.175864E+00 1.016732E+01
9.946000E+02 2.175845E+00 1.016698E+01
9.955000E+02 2.175826E+00 1.016546E+01
9.964000E+02 2.175807E+00 1.016513E+01
9.973000E+02 2.175788E+00 1.016362E+01
9.982000E+02 2.175769E+00 1.016330E+01
9.991000E+02 2.175750E+00 1.016179E+01
