1.000000E+00 NAN NAN
1.099000E+00 1.313229E-01 2.102028E+01
1.198000E+00 1.375904E-01 1.853319E+01
1.297000E+00 1.438262E-01 1.788609E+01
1.396000E+00 1.500191E-01 1.724659E+01
1.495000E+00 1.561643E-01 1.685452E+01
1.594000E+00 1.622574E-01 1.643034E+01
1.693000E+00 1.682969E-01 1.608326E+01
1.792000E+00 1.742813E-01 1.570369E+01
1.891000E+00 1.802104E-01 1.547201E+01
1.990000E+00 1.860839E-01 1.519762E+01
2.089000E+00 1.919025E-01 1.504088E+01
2.188000E+00 1.976663E-01 1.483739E+01
2.287000E+00 2.033763E-01 1.466285E+01
2.386000E+00 2.090332E-01 1.451270E+01
2.485000E+00 2.146379E-01 1.438329E+01
2.584000E+00 2.201914E-01 1.427162E+01
2.683000E+00 2.256946E-01 1.411802E+01
2.782000E+00 2.311485E-01 1.403703E+01
2.881000E+00 2.365541E-01 1.391459E+01
2.980000E+00 2.419123E-01 1.385672E+01
3.079000E+00 2.472242E-01 1.375824E+01
3.178000E+00 2.524906E-01 1.367058E+01
3.277000E+00 2.577127E-01 1.363850E+01
3.376000E+00 2.628910E-01 1.356750E+01
3.475000E+00 2.680266E-01 1.350422E+01
3.574000E+00 2.731204E-01 1.344787E+01
3.673000E+00 2.781732E-01 1.339774E+01
3.772000E+00 2.831857E-01 1.335324E+01
3.871000E+00 2.881588E-01 1.327493E+01
3.970000E+00 2.930933E-01 1.324104E+01
4.069000E+00 2.979899E-01 1.321130E+01
4.168000E+00 3.028493E-01 1.318533E+01
4.267000E+00 3.076721E-01 1.312742E+01
4.366000E+00 3.124593E-01 1.310879E+01
4.465000E+00 3.172111E-01 1.305914E+01
4.564000E+00 3.219285E-01 1.304664E+01
4.663000E+00 3.266119E-01 1.300399E+01
4.762000E+00 3.312620E-01 1.299667E+01
4.861000E+00 3.358794E-01 1.296003E+01
4.960000E+00 3.404647E-01 1.295711E+01
5.059000E+00 3.450183E-01 1.292564E+01
5.158000E+00 3.495408E-01 1.289677E+01
5.257000E+00 3.540327E-01 1.287032E+01
5.356000E+00 3.584946E-01 1.287480E+01
5.455000E+00 3.629268E-01 1.285221E+01
5.554000E+00 3.673299E-01 1.283161E+01
5.653000E+00 3.717043E-01 1.281287E+01
5.752000E+00 3.760505E-01 1.279586E+01
5.851000E+00 3.803689E-01 1.278048E+01
5.950000E+00 3.846600E-01 1.276662E+01
6.049000E+00 3.889241E-01 1.275420E+01
6.148000E+00 3.931616E-01 1.274313E+01
6.247000E+00 3.973729E-01 1.273333E+01
6.346000E+00 4.015584E-01 1.272473E+01
6.445000E+00 4.057186E-01 1.271725E+01
6.544000E+00 4.098536E-01 1.268673E+01
6.643000E+00 4.139640E-01 1.268162E+01
6.742000E+00 4.180501E-01 1.267745E+01
6.841000E+00 4.221121E-01 1.267417E+01
6.940000E+00 4.261503E-01 1.264879E+01
7.039000E+00 4.301652E-01 1.264740E+01
7.138000E+00 4.341570E-01 1.264677E+01
7.237000E+00 4.381261E-01 1.262469E+01
7.336000E+00 4.420727E-01 1.262567E+01
7.435000E+00 4.459971E-01 1.262728E+01
7.534000E+00 4.498996E-01 1.260806E+01
7.633000E+00 4.537805E-01 1.261106E+01
7.732000E+00 4.576400E-01 1.259361E+01
7.831000E+00 4.614785E-01 1.259786E+01
7.930000E+00 4.652961E-01 1.258203E+01
8.029000E+00 4.690932E-01 1.258741E+01
8.128000E+00 4.728699E-01 1.257307E+01
8.227000E+00 4.766265E-01 1.257947E+01
8.326000E+00 4.803633E-01 1.256649E+01
8.425000E+00 4.840805E-01 1.257382E+01
8.524000E+00 4.877783E-01 1.256209E+01
8.623000E+00 4.914569E-01 1.255104E+01
8.722000E+00 4.951166E-01 1.255969E+01
8.821000E+00 4.987576E-01 1.254973E+01
8.920000E+00 5.023800E-01 1.254039E+01
9.019000E+00 5.059842E-01 1.255018E+01
9.118000E+00 5.095702E-01 1.254181E+01
9.217000E+00 5.131383E-01 1.253398E+01
9.316000E+00 5.166887E-01 1.252667E+01
9.415000E+00 5.202216E-01 1.251987E+01
9.514000E+00 5.237371E-01 1.253132E+01
9.613000E+00 5.272355E-01 1.252531E+01
9.712000E+00 5.307169E-01 1.251974E+01
9.811000E+00 5.341815E-01 1.251461E+01
9.910000E+00 5.376295E-01 1.250989E+01
1.000900E+01 5.410610E-01 1.250558E+01
1.010800E+01 5.444763E-01 1.251862E+01
1.020700E+01 5.478754E-01 1.251494E+01
1.030600E+01 5.512586E-01 1.251161E+01
1.040500E+01 5.546259E-01 1.250864E+01
1.050400E+01 5.579776E-01 1.250601E+01
1.060300E+01 5.613138E-01 1.250370E+01
1.070200E+01 5.646347E-01 1.250170E+01
1.080100E+01 5.679404E-01 1.250001E+01
1.090000E+01 5.712311E-01 1.249861E+01
1.099900E+01 5.745068E-01 1.249750E+01
1.109800E+01 5.777678E-01 1.249666E+01
1.119700E+01 5.810142E-01 1.249609E+01
1.129600E+01 5.842461E-01 1.249578E+01
1.139500E+01 5.874636E-01 1.249571E+01
1.149400E+01 5.906670E-01 1.249588E+01
1.159300E+01 5.938562E-01 1.249629E+01
1.169200E+01 5.970315E-01 1.248173E+01
1.179100E+01 6.001929E-01 1.248267E+01
1.189000E+01 6.033407E-01 1.248382E+01
1.198900E+01 6.064749E-01 1.248518E+01
1.208800E+01 6.095956E-01 1.248674E+01
1.218700E+01 6.127029E-01 1.248849E+01
1.228600E+01 6.157970E-01 1.249042E+01
1.238500E+01 6.188780E-01 1.247797E+01
1.248400E+01 6.219460E-01 1.248034E+01
1.258300E+01 6.250012E-01 1.248287E+01
1.268200E+01 6.280435E-01 1.248557E+01
1.278100E+01 6.310732E-01 1.247421E+01
1.288000E+01 6.340903E-01 1.247729E+01
1.297900E+01 6.370950E-01 1.248053E+01
1.307800E+01 6.400874E-01 1.248391E+01
1.317700E+01 6.430674E-01 1.247352E+01
1.327600E+01 6.460354E-01 1.247724E+01
1.337500E+01 6.489912E-01 1.248110E+01
1.347400E+01 6.519351E-01 1.247140E+01
1.357300E+01 6.548672E-01 1.247557E+01
1.367200E+01 6.577875E-01 1.247986E+01
1.377100E+01 6.606961E-01 1.247081E+01
1.387000E+01 6.635931E-01 1.247539E+01
1.396900E+01 6.664786E-01 1.248008E+01
1.406800E+01 6.693528E-01 1.247162E+01
1.416700E+01 6.722156E-01 1.247658E+01
1.426600E+01 6.750673E-01 1.248164E+01
1.436500E+01 6.779078E-01 1.247373E+01
1.446400E+01 6.807373E-01 1.247904E+01
1.456300E+01 6.835558E-01 1.247151E+01
1.466200E+01 6.863634E-01 1.247705E+01
1.476100E+01 6.891603E-01 1.246987E+01
1.486000E+01 6.919465E-01 1.247564E+01
1.495900E+01 6.947220E-01 1.248148E+01
1.505800E+01 6.974870E-01 1.247477E+01
1.515700E+01 7.002415E-01 1.248082E+01
1.525600E+01 7.029856E-01 1.247444E+01
1.535500E+01 7.057194E-01 1.248068E+01
1.545400E+01 7.084430E-01 1.247460E+01
1.555300E+01 7.111564E-01 1.248102E+01
1.565200E+01 7.138597E-01 1.247523E+01
1.575100E+01 7.165531E-01 1.248184E+01
1.585000E+01 7.192364E-01 1.247632E+01
1.594900E+01 7.219099E-01 1.247098E+01
1.604800E+01 7.245736E-01 1.247785E+01
1.614700E+01 7.272276E-01 1.247277E+01
1.624600E+01 7.298719E-01 1.247979E+01
1.634500E+01 7.325066E-01 1.247495E+01
1.644400E+01 7.351318E-01 1.248212E+01
1.654300E+01 7.377475E-01 1.247753E+01
1.664200E+01 7.403538E-01 1.247308E+01
1.674100E+01 7.429509E-01 1.248047E+01
1.684000E+01 7.455386E-01 1.247625E+01
1.693900E+01 7.481171E-01 1.248377E+01
1.703800E+01 7.506865E-01 1.247976E+01
1.713700E+01 7.532468E-01 1.247588E+01
1.723600E+01 7.557982E-01 1.248360E+01
1.733500E+01 7.583405E-01 1.247993E+01
1.743400E+01 7.608739E-01 1.247638E+01
1.753300E+01 7.633985E-01 1.248428E+01
1.763200E+01 7.659143E-01 1.248092E+01
1.773100E+01 7.684214E-01 1.247768E+01
1.783000E+01 7.709198E-01 1.248575E+01
1.792900E+01 7.734096E-01 1.248269E+01
1.802800E+01 7.758909E-01 1.247974E+01
1.812700E+01 7.783636E-01 1.247691E+01
1.822600E+01 7.808279E-01 1.248519E+01
1.832500E+01 7.832839E-01 1.248252E+01
1.842400E+01 7.857314E-01 1.247995E+01
1.852300E+01 7.881708E-01 1.248838E+01
1.862200E+01 7.906018E-01 1.248596E+01
1.872100E+01 7.930247E-01 1.248365E+01
1.882000E+01 7.954395E-01 1.248143E+01
1.891900E+01 7.978462E-01 1.249004E+01
1.901800E+01 8.002449E-01 1.248797E+01
1.911700E+01 8.026357E-01 1.248598E+01
1.921600E+01 8.050185E-01 1.248409E+01
1.931500E+01 8.073934E-01 1.248228E+01
1.941400E+01 8.097606E-01 1.249111E+01
1.951300E+01 8.121199E-01 1.248943E+01
1.961200E+01 8.144715E-01 1.248784E+01
1.971100E+01 8.168155E-01 1.248633E+01
1.981000E+01 8.191518E-01 1.248490E+01
1.990900E+01 8.214805E-01 1.248356E+01
2.000800E+01 8.238017E-01 1.249261E+01
2.010700E+01 8.261154E-01 1.249138E+01
2.020600E+01 8.284216E-01 1.249022E+01
2.030500E+01 8.307204E-01 1.248913E+01
2.040400E+01 8.330119E-01 1.248812E+01
2.050300E+01 8.352960E-01 1.248718E+01
2.060200E+01 8.375728E-01 1.248632E+01
2.070100E+01 8.398425E-01 1.249560E+01
2.080000E+01 8.421049E-01 1.249483E+01
2.089900E+01 8.443601E-01 1.249413E+01
2.099800E+01 8.466083E-01 1.249350E+01
2.109700E+01 8.488494E-01 1.249293E+01
2.119600E+01 8.510835E-01 1.249242E+01
2.129500E+01 8.533105E-01 1.249198E+01
2.139400E+01 8.555307E-01 1.249160E+01
2.149300E+01 8.577439E-01 1.249128E+01
2.159200E+01 8.599503E-01 1.249102E+01
2.169100E+01 8.621498E-01 1.249081E+01
2.179000E+01 8.643426E-01 1.250041E+01
2.188900E+01 8.665285E-01 1.250029E+01
2.198800E+01 8.687078E-01 1.250022E+01
2.208700E+01 8.708804E-01 1.250021E+01
2.218600E+01 8.730464E-01 1.250026E+01
2.228500E+01 8.752058E-01 1.250036E+01
2.238400E+01 8.773586E-01 1.250051E+01
2.248300E+01 8.795049E-01 1.250071E+01
2.258200E+01 8.816446E-01 1.250096E+01
2.268100E+01 8.837780E-01 1.250127E+01
2.278000E+01 8.859048E-01 1.250162E+01
2.287900E+01 8.880254E-01 1.250202E+01
2.297800E+01 8.901395E-01 1.250247E+01
2.307700E+01 8.922473E-01 1.250296E+01
2.317600E+01 8.943489E-01 1.250351E+01
2.327500E+01 8.964442E-01 1.250409E+01
2.337400E+01 8.985333E-01 1.250473E+01
2.347300E+01 9.006162E-01 1.250540E+01
2.357200E+01 9.026929E-01 1.250612E+01
2.367100E+01 9.047636E-01 1.250688E+01
2.377000E+01 9.068281E-01 1.250769E+01
2.386900E+01 9.088866E-01 1.249938E+01
2.396800E+01 9.109391E-01 1.250029E+01
2.406700E+01 9.129856E-01 1.250124E+01
2.416600E+01 9.150261E-01 1.250223E+01
2.426500E+01 9.170607E-01 1.250326E+01
2.436400E+01 9.190894E-01 1.250433E+01
2.446300E+01 9.211123E-01 1.250544E+01
2.456200E+01 9.231293E-01 1.250658E+01
2.466100E+01 9.251405E-01 1.250776E+01
2.476000E+01 9.271459E-01 1.250897E+01
2.485900E+01 9.291456E-01 1.251023E+01
2.495800E+01 9.311396E-01 1.251151E+01
2.505700E+01 9.331279E-01 1.250398E+01
2.515600E+01 9.351105E-01 1.250535E+01
2.525500E+01 9.370875E-01 1.250676E+01
2.535400E+01 9.390589E-01 1.250820E+01
2.545300E+01 9.410247E-01 1.250968E+01
2.555200E+01 9.429850E-01 1.251119E+01
2.565100E+01 9.449398E-01 1.251273E+01
2.575000E+01 9.468891E-01 1.251430E+01
2.584900E+01 9.488329E-01 1.250722E+01
2.594800E+01 9.507712E-01 1.250887E+01
2.604700E+01 9.527042E-01 1.251055E+01
2.614600E+01 9.546318E-01 1.251226E+01
2.624500E+01 9.565540E-01 1.251400E+01
2.634400E+01 9.584709E-01 1.251577E+01
2.644300E+01 9.603825E-01 1.250902E+01
2.654200E+01 9.622889E-01 1.251087E+01
2.664100E+01 9.641899E-01 1.251273E+01
2.674000E+01 9.660858E-01 1.251463E+01
2.683900E+01 9.679764E-01 1.251655E+01
2.693800E+01 9.698619E-01 1.251007E+01
2.703700E+01 9.717422E-01 1.251206E+01
2.713600E+01 9.736174E-01 1.251408E+01
2.723500E+01 9.754875E-01 1.251612E+01
2.733400E+01 9.773525E-01 1.251819E+01
2.743300E+01 9.792125E-01 1.251195E+01
2.753200E+01 9.810674E-01 1.251408E+01
2.763100E+01 9.829174E-01 1.251624E+01
2.773000E+01 9.847623E-01 1.251842E+01
2.782900E+01 9.866023E-01 1.252062E+01
2.792800E+01 9.884373E-01 1.251461E+01
2.802700E+01 9.902675E-01 1.251687E+01
2.812600E+01 9.920928E-01 1.251916E+01
2.822500E+01 9.939132E-01 1.252147E+01
2.832400E+01 9.957287E-01 1.251564E+01
2.842300E+01 9.975394E-01 1.251800E+01
2.852200E+01 9.993454E-01 1.252039E+01
2.862100E+01 1.001147E+00 1.252280E+01
2.872000E+01 1.002943E+00 1.251714E+01
2.881900E+01 1.004735E+00 1.251961E+01
2.891800E+01 1.006522E+00 1.252209E+01
2.901700E+01 1.008304E+00 1.251656E+01
2.911600E+01 1.010081E+00 1.251910E+01
2.921500E+01 1.011854E+00 1.252166E+01
2.931400E+01 1.013623E+00 1.252423E+01
2.941300E+01 1.015386E+00 1.251886E+01
2.951200E+01 1.017146E+00 1.252149E+01
2.961100E+01 1.018900E+00 1.252413E+01
2.971000E+01 1.020650E+00 1.251889E+01
2.980900E+01 1.022396E+00 1.252158E+01
2.990800E+01 1.024137E+00 1.252429E+01
3.000700E+01 1.025873E+00 1.251916E+01
3.010600E+01 1.027605E+00 1.252192E+01
3.020500E+01 1.029333E+00 1.252469E+01
3.030400E+01 1.031056E+00 1.251968E+01
3.040300E+01 1.032775E+00 1.252250E+01
3.050200E+01 1.034490E+00 1.252533E+01
3.060100E+01 1.036200E+00 1.252043E+01
3.070000E+01 1.037905E+00 1.252331E+01
3.079900E+01 1.039607E+00 1.252621E+01
3.089800E+01 1.041304E+00 1.252141E+01
3.099700E+01 1.042997E+00 1.252435E+01
3.109600E+01 1.044685E+00 1.252730E+01
3.119500E+01 1.046369E+00 1.252261E+01
3.129400E+01 1.048049E+00 1.252560E+01
3.139300E+01 1.049725E+00 1.252860E+01
3.149200E+01 1.051397E+00 1.252402E+01
3.159100E+01 1.053064E+00 1.252706E+01
3.169000E+01 1.054728E+00 1.252254E+01
3.178900E+01 1.056387E+00 1.252563E+01
3.188800E+01 1.058042E+00 1.252872E+01
3.198700E+01 1.059693E+00 1.252430E+01
3.208600E+01 1.061339E+00 1.252744E+01
3.218500E+01 1.062982E+00 1.253058E+01
3.228400E+01 1.064621E+00 1.252625E+01
3.238300E+01 1.066256E+00 1.252944E+01
3.248200E+01 1.067886E+00 1.252518E+01
3.258100E+01 1.069513E+00 1.252839E+01
3.268000E+01 1.071135E+00 1.253162E+01
3.277900E+01 1.072754E+00 1.252745E+01
3.287800E+01 1.074369E+00 1.253071E+01
3.297700E+01 1.075980E+00 1.252660E+01
3.307600E+01 1.077586E+00 1.252990E+01
3.317500E+01 1.079189E+00 1.252586E+01
3.327400E+01 1.080788E+00 1.252918E+01
3.337300E+01 1.082384E+00 1.253252E+01
3.347200E+01 1.083975E+00 1.252856E+01
3.357100E+01 1.085563E+00 1.253193E+01
3.367000E+01 1.087146E+00 1.252803E+01
3.376900E+01 1.088726E+00 1.253143E+01
3.386800E+01 1.090302E+00 1.252759E+01
3.396700E+01 1.091874E+00 1.253101E+01
3.406600E+01 1.093443E+00 1.252723E+01
3.416500E+01 1.095008E+00 1.253069E+01
3.426400E+01 1.096569E+00 1.253415E+01
3.436300E+01 1.098126E+00 1.253045E+01
3.446200E+01 1.099680E+00 1.253394E+01
3.456100E+01 1.101229E+00 1.253029E+01
3.466000E+01 1.102776E+00 1.253381E+01
3.475900E+01 1.104318E+00 1.253021E+01
3.485800E+01 1.105857E+00 1.253376E+01
3.495700E+01 1.107392E+00 1.253022E+01
3.505600E+01 1.108924E+00 1.253379E+01
3.515500E+01 1.110452E+00 1.253030E+01
3.525400E+01 1.111977E+00 1.253390E+01
3.535300E+01 1.113498E+00 1.253046E+01
3.545200E+01 1.115015E+00 1.253409E+01
3.555100E+01 1.116529E+00 1.253070E+01
3.565000E+01 1.118039E+00 1.253435E+01
3.574900E+01 1.119546E+00 1.253101E+01
3.584800E+01 1.121049E+00 1.253468E+01
3.594700E+01 1.122549E+00 1.253139E+01
3.604600E+01 1.124045E+00 1.253509E+01
3.614500E+01 1.125538E+00 1.253184E+01
3.624400E+01 1.127027E+00 1.253556E+01
3.634300E+01 1.128513E+00 1.253236E+01
3.644200E+01 1.129996E+00 1.253611E+01
3.654100E+01 1.131475E+00 1.253296E+01
3.664000E+01 1.132951E+00 1.253672E+01
3.673900E+01 1.134423E+00 1.253361E+01
3.683800E+01 1.135892E+00 1.253054E+01
3.693700E+01 1.137358E+00 1.253434E+01
3.703600E+01 1.138820E+00 1.253131E+01
3.713500E+01 1.140279E+00 1.253513E+01
3.723400E+01 1.141735E+00 1.253214E+01
3.733300E+01 1.143187E+00 1.253598E+01
3.743200E+01 1.144636E+00 1.253304E+01
3.753100E+01 1.146082E+00 1.253690E+01
3.763000E+01 1.147524E+00 1.253399E+01
3.772900E+01 1.148963E+00 1.253112E+01
3.782800E+01 1.150399E+00 1.253501E+01
3.792700E+01 1.151832E+00 1.253218E+01
3.802600E+01 1.153262E+00 1.253609E+01
3.812500E+01 1.154688E+00 1.253330E+01
3.822400E+01 1.156111E+00 1.253723E+01
3.832300E+01 1.157531E+00 1.253447E+01
3.842200E+01 1.158948E+00 1.253174E+01
3.852100E+01 1.160361E+00 1.253570E+01
3.862000E+01 1.161772E+00 1.253302E+01
3.871900E+01 1.163179E+00 1.253699E+01
3.881800E+01 1.164583E+00 1.253434E+01
3.891700E+01 1.165984E+00 1.253834E+01
3.901600E+01 1.167382E+00 1.253572E+01
3.911500E+01 1.168777E+00 1.253313E+01
3.921400E+01 1.170169E+00 1.253716E+01
3.931300E+01 1.171558E+00 1.253460E+01
3.941200E+01 1.172943E+00 1.253207E+01
3.951100E+01 1.174326E+00 1.253612E+01
3.961000E+01 1.175705E+00 1.253363E+01
3.970900E+01 1.177082E+00 1.253770E+01
3.980800E+01 1.178456E+00 1.253524E+01
3.990700E+01 1.179826E+00 1.253280E+01
4.000600E+01 1.181194E+00 1.253689E+01
4.010500E+01 1.182558E+00 1.253449E+01
4.020400E+01 1.183920E+00 1.253860E+01
4.030300E+01 1.185278E+00 1.253623E+01
4.040200E+01 1.186634E+00 1.253389E+01
4.050100E+01 1.187987E+00 1.253802E+01
4.060000E+01 1.189337E+00 1.253571E+01
4.069900E+01 1.190684E+00 1.253342E+01
4.079800E+01 1.192028E+00 1.253757E+01
4.089700E+01 1.193369E+00 1.253531E+01
4.099600E+01 1.194707E+00 1.253308E+01
4.109500E+01 1.196042E+00 1.253726E+01
4.119400E+01 1.197375E+00 1.253505E+01
4.129300E+01 1.198704E+00 1.253287E+01
4.139200E+01 1.200031E+00 1.253707E+01
4.149100E+01 1.201355E+00 1.253491E+01
4.159000E+01 1.202676E+00 1.253278E+01
4.168900E+01 1.203994E+00 1.253700E+01
4.178800E+01 1.205310E+00 1.253490E+01
4.188700E+01 1.206622E+00 1.253282E+01
4.198600E+01 1.207932E+00 1.253706E+01
4.208500E+01 1.209239E+00 1.253501E+01
4.218400E+01 1.210544E+00 1.253297E+01
4.228300E+01 1.211845E+00 1.253724E+01
4.238200E+01 1.213144E+00 1.253523E+01
4.248100E+01 1.214440E+00 1.253325E+01
4.258000E+01 1.215734E+00 1.253753E+01
4.267900E+01 1.217024E+00 1.253557E+01
4.277800E+01 1.218312E+00 1.253363E+01
4.287700E+01 1.219598E+00 1.253793E+01
4.297600E+01 1.220880E+00 1.253602E+01
4.307500E+01 1.222160E+00 1.253413E+01
4.317400E+01 1.223437E+00 1.253845E+01
4.327300E+01 1.224712E+00 1.253658E+01
4.337200E+01 1.225984E+00 1.253473E+01
4.347100E+01 1.227253E+00 1.253290E+01
4.357000E+01 1.228519E+00 1.253725E+01
4.366900E+01 1.229783E+00 1.253544E+01
4.376800E+01 1.231045E+00 1.253366E+01
4.386700E+01 1.232303E+00 1.253802E+01
4.396600E+01 1.233560E+00 1.253626E+01
4.406500E+01 1.234813E+00 1.253451E+01
4.416400E+01 1.236064E+00 1.253279E+01
4.426300E+01 1.237312E+00 1.253717E+01
4.436200E+01 1.238558E+00 1.253547E+01
4.446100E+01 1.239801E+00 1.253379E+01
4.456000E+01 1.241042E+00 1.253212E+01
4.465900E+01 1.242280E+00 1.253652E+01
4.475800E+01 1.243516E+00 1.253488E+01
4.485700E+01 1.244749E+00 1.253325E+01
4.495600E+01 1.245980E+00 1.253768E+01
4.505500E+01 1.247208E+00 1.253607E+01
4.515400E+01 1.248433E+00 1.253448E+01
4.525300E+01 1.249656E+00 1.253291E+01
4.535200E+01 1.250877E+00 1.253735E+01
4.545100E+01 1.252095E+00 1.253580E+01
4.555000E+01 1.253311E+00 1.253427E+01
4.564900E+01 1.254524E+00 1.253275E+01
4.574800E+01 1.255735E+00 1.253721E+01
4.584700E+01 1.256943E+00 1.253571E+01
4.594600E+01 1.258149E+00 1.253423E+01
4.604500E+01 1.259352E+00 1.253277E+01
4.614400E+01 1.260553E+00 1.253131E+01
4.624300E+01 1.261752E+00 1.253580E+01
4.634200E+01 1.262948E+00 1.253437E+01
4.644100E+01 1.264142E+00 1.253296E+01
4.654000E+01 1.265333E+00 1.253156E+01
4.663900E+01 1.266522E+00 1.253606E+01
4.673800E+01 1.267709E+00 1.253468E+01
4.683700E+01 1.268893E+00 1.253332E+01
4.693600E+01 1.270075E+00 1.253197E+01
4.703500E+01 1.271255E+00 1.253063E+01
4.713400E+01 1.272432E+00 1.253516E+01
4.723300E+01 1.273607E+00 1.253384E+01
4.733200E+01 1.274780E+00 1.253254E+01
4.743100E+01 1.275950E+00 1.253125E+01
4.753000E+01 1.277118E+00 1.253579E+01
4.762900E+01 1.278283E+00 1.253452E+01
4.772800E+01 1.279447E+00 1.253327E+01
4.782700E+01 1.280608E+00 1.253202E+01
4.792600E+01 1.281767E+00 1.253079E+01
4.802500E+01 1.282923E+00 1.253536E+01
4.812400E+01 1.284077E+00 1.253415E+01
4.822300E+01 1.285229E+00 1.253295E+01
4.832200E+01 1.286379E+00 1.253176E+01
4.842100E+01 1.287527E+00 1.253059E+01
4.852000E+01 1.288672E+00 1.252943E+01
4.861900E+01 1.289815E+00 1.253403E+01
4.871800E+01 1.290956E+00 1.253288E+01
4.881700E+01 1.292094E+00 1.253175E+01
4.891600E+01 1.293231E+00 1.253064E+01
4.901500E+01 1.294365E+00 1.252953E+01
4.911400E+01 1.295497E+00 1.253415E+01
4.921300E+01 1.296626E+00 1.253306E+01
4.931200E+01 1.297754E+00 1.253198E+01
4.941100E+01 1.298879E+00 1.253092E+01
4.951000E+01 1.300003E+00 1.252987E+01
4.960900E+01 1.301124E+00 1.252883E+01
4.970800E+01 1.302243E+00 1.253347E+01
4.980700E+01 1.303359E+00 1.253244E+01
4.990600E+01 1.304474E+00 1.253143E+01
5.000500E+01 1.305586E+00 1.253043E+01
5.010400E+01 1.306697E+00 1.252945E+01
5.020300E+01 1.307805E+00 1.252847E+01
5.030200E+01 1.308911E+00 1.252751E+01
5.040100E+01 1.310015E+00 1.253217E+01
5.050000E+01 1.311117E+00 1.253122E+01
5.059900E+01 1.312216E+00 1.253028E+01
5.069800E+01 1.313314E+00 1.252936E+01
5.079700E+01 1.314410E+00 1.252844E+01
5.089600E+01 1.315503E+00 1.252754E+01
5.099500E+01 1.316595E+00 1.252665E+01
5.109400E+01 1.317684E+00 1.253133E+01
5.119300E+01 1.318771E+00 1.253046E+01
5.129200E+01 1.319857E+00 1.252959E+01
5.139100E+01 1.320940E+00 1.252873E+01
5.149000E+01 1.322021E+00 1.252789E+01
5.158900E+01 1.323100E+00 1.252706E+01
5.168800E+01 1.324177E+00 1.252623E+01
5.178700E+01 1.325252E+00 1.252542E+01
5.188600E+01 1.326325E+00 1.253013E+01
5.198500E+01 1.327396E+00 1.252933E+01
5.208400E+01 1.328465E+00 1.252854E+01
5.218300E+01 1.329532E+00 1.252776E+01
5.228200E+01 1.330597E+00 1.252699E+01
5.238100E+01 1.331660E+00 1.252624E+01
5.248000E+01 1.332721E+00 1.252549E+01
5.257900E+01 1.333780E+00 1.252475E+01
5.267800E+01 1.334837E+00 1.252402E+01
5.277700E+01 1.335893E+00 1.252876E+01
5.287600E+01 1.336946E+00 1.252804E+01
5.297500E+01 1.337997E+00 1.252734E+01
5.307400E+01 1.339046E+00 1.252664E+01
5.317300E+01 1.340094E+00 1.252596E+01
5.327200E+01 1.341139E+00 1.252528E+01
5.337100E+01 1.342182E+00 1.252462E+01
5.347000E+01 1.343224E+00 1.252396E+01
5.356900E+01 1.344264E+00 1.252332E+01
5.366800E+01 1.345301E+00 1.252268E+01
5.376700E+01 1.346337E+00 1.252744E+01
5.386600E+01 1.347371E+00 1.252681E+01
5.396500E+01 1.348403E+00 1.252620E+01
5.406400E+01 1.349433E+00 1.252559E+01
5.416300E+01 1.350461E+00 1.252500E+01
5.426200E+01 1.351488E+00 1.252441E+01
5.436100E+01 1.352512E+00 1.252383E+01
5.446000E+01 1.353535E+00 1.252326E+01
5.455900E+01 1.354555E+00 1.252270E+01
5.465800E+01 1.355574E+00 1.252215E+01
5.475700E+01 1.356591E+00 1.252160E+01
5.485600E+01 1.357606E+00 1.252107E+01
5.495500E+01 1.358620E+00 1.252054E+01
5.505400E+01 1.359631E+00 1.252533E+01
5.515300E+01 1.360641E+00 1.252482E+01
5.525200E+01 1.361649E+00 1.252431E+01
5.535100E+01 1.362655E+00 1.252382E+01
5.545000E+01 1.363659E+00 1.252333E+01
5.554900E+01 1.364661E+00 1.252285E+01
5.564800E+01 1.365662E+00 1.252238E+01
5.574700E+01 1.366660E+00 1.252191E+01
5.584600E+01 1.367657E+00 1.252146E+01
5.594500E+01 1.368653E+00 1.252101E+01
5.604400E+01 1.369646E+00 1.252057E+01
5.614300E+01 1.370637E+00 1.252014E+01
5.624200E+01 1.371627E+00 1.251972E+01
5.634100E+01 1.372615E+00 1.251931E+01
5.644000E+01 1.373602E+00 1.251890E+01
5.653900E+01 1.374586E+00 1.251850E+01
5.663800E+01 1.375569E+00 1.251811E+01
5.673700E+01 1.376550E+00 1.251773E+01
5.683600E+01 1.377529E+00 1.251735E+01
5.693500E+01 1.378507E+00 1.251699E+01
5.703400E+01 1.379482E+00 1.251663E+01
5.713300E+01 1.380456E+00 1.252146E+01
5.723200E+01 1.381429E+00 1.252112E+01
5.733100E+01 1.382399E+00 1.252077E+01
5.743000E+01 1.383368E+00 1.252044E+01
5.752900E+01 1.384335E+00 1.252011E+01
5.762800E+01 1.385301E+00 1.251979E+01
5.772700E+01 1.386265E+00 1.251948E+01
5.782600E+01 1.387227E+00 1.251918E+01
5.792500E+01 1.388187E+00 1.251888E+01
5.802400E+01 1.389146E+00 1.251859E+01
5.812300E+01 1.390103E+00 1.251831E+01
5.822200E+01 1.391058E+00 1.251804E+01
5.832100E+01 1.392012E+00 1.251777E+01
5.842000E+01 1.392964E+00 1.251751E+01
5.851900E+01 1.393914E+00 1.251726E+01
5.861800E+01 1.394862E+00 1.251701E+01
5.871700E+01 1.395809E+00 1.251677E+01
5.881600E+01 1.396755E+00 1.251654E+01
5.891500E+01 1.397698E+00 1.251632E+01
5.901400E+01 1.398640E+00 1.251610E+01
5.911300E+01 1.399581E+00 1.251589E+01
5.921200E+01 1.400520E+00 1.251569E+01
5.931100E+01 1.401457E+00 1.251549E+01
5.941000E+01 1.402392E+00 1.251530E+01
5.950900E+01 1.403326E+00 1.251512E+01
5.960800E+01 1.404258E+00 1.251494E+01
5.970700E+01 1.405189E+00 1.251477E+01
5.980600E+01 1.406118E+00 1.251461E+01
5.990500E+01 1.407045E+00 1.251445E+01
6.000400E+01 1.407971E+00 1.251430E+01
6.010300E+01 1.408895E+00 1.251416E+01
6.020200E+01 1.409818E+00 1.251402E+01
6.030100E+01 1.410739E+00 1.251389E+01
6.040000E+01 1.411659E+00 1.251376E+01
6.049900E+01 1.412577E+00 1.251365E+01
6.059800E+01 1.413493E+00 1.251354E+01
6.069700E+01 1.414408E+00 1.251343E+01
6.079600E+01 1.415321E+00 1.251333E+01
6.089500E+01 1.416232E+00 1.251324E+01
6.099400E+01 1.417142E+00 1.250818E+01
6.109300E+01 1.418051E+00 1.250810E+01
6.119200E+01 1.418958E+00 1.250803E+01
6.129100E+01 1.419863E+00 1.250797E+01
6.139000E+01 1.420767E+00 1.250791E+01
6.148900E+01 1.421670E+00 1.250786E+01
6.158800E+01 1.422570E+00 1.250782E+01
6.168700E+01 1.423470E+00 1.250778E+01
6.178600E+01 1.424367E+00 1.250775E+01
6.188500E+01 1.425264E+00 1.250772E+01
6.198400E+01 1.426158E+00 1.250770E+01
6.208300E+01 1.427051E+00 1.250769E+01
6.218200E+01 1.427943E+00 1.250768E+01
6.228100E+01 1.428833E+00 1.250768E+01
6.238000E+01 1.429722E+00 1.250768E+01
6.247900E+01 1.430609E+00 1.250769E+01
6.257800E+01 1.431495E+00 1.250771E+01
6.267700E+01 1.432379E+00 1.250773E+01
6.277600E+01 1.433262E+00 1.250775E+01
6.287500E+01 1.434143E+00 1.250778E+01
6.297400E+01 1.435023E+00 1.250782E+01
6.307300E+01 1.435901E+00 1.250786E+01
6.317200E+01 1.436778E+00 1.250304E+01
6.327100E+01 1.437653E+00 1.250310E+01
6.337000E+01 1.438527E+00 1.250316E+01
6.346900E+01 1.439399E+00 1.250323E+01
6.356800E+01 1.440270E+00 1.250331E+01
6.366700E+01 1.441140E+00 1.250339E+01
6.376600E+01 1.442008E+00 1.250347E+01
6.386500E+01 1.442875E+00 1.250357E+01
6.396400E+01 1.443740E+00 1.250366E+01
6.406300E+01 1.444604E+00 1.250376E+01
6.416200E+01 1.445466E+00 1.250387E+01
6.426100E+01 1.446327E+00 1.250398E+01
6.436000E+01 1.447186E+00 1.250410E+01
6.445900E+01 1.448044E+00 1.250423E+01
6.455800E+01 1.448901E+00 1.249955E+01
6.465700E+01 1.449756E+00 1.249968E+01
6.475600E+01 1.450610E+00 1.249983E+01
6.485500E+01 1.451462E+00 1.249997E+01
6.495400E+01 1.452313E+00 1.250013E+01
6.505300E+01 1.453163E+00 1.250029E+01
6.515200E+01 1.454011E+00 1.250045E+01
6.525100E+01 1.454858E+00 1.250062E+01
6.535000E+01 1.455703E+00 1.250079E+01
6.544900E+01 1.456547E+00 1.250097E+01
6.554800E+01 1.457390E+00 1.250115E+01
6.564700E+01 1.458231E+00 1.250134E+01
6.574600E+01 1.459071E+00 1.249678E+01
6.584500E+01 1.459909E+00 1.249698E+01
6.594400E+01 1.460746E+00 1.249719E+01
6.604300E+01 1.461582E+00 1.249740E+01
6.614200E+01 1.462417E+00 1.249761E+01
6.624100E+01 1.463250E+00 1.249783E+01
6.634000E+01 1.464081E+00 1.249806E+01
6.643900E+01 1.464912E+00 1.249829E+01
6.653800E+01 1.465741E+00 1.249852E+01
6.663700E+01 1.466568E+00 1.249876E+01
6.673600E+01 1.467395E+00 1.249430E+01
6.683500E+01 1.468220E+00 1.249455E+01
6.693400E+01 1.469043E+00 1.249481E+01
6.703300E+01 1.469865E+00 1.249507E+01
6.713200E+01 1.470686E+00 1.249534E+01
6.723100E+01 1.471506E+00 1.249561E+01
6.733000E+01 1.472324E+00 1.249588E+01
6.742900E+01 1.473141E+00 1.249616E+01
6.752800E+01 1.473957E+00 1.249177E+01
6.762700E+01 1.474771E+00 1.249207E+01
6.772600E+01 1.475585E+00 1.249236E+01
6.782500E+01 1.476396E+00 1.249266E+01
6.792400E+01 1.477207E+00 1.249297E+01
6.802300E+01 1.478016E+00 1.249328E+01
6.812200E+01 1.478824E+00 1.249360E+01
6.822100E+01 1.479630E+00 1.249391E+01
6.832000E+01 1.480436E+00 1.248960E+01
6.841900E+01 1.481240E+00 1.248993E+01
6.851800E+01 1.482042E+00 1.249026E+01
6.861700E+01 1.482844E+00 1.249060E+01
6.871600E+01 1.483644E+00 1.249095E+01
6.881500E+01 1.484443E+00 1.249129E+01
6.891400E+01 1.485240E+00 1.249165E+01
6.901300E+01 1.486037E+00 1.249200E+01
6.911200E+01 1.486832E+00 1.248775E+01
6.921100E+01 1.487626E+00 1.248812E+01
6.931000E+01 1.488418E+00 1.248849E+01
6.940900E+01 1.489209E+00 1.248887E+01
6.950800E+01 1.489999E+00 1.248925E+01
6.960700E+01 1.490788E+00 1.248964E+01
6.970600E+01 1.491576E+00 1.249002E+01
6.980500E+01 1.492362E+00 1.248584E+01
6.990400E+01 1.493147E+00 1.248624E+01
7.000300E+01 1.493931E+00 1.248664E+01
7.010200E+01 1.494714E+00 1.248705E+01
7.020100E+01 1.495495E+00 1.248746E+01
7.030000E+01 1.496275E+00 1.248788E+01
7.039900E+01 1.497054E+00 1.248374E+01
7.049800E+01 1.497832E+00 1.248416E+01
7.059700E+01 1.498608E+00 1.248460E+01
7.069600E+01 1.499383E+00 1.248503E+01
7.079500E+01 1.500157E+00 1.248547E+01
7.089400E+01 1.500930E+00 1.248591E+01
7.099300E+01 1.501702E+00 1.248636E+01
7.109200E+01 1.502472E+00 1.248228E+01
7.119100E+01 1.503241E+00 1.248273E+01
7.129000E+01 1.504009E+00 1.248319E+01
7.138900E+01 1.504776E+00 1.248366E+01
7.148800E+01 1.505542E+00 1.248413E+01
7.158700E+01 1.506306E+00 1.248460E+01
7.168600E+01 1.507069E+00 1.248057E+01
7.178500E+01 1.507832E+00 1.248105E+01
7.188400E+01 1.508592E+00 1.248153E+01
7.198300E+01 1.509352E+00 1.248202E+01
7.208200E+01 1.510111E+00 1.248252E+01
7.218100E+01 1.510868E+00 1.247852E+01
7.228000E+01 1.511624E+00 1.247903E+01
7.237900E+01 1.512379E+00 1.247953E+01
7.247800E+01 1.513133E+00 1.248004E+01
7.257700E+01 1.513886E+00 1.248056E+01
7.267600E+01 1.514637E+00 1.248108E+01
7.277500E+01 1.515387E+00 1.247713E+01
7.287400E+01 1.516137E+00 1.247766E+01
7.297300E+01 1.516885E+00 1.247819E+01
7.307200E+01 1.517632E+00 1.247872E+01
7.317100E+01 1.518377E+00 1.247926E+01
7.327000E+01 1.519122E+00 1.247535E+01
7.336900E+01 1.519865E+00 1.247590E+01
7.346800E+01 1.520608E+00 1.247645E+01
7.356700E+01 1.521349E+00 1.247701E+01
7.366600E+01 1.522089E+00 1.247756E+01
7.376500E+01 1.522828E+00 1.247370E+01
7.386400E+01 1.523566E+00 1.247426E+01
7.396300E+01 1.524302E+00 1.247483E+01
7.406200E+01 1.525038E+00 1.247541E+01
7.416100E+01 1.525772E+00 1.247599E+01
7.426000E+01 1.526505E+00 1.247216E+01
7.435900E+01 1.527238E+00 1.247274E+01
7.445800E+01 1.527969E+00 1.247333E+01
7.455700E+01 1.528699E+00 1.247392E+01
7.465600E+01 1.529427E+00 1.247452E+01
7.475500E+01 1.530155E+00 1.247073E+01
7.485400E+01 1.530882E+00 1.247133E+01
7.495300E+01 1.531607E+00 1.247194E+01
7.505200E+01 1.532332E+00 1.247255E+01
7.515100E+01 1.533055E+00 1.247317E+01
7.525000E+01 1.533777E+00 1.246941E+01
7.534900E+01 1.534499E+00 1.247003E+01
7.544800E+01 1.535219E+00 1.247066E+01
7.554700E+01 1.535938E+00 1.247129E+01
7.564600E+01 1.536655E+00 1.247192E+01
7.574500E+01 1.537372E+00 1.246820E+01
7.584400E+01 1.538088E+00 1.246884E+01
7.594300E+01 1.538803E+00 1.246949E+01
7.604200E+01 1.539516E+00 1.247013E+01
7.614100E+01 1.540229E+00 1.246644E+01
7.624000E+01 1.540940E+00 1.246710E+01
7.633900E+01 1.541651E+00 1.246776E+01
7.643800E+01 1.542360E+00 1.246842E+01
7.653700E+01 1.543068E+00 1.246909E+01
7.663600E+01 1.543775E+00 1.246543E+01
7.673500E+01 1.544482E+00 1.246610E+01
7.683400E+01 1.545187E+00 1.246678E+01
7.693300E+01 1.545891E+00 1.246746E+01
7.703200E+01 1.546594E+00 1.246383E+01
7.713100E+01 1.547296E+00 1.246451E+01
7.723000E+01 1.547997E+00 1.246521E+01
7.732900E+01 1.548696E+00 1.246590E+01
7.742800E+01 1.549395E+00 1.246230E+01
7.752700E+01 1.550093E+00 1.246300E+01
7.762600E+01 1.550790E+00 1.246370E+01
7.772500E+01 1.551486E+00 1.246441E+01
7.782400E+01 1.552180E+00 1.246083E+01
7.792300E+01 1.552874E+00 1.246155E+01
7.802200E+01 1.553566E+00 1.246227E+01
7.812100E+01 1.554258E+00 1.246299E+01
7.822000E+01 1.554949E+00 1.246371E+01
7.831900E+01 1.555638E+00 1.246017E+01
7.841800E+01 1.556327E+00 1.246090E+01
7.851700E+01 1.557014E+00 1.246164E+01
7.861600E+01 1.557701E+00 1.246237E+01
7.871500E+01 1.558386E+00 1.245886E+01
7.881400E+01 1.559071E+00 1.245960E+01
7.891300E+01 1.559754E+00 1.246035E+01
7.901200E+01 1.560437E+00 1.246110E+01
7.911100E+01 1.561118E+00 1.245761E+01
7.921000E+01 1.561799E+00 1.245837E+01
7.930900E+01 1.562478E+00 1.245913E+01
7.940800E+01 1.563157E+00 1.245566E+01
7.950700E+01 1.563834E+00 1.245642E+01
7.960600E+01 1.564511E+00 1.245720E+01
7.970500E+01 1.565186E+00 1.245797E+01
7.980400E+01 1.565861E+00 1.245452E+01
7.990300E+01 1.566534E+00 1.245530E+01
8.000200E+01 1.567207E+00 1.245609E+01
8.010100E+01 1.567879E+00 1.245687E+01
8.020000E+01 1.568549E+00 1.245345E+01
8.029900E+01 1.569219E+00 1.245425E+01
8.039800E+01 1.569887E+00 1.245504E+01
8.049700E+01 1.570555E+00 1.245584E+01
8.059600E+01 1.571222E+00 1.245245E+01
8.069500E+01 1.571888E+00 1.245325E+01
8.079400E+01 1.572552E+00 1.245406E+01
8.089300E+01 1.573216E+00 1.245068E+01
8.099200E+01 1.573879E+00 1.245150E+01
8.109100E+01 1.574541E+00 1.245232E+01
8.119000E+01 1.575202E+00 1.245314E+01
8.128900E+01 1.575862E+00 1.244978E+01
8.138800E+01 1.576521E+00 1.245061E+01
8.148700E+01 1.577179E+00 1.245144E+01
8.158600E+01 1.577836E+00 1.245227E+01
8.168500E+01 1.578493E+00 1.244894E+01
8.178400E+01 1.579148E+00 1.244978E+01
8.188300E+01 1.579802E+00 1.245062E+01
8.198200E+01 1.580455E+00 1.244731E+01
8.208100E+01 1.581108E+00 1.244816E+01
8.218000E+01 1.581759E+00 1.244901E+01
8.227900E+01 1.582410E+00 1.244986E+01
8.237800E+01 1.583060E+00 1.244658E+01
8.247700E+01 1.583708E+00 1.244744E+01
8.257600E+01 1.584356E+00 1.244830E+01
8.267500E+01 1.585003E+00 1.244503E+01
8.277400E+01 1.585649E+00 1.244590E+01
8.287300E+01 1.586294E+00 1.244677E+01
8.297200E+01 1.586938E+00 1.244764E+01
8.307100E+01 1.587581E+00 1.244440E+01
8.317000E+01 1.588223E+00 1.244528E+01
8.326900E+01 1.588865E+00 1.244616E+01
8.336800E+01 1.589505E+00 1.244293E+01
8.346700E+01 1.590145E+00 1.244382E+01
8.356600E+01 1.590783E+00 1.244471E+01
8.366500E+01 1.591421E+00 1.244150E+01
8.376400E+01 1.592058E+00 1.244240E+01
8.386300E+01 1.592694E+00 1.244329E+01
8.396200E+01 1.593329E+00 1.244420E+01
8.406100E+01 1.593963E+00 1.244101E+01
8.416000E+01 1.594596E+00 1.244192E+01
8.425900E+01 1.595228E+00 1.244282E+01
8.435800E+01 1.595860E+00 1.243965E+01
8.445700E+01 1.596490E+00 1.244057E+01
8.455600E+01 1.597120E+00 1.244149E+01
8.465500E+01 1.597749E+00 1.243833E+01
8.475400E+01 1.598376E+00 1.243926E+01
8.485300E+01 1.599003E+00 1.244018E+01
8.495200E+01 1.599629E+00 1.243705E+01
8.505100E+01 1.600255E+00 1.243798E+01
8.515000E+01 1.600879E+00 1.243891E+01
8.524900E+01 1.601502E+00 1.243985E+01
8.534800E+01 1.602125E+00 1.243674E+01
8.544700E+01 1.602747E+00 1.243768E+01
8.554600E+01 1.603368E+00 1.243862E+01
8.564500E+01 1.603987E+00 1.243552E+01
8.574400E+01 1.604607E+00 1.243647E+01
8.584300E+01 1.605225E+00 1.243743E+01
8.594200E+01 1.605842E+00 1.243434E+01
8.604100E+01 1.606459E+00 1.243530E+01
8.614000E+01 1.607074E+00 1.243626E+01
8.623900E+01 1.607689E+00 1.243320E+01
8.633800E+01 1.608303E+00 1.243416E+01
8.643700E+01 1.608916E+00 1.243513E+01
8.653600E+01 1.609528E+00 1.243208E+01
8.663500E+01 1.610140E+00 1.243305E+01
8.673400E+01 1.610750E+00 1.243403E+01
8.683300E+01 1.611360E+00 1.243100E+01
8.693200E+01 1.611969E+00 1.243198E+01
8.703100E+01 1.612577E+00 1.243296E+01
8.713000E+01 1.613184E+00 1.242994E+01
8.722900E+01 1.613790E+00 1.243093E+01
8.732800E+01 1.614395E+00 1.243192E+01
8.742700E+01 1.615000E+00 1.242892E+01
8.752600E+01 1.615604E+00 1.242992E+01
8.762500E+01 1.616207E+00 1.243092E+01
8.772400E+01 1.616809E+00 1.242793E+01
8.782300E+01 1.617410E+00 1.242893E+01
8.792200E+01 1.618011E+00 1.242994E+01
8.802100E+01 1.618610E+00 1.242697E+01
8.812000E+01 1.619209E+00 1.242798E+01
8.821900E+01 1.619807E+00 1.242899E+01
8.831800E+01 1.620404E+00 1.242603E+01
8.841700E+01 1.621000E+00 1.242705E+01
8.851600E+01 1.621596E+00 1.242807E+01
8.861500E+01 1.622191E+00 1.242513E+01
8.871400E+01 1.622784E+00 1.242616E+01
8.881300E+01 1.623378E+00 1.242718E+01
8.891200E+01 1.623970E+00 1.242426E+01
8.901100E+01 1.624561E+00 1.242529E+01
8.911000E+01 1.625152E+00 1.242238E+01
8.920900E+01 1.625742E+00 1.242341E+01
8.930800E+01 1.626331E+00 1.242445E+01
8.940700E+01 1.626919E+00 1.242155E+01
8.950600E+01 1.627506E+00 1.242260E+01
8.960500E+01 1.628093E+00 1.242364E+01
8.970400E+01 1.628679E+00 1.242076E+01
8.980300E+01 1.629264E+00 1.242181E+01
8.990200E+01 1.629848E+00 1.242286E+01
9.000100E+01 1.630431E+00 1.241999E+01
9.010000E+01 1.631014E+00 1.242105E+01
9.019900E+01 1.631596E+00 1.242211E+01
9.029800E+01 1.632177E+00 1.241925E+01
9.039700E+01 1.632757E+00 1.242032E+01
9.049600E+01 1.633337E+00 1.241747E+01
9.059500E+01 1.633915E+00 1.241854E+01
9.069400E+01 1.634493E+00 1.241962E+01
9.079300E+01 1.635070E+00 1.241678E+01
9.089200E+01 1.635647E+00 1.241786E+01
9.099100E+01 1.636222E+00 1.241894E+01
9.109000E+01 1.636797E+00 1.241612E+01
9.118900E+01 1.637371E+00 1.241720E+01
9.128800E+01 1.637944E+00 1.241440E+01
9.138700E+01 1.638517E+00 1.241548E+01
9.148600E+01 1.639088E+00 1.241657E+01
9.158500E+01 1.639659E+00 1.241378E+01
9.168400E+01 1.640229E+00 1.241488E+01
9.178300E+01 1.640799E+00 1.241597E+01
9.188200E+01 1.641367E+00 1.241319E+01
9.198100E+01 1.641935E+00 1.241429E+01
9.208000E+01 1.642502E+00 1.241152E+01
9.217900E+01 1.643069E+00 1.241263E+01
9.227800E+01 1.643634E+00 1.241374E+01
9.237700E+01 1.644199E+00 1.241098E+01
9.247600E+01 1.644763E+00 1.241209E+01
9.257500E+01 1.645326E+00 1.241320E+01
9.267400E+01 1.645889E+00 1.241046E+01
9.277300E+01 1.646451E+00 1.241158E+01
9.287200E+01 1.647012E+00 1.240885E+01
9.297100E+01 1.647572E+00 1.240997E+01
9.307000E+01 1.648132E+00 1.241109E+01
9.316900E+01 1.648690E+00 1.240837E+01
9.326800E+01 1.649248E+00 1.240950E+01
9.336700E+01 1.649806E+00 1.240679E+01
9.346600E+01 1.650362E+00 1.240792E+01
9.356500E+01 1.650918E+00 1.240906E+01
9.366400E+01 1.651473E+00 1.240636E+01
9.376300E+01 1.652028E+00 1.240750E+01
9.386200E+01 1.652581E+00 1.240864E+01
9.396100E+01 1.653134E+00 1.240596E+01
9.406000E+01 1.653686E+00 1.240710E+01
9.415900E+01 1.654238E+00 1.240443E+01
9.425800E+01 1.654788E+00 1.240558E+01
9.435700E+01 1.655338E+00 1.240673E+01
9.445600E+01 1.655887E+00 1.240407E+01
9.455500E+01 1.656436E+00 1.240522E+01
9.465400E+01 1.656984E+00 1.240257E+01
9.475300E+01 1.657531E+00 1.240373E+01
9.485200E+01 1.658077E+00 1.240489E+01
9.495100E+01 1.658623E+00 1.240225E+01
9.505000E+01 1.659168E+00 1.240341E+01
9.514900E+01 1.659712E+00 1.240078E+01
9.524800E+01 1.660255E+00 1.240195E+01
9.534700E+01 1.660798E+00 1.240312E+01
9.544600E+01 1.661340E+00 1.240050E+01
9.554500E+01 1.661881E+00 1.240168E+01
9.564400E+01 1.662422E+00 1.239907E+01
9.574300E+01 1.662962E+00 1.240025E+01
9.584200E+01 1.663501E+00 1.240143E+01
9.594100E+01 1.664040E+00 1.239883E+01
9.604000E+01 1.664577E+00 1.240002E+01
9.613900E+01 1.665115E+00 1.239743E+01
9.623800E+01 1.665651E+00 1.239862E+01
9.633700E+01 1.666187E+00 1.239604E+01
9.643600E+01 1.666722E+00 1.239723E+01
9.653500E+01 1.667256E+00 1.239843E+01
9.663400E+01 1.667789E+00 1.239586E+01
9.673300E+01 1.668322E+00 1.239706E+01
9.683200E+01 1.668855E+00 1.239450E+01
9.693100E+01 1.669386E+00 1.239570E+01
9.703000E+01 1.669917E+00 1.239691E+01
9.712900E+01 1.670447E+00 1.239436E+01
9.722800E+01 1.670976E+00 1.239557E+01
9.732700E+01 1.671505E+00 1.239303E+01
9.742600E+01 1.672033E+00 1.239424E+01
9.752500E+01 1.672561E+00 1.239171E+01
9.762400E+01 1.673087E+00 1.239293E+01
9.772300E+01 1.673613E+00 1.239414E+01
9.782200E+01 1.674139E+00 1.239162E+01
9.792100E+01 1.674663E+00 1.239285E+01
9.802000E+01 1.675187E+00 1.239034E+01
9.811900E+01 1.675710E+00 1.239156E+01
9.821800E+01 1.676233E+00 1.238906E+01
9.831700E+01 1.676755E+00 1.239029E+01
9.841600E+01 1.677276E+00 1.239152E+01
9.851500E+01 1.677797E+00 1.238903E+01
9.861400E+01 1.678317E+00 1.239026E+01
9.871300E+01 1.678836E+00 1.238778E+01
9.881200E+01 1.679355E+00 1.238902E+01
9.891100E+01 1.679872E+00 1.238655E+01
9.901000E+01 1.680390E+00 1.238779E+01
9.910900E+01 1.680906E+00 1.238903E+01
9.920800E+01 1.681422E+00 1.238657E+01
9.930700E+01 1.681937E+00 1.238781E+01
9.940600E+01 1.682452E+00 1.238536E+01
9.950500E+01 1.682966E+00 1.238661E+01
9.960400E+01 1.683479E+00 1.238417E+01
9.970300E+01 1.683992E+00 1.238542E+01
9.980200E+01 1.684504E+00 1.238298E+01
9.990100E+01 1.685015E+00 1.238424E+01
1.000000E+02 1.685526E+00 1.238550E+01
1.009000E+02 1.690138E+00 1.238163E+01
1.018000E+02 1.694698E+00 1.237799E+01
1.027000E+02 1.699205E+00 1.237456E+01
1.036000E+02 1.703661E+00 1.237135E+01
1.045000E+02 1.708066E+00 1.236834E+01
1.054000E+02 1.712422E+00 1.236196E+01
1.063000E+02 1.716729E+00 1.235936E+01
1.072000E+02 1.720988E+00 1.235695E+01
1.081000E+02 1.725199E+00 1.235121E+01
1.090000E+02 1.729364E+00 1.234919E+01
1.099000E+02 1.733484E+00 1.234735E+01
1.108000E+02 1.737558E+00 1.234220E+01
1.117000E+02 1.741588E+00 1.233726E+01
1.126000E+02 1.745574E+00 1.233595E+01
1.135000E+02 1.749517E+00 1.233138E+01
1.144000E+02 1.753418E+00 1.232699E+01
1.153000E+02 1.757277E+00 1.232618E+01
1.162000E+02 1.761095E+00 1.232215E+01
1.171000E+02 1.764872E+00 1.231828E+01
1.180000E+02 1.768610E+00 1.231459E+01
1.189000E+02 1.772308E+00 1.231107E+01
1.198000E+02 1.775967E+00 1.230771E+01
1.207000E+02 1.779589E+00 1.230451E+01
1.216000E+02 1.783173E+00 1.230147E+01
1.225000E+02 1.786720E+00 1.229530E+01
1.234000E+02 1.790230E+00 1.229258E+01
1.243000E+02 1.793705E+00 1.229000E+01
1.252000E+02 1.797144E+00 1.228433E+01
1.261000E+02 1.800548E+00 1.228205E+01
1.270000E+02 1.803918E+00 1.227991E+01
1.279000E+02 1.807254E+00 1.227471E+01
1.288000E+02 1.810556E+00 1.227285E+01
1.297000E+02 1.813826E+00 1.226795E+01
1.306000E+02 1.817062E+00 1.226320E+01
1.315000E+02 1.820267E+00 1.226174E+01
1.324000E+02 1.823440E+00 1.225727E+01
1.333000E+02 1.826582E+00 1.225295E+01
1.342000E+02 1.829693E+00 1.224877E+01
1.351000E+02 1.832774E+00 1.224782E+01
1.360000E+02 1.835825E+00 1.224390E+01
1.369000E+02 1.838846E+00 1.224011E+01
1.378000E+02 1.841838E+00 1.223645E+01
1.387000E+02 1.844801E+00 1.223292E+01
1.396000E+02 1.847736E+00 1.222952E+01
1.405000E+02 1.850643E+00 1.222624E+01
1.414000E+02 1.853523E+00 1.222308E+01
1.423000E+02 1.856375E+00 1.221703E+01
1.432000E+02 1.859200E+00 1.221412E+01
1.441000E+02 1.861998E+00 1.221132E+01
1.450000E+02 1.864770E+00 1.220864E+01
1.459000E+02 1.867517E+00 1.220310E+01
1.468000E+02 1.870237E+00 1.220064E+01
1.477000E+02 1.872933E+00 1.219830E+01
1.486000E+02 1.875603E+00 1.219312E+01
1.495000E+02 1.878249E+00 1.219099E+01
1.504000E+02 1.880871E+00 1.218605E+01
1.513000E+02 1.883469E+00 1.218413E+01
1.522000E+02 1.886043E+00 1.217941E+01
1.531000E+02 1.888593E+00 1.217481E+01
1.540000E+02 1.891121E+00 1.217320E+01
1.549000E+02 1.893625E+00 1.216882E+01
1.558000E+02 1.896107E+00 1.216454E+01
1.567000E+02 1.898567E+00 1.216322E+01
1.576000E+02 1.901005E+00 1.215915E+01
1.585000E+02 1.903421E+00 1.215519E+01
1.594000E+02 1.905816E+00 1.215133E+01
1.603000E+02 1.908189E+00 1.214757E+01
1.612000E+02 1.910541E+00 1.214391E+01
1.621000E+02 1.912873E+00 1.214035E+01
1.630000E+02 1.915184E+00 1.213688E+01
1.639000E+02 1.917475E+00 1.213351E+01
1.648000E+02 1.919746E+00 1.213024E+01
1.657000E+02 1.921997E+00 1.212706E+01
1.666000E+02 1.924228E+00 1.212397E+01
1.675000E+02 1.926441E+00 1.212096E+01
1.684000E+02 1.928634E+00 1.211805E+01
1.693000E+02 1.930808E+00 1.211250E+01
1.702000E+02 1.932964E+00 1.210977E+01
1.711000E+02 1.935101E+00 1.210712E+01
1.720000E+02 1.937220E+00 1.210185E+01
1.729000E+02 1.939321E+00 1.209938E+01
1.738000E+02 1.941404E+00 1.209698E+01
1.747000E+02 1.943470E+00 1.209199E+01
1.756000E+02 1.945518E+00 1.208976E+01
1.765000E+02 1.947549E+00 1.208495E+01
1.774000E+02 1.949562E+00 1.208288E+01
1.783000E+02 1.951559E+00 1.207824E+01
1.792000E+02 1.953540E+00 1.207633E+01
1.801000E+02 1.955504E+00 1.207186E+01
1.810000E+02 1.957451E+00 1.207010E+01
1.819000E+02 1.959383E+00 1.206579E+01
1.828000E+02 1.961298E+00 1.206157E+01
1.837000E+02 1.963198E+00 1.206004E+01
1.846000E+02 1.965082E+00 1.205597E+01
1.855000E+02 1.966951E+00 1.205199E+01
1.864000E+02 1.968804E+00 1.204808E+01
1.873000E+02 1.970642E+00 1.204683E+01
1.882000E+02 1.972466E+00 1.204308E+01
1.891000E+02 1.974274E+00 1.203940E+01
1.900000E+02 1.976068E+00 1.203580E+01
1.909000E+02 1.977848E+00 1.203227E+01
1.918000E+02 1.979613E+00 1.202881E+01
1.927000E+02 1.981364E+00 1.202543E+01
1.936000E+02 1.983101E+00 1.202212E+01
1.945000E+02 1.984824E+00 1.201889E+01
1.954000E+02 1.986533E+00 1.201572E+01
1.963000E+02 1.988229E+00 1.201262E+01
1.972000E+02 1.989911E+00 1.200959E+01
1.981000E+02 1.991580E+00 1.200662E+01
1.990000E+02 1.993236E+00 1.200373E+01
1.999000E+02 1.994879E+00 1.199841E+01
2.008000E+02 1.996509E+00 1.199565E+01
2.017000E+02 1.998126E+00 1.199295E+01
2.026000E+02 1.999730E+00 1.199032E+01
2.035000E+02 2.001322E+00 1.198529E+01
2.044000E+02 2.002902E+00 1.198279E+01
2.053000E+02 2.004469E+00 1.198035E+01
2.062000E+02 2.006024E+00 1.197552E+01
2.071000E+02 2.007567E+00 1.197321E+01
2.080000E+02 2.009098E+00 1.197095E+01
2.089000E+02 2.010617E+00 1.196632E+01
2.098000E+02 2.012125E+00 1.196419E+01
2.107000E+02 2.013621E+00 1.195969E+01
2.116000E+02 2.015105E+00 1.195768E+01
2.125000E+02 2.016579E+00 1.195331E+01
2.134000E+02 2.018041E+00 1.195141E+01
2.143000E+02 2.019492E+00 1.194717E+01
2.152000E+02 2.020931E+00 1.194538E+01
2.161000E+02 2.022360E+00 1.194126E+01
2.170000E+02 2.023779E+00 1.193721E+01
2.179000E+02 2.025186E+00 1.193559E+01
2.188000E+02 2.026583E+00 1.193165E+01
2.197000E+02 2.027969E+00 1.192777E+01
2.206000E+02 2.029345E+00 1.192632E+01
2.215000E+02 2.030711E+00 1.192255E+01
2.224000E+02 2.032066E+00 1.191885E+01
2.233000E+02 2.033412E+00 1.191520E+01
2.242000E+02 2.034747E+00 1.191396E+01
2.251000E+02 2.036072E+00 1.191042E+01
2.260000E+02 2.037388E+00 1.190694E+01
2.269000E+02 2.038694E+00 1.190352E+01
2.278000E+02 2.039990E+00 1.190015E+01
2.287000E+02 2.041277E+00 1.189684E+01
2.296000E+02 2.042554E+00 1.189358E+01
2.305000E+02 2.043822E+00 1.189037E+01
2.314000E+02 2.045080E+00 1.188952E+01
2.323000E+02 2.046329E+00 1.188642E+01
2.332000E+02 2.047570E+00 1.188337E+01
2.341000E+02 2.048801E+00 1.187807E+01
2.350000E+02 2.050023E+00 1.187513E+01
2.359000E+02 2.051236E+00 1.187223E+01
2.368000E+02 2.052441E+00 1.186939E+01
2.377000E+02 2.053636E+00 1.186659E+01
2.386000E+02 2.054823E+00 1.186384E+01
2.395000E+02 2.056002E+00 1.186115E+01
2.404000E+02 2.057172E+00 1.185849E+01
2.413000E+02 2.058334E+00 1.185589E+01
2.422000E+02 2.059487E+00 1.185108E+01
2.431000E+02 2.060632E+00 1.184858E+01
2.440000E+02 2.061769E+00 1.184612E+01
2.449000E+02 2.062897E+00 1.184371E+01
2.458000E+02 2.064018E+00 1.183910E+01
2.467000E+02 2.065131E+00 1.183678E+01
2.476000E+02 2.066235E+00 1.183451E+01
2.485000E+02 2.067332E+00 1.183006E+01
2.494000E+02 2.068421E+00 1.182787E+01
2.503000E+02 2.069503E+00 1.182573E+01
2.512000E+02 2.070576E+00 1.182142E+01
2.521000E+02 2.071643E+00 1.181937E+01
2.530000E+02 2.072701E+00 1.181516E+01
2.539000E+02 2.073753E+00 1.181319E+01
2.548000E+02 2.074796E+00 1.181127E+01
2.557000E+02 2.075833E+00 1.180720E+01
2.566000E+02 2.076862E+00 1.180536E+01
2.575000E+02 2.077884E+00 1.180138E+01
2.584000E+02 2.078899E+00 1.179962E+01
2.593000E+02 2.079907E+00 1.179573E+01
2.602000E+02 2.080908E+00 1.179188E+01
2.611000E+02 2.081902E+00 1.179025E+01
2.620000E+02 2.082889E+00 1.178649E+01
2.629000E+02 2.083869E+00 1.178494E+01
2.638000E+02 2.084842E+00 1.178127E+01
2.647000E+02 2.085809E+00 1.177764E+01
2.656000E+02 2.086769E+00 1.177621E+01
2.665000E+02 2.087722E+00 1.177266E+01
2.674000E+02 2.088669E+00 1.176916E+01
2.683000E+02 2.089609E+00 1.176784E+01
2.692000E+02 2.090543E+00 1.176442E+01
2.701000E+02 2.091470E+00 1.176105E+01
2.710000E+02 2.092391E+00 1.175771E+01
2.719000E+02 2.093306E+00 1.175442E+01
2.728000E+02 2.094215E+00 1.175329E+01
2.737000E+02 2.095117E+00 1.175007E+01
2.746000E+02 2.096013E+00 1.174690E+01
2.755000E+02 2.096903E+00 1.174376E+01
2.764000E+02 2.097787E+00 1.174067E+01
2.773000E+02 2.098665E+00 1.173761E+01
2.782000E+02 2.099537E+00 1.173669E+01
2.791000E+02 2.100403E+00 1.173371E+01
2.800000E+02 2.101264E+00 1.173077E+01
2.809000E+02 2.102118E+00 1.172786E+01
2.818000E+02 2.102967E+00 1.172500E+01
2.827000E+02 2.103810E+00 1.172217E+01
2.836000E+02 2.104647E+00 1.171937E+01
2.845000E+02 2.105479E+00 1.171662E+01
2.854000E+02 2.106305E+00 1.171390E+01
2.863000E+02 2.107126E+00 1.171121E+01
2.872000E+02 2.107941E+00 1.170857E+01
2.881000E+02 2.108750E+00 1.170595E+01
2.890000E+02 2.109554E+00 1.170338E+01
2.899000E+02 2.110353E+00 1.169878E+01
2.908000E+02 2.111147E+00 1.169628E+01
2.917000E+02 2.111935E+00 1.169381E+01
2.926000E+02 2.112718E+00 1.169137E+01
2.935000E+02 2.113496E+00 1.168897E+01
2.944000E+02 2.114268E+00 1.168660E+01
2.953000E+02 2.115036E+00 1.168426E+01
2.962000E+02 2.115798E+00 1.167993E+01
2.971000E+02 2.116555E+00 1.167766E+01
2.980000E+02 2.117308E+00 1.167543E+01
2.989000E+02 2.118055E+00 1.167323E+01
2.998000E+02 2.118798E+00 1.166904E+01
3.007000E+02 2.119535E+00 1.166690E+01
3.016000E+02 2.120268E+00 1.166480E+01
3.025000E+02 2.120996E+00 1.166273E+01
3.034000E+02 2.121719E+00 1.165868E+01
3.043000E+02 2.122437E+00 1.165667E+01
3.052000E+02 2.123150E+00 1.165469E+01
3.061000E+02 2.123859E+00 1.165075E+01
3.070000E+02 2.124564E+00 1.164883E+01
3.079000E+02 2.125263E+00 1.164695E+01
3.088000E+02 2.125958E+00 1.164311E+01
3.097000E+02 2.126649E+00 1.164128E+01
3.106000E+02 2.127335E+00 1.163751E+01
3.115000E+02 2.128016E+00 1.163574E+01
3.124000E+02 2.128694E+00 1.163203E+01
3.133000E+02 2.129366E+00 1.163033E+01
3.142000E+02 2.130035E+00 1.162668E+01
3.151000E+02 2.130698E+00 1.162504E+01
3.160000E+02 2.131358E+00 1.162146E+01
3.169000E+02 2.132014E+00 1.161987E+01
3.178000E+02 2.132665E+00 1.161635E+01
3.187000E+02 2.133312E+00 1.161483E+01
3.196000E+02 2.133954E+00 1.161137E+01
3.205000E+02 2.134593E+00 1.160990E+01
3.214000E+02 2.135227E+00 1.160650E+01
3.223000E+02 2.135858E+00 1.160509E+01
3.232000E+02 2.136484E+00 1.160175E+01
3.241000E+02 2.137106E+00 1.159845E+01
3.250000E+02 2.137724E+00 1.159711E+01
3.259000E+02 2.138338E+00 1.159387E+01
3.268000E+02 2.138949E+00 1.159065E+01
3.277000E+02 2.139555E+00 1.158940E+01
3.286000E+02 2.140157E+00 1.158625E+01
3.295000E+02 2.140756E+00 1.158312E+01
3.304000E+02 2.141351E+00 1.158195E+01
3.313000E+02 2.141942E+00 1.157888E+01
3.322000E+02 2.142529E+00 1.157584E+01
3.331000E+02 2.143112E+00 1.157475E+01
3.340000E+02 2.143692E+00 1.157176E+01
3.349000E+02 2.144268E+00 1.156880E+01
3.358000E+02 2.144840E+00 1.156588E+01
3.367000E+02 2.145408E+00 1.156298E+01
3.376000E+02 2.145973E+00 1.156201E+01
3.385000E+02 2.146535E+00 1.155917E+01
3.394000E+02 2.147092E+00 1.155635E+01
3.403000E+02 2.147646E+00 1.155356E+01
3.412000E+02 2.148197E+00 1.155079E+01
3.421000E+02 2.148744E+00 1.154806E+01
3.430000E+02 2.149288E+00 1.154724E+01
3.439000E+02 2.149828E+00 1.154456E+01
3.448000E+02 2.150365E+00 1.154190E+01
3.457000E+02 2.150898E+00 1.153927E+01
3.466000E+02 2.151428E+00 1.153666E+01
3.475000E+02 2.151955E+00 1.153408E+01
3.484000E+02 2.152478E+00 1.153153E+01
3.493000E+02 2.152998E+00 1.152900E+01
3.502000E+02 2.153514E+00 1.152650E+01
3.511000E+02 2.154028E+00 1.152403E+01
3.520000E+02 2.154538E+00 1.152158E+01
3.529000E+02 2.155045E+00 1.151915E+01
3.538000E+02 2.155548E+00 1.151675E+01
3.547000E+02 2.156049E+00 1.151437E+01
3.556000E+02 2.156546E+00 1.151202E+01
3.565000E+02 2.157040E+00 1.150970E+01
3.574000E+02 2.157531E+00 1.150739E+01
3.583000E+02 2.158019E+00 1.150512E+01
3.592000E+02 2.158504E+00 1.150286E+01
3.601000E+02 2.158986E+00 1.150063E+01
3.610000E+02 2.159465E+00 1.149842E+01
3.619000E+02 2.159940E+00 1.149624E+01
3.628000E+02 2.160413E+00 1.149408E+01
3.637000E+02 2.160883E+00 1.149011E+01
3.646000E+02 2.161349E+00 1.148799E+01
3.655000E+02 2.161813E+00 1.148591E+01
3.664000E+02 2.162274E+00 1.148384E+01
3.673000E+02 2.162732E+00 1.148180E+01
3.682000E+02 2.163187E+00 1.147978E+01
3.691000E+02 2.163640E+00 1.147595E+01
3.700000E+02 2.164089E+00 1.147398E+01
3.709000E+02 2.164535E+00 1.147203E+01
3.718000E+02 2.164979E+00 1.147010E+01
3.727000E+02 2.165420E+00 1.146819E+01
3.736000E+02 2.165858E+00 1.146449E+01
3.745000E+02 2.166294E+00 1.146263E+01
3.754000E+02 2.166726E+00 1.146079E+01
3.763000E+02 2.167156E+00 1.145897E+01
3.772000E+02 2.167584E+00 1.145536E+01
3.781000E+02 2.168008E+00 1.145358E+01
3.790000E+02 2.168430E+00 1.145183E+01
3.799000E+02 2.168849E+00 1.144829E+01
3.808000E+02 2.169266E+00 1.144658E+01
3.817000E+02 2.169680E+00 1.144489E+01
3.826000E+02 2.170092E+00 1.144142E+01
3.835000E+02 2.170500E+00 1.143978E+01
3.844000E+02 2.170907E+00 1.143815E+01
3.853000E+02 2.171310E+00 1.143475E+01
3.862000E+02 2.171711E+00 1.143316E+01
3.871000E+02 2.172110E+00 1.142981E+01
3.880000E+02 2.172506E+00 1.142827E+01
3.889000E+02 2.172900E+00 1.142674E+01
3.898000E+02 2.173291E+00 1.142345E+01
3.907000E+02 2.173680E+00 1.142197E+01
3.916000E+02 2.174066E+00 1.141873E+01
3.925000E+02 2.174450E+00 1.141728E+01
3.934000E+02 2.174831E+00 1.141408E+01
3.943000E+02 2.175211E+00 1.141268E+01
3.952000E+02 2.175587E+00 1.140952E+01
3.961000E+02 2.175962E+00 1.140816E+01
3.970000E+02 2.176334E+00 1.140504E+01
3.979000E+02 2.176703E+00 1.140372E+01
3.988000E+02 2.177070E+00 1.140065E+01
3.997000E+02 2.177435E+00 1.139936E+01
4.006000E+02 2.177798E+00 1.139633E+01
4.015000E+02 2.178159E+00 1.139508E+01
4.024000E+02 2.178517E+00 1.139209E+01
4.033000E+02 2.178873E+00 1.139088E+01
4.042000E+02 2.179226E+00 1.138793E+01
4.051000E+02 2.179578E+00 1.138675E+01
4.060000E+02 2.179927E+00 1.138385E+01
4.069000E+02 2.180274E+00 1.138096E+01
4.078000E+02 2.180619E+00 1.137984E+01
4.087000E+02 2.180962E+00 1.137699E+01
4.096000E+02 2.181302E+00 1.137417E+01
4.105000E+02 2.181641E+00 1.137310E+01
4.114000E+02 2.181977E+00 1.137031E+01
4.123000E+02 2.182311E+00 1.136928E+01
4.132000E+02 2.182643E+00 1.136654E+01
4.141000E+02 2.182973E+00 1.136381E+01
4.150000E+02 2.183301E+00 1.136283E+01
4.159000E+02 2.183627E+00 1.136014E+01
4.168000E+02 2.183951E+00 1.135747E+01
4.177000E+02 2.184272E+00 1.135482E+01
4.186000E+02 2.184592E+00 1.135391E+01
4.195000E+02 2.184910E+00 1.135130E+01
4.204000E+02 2.185225E+00 1.134870E+01
4.213000E+02 2.185539E+00 1.134612E+01
4.222000E+02 2.185851E+00 1.134529E+01
4.231000E+02 2.186161E+00 1.134275E+01
4.240000E+02 2.186468E+00 1.134023E+01
4.249000E+02 2.186774E+00 1.133772E+01
4.258000E+02 2.187078E+00 1.133695E+01
4.267000E+02 2.187380E+00 1.133449E+01
4.276000E+02 2.187680E+00 1.133204E+01
4.285000E+02 2.187978E+00 1.132961E+01
4.294000E+02 2.188275E+00 1.132720E+01
4.303000E+02 2.188569E+00 1.132651E+01
4.312000E+02 2.188861E+00 1.132413E+01
4.321000E+02 2.189152E+00 1.132177E+01
4.330000E+02 2.189441E+00 1.131943E+01
4.339000E+02 2.189728E+00 1.131711E+01
4.348000E+02 2.190013E+00 1.131480E+01
4.357000E+02 2.190297E+00 1.131252E+01
4.366000E+02 2.190578E+00 1.131194E+01
4.375000E+02 2.190858E+00 1.130969E+01
4.384000E+02 2.191136E+00 1.130745E+01
4.393000E+02 2.191412E+00 1.130523E+01
4.402000E+02 2.191687E+00 1.130303E+01
4.411000E+02 2.191959E+00 1.130084E+01
4.420000E+02 2.192230E+00 1.129867E+01
4.429000E+02 2.192500E+00 1.129652E+01
4.438000E+02 2.192767E+00 1.129439E+01
4.447000E+02 2.193033E+00 1.129227E+01
4.456000E+02 2.193297E+00 1.129017E+01
4.465000E+02 2.193559E+00 1.128808E+01
4.474000E+02 2.193820E+00 1.128601E+01
4.483000E+02 2.194079E+00 1.128396E+01
4.492000E+02 2.194337E+00 1.128193E+01
4.501000E+02 2.194592E+00 1.127991E+01
4.510000E+02 2.194847E+00 1.127791E+01
4.519000E+02 2.195099E+00 1.127592E+01
4.528000E+02 2.195350E+00 1.127395E+01
4.537000E+02 2.195599E+00 1.127199E+01
4.546000E+02 2.195847E+00 1.127005E+01
4.555000E+02 2.196093E+00 1.126813E+01
4.564000E+02 2.196337E+00 1.126622E+01
4.573000E+02 2.196580E+00 1.126433E+01
4.582000E+02 2.196821E+00 1.126245E+01
4.591000E+02 2.197061E+00 1.126059E+01
4.600000E+02 2.197299E+00 1.125875E+01
4.609000E+02 2.197536E+00 1.125691E+01
4.618000E+02 2.197771E+00 1.125345E+01
4.627000E+02 2.198005E+00 1.125165E+01
4.636000E+02 2.198237E+00 1.124986E+01
4.645000E+02 2.198467E+00 1.124810E+01
4.654000E+02 2.198697E+00 1.124634E+01
4.663000E+02 2.198924E+00 1.124460E+01
4.672000E+02 2.199150E+00 1.124288E+01
4.681000E+02 2.199375E+00 1.123953E+01
4.690000E+02 2.199598E+00 1.123783E+01
4.699000E+02 2.199820E+00 1.123615E+01
4.708000E+02 2.200040E+00 1.123449E+01
4.717000E+02 2.200259E+00 1.123284E+01
4.726000E+02 2.200476E+00 1.123120E+01
4.735000E+02 2.200692E+00 1.122795E+01
4.744000E+02 2.200907E+00 1.122634E+01
4.753000E+02 2.201120E+00 1.122475E+01
4.762000E+02 2.201331E+00 1.122317E+01
4.771000E+02 2.201542E+00 1.121998E+01
4.780000E+02 2.201751E+00 1.121843E+01
4.789000E+02 2.201958E+00 1.121690E+01
4.798000E+02 2.202164E+00 1.121538E+01
4.807000E+02 2.202369E+00 1.121225E+01
4.816000E+02 2.202573E+00 1.121075E+01
4.825000E+02 2.202775E+00 1.120928E+01
4.834000E+02 2.202976E+00 1.120781E+01
4.843000E+02 2.203175E+00 1.120474E+01
4.852000E+02 2.203373E+00 1.120331E+01
4.861000E+02 2.203570E+00 1.120188E+01
4.870000E+02 2.203765E+00 1.119886E+01
4.879000E+02 2.203960E+00 1.119746E+01
4.888000E+02 2.204153E+00 1.119608E+01
4.897000E+02 2.204344E+00 1.119310E+01
4.906000E+02 2.204534E+00 1.119175E+01
4.915000E+02 2.204723E+00 1.119040E+01
4.924000E+02 2.204911E+00 1.118747E+01
4.933000E+02 2.205098E+00 1.118615E+01
4.942000E+02 2.205283E+00 1.118485E+01
4.951000E+02 2.205467E+00 1.118196E+01
4.960000E+02 2.205650E+00 1.118068E+01
4.969000E+02 2.205831E+00 1.117942E+01
4.978000E+02 2.206011E+00 1.117657E+01
4.987000E+02 2.206190E+00 1.117534E+01
4.996000E+02 2.206368E+00 1.117252E+01
5.005000E+02 2.206545E+00 1.117131E+01
5.014000E+02 2.206720E+00 1.117011E+01
5.023000E+02 2.206894E+00 1.116733E+01
5.032000E+02 2.207067E+00 1.116616E+01
5.041000E+02 2.207239E+00 1.116341E+01
5.050000E+02 2.207410E+00 1.116226E+01
5.059000E+02 2.207579E+00 1.115954E+01
5.068000E+02 2.207748E+00 1.115842E+01
5.077000E+02 2.207915E+00 1.115572E+01
5.086000E+02 2.208081E+00 1.115462E+01
5.095000E+02 2.208246E+00 1.115196E+01
5.104000E+02 2.208409E+00 1.115089E+01
5.113000E+02 2.208572E+00 1.114983E+01
5.122000E+02 2.208733E+00 1.114720E+01
5.131000E+02 2.208894E+00 1.114616E+01
5.140000E+02 2.209053E+00 1.114356E+01
5.149000E+02 2.209211E+00 1.114097E+01
5.158000E+02 2.209368E+00 1.113998E+01
5.167000E+02 2.209524E+00 1.113741E+01
5.176000E+02 2.209679E+00 1.113644E+01
5.185000E+02 2.209832E+00 1.113391E+01
5.194000E+02 2.209985E+00 1.113296E+01
5.203000E+02 2.210137E+00 1.113045E+01
5.212000E+02 2.210287E+00 1.112952E+01
5.221000E+02 2.210436E+00 1.112704E+01
5.230000E+02 2.210585E+00 1.112613E+01
5.239000E+02 2.210732E+00 1.112368E+01
5.248000E+02 2.210878E+00 1.112123E+01
5.257000E+02 2.211023E+00 1.112036E+01
5.266000E+02 2.211168E+00 1.111794E+01
5.275000E+02 2.211311E+00 1.111710E+01
5.284000E+02 2.211453E+00 1.111470E+01
5.293000E+02 2.211594E+00 1.111232E+01
5.302000E+02 2.211734E+00 1.111151E+01
5.311000E+02 2.211873E+00 1.110916E+01
5.320000E+02 2.212011E+00 1.110681E+01
5.329000E+02 2.212148E+00 1.110604E+01
5.338000E+02 2.212284E+00 1.110372E+01
5.347000E+02 2.212419E+00 1.110296E+01
5.356000E+02 2.212553E+00 1.110067E+01
5.365000E+02 2.212686E+00 1.109838E+01
5.374000E+02 2.212818E+00 1.109766E+01
5.383000E+02 2.212949E+00 1.109540E+01
5.392000E+02 2.213079E+00 1.109316E+01
5.401000E+02 2.213209E+00 1.109092E+01
5.410000E+02 2.213337E+00 1.109025E+01
5.419000E+02 2.213464E+00 1.108803E+01
5.428000E+02 2.213590E+00 1.108584E+01
5.437000E+02 2.213716E+00 1.108519E+01
5.446000E+02 2.213840E+00 1.108302E+01
5.455000E+02 2.213964E+00 1.108085E+01
5.464000E+02 2.214086E+00 1.107870E+01
5.473000E+02 2.214208E+00 1.107810E+01
5.482000E+02 2.214329E+00 1.107597E+01
5.491000E+02 2.214449E+00 1.107385E+01
5.500000E+02 2.214567E+00 1.107175E+01
5.509000E+02 2.214685E+00 1.107119E+01
5.518000E+02 2.214803E+00 1.106911E+01
5.527000E+02 2.214919E+00 1.106704E+01
5.536000E+02 2.215034E+00 1.106498E+01
5.545000E+02 2.215149E+00 1.106446E+01
5.554000E+02 2.215262E+00 1.106242E+01
5.563000E+02 2.215375E+00 1.106040E+01
5.572000E+02 2.215487E+00 1.105838E+01
5.581000E+02 2.215598E+00 1.105638E+01
5.590000E+02 2.215708E+00 1.105591E+01
5.599000E+02 2.215817E+00 1.105393E+01
5.608000E+02 2.215925E+00 1.105196E+01
5.617000E+02 2.216033E+00 1.105000E+01
5.626000E+02 2.216139E+00 1.104806E+01
5.635000E+02 2.216245E+00 1.104612E+01
5.644000E+02 2.216350E+00 1.104571E+01
5.653000E+02 2.216454E+00 1.104380E+01
5.662000E+02 2.216558E+00 1.104190E+01
5.671000E+02 2.216660E+00 1.104000E+01
5.680000E+02 2.216762E+00 1.103812E+01
5.689000E+02 2.216863E+00 1.103625E+01
5.698000E+02 2.216963E+00 1.103439E+01
5.707000E+02 2.217062E+00 1.103405E+01
5.716000E+02 2.217160E+00 1.103221E+01
5.725000E+02 2.217258E+00 1.103038E+01
5.734000E+02 2.217355E+00 1.102856E+01
5.743000E+02 2.217451E+00 1.102675E+01
5.752000E+02 2.217546E+00 1.102496E+01
5.761000E+02 2.217640E+00 1.102317E+01
5.770000E+02 2.217734E+00 1.102139E+01
5.779000E+02 2.217827E+00 1.101963E+01
5.788000E+02 2.217919E+00 1.101787E+01
5.797000E+02 2.218010E+00 1.101613E+01
5.806000E+02 2.218101E+00 1.101439E+01
5.815000E+02 2.218190E+00 1.101267E+01
5.824000E+02 2.218279E+00 1.101245E+01
5.833000E+02 2.218368E+00 1.101075E+01
5.842000E+02 2.218455E+00 1.100905E+01
5.851000E+02 2.218542E+00 1.100737E+01
5.860000E+02 2.218628E+00 1.100570E+01
5.869000E+02 2.218713E+00 1.100403E+01
5.878000E+02 2.218798E+00 1.100238E+01
5.887000E+02 2.218882E+00 1.100073E+01
5.896000E+02 2.218965E+00 1.099910E+01
5.905000E+02 2.219047E+00 1.099747E+01
5.914000E+02 2.219129E+00 1.099586E+01
5.923000E+02 2.219210E+00 1.099426E+01
5.932000E+02 2.219290E+00 1.099266E+01
5.941000E+02 2.219369E+00 1.099108E+01
5.950000E+02 2.219448E+00 1.098950E+01
5.959000E+02 2.219526E+00 1.098793E+01
5.968000E+02 2.219603E+00 1.098638E+01
5.977000E+02 2.219680E+00 1.098335E+01
5.986000E+02 2.219756E+00 1.098181E+01
5.995000E+02 2.219831E+00 1.098029E+01
6.004000E+02 2.219906E+00 1.097877E+01
6.013000E+02 2.219980E+00 1.097726E+01
6.022000E+02 2.220053E+00 1.097576E+01
6.031000E+02 2.220125E+00 1.097428E+01
6.040000E+02 2.220197E+00 1.097280E+01
6.049000E+02 2.220268E+00 1.097133E+01
6.058000E+02 2.220339E+00 1.096987E+01
6.067000E+02 2.220409E+00 1.096842E+01
6.076000E+02 2.220478E+00 1.096697E+01
6.085000E+02 2.220546E+00 1.096554E+01
6.094000E+02 2.220614E+00 1.096265E+01
6.103000E+02 2.220681E+00 1.096123E+01
6.112000E+02 2.220748E+00 1.095983E+01
6.121000E+02 2.220814E+00 1.095843E+01
6.130000E+02 2.220879E+00 1.095705E+01
6.139000E+02 2.220944E+00 1.095567E+01
6.148000E+02 2.221008E+00 1.095430E+01
6.157000E+02 2.221071E+00 1.095294E+01
6.166000E+02 2.221134E+00 1.095013E+01
6.175000E+02 2.221196E+00 1.094879E+01
6.184000E+02 2.221257E+00 1.094745E+01
6.193000E+02 2.221318E+00 1.094613E+01
6.202000E+02 2.221378E+00 1.094482E+01
6.211000E+02 2.221438E+00 1.094351E+01
6.220000E+02 2.221497E+00 1.094076E+01
6.229000E+02 2.221555E+00 1.093947E+01
6.238000E+02 2.221613E+00 1.093819E+01
6.247000E+02 2.221670E+00 1.093692E+01
6.256000E+02 2.221726E+00 1.093566E+01
6.265000E+02 2.221782E+00 1.093295E+01
6.274000E+02 2.221838E+00 1.093171E+01
6.283000E+02 2.221892E+00 1.093047E+01
6.292000E+02 2.221946E+00 1.092925E+01
6.301000E+02 2.222000E+00 1.092803E+01
6.310000E+02 2.222053E+00 1.092537E+01
6.319000E+02 2.222105E+00 1.092417E+01
6.328000E+02 2.222157E+00 1.092298E+01
6.337000E+02 2.222208E+00 1.092179E+01
6.346000E+02 2.222259E+00 1.091917E+01
6.355000E+02 2.222309E+00 1.091800E+01
6.364000E+02 2.222358E+00 1.091684E+01
6.373000E+02 2.222407E+00 1.091570E+01
6.382000E+02 2.222456E+00 1.091311E+01
6.391000E+02 2.222503E+00 1.091197E+01
6.400000E+02 2.222551E+00 1.091085E+01
6.409000E+02 2.222597E+00 1.090974E+01
6.418000E+02 2.222643E+00 1.090718E+01
6.427000E+02 2.222689E+00 1.090608E+01
6.436000E+02 2.222734E+00 1.090499E+01
6.445000E+02 2.222778E+00 1.090247E+01
6.454000E+02 2.222822E+00 1.090140E+01
6.463000E+02 2.222866E+00 1.090033E+01
6.472000E+02 2.222909E+00 1.089927E+01
6.481000E+02 2.222951E+00 1.089678E+01
6.490000E+02 2.222993E+00 1.089574E+01
6.499000E+02 2.223034E+00 1.089471E+01
6.508000E+02 2.223075E+00 1.089224E+01
6.517000E+02 2.223115E+00 1.089123E+01
6.526000E+02 2.223154E+00 1.089022E+01
6.535000E+02 2.223193E+00 1.088778E+01
6.544000E+02 2.223232E+00 1.088679E+01
6.553000E+02 2.223270E+00 1.088580E+01
6.562000E+02 2.223308E+00 1.088339E+01
6.571000E+02 2.223345E+00 1.088242E+01
6.580000E+02 2.223381E+00 1.088003E+01
6.589000E+02 2.223417E+00 1.087907E+01
6.598000E+02 2.223453E+00 1.087813E+01
6.607000E+02 2.223488E+00 1.087576E+01
6.616000E+02 2.223522E+00 1.087483E+01
6.625000E+02 2.223556E+00 1.087391E+01
6.634000E+02 2.223590E+00 1.087157E+01
6.643000E+02 2.223623E+00 1.087066E+01
6.652000E+02 2.223655E+00 1.086833E+01
6.661000E+02 2.223688E+00 1.086744E+01
6.670000E+02 2.223719E+00 1.086656E+01
6.679000E+02 2.223750E+00 1.086426E+01
6.688000E+02 2.223781E+00 1.086339E+01
6.697000E+02 2.223811E+00 1.086111E+01
6.706000E+02 2.223840E+00 1.086025E+01
6.715000E+02 2.223870E+00 1.085941E+01
6.724000E+02 2.223898E+00 1.085715E+01
6.733000E+02 2.223926E+00 1.085632E+01
6.742000E+02 2.223954E+00 1.085407E+01
6.751000E+02 2.223981E+00 1.085326E+01
6.760000E+02 2.224008E+00 1.085103E+01
6.769000E+02 2.224035E+00 1.085023E+01
6.778000E+02 2.224060E+00 1.084802E+01
6.787000E+02 2.224086E+00 1.084723E+01
6.796000E+02 2.224111E+00 1.084504E+01
6.805000E+02 2.224135E+00 1.084427E+01
6.814000E+02 2.224159E+00 1.084350E+01
6.823000E+02 2.224183E+00 1.084133E+01
6.832000E+02 2.224206E+00 1.084058E+01
6.841000E+02 2.224229E+00 1.083843E+01
6.850000E+02 2.224251E+00 1.083769E+01
6.859000E+02 2.224273E+00 1.083556E+01
6.868000E+02 2.224294E+00 1.083483E+01
6.877000E+02 2.224315E+00 1.083271E+01
6.886000E+02 2.224335E+00 1.083201E+01
6.895000E+02 2.224356E+00 1.082990E+01
6.904000E+02 2.224375E+00 1.082921E+01
6.913000E+02 2.224394E+00 1.082711E+01
6.922000E+02 2.224413E+00 1.082644E+01
6.931000E+02 2.224431E+00 1.082436E+01
6.940000E+02 2.224449E+00 1.082229E+01
6.949000E+02 2.224467E+00 1.082164E+01
6.958000E+02 2.224484E+00 1.081958E+01
6.967000E+02 2.224500E+00 1.081894E+01
6.976000E+02 2.224517E+00 1.081690E+01
6.985000E+02 2.224532E+00 1.081627E+01
6.994000E+02 2.224548E+00 1.081425E+01
7.003000E+02 2.224563E+00 1.081363E+01
7.012000E+02 2.224577E+00 1.081163E+01
7.021000E+02 2.224591E+00 1.080963E+01
7.030000E+02 2.224605E+00 1.080903E+01
7.039000E+02 2.224618E+00 1.080705E+01
7.048000E+02 2.224631E+00 1.080647E+01
7.057000E+02 2.224644E+00 1.080450E+01
7.066000E+02 2.224656E+00 1.080393E+01
7.075000E+02 2.224668E+00 1.080197E+01
7.084000E+02 2.224679E+00 1.080003E+01
7.093000E+02 2.224690E+00 1.079948E+01
7.102000E+02 2.224700E+00 1.079755E+01
7.111000E+02 2.224711E+00 1.079701E+01
7.120000E+02 2.224720E+00 1.079509E+01
7.129000E+02 2.224730E+00 1.079318E+01
7.138000E+02 2.224739E+00 1.079267E+01
7.147000E+02 2.224747E+00 1.079077E+01
7.156000E+02 2.224755E+00 1.079027E+01
7.165000E+02 2.224763E+00 1.078839E+01
7.174000E+02 2.224771E+00 1.078651E+01
7.183000E+02 2.224778E+00 1.078603E+01
7.192000E+02 2.224784E+00 1.078417E+01
7.201000E+02 2.224791E+00 1.078232E+01
7.210000E+02 2.224797E+00 1.078186E+01
7.219000E+02 2.224802E+00 1.078002E+01
7.228000E+02 2.224807E+00 1.077818E+01
7.237000E+02 2.224812E+00 1.077774E+01
7.246000E+02 2.224817E+00 1.077592E+01
7.255000E+02 2.224821E+00 1.077411E+01
7.264000E+02 2.224824E+00 1.077369E+01
7.273000E+02 2.224828E+00 1.077189E+01
7.282000E+02 2.224831E+00 1.077010E+01
7.291000E+02 2.224833E+00 1.076970E+01
7.300000E+02 2.224836E+00 1.076792E+01
7.309000E+02 2.224838E+00 1.076615E+01
7.318000E+02 2.224839E+00 1.076576E+01
7.327000E+02 2.224840E+00 1.076401E+01
7.336000E+02 2.224841E+00 1.076226E+01
7.345000E+02 2.224842E+00 1.076052E+01
7.354000E+02 2.224842E+00 1.076016E+01
7.363000E+02 2.224842E+00 1.075843E+01
7.372000E+02 2.224841E+00 1.075671E+01
7.381000E+02 2.224840E+00 1.075636E+01
7.390000E+02 2.224839E+00 1.075466E+01
7.399000E+02 2.224838E+00 1.075296E+01
7.408000E+02 2.224836E+00 1.075126E+01
7.417000E+02 2.224834E+00 1.075094E+01
7.426000E+02 2.224831E+00 1.074926E+01
7.435000E+02 2.224828E+00 1.074759E+01
7.444000E+02 2.224825E+00 1.074592E+01
7.453000E+02 2.224821E+00 1.074563E+01
7.462000E+02 2.224818E+00 1.074397E+01
7.471000E+02 2.224813E+00 1.074232E+01
7.480000E+02 2.224809E+00 1.074068E+01
7.489000E+02 2.224804E+00 1.074041E+01
7.498000E+02 2.224799E+00 1.073878E+01
7.507000E+02 2.224793E+00 1.073716E+01
7.516000E+02 2.224787E+00 1.073555E+01
7.525000E+02 2.224781E+00 1.073530E+01
7.534000E+02 2.224775E+00 1.073370E+01
7.543000E+02 2.224768E+00 1.073210E+01
7.552000E+02 2.224761E+00 1.073051E+01
7.561000E+02 2.224753E+00 1.072893E+01
7.570000E+02 2.224746E+00 1.072871E+01
7.579000E+02 2.224738E+00 1.072714E+01
7.588000E+02 2.224729E+00 1.072558E+01
7.597000E+02 2.224721E+00 1.072402E+01
7.606000E+02 2.224712E+00 1.072247E+01
7.615000E+02 2.224702E+00 1.072228E+01
7.624000E+02 2.224693E+00 1.072074E+01
7.633000E+02 2.224683E+00 1.071921E+01
7.642000E+02 2.224673E+00 1.071768E+01
7.651000E+02 2.224662E+00 1.071616E+01
7.660000E+02 2.224651E+00 1.071465E+01
7.669000E+02 2.224640E+00 1.071450E+01
7.678000E+02 2.224629E+00 1.071299E+01
7.687000E+02 2.224617E+00 1.071150E+01
7.696000E+02 2.224605E+00 1.071001E+01
7.705000E+02 2.224593E+00 1.070853E+01
7.714000E+02 2.224580E+00 1.070705E+01
7.723000E+02 2.224567E+00 1.070693E+01
7.732000E+02 2.224554E+00 1.070547E+01
7.741000E+02 2.224541E+00 1.070401E+01
7.750000E+02 2.224527E+00 1.070256E+01
7.759000E+02 2.224513E+00 1.070111E+01
7.768000E+02 2.224499E+00 1.069967E+01
7.777000E+02 2.224484E+00 1.069824E+01
7.786000E+02 2.224469E+00 1.069681E+01
7.795000E+02 2.224454E+00 1.069673E+01
7.804000E+02 2.224439E+00 1.069532E+01
7.813000E+02 2.224423E+00 1.069391E+01
7.822000E+02 2.224407E+00 1.069250E+01
7.831000E+02 2.224391E+00 1.069111E+01
7.840000E+02 2.224374E+00 1.068972E+01
7.849000E+02 2.224357E+00 1.068833E+01
7.858000E+02 2.224340E+00 1.068695E+01
7.867000E+02 2.224323E+00 1.068558E+01
7.876000E+02 2.224305E+00 1.068421E+01
7.885000E+02 2.224287E+00 1.068419E+01
7.894000E+02 2.224269E+00 1.068283E+01
7.903000E+02 2.224251E+00 1.068148E+01
7.912000E+02 2.224232E+00 1.068013E+01
7.921000E+02 2.224213E+00 1.067879E+01
7.930000E+02 2.224194E+00 1.067746E+01
7.939000E+02 2.224174E+00 1.067613E+01
7.948000E+02 2.224154E+00 1.067481E+01
7.957000E+02 2.224134E+00 1.067350E+01
7.966000E+02 2.224114E+00 1.067219E+01
7.975000E+02 2.224093E+00 1.067088E+01
7.984000E+02 2.224073E+00 1.066958E+01
7.993000E+02 2.224052E+00 1.066829E+01
8.002000E+02 2.224030E+00 1.066700E+01
8.011000E+02 2.224009E+00 1.066572E+01
8.020000E+02 2.223987E+00 1.066445E+01
8.029000E+02 2.223965E+00 1.066318E+01
8.038000E+02 2.223942E+00 1.066191E+01
8.047000E+02 2.223920E+00 1.066065E+01
8.056000E+02 2.223897E+00 1.065940E+01
8.065000E+02 2.223874E+00 1.065815E+01
8.074000E+02 2.223851E+00 1.065691E+01
8.083000E+02 2.223827E+00 1.065568E+01
8.092000E+02 2.223803E+00 1.065445E+01
8.101000E+02 2.223779E+00 1.065322E+01
8.110000E+02 2.223755E+00 1.065200E+01
8.119000E+02 2.223730E+00 1.065079E+01
8.128000E+02 2.223705E+00 1.064958E+01
8.137000E+02 2.223680E+00 1.064837E+01
8.146000E+02 2.223655E+00 1.064718E+01
8.155000E+02 2.223630E+00 1.064599E+01
8.164000E+02 2.223604E+00 1.064480E+01
8.173000E+02 2.223578E+00 1.064362E+01
8.182000E+02 2.223552E+00 1.064244E+01
8.191000E+02 2.223525E+00 1.064127E+01
8.200000E+02 2.223499E+00 1.064011E+01
8.209000E+02 2.223472E+00 1.063895E+01
8.218000E+02 2.223445E+00 1.063779E+01
8.227000E+02 2.223417E+00 1.063664E+01
8.236000E+02 2.223390E+00 1.063550E+01
8.245000E+02 2.223362E+00 1.063436E+01
8.254000E+02 2.223334E+00 1.063323E+01
8.263000E+02 2.223305E+00 1.063210E+01
8.272000E+02 2.223277E+00 1.063098E+01
8.281000E+02 2.223248E+00 1.062986E+01
8.290000E+02 2.223219E+00 1.062875E+01
8.299000E+02 2.223190E+00 1.062764E+01
8.308000E+02 2.223161E+00 1.062654E+01
8.317000E+02 2.223131E+00 1.062544E+01
8.326000E+02 2.223101E+00 1.062435E+01
8.335000E+02 2.223071E+00 1.062195E+01
8.344000E+02 2.223041E+00 1.062087E+01
8.353000E+02 2.223010E+00 1.061980E+01
8.362000E+02 2.222980E+00 1.061873E+01
8.371000E+02 2.222949E+00 1.061766E+01
8.380000E+02 2.222918E+00 1.061660E+01
8.389000E+02 2.222886E+00 1.061555E+01
8.398000E+02 2.222855E+00 1.061450E+01
8.407000E+02 2.222823E+00 1.061345E+01
8.416000E+02 2.222791E+00 1.061241E+01
8.425000E+02 2.222759E+00 1.061138E+01
8.434000E+02 2.222726E+00 1.060904E+01
8.443000E+02 2.222694E+00 1.060802E+01
8.452000E+02 2.222661E+00 1.060700E+01
8.461000E+02 2.222628E+00 1.060599E+01
8.470000E+02 2.222595E+00 1.060498E+01
8.479000E+02 2.222561E+00 1.060397E+01
8.488000E+02 2.222528E+00 1.060298E+01
8.497000E+02 2.222494E+00 1.060198E+01
8.506000E+02 2.222460E+00 1.059969E+01
8.515000E+02 2.222426E+00 1.059870E+01
8.524000E+02 2.222391E+00 1.059773E+01
8.533000E+02 2.222357E+00 1.059675E+01
8.542000E+02 2.222322E+00 1.059578E+01
8.551000E+02 2.222287E+00 1.059482E+01
8.560000E+02 2.222251E+00 1.059386E+01
8.569000E+02 2.222216E+00 1.059160E+01
8.578000E+02 2.222180E+00 1.059065E+01
8.587000E+02 2.222145E+00 1.058971E+01
8.596000E+02 2.222109E+00 1.058877E+01
8.605000E+02 2.222072E+00 1.058784E+01
8.614000E+02 2.222036E+00 1.058691E+01
8.623000E+02 2.221999E+00 1.058468E+01
8.632000E+02 2.221963E+00 1.058376E+01
8.641000E+02 2.221926E+00 1.058285E+01
8.650000E+02 2.221888E+00 1.058194E+01
8.659000E+02 2.221851E+00 1.058103E+01
8.668000E+02 2.221814E+00 1.058013E+01
8.677000E+02 2.221776E+00 1.057794E+01
8.686000E+02 2.221738E+00 1.057705E+01
8.695000E+02 2.221700E+00 1.057616E+01
8.704000E+02 2.221662E+00 1.057528E+01
8.713000E+02 2.221623E+00 1.057440E+01
8.722000E+02 2.221584E+00 1.057224E+01
8.731000E+02 2.221546E+00 1.057137E+01
8.740000E+02 2.221507E+00 1.057051E+01
8.749000E+02 2.221467E+00 1.056965E+01
8.758000E+02 2.221428E+00 1.056880E+01
8.767000E+02 2.221389E+00 1.056666E+01
8.776000E+02 2.221349E+00 1.056581E+01
8.785000E+02 2.221309E+00 1.056497E+01
8.794000E+02 2.221269E+00 1.056414E+01
8.803000E+02 2.221229E+00 1.056202E+01
8.812000E+02 2.221188E+00 1.056119E+01
8.821000E+02 2.221148E+00 1.056037E+01
8.830000E+02 2.221107E+00 1.055956E+01
8.839000E+02 2.221066E+00 1.055746E+01
8.848000E+02 2.221025E+00 1.055665E+01
8.857000E+02 2.220984E+00 1.055585E+01
8.866000E+02 2.220942E+00 1.055505E+01
8.875000E+02 2.220900E+00 1.055297E+01
8.884000E+02 2.220859E+00 1.055218E+01
8.893000E+02 2.220817E+00 1.055140E+01
8.902000E+02 2.220775E+00 1.055062E+01
8.911000E+02 2.220732E+00 1.054856E+01
8.920000E+02 2.220690E+00 1.054779E+01
8.929000E+02 2.220647E+00 1.054702E+01
8.938000E+02 2.220604E+00 1.054626E+01
8.947000E+02 2.220561E+00 1.054422E+01
8.956000E+02 2.220518E+00 1.054347E+01
8.965000E+02 2.220475E+00 1.054272E+01
8.974000E+02 2.220432E+00 1.054198E+01
8.983000E+02 2.220388E+00 1.053996E+01
8.992000E+02 2.220344E+00 1.053922E+01
9.001000E+02 2.220300E+00 1.053849E+01
9.010000E+02 2.220256E+00 1.053649E+01
9.019000E+02 2.220212E+00 1.053577E+01
9.028000E+02 2.220167E+00 1.053505E+01
9.037000E+02 2.220123E+00 1.053306E+01
9.046000E+02 2.220078E+00 1.053235E+01
9.055000E+02 2.220033E+00 1.053165E+01
9.064000E+02 2.219988E+00 1.053095E+01
9.073000E+02 2.219943E+00 1.052897E+01
9.082000E+02 2.219898E+00 1.052828E+01
9.091000E+02 2.219852E+00 1.052760E+01
9.100000E+02 2.219806E+00 1.052564E+01
9.109000E+02 2.219761E+00 1.052496E+01
9.118000E+02 2.219715E+00 1.052429E+01
9.127000E+02 2.219669E+00 1.052235E+01
9.136000E+02 2.219622E+00 1.052168E+01
9.145000E+02 2.219576E+00 1.052102E+01
9.154000E+02 2.219529E+00 1.051909E+01
9.163000E+02 2.219483E+00 1.051844E+01
9.172000E+02 2.219436E+00 1.051779E+01
9.181000E+02 2.219389E+00 1.051588E+01
9.190000E+02 2.219342E+00 1.051524E+01
9.199000E+02 2.219294E+00 1.051460E+01
9.208000E+02 2.219247E+00 1.051270E+01
9.217000E+02 2.219199E+00 1.051207E+01
9.226000E+02 2.219151E+00 1.051145E+01
9.235000E+02 2.219104E+00 1.050956E+01
9.244000E+02 2.219056E+00 1.050895E+01
9.253000E+02 2.219007E+00 1.050707E+01
9.262000E+02 2.218959E+00 1.050646E+01
9.271000E+02 2.218911E+00 1.050586E+01
9.280000E+02 2.218862E+00 1.050400E+01
9.289000E+02 2.218813E+00 1.050340E+01
9.298000E+02 2.218764E+00 1.050282E+01
9.307000E+02 2.218715E+00 1.050096E+01
9.316000E+02 2.218666E+00 1.050038E+01
9.325000E+02 2.218617E+00 1.049854E+01
9.334000E+02 2.218568E+00 1.049797E+01
9.343000E+02 2.218518E+00 1.049740E+01
9.352000E+02 2.218468E+00 1.049557E+01
9.361000E+02 2.218418E+00 1.049501E+01
9.370000E+02 2.218368E+00 1.049446E+01
9.379000E+02 2.218318E+00 1.049264E+01
9.388000E+02 2.218268E+00 1.049209E+01
9.397000E+02 2.218218E+00 1.049028E+01
9.406000E+02 2.218167E+00 1.048974E+01
9.415000E+02 2.218117E+00 1.048795E+01
9.424000E+02 2.218066E+00 1.048741E+01
9.433000E+02 2.218015E+00 1.048689E+01
9.442000E+02 2.217964E+00 1.048510E+01
9.451000E+02 2.217913E+00 1.048458E+01
9.460000E+02 2.217861E+00 1.048281E+01
9.469000E+02 2.217810E+00 1.048229E+01
9.478000E+02 2.217758E+00 1.048179E+01
9.487000E+02 2.217707E+00 1.048002E+01
9.496000E+02 2.217655E+00 1.047952E+01
9.505000E+02 2.217603E+00 1.047777E+01
9.514000E+02 2.217551E+00 1.047728E+01
9.523000E+02 2.217499E+00 1.047553E+01
9.532000E+02 2.217446E+00 1.047505E+01
9.541000E+02 2.217394E+00 1.047331E+01
9.550000E+02 2.217341E+00 1.047283E+01
9.559000E+02 2.217289E+00 1.047236E+01
9.568000E+02 2.217236E+00 1.047064E+01
9.577000E+02 2.217183E+00 1.047017E+01
9.586000E+02 2.217130E+00 1.046846E+01
9.595000E+02 2.217077E+00 1.046800E+01
9.604000E+02 2.217023E+00 1.046629E+01
9.613000E+02 2.216970E+00 1.046584E+01
9.622000E+02 2.216916E+00 1.046414E+01
9.631000E+02 2.216863E+00 1.046370E+01
9.640000E+02 2.216809E+00 1.046201E+01
9.649000E+02 2.216755E+00 1.046158E+01
9.658000E+02 2.216701E+00 1.045990E+01
9.667000E+02 2.216647E+00 1.045947E+01
9.676000E+02 2.216593E+00 1.045905E+01
9.685000E+02 2.216538E+00 1.045738E+01
9.694000E+02 2.216484E+00 1.045696E+01
9.703000E+02 2.216429E+00 1.045530E+01
9.712000E+02 2.216374E+00 1.045489E+01
9.721000E+02 2.216320E+00 1.045324E+01
9.730000E+02 2.216265E+00 1.045284E+01
9.739000E+02 2.216210E+00 1.045120E+01
9.748000E+02 2.216154E+00 1.045080E+01
9.757000E+02 2.216099E+00 1.044917E+01
9.766000E+02 2.216044E+00 1.044878E+01
9.775000E+02 2.215988E+00 1.044715E+01
9.784000E+02 2.215932E+00 1.044678E+01
9.793000E+02 2.215877E+00 1.044516E+01
9.802000E+02 2.215821E+00 1.044479E+01
9.811000E+02 2.215765E+00 1.044317E+01
9.820000E+02 2.215709E+00 1.044281E+01
9.829000E+02 2.215653E+00 1.044121E+01
9.838000E+02 2.215596E+00 1.043961E+01
9.847000E+02 2.215540E+00 1.043926E+01
9.856000E+02 2.215483E+00 1.043766E+01
9.865000E+02 2.215427E+00 1.043732E+01
9.874000E+02 2.215370E+00 1.043574E+01
9.883000E+02 2.215313E+00 1.043540E+01
9.892000E+02 2.215256E+00 1.043382E+01
9.901000E+02 2.215199E+00 1.043349E+01
9.910000E+02 2.215142E+00 1.043192E+01
9.919000E+02 2.215085E+00 1.043160E+01
9.928000E+02 2.215028E+00 1.043004E+01
9.937000E+02 2.214970E+00 1.042973E+01
9.946000E+02 2.214913E+00 1.042817E+01
9.955000E+02 2.214855E+00 1.042663E+01
9.964000E+02 2.214797E+00 1.042632E+01
9.973000E+02 2.214739E+00 1.042478E+01
9.982000E+02 2.214681E+00 1.042448E+01
9.991000E+02 2.214623E+00 1.042295E+01
