1.000000E+00 NAN NAN
1.099000E+00 1.314367E-01 2.096900E+01
1.198000E+00 1.378989E-01 1.863828E+01
1.297000E+00 1.443277E-01 1.796031E+01
1.396000E+00 1.507113E-01 1.729786E+01
1.495000E+00 1.570449E-01 1.688879E+01
1.594000E+00 1.633240E-01 1.645171E+01
1.693000E+00 1.695468E-01 1.609470E+01
1.792000E+00 1.757121E-01 1.580059E+01
1.891000E+00 1.818192E-01 1.547018E+01
1.990000E+00 1.878684E-01 1.527218E+01
2.089000E+00 1.938599E-01 1.503063E+01
2.188000E+00 1.997942E-01 1.482448E+01
2.287000E+00 2.056722E-01 1.471587E+01
2.386000E+00 2.114946E-01 1.456062E+01
2.485000E+00 2.172625E-01 1.442679E+01
2.584000E+00 2.229767E-01 1.425215E+01
2.683000E+00 2.286383E-01 1.415475E+01
2.782000E+00 2.342485E-01 1.407076E+01
2.881000E+00 2.398080E-01 1.394614E+01
2.980000E+00 2.453182E-01 1.388584E+01
3.079000E+00 2.507797E-01 1.378569E+01
3.178000E+00 2.561939E-01 1.374357E+01
3.277000E+00 2.615614E-01 1.366259E+01
3.376000E+00 2.668834E-01 1.359040E+01
3.475000E+00 2.721607E-01 1.352604E+01
3.574000E+00 2.773942E-01 1.346871E+01
3.673000E+00 2.825849E-01 1.341768E+01
3.772000E+00 2.877336E-01 1.337234E+01
3.871000E+00 2.928410E-01 1.333215E+01
3.970000E+00 2.979079E-01 1.329663E+01
4.069000E+00 3.029353E-01 1.326535E+01
4.168000E+00 3.079238E-01 1.323795E+01
4.267000E+00 3.128740E-01 1.317902E+01
4.366000E+00 3.177869E-01 1.315910E+01
4.465000E+00 3.226629E-01 1.314212E+01
4.564000E+00 3.275029E-01 1.309492E+01
4.663000E+00 3.323074E-01 1.308371E+01
4.762000E+00 3.370771E-01 1.304313E+01
4.861000E+00 3.418125E-01 1.303681E+01
4.960000E+00 3.465144E-01 1.300191E+01
5.059000E+00 3.511831E-01 1.296984E+01
5.158000E+00 3.558194E-01 1.296976E+01
5.257000E+00 3.604236E-01 1.294224E+01
5.356000E+00 3.649965E-01 1.291701E+01
5.455000E+00 3.695384E-01 1.289394E+01
5.554000E+00 3.740499E-01 1.290036E+01
5.653000E+00 3.785314E-01 1.288071E+01
5.752000E+00 3.829834E-01 1.286284E+01
5.851000E+00 3.874063E-01 1.284663E+01
5.950000E+00 3.918007E-01 1.283197E+01
6.049000E+00 3.961669E-01 1.281878E+01
6.148000E+00 4.005053E-01 1.280696E+01
6.247000E+00 4.048164E-01 1.279644E+01
6.346000E+00 4.091006E-01 1.278713E+01
6.445000E+00 4.133582E-01 1.277897E+01
6.544000E+00 4.175897E-01 1.277190E+01
6.643000E+00 4.217953E-01 1.276586E+01
6.742000E+00 4.259754E-01 1.273748E+01
6.841000E+00 4.301305E-01 1.273359E+01
6.940000E+00 4.342608E-01 1.273056E+01
7.039000E+00 4.383667E-01 1.272834E+01
7.138000E+00 4.424485E-01 1.270468E+01
7.237000E+00 4.465064E-01 1.270420E+01
7.336000E+00 4.505410E-01 1.270441E+01
7.435000E+00 4.545524E-01 1.270527E+01
7.534000E+00 4.585409E-01 1.268548E+01
7.633000E+00 4.625068E-01 1.268776E+01
7.732000E+00 4.664505E-01 1.266979E+01
7.831000E+00 4.703721E-01 1.267335E+01
7.930000E+00 4.742719E-01 1.265702E+01
8.029000E+00 4.781503E-01 1.266174E+01
8.128000E+00 4.820075E-01 1.264692E+01
8.227000E+00 4.858438E-01 1.265269E+01
8.326000E+00 4.896593E-01 1.263925E+01
8.425000E+00 4.934543E-01 1.264597E+01
8.524000E+00 4.972291E-01 1.263381E+01
8.623000E+00 5.009839E-01 1.264139E+01
8.722000E+00 5.047189E-01 1.263039E+01
8.821000E+00 5.084344E-01 1.262004E+01
8.920000E+00 5.121306E-01 1.262885E+01
9.019000E+00 5.158077E-01 1.261953E+01
9.118000E+00 5.194659E-01 1.262903E+01
9.217000E+00 5.231054E-01 1.262066E+01
9.316000E+00 5.267264E-01 1.261282E+01
9.415000E+00 5.303292E-01 1.260550E+01
9.514000E+00 5.339138E-01 1.261631E+01
9.613000E+00 5.374805E-01 1.260980E+01
9.712000E+00 5.410296E-01 1.260375E+01
9.811000E+00 5.445611E-01 1.259814E+01
9.910000E+00 5.480752E-01 1.259295E+01
1.000900E+01 5.515723E-01 1.260514E+01
1.010800E+01 5.550523E-01 1.260063E+01
1.020700E+01 5.585156E-01 1.259649E+01
1.030600E+01 5.619622E-01 1.259273E+01
1.040500E+01 5.653924E-01 1.258932E+01
1.050400E+01 5.688063E-01 1.258626E+01
1.060300E+01 5.722040E-01 1.258353E+01
1.070200E+01 5.755857E-01 1.258112E+01
1.080100E+01 5.789516E-01 1.257902E+01
1.090000E+01 5.823018E-01 1.257723E+01
1.099900E+01 5.856365E-01 1.257572E+01
1.109800E+01 5.889558E-01 1.259018E+01
1.119700E+01 5.922599E-01 1.258912E+01
1.129600E+01 5.955488E-01 1.257283E+01
1.139500E+01 5.988229E-01 1.257239E+01
1.149400E+01 6.020821E-01 1.257219E+01
1.159300E+01 6.053266E-01 1.257223E+01
1.169200E+01 6.085566E-01 1.257250E+01
1.179100E+01 6.117722E-01 1.257299E+01
1.189000E+01 6.149736E-01 1.257370E+01
1.198900E+01 6.181608E-01 1.257462E+01
1.208800E+01 6.213340E-01 1.257574E+01
1.218700E+01 6.244933E-01 1.257706E+01
1.228600E+01 6.276388E-01 1.257857E+01
1.238500E+01 6.307706E-01 1.256581E+01
1.248400E+01 6.338890E-01 1.256776E+01
1.258300E+01 6.369939E-01 1.256989E+01
1.268200E+01 6.400855E-01 1.257219E+01
1.278100E+01 6.431639E-01 1.257465E+01
1.288000E+01 6.462293E-01 1.257726E+01
1.297900E+01 6.492817E-01 1.256606E+01
1.307800E+01 6.523212E-01 1.256905E+01
1.317700E+01 6.553480E-01 1.257219E+01
1.327600E+01 6.583622E-01 1.257547E+01
1.337500E+01 6.613638E-01 1.256521E+01
1.347400E+01 6.643531E-01 1.256882E+01
1.357300E+01 6.673299E-01 1.257256E+01
1.367200E+01 6.702946E-01 1.256297E+01
1.377100E+01 6.732471E-01 1.256702E+01
1.387000E+01 6.761876E-01 1.257119E+01
1.396900E+01 6.791162E-01 1.256222E+01
1.406800E+01 6.820329E-01 1.256667E+01
1.416700E+01 6.849379E-01 1.257123E+01
1.426600E+01 6.878312E-01 1.256284E+01
1.436500E+01 6.907130E-01 1.256766E+01
1.446400E+01 6.935833E-01 1.257257E+01
1.456300E+01 6.964422E-01 1.256473E+01
1.466200E+01 6.992898E-01 1.256988E+01
1.476100E+01 7.021262E-01 1.257513E+01
1.486000E+01 7.049514E-01 1.256778E+01
1.495900E+01 7.077657E-01 1.257325E+01
1.505800E+01 7.105689E-01 1.256625E+01
1.515700E+01 7.133613E-01 1.257193E+01
1.525600E+01 7.161429E-01 1.256526E+01
1.535500E+01 7.189138E-01 1.257114E+01
1.545400E+01 7.216740E-01 1.256477E+01
1.555300E+01 7.244237E-01 1.257084E+01
1.565200E+01 7.271629E-01 1.256478E+01
1.575100E+01 7.298918E-01 1.257103E+01
1.585000E+01 7.326102E-01 1.256525E+01
1.594900E+01 7.353185E-01 1.257167E+01
1.604800E+01 7.380166E-01 1.256616E+01
1.614700E+01 7.407046E-01 1.257275E+01
1.624600E+01 7.433825E-01 1.256750E+01
1.634500E+01 7.460505E-01 1.257424E+01
1.644400E+01 7.487086E-01 1.256925E+01
1.654300E+01 7.513569E-01 1.257614E+01
1.664200E+01 7.539954E-01 1.257138E+01
1.674100E+01 7.566242E-01 1.257841E+01
1.684000E+01 7.592434E-01 1.257389E+01
1.693900E+01 7.618531E-01 1.256950E+01
1.703800E+01 7.644533E-01 1.257675E+01
1.713700E+01 7.670441E-01 1.257258E+01
1.723600E+01 7.696255E-01 1.257995E+01
1.733500E+01 7.721976E-01 1.257599E+01
1.743400E+01 7.747605E-01 1.257216E+01
1.753300E+01 7.773143E-01 1.257971E+01
1.763200E+01 7.798589E-01 1.257608E+01
1.773100E+01 7.823945E-01 1.257256E+01
1.783000E+01 7.849211E-01 1.258030E+01
1.792900E+01 7.874388E-01 1.257697E+01
1.802800E+01 7.899476E-01 1.257375E+01
1.812700E+01 7.924476E-01 1.258165E+01
1.822600E+01 7.949389E-01 1.257861E+01
1.832500E+01 7.974215E-01 1.257567E+01
1.842400E+01 7.998954E-01 1.258373E+01
1.852300E+01 8.023608E-01 1.258096E+01
1.862200E+01 8.048176E-01 1.257829E+01
1.872100E+01 8.072660E-01 1.257572E+01
1.882000E+01 8.097060E-01 1.258397E+01
1.891900E+01 8.121376E-01 1.258155E+01
1.901800E+01 8.145608E-01 1.257923E+01
1.911700E+01 8.169759E-01 1.257700E+01
1.921600E+01 8.193827E-01 1.258543E+01
1.931500E+01 8.217814E-01 1.258334E+01
1.941400E+01 8.241720E-01 1.258134E+01
1.951300E+01 8.265545E-01 1.257943E+01
1.961200E+01 8.289290E-01 1.258802E+01
1.971100E+01 8.312956E-01 1.258624E+01
1.981000E+01 8.336543E-01 1.258454E+01
1.990900E+01 8.360051E-01 1.258292E+01
2.000800E+01 8.383481E-01 1.258138E+01
2.010700E+01 8.406833E-01 1.259017E+01
2.020600E+01 8.430109E-01 1.258875E+01
2.030500E+01 8.453307E-01 1.258740E+01
2.040400E+01 8.476430E-01 1.258613E+01
2.050300E+01 8.499476E-01 1.258493E+01
2.060200E+01 8.522448E-01 1.258381E+01
2.070100E+01 8.545344E-01 1.259280E+01
2.080000E+01 8.568167E-01 1.259178E+01
2.089900E+01 8.590915E-01 1.259083E+01
2.099800E+01 8.613589E-01 1.258995E+01
2.109700E+01 8.636191E-01 1.258913E+01
2.119600E+01 8.658720E-01 1.258838E+01
2.129500E+01 8.681177E-01 1.258770E+01
2.139400E+01 8.703562E-01 1.258707E+01
2.149300E+01 8.725876E-01 1.258651E+01
2.159200E+01 8.748119E-01 1.259577E+01
2.169100E+01 8.770291E-01 1.259530E+01
2.179000E+01 8.792393E-01 1.259489E+01
2.188900E+01 8.814425E-01 1.259454E+01
2.198800E+01 8.836388E-01 1.259424E+01
2.208700E+01 8.858282E-01 1.259400E+01
2.218600E+01 8.880107E-01 1.259382E+01
2.228500E+01 8.901864E-01 1.259369E+01
2.238400E+01 8.923554E-01 1.259362E+01
2.248300E+01 8.945175E-01 1.259360E+01
2.258200E+01 8.966730E-01 1.259363E+01
2.268100E+01 8.988218E-01 1.259371E+01
2.278000E+01 9.009639E-01 1.259384E+01
2.287900E+01 9.030995E-01 1.259403E+01
2.297800E+01 9.052285E-01 1.259426E+01
2.307700E+01 9.073509E-01 1.259454E+01
2.317600E+01 9.094669E-01 1.259487E+01
2.327500E+01 9.115764E-01 1.259524E+01
2.337400E+01 9.136796E-01 1.259566E+01
2.347300E+01 9.157763E-01 1.259613E+01
2.357200E+01 9.178667E-01 1.259664E+01
2.367100E+01 9.199507E-01 1.259719E+01
2.377000E+01 9.220285E-01 1.259779E+01
2.386900E+01 9.241001E-01 1.259843E+01
2.396800E+01 9.261654E-01 1.259911E+01
2.406700E+01 9.282246E-01 1.259984E+01
2.416600E+01 9.302776E-01 1.260060E+01
2.426500E+01 9.323245E-01 1.260141E+01
2.436400E+01 9.343653E-01 1.260225E+01
2.446300E+01 9.364001E-01 1.260313E+01
2.456200E+01 9.384289E-01 1.260406E+01
2.466100E+01 9.404516E-01 1.260502E+01
2.476000E+01 9.424684E-01 1.260601E+01
2.485900E+01 9.444793E-01 1.260705E+01
2.495800E+01 9.464843E-01 1.260812E+01
2.505700E+01 9.484834E-01 1.260040E+01
2.515600E+01 9.504767E-01 1.260156E+01
2.525500E+01 9.524642E-01 1.260276E+01
2.535400E+01 9.544459E-01 1.260399E+01
2.545300E+01 9.564218E-01 1.260526E+01
2.555200E+01 9.583921E-01 1.260656E+01
2.565100E+01 9.603566E-01 1.260789E+01
2.575000E+01 9.623155E-01 1.260925E+01
2.584900E+01 9.642688E-01 1.261065E+01
2.594800E+01 9.662164E-01 1.260345E+01
2.604700E+01 9.681585E-01 1.260493E+01
2.614600E+01 9.700951E-01 1.260644E+01
2.624500E+01 9.720261E-01 1.260798E+01
2.634400E+01 9.739516E-01 1.260955E+01
2.644300E+01 9.758717E-01 1.261115E+01
2.654200E+01 9.777863E-01 1.261277E+01
2.664100E+01 9.796955E-01 1.260595E+01
2.674000E+01 9.815994E-01 1.260766E+01
2.683900E+01 9.834979E-01 1.260939E+01
2.693800E+01 9.853910E-01 1.261114E+01
2.703700E+01 9.872789E-01 1.261292E+01
2.713600E+01 9.891615E-01 1.261473E+01
2.723500E+01 9.910388E-01 1.260822E+01
2.733400E+01 9.929109E-01 1.261010E+01
2.743300E+01 9.947778E-01 1.261200E+01
2.753200E+01 9.966395E-01 1.261393E+01
2.763100E+01 9.984961E-01 1.261589E+01
2.773000E+01 1.000348E+00 1.260961E+01
2.782900E+01 1.002194E+00 1.261163E+01
2.792800E+01 1.004035E+00 1.261367E+01
2.802700E+01 1.005871E+00 1.261574E+01
2.812600E+01 1.007703E+00 1.260966E+01
2.822500E+01 1.009529E+00 1.261178E+01
2.832400E+01 1.011350E+00 1.261393E+01
2.842300E+01 1.013166E+00 1.261611E+01
2.852200E+01 1.014977E+00 1.261830E+01
2.862100E+01 1.016784E+00 1.261243E+01
2.872000E+01 1.018585E+00 1.261469E+01
2.881900E+01 1.020382E+00 1.261696E+01
2.891800E+01 1.022174E+00 1.261925E+01
2.901700E+01 1.023961E+00 1.261356E+01
2.911600E+01 1.025743E+00 1.261591E+01
2.921500E+01 1.027520E+00 1.261828E+01
2.931400E+01 1.029293E+00 1.261271E+01
2.941300E+01 1.031061E+00 1.261514E+01
2.951200E+01 1.032824E+00 1.261758E+01
2.961100E+01 1.034582E+00 1.262004E+01
2.971000E+01 1.036336E+00 1.261463E+01
2.980900E+01 1.038085E+00 1.261714E+01
2.990800E+01 1.039830E+00 1.261967E+01
3.000700E+01 1.041570E+00 1.261439E+01
3.010600E+01 1.043305E+00 1.261696E+01
3.020500E+01 1.045036E+00 1.261956E+01
3.030400E+01 1.046762E+00 1.262217E+01
3.040300E+01 1.048484E+00 1.261703E+01
3.050200E+01 1.050201E+00 1.261969E+01
3.060100E+01 1.051914E+00 1.262237E+01
3.070000E+01 1.053622E+00 1.261734E+01
3.079900E+01 1.055326E+00 1.262006E+01
3.089800E+01 1.057025E+00 1.262280E+01
3.099700E+01 1.058720E+00 1.261788E+01
3.109600E+01 1.060411E+00 1.262066E+01
3.119500E+01 1.062097E+00 1.262346E+01
3.129400E+01 1.063779E+00 1.261865E+01
3.139300E+01 1.065457E+00 1.262148E+01
3.149200E+01 1.067130E+00 1.261675E+01
3.159100E+01 1.068799E+00 1.261963E+01
3.169000E+01 1.070464E+00 1.262252E+01
3.178900E+01 1.072124E+00 1.261788E+01
3.188800E+01 1.073780E+00 1.262081E+01
3.198700E+01 1.075432E+00 1.262376E+01
3.208600E+01 1.077080E+00 1.261922E+01
3.218500E+01 1.078724E+00 1.262221E+01
3.228400E+01 1.080363E+00 1.262520E+01
3.238300E+01 1.081999E+00 1.262076E+01
3.248200E+01 1.083630E+00 1.262379E+01
3.258100E+01 1.085257E+00 1.261942E+01
3.268000E+01 1.086880E+00 1.262249E+01
3.277900E+01 1.088499E+00 1.262557E+01
3.287800E+01 1.090114E+00 1.262128E+01
3.297700E+01 1.091725E+00 1.262440E+01
3.307600E+01 1.093331E+00 1.262018E+01
3.317500E+01 1.094934E+00 1.262333E+01
3.327400E+01 1.096533E+00 1.262649E+01
3.337300E+01 1.098128E+00 1.262236E+01
3.347200E+01 1.099719E+00 1.262555E+01
3.357100E+01 1.101306E+00 1.262148E+01
3.367000E+01 1.102889E+00 1.262471E+01
3.376900E+01 1.104468E+00 1.262070E+01
3.386800E+01 1.106043E+00 1.262395E+01
3.396700E+01 1.107614E+00 1.262722E+01
3.406600E+01 1.109182E+00 1.262329E+01
3.416500E+01 1.110745E+00 1.262659E+01
3.426400E+01 1.112305E+00 1.262272E+01
3.436300E+01 1.113861E+00 1.262605E+01
3.446200E+01 1.115413E+00 1.262223E+01
3.456100E+01 1.116962E+00 1.262559E+01
3.466000E+01 1.118506E+00 1.262183E+01
3.475900E+01 1.120047E+00 1.262522E+01
3.485800E+01 1.121585E+00 1.262151E+01
3.495700E+01 1.123118E+00 1.262493E+01
3.505600E+01 1.124648E+00 1.262835E+01
3.515500E+01 1.126174E+00 1.262472E+01
3.525400E+01 1.127696E+00 1.262817E+01
3.535300E+01 1.129215E+00 1.262459E+01
3.545200E+01 1.130730E+00 1.262807E+01
3.555100E+01 1.132242E+00 1.262454E+01
3.565000E+01 1.133749E+00 1.262804E+01
3.574900E+01 1.135254E+00 1.262456E+01
3.584800E+01 1.136754E+00 1.262809E+01
3.594700E+01 1.138251E+00 1.262466E+01
3.604600E+01 1.139745E+00 1.262821E+01
3.614500E+01 1.141235E+00 1.262484E+01
3.624400E+01 1.142721E+00 1.262841E+01
3.634300E+01 1.144204E+00 1.262508E+01
3.644200E+01 1.145684E+00 1.262868E+01
3.654100E+01 1.147160E+00 1.262540E+01
3.664000E+01 1.148632E+00 1.262902E+01
3.673900E+01 1.150101E+00 1.262578E+01
3.683800E+01 1.151567E+00 1.262943E+01
3.693700E+01 1.153029E+00 1.262624E+01
3.703600E+01 1.154487E+00 1.262308E+01
3.713500E+01 1.155943E+00 1.262676E+01
3.723400E+01 1.157395E+00 1.262365E+01
3.733300E+01 1.158843E+00 1.262735E+01
3.743200E+01 1.160288E+00 1.262428E+01
3.753100E+01 1.161730E+00 1.262800E+01
3.763000E+01 1.163169E+00 1.262497E+01
3.772900E+01 1.164604E+00 1.262872E+01
3.782800E+01 1.166035E+00 1.262573E+01
3.792700E+01 1.167464E+00 1.262950E+01
3.802600E+01 1.168889E+00 1.262655E+01
3.812500E+01 1.170311E+00 1.262363E+01
3.822400E+01 1.171730E+00 1.262743E+01
3.832300E+01 1.173145E+00 1.262455E+01
3.842200E+01 1.174557E+00 1.262837E+01
3.852100E+01 1.175966E+00 1.262554E+01
3.862000E+01 1.177372E+00 1.262937E+01
3.871900E+01 1.178774E+00 1.262657E+01
3.881800E+01 1.180174E+00 1.262380E+01
3.891700E+01 1.181570E+00 1.262767E+01
3.901600E+01 1.182963E+00 1.262493E+01
3.911500E+01 1.184352E+00 1.262882E+01
3.921400E+01 1.185739E+00 1.262612E+01
3.931300E+01 1.187123E+00 1.262345E+01
3.941200E+01 1.188503E+00 1.262737E+01
3.951100E+01 1.189880E+00 1.262473E+01
3.961000E+01 1.191254E+00 1.262866E+01
3.970900E+01 1.192626E+00 1.262606E+01
3.980800E+01 1.193994E+00 1.262349E+01
3.990700E+01 1.195358E+00 1.262745E+01
4.000600E+01 1.196720E+00 1.262491E+01
4.010500E+01 1.198079E+00 1.262888E+01
4.020400E+01 1.199435E+00 1.262638E+01
4.030300E+01 1.200788E+00 1.262390E+01
4.040200E+01 1.202137E+00 1.262790E+01
4.050100E+01 1.203484E+00 1.262545E+01
4.060000E+01 1.204828E+00 1.262947E+01
4.069900E+01 1.206169E+00 1.262705E+01
4.079800E+01 1.207507E+00 1.262466E+01
4.089700E+01 1.208842E+00 1.262870E+01
4.099600E+01 1.210173E+00 1.262635E+01
4.109500E+01 1.211502E+00 1.262401E+01
4.119400E+01 1.212829E+00 1.262807E+01
4.129300E+01 1.214152E+00 1.262577E+01
4.139200E+01 1.215472E+00 1.262349E+01
4.149100E+01 1.216789E+00 1.262757E+01
4.159000E+01 1.218104E+00 1.262532E+01
4.168900E+01 1.219415E+00 1.262309E+01
4.178800E+01 1.220724E+00 1.262720E+01
4.188700E+01 1.222030E+00 1.262500E+01
4.198600E+01 1.223333E+00 1.262282E+01
4.208500E+01 1.224633E+00 1.262696E+01
4.218400E+01 1.225931E+00 1.262481E+01
4.228300E+01 1.227225E+00 1.262268E+01
4.238200E+01 1.228517E+00 1.262683E+01
4.248100E+01 1.229806E+00 1.262473E+01
4.258000E+01 1.231092E+00 1.262265E+01
4.267900E+01 1.232376E+00 1.262682E+01
4.277800E+01 1.233656E+00 1.262477E+01
4.287700E+01 1.234934E+00 1.262274E+01
4.297600E+01 1.236209E+00 1.262693E+01
4.307500E+01 1.237482E+00 1.262493E+01
4.317400E+01 1.238751E+00 1.262294E+01
4.327300E+01 1.240018E+00 1.262716E+01
4.337200E+01 1.241283E+00 1.262520E+01
4.347100E+01 1.242544E+00 1.262326E+01
4.357000E+01 1.243803E+00 1.262749E+01
4.366900E+01 1.245059E+00 1.262558E+01
4.376800E+01 1.246313E+00 1.262368E+01
4.386700E+01 1.247564E+00 1.262180E+01
4.396600E+01 1.248812E+00 1.262606E+01
4.406500E+01 1.250058E+00 1.262421E+01
4.416400E+01 1.251301E+00 1.262237E+01
4.426300E+01 1.252541E+00 1.262665E+01
4.436200E+01 1.253779E+00 1.262484E+01
4.446100E+01 1.255014E+00 1.262305E+01
4.456000E+01 1.256246E+00 1.262128E+01
4.465900E+01 1.257476E+00 1.262558E+01
4.475800E+01 1.258703E+00 1.262383E+01
4.485700E+01 1.259928E+00 1.262209E+01
4.495600E+01 1.261150E+00 1.262038E+01
4.505500E+01 1.262370E+00 1.262470E+01
4.515400E+01 1.263587E+00 1.262301E+01
4.525300E+01 1.264802E+00 1.262133E+01
4.535200E+01 1.266014E+00 1.262567E+01
4.545100E+01 1.267223E+00 1.262402E+01
4.555000E+01 1.268430E+00 1.262238E+01
4.564900E+01 1.269635E+00 1.262076E+01
4.574800E+01 1.270837E+00 1.262512E+01
4.584700E+01 1.272036E+00 1.262352E+01
4.594600E+01 1.273233E+00 1.262194E+01
4.604500E+01 1.274428E+00 1.262037E+01
4.614400E+01 1.275620E+00 1.262476E+01
4.624300E+01 1.276810E+00 1.262321E+01
4.634200E+01 1.277997E+00 1.262168E+01
4.644100E+01 1.279182E+00 1.262017E+01
4.654000E+01 1.280364E+00 1.261867E+01
4.663900E+01 1.281544E+00 1.262307E+01
4.673800E+01 1.282722E+00 1.262160E+01
4.683700E+01 1.283897E+00 1.262013E+01
4.693600E+01 1.285069E+00 1.261868E+01
4.703500E+01 1.286240E+00 1.262311E+01
4.713400E+01 1.287408E+00 1.262168E+01
4.723300E+01 1.288573E+00 1.262027E+01
4.733200E+01 1.289736E+00 1.261887E+01
4.743100E+01 1.290897E+00 1.261748E+01
4.753000E+01 1.292056E+00 1.262193E+01
4.762900E+01 1.293212E+00 1.262057E+01
4.772800E+01 1.294366E+00 1.261922E+01
4.782700E+01 1.295517E+00 1.261788E+01
4.792600E+01 1.296666E+00 1.262235E+01
4.802500E+01 1.297813E+00 1.262103E+01
4.812400E+01 1.298958E+00 1.261972E+01
4.822300E+01 1.300100E+00 1.261843E+01
4.832200E+01 1.301240E+00 1.261715E+01
4.842100E+01 1.302378E+00 1.262164E+01
4.852000E+01 1.303513E+00 1.262038E+01
4.861900E+01 1.304646E+00 1.261914E+01
4.871800E+01 1.305777E+00 1.261790E+01
4.881700E+01 1.306906E+00 1.261668E+01
4.891600E+01 1.308032E+00 1.261547E+01
4.901500E+01 1.309156E+00 1.261999E+01
4.911400E+01 1.310278E+00 1.261880E+01
4.921300E+01 1.311398E+00 1.261763E+01
4.931200E+01 1.312515E+00 1.261646E+01
4.941100E+01 1.313630E+00 1.261531E+01
4.951000E+01 1.314743E+00 1.261985E+01
4.960900E+01 1.315854E+00 1.261871E+01
4.970800E+01 1.316963E+00 1.261759E+01
4.980700E+01 1.318069E+00 1.261648E+01
4.990600E+01 1.319173E+00 1.261538E+01
5.000500E+01 1.320275E+00 1.261429E+01
5.010400E+01 1.321375E+00 1.261886E+01
5.020300E+01 1.322473E+00 1.261779E+01
5.030200E+01 1.323569E+00 1.261673E+01
5.040100E+01 1.324662E+00 1.261568E+01
5.050000E+01 1.325753E+00 1.261465E+01
5.059900E+01 1.326843E+00 1.261363E+01
5.069800E+01 1.327930E+00 1.261261E+01
5.079700E+01 1.329015E+00 1.261720E+01
5.089600E+01 1.330097E+00 1.261621E+01
5.099500E+01 1.331178E+00 1.261522E+01
5.109400E+01 1.332257E+00 1.261425E+01
5.119300E+01 1.333333E+00 1.261329E+01
5.129200E+01 1.334408E+00 1.261234E+01
5.139100E+01 1.335480E+00 1.261140E+01
5.149000E+01 1.336550E+00 1.261601E+01
5.158900E+01 1.337619E+00 1.261509E+01
5.168800E+01 1.338685E+00 1.261418E+01
5.178700E+01 1.339749E+00 1.261327E+01
5.188600E+01 1.340811E+00 1.261238E+01
5.198500E+01 1.341871E+00 1.261150E+01
5.208400E+01 1.342929E+00 1.261063E+01
5.218300E+01 1.343985E+00 1.260977E+01
5.228200E+01 1.345039E+00 1.261441E+01
5.238100E+01 1.346091E+00 1.261356E+01
5.248000E+01 1.347141E+00 1.261273E+01
5.257900E+01 1.348189E+00 1.261190E+01
5.267800E+01 1.349235E+00 1.261109E+01
5.277700E+01 1.350278E+00 1.261029E+01
5.287600E+01 1.351320E+00 1.260949E+01
5.297500E+01 1.352360E+00 1.260871E+01
5.307400E+01 1.353398E+00 1.260793E+01
5.317300E+01 1.354434E+00 1.261260E+01
5.327200E+01 1.355468E+00 1.261184E+01
5.337100E+01 1.356500E+00 1.261109E+01
5.347000E+01 1.357531E+00 1.261035E+01
5.356900E+01 1.358559E+00 1.260962E+01
5.366800E+01 1.359585E+00 1.260890E+01
5.376700E+01 1.360609E+00 1.260819E+01
5.386600E+01 1.361632E+00 1.260748E+01
5.396500E+01 1.362652E+00 1.260679E+01
5.406400E+01 1.363671E+00 1.260611E+01
5.416300E+01 1.364687E+00 1.260543E+01
5.426200E+01 1.365702E+00 1.261013E+01
5.436100E+01 1.366715E+00 1.260947E+01
5.446000E+01 1.367726E+00 1.260882E+01
5.455900E+01 1.368735E+00 1.260818E+01
5.465800E+01 1.369742E+00 1.260754E+01
5.475700E+01 1.370747E+00 1.260692E+01
5.485600E+01 1.371750E+00 1.260630E+01
5.495500E+01 1.372752E+00 1.260570E+01
5.505400E+01 1.373752E+00 1.260510E+01
5.515300E+01 1.374749E+00 1.260451E+01
5.525200E+01 1.375745E+00 1.260393E+01
5.535100E+01 1.376740E+00 1.260336E+01
5.545000E+01 1.377732E+00 1.260280E+01
5.554900E+01 1.378722E+00 1.260225E+01
5.564800E+01 1.379711E+00 1.260698E+01
5.574700E+01 1.380698E+00 1.260644E+01
5.584600E+01 1.381683E+00 1.260591E+01
5.594500E+01 1.382666E+00 1.260538E+01
5.604400E+01 1.383647E+00 1.260486E+01
5.614300E+01 1.384627E+00 1.260436E+01
5.624200E+01 1.385604E+00 1.260386E+01
5.634100E+01 1.386580E+00 1.260337E+01
5.644000E+01 1.387554E+00 1.260288E+01
5.653900E+01 1.388527E+00 1.260241E+01
5.663800E+01 1.389497E+00 1.260194E+01
5.673700E+01 1.390466E+00 1.260148E+01
5.683600E+01 1.391433E+00 1.260103E+01
5.693500E+01 1.392398E+00 1.260059E+01
5.703400E+01 1.393362E+00 1.260016E+01
5.713300E+01 1.394324E+00 1.259973E+01
5.723200E+01 1.395284E+00 1.259931E+01
5.733100E+01 1.396242E+00 1.259890E+01
5.743000E+01 1.397199E+00 1.259850E+01
5.752900E+01 1.398153E+00 1.259810E+01
5.762800E+01 1.399107E+00 1.259772E+01
5.772700E+01 1.400058E+00 1.259734E+01
5.782600E+01 1.401008E+00 1.259697E+01
5.792500E+01 1.401955E+00 1.259660E+01
5.802400E+01 1.402902E+00 1.259624E+01
5.812300E+01 1.403846E+00 1.259590E+01
5.822200E+01 1.404789E+00 1.260069E+01
5.832100E+01 1.405730E+00 1.260035E+01
5.842000E+01 1.406670E+00 1.260002E+01
5.851900E+01 1.407607E+00 1.259969E+01
5.861800E+01 1.408543E+00 1.259937E+01
5.871700E+01 1.409478E+00 1.259906E+01
5.881600E+01 1.410410E+00 1.259876E+01
5.891500E+01 1.411341E+00 1.259847E+01
5.901400E+01 1.412271E+00 1.259818E+01
5.911300E+01 1.413199E+00 1.259790E+01
5.921200E+01 1.414125E+00 1.259762E+01
5.931100E+01 1.415049E+00 1.259736E+01
5.941000E+01 1.415972E+00 1.259710E+01
5.950900E+01 1.416893E+00 1.259684E+01
5.960800E+01 1.417813E+00 1.259660E+01
5.970700E+01 1.418730E+00 1.259636E+01
5.980600E+01 1.419647E+00 1.259613E+01
5.990500E+01 1.420561E+00 1.259590E+01
6.000400E+01 1.421474E+00 1.259568E+01
6.010300E+01 1.422386E+00 1.259547E+01
6.020200E+01 1.423296E+00 1.259527E+01
6.030100E+01 1.424204E+00 1.259507E+01
6.040000E+01 1.425110E+00 1.258986E+01
6.049900E+01 1.426015E+00 1.258968E+01
6.059800E+01 1.426919E+00 1.258950E+01
6.069700E+01 1.427821E+00 1.258934E+01
6.079600E+01 1.428721E+00 1.258918E+01
6.089500E+01 1.429619E+00 1.258902E+01
6.099400E+01 1.430517E+00 1.258888E+01
6.109300E+01 1.431412E+00 1.258874E+01
6.119200E+01 1.432306E+00 1.258860E+01
6.129100E+01 1.433198E+00 1.258847E+01
6.139000E+01 1.434089E+00 1.258835E+01
6.148900E+01 1.434979E+00 1.258824E+01
6.158800E+01 1.435866E+00 1.258813E+01
6.168700E+01 1.436752E+00 1.258802E+01
6.178600E+01 1.437637E+00 1.258793E+01
6.188500E+01 1.438520E+00 1.258784E+01
6.198400E+01 1.439402E+00 1.258775E+01
6.208300E+01 1.440282E+00 1.258767E+01
6.218200E+01 1.441160E+00 1.258760E+01
6.228100E+01 1.442037E+00 1.258753E+01
6.238000E+01 1.442913E+00 1.258747E+01
6.247900E+01 1.443787E+00 1.258742E+01
6.257800E+01 1.444659E+00 1.258737E+01
6.267700E+01 1.445530E+00 1.258733E+01
6.277600E+01 1.446400E+00 1.258729E+01
6.287500E+01 1.447268E+00 1.258726E+01
6.297400E+01 1.448134E+00 1.258724E+01
6.307300E+01 1.448999E+00 1.258233E+01
6.317200E+01 1.449863E+00 1.258232E+01
6.327100E+01 1.450725E+00 1.258232E+01
6.337000E+01 1.451585E+00 1.258232E+01
6.346900E+01 1.452445E+00 1.258233E+01
6.356800E+01 1.453302E+00 1.258234E+01
6.366700E+01 1.454158E+00 1.258236E+01
6.376600E+01 1.455013E+00 1.258239E+01
6.386500E+01 1.455866E+00 1.258242E+01
6.396400E+01 1.456718E+00 1.258245E+01
6.406300E+01 1.457568E+00 1.258250E+01
6.416200E+01 1.458417E+00 1.258254E+01
6.426100E+01 1.459265E+00 1.258260E+01
6.436000E+01 1.460111E+00 1.258265E+01
6.445900E+01 1.460955E+00 1.258272E+01
6.455800E+01 1.461799E+00 1.257797E+01
6.465700E+01 1.462640E+00 1.257805E+01
6.475600E+01 1.463481E+00 1.257813E+01
6.485500E+01 1.464319E+00 1.257822E+01
6.495400E+01 1.465157E+00 1.257831E+01
6.505300E+01 1.465993E+00 1.257841E+01
6.515200E+01 1.466828E+00 1.257852E+01
6.525100E+01 1.467661E+00 1.257863E+01
6.535000E+01 1.468493E+00 1.257874E+01
6.544900E+01 1.469323E+00 1.257886E+01
6.554800E+01 1.470152E+00 1.257899E+01
6.564700E+01 1.470980E+00 1.257435E+01
6.574600E+01 1.471806E+00 1.257449E+01
6.584500E+01 1.472631E+00 1.257464E+01
6.594400E+01 1.473455E+00 1.257479E+01
6.604300E+01 1.474277E+00 1.257494E+01
6.614200E+01 1.475098E+00 1.257510E+01
6.624100E+01 1.475917E+00 1.257526E+01
6.634000E+01 1.476735E+00 1.257543E+01
6.643900E+01 1.477552E+00 1.257561E+01
6.653800E+01 1.478367E+00 1.257579E+01
6.663700E+01 1.479181E+00 1.257125E+01
6.673600E+01 1.479994E+00 1.257144E+01
6.683500E+01 1.480805E+00 1.257164E+01
6.693400E+01 1.481615E+00 1.257184E+01
6.703300E+01 1.482423E+00 1.257205E+01
6.713200E+01 1.483231E+00 1.257226E+01
6.723100E+01 1.484036E+00 1.257247E+01
6.733000E+01 1.484841E+00 1.257270E+01
6.742900E+01 1.485644E+00 1.257292E+01
6.752800E+01 1.486446E+00 1.256846E+01
6.762700E+01 1.487247E+00 1.256870E+01
6.772600E+01 1.488046E+00 1.256895E+01
6.782500E+01 1.488844E+00 1.256919E+01
6.792400E+01 1.489641E+00 1.256945E+01
6.802300E+01 1.490436E+00 1.256970E+01
6.812200E+01 1.491230E+00 1.256997E+01
6.822100E+01 1.492023E+00 1.257023E+01
6.832000E+01 1.492814E+00 1.256585E+01
6.841900E+01 1.493604E+00 1.256613E+01
6.851800E+01 1.494393E+00 1.256641E+01
6.861700E+01 1.495181E+00 1.256670E+01
6.871600E+01 1.495967E+00 1.256699E+01
6.881500E+01 1.496752E+00 1.256729E+01
6.891400E+01 1.497536E+00 1.256759E+01
6.901300E+01 1.498318E+00 1.256789E+01
6.911200E+01 1.499099E+00 1.256358E+01
6.921100E+01 1.499879E+00 1.256390E+01
6.931000E+01 1.500658E+00 1.256422E+01
6.940900E+01 1.501435E+00 1.256454E+01
6.950800E+01 1.502211E+00 1.256487E+01
6.960700E+01 1.502986E+00 1.256521E+01
6.970600E+01 1.503760E+00 1.256555E+01
6.980500E+01 1.504532E+00 1.256129E+01
6.990400E+01 1.505303E+00 1.256164E+01
7.000300E+01 1.506073E+00 1.256200E+01
7.010200E+01 1.506842E+00 1.256236E+01
7.020100E+01 1.507609E+00 1.256272E+01
7.030000E+01 1.508375E+00 1.256308E+01
7.039900E+01 1.509140E+00 1.255888E+01
7.049800E+01 1.509904E+00 1.255926E+01
7.059700E+01 1.510666E+00 1.255964E+01
7.069600E+01 1.511427E+00 1.256003E+01
7.079500E+01 1.512187E+00 1.256042E+01
7.089400E+01 1.512946E+00 1.256081E+01
7.099300E+01 1.513704E+00 1.256121E+01
7.109200E+01 1.514460E+00 1.255707E+01
7.119100E+01 1.515215E+00 1.255748E+01
7.129000E+01 1.515969E+00 1.255789E+01
7.138900E+01 1.516722E+00 1.255831E+01
7.148800E+01 1.517473E+00 1.255873E+01
7.158700E+01 1.518224E+00 1.255915E+01
7.168600E+01 1.518973E+00 1.255506E+01
7.178500E+01 1.519721E+00 1.255549E+01
7.188400E+01 1.520468E+00 1.255593E+01
7.198300E+01 1.521213E+00 1.255637E+01
7.208200E+01 1.521958E+00 1.255682E+01
7.218100E+01 1.522701E+00 1.255277E+01
7.228000E+01 1.523443E+00 1.255323E+01
7.237900E+01 1.524184E+00 1.255369E+01
7.247800E+01 1.524923E+00 1.255415E+01
7.257700E+01 1.525662E+00 1.255462E+01
7.267600E+01 1.526399E+00 1.255509E+01
7.277500E+01 1.527136E+00 1.255109E+01
7.287400E+01 1.527871E+00 1.255157E+01
7.297300E+01 1.528604E+00 1.255205E+01
7.307200E+01 1.529337E+00 1.255254E+01
7.317100E+01 1.530069E+00 1.255303E+01
7.327000E+01 1.530799E+00 1.254907E+01
7.336900E+01 1.531528E+00 1.254957E+01
7.346800E+01 1.532257E+00 1.255008E+01
7.356700E+01 1.532984E+00 1.255059E+01
7.366600E+01 1.533709E+00 1.255110E+01
7.376500E+01 1.534434E+00 1.254718E+01
7.386400E+01 1.535158E+00 1.254770E+01
7.396300E+01 1.535880E+00 1.254823E+01
7.406200E+01 1.536602E+00 1.254875E+01
7.416100E+01 1.537322E+00 1.254929E+01
7.426000E+01 1.538041E+00 1.254540E+01
7.435900E+01 1.538759E+00 1.254594E+01
7.445800E+01 1.539476E+00 1.254649E+01
7.455700E+01 1.540191E+00 1.254704E+01
7.465600E+01 1.540906E+00 1.254759E+01
7.475500E+01 1.541619E+00 1.254374E+01
7.485400E+01 1.542332E+00 1.254430E+01
7.495300E+01 1.543043E+00 1.254487E+01
7.505200E+01 1.543753E+00 1.254544E+01
7.515100E+01 1.544462E+00 1.254601E+01
7.525000E+01 1.545170E+00 1.254220E+01
7.534900E+01 1.545877E+00 1.254278E+01
7.544800E+01 1.546583E+00 1.254336E+01
7.554700E+01 1.547288E+00 1.254395E+01
7.564600E+01 1.547991E+00 1.254454E+01
7.574500E+01 1.548694E+00 1.254077E+01
7.584400E+01 1.549395E+00 1.254137E+01
7.594300E+01 1.550096E+00 1.254197E+01
7.604200E+01 1.550795E+00 1.254258E+01
7.614100E+01 1.551493E+00 1.253883E+01
7.624000E+01 1.552190E+00 1.253944E+01
7.633900E+01 1.552886E+00 1.254006E+01
7.643800E+01 1.553581E+00 1.254068E+01
7.653700E+01 1.554275E+00 1.254131E+01
7.663600E+01 1.554968E+00 1.253759E+01
7.673500E+01 1.555660E+00 1.253823E+01
7.683400E+01 1.556351E+00 1.253887E+01
7.693300E+01 1.557041E+00 1.253951E+01
7.703200E+01 1.557729E+00 1.253582E+01
7.713100E+01 1.558417E+00 1.253647E+01
7.723000E+01 1.559103E+00 1.253712E+01
7.732900E+01 1.559789E+00 1.253777E+01
7.742800E+01 1.560473E+00 1.253412E+01
7.752700E+01 1.561157E+00 1.253478E+01
7.762600E+01 1.561839E+00 1.253544E+01
7.772500E+01 1.562521E+00 1.253611E+01
7.782400E+01 1.563201E+00 1.253248E+01
7.792300E+01 1.563880E+00 1.253316E+01
7.802200E+01 1.564559E+00 1.253384E+01
7.812100E+01 1.565236E+00 1.253452E+01
7.822000E+01 1.565912E+00 1.253092E+01
7.831900E+01 1.566587E+00 1.253161E+01
7.841800E+01 1.567261E+00 1.253231E+01
7.851700E+01 1.567935E+00 1.253300E+01
7.861600E+01 1.568607E+00 1.253370E+01
7.871500E+01 1.569278E+00 1.253013E+01
7.881400E+01 1.569948E+00 1.253084E+01
7.891300E+01 1.570617E+00 1.253155E+01
7.901200E+01 1.571285E+00 1.252800E+01
7.911100E+01 1.571952E+00 1.252872E+01
7.921000E+01 1.572618E+00 1.252944E+01
7.930900E+01 1.573284E+00 1.253016E+01
7.940800E+01 1.573948E+00 1.252664E+01
7.950700E+01 1.574611E+00 1.252737E+01
7.960600E+01 1.575273E+00 1.252811E+01
7.970500E+01 1.575934E+00 1.252884E+01
7.980400E+01 1.576594E+00 1.252535E+01
7.990300E+01 1.577253E+00 1.252609E+01
8.000200E+01 1.577911E+00 1.252684E+01
8.010100E+01 1.578569E+00 1.252759E+01
8.020000E+01 1.579225E+00 1.252412E+01
8.029900E+01 1.579880E+00 1.252487E+01
8.039800E+01 1.580534E+00 1.252563E+01
8.049700E+01 1.581188E+00 1.252640E+01
8.059600E+01 1.581840E+00 1.252295E+01
8.069500E+01 1.582491E+00 1.252372E+01
8.079400E+01 1.583142E+00 1.252449E+01
8.089300E+01 1.583791E+00 1.252107E+01
8.099200E+01 1.584440E+00 1.252185E+01
8.109100E+01 1.585087E+00 1.252263E+01
8.119000E+01 1.585734E+00 1.252341E+01
8.128900E+01 1.586379E+00 1.252001E+01
8.138800E+01 1.587024E+00 1.252080E+01
8.148700E+01 1.587668E+00 1.252160E+01
8.158600E+01 1.588310E+00 1.251822E+01
8.168500E+01 1.588952E+00 1.251902E+01
8.178400E+01 1.589593E+00 1.251982E+01
8.188300E+01 1.590233E+00 1.252063E+01
8.198200E+01 1.590872E+00 1.251727E+01
8.208100E+01 1.591510E+00 1.251809E+01
8.218000E+01 1.592147E+00 1.251890E+01
8.227900E+01 1.592783E+00 1.251556E+01
8.237800E+01 1.593418E+00 1.251639E+01
8.247700E+01 1.594052E+00 1.251721E+01
8.257600E+01 1.594686E+00 1.251804E+01
8.267500E+01 1.595318E+00 1.251472E+01
8.277400E+01 1.595950E+00 1.251556E+01
8.287300E+01 1.596580E+00 1.251640E+01
8.297200E+01 1.597210E+00 1.251310E+01
8.307100E+01 1.597839E+00 1.251394E+01
8.317000E+01 1.598467E+00 1.251479E+01
8.326900E+01 1.599093E+00 1.251564E+01
8.336800E+01 1.599719E+00 1.251236E+01
8.346700E+01 1.600345E+00 1.251322E+01
8.356600E+01 1.600969E+00 1.251408E+01
8.366500E+01 1.601592E+00 1.251082E+01
8.376400E+01 1.602214E+00 1.251168E+01
8.386300E+01 1.602836E+00 1.251255E+01
8.396200E+01 1.603456E+00 1.250931E+01
8.406100E+01 1.604076E+00 1.251018E+01
8.416000E+01 1.604695E+00 1.251106E+01
8.425900E+01 1.605313E+00 1.250784E+01
8.435800E+01 1.605930E+00 1.250872E+01
8.445700E+01 1.606546E+00 1.250960E+01
8.455600E+01 1.607161E+00 1.251049E+01
8.465500E+01 1.607775E+00 1.250729E+01
8.475400E+01 1.608389E+00 1.250818E+01
8.485300E+01 1.609001E+00 1.250908E+01
8.495200E+01 1.609613E+00 1.250590E+01
8.505100E+01 1.610224E+00 1.250680E+01
8.515000E+01 1.610833E+00 1.250770E+01
8.524900E+01 1.611442E+00 1.250454E+01
8.534800E+01 1.612051E+00 1.250545E+01
8.544700E+01 1.612658E+00 1.250636E+01
8.554600E+01 1.613264E+00 1.250321E+01
8.564500E+01 1.613870E+00 1.250413E+01
8.574400E+01 1.614474E+00 1.250505E+01
8.584300E+01 1.615078E+00 1.250192E+01
8.594200E+01 1.615681E+00 1.250284E+01
8.604100E+01 1.616283E+00 1.250377E+01
8.614000E+01 1.616884E+00 1.250065E+01
8.623900E+01 1.617485E+00 1.250159E+01
8.633800E+01 1.618084E+00 1.250253E+01
8.643700E+01 1.618683E+00 1.249943E+01
8.653600E+01 1.619281E+00 1.250037E+01
8.663500E+01 1.619878E+00 1.250132E+01
8.673400E+01 1.620474E+00 1.249823E+01
8.683300E+01 1.621069E+00 1.249918E+01
8.693200E+01 1.621663E+00 1.250014E+01
8.703100E+01 1.622257E+00 1.249707E+01
8.713000E+01 1.622850E+00 1.249803E+01
8.722900E+01 1.623442E+00 1.249899E+01
8.732800E+01 1.624033E+00 1.249594E+01
8.742700E+01 1.624623E+00 1.249690E+01
8.752600E+01 1.625212E+00 1.249787E+01
8.762500E+01 1.625801E+00 1.249484E+01
8.772400E+01 1.626388E+00 1.249581E+01
8.782300E+01 1.626975E+00 1.249679E+01
8.792200E+01 1.627561E+00 1.249377E+01
8.802100E+01 1.628146E+00 1.249475E+01
8.812000E+01 1.628731E+00 1.249573E+01
8.821900E+01 1.629314E+00 1.249273E+01
8.831800E+01 1.629897E+00 1.249372E+01
8.841700E+01 1.630479E+00 1.249471E+01
8.851600E+01 1.631060E+00 1.249172E+01
8.861500E+01 1.631640E+00 1.249272E+01
8.871400E+01 1.632220E+00 1.249372E+01
8.881300E+01 1.632799E+00 1.249074E+01
8.891200E+01 1.633376E+00 1.249175E+01
8.901100E+01 1.633953E+00 1.249275E+01
8.911000E+01 1.634530E+00 1.248980E+01
8.920900E+01 1.635105E+00 1.249081E+01
8.930800E+01 1.635680E+00 1.248786E+01
8.940700E+01 1.636254E+00 1.248888E+01
8.950600E+01 1.636827E+00 1.248990E+01
8.960500E+01 1.637399E+00 1.248696E+01
8.970400E+01 1.637970E+00 1.248799E+01
8.980300E+01 1.638541E+00 1.248901E+01
8.990200E+01 1.639111E+00 1.248610E+01
9.000100E+01 1.639680E+00 1.248713E+01
9.010000E+01 1.640248E+00 1.248816E+01
9.019900E+01 1.640815E+00 1.248526E+01
9.029800E+01 1.641382E+00 1.248630E+01
9.039700E+01 1.641948E+00 1.248340E+01
9.049600E+01 1.642513E+00 1.248445E+01
9.059500E+01 1.643077E+00 1.248549E+01
9.069400E+01 1.643641E+00 1.248261E+01
9.079300E+01 1.644204E+00 1.248366E+01
9.089200E+01 1.644766E+00 1.248472E+01
9.099100E+01 1.645327E+00 1.248185E+01
9.109000E+01 1.645887E+00 1.248291E+01
9.118900E+01 1.646447E+00 1.248397E+01
9.128800E+01 1.647006E+00 1.248112E+01
9.138700E+01 1.647564E+00 1.248218E+01
9.148600E+01 1.648121E+00 1.247934E+01
9.158500E+01 1.648678E+00 1.248041E+01
9.168400E+01 1.649233E+00 1.248148E+01
9.178300E+01 1.649788E+00 1.247866E+01
9.188200E+01 1.650343E+00 1.247973E+01
9.198100E+01 1.650896E+00 1.248081E+01
9.208000E+01 1.651449E+00 1.247800E+01
9.217900E+01 1.652001E+00 1.247908E+01
9.227800E+01 1.652552E+00 1.247628E+01
9.237700E+01 1.653103E+00 1.247737E+01
9.247600E+01 1.653652E+00 1.247846E+01
9.257500E+01 1.654201E+00 1.247567E+01
9.267400E+01 1.654750E+00 1.247676E+01
9.277300E+01 1.655297E+00 1.247399E+01
9.287200E+01 1.655844E+00 1.247508E+01
9.297100E+01 1.656390E+00 1.247619E+01
9.307000E+01 1.656935E+00 1.247342E+01
9.316900E+01 1.657479E+00 1.247453E+01
9.326800E+01 1.658023E+00 1.247177E+01
9.336700E+01 1.658566E+00 1.247288E+01
9.346600E+01 1.659108E+00 1.247399E+01
9.356500E+01 1.659650E+00 1.247125E+01
9.366400E+01 1.660191E+00 1.247237E+01
9.376300E+01 1.660731E+00 1.247348E+01
9.386200E+01 1.661270E+00 1.247076E+01
9.396100E+01 1.661809E+00 1.247188E+01
9.406000E+01 1.662347E+00 1.246916E+01
9.415900E+01 1.662884E+00 1.247029E+01
9.425800E+01 1.663420E+00 1.247142E+01
9.435700E+01 1.663956E+00 1.246871E+01
9.445600E+01 1.664491E+00 1.246984E+01
9.455500E+01 1.665025E+00 1.246715E+01
9.465400E+01 1.665558E+00 1.246828E+01
9.475300E+01 1.666091E+00 1.246560E+01
9.485200E+01 1.666623E+00 1.246674E+01
9.495100E+01 1.667155E+00 1.246788E+01
9.505000E+01 1.667685E+00 1.246521E+01
9.514900E+01 1.668215E+00 1.246636E+01
9.524800E+01 1.668744E+00 1.246369E+01
9.534700E+01 1.669273E+00 1.246484E+01
9.544600E+01 1.669801E+00 1.246600E+01
9.554500E+01 1.670328E+00 1.246334E+01
9.564400E+01 1.670854E+00 1.246450E+01
9.574300E+01 1.671380E+00 1.246186E+01
9.584200E+01 1.671905E+00 1.246302E+01
9.594100E+01 1.672429E+00 1.246419E+01
9.604000E+01 1.672953E+00 1.246156E+01
9.613900E+01 1.673475E+00 1.246272E+01
9.623800E+01 1.673998E+00 1.246010E+01
9.633700E+01 1.674519E+00 1.246127E+01
9.643600E+01 1.675040E+00 1.245866E+01
9.653500E+01 1.675560E+00 1.245984E+01
9.663400E+01 1.676079E+00 1.246102E+01
9.673300E+01 1.676598E+00 1.245842E+01
9.683200E+01 1.677116E+00 1.245960E+01
9.693100E+01 1.677633E+00 1.245701E+01
9.703000E+01 1.678150E+00 1.245819E+01
9.712900E+01 1.678666E+00 1.245938E+01
9.722800E+01 1.679181E+00 1.245680E+01
9.732700E+01 1.679695E+00 1.245800E+01
9.742600E+01 1.680209E+00 1.245542E+01
9.752500E+01 1.680722E+00 1.245662E+01
9.762400E+01 1.681235E+00 1.245406E+01
9.772300E+01 1.681747E+00 1.245526E+01
9.782200E+01 1.682258E+00 1.245646E+01
9.792100E+01 1.682768E+00 1.245391E+01
9.802000E+01 1.683278E+00 1.245512E+01
9.811900E+01 1.683787E+00 1.245257E+01
9.821800E+01 1.684296E+00 1.245378E+01
9.831700E+01 1.684803E+00 1.245125E+01
9.841600E+01 1.685311E+00 1.245246E+01
9.851500E+01 1.685817E+00 1.245368E+01
9.861400E+01 1.686323E+00 1.245116E+01
9.871300E+01 1.686828E+00 1.245238E+01
9.881200E+01 1.687332E+00 1.244986E+01
9.891100E+01 1.687836E+00 1.245109E+01
9.901000E+01 1.688339E+00 1.244858E+01
9.910900E+01 1.688842E+00 1.244981E+01
9.920800E+01 1.689343E+00 1.244731E+01
9.930700E+01 1.689844E+00 1.244854E+01
9.940600E+01 1.690345E+00 1.244977E+01
9.950500E+01 1.690845E+00 1.244729E+01
9.960400E+01 1.691344E+00 1.244853E+01
9.970300E+01 1.691842E+00 1.244605E+01
9.980200E+01 1.692340E+00 1.244729E+01
9.990100E+01 1.692837E+00 1.244482E+01
1.000000E+02 1.693334E+00 1.244606E+01
1.009000E+02 1.697818E+00 1.244198E+01
1.018000E+02 1.702250E+00 1.243814E+01
1.027000E+02 1.706630E+00 1.243451E+01
1.036000E+02 1.710959E+00 1.243110E+01
1.045000E+02 1.715238E+00 1.242790E+01
1.054000E+02 1.719467E+00 1.242131E+01
1.063000E+02 1.723648E+00 1.241853E+01
1.072000E+02 1.727781E+00 1.241595E+01
1.081000E+02 1.731868E+00 1.241001E+01
1.090000E+02 1.735908E+00 1.240782E+01
1.099000E+02 1.739903E+00 1.240231E+01
1.108000E+02 1.743853E+00 1.240049E+01
1.117000E+02 1.747759E+00 1.239537E+01
1.126000E+02 1.751622E+00 1.239045E+01
1.135000E+02 1.755442E+00 1.238917E+01
1.144000E+02 1.759220E+00 1.238463E+01
1.153000E+02 1.762957E+00 1.238027E+01
1.162000E+02 1.766653E+00 1.237609E+01
1.171000E+02 1.770310E+00 1.237209E+01
1.180000E+02 1.773927E+00 1.236827E+01
1.189000E+02 1.777505E+00 1.236462E+01
1.198000E+02 1.781045E+00 1.236113E+01
1.207000E+02 1.784547E+00 1.235781E+01
1.216000E+02 1.788012E+00 1.235465E+01
1.225000E+02 1.791440E+00 1.234835E+01
1.234000E+02 1.794833E+00 1.234551E+01
1.243000E+02 1.798190E+00 1.234283E+01
1.252000E+02 1.801512E+00 1.233703E+01
1.261000E+02 1.804799E+00 1.233465E+01
1.270000E+02 1.808053E+00 1.232918E+01
1.279000E+02 1.811273E+00 1.232709E+01
1.288000E+02 1.814460E+00 1.232193E+01
1.297000E+02 1.817615E+00 1.232012E+01
1.306000E+02 1.820738E+00 1.231526E+01
1.315000E+02 1.823829E+00 1.231056E+01
1.324000E+02 1.826889E+00 1.230600E+01
1.333000E+02 1.829918E+00 1.230473E+01
1.342000E+02 1.832916E+00 1.230045E+01
1.351000E+02 1.835885E+00 1.229631E+01
1.360000E+02 1.838825E+00 1.229231E+01
1.369000E+02 1.841735E+00 1.228844E+01
1.378000E+02 1.844617E+00 1.228471E+01
1.387000E+02 1.847470E+00 1.228111E+01
1.396000E+02 1.850296E+00 1.227763E+01
1.405000E+02 1.853094E+00 1.227123E+01
1.414000E+02 1.855864E+00 1.226802E+01
1.423000E+02 1.858608E+00 1.226492E+01
1.432000E+02 1.861326E+00 1.226195E+01
1.441000E+02 1.864017E+00 1.225609E+01
1.450000E+02 1.866683E+00 1.225335E+01
1.459000E+02 1.869323E+00 1.225074E+01
1.468000E+02 1.871939E+00 1.224525E+01
1.477000E+02 1.874529E+00 1.224286E+01
1.486000E+02 1.877095E+00 1.223762E+01
1.495000E+02 1.879637E+00 1.223546E+01
1.504000E+02 1.882155E+00 1.223046E+01
1.513000E+02 1.884649E+00 1.222558E+01
1.522000E+02 1.887120E+00 1.222373E+01
1.531000E+02 1.889569E+00 1.221908E+01
1.540000E+02 1.891994E+00 1.221454E+01
1.549000E+02 1.894398E+00 1.221301E+01
1.558000E+02 1.896779E+00 1.220869E+01
1.567000E+02 1.899138E+00 1.220448E+01
1.576000E+02 1.901476E+00 1.220037E+01
1.585000E+02 1.903792E+00 1.219637E+01
1.594000E+02 1.906088E+00 1.219248E+01
1.603000E+02 1.908363E+00 1.218869E+01
1.612000E+02 1.910617E+00 1.218501E+01
1.621000E+02 1.912851E+00 1.218142E+01
1.630000E+02 1.915065E+00 1.217793E+01
1.639000E+02 1.917259E+00 1.217454E+01
1.648000E+02 1.919434E+00 1.217124E+01
1.657000E+02 1.921589E+00 1.216804E+01
1.666000E+02 1.923726E+00 1.216215E+01
1.675000E+02 1.925843E+00 1.215914E+01
1.684000E+02 1.927942E+00 1.215622E+01
1.693000E+02 1.930022E+00 1.215339E+01
1.702000E+02 1.932084E+00 1.214790E+01
1.711000E+02 1.934129E+00 1.214525E+01
1.720000E+02 1.936155E+00 1.213995E+01
1.729000E+02 1.938164E+00 1.213748E+01
1.738000E+02 1.940155E+00 1.213508E+01
1.747000E+02 1.942130E+00 1.213007E+01
1.756000E+02 1.944087E+00 1.212784E+01
1.765000E+02 1.946027E+00 1.212300E+01
1.774000E+02 1.947951E+00 1.211826E+01
1.783000E+02 1.949859E+00 1.211628E+01
1.792000E+02 1.951750E+00 1.211171E+01
1.801000E+02 1.953625E+00 1.210723E+01
1.810000E+02 1.955485E+00 1.210549E+01
1.819000E+02 1.957328E+00 1.210118E+01
1.828000E+02 1.959156E+00 1.209695E+01
1.837000E+02 1.960969E+00 1.209543E+01
1.846000E+02 1.962767E+00 1.209136E+01
1.855000E+02 1.964549E+00 1.208738E+01
1.864000E+02 1.966317E+00 1.208347E+01
1.873000E+02 1.968070E+00 1.207964E+01
1.882000E+02 1.969809E+00 1.207589E+01
1.891000E+02 1.971533E+00 1.207222E+01
1.900000E+02 1.973243E+00 1.206863E+01
1.909000E+02 1.974939E+00 1.206511E+01
1.918000E+02 1.976621E+00 1.206167E+01
1.927000E+02 1.978289E+00 1.205830E+01
1.936000E+02 1.979944E+00 1.205500E+01
1.945000E+02 1.981585E+00 1.205178E+01
1.954000E+02 1.983212E+00 1.204862E+01
1.963000E+02 1.984827E+00 1.204554E+01
1.972000E+02 1.986429E+00 1.203999E+01
1.981000E+02 1.988017E+00 1.203705E+01
1.990000E+02 1.989593E+00 1.203418E+01
1.999000E+02 1.991156E+00 1.203138E+01
2.008000E+02 1.992707E+00 1.202612E+01
2.017000E+02 1.994245E+00 1.202346E+01
2.026000E+02 1.995771E+00 1.202085E+01
2.035000E+02 1.997285E+00 1.201582E+01
2.044000E+02 1.998787E+00 1.201335E+01
2.053000E+02 2.000276E+00 1.201094E+01
2.062000E+02 2.001755E+00 1.200612E+01
2.071000E+02 2.003221E+00 1.200383E+01
2.080000E+02 2.004676E+00 1.199915E+01
2.089000E+02 2.006119E+00 1.199699E+01
2.098000E+02 2.007552E+00 1.199244E+01
2.107000E+02 2.008973E+00 1.199040E+01
2.116000E+02 2.010382E+00 1.198598E+01
2.125000E+02 2.011781E+00 1.198163E+01
2.134000E+02 2.013169E+00 1.197977E+01
2.143000E+02 2.014547E+00 1.197554E+01
2.152000E+02 2.015913E+00 1.197380E+01
2.161000E+02 2.017270E+00 1.196970E+01
2.170000E+02 2.018615E+00 1.196566E+01
2.179000E+02 2.019950E+00 1.196168E+01
2.188000E+02 2.021275E+00 1.196017E+01
2.197000E+02 2.022590E+00 1.195631E+01
2.206000E+02 2.023895E+00 1.195251E+01
2.215000E+02 2.025190E+00 1.194878E+01
2.224000E+02 2.026475E+00 1.194510E+01
2.233000E+02 2.027750E+00 1.194386E+01
2.242000E+02 2.029016E+00 1.194029E+01
2.251000E+02 2.030272E+00 1.193678E+01
2.260000E+02 2.031519E+00 1.193333E+01
2.269000E+02 2.032756E+00 1.192994E+01
2.278000E+02 2.033983E+00 1.192660E+01
2.287000E+02 2.035202E+00 1.192332E+01
2.296000E+02 2.036411E+00 1.192009E+01
2.305000E+02 2.037612E+00 1.191692E+01
2.314000E+02 2.038803E+00 1.191380E+01
2.323000E+02 2.039986E+00 1.191073E+01
2.332000E+02 2.041160E+00 1.190772E+01
2.341000E+02 2.042325E+00 1.190476E+01
2.350000E+02 2.043481E+00 1.189953E+01
2.359000E+02 2.044629E+00 1.189668E+01
2.368000E+02 2.045768E+00 1.189387E+01
2.377000E+02 2.046899E+00 1.189112E+01
2.386000E+02 2.048022E+00 1.188841E+01
2.395000E+02 2.049136E+00 1.188346E+01
2.404000E+02 2.050242E+00 1.188086E+01
2.413000E+02 2.051340E+00 1.187831E+01
2.422000E+02 2.052430E+00 1.187580E+01
2.431000E+02 2.053512E+00 1.187106E+01
2.440000E+02 2.054586E+00 1.186865E+01
2.449000E+02 2.055653E+00 1.186629E+01
2.458000E+02 2.056711E+00 1.186171E+01
2.467000E+02 2.057762E+00 1.185944E+01
2.476000E+02 2.058805E+00 1.185496E+01
2.485000E+02 2.059841E+00 1.185278E+01
2.494000E+02 2.060869E+00 1.185065E+01
2.503000E+02 2.061890E+00 1.184632E+01
2.512000E+02 2.062904E+00 1.184428E+01
2.521000E+02 2.063910E+00 1.184005E+01
2.530000E+02 2.064909E+00 1.183809E+01
2.539000E+02 2.065901E+00 1.183396E+01
2.548000E+02 2.066886E+00 1.183209E+01
2.557000E+02 2.067863E+00 1.182805E+01
2.566000E+02 2.068834E+00 1.182405E+01
2.575000E+02 2.069798E+00 1.182232E+01
2.584000E+02 2.070755E+00 1.181842E+01
2.593000E+02 2.071705E+00 1.181676E+01
2.602000E+02 2.072648E+00 1.181295E+01
2.611000E+02 2.073585E+00 1.180918E+01
2.620000E+02 2.074515E+00 1.180765E+01
2.629000E+02 2.075439E+00 1.180398E+01
2.638000E+02 2.076356E+00 1.180034E+01
2.647000E+02 2.077266E+00 1.179675E+01
2.656000E+02 2.078171E+00 1.179539E+01
2.665000E+02 2.079068E+00 1.179188E+01
2.674000E+02 2.079960E+00 1.178842E+01
2.683000E+02 2.080845E+00 1.178500E+01
2.692000E+02 2.081724E+00 1.178163E+01
2.701000E+02 2.082597E+00 1.178045E+01
2.710000E+02 2.083464E+00 1.177716E+01
2.719000E+02 2.084325E+00 1.177391E+01
2.728000E+02 2.085180E+00 1.177070E+01
2.737000E+02 2.086029E+00 1.176753E+01
2.746000E+02 2.086871E+00 1.176440E+01
2.755000E+02 2.087709E+00 1.176131E+01
2.764000E+02 2.088540E+00 1.175826E+01
2.773000E+02 2.089366E+00 1.175525E+01
2.782000E+02 2.090185E+00 1.175228E+01
2.791000E+02 2.091000E+00 1.174935E+01
2.800000E+02 2.091808E+00 1.174646E+01
2.809000E+02 2.092611E+00 1.174360E+01
2.818000E+02 2.093409E+00 1.174078E+01
2.827000E+02 2.094201E+00 1.173801E+01
2.836000E+02 2.094988E+00 1.173526E+01
2.845000E+02 2.095769E+00 1.173256E+01
2.854000E+02 2.096545E+00 1.172989E+01
2.863000E+02 2.097315E+00 1.172726E+01
2.872000E+02 2.098081E+00 1.172466E+01
2.881000E+02 2.098841E+00 1.172002E+01
2.890000E+02 2.099596E+00 1.171749E+01
2.899000E+02 2.100345E+00 1.171501E+01
2.908000E+02 2.101090E+00 1.171256E+01
2.917000E+02 2.101830E+00 1.171014E+01
2.926000E+02 2.102564E+00 1.170569E+01
2.935000E+02 2.103294E+00 1.170334E+01
2.944000E+02 2.104019E+00 1.170103E+01
2.953000E+02 2.104739E+00 1.169875E+01
2.962000E+02 2.105454E+00 1.169445E+01
2.971000E+02 2.106164E+00 1.169224E+01
2.980000E+02 2.106869E+00 1.169007E+01
2.989000E+02 2.107570E+00 1.168587E+01
2.998000E+02 2.108265E+00 1.168377E+01
3.007000E+02 2.108957E+00 1.168169E+01
3.016000E+02 2.109643E+00 1.167760E+01
3.025000E+02 2.110325E+00 1.167559E+01
3.034000E+02 2.111002E+00 1.167362E+01
3.043000E+02 2.111675E+00 1.166963E+01
3.052000E+02 2.112344E+00 1.166772E+01
3.061000E+02 2.113007E+00 1.166381E+01
3.070000E+02 2.113667E+00 1.166196E+01
3.079000E+02 2.114322E+00 1.165812E+01
3.088000E+02 2.114973E+00 1.165633E+01
3.097000E+02 2.115619E+00 1.165256E+01
3.106000E+02 2.116261E+00 1.165083E+01
3.115000E+02 2.116899E+00 1.164712E+01
3.124000E+02 2.117532E+00 1.164546E+01
3.133000E+02 2.118161E+00 1.164182E+01
3.142000E+02 2.118787E+00 1.164021E+01
3.151000E+02 2.119408E+00 1.163664E+01
3.160000E+02 2.120024E+00 1.163509E+01
3.169000E+02 2.120637E+00 1.163158E+01
3.178000E+02 2.121246E+00 1.162810E+01
3.187000E+02 2.121851E+00 1.162664E+01
3.196000E+02 2.122451E+00 1.162322E+01
3.205000E+02 2.123048E+00 1.162182E+01
3.214000E+02 2.123641E+00 1.161847E+01
3.223000E+02 2.124230E+00 1.161514E+01
3.232000E+02 2.124815E+00 1.161383E+01
3.241000E+02 2.125396E+00 1.161056E+01
3.250000E+02 2.125973E+00 1.160733E+01
3.259000E+02 2.126547E+00 1.160413E+01
3.268000E+02 2.127117E+00 1.160293E+01
3.277000E+02 2.127683E+00 1.159978E+01
3.286000E+02 2.128245E+00 1.159667E+01
3.295000E+02 2.128804E+00 1.159359E+01
3.304000E+02 2.129359E+00 1.159249E+01
3.313000E+02 2.129910E+00 1.158947E+01
3.322000E+02 2.130458E+00 1.158647E+01
3.331000E+02 2.131002E+00 1.158351E+01
3.340000E+02 2.131543E+00 1.158057E+01
3.349000E+02 2.132080E+00 1.157766E+01
3.358000E+02 2.132614E+00 1.157672E+01
3.367000E+02 2.133144E+00 1.157387E+01
3.376000E+02 2.133670E+00 1.157105E+01
3.385000E+02 2.134194E+00 1.156825E+01
3.394000E+02 2.134713E+00 1.156548E+01
3.403000E+02 2.135230E+00 1.156274E+01
3.412000E+02 2.135743E+00 1.156002E+01
3.421000E+02 2.136253E+00 1.155734E+01
3.430000E+02 2.136759E+00 1.155468E+01
3.439000E+02 2.137262E+00 1.155205E+01
3.448000E+02 2.137762E+00 1.154944E+01
3.457000E+02 2.138259E+00 1.154686E+01
3.466000E+02 2.138752E+00 1.154431E+01
3.475000E+02 2.139242E+00 1.154178E+01
3.484000E+02 2.139729E+00 1.153928E+01
3.493000E+02 2.140213E+00 1.153681E+01
3.502000E+02 2.140694E+00 1.153436E+01
3.511000E+02 2.141172E+00 1.153194E+01
3.520000E+02 2.141646E+00 1.152954E+01
3.529000E+02 2.142118E+00 1.152717E+01
3.538000E+02 2.142586E+00 1.152482E+01
3.547000E+02 2.143051E+00 1.152250E+01
3.556000E+02 2.143514E+00 1.152021E+01
3.565000E+02 2.143973E+00 1.151793E+01
3.574000E+02 2.144430E+00 1.151569E+01
3.583000E+02 2.144883E+00 1.151158E+01
3.592000E+02 2.145334E+00 1.150938E+01
3.601000E+02 2.145781E+00 1.150721E+01
3.610000E+02 2.146226E+00 1.150506E+01
3.619000E+02 2.146668E+00 1.150293E+01
3.628000E+02 2.147107E+00 1.149896E+01
3.637000E+02 2.147543E+00 1.149688E+01
3.646000E+02 2.147977E+00 1.149483E+01
3.655000E+02 2.148407E+00 1.149280E+01
3.664000E+02 2.148835E+00 1.149079E+01
3.673000E+02 2.149260E+00 1.148695E+01
3.682000E+02 2.149683E+00 1.148499E+01
3.691000E+02 2.150102E+00 1.148305E+01
3.700000E+02 2.150519E+00 1.148113E+01
3.709000E+02 2.150933E+00 1.147739E+01
3.718000E+02 2.151345E+00 1.147552E+01
3.727000E+02 2.151754E+00 1.147367E+01
3.736000E+02 2.152160E+00 1.147000E+01
3.745000E+02 2.152564E+00 1.146820E+01
3.754000E+02 2.152965E+00 1.146642E+01
3.763000E+02 2.153364E+00 1.146282E+01
3.772000E+02 2.153760E+00 1.146108E+01
3.781000E+02 2.154153E+00 1.145937E+01
3.790000E+02 2.154544E+00 1.145584E+01
3.799000E+02 2.154932E+00 1.145417E+01
3.808000E+02 2.155318E+00 1.145069E+01
3.817000E+02 2.155702E+00 1.144907E+01
3.826000E+02 2.156083E+00 1.144746E+01
3.835000E+02 2.156461E+00 1.144405E+01
3.844000E+02 2.156837E+00 1.144249E+01
3.853000E+02 2.157211E+00 1.143912E+01
3.862000E+02 2.157582E+00 1.143760E+01
3.871000E+02 2.157951E+00 1.143428E+01
3.880000E+02 2.158317E+00 1.143280E+01
3.889000E+02 2.158682E+00 1.142953E+01
3.898000E+02 2.159043E+00 1.142809E+01
3.907000E+02 2.159403E+00 1.142486E+01
3.916000E+02 2.159760E+00 1.142346E+01
3.925000E+02 2.160115E+00 1.142028E+01
3.934000E+02 2.160468E+00 1.141892E+01
3.943000E+02 2.160818E+00 1.141578E+01
3.952000E+02 2.161166E+00 1.141446E+01
3.961000E+02 2.161512E+00 1.141136E+01
3.970000E+02 2.161856E+00 1.140828E+01
3.979000E+02 2.162197E+00 1.140702E+01
3.988000E+02 2.162536E+00 1.140399E+01
3.997000E+02 2.162873E+00 1.140277E+01
4.006000E+02 2.163208E+00 1.139978E+01
4.015000E+02 2.163541E+00 1.139681E+01
4.024000E+02 2.163871E+00 1.139564E+01
4.033000E+02 2.164200E+00 1.139272E+01
4.042000E+02 2.164526E+00 1.139159E+01
4.051000E+02 2.164850E+00 1.138870E+01
4.060000E+02 2.165173E+00 1.138584E+01
4.069000E+02 2.165493E+00 1.138477E+01
4.078000E+02 2.165811E+00 1.138194E+01
4.087000E+02 2.166127E+00 1.137913E+01
4.096000E+02 2.166441E+00 1.137635E+01
4.105000E+02 2.166753E+00 1.137535E+01
4.114000E+02 2.167062E+00 1.137261E+01
4.123000E+02 2.167370E+00 1.136988E+01
4.132000E+02 2.167676E+00 1.136894E+01
4.141000E+02 2.167980E+00 1.136625E+01
4.150000E+02 2.168282E+00 1.136358E+01
4.159000E+02 2.168582E+00 1.136094E+01
4.168000E+02 2.168880E+00 1.136007E+01
4.177000E+02 2.169176E+00 1.135746E+01
4.186000E+02 2.169471E+00 1.135486E+01
4.195000E+02 2.169763E+00 1.135229E+01
4.204000E+02 2.170054E+00 1.134974E+01
4.213000E+02 2.170342E+00 1.134896E+01
4.222000E+02 2.170629E+00 1.134644E+01
4.231000E+02 2.170914E+00 1.134395E+01
4.240000E+02 2.171197E+00 1.134147E+01
4.249000E+02 2.171478E+00 1.133901E+01
4.258000E+02 2.171757E+00 1.133657E+01
4.267000E+02 2.172035E+00 1.133415E+01
4.276000E+02 2.172310E+00 1.133349E+01
4.285000E+02 2.172584E+00 1.133110E+01
4.294000E+02 2.172856E+00 1.132874E+01
4.303000E+02 2.173127E+00 1.132639E+01
4.312000E+02 2.173395E+00 1.132406E+01
4.321000E+02 2.173662E+00 1.132174E+01
4.330000E+02 2.173927E+00 1.131945E+01
4.339000E+02 2.174191E+00 1.131717E+01
4.348000E+02 2.174453E+00 1.131491E+01
4.357000E+02 2.174713E+00 1.131267E+01
4.366000E+02 2.174971E+00 1.131045E+01
4.375000E+02 2.175227E+00 1.130824E+01
4.384000E+02 2.175482E+00 1.130605E+01
4.393000E+02 2.175736E+00 1.130388E+01
4.402000E+02 2.175987E+00 1.130172E+01
4.411000E+02 2.176237E+00 1.129959E+01
4.420000E+02 2.176485E+00 1.129747E+01
4.429000E+02 2.176732E+00 1.129536E+01
4.438000E+02 2.176977E+00 1.129328E+01
4.447000E+02 2.177221E+00 1.129121E+01
4.456000E+02 2.177462E+00 1.128915E+01
4.465000E+02 2.177703E+00 1.128712E+01
4.474000E+02 2.177941E+00 1.128510E+01
4.483000E+02 2.178178E+00 1.128309E+01
4.492000E+02 2.178414E+00 1.128111E+01
4.501000E+02 2.178648E+00 1.127913E+01
4.510000E+02 2.178880E+00 1.127718E+01
4.519000E+02 2.179111E+00 1.127524E+01
4.528000E+02 2.179341E+00 1.127332E+01
4.537000E+02 2.179568E+00 1.127141E+01
4.546000E+02 2.179795E+00 1.126952E+01
4.555000E+02 2.180020E+00 1.126596E+01
4.564000E+02 2.180243E+00 1.126410E+01
4.573000E+02 2.180465E+00 1.126226E+01
4.582000E+02 2.180685E+00 1.126043E+01
4.591000E+02 2.180904E+00 1.125862E+01
4.600000E+02 2.181121E+00 1.125682E+01
4.609000E+02 2.181337E+00 1.125504E+01
4.618000E+02 2.181552E+00 1.125160E+01
4.627000E+02 2.181765E+00 1.124985E+01
4.636000E+02 2.181977E+00 1.124812E+01
4.645000E+02 2.182187E+00 1.124640E+01
4.654000E+02 2.182396E+00 1.124470E+01
4.663000E+02 2.182603E+00 1.124133E+01
4.672000E+02 2.182810E+00 1.123966E+01
4.681000E+02 2.183014E+00 1.123800E+01
4.690000E+02 2.183218E+00 1.123636E+01
4.699000E+02 2.183419E+00 1.123307E+01
4.708000E+02 2.183620E+00 1.123145E+01
4.717000E+02 2.183819E+00 1.122986E+01
4.726000E+02 2.184017E+00 1.122827E+01
4.735000E+02 2.184214E+00 1.122504E+01
4.744000E+02 2.184409E+00 1.122349E+01
4.753000E+02 2.184603E+00 1.122195E+01
4.762000E+02 2.184795E+00 1.122042E+01
4.771000E+02 2.184986E+00 1.121725E+01
4.780000E+02 2.185176E+00 1.121576E+01
4.789000E+02 2.185365E+00 1.121428E+01
4.798000E+02 2.185552E+00 1.121116E+01
4.807000E+02 2.185738E+00 1.120970E+01
4.816000E+02 2.185923E+00 1.120826E+01
4.825000E+02 2.186107E+00 1.120519E+01
4.834000E+02 2.186289E+00 1.120378E+01
4.843000E+02 2.186470E+00 1.120238E+01
4.852000E+02 2.186650E+00 1.119935E+01
4.861000E+02 2.186828E+00 1.119798E+01
4.870000E+02 2.187006E+00 1.119663E+01
4.879000E+02 2.187182E+00 1.119364E+01
4.888000E+02 2.187357E+00 1.119232E+01
4.897000E+02 2.187530E+00 1.118936E+01
4.906000E+02 2.187703E+00 1.118806E+01
4.915000E+02 2.187874E+00 1.118678E+01
4.924000E+02 2.188044E+00 1.118387E+01
4.933000E+02 2.188213E+00 1.118261E+01
4.942000E+02 2.188380E+00 1.117973E+01
4.951000E+02 2.188547E+00 1.117849E+01
4.960000E+02 2.188712E+00 1.117564E+01
4.969000E+02 2.188876E+00 1.117444E+01
4.978000E+02 2.189039E+00 1.117324E+01
4.987000E+02 2.189201E+00 1.117043E+01
4.996000E+02 2.189362E+00 1.116927E+01
5.005000E+02 2.189522E+00 1.116649E+01
5.014000E+02 2.189680E+00 1.116535E+01
5.023000E+02 2.189837E+00 1.116259E+01
5.032000E+02 2.189994E+00 1.116148E+01
5.041000E+02 2.190149E+00 1.115876E+01
5.050000E+02 2.190303E+00 1.115767E+01
5.059000E+02 2.190456E+00 1.115497E+01
5.068000E+02 2.190607E+00 1.115391E+01
5.077000E+02 2.190758E+00 1.115124E+01
5.086000E+02 2.190908E+00 1.115020E+01
5.095000E+02 2.191056E+00 1.114756E+01
5.104000E+02 2.191204E+00 1.114493E+01
5.113000E+02 2.191350E+00 1.114393E+01
5.122000E+02 2.191495E+00 1.114133E+01
5.131000E+02 2.191640E+00 1.114036E+01
5.140000E+02 2.191783E+00 1.113778E+01
5.149000E+02 2.191925E+00 1.113683E+01
5.158000E+02 2.192066E+00 1.113429E+01
5.167000E+02 2.192207E+00 1.113175E+01
5.176000E+02 2.192346E+00 1.113084E+01
5.185000E+02 2.192484E+00 1.112833E+01
5.194000E+02 2.192621E+00 1.112744E+01
5.203000E+02 2.192757E+00 1.112496E+01
5.212000E+02 2.192892E+00 1.112250E+01
5.221000E+02 2.193026E+00 1.112164E+01
5.230000E+02 2.193159E+00 1.111920E+01
5.239000E+02 2.193291E+00 1.111677E+01
5.248000E+02 2.193422E+00 1.111595E+01
5.257000E+02 2.193553E+00 1.111355E+01
5.266000E+02 2.193682E+00 1.111275E+01
5.275000E+02 2.193810E+00 1.111038E+01
5.284000E+02 2.193937E+00 1.110801E+01
5.293000E+02 2.194063E+00 1.110566E+01
5.302000E+02 2.194189E+00 1.110491E+01
5.311000E+02 2.194313E+00 1.110259E+01
5.320000E+02 2.194437E+00 1.110027E+01
5.329000E+02 2.194559E+00 1.109956E+01
5.338000E+02 2.194681E+00 1.109727E+01
5.347000E+02 2.194801E+00 1.109499E+01
5.356000E+02 2.194921E+00 1.109431E+01
5.365000E+02 2.195040E+00 1.109206E+01
5.374000E+02 2.195158E+00 1.108982E+01
5.383000E+02 2.195275E+00 1.108759E+01
5.392000E+02 2.195391E+00 1.108695E+01
5.401000E+02 2.195506E+00 1.108475E+01
5.410000E+02 2.195620E+00 1.108256E+01
5.419000E+02 2.195733E+00 1.108038E+01
5.428000E+02 2.195846E+00 1.107979E+01
5.437000E+02 2.195957E+00 1.107763E+01
5.446000E+02 2.196068E+00 1.107549E+01
5.455000E+02 2.196178E+00 1.107336E+01
5.464000E+02 2.196287E+00 1.107124E+01
5.473000E+02 2.196395E+00 1.107070E+01
5.482000E+02 2.196502E+00 1.106860E+01
5.491000E+02 2.196609E+00 1.106652E+01
5.500000E+02 2.196714E+00 1.106445E+01
5.509000E+02 2.196819E+00 1.106239E+01
5.518000E+02 2.196923E+00 1.106190E+01
5.527000E+02 2.197026E+00 1.105986E+01
5.536000E+02 2.197128E+00 1.105784E+01
5.545000E+02 2.197230E+00 1.105582E+01
5.554000E+02 2.197330E+00 1.105382E+01
5.563000E+02 2.197430E+00 1.105183E+01
5.572000E+02 2.197529E+00 1.105140E+01
5.581000E+02 2.197627E+00 1.104943E+01
5.590000E+02 2.197724E+00 1.104748E+01
5.599000E+02 2.197821E+00 1.104553E+01
5.608000E+02 2.197916E+00 1.104359E+01
5.617000E+02 2.198011E+00 1.104167E+01
5.626000E+02 2.198105E+00 1.103976E+01
5.635000E+02 2.198199E+00 1.103785E+01
5.644000E+02 2.198291E+00 1.103596E+01
5.653000E+02 2.198383E+00 1.103563E+01
5.662000E+02 2.198474E+00 1.103376E+01
5.671000E+02 2.198564E+00 1.103190E+01
5.680000E+02 2.198653E+00 1.103005E+01
5.689000E+02 2.198742E+00 1.102822E+01
5.698000E+02 2.198830E+00 1.102639E+01
5.707000E+02 2.198917E+00 1.102457E+01
5.716000E+02 2.199003E+00 1.102277E+01
5.725000E+02 2.199089E+00 1.102098E+01
5.734000E+02 2.199174E+00 1.101919E+01
5.743000E+02 2.199258E+00 1.101742E+01
5.752000E+02 2.199342E+00 1.101566E+01
5.761000E+02 2.199424E+00 1.101391E+01
5.770000E+02 2.199506E+00 1.101217E+01
5.779000E+02 2.199587E+00 1.101044E+01
5.788000E+02 2.199668E+00 1.100872E+01
5.797000E+02 2.199748E+00 1.100701E+01
5.806000E+02 2.199827E+00 1.100531E+01
5.815000E+02 2.199905E+00 1.100362E+01
5.824000E+02 2.199983E+00 1.100194E+01
5.833000E+02 2.200060E+00 1.100027E+01
5.842000E+02 2.200136E+00 1.099862E+01
5.851000E+02 2.200211E+00 1.099697E+01
5.860000E+02 2.200286E+00 1.099533E+01
5.869000E+02 2.200360E+00 1.099370E+01
5.878000E+02 2.200434E+00 1.099209E+01
5.887000E+02 2.200507E+00 1.099048E+01
5.896000E+02 2.200579E+00 1.098888E+01
5.905000E+02 2.200650E+00 1.098729E+01
5.914000E+02 2.200721E+00 1.098572E+01
5.923000E+02 2.200791E+00 1.098415E+01
5.932000E+02 2.200860E+00 1.098259E+01
5.941000E+02 2.200929E+00 1.098104E+01
5.950000E+02 2.200997E+00 1.097950E+01
5.959000E+02 2.201064E+00 1.097798E+01
5.968000E+02 2.201131E+00 1.097494E+01
5.977000E+02 2.201197E+00 1.097344E+01
5.986000E+02 2.201263E+00 1.097194E+01
5.995000E+02 2.201328E+00 1.097045E+01
6.004000E+02 2.201392E+00 1.096897E+01
6.013000E+02 2.201455E+00 1.096750E+01
6.022000E+02 2.201518E+00 1.096604E+01
6.031000E+02 2.201580E+00 1.096459E+01
6.040000E+02 2.201642E+00 1.096315E+01
6.049000E+02 2.201703E+00 1.096021E+01
6.058000E+02 2.201763E+00 1.095879E+01
6.067000E+02 2.201823E+00 1.095737E+01
6.076000E+02 2.201882E+00 1.095597E+01
6.085000E+02 2.201941E+00 1.095458E+01
6.094000E+02 2.201999E+00 1.095319E+01
6.103000E+02 2.202056E+00 1.095032E+01
6.112000E+02 2.202113E+00 1.094895E+01
6.121000E+02 2.202169E+00 1.094759E+01
6.130000E+02 2.202224E+00 1.094624E+01
6.139000E+02 2.202279E+00 1.094491E+01
6.148000E+02 2.202333E+00 1.094358E+01
6.157000E+02 2.202387E+00 1.094076E+01
6.166000E+02 2.202440E+00 1.093945E+01
6.175000E+02 2.202492E+00 1.093815E+01
6.184000E+02 2.202544E+00 1.093685E+01
6.193000E+02 2.202596E+00 1.093557E+01
6.202000E+02 2.202646E+00 1.093280E+01
6.211000E+02 2.202697E+00 1.093154E+01
6.220000E+02 2.202746E+00 1.093028E+01
6.229000E+02 2.202795E+00 1.092903E+01
6.238000E+02 2.202844E+00 1.092631E+01
6.247000E+02 2.202892E+00 1.092508E+01
6.256000E+02 2.202939E+00 1.092385E+01
6.265000E+02 2.202986E+00 1.092264E+01
6.274000E+02 2.203032E+00 1.091995E+01
6.283000E+02 2.203078E+00 1.091876E+01
6.292000E+02 2.203123E+00 1.091757E+01
6.301000E+02 2.203167E+00 1.091639E+01
6.310000E+02 2.203211E+00 1.091374E+01
6.319000E+02 2.203255E+00 1.091258E+01
6.328000E+02 2.203298E+00 1.091143E+01
6.337000E+02 2.203340E+00 1.090881E+01
6.346000E+02 2.203382E+00 1.090767E+01
6.355000E+02 2.203423E+00 1.090655E+01
6.364000E+02 2.203464E+00 1.090543E+01
6.373000E+02 2.203505E+00 1.090285E+01
6.382000E+02 2.203544E+00 1.090174E+01
6.391000E+02 2.203584E+00 1.090065E+01
6.400000E+02 2.203622E+00 1.089810E+01
6.409000E+02 2.203660E+00 1.089702E+01
6.418000E+02 2.203698E+00 1.089595E+01
6.427000E+02 2.203735E+00 1.089342E+01
6.436000E+02 2.203772E+00 1.089237E+01
6.445000E+02 2.203808E+00 1.089133E+01
6.454000E+02 2.203844E+00 1.088883E+01
6.463000E+02 2.203879E+00 1.088780E+01
6.472000E+02 2.203913E+00 1.088678E+01
6.481000E+02 2.203947E+00 1.088431E+01
6.490000E+02 2.203981E+00 1.088331E+01
6.499000E+02 2.204014E+00 1.088231E+01
6.508000E+02 2.204047E+00 1.087987E+01
6.517000E+02 2.204079E+00 1.087889E+01
6.526000E+02 2.204111E+00 1.087646E+01
6.535000E+02 2.204142E+00 1.087550E+01
6.544000E+02 2.204172E+00 1.087454E+01
6.553000E+02 2.204203E+00 1.087214E+01
6.562000E+02 2.204232E+00 1.087120E+01
6.571000E+02 2.204262E+00 1.086882E+01
6.580000E+02 2.204290E+00 1.086789E+01
6.589000E+02 2.204319E+00 1.086698E+01
6.598000E+02 2.204347E+00 1.086462E+01
6.607000E+02 2.204374E+00 1.086372E+01
6.616000E+02 2.204401E+00 1.086138E+01
6.625000E+02 2.204427E+00 1.086050E+01
6.634000E+02 2.204453E+00 1.085817E+01
6.643000E+02 2.204479E+00 1.085730E+01
6.652000E+02 2.204504E+00 1.085644E+01
6.661000E+02 2.204528E+00 1.085414E+01
6.670000E+02 2.204552E+00 1.085330E+01
6.679000E+02 2.204576E+00 1.085101E+01
6.688000E+02 2.204599E+00 1.085019E+01
6.697000E+02 2.204622E+00 1.084792E+01
6.706000E+02 2.204645E+00 1.084711E+01
6.715000E+02 2.204666E+00 1.084486E+01
6.724000E+02 2.204688E+00 1.084406E+01
6.733000E+02 2.204709E+00 1.084182E+01
6.742000E+02 2.204730E+00 1.084104E+01
6.751000E+02 2.204750E+00 1.083882E+01
6.760000E+02 2.204769E+00 1.083805E+01
6.769000E+02 2.204789E+00 1.083585E+01
6.778000E+02 2.204808E+00 1.083510E+01
6.787000E+02 2.204826E+00 1.083292E+01
6.796000E+02 2.204844E+00 1.083218E+01
6.805000E+02 2.204862E+00 1.083001E+01
6.814000E+02 2.204879E+00 1.082928E+01
6.823000E+02 2.204895E+00 1.082713E+01
6.832000E+02 2.204912E+00 1.082642E+01
6.841000E+02 2.204928E+00 1.082429E+01
6.850000E+02 2.204943E+00 1.082359E+01
6.859000E+02 2.204958E+00 1.082147E+01
6.868000E+02 2.204973E+00 1.082079E+01
6.877000E+02 2.204987E+00 1.081868E+01
6.886000E+02 2.205001E+00 1.081802E+01
6.895000E+02 2.205015E+00 1.081593E+01
6.904000E+02 2.205028E+00 1.081385E+01
6.913000E+02 2.205040E+00 1.081320E+01
6.922000E+02 2.205052E+00 1.081114E+01
6.931000E+02 2.205064E+00 1.081051E+01
6.940000E+02 2.205076E+00 1.080846E+01
6.949000E+02 2.205087E+00 1.080784E+01
6.958000E+02 2.205098E+00 1.080580E+01
6.967000E+02 2.205108E+00 1.080378E+01
6.976000E+02 2.205118E+00 1.080318E+01
6.985000E+02 2.205127E+00 1.080117E+01
6.994000E+02 2.205136E+00 1.080059E+01
7.003000E+02 2.205145E+00 1.079859E+01
7.012000E+02 2.205153E+00 1.079660E+01
7.021000E+02 2.205161E+00 1.079604E+01
7.030000E+02 2.205169E+00 1.079407E+01
7.039000E+02 2.205176E+00 1.079352E+01
7.048000E+02 2.205183E+00 1.079156E+01
7.057000E+02 2.205190E+00 1.078961E+01
7.066000E+02 2.205196E+00 1.078908E+01
7.075000E+02 2.205201E+00 1.078715E+01
7.084000E+02 2.205207E+00 1.078522E+01
7.093000E+02 2.205212E+00 1.078471E+01
7.102000E+02 2.205216E+00 1.078280E+01
7.111000E+02 2.205221E+00 1.078089E+01
7.120000E+02 2.205225E+00 1.078040E+01
7.129000E+02 2.205228E+00 1.077851E+01
7.138000E+02 2.205231E+00 1.077662E+01
7.147000E+02 2.205234E+00 1.077616E+01
7.156000E+02 2.205237E+00 1.077429E+01
7.165000E+02 2.205239E+00 1.077242E+01
7.174000E+02 2.205241E+00 1.077198E+01
7.183000E+02 2.205242E+00 1.077013E+01
7.192000E+02 2.205243E+00 1.076829E+01
7.201000E+02 2.205244E+00 1.076786E+01
7.210000E+02 2.205244E+00 1.076603E+01
7.219000E+02 2.205244E+00 1.076421E+01
7.228000E+02 2.205244E+00 1.076380E+01
7.237000E+02 2.205243E+00 1.076200E+01
7.246000E+02 2.205242E+00 1.076020E+01
7.255000E+02 2.205241E+00 1.075981E+01
7.264000E+02 2.205239E+00 1.075802E+01
7.273000E+02 2.205237E+00 1.075624E+01
7.282000E+02 2.205235E+00 1.075447E+01
7.291000E+02 2.205232E+00 1.075411E+01
7.300000E+02 2.205229E+00 1.075235E+01
7.309000E+02 2.205226E+00 1.075060E+01
7.318000E+02 2.205222E+00 1.074886E+01
7.327000E+02 2.205218E+00 1.074852E+01
7.336000E+02 2.205214E+00 1.074679E+01
7.345000E+02 2.205210E+00 1.074507E+01
7.354000E+02 2.205205E+00 1.074335E+01
7.363000E+02 2.205199E+00 1.074304E+01
7.372000E+02 2.205194E+00 1.074134E+01
7.381000E+02 2.205188E+00 1.073964E+01
7.390000E+02 2.205182E+00 1.073795E+01
7.399000E+02 2.205175E+00 1.073767E+01
7.408000E+02 2.205168E+00 1.073599E+01
7.417000E+02 2.205161E+00 1.073432E+01
7.426000E+02 2.205154E+00 1.073266E+01
7.435000E+02 2.205146E+00 1.073240E+01
7.444000E+02 2.205138E+00 1.073075E+01
7.453000E+02 2.205129E+00 1.072910E+01
7.462000E+02 2.205121E+00 1.072747E+01
7.471000E+02 2.205112E+00 1.072584E+01
7.480000E+02 2.205102E+00 1.072561E+01
7.489000E+02 2.205093E+00 1.072399E+01
7.498000E+02 2.205083E+00 1.072238E+01
7.507000E+02 2.205073E+00 1.072078E+01
7.516000E+02 2.205062E+00 1.071918E+01
7.525000E+02 2.205051E+00 1.071898E+01
7.534000E+02 2.205040E+00 1.071740E+01
7.543000E+02 2.205029E+00 1.071582E+01
7.552000E+02 2.205017E+00 1.071425E+01
7.561000E+02 2.205005E+00 1.071269E+01
7.570000E+02 2.204993E+00 1.071113E+01
7.579000E+02 2.204980E+00 1.071096E+01
7.588000E+02 2.204968E+00 1.070942E+01
7.597000E+02 2.204955E+00 1.070788E+01
7.606000E+02 2.204941E+00 1.070635E+01
7.615000E+02 2.204927E+00 1.070482E+01
7.624000E+02 2.204913E+00 1.070330E+01
7.633000E+02 2.204899E+00 1.070179E+01
7.642000E+02 2.204885E+00 1.070166E+01
7.651000E+02 2.204870E+00 1.070016E+01
7.660000E+02 2.204855E+00 1.069867E+01
7.669000E+02 2.204839E+00 1.069718E+01
7.678000E+02 2.204824E+00 1.069570E+01
7.687000E+02 2.204808E+00 1.069423E+01
7.696000E+02 2.204792E+00 1.069276E+01
7.705000E+02 2.204775E+00 1.069129E+01
7.714000E+02 2.204758E+00 1.069121E+01
7.723000E+02 2.204741E+00 1.068976E+01
7.732000E+02 2.204724E+00 1.068832E+01
7.741000E+02 2.204707E+00 1.068688E+01
7.750000E+02 2.204689E+00 1.068545E+01
7.759000E+02 2.204671E+00 1.068402E+01
7.768000E+02 2.204652E+00 1.068260E+01
7.777000E+02 2.204634E+00 1.068119E+01
7.786000E+02 2.204615E+00 1.067978E+01
7.795000E+02 2.204596E+00 1.067838E+01
7.804000E+02 2.204577E+00 1.067698E+01
7.813000E+02 2.204557E+00 1.067696E+01
7.822000E+02 2.204537E+00 1.067558E+01
7.831000E+02 2.204517E+00 1.067420E+01
7.840000E+02 2.204497E+00 1.067283E+01
7.849000E+02 2.204476E+00 1.067146E+01
7.858000E+02 2.204455E+00 1.067010E+01
7.867000E+02 2.204434E+00 1.066875E+01
7.876000E+02 2.204412E+00 1.066740E+01
7.885000E+02 2.204391E+00 1.066606E+01
7.894000E+02 2.204369E+00 1.066472E+01
7.903000E+02 2.204347E+00 1.066339E+01
7.912000E+02 2.204324E+00 1.066207E+01
7.921000E+02 2.204302E+00 1.066075E+01
7.930000E+02 2.204279E+00 1.065944E+01
7.939000E+02 2.204256E+00 1.065813E+01
7.948000E+02 2.204232E+00 1.065683E+01
7.957000E+02 2.204209E+00 1.065554E+01
7.966000E+02 2.204185E+00 1.065425E+01
7.975000E+02 2.204161E+00 1.065296E+01
7.984000E+02 2.204137E+00 1.065169E+01
7.993000E+02 2.204112E+00 1.065041E+01
8.002000E+02 2.204087E+00 1.064915E+01
8.011000E+02 2.204062E+00 1.064789E+01
8.020000E+02 2.204037E+00 1.064663E+01
8.029000E+02 2.204011E+00 1.064538E+01
8.038000E+02 2.203986E+00 1.064414E+01
8.047000E+02 2.203960E+00 1.064290E+01
8.056000E+02 2.203934E+00 1.064167E+01
8.065000E+02 2.203907E+00 1.064044E+01
8.074000E+02 2.203881E+00 1.063922E+01
8.083000E+02 2.203854E+00 1.063801E+01
8.092000E+02 2.203827E+00 1.063680E+01
8.101000E+02 2.203799E+00 1.063559E+01
8.110000E+02 2.203772E+00 1.063439E+01
8.119000E+02 2.203744E+00 1.063320E+01
8.128000E+02 2.203716E+00 1.063201E+01
8.137000E+02 2.203688E+00 1.063083E+01
8.146000E+02 2.203659E+00 1.062965E+01
8.155000E+02 2.203631E+00 1.062848E+01
8.164000E+02 2.203602E+00 1.062732E+01
8.173000E+02 2.203573E+00 1.062615E+01
8.182000E+02 2.203544E+00 1.062500E+01
8.191000E+02 2.203514E+00 1.062385E+01
8.200000E+02 2.203484E+00 1.062271E+01
8.209000E+02 2.203454E+00 1.062022E+01
8.218000E+02 2.203424E+00 1.061909E+01
8.227000E+02 2.203394E+00 1.061796E+01
8.236000E+02 2.203363E+00 1.061684E+01
8.245000E+02 2.203333E+00 1.061572E+01
8.254000E+02 2.203302E+00 1.061461E+01
8.263000E+02 2.203270E+00 1.061350E+01
8.272000E+02 2.203239E+00 1.061240E+01
8.281000E+02 2.203207E+00 1.061131E+01
8.290000E+02 2.203176E+00 1.061022E+01
8.299000E+02 2.203144E+00 1.060913E+01
8.308000E+02 2.203111E+00 1.060805E+01
8.317000E+02 2.203079E+00 1.060564E+01
8.326000E+02 2.203046E+00 1.060457E+01
8.335000E+02 2.203013E+00 1.060351E+01
8.344000E+02 2.202980E+00 1.060245E+01
8.353000E+02 2.202947E+00 1.060139E+01
8.362000E+02 2.202914E+00 1.060034E+01
8.371000E+02 2.202880E+00 1.059930E+01
8.380000E+02 2.202846E+00 1.059826E+01
8.389000E+02 2.202812E+00 1.059590E+01
8.398000E+02 2.202778E+00 1.059487E+01
8.407000E+02 2.202744E+00 1.059385E+01
8.416000E+02 2.202709E+00 1.059283E+01
8.425000E+02 2.202674E+00 1.059182E+01
8.434000E+02 2.202639E+00 1.059081E+01
8.443000E+02 2.202604E+00 1.058981E+01
8.452000E+02 2.202569E+00 1.058748E+01
8.461000E+02 2.202533E+00 1.058649E+01
8.470000E+02 2.202498E+00 1.058550E+01
8.479000E+02 2.202462E+00 1.058452E+01
8.488000E+02 2.202425E+00 1.058354E+01
8.497000E+02 2.202389E+00 1.058257E+01
8.506000E+02 2.202353E+00 1.058160E+01
8.515000E+02 2.202316E+00 1.057931E+01
8.524000E+02 2.202279E+00 1.057836E+01
8.533000E+02 2.202242E+00 1.057740E+01
8.542000E+02 2.202205E+00 1.057646E+01
8.551000E+02 2.202168E+00 1.057551E+01
8.560000E+02 2.202130E+00 1.057325E+01
8.569000E+02 2.202092E+00 1.057232E+01
8.578000E+02 2.202054E+00 1.057139E+01
8.587000E+02 2.202016E+00 1.057047E+01
8.596000E+02 2.201978E+00 1.056955E+01
8.605000E+02 2.201939E+00 1.056864E+01
8.614000E+02 2.201901E+00 1.056641E+01
8.623000E+02 2.201862E+00 1.056551E+01
8.632000E+02 2.201823E+00 1.056461E+01
8.641000E+02 2.201784E+00 1.056372E+01
8.650000E+02 2.201744E+00 1.056151E+01
8.659000E+02 2.201705E+00 1.056063E+01
8.668000E+02 2.201665E+00 1.055975E+01
8.677000E+02 2.201625E+00 1.055887E+01
8.686000E+02 2.201585E+00 1.055801E+01
8.695000E+02 2.201545E+00 1.055582E+01
8.704000E+02 2.201505E+00 1.055496E+01
8.713000E+02 2.201464E+00 1.055411E+01
8.722000E+02 2.201423E+00 1.055326E+01
8.731000E+02 2.201383E+00 1.055110E+01
8.740000E+02 2.201342E+00 1.055026E+01
8.749000E+02 2.201300E+00 1.054942E+01
8.758000E+02 2.201259E+00 1.054859E+01
8.767000E+02 2.201217E+00 1.054645E+01
8.776000E+02 2.201176E+00 1.054563E+01
8.785000E+02 2.201134E+00 1.054481E+01
8.794000E+02 2.201092E+00 1.054400E+01
8.803000E+02 2.201050E+00 1.054188E+01
8.812000E+02 2.201007E+00 1.054108E+01
8.821000E+02 2.200965E+00 1.054028E+01
8.830000E+02 2.200922E+00 1.053949E+01
8.839000E+02 2.200879E+00 1.053739E+01
8.848000E+02 2.200836E+00 1.053660E+01
8.857000E+02 2.200793E+00 1.053582E+01
8.866000E+02 2.200750E+00 1.053505E+01
8.875000E+02 2.200706E+00 1.053297E+01
8.884000E+02 2.200663E+00 1.053220E+01
8.893000E+02 2.200619E+00 1.053144E+01
8.902000E+02 2.200575E+00 1.052938E+01
8.911000E+02 2.200531E+00 1.052863E+01
8.920000E+02 2.200487E+00 1.052788E+01
8.929000E+02 2.200443E+00 1.052713E+01
8.938000E+02 2.200398E+00 1.052509E+01
8.947000E+02 2.200353E+00 1.052436E+01
8.956000E+02 2.200308E+00 1.052363E+01
8.965000E+02 2.200264E+00 1.052160E+01
8.974000E+02 2.200218E+00 1.052087E+01
8.983000E+02 2.200173E+00 1.052016E+01
8.992000E+02 2.200128E+00 1.051814E+01
9.001000E+02 2.200082E+00 1.051744E+01
9.010000E+02 2.200036E+00 1.051673E+01
9.019000E+02 2.199991E+00 1.051473E+01
9.028000E+02 2.199945E+00 1.051404E+01
9.037000E+02 2.199898E+00 1.051335E+01
9.046000E+02 2.199852E+00 1.051136E+01
9.055000E+02 2.199806E+00 1.051068E+01
9.064000E+02 2.199759E+00 1.051001E+01
9.073000E+02 2.199712E+00 1.050803E+01
9.082000E+02 2.199666E+00 1.050737E+01
9.091000E+02 2.199619E+00 1.050670E+01
9.100000E+02 2.199571E+00 1.050475E+01
9.109000E+02 2.199524E+00 1.050409E+01
9.118000E+02 2.199477E+00 1.050344E+01
9.127000E+02 2.199429E+00 1.050150E+01
9.136000E+02 2.199381E+00 1.050086E+01
9.145000E+02 2.199334E+00 1.050022E+01
9.154000E+02 2.199286E+00 1.049829E+01
9.163000E+02 2.199238E+00 1.049766E+01
9.172000E+02 2.199189E+00 1.049574E+01
9.181000E+02 2.199141E+00 1.049512E+01
9.190000E+02 2.199092E+00 1.049450E+01
9.199000E+02 2.199044E+00 1.049260E+01
9.208000E+02 2.198995E+00 1.049199E+01
9.217000E+02 2.198946E+00 1.049139E+01
9.226000E+02 2.198897E+00 1.048950E+01
9.235000E+02 2.198848E+00 1.048890E+01
9.244000E+02 2.198799E+00 1.048702E+01
9.253000E+02 2.198749E+00 1.048643E+01
9.262000E+02 2.198700E+00 1.048585E+01
9.271000E+02 2.198650E+00 1.048398E+01
9.280000E+02 2.198600E+00 1.048341E+01
9.289000E+02 2.198550E+00 1.048155E+01
9.298000E+02 2.198500E+00 1.048098E+01
9.307000E+02 2.198450E+00 1.048042E+01
9.316000E+02 2.198399E+00 1.047858E+01
9.325000E+02 2.198349E+00 1.047802E+01
9.334000E+02 2.198298E+00 1.047619E+01
9.343000E+02 2.198248E+00 1.047564E+01
9.352000E+02 2.198197E+00 1.047510E+01
9.361000E+02 2.198146E+00 1.047328E+01
9.370000E+02 2.198095E+00 1.047274E+01
9.379000E+02 2.198044E+00 1.047093E+01
9.388000E+02 2.197992E+00 1.047040E+01
9.397000E+02 2.197941E+00 1.046860E+01
9.406000E+02 2.197889E+00 1.046808E+01
9.415000E+02 2.197838E+00 1.046757E+01
9.424000E+02 2.197786E+00 1.046578E+01
9.433000E+02 2.197734E+00 1.046527E+01
9.442000E+02 2.197682E+00 1.046349E+01
9.451000E+02 2.197630E+00 1.046299E+01
9.460000E+02 2.197577E+00 1.046122E+01
9.469000E+02 2.197525E+00 1.046073E+01
9.478000E+02 2.197472E+00 1.045896E+01
9.487000E+02 2.197420E+00 1.045848E+01
9.496000E+02 2.197367E+00 1.045801E+01
9.505000E+02 2.197314E+00 1.045625E+01
9.514000E+02 2.197261E+00 1.045579E+01
9.523000E+02 2.197208E+00 1.045404E+01
9.532000E+02 2.197155E+00 1.045358E+01
9.541000E+02 2.197101E+00 1.045185E+01
9.550000E+02 2.197048E+00 1.045139E+01
9.559000E+02 2.196994E+00 1.044967E+01
9.568000E+02 2.196941E+00 1.044922E+01
9.577000E+02 2.196887E+00 1.044750E+01
9.586000E+02 2.196833E+00 1.044707E+01
9.595000E+02 2.196779E+00 1.044536E+01
9.604000E+02 2.196725E+00 1.044493E+01
9.613000E+02 2.196671E+00 1.044323E+01
9.622000E+02 2.196616E+00 1.044280E+01
9.631000E+02 2.196562E+00 1.044111E+01
9.640000E+02 2.196507E+00 1.044070E+01
9.649000E+02 2.196453E+00 1.043901E+01
9.658000E+02 2.196398E+00 1.043861E+01
9.667000E+02 2.196343E+00 1.043693E+01
9.676000E+02 2.196288E+00 1.043653E+01
9.685000E+02 2.196233E+00 1.043486E+01
9.694000E+02 2.196178E+00 1.043447E+01
9.703000E+02 2.196122E+00 1.043281E+01
9.712000E+02 2.196067E+00 1.043243E+01
9.721000E+02 2.196011E+00 1.043078E+01
9.730000E+02 2.195956E+00 1.043040E+01
9.739000E+02 2.195900E+00 1.042876E+01
9.748000E+02 2.195844E+00 1.042839E+01
9.757000E+02 2.195788E+00 1.042676E+01
9.766000E+02 2.195732E+00 1.042640E+01
9.775000E+02 2.195676E+00 1.042477E+01
9.784000E+02 2.195620E+00 1.042442E+01
9.793000E+02 2.195564E+00 1.042280E+01
9.802000E+02 2.195507E+00 1.042118E+01
9.811000E+02 2.195451E+00 1.042084E+01
9.820000E+02 2.195394E+00 1.041924E+01
9.829000E+02 2.195337E+00 1.041890E+01
9.838000E+02 2.195280E+00 1.041730E+01
9.847000E+02 2.195223E+00 1.041697E+01
9.856000E+02 2.195166E+00 1.041539E+01
9.865000E+02 2.195109E+00 1.041506E+01
9.874000E+02 2.195052E+00 1.041348E+01
9.883000E+02 2.194995E+00 1.041317E+01
9.892000E+02 2.194937E+00 1.041160E+01
9.901000E+02 2.194880E+00 1.041003E+01
9.910000E+02 2.194822E+00 1.040972E+01
9.919000E+02 2.194764E+00 1.040816E+01
9.928000E+02 2.194707E+00 1.040787E+01
9.937000E+02 2.194649E+00 1.040631E+01
9.946000E+02 2.194591E+00 1.040603E+01
9.955000E+02 2.194533E+00 1.040448E+01
9.964000E+02 2.194474E+00 1.040294E+01
9.973000E+02 2.194416E+00 1.040266E+01
9.982000E+02 2.194358E+00 1.040113E+01
9.991000E+02 2.194299E+00 1.040086E+01
