1.000000E+00 NAN NAN
1.099000E+00 1.242090E-01 2.271872E+01
1.198000E+00 1.294711E-01 1.959405E+01
1.297000E+00 1.347169E-01 1.839798E+01
1.396000E+00 1.399368E-01 1.775720E+01
1.495000E+00 1.451235E-01 1.724244E+01
1.594000E+00 1.502728E-01 1.670064E+01
1.693000E+00 1.553823E-01 1.636632E+01
1.792000E+00 1.604498E-01 1.598488E+01
1.891000E+00 1.654744E-01 1.566420E+01
1.990000E+00 1.704557E-01 1.539272E+01
2.089000E+00 1.753935E-01 1.516161E+01
2.188000E+00 1.802878E-01 1.496404E+01
2.287000E+00 1.851389E-01 1.471788E+01
2.386000E+00 1.899474E-01 1.457576E+01
2.485000E+00 1.947136E-01 1.438414E+01
2.584000E+00 1.994384E-01 1.421573E+01
2.683000E+00 2.041225E-01 1.413042E+01
2.782000E+00 2.087663E-01 1.399657E+01
2.881000E+00 2.133706E-01 1.387802E+01
2.980000E+00 2.179362E-01 1.377287E+01
3.079000E+00 2.224639E-01 1.367950E+01
3.178000E+00 2.269543E-01 1.359657E+01
3.277000E+00 2.314080E-01 1.347228E+01
3.376000E+00 2.358260E-01 1.340838E+01
3.475000E+00 2.402088E-01 1.335177E+01
3.574000E+00 2.445570E-01 1.325554E+01
3.673000E+00 2.488716E-01 1.321256E+01
3.772000E+00 2.531529E-01 1.313119E+01
3.871000E+00 2.574018E-01 1.309926E+01
3.970000E+00 2.616187E-01 1.303013E+01
4.069000E+00 2.658043E-01 1.300727E+01
4.168000E+00 2.699592E-01 1.294833E+01
4.267000E+00 2.740838E-01 1.289436E+01
4.366000E+00 2.781789E-01 1.284491E+01
4.465000E+00 2.822448E-01 1.279963E+01
4.564000E+00 2.862823E-01 1.279424E+01
4.663000E+00 2.902916E-01 1.275555E+01
4.762000E+00 2.942733E-01 1.272016E+01
4.861000E+00 2.982280E-01 1.268782E+01
4.960000E+00 3.021560E-01 1.265830E+01
5.059000E+00 3.060578E-01 1.263141E+01
5.158000E+00 3.099338E-01 1.257483E+01
5.257000E+00 3.137845E-01 1.255320E+01
5.356000E+00 3.176103E-01 1.253365E+01
5.455000E+00 3.214115E-01 1.251606E+01
5.554000E+00 3.251887E-01 1.250029E+01
5.653000E+00 3.289420E-01 1.245671E+01
5.752000E+00 3.326720E-01 1.244468E+01
5.851000E+00 3.363790E-01 1.243414E+01
5.950000E+00 3.400632E-01 1.239680E+01
6.049000E+00 3.437251E-01 1.238934E+01
6.148000E+00 3.473650E-01 1.238311E+01
6.247000E+00 3.509832E-01 1.235100E+01
6.346000E+00 3.545800E-01 1.234733E+01
6.445000E+00 3.581558E-01 1.231839E+01
6.544000E+00 3.617108E-01 1.231699E+01
6.643000E+00 3.652453E-01 1.229088E+01
6.742000E+00 3.687596E-01 1.226627E+01
6.841000E+00 3.722540E-01 1.226795E+01
6.940000E+00 3.757287E-01 1.224574E+01
7.039000E+00 3.791840E-01 1.224912E+01
7.138000E+00 3.826202E-01 1.222909E+01
7.237000E+00 3.860375E-01 1.221022E+01
7.336000E+00 3.894362E-01 1.221593E+01
7.435000E+00 3.928164E-01 1.219894E+01
7.534000E+00 3.961785E-01 1.218295E+01
7.633000E+00 3.995228E-01 1.216793E+01
7.732000E+00 4.028493E-01 1.215382E+01
7.831000E+00 4.061583E-01 1.216279E+01
7.930000E+00 4.094501E-01 1.215015E+01
8.029000E+00 4.127247E-01 1.213831E+01
8.128000E+00 4.159825E-01 1.212724E+01
8.227000E+00 4.192237E-01 1.211691E+01
8.326000E+00 4.224484E-01 1.210728E+01
8.425000E+00 4.256568E-01 1.209832E+01
8.524000E+00 4.288491E-01 1.209000E+01
8.623000E+00 4.320256E-01 1.208230E+01
8.722000E+00 4.351863E-01 1.207519E+01
8.821000E+00 4.383315E-01 1.206865E+01
8.920000E+00 4.414613E-01 1.206265E+01
9.019000E+00 4.445760E-01 1.205718E+01
9.118000E+00 4.476757E-01 1.205220E+01
9.217000E+00 4.507604E-01 1.204771E+01
9.316000E+00 4.538305E-01 1.204368E+01
9.415000E+00 4.568861E-01 1.204009E+01
9.514000E+00 4.599272E-01 1.203693E+01
9.613000E+00 4.629542E-01 1.203419E+01
9.712000E+00 4.659670E-01 1.203184E+01
9.811000E+00 4.689659E-01 1.202987E+01
9.910000E+00 4.719510E-01 1.200994E+01
1.000900E+01 4.749225E-01 1.200883E+01
1.010800E+01 4.778804E-01 1.200806E+01
1.020700E+01 4.808250E-01 1.200762E+01
1.030600E+01 4.837563E-01 1.200749E+01
1.040500E+01 4.866745E-01 1.199003E+01
1.050400E+01 4.895797E-01 1.199062E+01
1.060300E+01 4.924721E-01 1.199150E+01
1.070200E+01 4.953516E-01 1.197540E+01
1.080100E+01 4.982186E-01 1.197692E+01
1.090000E+01 5.010731E-01 1.197868E+01
1.099900E+01 5.039153E-01 1.198070E+01
1.109800E+01 5.067451E-01 1.196618E+01
1.119700E+01 5.095629E-01 1.196875E+01
1.129600E+01 5.123686E-01 1.197155E+01
1.139500E+01 5.151624E-01 1.195812E+01
1.149400E+01 5.179444E-01 1.196143E+01
1.159300E+01 5.207147E-01 1.194873E+01
1.169200E+01 5.234734E-01 1.195251E+01
1.179100E+01 5.262206E-01 1.195648E+01
1.189000E+01 5.289564E-01 1.194472E+01
1.198900E+01 5.316809E-01 1.194912E+01
1.208800E+01 5.343943E-01 1.193799E+01
1.218700E+01 5.370965E-01 1.194279E+01
1.228600E+01 5.397878E-01 1.193225E+01
1.238500E+01 5.424681E-01 1.193744E+01
1.248400E+01 5.451377E-01 1.192745E+01
1.258300E+01 5.477966E-01 1.193300E+01
1.268200E+01 5.504448E-01 1.192354E+01
1.278100E+01 5.530825E-01 1.192942E+01
1.288000E+01 5.557098E-01 1.192047E+01
1.297900E+01 5.583267E-01 1.192666E+01
1.307800E+01 5.609333E-01 1.191819E+01
1.317700E+01 5.635297E-01 1.192468E+01
1.327600E+01 5.661161E-01 1.191665E+01
1.337500E+01 5.686924E-01 1.190889E+01
1.347400E+01 5.712588E-01 1.191582E+01
1.357300E+01 5.738153E-01 1.190848E+01
1.367200E+01 5.763620E-01 1.191567E+01
1.377100E+01 5.788990E-01 1.190872E+01
1.387000E+01 5.814264E-01 1.190200E+01
1.396900E+01 5.839443E-01 1.190957E+01
1.406800E+01 5.864527E-01 1.190322E+01
1.416700E+01 5.889517E-01 1.189709E+01
1.426600E+01 5.914413E-01 1.190501E+01
1.436500E+01 5.939217E-01 1.189922E+01
1.446400E+01 5.963929E-01 1.189363E+01
1.456300E+01 5.988550E-01 1.190187E+01
1.466200E+01 6.013080E-01 1.189660E+01
1.476100E+01 6.037521E-01 1.189152E+01
1.486000E+01 6.061872E-01 1.190005E+01
1.495900E+01 6.086135E-01 1.189526E+01
1.505800E+01 6.110310E-01 1.189065E+01
1.515700E+01 6.134398E-01 1.188621E+01
1.525600E+01 6.158399E-01 1.189511E+01
1.535500E+01 6.182315E-01 1.189094E+01
1.545400E+01 6.206145E-01 1.188693E+01
1.555300E+01 6.229891E-01 1.188308E+01
1.565200E+01 6.253552E-01 1.189231E+01
1.575100E+01 6.277131E-01 1.188871E+01
1.585000E+01 6.300626E-01 1.188525E+01
1.594900E+01 6.324039E-01 1.188193E+01
1.604800E+01 6.347370E-01 1.187876E+01
1.614700E+01 6.370620E-01 1.187573E+01
1.624600E+01 6.393790E-01 1.188541E+01
1.634500E+01 6.416879E-01 1.188259E+01
1.644400E+01 6.439889E-01 1.187990E+01
1.654300E+01 6.462820E-01 1.187734E+01
1.664200E+01 6.485673E-01 1.187490E+01
1.674100E+01 6.508448E-01 1.187259E+01
1.684000E+01 6.531145E-01 1.187040E+01
1.693900E+01 6.553766E-01 1.188052E+01
1.703800E+01 6.576311E-01 1.187851E+01
1.713700E+01 6.598780E-01 1.187661E+01
1.723600E+01 6.621174E-01 1.187482E+01
1.733500E+01 6.643493E-01 1.187314E+01
1.743400E+01 6.665737E-01 1.187157E+01
1.753300E+01 6.687908E-01 1.187010E+01
1.763200E+01 6.710006E-01 1.186873E+01
1.773100E+01 6.732031E-01 1.186746E+01
1.783000E+01 6.753984E-01 1.186629E+01
1.792900E+01 6.775865E-01 1.186522E+01
1.802800E+01 6.797675E-01 1.186424E+01
1.812700E+01 6.819413E-01 1.186336E+01
1.822600E+01 6.841081E-01 1.187414E+01
1.832500E+01 6.862680E-01 1.187339E+01
1.842400E+01 6.884208E-01 1.187272E+01
1.852300E+01 6.905667E-01 1.187214E+01
1.862200E+01 6.927058E-01 1.187165E+01
1.872100E+01 6.948380E-01 1.187124E+01
1.882000E+01 6.969635E-01 1.187091E+01
1.891900E+01 6.990822E-01 1.187066E+01
1.901800E+01 7.011942E-01 1.187049E+01
1.911700E+01 7.032995E-01 1.185920E+01
1.921600E+01 7.053983E-01 1.185922E+01
1.931500E+01 7.074904E-01 1.185932E+01
1.941400E+01 7.095760E-01 1.185948E+01
1.951300E+01 7.116551E-01 1.185972E+01
1.961200E+01 7.137277E-01 1.186002E+01
1.971100E+01 7.157939E-01 1.186040E+01
1.981000E+01 7.178537E-01 1.186084E+01
1.990900E+01 7.199072E-01 1.186134E+01
2.000800E+01 7.219544E-01 1.186191E+01
2.010700E+01 7.239953E-01 1.186254E+01
2.020600E+01 7.260299E-01 1.186324E+01
2.030500E+01 7.280584E-01 1.186400E+01
2.040400E+01 7.300806E-01 1.186481E+01
2.050300E+01 7.320968E-01 1.185504E+01
2.060200E+01 7.341069E-01 1.185601E+01
2.070100E+01 7.361109E-01 1.185703E+01
2.080000E+01 7.381089E-01 1.185811E+01
2.089900E+01 7.401009E-01 1.185925E+01
2.099800E+01 7.420870E-01 1.186043E+01
2.109700E+01 7.440671E-01 1.186167E+01
2.119600E+01 7.460414E-01 1.186297E+01
2.129500E+01 7.480098E-01 1.185395E+01
2.139400E+01 7.499724E-01 1.185537E+01
2.149300E+01 7.519292E-01 1.185684E+01
2.159200E+01 7.538803E-01 1.185836E+01
2.169100E+01 7.558256E-01 1.185993E+01
2.179000E+01 7.577652E-01 1.186155E+01
2.188900E+01 7.596992E-01 1.185304E+01
2.198800E+01 7.616276E-01 1.185478E+01
2.208700E+01 7.635504E-01 1.185655E+01
2.218600E+01 7.654676E-01 1.185838E+01
2.228500E+01 7.673792E-01 1.186024E+01
2.238400E+01 7.692854E-01 1.185214E+01
2.248300E+01 7.711861E-01 1.185411E+01
2.258200E+01 7.730813E-01 1.185613E+01
2.268100E+01 7.749711E-01 1.185818E+01
2.278000E+01 7.768555E-01 1.186028E+01
2.287900E+01 7.787346E-01 1.185255E+01
2.297800E+01 7.806083E-01 1.185475E+01
2.307700E+01 7.824768E-01 1.185698E+01
2.317600E+01 7.843400E-01 1.185925E+01
2.327500E+01 7.861979E-01 1.185182E+01
2.337400E+01 7.880506E-01 1.185418E+01
2.347300E+01 7.898981E-01 1.185658E+01
2.357200E+01 7.917405E-01 1.185902E+01
2.367100E+01 7.935777E-01 1.185185E+01
2.377000E+01 7.954098E-01 1.185438E+01
2.386900E+01 7.972368E-01 1.185693E+01
2.396800E+01 7.990588E-01 1.184998E+01
2.406700E+01 8.008757E-01 1.185262E+01
2.416600E+01 8.026877E-01 1.185530E+01
2.426500E+01 8.044946E-01 1.185800E+01
2.436400E+01 8.062966E-01 1.185129E+01
2.446300E+01 8.080937E-01 1.185408E+01
2.456200E+01 8.098859E-01 1.185689E+01
2.466100E+01 8.116731E-01 1.185037E+01
2.476000E+01 8.134556E-01 1.185326E+01
2.485900E+01 8.152332E-01 1.185618E+01
2.495800E+01 8.170060E-01 1.184985E+01
2.505700E+01 8.187740E-01 1.185284E+01
2.515600E+01 8.205372E-01 1.185585E+01
2.525500E+01 8.222957E-01 1.184969E+01
2.535400E+01 8.240495E-01 1.185278E+01
2.545300E+01 8.257987E-01 1.185589E+01
2.555200E+01 8.275431E-01 1.184990E+01
2.565100E+01 8.292829E-01 1.185308E+01
2.575000E+01 8.310181E-01 1.185628E+01
2.584900E+01 8.327487E-01 1.185045E+01
2.594800E+01 8.344747E-01 1.185372E+01
2.604700E+01 8.361962E-01 1.185701E+01
2.614600E+01 8.379131E-01 1.185133E+01
2.624500E+01 8.396256E-01 1.185468E+01
2.634400E+01 8.413335E-01 1.184911E+01
2.644300E+01 8.430370E-01 1.185252E+01
2.654200E+01 8.447360E-01 1.185596E+01
2.664100E+01 8.464306E-01 1.185054E+01
2.674000E+01 8.481208E-01 1.185403E+01
2.683900E+01 8.498066E-01 1.184871E+01
2.693800E+01 8.514881E-01 1.185226E+01
2.703700E+01 8.531652E-01 1.185582E+01
2.713600E+01 8.548380E-01 1.185064E+01
2.723500E+01 8.565065E-01 1.185426E+01
2.733400E+01 8.581707E-01 1.184918E+01
2.743300E+01 8.598306E-01 1.185285E+01
2.753200E+01 8.614864E-01 1.184786E+01
2.763100E+01 8.631379E-01 1.185158E+01
2.773000E+01 8.647852E-01 1.185532E+01
2.782900E+01 8.664283E-01 1.185046E+01
2.792800E+01 8.680672E-01 1.185425E+01
2.802700E+01 8.697020E-01 1.184948E+01
2.812600E+01 8.713327E-01 1.185331E+01
2.822500E+01 8.729593E-01 1.184863E+01
2.832400E+01 8.745818E-01 1.185251E+01
2.842300E+01 8.762002E-01 1.184792E+01
2.852200E+01 8.778146E-01 1.185184E+01
2.862100E+01 8.794249E-01 1.184733E+01
2.872000E+01 8.810313E-01 1.185130E+01
2.881900E+01 8.826336E-01 1.185528E+01
2.891800E+01 8.842320E-01 1.185088E+01
2.901700E+01 8.858264E-01 1.185491E+01
2.911600E+01 8.874168E-01 1.185059E+01
2.921500E+01 8.890033E-01 1.185465E+01
2.931400E+01 8.905859E-01 1.185041E+01
2.941300E+01 8.921647E-01 1.185451E+01
2.951200E+01 8.937395E-01 1.185035E+01
2.961100E+01 8.953105E-01 1.185449E+01
2.971000E+01 8.968777E-01 1.185040E+01
2.980900E+01 8.984410E-01 1.185458E+01
2.990800E+01 9.000005E-01 1.185056E+01
3.000700E+01 9.015563E-01 1.185478E+01
3.010600E+01 9.031082E-01 1.185083E+01
3.020500E+01 9.046564E-01 1.184694E+01
3.030400E+01 9.062009E-01 1.185121E+01
3.040300E+01 9.077416E-01 1.184738E+01
3.050200E+01 9.092787E-01 1.185169E+01
3.060100E+01 9.108120E-01 1.184793E+01
3.070000E+01 9.123417E-01 1.185227E+01
3.079900E+01 9.138677E-01 1.184857E+01
3.089800E+01 9.153900E-01 1.185295E+01
3.099700E+01 9.169087E-01 1.184932E+01
3.109600E+01 9.184239E-01 1.185372E+01
3.119500E+01 9.199354E-01 1.185016E+01
3.129400E+01 9.214433E-01 1.184663E+01
3.139300E+01 9.229477E-01 1.185109E+01
3.149200E+01 9.244485E-01 1.184763E+01
3.159100E+01 9.259458E-01 1.185211E+01
3.169000E+01 9.274395E-01 1.184871E+01
3.178900E+01 9.289298E-01 1.185322E+01
3.188800E+01 9.304165E-01 1.184988E+01
3.198700E+01 9.318998E-01 1.184658E+01
3.208600E+01 9.333796E-01 1.185113E+01
3.218500E+01 9.348559E-01 1.184789E+01
3.228400E+01 9.363288E-01 1.185247E+01
3.238300E+01 9.377983E-01 1.184928E+01
3.248200E+01 9.392644E-01 1.184613E+01
3.258100E+01 9.407270E-01 1.185076E+01
3.268000E+01 9.421863E-01 1.184766E+01
3.277900E+01 9.436423E-01 1.185231E+01
3.287800E+01 9.450948E-01 1.184927E+01
3.297700E+01 9.465441E-01 1.184627E+01
3.307600E+01 9.479900E-01 1.185096E+01
3.317500E+01 9.494326E-01 1.184800E+01
3.327400E+01 9.508718E-01 1.185272E+01
3.337300E+01 9.523078E-01 1.184981E+01
3.347200E+01 9.537406E-01 1.184694E+01
3.357100E+01 9.551700E-01 1.185169E+01
3.367000E+01 9.565962E-01 1.184887E+01
3.376900E+01 9.580192E-01 1.184609E+01
3.386800E+01 9.594390E-01 1.185088E+01
3.396700E+01 9.608555E-01 1.184814E+01
3.406600E+01 9.622689E-01 1.184543E+01
3.416500E+01 9.636790E-01 1.185025E+01
3.426400E+01 9.650860E-01 1.184759E+01
3.436300E+01 9.664899E-01 1.185244E+01
3.446200E+01 9.678905E-01 1.184982E+01
3.456100E+01 9.692881E-01 1.184724E+01
3.466000E+01 9.706825E-01 1.185212E+01
3.475900E+01 9.720738E-01 1.184958E+01
3.485800E+01 9.734621E-01 1.184707E+01
3.495700E+01 9.748472E-01 1.185198E+01
3.505600E+01 9.762292E-01 1.184951E+01
3.515500E+01 9.776082E-01 1.184707E+01
3.525400E+01 9.789842E-01 1.185201E+01
3.535300E+01 9.803571E-01 1.184962E+01
3.545200E+01 9.817270E-01 1.184725E+01
3.555100E+01 9.830938E-01 1.184492E+01
3.565000E+01 9.844577E-01 1.184989E+01
3.574900E+01 9.858186E-01 1.184760E+01
3.584800E+01 9.871764E-01 1.184533E+01
3.594700E+01 9.885314E-01 1.185033E+01
3.604600E+01 9.898833E-01 1.184810E+01
3.614500E+01 9.912323E-01 1.184590E+01
3.624400E+01 9.925784E-01 1.185093E+01
3.634300E+01 9.939215E-01 1.184877E+01
3.644200E+01 9.952618E-01 1.184663E+01
3.654100E+01 9.965991E-01 1.184452E+01
3.664000E+01 9.979336E-01 1.184959E+01
3.673900E+01 9.992651E-01 1.184751E+01
3.683800E+01 1.000594E+00 1.184546E+01
3.693700E+01 1.001920E+00 1.185055E+01
3.703600E+01 1.003243E+00 1.184854E+01
3.713500E+01 1.004563E+00 1.184655E+01
3.723400E+01 1.005880E+00 1.184458E+01
3.733300E+01 1.007195E+00 1.184971E+01
3.743200E+01 1.008506E+00 1.184778E+01
3.753100E+01 1.009815E+00 1.184587E+01
3.763000E+01 1.011121E+00 1.184398E+01
3.772900E+01 1.012425E+00 1.184914E+01
3.782800E+01 1.013725E+00 1.184729E+01
3.792700E+01 1.015023E+00 1.184546E+01
3.802600E+01 1.016318E+00 1.184366E+01
3.812500E+01 1.017610E+00 1.184885E+01
3.822400E+01 1.018900E+00 1.184708E+01
3.832300E+01 1.020187E+00 1.184532E+01
3.842200E+01 1.021471E+00 1.184360E+01
3.852100E+01 1.022752E+00 1.184881E+01
3.862000E+01 1.024031E+00 1.184712E+01
3.871900E+01 1.025307E+00 1.184544E+01
3.881800E+01 1.026581E+00 1.184379E+01
3.891700E+01 1.027851E+00 1.184903E+01
3.901600E+01 1.029120E+00 1.184741E+01
3.911500E+01 1.030385E+00 1.184580E+01
3.921400E+01 1.031648E+00 1.184422E+01
3.931300E+01 1.032908E+00 1.184266E+01
3.941200E+01 1.034166E+00 1.184793E+01
3.951100E+01 1.035421E+00 1.184640E+01
3.961000E+01 1.036673E+00 1.184489E+01
3.970900E+01 1.037923E+00 1.184339E+01
3.980800E+01 1.039170E+00 1.184192E+01
3.990700E+01 1.040415E+00 1.184723E+01
4.000600E+01 1.041657E+00 1.184578E+01
4.010500E+01 1.042897E+00 1.184435E+01
4.020400E+01 1.044134E+00 1.184294E+01
4.030300E+01 1.045368E+00 1.184156E+01
4.040200E+01 1.046600E+00 1.184690E+01
4.050100E+01 1.047830E+00 1.184553E+01
4.060000E+01 1.049057E+00 1.184419E+01
4.069900E+01 1.050281E+00 1.184286E+01
4.079800E+01 1.051503E+00 1.184155E+01
4.089700E+01 1.052723E+00 1.184692E+01
4.099600E+01 1.053940E+00 1.184564E+01
4.109500E+01 1.055154E+00 1.184437E+01
4.119400E+01 1.056366E+00 1.184312E+01
4.129300E+01 1.057576E+00 1.184190E+01
4.139200E+01 1.058783E+00 1.184068E+01
4.149100E+01 1.059988E+00 1.184608E+01
4.159000E+01 1.061191E+00 1.184489E+01
4.168900E+01 1.062391E+00 1.184372E+01
4.178800E+01 1.063588E+00 1.184257E+01
4.188700E+01 1.064783E+00 1.184143E+01
4.198600E+01 1.065976E+00 1.184031E+01
4.208500E+01 1.067167E+00 1.184574E+01
4.218400E+01 1.068355E+00 1.184464E+01
4.228300E+01 1.069540E+00 1.184356E+01
4.238200E+01 1.070724E+00 1.184249E+01
4.248100E+01 1.071905E+00 1.184144E+01
4.258000E+01 1.073083E+00 1.184041E+01
4.267900E+01 1.074260E+00 1.183939E+01
4.277800E+01 1.075434E+00 1.184485E+01
4.287700E+01 1.076605E+00 1.184386E+01
4.297600E+01 1.077775E+00 1.184287E+01
4.307500E+01 1.078942E+00 1.184191E+01
4.317400E+01 1.080107E+00 1.184096E+01
4.327300E+01 1.081269E+00 1.184002E+01
4.337200E+01 1.082429E+00 1.183910E+01
4.347100E+01 1.083587E+00 1.183820E+01
4.357000E+01 1.084743E+00 1.184369E+01
4.366900E+01 1.085896E+00 1.184281E+01
4.376800E+01 1.087047E+00 1.184194E+01
4.386700E+01 1.088196E+00 1.184108E+01
4.396600E+01 1.089343E+00 1.184024E+01
4.406500E+01 1.090488E+00 1.183941E+01
4.416400E+01 1.091630E+00 1.183860E+01
4.426300E+01 1.092770E+00 1.183780E+01
4.436200E+01 1.093908E+00 1.184332E+01
4.446100E+01 1.095043E+00 1.184254E+01
4.456000E+01 1.096177E+00 1.184177E+01
4.465900E+01 1.097308E+00 1.184102E+01
4.475800E+01 1.098437E+00 1.184028E+01
4.485700E+01 1.099564E+00 1.183955E+01
4.495600E+01 1.100689E+00 1.183884E+01
4.505500E+01 1.101812E+00 1.183814E+01
4.515400E+01 1.102932E+00 1.183746E+01
4.525300E+01 1.104050E+00 1.183678E+01
4.535200E+01 1.105167E+00 1.183612E+01
4.545100E+01 1.106281E+00 1.184169E+01
4.555000E+01 1.107393E+00 1.184104E+01
4.564900E+01 1.108502E+00 1.184041E+01
4.574800E+01 1.109610E+00 1.183980E+01
4.584700E+01 1.110716E+00 1.183919E+01
4.594600E+01 1.111819E+00 1.183860E+01
4.604500E+01 1.112921E+00 1.183802E+01
4.614400E+01 1.114020E+00 1.183745E+01
4.624300E+01 1.115117E+00 1.183689E+01
4.634200E+01 1.116213E+00 1.183635E+01
4.644100E+01 1.117306E+00 1.183582E+01
4.654000E+01 1.118397E+00 1.183530E+01
4.663900E+01 1.119486E+00 1.183479E+01
4.673800E+01 1.120573E+00 1.183429E+01
4.683700E+01 1.121658E+00 1.183990E+01
4.693600E+01 1.122741E+00 1.183942E+01
4.703500E+01 1.123822E+00 1.183895E+01
4.713400E+01 1.124901E+00 1.183849E+01
4.723300E+01 1.125977E+00 1.183804E+01
4.733200E+01 1.127052E+00 1.183761E+01
4.743100E+01 1.128125E+00 1.183718E+01
4.753000E+01 1.129196E+00 1.183677E+01
4.762900E+01 1.130265E+00 1.183637E+01
4.772800E+01 1.131332E+00 1.183598E+01
4.782700E+01 1.132397E+00 1.183560E+01
4.792600E+01 1.133460E+00 1.183523E+01
4.802500E+01 1.134521E+00 1.183487E+01
4.812400E+01 1.135580E+00 1.183452E+01
4.822300E+01 1.136637E+00 1.183419E+01
4.832200E+01 1.137692E+00 1.183386E+01
4.842100E+01 1.138745E+00 1.183354E+01
4.852000E+01 1.139797E+00 1.183324E+01
4.861900E+01 1.140846E+00 1.183294E+01
4.871800E+01 1.141893E+00 1.183266E+01
4.881700E+01 1.142939E+00 1.183238E+01
4.891600E+01 1.143983E+00 1.183212E+01
4.901500E+01 1.145024E+00 1.183186E+01
4.911400E+01 1.146064E+00 1.183162E+01
4.921300E+01 1.147102E+00 1.183138E+01
4.931200E+01 1.148138E+00 1.183116E+01
4.941100E+01 1.149172E+00 1.183095E+01
4.951000E+01 1.150205E+00 1.183074E+01
4.960900E+01 1.151235E+00 1.183054E+01
4.970800E+01 1.152264E+00 1.183036E+01
4.980700E+01 1.153290E+00 1.183018E+01
4.990600E+01 1.154315E+00 1.183002E+01
5.000500E+01 1.155338E+00 1.182986E+01
5.010400E+01 1.156359E+00 1.182971E+01
5.020300E+01 1.157379E+00 1.182957E+01
5.030200E+01 1.158396E+00 1.182944E+01
5.040100E+01 1.159412E+00 1.182932E+01
5.050000E+01 1.160426E+00 1.182921E+01
5.059900E+01 1.161438E+00 1.182911E+01
5.069800E+01 1.162448E+00 1.182901E+01
5.079700E+01 1.163457E+00 1.182893E+01
5.089600E+01 1.164463E+00 1.182885E+01
5.099500E+01 1.165468E+00 1.182879E+01
5.109400E+01 1.166471E+00 1.182873E+01
5.119300E+01 1.167472E+00 1.182868E+01
5.129200E+01 1.168472E+00 1.182864E+01
5.139100E+01 1.169470E+00 1.182861E+01
5.149000E+01 1.170466E+00 1.182858E+01
5.158900E+01 1.171460E+00 1.182857E+01
5.168800E+01 1.172452E+00 1.182856E+01
5.178700E+01 1.173443E+00 1.182856E+01
5.188600E+01 1.174432E+00 1.182857E+01
5.198500E+01 1.175419E+00 1.182859E+01
5.208400E+01 1.176404E+00 1.182862E+01
5.218300E+01 1.177388E+00 1.182865E+01
5.228200E+01 1.178370E+00 1.182870E+01
5.238100E+01 1.179350E+00 1.182875E+01
5.248000E+01 1.180329E+00 1.182881E+01
5.257900E+01 1.181306E+00 1.182887E+01
5.267800E+01 1.182281E+00 1.182895E+01
5.277700E+01 1.183254E+00 1.182903E+01
5.287600E+01 1.184226E+00 1.182912E+01
5.297500E+01 1.185196E+00 1.182922E+01
5.307400E+01 1.186165E+00 1.182370E+01
5.317300E+01 1.187131E+00 1.182382E+01
5.327200E+01 1.188096E+00 1.182395E+01
5.337100E+01 1.189060E+00 1.182408E+01
5.347000E+01 1.190021E+00 1.182423E+01
5.356900E+01 1.190981E+00 1.182438E+01
5.366800E+01 1.191940E+00 1.182453E+01
5.376700E+01 1.192896E+00 1.182470E+01
5.386600E+01 1.193851E+00 1.182487E+01
5.396500E+01 1.194805E+00 1.182505E+01
5.406400E+01 1.195756E+00 1.182524E+01
5.416300E+01 1.196707E+00 1.182543E+01
5.426200E+01 1.197655E+00 1.182563E+01
5.436100E+01 1.198602E+00 1.182584E+01
5.446000E+01 1.199547E+00 1.182605E+01
5.455900E+01 1.200491E+00 1.182627E+01
5.465800E+01 1.201433E+00 1.182099E+01
5.475700E+01 1.202373E+00 1.182123E+01
5.485600E+01 1.203312E+00 1.182148E+01
5.495500E+01 1.204249E+00 1.182173E+01
5.505400E+01 1.205185E+00 1.182199E+01
5.515300E+01 1.206119E+00 1.182226E+01
5.525200E+01 1.207051E+00 1.182254E+01
5.535100E+01 1.207982E+00 1.182282E+01
5.545000E+01 1.208911E+00 1.182311E+01
5.554900E+01 1.209839E+00 1.182340E+01
5.564800E+01 1.210765E+00 1.182371E+01
5.574700E+01 1.211689E+00 1.181857E+01
5.584600E+01 1.212612E+00 1.181889E+01
5.594500E+01 1.213534E+00 1.181921E+01
5.604400E+01 1.214454E+00 1.181955E+01
5.614300E+01 1.215372E+00 1.181989E+01
5.624200E+01 1.216289E+00 1.182023E+01
5.634100E+01 1.217204E+00 1.182058E+01
5.644000E+01 1.218118E+00 1.182094E+01
5.653900E+01 1.219030E+00 1.182131E+01
5.663800E+01 1.219941E+00 1.182168E+01
5.673700E+01 1.220850E+00 1.181667E+01
5.683600E+01 1.221757E+00 1.181705E+01
5.693500E+01 1.222663E+00 1.181745E+01
5.703400E+01 1.223568E+00 1.181785E+01
5.713300E+01 1.224471E+00 1.181826E+01
5.723200E+01 1.225373E+00 1.181867E+01
5.733100E+01 1.226273E+00 1.181909E+01
5.743000E+01 1.227171E+00 1.181951E+01
5.752900E+01 1.228068E+00 1.181994E+01
5.762800E+01 1.228964E+00 1.181504E+01
5.772700E+01 1.229858E+00 1.181549E+01
5.782600E+01 1.230751E+00 1.181594E+01
5.792500E+01 1.231642E+00 1.181640E+01
5.802400E+01 1.232532E+00 1.181686E+01
5.812300E+01 1.233420E+00 1.181733E+01
5.822200E+01 1.234307E+00 1.181780E+01
5.832100E+01 1.235192E+00 1.181828E+01
5.842000E+01 1.236076E+00 1.181348E+01
5.851900E+01 1.236958E+00 1.181398E+01
5.861800E+01 1.237839E+00 1.181448E+01
5.871700E+01 1.238719E+00 1.181499E+01
5.881600E+01 1.239597E+00 1.181550E+01
5.891500E+01 1.240473E+00 1.181602E+01
5.901400E+01 1.241349E+00 1.181654E+01
5.911300E+01 1.242222E+00 1.181182E+01
5.921200E+01 1.243095E+00 1.181236E+01
5.931100E+01 1.243966E+00 1.181290E+01
5.941000E+01 1.244835E+00 1.181345E+01
5.950900E+01 1.245703E+00 1.181400E+01
5.960800E+01 1.246570E+00 1.181456E+01
5.970700E+01 1.247435E+00 1.181513E+01
5.980600E+01 1.248299E+00 1.181049E+01
5.990500E+01 1.249162E+00 1.181106E+01
6.000400E+01 1.250023E+00 1.181165E+01
6.010300E+01 1.250882E+00 1.181224E+01
6.020200E+01 1.251741E+00 1.181283E+01
6.030100E+01 1.252598E+00 1.181343E+01
6.040000E+01 1.253453E+00 1.180886E+01
6.049900E+01 1.254307E+00 1.180947E+01
6.059800E+01 1.255160E+00 1.181009E+01
6.069700E+01 1.256011E+00 1.181071E+01
6.079600E+01 1.256861E+00 1.181134E+01
6.089500E+01 1.257710E+00 1.181197E+01
6.099400E+01 1.258557E+00 1.180746E+01
6.109300E+01 1.259403E+00 1.180811E+01
6.119200E+01 1.260248E+00 1.180876E+01
6.129100E+01 1.261091E+00 1.180942E+01
6.139000E+01 1.261933E+00 1.181008E+01
6.148900E+01 1.262774E+00 1.181074E+01
6.158800E+01 1.263613E+00 1.180630E+01
6.168700E+01 1.264451E+00 1.180698E+01
6.178600E+01 1.265288E+00 1.180766E+01
6.188500E+01 1.266123E+00 1.180835E+01
6.198400E+01 1.266957E+00 1.180904E+01
6.208300E+01 1.267789E+00 1.180465E+01
6.218200E+01 1.268621E+00 1.180535E+01
6.228100E+01 1.269451E+00 1.180606E+01
6.238000E+01 1.270279E+00 1.180677E+01
6.247900E+01 1.271107E+00 1.180749E+01
6.257800E+01 1.271933E+00 1.180821E+01
6.267700E+01 1.272757E+00 1.180388E+01
6.277600E+01 1.273581E+00 1.180462E+01
6.287500E+01 1.274403E+00 1.180536E+01
6.297400E+01 1.275224E+00 1.180610E+01
6.307300E+01 1.276043E+00 1.180685E+01
6.317200E+01 1.276862E+00 1.180257E+01
6.327100E+01 1.277679E+00 1.180333E+01
6.337000E+01 1.278494E+00 1.180409E+01
6.346900E+01 1.279309E+00 1.180486E+01
6.356800E+01 1.280122E+00 1.180563E+01
6.366700E+01 1.280934E+00 1.180140E+01
6.376600E+01 1.281744E+00 1.180219E+01
6.386500E+01 1.282554E+00 1.180298E+01
6.396400E+01 1.283362E+00 1.180377E+01
6.406300E+01 1.284169E+00 1.180456E+01
6.416200E+01 1.284974E+00 1.180038E+01
6.426100E+01 1.285779E+00 1.180119E+01
6.436000E+01 1.286582E+00 1.180200E+01
6.445900E+01 1.287384E+00 1.180282E+01
6.455800E+01 1.288184E+00 1.179867E+01
6.465700E+01 1.288984E+00 1.179950E+01
6.475600E+01 1.289782E+00 1.180033E+01
6.485500E+01 1.290579E+00 1.180117E+01
6.495400E+01 1.291374E+00 1.180201E+01
6.505300E+01 1.292169E+00 1.179791E+01
6.515200E+01 1.292962E+00 1.179876E+01
6.525100E+01 1.293754E+00 1.179961E+01
6.535000E+01 1.294545E+00 1.180047E+01
6.544900E+01 1.295334E+00 1.180133E+01
6.554800E+01 1.296123E+00 1.179728E+01
6.564700E+01 1.296910E+00 1.179815E+01
6.574600E+01 1.297696E+00 1.179903E+01
6.584500E+01 1.298480E+00 1.179991E+01
6.594400E+01 1.299264E+00 1.179589E+01
6.604300E+01 1.300046E+00 1.179678E+01
6.614200E+01 1.300827E+00 1.179768E+01
6.624100E+01 1.301607E+00 1.179857E+01
6.634000E+01 1.302386E+00 1.179460E+01
6.643900E+01 1.303164E+00 1.179550E+01
6.653800E+01 1.303940E+00 1.179641E+01
6.663700E+01 1.304715E+00 1.179733E+01
6.673600E+01 1.305489E+00 1.179339E+01
6.683500E+01 1.306262E+00 1.179431E+01
6.693400E+01 1.307034E+00 1.179524E+01
6.703300E+01 1.307804E+00 1.179617E+01
6.713200E+01 1.308574E+00 1.179226E+01
6.723100E+01 1.309342E+00 1.179321E+01
6.733000E+01 1.310109E+00 1.179415E+01
6.742900E+01 1.310875E+00 1.179510E+01
6.752800E+01 1.311640E+00 1.179123E+01
6.762700E+01 1.312403E+00 1.179218E+01
6.772600E+01 1.313166E+00 1.179315E+01
6.782500E+01 1.313927E+00 1.179411E+01
6.792400E+01 1.314687E+00 1.179027E+01
6.802300E+01 1.315446E+00 1.179125E+01
6.812200E+01 1.316204E+00 1.179222E+01
6.822100E+01 1.316961E+00 1.179320E+01
6.832000E+01 1.317716E+00 1.178940E+01
6.841900E+01 1.318471E+00 1.179039E+01
6.851800E+01 1.319224E+00 1.179138E+01
6.861700E+01 1.319976E+00 1.179238E+01
6.871600E+01 1.320727E+00 1.178861E+01
6.881500E+01 1.321477E+00 1.178961E+01
6.891400E+01 1.322226E+00 1.179062E+01
6.901300E+01 1.322974E+00 1.179163E+01
6.911200E+01 1.323720E+00 1.178789E+01
6.921100E+01 1.324466E+00 1.178891E+01
6.931000E+01 1.325210E+00 1.178994E+01
6.940900E+01 1.325953E+00 1.178622E+01
6.950800E+01 1.326696E+00 1.178726E+01
6.960700E+01 1.327437E+00 1.178829E+01
6.970600E+01 1.328177E+00 1.178933E+01
6.980500E+01 1.328915E+00 1.178565E+01
6.990400E+01 1.329653E+00 1.178670E+01
7.000300E+01 1.330390E+00 1.178775E+01
7.010200E+01 1.331126E+00 1.178880E+01
7.020100E+01 1.331860E+00 1.178515E+01
7.030000E+01 1.332594E+00 1.178621E+01
7.039900E+01 1.333326E+00 1.178728E+01
7.049800E+01 1.334057E+00 1.178365E+01
7.059700E+01 1.334787E+00 1.178472E+01
7.069600E+01 1.335517E+00 1.178580E+01
7.079500E+01 1.336245E+00 1.178688E+01
7.089400E+01 1.336972E+00 1.178328E+01
7.099300E+01 1.337698E+00 1.178437E+01
7.109200E+01 1.338423E+00 1.178546E+01
7.119100E+01 1.339146E+00 1.178188E+01
7.129000E+01 1.339869E+00 1.178298E+01
7.138900E+01 1.340591E+00 1.178408E+01
7.148800E+01 1.341312E+00 1.178519E+01
7.158700E+01 1.342031E+00 1.178164E+01
7.168600E+01 1.342750E+00 1.178275E+01
7.178500E+01 1.343467E+00 1.178387E+01
7.188400E+01 1.344184E+00 1.178035E+01
7.198300E+01 1.344899E+00 1.178147E+01
7.208200E+01 1.345614E+00 1.178260E+01
7.218100E+01 1.346327E+00 1.177910E+01
7.228000E+01 1.347039E+00 1.178023E+01
7.237900E+01 1.347751E+00 1.178137E+01
7.247800E+01 1.348461E+00 1.177789E+01
7.257700E+01 1.349170E+00 1.177903E+01
7.267600E+01 1.349879E+00 1.178018E+01
7.277500E+01 1.350586E+00 1.178133E+01
7.287400E+01 1.351292E+00 1.177788E+01
7.297300E+01 1.351997E+00 1.177903E+01
7.307200E+01 1.352701E+00 1.178019E+01
7.317100E+01 1.353404E+00 1.177677E+01
7.327000E+01 1.354107E+00 1.177793E+01
7.336900E+01 1.354808E+00 1.177910E+01
7.346800E+01 1.355508E+00 1.177570E+01
7.356700E+01 1.356207E+00 1.177687E+01
7.366600E+01 1.356905E+00 1.177805E+01
7.376500E+01 1.357602E+00 1.177467E+01
7.386400E+01 1.358298E+00 1.177585E+01
7.396300E+01 1.358993E+00 1.177704E+01
7.406200E+01 1.359688E+00 1.177368E+01
7.416100E+01 1.360381E+00 1.177488E+01
7.426000E+01 1.361073E+00 1.177607E+01
7.435900E+01 1.361764E+00 1.177273E+01
7.445800E+01 1.362454E+00 1.177394E+01
7.455700E+01 1.363144E+00 1.177514E+01
7.465600E+01 1.363832E+00 1.177182E+01
7.475500E+01 1.364519E+00 1.177304E+01
7.485400E+01 1.365205E+00 1.177425E+01
7.495300E+01 1.365891E+00 1.177095E+01
7.505200E+01 1.366575E+00 1.177218E+01
7.515100E+01 1.367258E+00 1.177340E+01
7.525000E+01 1.367941E+00 1.177012E+01
7.534900E+01 1.368622E+00 1.177136E+01
7.544800E+01 1.369303E+00 1.177259E+01
7.554700E+01 1.369982E+00 1.176933E+01
7.564600E+01 1.370661E+00 1.177057E+01
7.574500E+01 1.371338E+00 1.177182E+01
7.584400E+01 1.372015E+00 1.176858E+01
7.594300E+01 1.372691E+00 1.176983E+01
7.604200E+01 1.373365E+00 1.177108E+01
7.614100E+01 1.374039E+00 1.176786E+01
7.624000E+01 1.374712E+00 1.176912E+01
7.633900E+01 1.375384E+00 1.177038E+01
7.643800E+01 1.376055E+00 1.176718E+01
7.653700E+01 1.376725E+00 1.176845E+01
7.663600E+01 1.377394E+00 1.176972E+01
7.673500E+01 1.378062E+00 1.176653E+01
7.683400E+01 1.378730E+00 1.176781E+01
7.693300E+01 1.379396E+00 1.176909E+01
7.703200E+01 1.380061E+00 1.176593E+01
7.713100E+01 1.380726E+00 1.176721E+01
7.723000E+01 1.381389E+00 1.176850E+01
7.732900E+01 1.382052E+00 1.176535E+01
7.742800E+01 1.382713E+00 1.176665E+01
7.752700E+01 1.383374E+00 1.176351E+01
7.762600E+01 1.384034E+00 1.176481E+01
7.772500E+01 1.384693E+00 1.176611E+01
7.782400E+01 1.385351E+00 1.176300E+01
7.792300E+01 1.386008E+00 1.176431E+01
7.802200E+01 1.386664E+00 1.176562E+01
7.812100E+01 1.387320E+00 1.176253E+01
7.822000E+01 1.387974E+00 1.176384E+01
7.831900E+01 1.388627E+00 1.176516E+01
7.841800E+01 1.389280E+00 1.176208E+01
7.851700E+01 1.389932E+00 1.176340E+01
7.861600E+01 1.390582E+00 1.176034E+01
7.871500E+01 1.391232E+00 1.176167E+01
7.881400E+01 1.391881E+00 1.176300E+01
7.891300E+01 1.392529E+00 1.175996E+01
7.901200E+01 1.393177E+00 1.176129E+01
7.911100E+01 1.393823E+00 1.176263E+01
7.921000E+01 1.394468E+00 1.175961E+01
7.930900E+01 1.395113E+00 1.176095E+01
7.940800E+01 1.395757E+00 1.176230E+01
7.950700E+01 1.396399E+00 1.175929E+01
7.960600E+01 1.397041E+00 1.176064E+01
7.970500E+01 1.397682E+00 1.175764E+01
7.980400E+01 1.398323E+00 1.175900E+01
7.990300E+01 1.398962E+00 1.176036E+01
8.000200E+01 1.399600E+00 1.175738E+01
8.010100E+01 1.400238E+00 1.175874E+01
8.020000E+01 1.400874E+00 1.175578E+01
8.029900E+01 1.401510E+00 1.175715E+01
8.039800E+01 1.402145E+00 1.175852E+01
8.049700E+01 1.402779E+00 1.175557E+01
8.059600E+01 1.403413E+00 1.175694E+01
8.069500E+01 1.404045E+00 1.175832E+01
8.079400E+01 1.404676E+00 1.175539E+01
8.089300E+01 1.405307E+00 1.175677E+01
8.099200E+01 1.405937E+00 1.175385E+01
8.109100E+01 1.406566E+00 1.175524E+01
8.119000E+01 1.407194E+00 1.175663E+01
8.128900E+01 1.407821E+00 1.175373E+01
8.138800E+01 1.408448E+00 1.175513E+01
8.148700E+01 1.409073E+00 1.175223E+01
8.158600E+01 1.409698E+00 1.175363E+01
8.168500E+01 1.410322E+00 1.175504E+01
8.178400E+01 1.410945E+00 1.175216E+01
8.188300E+01 1.411567E+00 1.175357E+01
8.198200E+01 1.412188E+00 1.175071E+01
8.208100E+01 1.412809E+00 1.175212E+01
8.218000E+01 1.413429E+00 1.175353E+01
8.227900E+01 1.414047E+00 1.175069E+01
8.237800E+01 1.414665E+00 1.175211E+01
8.247700E+01 1.415283E+00 1.174927E+01
8.257600E+01 1.415899E+00 1.175069E+01
8.267500E+01 1.416515E+00 1.175212E+01
8.277400E+01 1.417129E+00 1.174930E+01
8.287300E+01 1.417743E+00 1.175073E+01
8.297200E+01 1.418356E+00 1.174792E+01
8.307100E+01 1.418969E+00 1.174936E+01
8.317000E+01 1.419580E+00 1.175080E+01
8.326900E+01 1.420191E+00 1.174800E+01
8.336800E+01 1.420801E+00 1.174944E+01
8.346700E+01 1.421410E+00 1.174666E+01
8.356600E+01 1.422018E+00 1.174811E+01
8.366500E+01 1.422625E+00 1.174534E+01
8.376400E+01 1.423232E+00 1.174679E+01
8.386300E+01 1.423838E+00 1.174824E+01
8.396200E+01 1.424443E+00 1.174549E+01
8.406100E+01 1.425047E+00 1.174694E+01
8.416000E+01 1.425650E+00 1.174420E+01
8.425900E+01 1.426253E+00 1.174566E+01
8.435800E+01 1.426855E+00 1.174713E+01
8.445700E+01 1.427456E+00 1.174439E+01
8.455600E+01 1.428056E+00 1.174586E+01
8.465500E+01 1.428656E+00 1.174314E+01
8.475400E+01 1.429254E+00 1.174462E+01
8.485300E+01 1.429852E+00 1.174191E+01
8.495200E+01 1.430449E+00 1.174339E+01
8.505100E+01 1.431045E+00 1.174487E+01
8.515000E+01 1.431641E+00 1.174217E+01
8.524900E+01 1.432236E+00 1.174366E+01
8.534800E+01 1.432830E+00 1.174097E+01
8.544700E+01 1.433423E+00 1.174246E+01
8.554600E+01 1.434015E+00 1.173979E+01
8.564500E+01 1.434607E+00 1.174128E+01
8.574400E+01 1.435198E+00 1.174277E+01
8.584300E+01 1.435788E+00 1.174011E+01
8.594200E+01 1.436377E+00 1.174161E+01
8.604100E+01 1.436965E+00 1.173896E+01
8.614000E+01 1.437553E+00 1.174047E+01
8.623900E+01 1.438140E+00 1.173783E+01
8.633800E+01 1.438726E+00 1.173933E+01
8.643700E+01 1.439312E+00 1.173671E+01
8.653600E+01 1.439897E+00 1.173822E+01
8.663500E+01 1.440481E+00 1.173973E+01
8.673400E+01 1.441064E+00 1.173712E+01
8.683300E+01 1.441646E+00 1.173863E+01
8.693200E+01 1.442228E+00 1.173603E+01
8.703100E+01 1.442809E+00 1.173755E+01
8.713000E+01 1.443389E+00 1.173495E+01
8.722900E+01 1.443968E+00 1.173648E+01
8.732800E+01 1.444547E+00 1.173390E+01
8.742700E+01 1.445125E+00 1.173543E+01
8.752600E+01 1.445702E+00 1.173696E+01
8.762500E+01 1.446279E+00 1.173438E+01
8.772400E+01 1.446854E+00 1.173592E+01
8.782300E+01 1.447429E+00 1.173336E+01
8.792200E+01 1.448004E+00 1.173490E+01
8.802100E+01 1.448577E+00 1.173234E+01
8.812000E+01 1.449150E+00 1.173389E+01
8.821900E+01 1.449722E+00 1.173135E+01
8.831800E+01 1.450293E+00 1.173289E+01
8.841700E+01 1.450864E+00 1.173036E+01
8.851600E+01 1.451433E+00 1.173191E+01
8.861500E+01 1.452002E+00 1.173346E+01
8.871400E+01 1.452571E+00 1.173094E+01
8.881300E+01 1.453138E+00 1.173250E+01
8.891200E+01 1.453705E+00 1.172999E+01
8.901100E+01 1.454271E+00 1.173155E+01
8.911000E+01 1.454837E+00 1.172905E+01
8.920900E+01 1.455402E+00 1.173061E+01
8.930800E+01 1.455966E+00 1.172812E+01
8.940700E+01 1.456529E+00 1.172969E+01
8.950600E+01 1.457091E+00 1.172721E+01
8.960500E+01 1.457653E+00 1.172878E+01
8.970400E+01 1.458214E+00 1.172630E+01
8.980300E+01 1.458775E+00 1.172788E+01
8.990200E+01 1.459334E+00 1.172946E+01
9.000100E+01 1.459893E+00 1.172699E+01
9.010000E+01 1.460452E+00 1.172857E+01
9.019900E+01 1.461009E+00 1.172612E+01
9.029800E+01 1.461566E+00 1.172771E+01
9.039700E+01 1.462122E+00 1.172526E+01
9.049600E+01 1.462678E+00 1.172685E+01
9.059500E+01 1.463232E+00 1.172442E+01
9.069400E+01 1.463787E+00 1.172601E+01
9.079300E+01 1.464340E+00 1.172359E+01
9.089200E+01 1.464893E+00 1.172518E+01
9.099100E+01 1.465444E+00 1.172276E+01
9.109000E+01 1.465996E+00 1.172436E+01
9.118900E+01 1.466546E+00 1.172196E+01
9.128800E+01 1.467096E+00 1.172356E+01
9.138700E+01 1.467645E+00 1.172116E+01
9.148600E+01 1.468194E+00 1.172277E+01
9.158500E+01 1.468742E+00 1.172038E+01
9.168400E+01 1.469289E+00 1.172199E+01
9.178300E+01 1.469835E+00 1.171961E+01
9.188200E+01 1.470381E+00 1.172122E+01
9.198100E+01 1.470926E+00 1.172283E+01
9.208000E+01 1.471470E+00 1.172046E+01
9.217900E+01 1.472014E+00 1.172208E+01
9.227800E+01 1.472557E+00 1.171972E+01
9.237700E+01 1.473099E+00 1.172134E+01
9.247600E+01 1.473641E+00 1.171899E+01
9.257500E+01 1.474182E+00 1.172061E+01
9.267400E+01 1.474722E+00 1.171827E+01
9.277300E+01 1.475262E+00 1.171989E+01
9.287200E+01 1.475801E+00 1.171756E+01
9.297100E+01 1.476339E+00 1.171919E+01
9.307000E+01 1.476877E+00 1.171686E+01
9.316900E+01 1.477414E+00 1.171849E+01
9.326800E+01 1.477950E+00 1.171618E+01
9.336700E+01 1.478486E+00 1.171781E+01
9.346600E+01 1.479020E+00 1.171551E+01
9.356500E+01 1.479555E+00 1.171714E+01
9.366400E+01 1.480088E+00 1.171484E+01
9.376300E+01 1.480621E+00 1.171649E+01
9.386200E+01 1.481154E+00 1.171419E+01
9.396100E+01 1.481685E+00 1.171584E+01
9.406000E+01 1.482216E+00 1.171356E+01
9.415900E+01 1.482747E+00 1.171520E+01
9.425800E+01 1.483276E+00 1.171293E+01
9.435700E+01 1.483805E+00 1.171458E+01
9.445600E+01 1.484334E+00 1.171231E+01
9.455500E+01 1.484861E+00 1.171397E+01
9.465400E+01 1.485388E+00 1.171171E+01
9.475300E+01 1.485915E+00 1.171336E+01
9.485200E+01 1.486441E+00 1.171111E+01
9.495100E+01 1.486966E+00 1.171277E+01
9.505000E+01 1.487490E+00 1.171053E+01
9.514900E+01 1.488014E+00 1.171219E+01
9.524800E+01 1.488537E+00 1.170996E+01
9.534700E+01 1.489060E+00 1.171162E+01
9.544600E+01 1.489582E+00 1.170940E+01
9.554500E+01 1.490103E+00 1.171107E+01
9.564400E+01 1.490623E+00 1.170885E+01
9.574300E+01 1.491143E+00 1.171052E+01
9.584200E+01 1.491663E+00 1.170831E+01
9.594100E+01 1.492182E+00 1.170998E+01
9.604000E+01 1.492700E+00 1.170778E+01
9.613900E+01 1.493217E+00 1.170558E+01
9.623800E+01 1.493734E+00 1.170726E+01
9.633700E+01 1.494250E+00 1.170507E+01
9.643600E+01 1.494766E+00 1.170675E+01
9.653500E+01 1.495281E+00 1.170457E+01
9.663400E+01 1.495795E+00 1.170625E+01
9.673300E+01 1.496309E+00 1.170408E+01
9.683200E+01 1.496822E+00 1.170577E+01
9.693100E+01 1.497334E+00 1.170360E+01
9.703000E+01 1.497846E+00 1.170529E+01
9.712900E+01 1.498357E+00 1.170313E+01
9.722800E+01 1.498868E+00 1.170482E+01
9.732700E+01 1.499377E+00 1.170267E+01
9.742600E+01 1.499887E+00 1.170437E+01
9.752500E+01 1.500396E+00 1.170222E+01
9.762400E+01 1.500904E+00 1.170392E+01
9.772300E+01 1.501411E+00 1.170178E+01
9.782200E+01 1.501918E+00 1.170348E+01
9.792100E+01 1.502424E+00 1.170135E+01
9.802000E+01 1.502930E+00 1.170306E+01
9.811900E+01 1.503435E+00 1.170093E+01
9.821800E+01 1.503939E+00 1.169882E+01
9.831700E+01 1.504443E+00 1.170052E+01
9.841600E+01 1.504946E+00 1.169841E+01
9.851500E+01 1.505449E+00 1.170013E+01
9.861400E+01 1.505951E+00 1.169802E+01
9.871300E+01 1.506452E+00 1.169974E+01
9.881200E+01 1.506953E+00 1.169764E+01
9.891100E+01 1.507453E+00 1.169936E+01
9.901000E+01 1.507953E+00 1.169727E+01
9.910900E+01 1.508452E+00 1.169899E+01
9.920800E+01 1.508950E+00 1.169690E+01
9.930700E+01 1.509448E+00 1.169863E+01
9.940600E+01 1.509945E+00 1.169655E+01
9.950500E+01 1.510442E+00 1.169448E+01
9.960400E+01 1.510938E+00 1.169621E+01
9.970300E+01 1.511434E+00 1.169414E+01
9.980200E+01 1.511928E+00 1.169587E+01
9.990100E+01 1.512423E+00 1.169381E+01
1.000000E+02 1.512916E+00 1.169555E+01
1.009000E+02 1.517377E+00 1.169179E+01
1.018000E+02 1.521790E+00 1.168825E+01
1.027000E+02 1.526156E+00 1.168491E+01
1.036000E+02 1.530476E+00 1.168177E+01
1.045000E+02 1.534750E+00 1.167884E+01
1.054000E+02 1.538979E+00 1.167609E+01
1.063000E+02 1.543164E+00 1.167353E+01
1.072000E+02 1.547306E+00 1.167115E+01
1.081000E+02 1.551405E+00 1.166895E+01
1.090000E+02 1.555461E+00 1.166333E+01
1.099000E+02 1.559476E+00 1.166148E+01
1.108000E+02 1.563450E+00 1.165981E+01
1.117000E+02 1.567384E+00 1.165475E+01
1.126000E+02 1.571278E+00 1.165340E+01
1.135000E+02 1.575133E+00 1.164870E+01
1.144000E+02 1.578949E+00 1.164767E+01
1.153000E+02 1.582727E+00 1.164331E+01
1.162000E+02 1.586468E+00 1.163912E+01
1.171000E+02 1.590172E+00 1.163855E+01
1.180000E+02 1.593840E+00 1.163468E+01
1.189000E+02 1.597472E+00 1.163098E+01
1.198000E+02 1.601068E+00 1.162743E+01
1.207000E+02 1.604630E+00 1.162404E+01
1.216000E+02 1.608158E+00 1.162080E+01
1.225000E+02 1.611651E+00 1.161771E+01
1.234000E+02 1.615111E+00 1.161476E+01
1.243000E+02 1.618539E+00 1.161195E+01
1.252000E+02 1.621933E+00 1.160929E+01
1.261000E+02 1.625296E+00 1.160676E+01
1.270000E+02 1.628627E+00 1.160436E+01
1.279000E+02 1.631927E+00 1.159882E+01
1.288000E+02 1.635197E+00 1.159670E+01
1.297000E+02 1.638436E+00 1.159469E+01
1.306000E+02 1.641645E+00 1.158959E+01
1.315000E+02 1.644824E+00 1.158784E+01
1.324000E+02 1.647975E+00 1.158301E+01
1.333000E+02 1.651096E+00 1.158151E+01
1.342000E+02 1.654190E+00 1.157694E+01
1.351000E+02 1.657255E+00 1.157567E+01
1.360000E+02 1.660292E+00 1.157136E+01
1.369000E+02 1.663303E+00 1.157032E+01
1.378000E+02 1.666286E+00 1.156625E+01
1.387000E+02 1.669243E+00 1.156231E+01
1.396000E+02 1.672174E+00 1.155850E+01
1.405000E+02 1.675078E+00 1.155789E+01
1.414000E+02 1.677958E+00 1.155430E+01
1.423000E+02 1.680811E+00 1.155083E+01
1.432000E+02 1.683640E+00 1.154747E+01
1.441000E+02 1.686444E+00 1.154422E+01
1.450000E+02 1.689224E+00 1.154108E+01
1.459000E+02 1.691980E+00 1.153805E+01
1.468000E+02 1.694712E+00 1.153513E+01
1.477000E+02 1.697421E+00 1.153231E+01
1.486000E+02 1.700106E+00 1.152959E+01
1.495000E+02 1.702769E+00 1.152698E+01
1.504000E+02 1.705409E+00 1.152149E+01
1.513000E+02 1.708027E+00 1.151908E+01
1.522000E+02 1.710622E+00 1.151677E+01
1.531000E+02 1.713196E+00 1.151455E+01
1.540000E+02 1.715748E+00 1.150949E+01
1.549000E+02 1.718279E+00 1.150746E+01
1.558000E+02 1.720789E+00 1.150552E+01
1.567000E+02 1.723278E+00 1.150077E+01
1.576000E+02 1.725746E+00 1.149902E+01
1.585000E+02 1.728194E+00 1.149447E+01
1.594000E+02 1.730622E+00 1.149289E+01
1.603000E+02 1.733030E+00 1.148853E+01
1.612000E+02 1.735419E+00 1.148712E+01
1.621000E+02 1.737788E+00 1.148295E+01
1.630000E+02 1.740138E+00 1.147887E+01
1.639000E+02 1.742469E+00 1.147772E+01
1.648000E+02 1.744781E+00 1.147382E+01
1.657000E+02 1.747074E+00 1.147001E+01
1.666000E+02 1.749349E+00 1.146910E+01
1.675000E+02 1.751607E+00 1.146546E+01
1.684000E+02 1.753846E+00 1.146191E+01
1.693000E+02 1.756067E+00 1.145845E+01
1.702000E+02 1.758271E+00 1.145507E+01
1.711000E+02 1.760457E+00 1.145178E+01
1.720000E+02 1.762627E+00 1.144857E+01
1.729000E+02 1.764779E+00 1.144818E+01
1.738000E+02 1.766915E+00 1.144512E+01
1.747000E+02 1.769034E+00 1.144214E+01
1.756000E+02 1.771136E+00 1.143924E+01
1.765000E+02 1.773222E+00 1.143371E+01
1.774000E+02 1.775292E+00 1.143097E+01
1.783000E+02 1.777347E+00 1.142830E+01
1.792000E+02 1.779385E+00 1.142570E+01
1.801000E+02 1.781408E+00 1.142318E+01
1.810000E+02 1.783415E+00 1.142073E+01
1.819000E+02 1.785407E+00 1.141835E+01
1.828000E+02 1.787384E+00 1.141338E+01
1.837000E+02 1.789347E+00 1.141115E+01
1.846000E+02 1.791294E+00 1.140898E+01
1.855000E+02 1.793227E+00 1.140424E+01
1.864000E+02 1.795145E+00 1.140221E+01
1.873000E+02 1.797049E+00 1.140025E+01
1.882000E+02 1.798938E+00 1.139574E+01
1.891000E+02 1.800814E+00 1.139391E+01
1.900000E+02 1.802676E+00 1.139214E+01
1.909000E+02 1.804523E+00 1.138784E+01
1.918000E+02 1.806358E+00 1.138619E+01
1.927000E+02 1.808179E+00 1.138204E+01
1.936000E+02 1.809986E+00 1.138052E+01
1.945000E+02 1.811780E+00 1.137650E+01
1.954000E+02 1.813561E+00 1.137254E+01
1.963000E+02 1.815330E+00 1.137121E+01
1.972000E+02 1.817085E+00 1.136739E+01
1.981000E+02 1.818827E+00 1.136364E+01
1.990000E+02 1.820557E+00 1.136248E+01
1.999000E+02 1.822275E+00 1.135885E+01
2.008000E+02 1.823980E+00 1.135529E+01
2.017000E+02 1.825673E+00 1.135431E+01
2.026000E+02 1.827354E+00 1.135087E+01
2.035000E+02 1.829023E+00 1.134749E+01
2.044000E+02 1.830680E+00 1.134417E+01
2.053000E+02 1.832325E+00 1.134092E+01
2.062000E+02 1.833959E+00 1.134021E+01
2.071000E+02 1.835581E+00 1.133707E+01
2.080000E+02 1.837191E+00 1.133399E+01
2.089000E+02 1.838791E+00 1.133097E+01
2.098000E+02 1.840379E+00 1.132800E+01
2.107000E+02 1.841956E+00 1.132510E+01
2.116000E+02 1.843522E+00 1.132225E+01
2.125000E+02 1.845077E+00 1.131945E+01
2.134000E+02 1.846621E+00 1.131672E+01
2.143000E+02 1.848154E+00 1.131403E+01
2.152000E+02 1.849677E+00 1.131140E+01
2.161000E+02 1.851190E+00 1.130882E+01
2.170000E+02 1.852692E+00 1.130630E+01
2.179000E+02 1.854183E+00 1.130383E+01
2.188000E+02 1.855665E+00 1.129900E+01
2.197000E+02 1.857136E+00 1.129664E+01
2.206000E+02 1.858598E+00 1.129432E+01
2.215000E+02 1.860049E+00 1.129206E+01
2.224000E+02 1.861490E+00 1.128984E+01
2.233000E+02 1.862922E+00 1.128530E+01
2.242000E+02 1.864344E+00 1.128319E+01
2.251000E+02 1.865757E+00 1.128112E+01
2.260000E+02 1.867160E+00 1.127910E+01
2.269000E+02 1.868553E+00 1.127478E+01
2.278000E+02 1.869937E+00 1.127285E+01
2.287000E+02 1.871312E+00 1.127098E+01
2.296000E+02 1.872678E+00 1.126681E+01
2.305000E+02 1.874035E+00 1.126502E+01
2.314000E+02 1.875382E+00 1.126096E+01
2.323000E+02 1.876721E+00 1.125927E+01
2.332000E+02 1.878051E+00 1.125530E+01
2.341000E+02 1.879372E+00 1.125370E+01
2.350000E+02 1.880684E+00 1.124984E+01
2.359000E+02 1.881988E+00 1.124832E+01
2.368000E+02 1.883283E+00 1.124455E+01
2.377000E+02 1.884570E+00 1.124313E+01
2.386000E+02 1.885848E+00 1.123946E+01
2.395000E+02 1.887118E+00 1.123812E+01
2.404000E+02 1.888379E+00 1.123453E+01
2.413000E+02 1.889633E+00 1.123328E+01
2.422000E+02 1.890878E+00 1.122979E+01
2.431000E+02 1.892115E+00 1.122635E+01
2.440000E+02 1.893344E+00 1.122521E+01
2.449000E+02 1.894566E+00 1.122186E+01
2.458000E+02 1.895779E+00 1.121855E+01
2.467000E+02 1.896985E+00 1.121754E+01
2.476000E+02 1.898183E+00 1.121431E+01
2.485000E+02 1.899373E+00 1.121114E+01
2.494000E+02 1.900556E+00 1.120800E+01
2.503000E+02 1.901731E+00 1.120491E+01
2.512000E+02 1.902898E+00 1.120409E+01
2.521000E+02 1.904058E+00 1.120109E+01
2.530000E+02 1.905211E+00 1.119812E+01
2.539000E+02 1.906357E+00 1.119520E+01
2.548000E+02 1.907495E+00 1.119232E+01
2.557000E+02 1.908626E+00 1.118948E+01
2.566000E+02 1.909750E+00 1.118888E+01
2.575000E+02 1.910867E+00 1.118611E+01
2.584000E+02 1.911977E+00 1.118339E+01
2.593000E+02 1.913080E+00 1.118071E+01
2.602000E+02 1.914176E+00 1.117806E+01
2.611000E+02 1.915265E+00 1.117546E+01
2.620000E+02 1.916348E+00 1.117289E+01
2.629000E+02 1.917423E+00 1.117037E+01
2.638000E+02 1.918492E+00 1.116788E+01
2.647000E+02 1.919555E+00 1.116542E+01
2.656000E+02 1.920611E+00 1.116301E+01
2.665000E+02 1.921660E+00 1.116063E+01
2.674000E+02 1.922703E+00 1.115613E+01
2.683000E+02 1.923739E+00 1.115383E+01
2.692000E+02 1.924769E+00 1.115157E+01
2.701000E+02 1.925793E+00 1.114934E+01
2.710000E+02 1.926811E+00 1.114714E+01
2.719000E+02 1.927822E+00 1.114498E+01
2.728000E+02 1.928827E+00 1.114286E+01
2.737000E+02 1.929826E+00 1.113864E+01
2.746000E+02 1.930819E+00 1.113659E+01
2.755000E+02 1.931805E+00 1.113457E+01
2.764000E+02 1.932786E+00 1.113258E+01
2.773000E+02 1.933761E+00 1.113063E+01
2.782000E+02 1.934730E+00 1.112660E+01
2.791000E+02 1.935693E+00 1.112471E+01
2.800000E+02 1.936651E+00 1.112286E+01
2.809000E+02 1.937602E+00 1.111894E+01
2.818000E+02 1.938548E+00 1.111716E+01
2.827000E+02 1.939488E+00 1.111541E+01
2.836000E+02 1.940423E+00 1.111159E+01
2.845000E+02 1.941352E+00 1.110991E+01
2.854000E+02 1.942275E+00 1.110825E+01
2.863000E+02 1.943193E+00 1.110455E+01
2.872000E+02 1.944106E+00 1.110295E+01
2.881000E+02 1.945013E+00 1.109932E+01
2.890000E+02 1.945914E+00 1.109779E+01
2.899000E+02 1.946811E+00 1.109629E+01
2.908000E+02 1.947702E+00 1.109275E+01
2.917000E+02 1.948587E+00 1.109131E+01
2.926000E+02 1.949468E+00 1.108785E+01
2.935000E+02 1.950343E+00 1.108647E+01
2.944000E+02 1.951213E+00 1.108307E+01
2.953000E+02 1.952078E+00 1.108175E+01
2.962000E+02 1.952938E+00 1.107841E+01
2.971000E+02 1.953793E+00 1.107511E+01
2.980000E+02 1.954643E+00 1.107388E+01
2.989000E+02 1.955488E+00 1.107064E+01
2.998000E+02 1.956328E+00 1.106946E+01
3.007000E+02 1.957163E+00 1.106629E+01
3.016000E+02 1.957994E+00 1.106517E+01
3.025000E+02 1.958819E+00 1.106206E+01
3.034000E+02 1.959640E+00 1.105898E+01
3.043000E+02 1.960456E+00 1.105794E+01
3.052000E+02 1.961267E+00 1.105492E+01
3.061000E+02 1.962073E+00 1.105193E+01
3.070000E+02 1.962875E+00 1.105098E+01
3.079000E+02 1.963672E+00 1.104805E+01
3.088000E+02 1.964465E+00 1.104514E+01
3.097000E+02 1.965253E+00 1.104228E+01
3.106000E+02 1.966036E+00 1.104143E+01
3.115000E+02 1.966815E+00 1.103861E+01
3.124000E+02 1.967590E+00 1.103583E+01
3.133000E+02 1.968360E+00 1.103308E+01
3.142000E+02 1.969126E+00 1.103233E+01
3.151000E+02 1.969887E+00 1.102964E+01
3.160000E+02 1.970644E+00 1.102697E+01
3.169000E+02 1.971397E+00 1.102433E+01
3.178000E+02 1.972145E+00 1.102171E+01
3.187000E+02 1.972890E+00 1.101913E+01
3.196000E+02 1.973630E+00 1.101853E+01
3.205000E+02 1.974365E+00 1.101600E+01
3.214000E+02 1.975097E+00 1.101350E+01
3.223000E+02 1.975824E+00 1.101102E+01
3.232000E+02 1.976548E+00 1.100857E+01
3.241000E+02 1.977267E+00 1.100615E+01
3.250000E+02 1.977982E+00 1.100375E+01
3.259000E+02 1.978694E+00 1.100138E+01
3.268000E+02 1.979401E+00 1.099904E+01
3.277000E+02 1.980104E+00 1.099672E+01
3.286000E+02 1.980803E+00 1.099443E+01
3.295000E+02 1.981499E+00 1.099217E+01
3.304000E+02 1.982190E+00 1.098993E+01
3.313000E+02 1.982878E+00 1.098772E+01
3.322000E+02 1.983562E+00 1.098553E+01
3.331000E+02 1.984242E+00 1.098336E+01
3.340000E+02 1.984918E+00 1.098122E+01
3.349000E+02 1.985590E+00 1.097911E+01
3.358000E+02 1.986259E+00 1.097702E+01
3.367000E+02 1.986924E+00 1.097495E+01
3.376000E+02 1.987585E+00 1.097291E+01
3.385000E+02 1.988243E+00 1.097090E+01
3.394000E+02 1.988897E+00 1.096890E+01
3.403000E+02 1.989547E+00 1.096503E+01
3.412000E+02 1.990194E+00 1.096309E+01
3.421000E+02 1.990837E+00 1.096117E+01
3.430000E+02 1.991477E+00 1.095927E+01
3.439000E+02 1.992113E+00 1.095740E+01
3.448000E+02 1.992746E+00 1.095555E+01
3.457000E+02 1.993375E+00 1.095372E+01
3.466000E+02 1.994001E+00 1.095003E+01
3.475000E+02 1.994623E+00 1.094825E+01
3.484000E+02 1.995242E+00 1.094649E+01
3.493000E+02 1.995857E+00 1.094475E+01
3.502000E+02 1.996469E+00 1.094116E+01
3.511000E+02 1.997078E+00 1.093947E+01
3.520000E+02 1.997684E+00 1.093780E+01
3.529000E+02 1.998286E+00 1.093615E+01
3.538000E+02 1.998885E+00 1.093266E+01
3.547000E+02 1.999480E+00 1.093106E+01
3.556000E+02 2.000073E+00 1.092948E+01
3.565000E+02 2.000662E+00 1.092606E+01
3.574000E+02 2.001248E+00 1.092452E+01
3.583000E+02 2.001831E+00 1.092301E+01
3.592000E+02 2.002411E+00 1.091966E+01
3.601000E+02 2.002987E+00 1.091818E+01
3.610000E+02 2.003560E+00 1.091673E+01
3.619000E+02 2.004131E+00 1.091345E+01
3.628000E+02 2.004698E+00 1.091204E+01
3.637000E+02 2.005262E+00 1.091065E+01
3.646000E+02 2.005823E+00 1.090744E+01
3.655000E+02 2.006381E+00 1.090609E+01
3.664000E+02 2.006937E+00 1.090293E+01
3.673000E+02 2.007489E+00 1.090162E+01
3.682000E+02 2.008038E+00 1.089850E+01
3.691000E+02 2.008584E+00 1.089723E+01
3.700000E+02 2.009127E+00 1.089598E+01
3.709000E+02 2.009668E+00 1.089293E+01
3.718000E+02 2.010205E+00 1.089172E+01
3.727000E+02 2.010740E+00 1.088871E+01
3.736000E+02 2.011272E+00 1.088754E+01
3.745000E+02 2.011801E+00 1.088458E+01
3.754000E+02 2.012327E+00 1.088344E+01
3.763000E+02 2.012850E+00 1.088052E+01
3.772000E+02 2.013371E+00 1.087943E+01
3.781000E+02 2.013888E+00 1.087655E+01
3.790000E+02 2.014403E+00 1.087369E+01
3.799000E+02 2.014916E+00 1.087265E+01
3.808000E+02 2.015425E+00 1.086984E+01
3.817000E+02 2.015932E+00 1.086884E+01
3.826000E+02 2.016436E+00 1.086606E+01
3.835000E+02 2.016938E+00 1.086510E+01
3.844000E+02 2.017436E+00 1.086236E+01
3.853000E+02 2.017933E+00 1.085965E+01
3.862000E+02 2.018426E+00 1.085874E+01
3.871000E+02 2.018917E+00 1.085606E+01
3.880000E+02 2.019405E+00 1.085341E+01
3.889000E+02 2.019891E+00 1.085255E+01
3.898000E+02 2.020374E+00 1.084994E+01
3.907000E+02 2.020855E+00 1.084734E+01
3.916000E+02 2.021333E+00 1.084654E+01
3.925000E+02 2.021809E+00 1.084398E+01
3.934000E+02 2.022282E+00 1.084145E+01
3.943000E+02 2.022753E+00 1.084070E+01
3.952000E+02 2.023221E+00 1.083820E+01
3.961000E+02 2.023687E+00 1.083572E+01
3.970000E+02 2.024150E+00 1.083326E+01
3.979000E+02 2.024611E+00 1.083258E+01
3.988000E+02 2.025069E+00 1.083015E+01
3.997000E+02 2.025525E+00 1.082775E+01
4.006000E+02 2.025979E+00 1.082536E+01
4.015000E+02 2.026430E+00 1.082475E+01
4.024000E+02 2.026879E+00 1.082240E+01
4.033000E+02 2.027326E+00 1.082007E+01
4.042000E+02 2.027770E+00 1.081776E+01
4.051000E+02 2.028212E+00 1.081546E+01
4.060000E+02 2.028652E+00 1.081493E+01
4.069000E+02 2.029089E+00 1.081267E+01
4.078000E+02 2.029524E+00 1.081043E+01
4.087000E+02 2.029957E+00 1.080821E+01
4.096000E+02 2.030387E+00 1.080600E+01
4.105000E+02 2.030816E+00 1.080382E+01
4.114000E+02 2.031242E+00 1.080165E+01
4.123000E+02 2.031666E+00 1.080123E+01
4.132000E+02 2.032087E+00 1.079909E+01
4.141000E+02 2.032507E+00 1.079698E+01
4.150000E+02 2.032924E+00 1.079488E+01
4.159000E+02 2.033339E+00 1.079279E+01
4.168000E+02 2.033752E+00 1.079073E+01
4.177000E+02 2.034163E+00 1.078868E+01
4.186000E+02 2.034572E+00 1.078665E+01
4.195000E+02 2.034979E+00 1.078463E+01
4.204000E+02 2.035383E+00 1.078263E+01
4.213000E+02 2.035786E+00 1.078065E+01
4.222000E+02 2.036186E+00 1.077869E+01
4.231000E+02 2.036584E+00 1.077674E+01
4.240000E+02 2.036981E+00 1.077481E+01
4.249000E+02 2.037375E+00 1.077289E+01
4.258000E+02 2.037767E+00 1.077100E+01
4.267000E+02 2.038157E+00 1.076911E+01
4.276000E+02 2.038545E+00 1.076725E+01
4.285000E+02 2.038931E+00 1.076540E+01
4.294000E+02 2.039315E+00 1.076356E+01
4.303000E+02 2.039698E+00 1.076174E+01
4.312000E+02 2.040078E+00 1.075994E+01
4.321000E+02 2.040456E+00 1.075815E+01
4.330000E+02 2.040832E+00 1.075638E+01
4.339000E+02 2.041207E+00 1.075463E+01
4.348000E+02 2.041579E+00 1.075289E+01
4.357000E+02 2.041950E+00 1.075116E+01
4.366000E+02 2.042318E+00 1.074945E+01
4.375000E+02 2.042685E+00 1.074776E+01
4.384000E+02 2.043050E+00 1.074608E+01
4.393000E+02 2.043413E+00 1.074441E+01
4.402000E+02 2.043774E+00 1.074109E+01
4.411000E+02 2.044133E+00 1.073945E+01
4.420000E+02 2.044491E+00 1.073783E+01
4.429000E+02 2.044847E+00 1.073623E+01
4.438000E+02 2.045200E+00 1.073464E+01
4.447000E+02 2.045552E+00 1.073307E+01
4.456000E+02 2.045903E+00 1.073151E+01
4.465000E+02 2.046251E+00 1.072830E+01
4.474000E+02 2.046598E+00 1.072677E+01
4.483000E+02 2.046943E+00 1.072525E+01
4.492000E+02 2.047286E+00 1.072375E+01
4.501000E+02 2.047627E+00 1.072226E+01
4.510000E+02 2.047967E+00 1.071913E+01
4.519000E+02 2.048304E+00 1.071768E+01
4.528000E+02 2.048641E+00 1.071623E+01
4.537000E+02 2.048975E+00 1.071480E+01
4.546000E+02 2.049308E+00 1.071173E+01
4.555000E+02 2.049639E+00 1.071033E+01
4.564000E+02 2.049968E+00 1.070895E+01
4.573000E+02 2.050296E+00 1.070757E+01
4.582000E+02 2.050622E+00 1.070457E+01
4.591000E+02 2.050946E+00 1.070322E+01
4.600000E+02 2.051269E+00 1.070189E+01
4.609000E+02 2.051590E+00 1.070057E+01
4.618000E+02 2.051909E+00 1.069763E+01
4.627000E+02 2.052227E+00 1.069633E+01
4.636000E+02 2.052543E+00 1.069506E+01
4.645000E+02 2.052858E+00 1.069216E+01
4.654000E+02 2.053171E+00 1.069091E+01
4.663000E+02 2.053482E+00 1.068967E+01
4.672000E+02 2.053792E+00 1.068681E+01
4.681000E+02 2.054100E+00 1.068560E+01
4.690000E+02 2.054407E+00 1.068441E+01
4.699000E+02 2.054712E+00 1.068159E+01
4.708000E+02 2.055015E+00 1.068042E+01
4.717000E+02 2.055317E+00 1.067926E+01
4.726000E+02 2.055618E+00 1.067650E+01
4.735000E+02 2.055917E+00 1.067536E+01
4.744000E+02 2.056214E+00 1.067263E+01
4.753000E+02 2.056510E+00 1.067152E+01
4.762000E+02 2.056805E+00 1.067042E+01
4.771000E+02 2.057097E+00 1.066773E+01
4.780000E+02 2.057389E+00 1.066666E+01
4.789000E+02 2.057679E+00 1.066399E+01
4.798000E+02 2.057967E+00 1.066295E+01
4.807000E+02 2.058254E+00 1.066191E+01
4.816000E+02 2.058540E+00 1.065929E+01
4.825000E+02 2.058824E+00 1.065828E+01
4.834000E+02 2.059107E+00 1.065568E+01
4.843000E+02 2.059388E+00 1.065470E+01
4.852000E+02 2.059668E+00 1.065213E+01
4.861000E+02 2.059946E+00 1.065117E+01
4.870000E+02 2.060223E+00 1.064862E+01
4.879000E+02 2.060498E+00 1.064769E+01
4.888000E+02 2.060773E+00 1.064517E+01
4.897000E+02 2.061045E+00 1.064426E+01
4.906000E+02 2.061317E+00 1.064177E+01
4.915000E+02 2.061587E+00 1.064088E+01
4.924000E+02 2.061855E+00 1.063842E+01
4.933000E+02 2.062123E+00 1.063756E+01
4.942000E+02 2.062389E+00 1.063512E+01
4.951000E+02 2.062653E+00 1.063428E+01
4.960000E+02 2.062916E+00 1.063187E+01
4.969000E+02 2.063178E+00 1.063105E+01
4.978000E+02 2.063439E+00 1.062866E+01
4.987000E+02 2.063698E+00 1.062629E+01
4.996000E+02 2.063956E+00 1.062551E+01
5.005000E+02 2.064212E+00 1.062316E+01
5.014000E+02 2.064468E+00 1.062240E+01
5.023000E+02 2.064722E+00 1.062008E+01
5.032000E+02 2.064974E+00 1.061777E+01
5.041000E+02 2.065226E+00 1.061704E+01
5.050000E+02 2.065476E+00 1.061476E+01
5.059000E+02 2.065725E+00 1.061405E+01
5.068000E+02 2.065973E+00 1.061179E+01
5.077000E+02 2.066219E+00 1.060954E+01
5.086000E+02 2.066464E+00 1.060887E+01
5.095000E+02 2.066708E+00 1.060665E+01
5.104000E+02 2.066950E+00 1.060600E+01
5.113000E+02 2.067192E+00 1.060380E+01
5.122000E+02 2.067432E+00 1.060161E+01
5.131000E+02 2.067671E+00 1.060100E+01
5.140000E+02 2.067909E+00 1.059883E+01
5.149000E+02 2.068145E+00 1.059668E+01
5.158000E+02 2.068380E+00 1.059610E+01
5.167000E+02 2.068615E+00 1.059397E+01
5.176000E+02 2.068847E+00 1.059186E+01
5.185000E+02 2.069079E+00 1.058975E+01
5.194000E+02 2.069310E+00 1.058921E+01
5.203000E+02 2.069539E+00 1.058713E+01
5.212000E+02 2.069767E+00 1.058506E+01
5.221000E+02 2.069994E+00 1.058455E+01
5.230000E+02 2.070220E+00 1.058251E+01
5.239000E+02 2.070445E+00 1.058047E+01
5.248000E+02 2.070668E+00 1.057845E+01
5.257000E+02 2.070891E+00 1.057798E+01
5.266000E+02 2.071112E+00 1.057598E+01
5.275000E+02 2.071332E+00 1.057399E+01
5.284000E+02 2.071551E+00 1.057201E+01
5.293000E+02 2.071769E+00 1.057159E+01
5.302000E+02 2.071986E+00 1.056963E+01
5.311000E+02 2.072202E+00 1.056769E+01
5.320000E+02 2.072416E+00 1.056575E+01
5.329000E+02 2.072630E+00 1.056383E+01
5.338000E+02 2.072842E+00 1.056345E+01
5.347000E+02 2.073054E+00 1.056155E+01
5.356000E+02 2.073264E+00 1.055966E+01
5.365000E+02 2.073473E+00 1.055779E+01
5.374000E+02 2.073681E+00 1.055592E+01
5.383000E+02 2.073888E+00 1.055559E+01
5.392000E+02 2.074094E+00 1.055375E+01
5.401000E+02 2.074299E+00 1.055191E+01
5.410000E+02 2.074503E+00 1.055009E+01
5.419000E+02 2.074706E+00 1.054828E+01
5.428000E+02 2.074907E+00 1.054647E+01
5.437000E+02 2.075108E+00 1.054620E+01
5.446000E+02 2.075308E+00 1.054442E+01
5.455000E+02 2.075506E+00 1.054265E+01
5.464000E+02 2.075704E+00 1.054089E+01
5.473000E+02 2.075901E+00 1.053914E+01
5.482000E+02 2.076096E+00 1.053740E+01
5.491000E+02 2.076291E+00 1.053567E+01
5.500000E+02 2.076485E+00 1.053395E+01
5.509000E+02 2.076677E+00 1.053225E+01
5.518000E+02 2.076869E+00 1.053206E+01
5.527000E+02 2.077059E+00 1.053037E+01
5.536000E+02 2.077249E+00 1.052869E+01
5.545000E+02 2.077438E+00 1.052703E+01
5.554000E+02 2.077625E+00 1.052537E+01
5.563000E+02 2.077812E+00 1.052372E+01
5.572000E+02 2.077998E+00 1.052209E+01
5.581000E+02 2.078182E+00 1.052046E+01
5.590000E+02 2.078366E+00 1.051884E+01
5.599000E+02 2.078549E+00 1.051724E+01
5.608000E+02 2.078731E+00 1.051564E+01
5.617000E+02 2.078912E+00 1.051405E+01
5.626000E+02 2.079092E+00 1.051248E+01
5.635000E+02 2.079271E+00 1.051091E+01
5.644000E+02 2.079449E+00 1.050935E+01
5.653000E+02 2.079627E+00 1.050780E+01
5.662000E+02 2.079803E+00 1.050627E+01
5.671000E+02 2.079978E+00 1.050474E+01
5.680000E+02 2.080153E+00 1.050322E+01
5.689000E+02 2.080326E+00 1.050171E+01
5.698000E+02 2.080499E+00 1.050021E+01
5.707000E+02 2.080671E+00 1.049872E+01
5.716000E+02 2.080841E+00 1.049724E+01
5.725000E+02 2.081011E+00 1.049577E+01
5.734000E+02 2.081181E+00 1.049431E+01
5.743000E+02 2.081349E+00 1.049286E+01
5.752000E+02 2.081516E+00 1.049142E+01
5.761000E+02 2.081682E+00 1.048999E+01
5.770000E+02 2.081848E+00 1.048856E+01
5.779000E+02 2.082013E+00 1.048715E+01
5.788000E+02 2.082177E+00 1.048574E+01
5.797000E+02 2.082339E+00 1.048435E+01
5.806000E+02 2.082502E+00 1.048296E+01
5.815000E+02 2.082663E+00 1.048158E+01
5.824000E+02 2.082823E+00 1.048021E+01
5.833000E+02 2.082983E+00 1.047886E+01
5.842000E+02 2.083141E+00 1.047603E+01
5.851000E+02 2.083299E+00 1.047469E+01
5.860000E+02 2.083456E+00 1.047336E+01
5.869000E+02 2.083613E+00 1.047204E+01
5.878000E+02 2.083768E+00 1.047072E+01
5.887000E+02 2.083922E+00 1.046942E+01
5.896000E+02 2.084076E+00 1.046812E+01
5.905000E+02 2.084229E+00 1.046683E+01
5.914000E+02 2.084381E+00 1.046556E+01
5.923000E+02 2.084532E+00 1.046282E+01
5.932000E+02 2.084683E+00 1.046156E+01
5.941000E+02 2.084833E+00 1.046031E+01
5.950000E+02 2.084982E+00 1.045907E+01
5.959000E+02 2.085130E+00 1.045783E+01
5.968000E+02 2.085277E+00 1.045661E+01
5.977000E+02 2.085423E+00 1.045393E+01
5.986000E+02 2.085569E+00 1.045272E+01
5.995000E+02 2.085714E+00 1.045152E+01
6.004000E+02 2.085858E+00 1.045033E+01
6.013000E+02 2.086002E+00 1.044915E+01
6.022000E+02 2.086144E+00 1.044797E+01
6.031000E+02 2.086286E+00 1.044535E+01
6.040000E+02 2.086427E+00 1.044420E+01
6.049000E+02 2.086567E+00 1.044305E+01
6.058000E+02 2.086707E+00 1.044191E+01
6.067000E+02 2.086846E+00 1.044077E+01
6.076000E+02 2.086984E+00 1.043820E+01
6.085000E+02 2.087121E+00 1.043709E+01
6.094000E+02 2.087258E+00 1.043598E+01
6.103000E+02 2.087394E+00 1.043488E+01
6.112000E+02 2.087529E+00 1.043234E+01
6.121000E+02 2.087663E+00 1.043126E+01
6.130000E+02 2.087797E+00 1.043019E+01
6.139000E+02 2.087930E+00 1.042912E+01
6.148000E+02 2.088062E+00 1.042662E+01
6.157000E+02 2.088193E+00 1.042557E+01
6.166000E+02 2.088324E+00 1.042453E+01
6.175000E+02 2.088454E+00 1.042350E+01
6.184000E+02 2.088583E+00 1.042103E+01
6.193000E+02 2.088712E+00 1.042002E+01
6.202000E+02 2.088840E+00 1.041901E+01
6.211000E+02 2.088967E+00 1.041801E+01
6.220000E+02 2.089093E+00 1.041558E+01
6.229000E+02 2.089219E+00 1.041459E+01
6.238000E+02 2.089344E+00 1.041361E+01
6.247000E+02 2.089469E+00 1.041121E+01
6.256000E+02 2.089592E+00 1.041025E+01
6.265000E+02 2.089715E+00 1.040930E+01
6.274000E+02 2.089838E+00 1.040692E+01
6.283000E+02 2.089959E+00 1.040598E+01
6.292000E+02 2.090080E+00 1.040505E+01
6.301000E+02 2.090201E+00 1.040270E+01
6.310000E+02 2.090320E+00 1.040179E+01
6.319000E+02 2.090439E+00 1.040088E+01
6.328000E+02 2.090558E+00 1.039855E+01
6.337000E+02 2.090675E+00 1.039766E+01
6.346000E+02 2.090792E+00 1.039678E+01
6.355000E+02 2.090909E+00 1.039448E+01
6.364000E+02 2.091024E+00 1.039361E+01
6.373000E+02 2.091139E+00 1.039274E+01
6.382000E+02 2.091254E+00 1.039047E+01
6.391000E+02 2.091368E+00 1.038962E+01
6.400000E+02 2.091481E+00 1.038737E+01
6.409000E+02 2.091593E+00 1.038653E+01
6.418000E+02 2.091705E+00 1.038571E+01
6.427000E+02 2.091816E+00 1.038348E+01
6.436000E+02 2.091927E+00 1.038267E+01
6.445000E+02 2.092037E+00 1.038186E+01
6.454000E+02 2.092146E+00 1.037965E+01
6.463000E+02 2.092255E+00 1.037887E+01
6.472000E+02 2.092363E+00 1.037667E+01
6.481000E+02 2.092470E+00 1.037590E+01
6.490000E+02 2.092577E+00 1.037372E+01
6.499000E+02 2.092683E+00 1.037297E+01
6.508000E+02 2.092789E+00 1.037221E+01
6.517000E+02 2.092894E+00 1.037006E+01
6.526000E+02 2.092998E+00 1.036932E+01
6.535000E+02 2.093102E+00 1.036719E+01
6.544000E+02 2.093205E+00 1.036646E+01
6.553000E+02 2.093308E+00 1.036434E+01
6.562000E+02 2.093410E+00 1.036364E+01
6.571000E+02 2.093511E+00 1.036153E+01
6.580000E+02 2.093612E+00 1.036084E+01
6.589000E+02 2.093712E+00 1.036015E+01
6.598000E+02 2.093812E+00 1.035807E+01
6.607000E+02 2.093911E+00 1.035739E+01
6.616000E+02 2.094009E+00 1.035533E+01
6.625000E+02 2.094107E+00 1.035467E+01
6.634000E+02 2.094204E+00 1.035262E+01
6.643000E+02 2.094301E+00 1.035197E+01
6.652000E+02 2.094397E+00 1.034993E+01
6.661000E+02 2.094493E+00 1.034930E+01
6.670000E+02 2.094588E+00 1.034728E+01
6.679000E+02 2.094682E+00 1.034666E+01
6.688000E+02 2.094776E+00 1.034466E+01
6.697000E+02 2.094870E+00 1.034405E+01
6.706000E+02 2.094962E+00 1.034206E+01
6.715000E+02 2.095055E+00 1.034147E+01
6.724000E+02 2.095146E+00 1.033950E+01
6.733000E+02 2.095237E+00 1.033892E+01
6.742000E+02 2.095328E+00 1.033696E+01
6.751000E+02 2.095418E+00 1.033501E+01
6.760000E+02 2.095507E+00 1.033445E+01
6.769000E+02 2.095596E+00 1.033251E+01
6.778000E+02 2.095685E+00 1.033196E+01
6.787000E+02 2.095773E+00 1.033004E+01
6.796000E+02 2.095860E+00 1.032951E+01
6.805000E+02 2.095947E+00 1.032760E+01
6.814000E+02 2.096033E+00 1.032708E+01
6.823000E+02 2.096119E+00 1.032519E+01
6.832000E+02 2.096204E+00 1.032330E+01
6.841000E+02 2.096289E+00 1.032280E+01
6.850000E+02 2.096373E+00 1.032093E+01
6.859000E+02 2.096457E+00 1.032044E+01
6.868000E+02 2.096540E+00 1.031858E+01
6.877000E+02 2.096622E+00 1.031673E+01
6.886000E+02 2.096705E+00 1.031627E+01
6.895000E+02 2.096786E+00 1.031443E+01
6.904000E+02 2.096867E+00 1.031397E+01
6.913000E+02 2.096948E+00 1.031215E+01
6.922000E+02 2.097028E+00 1.031034E+01
6.931000E+02 2.097107E+00 1.030990E+01
6.940000E+02 2.097187E+00 1.030810E+01
6.949000E+02 2.097265E+00 1.030767E+01
6.958000E+02 2.097343E+00 1.030589E+01
6.967000E+02 2.097421E+00 1.030411E+01
6.976000E+02 2.097498E+00 1.030370E+01
6.985000E+02 2.097574E+00 1.030193E+01
6.994000E+02 2.097651E+00 1.030017E+01
7.003000E+02 2.097726E+00 1.029979E+01
7.012000E+02 2.097801E+00 1.029804E+01
7.021000E+02 2.097876E+00 1.029630E+01
7.030000E+02 2.097950E+00 1.029593E+01
7.039000E+02 2.098024E+00 1.029421E+01
7.048000E+02 2.098097E+00 1.029249E+01
7.057000E+02 2.098170E+00 1.029214E+01
7.066000E+02 2.098242E+00 1.029043E+01
7.075000E+02 2.098314E+00 1.028873E+01
7.084000E+02 2.098385E+00 1.028840E+01
7.093000E+02 2.098456E+00 1.028672E+01
7.102000E+02 2.098526E+00 1.028504E+01
7.111000E+02 2.098596E+00 1.028472E+01
7.120000E+02 2.098666E+00 1.028306E+01
7.129000E+02 2.098735E+00 1.028140E+01
7.138000E+02 2.098803E+00 1.028110E+01
7.147000E+02 2.098872E+00 1.027945E+01
7.156000E+02 2.098939E+00 1.027781E+01
7.165000E+02 2.099006E+00 1.027618E+01
7.174000E+02 2.099073E+00 1.027591E+01
7.183000E+02 2.099139E+00 1.027429E+01
7.192000E+02 2.099205E+00 1.027268E+01
7.201000E+02 2.099271E+00 1.027242E+01
7.210000E+02 2.099335E+00 1.027082E+01
7.219000E+02 2.099400E+00 1.026922E+01
7.228000E+02 2.099464E+00 1.026764E+01
7.237000E+02 2.099528E+00 1.026740E+01
7.246000E+02 2.099591E+00 1.026583E+01
7.255000E+02 2.099654E+00 1.026426E+01
7.264000E+02 2.099716E+00 1.026270E+01
7.273000E+02 2.099778E+00 1.026249E+01
7.282000E+02 2.099839E+00 1.026094E+01
7.291000E+02 2.099900E+00 1.025939E+01
7.300000E+02 2.099961E+00 1.025786E+01
7.309000E+02 2.100021E+00 1.025767E+01
7.318000E+02 2.100081E+00 1.025614E+01
7.327000E+02 2.100140E+00 1.025463E+01
7.336000E+02 2.100199E+00 1.025311E+01
7.345000E+02 2.100257E+00 1.025161E+01
7.354000E+02 2.100316E+00 1.025145E+01
7.363000E+02 2.100373E+00 1.024995E+01
7.372000E+02 2.100430E+00 1.024847E+01
7.381000E+02 2.100487E+00 1.024698E+01
7.390000E+02 2.100544E+00 1.024551E+01
7.399000E+02 2.100600E+00 1.024538E+01
7.408000E+02 2.100655E+00 1.024391E+01
7.417000E+02 2.100710E+00 1.024245E+01
7.426000E+02 2.100765E+00 1.024100E+01
7.435000E+02 2.100820E+00 1.023956E+01
7.444000E+02 2.100874E+00 1.023945E+01
7.453000E+02 2.100927E+00 1.023802E+01
7.462000E+02 2.100980E+00 1.023659E+01
7.471000E+02 2.101033E+00 1.023517E+01
7.480000E+02 2.101086E+00 1.023376E+01
7.489000E+02 2.101138E+00 1.023235E+01
7.498000E+02 2.101189E+00 1.023227E+01
7.507000E+02 2.101240E+00 1.023087E+01
7.516000E+02 2.101291E+00 1.022948E+01
7.525000E+02 2.101342E+00 1.022810E+01
7.534000E+02 2.101392E+00 1.022672E+01
7.543000E+02 2.101441E+00 1.022534E+01
7.552000E+02 2.101491E+00 1.022398E+01
7.561000E+02 2.101539E+00 1.022261E+01
7.570000E+02 2.101588E+00 1.022258E+01
7.579000E+02 2.101636E+00 1.022123E+01
7.588000E+02 2.101684E+00 1.021989E+01
7.597000E+02 2.101731E+00 1.021855E+01
7.606000E+02 2.101778E+00 1.021721E+01
7.615000E+02 2.101825E+00 1.021588E+01
7.624000E+02 2.101871E+00 1.021456E+01
7.633000E+02 2.101917E+00 1.021325E+01
7.642000E+02 2.101963E+00 1.021326E+01
7.651000E+02 2.102008E+00 1.021195E+01
7.660000E+02 2.102053E+00 1.021065E+01
7.669000E+02 2.102097E+00 1.020936E+01
7.678000E+02 2.102141E+00 1.020807E+01
7.687000E+02 2.102185E+00 1.020679E+01
7.696000E+02 2.102228E+00 1.020551E+01
7.705000E+02 2.102271E+00 1.020424E+01
7.714000E+02 2.102314E+00 1.020297E+01
7.723000E+02 2.102356E+00 1.020171E+01
7.732000E+02 2.102398E+00 1.020046E+01
7.741000E+02 2.102440E+00 1.019921E+01
7.750000E+02 2.102481E+00 1.019797E+01
7.759000E+02 2.102522E+00 1.019804E+01
7.768000E+02 2.102562E+00 1.019681E+01
7.777000E+02 2.102602E+00 1.019558E+01
7.786000E+02 2.102642E+00 1.019436E+01
7.795000E+02 2.102682E+00 1.019314E+01
7.804000E+02 2.102721E+00 1.019193E+01
7.813000E+02 2.102760E+00 1.019072E+01
7.822000E+02 2.102798E+00 1.018952E+01
7.831000E+02 2.102836E+00 1.018833E+01
7.840000E+02 2.102874E+00 1.018714E+01
7.849000E+02 2.102911E+00 1.018595E+01
7.858000E+02 2.102948E+00 1.018478E+01
7.867000E+02 2.102985E+00 1.018360E+01
7.876000E+02 2.103022E+00 1.018244E+01
7.885000E+02 2.103058E+00 1.018127E+01
7.894000E+02 2.103094E+00 1.018012E+01
7.903000E+02 2.103129E+00 1.017896E+01
7.912000E+02 2.103164E+00 1.017782E+01
7.921000E+02 2.103199E+00 1.017668E+01
7.930000E+02 2.103233E+00 1.017554E+01
7.939000E+02 2.103267E+00 1.017441E+01
7.948000E+02 2.103301E+00 1.017328E+01
7.957000E+02 2.103335E+00 1.017216E+01
7.966000E+02 2.103368E+00 1.017105E+01
7.975000E+02 2.103401E+00 1.016994E+01
7.984000E+02 2.103433E+00 1.016883E+01
7.993000E+02 2.103465E+00 1.016773E+01
8.002000E+02 2.103497E+00 1.016664E+01
8.011000E+02 2.103529E+00 1.016555E+01
8.020000E+02 2.103560E+00 1.016446E+01
8.029000E+02 2.103591E+00 1.016338E+01
8.038000E+02 2.103622E+00 1.016231E+01
8.047000E+02 2.103652E+00 1.016124E+01
8.056000E+02 2.103682E+00 1.016018E+01
8.065000E+02 2.103712E+00 1.015912E+01
8.074000E+02 2.103741E+00 1.015806E+01
8.083000E+02 2.103770E+00 1.015701E+01
8.092000E+02 2.103799E+00 1.015597E+01
8.101000E+02 2.103827E+00 1.015364E+01
8.110000E+02 2.103855E+00 1.015261E+01
8.119000E+02 2.103883E+00 1.015158E+01
8.128000E+02 2.103911E+00 1.015055E+01
8.137000E+02 2.103938E+00 1.014954E+01
8.146000E+02 2.103965E+00 1.014852E+01
8.155000E+02 2.103992E+00 1.014751E+01
8.164000E+02 2.104018E+00 1.014651E+01
8.173000E+02 2.104044E+00 1.014551E+01
8.182000E+02 2.104070E+00 1.014451E+01
8.191000E+02 2.104096E+00 1.014353E+01
8.200000E+02 2.104121E+00 1.014254E+01
8.209000E+02 2.104146E+00 1.014156E+01
8.218000E+02 2.104170E+00 1.013930E+01
8.227000E+02 2.104195E+00 1.013833E+01
8.236000E+02 2.104219E+00 1.013737E+01
8.245000E+02 2.104242E+00 1.013641E+01
8.254000E+02 2.104266E+00 1.013545E+01
8.263000E+02 2.104289E+00 1.013450E+01
8.272000E+02 2.104312E+00 1.013356E+01
8.281000E+02 2.104335E+00 1.013261E+01
8.290000E+02 2.104357E+00 1.013168E+01
8.299000E+02 2.104379E+00 1.012947E+01
8.308000E+02 2.104401E+00 1.012854E+01
8.317000E+02 2.104422E+00 1.012762E+01
8.326000E+02 2.104443E+00 1.012670E+01
8.335000E+02 2.104464E+00 1.012579E+01
8.344000E+02 2.104485E+00 1.012488E+01
8.353000E+02 2.104505E+00 1.012398E+01
8.362000E+02 2.104526E+00 1.012181E+01
8.371000E+02 2.104545E+00 1.012091E+01
8.380000E+02 2.104565E+00 1.012002E+01
8.389000E+02 2.104584E+00 1.011914E+01
8.398000E+02 2.104603E+00 1.011826E+01
8.407000E+02 2.104622E+00 1.011738E+01
8.416000E+02 2.104641E+00 1.011651E+01
8.425000E+02 2.104659E+00 1.011438E+01
8.434000E+02 2.104677E+00 1.011351E+01
8.443000E+02 2.104694E+00 1.011266E+01
8.452000E+02 2.104712E+00 1.011181E+01
8.461000E+02 2.104729E+00 1.011096E+01
8.470000E+02 2.104746E+00 1.011011E+01
8.479000E+02 2.104763E+00 1.010801E+01
8.488000E+02 2.104779E+00 1.010717E+01
8.497000E+02 2.104795E+00 1.010634E+01
8.506000E+02 2.104811E+00 1.010552E+01
8.515000E+02 2.104827E+00 1.010470E+01
8.524000E+02 2.104842E+00 1.010262E+01
8.533000E+02 2.104857E+00 1.010181E+01
8.542000E+02 2.104872E+00 1.010100E+01
8.551000E+02 2.104887E+00 1.010020E+01
8.560000E+02 2.104901E+00 1.009940E+01
8.569000E+02 2.104915E+00 1.009734E+01
8.578000E+02 2.104929E+00 1.009655E+01
8.587000E+02 2.104943E+00 1.009577E+01
8.596000E+02 2.104956E+00 1.009499E+01
8.605000E+02 2.104969E+00 1.009421E+01
8.614000E+02 2.104982E+00 1.009218E+01
8.623000E+02 2.104994E+00 1.009141E+01
8.632000E+02 2.105007E+00 1.009065E+01
8.641000E+02 2.105019E+00 1.008989E+01
8.650000E+02 2.105031E+00 1.008788E+01
8.659000E+02 2.105042E+00 1.008713E+01
8.668000E+02 2.105054E+00 1.008638E+01
8.677000E+02 2.105065E+00 1.008564E+01
8.686000E+02 2.105076E+00 1.008365E+01
8.695000E+02 2.105087E+00 1.008291E+01
8.704000E+02 2.105097E+00 1.008219E+01
8.713000E+02 2.105107E+00 1.008146E+01
8.722000E+02 2.105117E+00 1.007949E+01
8.731000E+02 2.105127E+00 1.007877E+01
8.740000E+02 2.105136E+00 1.007806E+01
8.749000E+02 2.105146E+00 1.007735E+01
8.758000E+02 2.105155E+00 1.007540E+01
8.767000E+02 2.105164E+00 1.007470E+01
8.776000E+02 2.105172E+00 1.007401E+01
8.785000E+02 2.105180E+00 1.007332E+01
8.794000E+02 2.105189E+00 1.007138E+01
8.803000E+02 2.105196E+00 1.007070E+01
8.812000E+02 2.105204E+00 1.007002E+01
8.821000E+02 2.105211E+00 1.006810E+01
8.830000E+02 2.105219E+00 1.006743E+01
8.839000E+02 2.105226E+00 1.006676E+01
8.848000E+02 2.105232E+00 1.006610E+01
8.857000E+02 2.105239E+00 1.006420E+01
8.866000E+02 2.105245E+00 1.006355E+01
8.875000E+02 2.105251E+00 1.006290E+01
8.884000E+02 2.105257E+00 1.006101E+01
8.893000E+02 2.105263E+00 1.006037E+01
8.902000E+02 2.105268E+00 1.005973E+01
8.911000E+02 2.105273E+00 1.005785E+01
8.920000E+02 2.105278E+00 1.005723E+01
8.929000E+02 2.105283E+00 1.005660E+01
8.938000E+02 2.105288E+00 1.005474E+01
8.947000E+02 2.105292E+00 1.005412E+01
8.956000E+02 2.105296E+00 1.005351E+01
8.965000E+02 2.105300E+00 1.005290E+01
8.974000E+02 2.105304E+00 1.005106E+01
8.983000E+02 2.105307E+00 1.005046E+01
8.992000E+02 2.105310E+00 1.004986E+01
9.001000E+02 2.105313E+00 1.004803E+01
9.010000E+02 2.105316E+00 1.004744E+01
9.019000E+02 2.105319E+00 1.004686E+01
9.028000E+02 2.105321E+00 1.004504E+01
9.037000E+02 2.105323E+00 1.004447E+01
9.046000E+02 2.105325E+00 1.004266E+01
9.055000E+02 2.105327E+00 1.004209E+01
9.064000E+02 2.105329E+00 1.004152E+01
9.073000E+02 2.105330E+00 1.003973E+01
9.082000E+02 2.105331E+00 1.003917E+01
9.091000E+02 2.105332E+00 1.003862E+01
9.100000E+02 2.105333E+00 1.003684E+01
9.109000E+02 2.105333E+00 1.003629E+01
9.118000E+02 2.105334E+00 1.003575E+01
9.127000E+02 2.105334E+00 1.003398E+01
9.136000E+02 2.105334E+00 1.003345E+01
9.145000E+02 2.105334E+00 1.003169E+01
9.154000E+02 2.105333E+00 1.003116E+01
9.163000E+02 2.105333E+00 1.003064E+01
9.172000E+02 2.105332E+00 1.002889E+01
9.181000E+02 2.105331E+00 1.002838E+01
9.190000E+02 2.105329E+00 1.002787E+01
9.199000E+02 2.105328E+00 1.002613E+01
9.208000E+02 2.105326E+00 1.002563E+01
9.217000E+02 2.105324E+00 1.002390E+01
9.226000E+02 2.105322E+00 1.002341E+01
9.235000E+02 2.105320E+00 1.002292E+01
9.244000E+02 2.105318E+00 1.002120E+01
9.253000E+02 2.105315E+00 1.002072E+01
9.262000E+02 2.105312E+00 1.001901E+01
9.271000E+02 2.105309E+00 1.001854E+01
9.280000E+02 2.105306E+00 1.001684E+01
9.289000E+02 2.105303E+00 1.001637E+01
9.298000E+02 2.105299E+00 1.001591E+01
9.307000E+02 2.105296E+00 1.001422E+01
9.316000E+02 2.105292E+00 1.001376E+01
9.325000E+02 2.105288E+00 1.001209E+01
9.334000E+02 2.105283E+00 1.001164E+01
9.343000E+02 2.105279E+00 1.001119E+01
9.352000E+02 2.105274E+00 1.000953E+01
9.361000E+02 2.105269E+00 1.000909E+01
9.370000E+02 2.105264E+00 1.000743E+01
9.379000E+02 2.105259E+00 1.000700E+01
9.388000E+02 2.105254E+00 1.000535E+01
9.397000E+02 2.105248E+00 1.000493E+01
9.406000E+02 2.105242E+00 1.000329E+01
9.415000E+02 2.105236E+00 1.000287E+01
9.424000E+02 2.105230E+00 1.000246E+01
9.433000E+02 2.105224E+00 1.000083E+01
9.442000E+02 2.105217E+00 1.000042E+01
9.451000E+02 2.105211E+00 9.998801E+00
9.460000E+02 2.105204E+00 9.998402E+00
9.469000E+02 2.105197E+00 9.996789E+00
9.478000E+02 2.105190E+00 9.996398E+00
9.487000E+02 2.105182E+00 9.994793E+00
9.496000E+02 2.105175E+00 9.994409E+00
9.505000E+02 2.105167E+00 9.992813E+00
9.514000E+02 2.105159E+00 9.992435E+00
9.523000E+02 2.105151E+00 9.990847E+00
9.532000E+02 2.105143E+00 9.990476E+00
9.541000E+02 2.105135E+00 9.988896E+00
9.550000E+02 2.105126E+00 9.988532E+00
9.559000E+02 2.105117E+00 9.986960E+00
9.568000E+02 2.105108E+00 9.986604E+00
9.577000E+02 2.105099E+00 9.985039E+00
9.586000E+02 2.105090E+00 9.984689E+00
9.595000E+02 2.105081E+00 9.983133E+00
9.604000E+02 2.105071E+00 9.982790E+00
9.613000E+02 2.105061E+00 9.981241E+00
9.622000E+02 2.105051E+00 9.980905E+00
9.631000E+02 2.105041E+00 9.979364E+00
9.640000E+02 2.105031E+00 9.979035E+00
9.649000E+02 2.105021E+00 9.977502E+00
9.658000E+02 2.105010E+00 9.977180E+00
9.667000E+02 2.104999E+00 9.975654E+00
9.676000E+02 2.104988E+00 9.975339E+00
9.685000E+02 2.104977E+00 9.973820E+00
9.694000E+02 2.104966E+00 9.973512E+00
9.703000E+02 2.104955E+00 9.972001E+00
9.712000E+02 2.104943E+00 9.971700E+00
9.721000E+02 2.104931E+00 9.970197E+00
9.730000E+02 2.104920E+00 9.969902E+00
9.739000E+02 2.104908E+00 9.968406E+00
9.748000E+02 2.104895E+00 9.968118E+00
9.757000E+02 2.104883E+00 9.966630E+00
9.766000E+02 2.104871E+00 9.966349E+00
9.775000E+02 2.104858E+00 9.964868E+00
9.784000E+02 2.104845E+00 9.963391E+00
9.793000E+02 2.104832E+00 9.963120E+00
9.802000E+02 2.104819E+00 9.961650E+00
9.811000E+02 2.104806E+00 9.961385E+00
9.820000E+02 2.104792E+00 9.959923E+00
9.829000E+02 2.104779E+00 9.959665E+00
9.838000E+02 2.104765E+00 9.958210E+00
9.847000E+02 2.104751E+00 9.957959E+00
9.856000E+02 2.104737E+00 9.956511E+00
9.865000E+02 2.104723E+00 9.955068E+00
9.874000E+02 2.104708E+00 9.954826E+00
9.883000E+02 2.104694E+00 9.953390E+00
9.892000E+02 2.104679E+00 9.953155E+00
9.901000E+02 2.104664E+00 9.951726E+00
9.910000E+02 2.104649E+00 9.951497E+00
9.919000E+02 2.104634E+00 9.950075E+00
9.928000E+02 2.104619E+00 9.948657E+00
9.937000E+02 2.104604E+00 9.948438E+00
9.946000E+02 2.104588E+00 9.947027E+00
9.955000E+02 2.104572E+00 9.946815E+00
9.964000E+02 2.104557E+00 9.945411E+00
9.973000E+02 2.104541E+00 9.945205E+00
9.982000E+02 2.104525E+00 9.943808E+00
9.991000E+02 2.104508E+00 9.942414E+00
