1.000000E+00 1.226686E-01 2.595013E+01
1.099000E+00 1.288581E-01 2.149435E+01
1.198000E+00 1.350235E-01 1.920706E+01
1.297000E+00 1.411540E-01 1.848154E+01
1.396000E+00 1.472377E-01 1.777175E+01
1.495000E+00 1.532690E-01 1.720691E+01
1.594000E+00 1.592446E-01 1.675089E+01
1.693000E+00 1.651624E-01 1.637859E+01
1.792000E+00 1.710214E-01 1.607200E+01
1.891000E+00 1.768212E-01 1.572576E+01
1.990000E+00 1.825622E-01 1.551961E+01
2.089000E+00 1.882446E-01 1.526641E+01
2.188000E+00 1.938693E-01 1.505031E+01
2.287000E+00 1.994371E-01 1.486509E+01
2.386000E+00 2.049491E-01 1.470581E+01
2.485000E+00 2.104064E-01 1.456855E+01
2.584000E+00 2.158097E-01 1.438773E+01
2.683000E+00 2.211606E-01 1.428795E+01
2.782000E+00 2.264599E-01 1.414473E+01
2.881000E+00 2.317090E-01 1.407277E+01
2.980000E+00 2.369087E-01 1.395808E+01
3.079000E+00 2.420602E-01 1.385611E+01
3.178000E+00 2.471646E-01 1.381473E+01
3.277000E+00 2.522228E-01 1.373227E+01
3.376000E+00 2.572359E-01 1.365877E+01
3.475000E+00 2.622049E-01 1.359328E+01
3.574000E+00 2.671307E-01 1.353495E+01
3.673000E+00 2.720142E-01 1.348306E+01
3.772000E+00 2.768563E-01 1.339563E+01
3.871000E+00 2.816578E-01 1.335583E+01
3.970000E+00 2.864196E-01 1.332074E+01
4.069000E+00 2.911426E-01 1.328993E+01
4.168000E+00 2.958273E-01 1.322552E+01
4.267000E+00 3.004748E-01 1.320296E+01
4.366000E+00 3.050855E-01 1.314779E+01
4.465000E+00 3.096604E-01 1.313210E+01
4.564000E+00 3.141999E-01 1.308474E+01
4.663000E+00 3.187049E-01 1.304121E+01
4.762000E+00 3.231759E-01 1.303413E+01
4.861000E+00 3.276136E-01 1.299672E+01
4.960000E+00 3.320185E-01 1.296236E+01
5.059000E+00 3.363913E-01 1.293084E+01
5.158000E+00 3.407326E-01 1.293253E+01
5.257000E+00 3.450428E-01 1.290553E+01
5.356000E+00 3.493225E-01 1.288083E+01
5.455000E+00 3.535723E-01 1.285828E+01
5.554000E+00 3.577926E-01 1.283773E+01
5.653000E+00 3.619839E-01 1.281905E+01
5.752000E+00 3.661466E-01 1.280213E+01
5.851000E+00 3.702813E-01 1.278686E+01
5.950000E+00 3.743883E-01 1.277313E+01
6.049000E+00 3.784682E-01 1.276085E+01
6.148000E+00 3.825213E-01 1.272375E+01
6.247000E+00 3.865481E-01 1.271446E+01
6.346000E+00 3.905490E-01 1.270637E+01
6.445000E+00 3.945243E-01 1.269941E+01
6.544000E+00 3.984744E-01 1.269352E+01
6.643000E+00 4.023997E-01 1.266413E+01
6.742000E+00 4.063006E-01 1.266048E+01
6.841000E+00 4.101773E-01 1.265773E+01
6.940000E+00 4.140304E-01 1.263220E+01
7.039000E+00 4.178600E-01 1.263134E+01
7.138000E+00 4.216665E-01 1.260819E+01
7.237000E+00 4.254503E-01 1.260904E+01
7.336000E+00 4.292115E-01 1.258803E+01
7.435000E+00 4.329507E-01 1.259040E+01
7.534000E+00 4.366679E-01 1.257134E+01
7.633000E+00 4.403636E-01 1.257510E+01
7.732000E+00 4.440380E-01 1.255781E+01
7.831000E+00 4.476914E-01 1.256281E+01
7.930000E+00 4.513241E-01 1.254714E+01
8.029000E+00 4.549363E-01 1.255327E+01
8.128000E+00 4.585282E-01 1.253908E+01
8.227000E+00 4.621001E-01 1.252570E+01
8.326000E+00 4.656524E-01 1.253340E+01
8.425000E+00 4.691851E-01 1.252132E+01
8.524000E+00 4.726987E-01 1.250995E+01
8.623000E+00 4.761932E-01 1.249926E+01
8.722000E+00 4.796690E-01 1.250878E+01
8.821000E+00 4.831261E-01 1.249918E+01
8.920000E+00 4.865649E-01 1.249019E+01
9.019000E+00 4.899856E-01 1.248177E+01
9.118000E+00 4.933883E-01 1.247392E+01
9.217000E+00 4.967733E-01 1.248533E+01
9.316000E+00 5.001408E-01 1.247836E+01
9.415000E+00 5.034910E-01 1.247188E+01
9.514000E+00 5.068240E-01 1.246589E+01
9.613000E+00 5.101401E-01 1.246036E+01
9.712000E+00 5.134395E-01 1.245527E+01
9.811000E+00 5.167223E-01 1.245062E+01
9.910000E+00 5.199887E-01 1.244637E+01
1.000900E+01 5.232389E-01 1.244252E+01
1.010800E+01 5.264730E-01 1.243905E+01
1.020700E+01 5.296913E-01 1.243596E+01
1.030600E+01 5.328939E-01 1.243322E+01
1.040500E+01 5.360809E-01 1.243082E+01
1.050400E+01 5.392525E-01 1.242875E+01
1.060300E+01 5.424089E-01 1.242701E+01
1.070200E+01 5.455502E-01 1.242557E+01
1.080100E+01 5.486766E-01 1.242444E+01
1.090000E+01 5.517882E-01 1.242359E+01
1.099900E+01 5.548852E-01 1.242303E+01
1.109800E+01 5.579677E-01 1.242273E+01
1.119700E+01 5.610358E-01 1.240657E+01
1.129600E+01 5.640898E-01 1.240689E+01
1.139500E+01 5.671297E-01 1.240746E+01
1.149400E+01 5.701556E-01 1.240826E+01
1.159300E+01 5.731678E-01 1.240929E+01
1.169200E+01 5.761663E-01 1.239493E+01
1.179100E+01 5.791513E-01 1.239649E+01
1.189000E+01 5.821229E-01 1.239825E+01
1.198900E+01 5.850811E-01 1.240021E+01
1.208800E+01 5.880263E-01 1.238714E+01
1.218700E+01 5.909584E-01 1.238957E+01
1.228600E+01 5.938775E-01 1.239218E+01
1.238500E+01 5.967839E-01 1.239496E+01
1.248400E+01 5.996775E-01 1.238305E+01
1.258300E+01 6.025586E-01 1.238624E+01
1.268200E+01 6.054273E-01 1.238960E+01
1.278100E+01 6.082835E-01 1.237850E+01
1.288000E+01 6.111275E-01 1.238223E+01
1.297900E+01 6.139594E-01 1.238611E+01
1.307800E+01 6.167792E-01 1.237577E+01
1.317700E+01 6.195871E-01 1.237999E+01
1.327600E+01 6.223832E-01 1.237015E+01
1.337500E+01 6.251675E-01 1.237470E+01
1.347400E+01 6.279402E-01 1.237938E+01
1.357300E+01 6.307014E-01 1.237019E+01
1.367200E+01 6.334511E-01 1.237517E+01
1.377100E+01 6.361895E-01 1.236643E+01
1.387000E+01 6.389167E-01 1.237169E+01
1.396900E+01 6.416327E-01 1.236337E+01
1.406800E+01 6.443376E-01 1.236889E+01
1.416700E+01 6.470316E-01 1.236098E+01
1.426600E+01 6.497147E-01 1.236676E+01
1.436500E+01 6.523870E-01 1.235922E+01
1.446400E+01 6.550486E-01 1.236524E+01
1.456300E+01 6.576996E-01 1.235807E+01
1.466200E+01 6.603400E-01 1.236431E+01
1.476100E+01 6.629700E-01 1.235750E+01
1.486000E+01 6.655896E-01 1.236395E+01
1.495900E+01 6.681989E-01 1.235747E+01
1.505800E+01 6.707980E-01 1.236413E+01
1.515700E+01 6.733870E-01 1.235796E+01
1.525600E+01 6.759659E-01 1.236481E+01
1.535500E+01 6.785348E-01 1.235894E+01
1.545400E+01 6.810939E-01 1.235326E+01
1.555300E+01 6.836431E-01 1.236041E+01
1.565200E+01 6.861826E-01 1.235501E+01
1.575100E+01 6.887124E-01 1.234978E+01
1.585000E+01 6.912326E-01 1.235719E+01
1.594900E+01 6.937432E-01 1.235223E+01
1.604800E+01 6.962444E-01 1.235980E+01
1.614700E+01 6.987362E-01 1.235509E+01
1.624600E+01 7.012186E-01 1.235053E+01
1.634500E+01 7.036919E-01 1.235834E+01
1.644400E+01 7.061558E-01 1.235402E+01
1.654300E+01 7.086107E-01 1.234984E+01
1.664200E+01 7.110565E-01 1.234581E+01
1.674100E+01 7.134933E-01 1.235392E+01
1.684000E+01 7.159212E-01 1.235010E+01
1.693900E+01 7.183402E-01 1.234642E+01
1.703800E+01 7.207504E-01 1.235473E+01
1.713700E+01 7.231519E-01 1.235125E+01
1.723600E+01 7.255447E-01 1.234790E+01
1.733500E+01 7.279288E-01 1.234467E+01
1.743400E+01 7.303044E-01 1.235324E+01
1.753300E+01 7.326715E-01 1.235020E+01
1.763200E+01 7.350301E-01 1.234727E+01
1.773100E+01 7.373804E-01 1.234446E+01
1.783000E+01 7.397223E-01 1.234177E+01
1.792900E+01 7.420560E-01 1.235062E+01
1.802800E+01 7.443814E-01 1.234809E+01
1.812700E+01 7.466987E-01 1.234567E+01
1.822600E+01 7.490079E-01 1.234335E+01
1.832500E+01 7.513090E-01 1.234114E+01
1.842400E+01 7.536021E-01 1.233902E+01
1.852300E+01 7.558873E-01 1.234819E+01
1.862200E+01 7.581646E-01 1.234622E+01
1.872100E+01 7.604340E-01 1.234435E+01
1.882000E+01 7.626957E-01 1.234257E+01
1.891900E+01 7.649496E-01 1.234089E+01
1.901800E+01 7.671958E-01 1.233929E+01
1.911700E+01 7.694344E-01 1.233778E+01
1.921600E+01 7.716653E-01 1.234726E+01
1.931500E+01 7.738888E-01 1.234588E+01
1.941400E+01 7.761047E-01 1.234458E+01
1.951300E+01 7.783132E-01 1.234337E+01
1.961200E+01 7.805143E-01 1.234224E+01
1.971100E+01 7.827080E-01 1.234119E+01
1.981000E+01 7.848945E-01 1.234021E+01
1.990900E+01 7.870736E-01 1.233931E+01
2.000800E+01 7.892455E-01 1.233849E+01
2.010700E+01 7.914103E-01 1.233774E+01
2.020600E+01 7.935679E-01 1.233706E+01
2.030500E+01 7.957185E-01 1.233645E+01
2.040400E+01 7.978620E-01 1.233592E+01
2.050300E+01 7.999985E-01 1.233545E+01
2.060200E+01 8.021281E-01 1.233505E+01
2.070100E+01 8.042507E-01 1.233472E+01
2.080000E+01 8.063665E-01 1.234477E+01
2.089900E+01 8.084755E-01 1.234453E+01
2.099800E+01 8.105776E-01 1.234436E+01
2.109700E+01 8.126730E-01 1.234424E+01
2.119600E+01 8.147617E-01 1.233400E+01
2.129500E+01 8.168438E-01 1.233404E+01
2.139400E+01 8.189192E-01 1.233414E+01
2.149300E+01 8.209880E-01 1.233430E+01
2.159200E+01 8.230502E-01 1.233451E+01
2.169100E+01 8.251060E-01 1.233479E+01
2.179000E+01 8.271553E-01 1.233511E+01
2.188900E+01 8.291981E-01 1.233549E+01
2.198800E+01 8.312346E-01 1.233593E+01
2.208700E+01 8.332647E-01 1.233641E+01
2.218600E+01 8.352884E-01 1.233695E+01
2.228500E+01 8.373059E-01 1.233754E+01
2.238400E+01 8.393171E-01 1.233818E+01
2.248300E+01 8.413221E-01 1.233887E+01
2.258200E+01 8.433209E-01 1.233960E+01
2.268100E+01 8.453135E-01 1.234039E+01
2.278000E+01 8.473001E-01 1.234122E+01
2.287900E+01 8.492805E-01 1.233242E+01
2.297800E+01 8.512549E-01 1.233337E+01
2.307700E+01 8.532233E-01 1.233437E+01
2.317600E+01 8.551858E-01 1.233541E+01
2.327500E+01 8.571422E-01 1.233649E+01
2.337400E+01 8.590928E-01 1.233762E+01
2.347300E+01 8.610375E-01 1.233878E+01
2.357200E+01 8.629763E-01 1.233999E+01
2.367100E+01 8.649093E-01 1.233179E+01
2.377000E+01 8.668366E-01 1.233310E+01
2.386900E+01 8.687580E-01 1.233445E+01
2.396800E+01 8.706738E-01 1.233584E+01
2.406700E+01 8.725839E-01 1.233727E+01
2.416600E+01 8.744883E-01 1.233874E+01
2.426500E+01 8.763871E-01 1.234025E+01
2.436400E+01 8.782802E-01 1.233252E+01
2.446300E+01 8.801678E-01 1.233412E+01
2.456200E+01 8.820499E-01 1.233575E+01
2.466100E+01 8.839265E-01 1.233742E+01
2.476000E+01 8.857976E-01 1.233913E+01
2.485900E+01 8.876632E-01 1.233172E+01
2.495800E+01 8.895234E-01 1.233351E+01
2.505700E+01 8.913782E-01 1.233534E+01
2.515600E+01 8.932277E-01 1.233720E+01
2.525500E+01 8.950718E-01 1.233909E+01
2.535400E+01 8.969106E-01 1.233198E+01
2.545300E+01 8.987441E-01 1.233395E+01
2.555200E+01 9.005723E-01 1.233596E+01
2.565100E+01 9.023954E-01 1.233799E+01
2.575000E+01 9.042132E-01 1.233112E+01
2.584900E+01 9.060258E-01 1.233323E+01
2.594800E+01 9.078333E-01 1.233537E+01
2.604700E+01 9.096357E-01 1.233754E+01
2.614600E+01 9.114329E-01 1.233089E+01
2.624500E+01 9.132251E-01 1.233314E+01
2.634400E+01 9.150123E-01 1.233541E+01
2.644300E+01 9.167944E-01 1.233770E+01
2.654200E+01 9.185716E-01 1.233127E+01
2.664100E+01 9.203437E-01 1.233364E+01
2.674000E+01 9.221109E-01 1.233603E+01
2.683900E+01 9.238732E-01 1.232976E+01
2.693800E+01 9.256306E-01 1.233221E+01
2.703700E+01 9.273832E-01 1.233470E+01
2.713600E+01 9.291309E-01 1.233721E+01
2.723500E+01 9.308737E-01 1.233113E+01
2.733400E+01 9.326118E-01 1.233370E+01
2.743300E+01 9.343450E-01 1.233630E+01
2.753200E+01 9.360736E-01 1.233037E+01
2.763100E+01 9.377974E-01 1.233302E+01
2.773000E+01 9.395164E-01 1.233570E+01
2.782900E+01 9.412308E-01 1.232992E+01
2.792800E+01 9.429406E-01 1.233266E+01
2.802700E+01 9.446457E-01 1.233541E+01
2.812600E+01 9.463462E-01 1.232977E+01
2.822500E+01 9.480421E-01 1.233258E+01
2.832400E+01 9.497334E-01 1.233542E+01
2.842300E+01 9.514201E-01 1.232991E+01
2.852200E+01 9.531024E-01 1.233280E+01
2.862100E+01 9.547801E-01 1.233571E+01
2.872000E+01 9.564533E-01 1.233033E+01
2.881900E+01 9.581221E-01 1.233329E+01
2.891800E+01 9.597864E-01 1.232800E+01
2.901700E+01 9.614464E-01 1.233101E+01
2.911600E+01 9.631019E-01 1.233404E+01
2.921500E+01 9.647530E-01 1.232888E+01
2.931400E+01 9.663997E-01 1.233196E+01
2.941300E+01 9.680421E-01 1.232688E+01
2.951200E+01 9.696802E-01 1.233001E+01
2.961100E+01 9.713140E-01 1.233315E+01
2.971000E+01 9.729435E-01 1.232819E+01
2.980900E+01 9.745688E-01 1.233138E+01
2.990800E+01 9.761898E-01 1.232650E+01
3.000700E+01 9.778065E-01 1.232974E+01
3.010600E+01 9.794191E-01 1.233299E+01
3.020500E+01 9.810275E-01 1.232822E+01
3.030400E+01 9.826317E-01 1.233152E+01
3.040300E+01 9.842317E-01 1.232683E+01
3.050200E+01 9.858277E-01 1.233016E+01
3.060100E+01 9.874195E-01 1.233352E+01
3.070000E+01 9.890072E-01 1.232893E+01
3.079900E+01 9.905909E-01 1.233232E+01
3.089800E+01 9.921704E-01 1.232782E+01
3.099700E+01 9.937460E-01 1.233125E+01
3.109600E+01 9.953175E-01 1.232681E+01
3.119500E+01 9.968851E-01 1.233028E+01
3.129400E+01 9.984486E-01 1.232592E+01
3.139300E+01 1.000008E+00 1.232943E+01
3.149200E+01 1.001564E+00 1.232514E+01
3.159100E+01 1.003116E+00 1.232868E+01
3.169000E+01 1.004663E+00 1.232446E+01
3.178900E+01 1.006207E+00 1.232804E+01
3.188800E+01 1.007747E+00 1.233163E+01
3.198700E+01 1.009283E+00 1.232750E+01
3.208600E+01 1.010816E+00 1.233113E+01
3.218500E+01 1.012344E+00 1.232706E+01
3.228400E+01 1.013869E+00 1.233073E+01
3.238300E+01 1.015390E+00 1.232673E+01
3.248200E+01 1.016907E+00 1.233042E+01
3.258100E+01 1.018420E+00 1.232648E+01
3.268000E+01 1.019930E+00 1.233021E+01
3.277900E+01 1.021435E+00 1.232634E+01
3.287800E+01 1.022938E+00 1.233010E+01
3.297700E+01 1.024436E+00 1.232628E+01
3.307600E+01 1.025931E+00 1.233007E+01
3.317500E+01 1.027422E+00 1.232632E+01
3.327400E+01 1.028909E+00 1.232260E+01
3.337300E+01 1.030393E+00 1.232644E+01
3.347200E+01 1.031873E+00 1.232278E+01
3.357100E+01 1.033350E+00 1.232665E+01
3.367000E+01 1.034822E+00 1.232305E+01
3.376900E+01 1.036292E+00 1.232695E+01
3.386800E+01 1.037758E+00 1.232340E+01
3.396700E+01 1.039220E+00 1.232733E+01
3.406600E+01 1.040679E+00 1.232384E+01
3.416500E+01 1.042134E+00 1.232779E+01
3.426400E+01 1.043586E+00 1.232436E+01
3.436300E+01 1.045034E+00 1.232096E+01
3.446200E+01 1.046478E+00 1.232495E+01
3.456100E+01 1.047920E+00 1.232160E+01
3.466000E+01 1.049358E+00 1.232563E+01
3.475900E+01 1.050792E+00 1.232233E+01
3.485800E+01 1.052223E+00 1.232638E+01
3.495700E+01 1.053650E+00 1.232313E+01
3.505600E+01 1.055075E+00 1.231992E+01
3.515500E+01 1.056495E+00 1.232400E+01
3.525400E+01 1.057913E+00 1.232084E+01
3.535300E+01 1.059327E+00 1.232495E+01
3.545200E+01 1.060738E+00 1.232183E+01
3.555100E+01 1.062145E+00 1.232597E+01
3.565000E+01 1.063549E+00 1.232290E+01
3.574900E+01 1.064950E+00 1.231986E+01
3.584800E+01 1.066348E+00 1.232403E+01
3.594700E+01 1.067742E+00 1.232104E+01
3.604600E+01 1.069133E+00 1.232524E+01
3.614500E+01 1.070521E+00 1.232229E+01
3.624400E+01 1.071905E+00 1.231937E+01
3.634300E+01 1.073286E+00 1.232360E+01
3.644200E+01 1.074665E+00 1.232073E+01
3.654100E+01 1.076040E+00 1.231789E+01
3.664000E+01 1.077411E+00 1.232215E+01
3.673900E+01 1.078780E+00 1.231935E+01
3.683800E+01 1.080145E+00 1.232363E+01
3.693700E+01 1.081507E+00 1.232088E+01
3.703600E+01 1.082867E+00 1.231815E+01
3.713500E+01 1.084223E+00 1.232246E+01
3.723400E+01 1.085575E+00 1.231977E+01
3.733300E+01 1.086925E+00 1.231711E+01
3.743200E+01 1.088272E+00 1.232146E+01
3.753100E+01 1.089616E+00 1.231884E+01
3.763000E+01 1.090956E+00 1.231624E+01
3.772900E+01 1.092294E+00 1.232062E+01
3.782800E+01 1.093628E+00 1.231806E+01
3.792700E+01 1.094960E+00 1.231553E+01
3.802600E+01 1.096288E+00 1.231994E+01
3.812500E+01 1.097614E+00 1.231745E+01
3.822400E+01 1.098936E+00 1.231498E+01
3.832300E+01 1.100256E+00 1.231942E+01
3.842200E+01 1.101572E+00 1.231699E+01
3.852100E+01 1.102886E+00 1.231459E+01
3.862000E+01 1.104196E+00 1.231905E+01
3.871900E+01 1.105504E+00 1.231668E+01
3.881800E+01 1.106809E+00 1.231434E+01
3.891700E+01 1.108111E+00 1.231883E+01
3.901600E+01 1.109410E+00 1.231652E+01
3.911500E+01 1.110706E+00 1.231423E+01
3.921400E+01 1.111999E+00 1.231875E+01
3.931300E+01 1.113289E+00 1.231650E+01
3.941200E+01 1.114577E+00 1.231427E+01
3.951100E+01 1.115861E+00 1.231207E+01
3.961000E+01 1.117143E+00 1.231662E+01
3.970900E+01 1.118422E+00 1.231445E+01
3.980800E+01 1.119698E+00 1.231230E+01
3.990700E+01 1.120971E+00 1.231687E+01
4.000600E+01 1.122242E+00 1.231476E+01
4.010500E+01 1.123510E+00 1.231266E+01
4.020400E+01 1.124775E+00 1.231059E+01
4.030300E+01 1.126037E+00 1.231520E+01
4.040200E+01 1.127296E+00 1.231316E+01
4.050100E+01 1.128553E+00 1.231114E+01
4.060000E+01 1.129807E+00 1.231576E+01
4.069900E+01 1.131058E+00 1.231378E+01
4.079800E+01 1.132307E+00 1.231181E+01
4.089700E+01 1.133553E+00 1.230986E+01
4.099600E+01 1.134796E+00 1.231452E+01
4.109500E+01 1.136036E+00 1.231260E+01
4.119400E+01 1.137274E+00 1.231070E+01
4.129300E+01 1.138509E+00 1.230883E+01
4.139200E+01 1.139741E+00 1.231351E+01
4.149100E+01 1.140971E+00 1.231167E+01
4.159000E+01 1.142198E+00 1.230984E+01
4.168900E+01 1.143423E+00 1.230803E+01
4.178800E+01 1.144645E+00 1.231274E+01
4.188700E+01 1.145864E+00 1.231096E+01
4.198600E+01 1.147081E+00 1.230920E+01
4.208500E+01 1.148295E+00 1.230745E+01
4.218400E+01 1.149507E+00 1.231220E+01
4.228300E+01 1.150716E+00 1.231048E+01
4.238200E+01 1.151922E+00 1.230878E+01
4.248100E+01 1.153126E+00 1.230710E+01
4.258000E+01 1.154327E+00 1.230544E+01
4.267900E+01 1.155526E+00 1.231022E+01
4.277800E+01 1.156722E+00 1.230858E+01
4.287700E+01 1.157916E+00 1.230696E+01
4.297600E+01 1.159107E+00 1.230536E+01
4.307500E+01 1.160296E+00 1.231016E+01
4.317400E+01 1.161482E+00 1.230859E+01
4.327300E+01 1.162666E+00 1.230703E+01
4.337200E+01 1.163847E+00 1.230549E+01
4.347100E+01 1.165026E+00 1.230397E+01
4.357000E+01 1.166202E+00 1.230880E+01
4.366900E+01 1.167376E+00 1.230730E+01
4.376800E+01 1.168547E+00 1.230581E+01
4.386700E+01 1.169716E+00 1.230435E+01
4.396600E+01 1.170883E+00 1.230290E+01
4.406500E+01 1.172047E+00 1.230776E+01
4.416400E+01 1.173209E+00 1.230633E+01
4.426300E+01 1.174368E+00 1.230492E+01
4.436200E+01 1.175525E+00 1.230353E+01
4.446100E+01 1.176680E+00 1.230215E+01
4.456000E+01 1.177832E+00 1.230079E+01
4.465900E+01 1.178982E+00 1.230568E+01
4.475800E+01 1.180129E+00 1.230434E+01
4.485700E+01 1.181274E+00 1.230302E+01
4.495600E+01 1.182417E+00 1.230171E+01
4.505500E+01 1.183558E+00 1.230042E+01
4.515400E+01 1.184696E+00 1.229914E+01
4.525300E+01 1.185832E+00 1.230406E+01
4.535200E+01 1.186965E+00 1.230280E+01
4.545100E+01 1.188096E+00 1.230156E+01
4.555000E+01 1.189225E+00 1.230034E+01
4.564900E+01 1.190352E+00 1.229912E+01
4.574800E+01 1.191476E+00 1.229793E+01
4.584700E+01 1.192598E+00 1.230288E+01
4.594600E+01 1.193718E+00 1.230170E+01
4.604500E+01 1.194835E+00 1.230054E+01
4.614400E+01 1.195951E+00 1.229939E+01
4.624300E+01 1.197064E+00 1.229826E+01
4.634200E+01 1.198175E+00 1.229714E+01
4.644100E+01 1.199283E+00 1.229603E+01
4.654000E+01 1.200389E+00 1.230101E+01
4.663900E+01 1.201494E+00 1.229993E+01
4.673800E+01 1.202595E+00 1.229885E+01
4.683700E+01 1.203695E+00 1.229779E+01
4.693600E+01 1.204793E+00 1.229675E+01
4.703500E+01 1.205888E+00 1.229571E+01
4.713400E+01 1.206981E+00 1.229469E+01
4.723300E+01 1.208072E+00 1.229369E+01
4.733200E+01 1.209161E+00 1.229871E+01
4.743100E+01 1.210248E+00 1.229772E+01
4.753000E+01 1.211332E+00 1.229674E+01
4.762900E+01 1.212414E+00 1.229578E+01
4.772800E+01 1.213495E+00 1.229483E+01
4.782700E+01 1.214573E+00 1.229389E+01
4.792600E+01 1.215649E+00 1.229297E+01
4.802500E+01 1.216723E+00 1.229206E+01
4.812400E+01 1.217794E+00 1.229116E+01
4.822300E+01 1.218864E+00 1.229621E+01
4.832200E+01 1.219932E+00 1.229533E+01
4.842100E+01 1.220997E+00 1.229446E+01
4.852000E+01 1.222060E+00 1.229360E+01
4.861900E+01 1.223122E+00 1.229276E+01
4.871800E+01 1.224181E+00 1.229193E+01
4.881700E+01 1.225238E+00 1.229110E+01
4.891600E+01 1.226293E+00 1.229029E+01
4.901500E+01 1.227346E+00 1.228950E+01
4.911400E+01 1.228397E+00 1.228871E+01
4.921300E+01 1.229446E+00 1.228794E+01
4.931200E+01 1.230493E+00 1.229303E+01
4.941100E+01 1.231538E+00 1.229227E+01
4.951000E+01 1.232581E+00 1.229152E+01
4.960900E+01 1.233622E+00 1.229079E+01
4.970800E+01 1.234661E+00 1.229006E+01
4.980700E+01 1.235698E+00 1.228935E+01
4.990600E+01 1.236733E+00 1.228865E+01
5.000500E+01 1.237765E+00 1.228796E+01
5.010400E+01 1.238796E+00 1.228727E+01
5.020300E+01 1.239825E+00 1.228661E+01
5.030200E+01 1.240852E+00 1.228595E+01
5.040100E+01 1.241877E+00 1.228530E+01
5.050000E+01 1.242900E+00 1.228466E+01
5.059900E+01 1.243922E+00 1.228404E+01
5.069800E+01 1.244941E+00 1.228342E+01
5.079700E+01 1.245958E+00 1.228856E+01
5.089600E+01 1.246973E+00 1.228796E+01
5.099500E+01 1.247987E+00 1.228737E+01
5.109400E+01 1.248998E+00 1.228679E+01
5.119300E+01 1.250008E+00 1.228622E+01
5.129200E+01 1.251015E+00 1.228566E+01
5.139100E+01 1.252021E+00 1.228511E+01
5.149000E+01 1.253025E+00 1.228457E+01
5.158900E+01 1.254027E+00 1.228404E+01
5.168800E+01 1.255027E+00 1.228352E+01
5.178700E+01 1.256025E+00 1.228301E+01
5.188600E+01 1.257021E+00 1.228251E+01
5.198500E+01 1.258016E+00 1.228201E+01
5.208400E+01 1.259008E+00 1.228153E+01
5.218300E+01 1.259999E+00 1.228106E+01
5.228200E+01 1.260988E+00 1.228060E+01
5.238100E+01 1.261975E+00 1.228015E+01
5.248000E+01 1.262960E+00 1.227970E+01
5.257900E+01 1.263943E+00 1.227927E+01
5.267800E+01 1.264925E+00 1.227885E+01
5.277700E+01 1.265905E+00 1.227843E+01
5.287600E+01 1.266883E+00 1.227803E+01
5.297500E+01 1.267859E+00 1.227763E+01
5.307400E+01 1.268833E+00 1.227724E+01
5.317300E+01 1.269805E+00 1.227687E+01
5.327200E+01 1.270776E+00 1.227650E+01
5.337100E+01 1.271745E+00 1.227614E+01
5.347000E+01 1.272712E+00 1.227579E+01
5.356900E+01 1.273677E+00 1.227544E+01
5.366800E+01 1.274641E+00 1.227511E+01
5.376700E+01 1.275603E+00 1.227479E+01
5.386600E+01 1.276562E+00 1.227447E+01
5.396500E+01 1.277521E+00 1.227416E+01
5.406400E+01 1.278477E+00 1.227386E+01
5.416300E+01 1.279432E+00 1.227357E+01
5.426200E+01 1.280385E+00 1.227329E+01
5.436100E+01 1.281336E+00 1.227302E+01
5.446000E+01 1.282286E+00 1.227275E+01
5.455900E+01 1.283233E+00 1.227250E+01
5.465800E+01 1.284179E+00 1.227225E+01
5.475700E+01 1.285124E+00 1.227201E+01
5.485600E+01 1.286066E+00 1.227178E+01
5.495500E+01 1.287007E+00 1.227156E+01
5.505400E+01 1.287947E+00 1.227134E+01
5.515300E+01 1.288884E+00 1.227113E+01
5.525200E+01 1.289820E+00 1.227093E+01
5.535100E+01 1.290754E+00 1.227074E+01
5.545000E+01 1.291686E+00 1.227056E+01
5.554900E+01 1.292617E+00 1.227038E+01
5.564800E+01 1.293546E+00 1.227022E+01
5.574700E+01 1.294474E+00 1.227006E+01
5.584600E+01 1.295399E+00 1.226990E+01
5.594500E+01 1.296323E+00 1.226976E+01
5.604400E+01 1.297246E+00 1.226962E+01
5.614300E+01 1.298167E+00 1.226949E+01
5.624200E+01 1.299086E+00 1.226937E+01
5.634100E+01 1.300003E+00 1.226926E+01
5.644000E+01 1.300919E+00 1.226915E+01
5.653900E+01 1.301833E+00 1.226905E+01
5.663800E+01 1.302746E+00 1.226896E+01
5.673700E+01 1.303657E+00 1.226888E+01
5.683600E+01 1.304566E+00 1.226344E+01
5.693500E+01 1.305474E+00 1.226338E+01
5.703400E+01 1.306380E+00 1.226332E+01
5.713300E+01 1.307285E+00 1.226327E+01
5.723200E+01 1.308188E+00 1.226323E+01
5.733100E+01 1.309089E+00 1.226319E+01
5.743000E+01 1.309989E+00 1.226317E+01
5.752900E+01 1.310887E+00 1.226314E+01
5.762800E+01 1.311783E+00 1.226313E+01
5.772700E+01 1.312678E+00 1.226312E+01
5.782600E+01 1.313572E+00 1.226312E+01
5.792500E+01 1.314464E+00 1.226313E+01
5.802400E+01 1.315354E+00 1.226314E+01
5.812300E+01 1.316243E+00 1.226316E+01
5.822200E+01 1.317130E+00 1.226319E+01
5.832100E+01 1.318015E+00 1.226322E+01
5.842000E+01 1.318900E+00 1.225799E+01
5.851900E+01 1.319782E+00 1.225805E+01
5.861800E+01 1.320663E+00 1.225810E+01
5.871700E+01 1.321542E+00 1.225817E+01
5.881600E+01 1.322420E+00 1.225824E+01
5.891500E+01 1.323297E+00 1.225832E+01
5.901400E+01 1.324172E+00 1.225840E+01
5.911300E+01 1.325045E+00 1.225849E+01
5.921200E+01 1.325917E+00 1.225859E+01
5.931100E+01 1.326787E+00 1.225870E+01
5.941000E+01 1.327656E+00 1.225881E+01
5.950900E+01 1.328523E+00 1.225892E+01
5.960800E+01 1.329389E+00 1.225384E+01
5.970700E+01 1.330253E+00 1.225398E+01
5.980600E+01 1.331116E+00 1.225412E+01
5.990500E+01 1.331978E+00 1.225426E+01
6.000400E+01 1.332838E+00 1.225441E+01
6.010300E+01 1.333696E+00 1.225457E+01
6.020200E+01 1.334553E+00 1.225474E+01
6.030100E+01 1.335408E+00 1.225491E+01
6.040000E+01 1.336262E+00 1.225508E+01
6.049900E+01 1.337115E+00 1.225527E+01
6.059800E+01 1.337966E+00 1.225030E+01
6.069700E+01 1.338816E+00 1.225050E+01
6.079600E+01 1.339664E+00 1.225071E+01
6.089500E+01 1.340510E+00 1.225092E+01
6.099400E+01 1.341356E+00 1.225113E+01
6.109300E+01 1.342200E+00 1.225136E+01
6.119200E+01 1.343042E+00 1.225158E+01
6.129100E+01 1.343883E+00 1.225182E+01
6.139000E+01 1.344723E+00 1.225206E+01
6.148900E+01 1.345561E+00 1.224720E+01
6.158800E+01 1.346397E+00 1.224745E+01
6.168700E+01 1.347233E+00 1.224771E+01
6.178600E+01 1.348067E+00 1.224798E+01
6.188500E+01 1.348899E+00 1.224825E+01
6.198400E+01 1.349730E+00 1.224853E+01
6.208300E+01 1.350560E+00 1.224881E+01
6.218200E+01 1.351388E+00 1.224910E+01
6.228100E+01 1.352215E+00 1.224433E+01
6.238000E+01 1.353040E+00 1.224463E+01
6.247900E+01 1.353865E+00 1.224494E+01
6.257800E+01 1.354687E+00 1.224525E+01
6.267700E+01 1.355509E+00 1.224557E+01
6.277600E+01 1.356329E+00 1.224590E+01
6.287500E+01 1.357147E+00 1.224623E+01
6.297400E+01 1.357965E+00 1.224153E+01
6.307300E+01 1.358780E+00 1.224187E+01
6.317200E+01 1.359595E+00 1.224222E+01
6.327100E+01 1.360408E+00 1.224258E+01
6.337000E+01 1.361220E+00 1.224294E+01
6.346900E+01 1.362030E+00 1.224330E+01
6.356800E+01 1.362839E+00 1.224367E+01
6.366700E+01 1.363647E+00 1.223905E+01
6.376600E+01 1.364454E+00 1.223944E+01
6.386500E+01 1.365259E+00 1.223982E+01
6.396400E+01 1.366063E+00 1.224022E+01
6.406300E+01 1.366865E+00 1.224062E+01
6.416200E+01 1.367666E+00 1.224102E+01
6.426100E+01 1.368466E+00 1.224143E+01
6.436000E+01 1.369264E+00 1.223688E+01
6.445900E+01 1.370062E+00 1.223730E+01
6.455800E+01 1.370857E+00 1.223773E+01
6.465700E+01 1.371652E+00 1.223816E+01
6.475600E+01 1.372445E+00 1.223860E+01
6.485500E+01 1.373237E+00 1.223904E+01
6.495400E+01 1.374028E+00 1.223455E+01
6.505300E+01 1.374817E+00 1.223500E+01
6.515200E+01 1.375605E+00 1.223546E+01
6.525100E+01 1.376392E+00 1.223592E+01
6.535000E+01 1.377178E+00 1.223639E+01
6.544900E+01 1.377962E+00 1.223687E+01
6.554800E+01 1.378745E+00 1.223243E+01
6.564700E+01 1.379526E+00 1.223292E+01
6.574600E+01 1.380307E+00 1.223341E+01
6.584500E+01 1.381086E+00 1.223391E+01
6.594400E+01 1.381864E+00 1.223440E+01
6.604300E+01 1.382640E+00 1.223002E+01
6.614200E+01 1.383416E+00 1.223054E+01
6.624100E+01 1.384190E+00 1.223105E+01
6.634000E+01 1.384962E+00 1.223157E+01
6.643900E+01 1.385734E+00 1.223210E+01
6.653800E+01 1.386504E+00 1.223263E+01
6.663700E+01 1.387273E+00 1.222830E+01
6.673600E+01 1.388041E+00 1.222884E+01
6.683500E+01 1.388808E+00 1.222939E+01
6.693400E+01 1.389573E+00 1.222994E+01
6.703300E+01 1.390337E+00 1.223049E+01
6.713200E+01 1.391100E+00 1.222622E+01
6.723100E+01 1.391862E+00 1.222678E+01
6.733000E+01 1.392622E+00 1.222735E+01
6.742900E+01 1.393382E+00 1.222793E+01
6.752800E+01 1.394140E+00 1.222850E+01
6.762700E+01 1.394897E+00 1.222427E+01
6.772600E+01 1.395652E+00 1.222486E+01
6.782500E+01 1.396407E+00 1.222546E+01
6.792400E+01 1.397160E+00 1.222606E+01
6.802300E+01 1.397912E+00 1.222666E+01
6.812200E+01 1.398663E+00 1.222247E+01
6.822100E+01 1.399412E+00 1.222309E+01
6.832000E+01 1.400161E+00 1.222370E+01
6.841900E+01 1.400908E+00 1.222432E+01
6.851800E+01 1.401654E+00 1.222495E+01
6.861700E+01 1.402399E+00 1.222081E+01
6.871600E+01 1.403142E+00 1.222144E+01
6.881500E+01 1.403885E+00 1.222208E+01
6.891400E+01 1.404626E+00 1.222273E+01
6.901300E+01 1.405366E+00 1.221862E+01
6.911200E+01 1.406105E+00 1.221928E+01
6.921100E+01 1.406843E+00 1.221994E+01
6.931000E+01 1.407580E+00 1.222060E+01
6.940900E+01 1.408315E+00 1.222127E+01
6.950800E+01 1.409050E+00 1.221720E+01
6.960700E+01 1.409783E+00 1.221788E+01
6.970600E+01 1.410515E+00 1.221856E+01
6.980500E+01 1.411246E+00 1.221925E+01
6.990400E+01 1.411976E+00 1.221522E+01
7.000300E+01 1.412704E+00 1.221591E+01
7.010200E+01 1.413432E+00 1.221661E+01
7.020100E+01 1.414158E+00 1.221731E+01
7.030000E+01 1.414883E+00 1.221332E+01
7.039900E+01 1.415607E+00 1.221403E+01
7.049800E+01 1.416330E+00 1.221475E+01
7.059700E+01 1.417052E+00 1.221547E+01
7.069600E+01 1.417773E+00 1.221619E+01
7.079500E+01 1.418492E+00 1.221224E+01
7.089400E+01 1.419211E+00 1.221297E+01
7.099300E+01 1.419928E+00 1.221371E+01
7.109200E+01 1.420644E+00 1.221445E+01
7.119100E+01 1.421359E+00 1.221053E+01
7.129000E+01 1.422073E+00 1.221128E+01
7.138900E+01 1.422786E+00 1.221203E+01
7.148800E+01 1.423498E+00 1.221279E+01
7.158700E+01 1.424209E+00 1.220890E+01
7.168600E+01 1.424918E+00 1.220967E+01
7.178500E+01 1.425627E+00 1.221044E+01
7.188400E+01 1.426334E+00 1.221121E+01
7.198300E+01 1.427041E+00 1.220735E+01
7.208200E+01 1.427746E+00 1.220814E+01
7.218100E+01 1.428450E+00 1.220892E+01
7.228000E+01 1.429153E+00 1.220971E+01
7.237900E+01 1.429855E+00 1.220589E+01
7.247800E+01 1.430556E+00 1.220669E+01
7.257700E+01 1.431256E+00 1.220749E+01
7.267600E+01 1.431955E+00 1.220829E+01
7.277500E+01 1.432652E+00 1.220450E+01
7.287400E+01 1.433349E+00 1.220531E+01
7.297300E+01 1.434045E+00 1.220613E+01
7.307200E+01 1.434739E+00 1.220236E+01
7.317100E+01 1.435433E+00 1.220319E+01
7.327000E+01 1.436125E+00 1.220402E+01
7.336900E+01 1.436816E+00 1.220485E+01
7.346800E+01 1.437507E+00 1.220111E+01
7.356700E+01 1.438196E+00 1.220196E+01
7.366600E+01 1.438884E+00 1.220280E+01
7.376500E+01 1.439571E+00 1.220365E+01
7.386400E+01 1.440257E+00 1.219994E+01
7.396300E+01 1.440942E+00 1.220080E+01
7.406200E+01 1.441626E+00 1.220166E+01
7.416100E+01 1.442309E+00 1.219797E+01
7.426000E+01 1.442991E+00 1.219884E+01
7.435900E+01 1.443672E+00 1.219971E+01
7.445800E+01 1.444352E+00 1.220059E+01
7.455700E+01 1.445031E+00 1.219693E+01
7.465600E+01 1.445709E+00 1.219781E+01
7.475500E+01 1.446386E+00 1.219870E+01
7.485400E+01 1.447062E+00 1.219506E+01
7.495300E+01 1.447736E+00 1.219596E+01
7.505200E+01 1.448410E+00 1.219685E+01
7.515100E+01 1.449083E+00 1.219776E+01
7.525000E+01 1.449755E+00 1.219415E+01
7.534900E+01 1.450426E+00 1.219506E+01
7.544800E+01 1.451095E+00 1.219597E+01
7.554700E+01 1.451764E+00 1.219238E+01
7.564600E+01 1.452432E+00 1.219330E+01
7.574500E+01 1.453099E+00 1.219423E+01
7.584400E+01 1.453764E+00 1.219515E+01
7.594300E+01 1.454429E+00 1.219159E+01
7.604200E+01 1.455093E+00 1.219253E+01
7.614100E+01 1.455756E+00 1.219346E+01
7.624000E+01 1.456418E+00 1.218993E+01
7.633900E+01 1.457078E+00 1.219087E+01
7.643800E+01 1.457738E+00 1.219182E+01
7.653700E+01 1.458397E+00 1.218830E+01
7.663600E+01 1.459055E+00 1.218926E+01
7.673500E+01 1.459712E+00 1.219022E+01
7.683400E+01 1.460368E+00 1.218672E+01
7.693300E+01 1.461023E+00 1.218769E+01
7.703200E+01 1.461677E+00 1.218866E+01
7.713100E+01 1.462330E+00 1.218963E+01
7.723000E+01 1.462982E+00 1.218616E+01
7.732900E+01 1.463633E+00 1.218714E+01
7.742800E+01 1.464283E+00 1.218812E+01
7.752700E+01 1.464933E+00 1.218467E+01
7.762600E+01 1.465581E+00 1.218566E+01
7.772500E+01 1.466228E+00 1.218665E+01
7.782400E+01 1.466875E+00 1.218322E+01
7.792300E+01 1.467520E+00 1.218422E+01
7.802200E+01 1.468164E+00 1.218522E+01
7.812100E+01 1.468808E+00 1.218182E+01
7.822000E+01 1.469451E+00 1.218283E+01
7.831900E+01 1.470092E+00 1.218384E+01
7.841800E+01 1.470733E+00 1.218045E+01
7.851700E+01 1.471373E+00 1.218147E+01
7.861600E+01 1.472011E+00 1.218249E+01
7.871500E+01 1.472649E+00 1.217912E+01
7.881400E+01 1.473286E+00 1.218015E+01
7.891300E+01 1.473922E+00 1.218118E+01
7.901200E+01 1.474557E+00 1.217783E+01
7.911100E+01 1.475192E+00 1.217887E+01
7.921000E+01 1.475825E+00 1.217991E+01
7.930900E+01 1.476457E+00 1.217658E+01
7.940800E+01 1.477089E+00 1.217763E+01
7.950700E+01 1.477719E+00 1.217868E+01
7.960600E+01 1.478349E+00 1.217537E+01
7.970500E+01 1.478977E+00 1.217642E+01
7.980400E+01 1.479605E+00 1.217748E+01
7.990300E+01 1.480232E+00 1.217419E+01
8.000200E+01 1.480858E+00 1.217526E+01
8.010100E+01 1.481483E+00 1.217633E+01
8.020000E+01 1.482107E+00 1.217305E+01
8.029900E+01 1.482731E+00 1.217413E+01
8.039800E+01 1.483353E+00 1.217521E+01
8.049700E+01 1.483974E+00 1.217195E+01
8.059600E+01 1.484595E+00 1.217304E+01
8.069500E+01 1.485215E+00 1.217412E+01
8.079400E+01 1.485834E+00 1.217089E+01
8.089300E+01 1.486451E+00 1.217198E+01
8.099200E+01 1.487068E+00 1.217307E+01
8.109100E+01 1.487685E+00 1.216986E+01
8.119000E+01 1.488300E+00 1.217096E+01
8.128900E+01 1.488914E+00 1.217206E+01
8.138800E+01 1.489528E+00 1.216886E+01
8.148700E+01 1.490140E+00 1.216997E+01
8.158600E+01 1.490752E+00 1.217108E+01
8.168500E+01 1.491363E+00 1.216790E+01
8.178400E+01 1.491973E+00 1.216902E+01
8.188300E+01 1.492582E+00 1.216586E+01
8.198200E+01 1.493190E+00 1.216698E+01
8.208100E+01 1.493798E+00 1.216811E+01
8.218000E+01 1.494404E+00 1.216496E+01
8.227900E+01 1.495010E+00 1.216609E+01
8.237800E+01 1.495615E+00 1.216722E+01
8.247700E+01 1.496219E+00 1.216409E+01
8.257600E+01 1.496822E+00 1.216523E+01
8.267500E+01 1.497424E+00 1.216637E+01
8.277400E+01 1.498026E+00 1.216326E+01
8.287300E+01 1.498626E+00 1.216441E+01
8.297200E+01 1.499226E+00 1.216131E+01
8.307100E+01 1.499825E+00 1.216246E+01
8.317000E+01 1.500423E+00 1.216362E+01
8.326900E+01 1.501020E+00 1.216053E+01
8.336800E+01 1.501616E+00 1.216170E+01
8.346700E+01 1.502212E+00 1.216286E+01
8.356600E+01 1.502807E+00 1.215979E+01
8.366500E+01 1.503400E+00 1.216097E+01
8.376400E+01 1.503993E+00 1.215791E+01
8.386300E+01 1.504585E+00 1.215909E+01
8.396200E+01 1.505177E+00 1.216026E+01
8.406100E+01 1.505767E+00 1.215723E+01
8.416000E+01 1.506357E+00 1.215841E+01
8.425900E+01 1.506946E+00 1.215960E+01
8.435800E+01 1.507534E+00 1.215657E+01
8.445700E+01 1.508121E+00 1.215777E+01
8.455600E+01 1.508707E+00 1.215476E+01
8.465500E+01 1.509293E+00 1.215595E+01
8.475400E+01 1.509878E+00 1.215715E+01
8.485300E+01 1.510462E+00 1.215416E+01
8.495200E+01 1.511045E+00 1.215536E+01
8.505100E+01 1.511627E+00 1.215238E+01
8.515000E+01 1.512209E+00 1.215359E+01
8.524900E+01 1.512789E+00 1.215480E+01
8.534800E+01 1.513369E+00 1.215184E+01
8.544700E+01 1.513948E+00 1.215305E+01
8.554600E+01 1.514527E+00 1.215010E+01
8.564500E+01 1.515104E+00 1.215132E+01
8.574400E+01 1.515681E+00 1.215255E+01
8.584300E+01 1.516257E+00 1.214961E+01
8.594200E+01 1.516832E+00 1.215084E+01
8.604100E+01 1.517406E+00 1.215207E+01
8.614000E+01 1.517979E+00 1.214915E+01
8.623900E+01 1.518552E+00 1.215039E+01
8.633800E+01 1.519124E+00 1.214747E+01
8.643700E+01 1.519695E+00 1.214872E+01
8.653600E+01 1.520265E+00 1.214996E+01
8.663500E+01 1.520835E+00 1.214706E+01
8.673400E+01 1.521404E+00 1.214831E+01
8.683300E+01 1.521972E+00 1.214543E+01
8.693200E+01 1.522539E+00 1.214668E+01
8.703100E+01 1.523105E+00 1.214381E+01
8.713000E+01 1.523671E+00 1.214507E+01
8.722900E+01 1.524236E+00 1.214633E+01
8.732800E+01 1.524800E+00 1.214347E+01
8.742700E+01 1.525363E+00 1.214474E+01
8.752600E+01 1.525926E+00 1.214189E+01
8.762500E+01 1.526488E+00 1.214316E+01
8.772400E+01 1.527049E+00 1.214444E+01
8.782300E+01 1.527609E+00 1.214160E+01
8.792200E+01 1.528169E+00 1.214288E+01
8.802100E+01 1.528727E+00 1.214006E+01
8.812000E+01 1.529285E+00 1.214134E+01
8.821900E+01 1.529842E+00 1.214263E+01
8.831800E+01 1.530399E+00 1.213982E+01
8.841700E+01 1.530955E+00 1.214111E+01
8.851600E+01 1.531510E+00 1.213831E+01
8.861500E+01 1.532064E+00 1.213961E+01
8.871400E+01 1.532617E+00 1.213682E+01
8.881300E+01 1.533170E+00 1.213812E+01
8.891200E+01 1.533722E+00 1.213942E+01
8.901100E+01 1.534273E+00 1.213665E+01
8.911000E+01 1.534824E+00 1.213795E+01
8.920900E+01 1.535373E+00 1.213519E+01
8.930800E+01 1.535922E+00 1.213650E+01
8.940700E+01 1.536470E+00 1.213375E+01
8.950600E+01 1.537018E+00 1.213506E+01
8.960500E+01 1.537565E+00 1.213638E+01
8.970400E+01 1.538111E+00 1.213364E+01
8.980300E+01 1.538656E+00 1.213497E+01
8.990200E+01 1.539200E+00 1.213224E+01
9.000100E+01 1.539744E+00 1.213356E+01
9.010000E+01 1.540287E+00 1.213085E+01
9.019900E+01 1.540830E+00 1.213218E+01
9.029800E+01 1.541371E+00 1.213351E+01
9.039700E+01 1.541912E+00 1.213080E+01
9.049600E+01 1.542452E+00 1.213214E+01
9.059500E+01 1.542992E+00 1.212945E+01
9.069400E+01 1.543531E+00 1.213079E+01
9.079300E+01 1.544069E+00 1.212810E+01
9.089200E+01 1.544606E+00 1.212945E+01
9.099100E+01 1.545142E+00 1.212678E+01
9.109000E+01 1.545678E+00 1.212813E+01
9.118900E+01 1.546213E+00 1.212948E+01
9.128800E+01 1.546748E+00 1.212682E+01
9.138700E+01 1.547282E+00 1.212817E+01
9.148600E+01 1.547815E+00 1.212552E+01
9.158500E+01 1.548347E+00 1.212688E+01
9.168400E+01 1.548878E+00 1.212424E+01
9.178300E+01 1.549409E+00 1.212561E+01
9.188200E+01 1.549940E+00 1.212297E+01
9.198100E+01 1.550469E+00 1.212434E+01
9.208000E+01 1.550998E+00 1.212572E+01
9.217900E+01 1.551526E+00 1.212310E+01
9.227800E+01 1.552053E+00 1.212447E+01
9.237700E+01 1.552580E+00 1.212186E+01
9.247600E+01 1.553106E+00 1.212324E+01
9.257500E+01 1.553631E+00 1.212064E+01
9.267400E+01 1.554156E+00 1.212202E+01
9.277300E+01 1.554680E+00 1.211943E+01
9.287200E+01 1.555203E+00 1.212082E+01
9.297100E+01 1.555725E+00 1.211824E+01
9.307000E+01 1.556247E+00 1.211963E+01
9.316900E+01 1.556768E+00 1.212102E+01
9.326800E+01 1.557289E+00 1.211845E+01
9.336700E+01 1.557809E+00 1.211985E+01
9.346600E+01 1.558328E+00 1.211729E+01
9.356500E+01 1.558846E+00 1.211869E+01
9.366400E+01 1.559364E+00 1.211614E+01
9.376300E+01 1.559881E+00 1.211755E+01
9.386200E+01 1.560397E+00 1.211501E+01
9.396100E+01 1.560913E+00 1.211642E+01
9.406000E+01 1.561428E+00 1.211388E+01
9.415900E+01 1.561942E+00 1.211530E+01
9.425800E+01 1.562456E+00 1.211277E+01
9.435700E+01 1.562969E+00 1.211419E+01
9.445600E+01 1.563481E+00 1.211167E+01
9.455500E+01 1.563993E+00 1.211310E+01
9.465400E+01 1.564504E+00 1.211452E+01
9.475300E+01 1.565014E+00 1.211202E+01
9.485200E+01 1.565524E+00 1.211344E+01
9.495100E+01 1.566033E+00 1.211095E+01
9.505000E+01 1.566541E+00 1.211238E+01
9.514900E+01 1.567049E+00 1.210989E+01
9.524800E+01 1.567556E+00 1.211133E+01
9.534700E+01 1.568062E+00 1.210885E+01
9.544600E+01 1.568568E+00 1.211029E+01
9.554500E+01 1.569073E+00 1.210782E+01
9.564400E+01 1.569577E+00 1.210926E+01
9.574300E+01 1.570081E+00 1.210680E+01
9.584200E+01 1.570584E+00 1.210825E+01
9.594100E+01 1.571087E+00 1.210580E+01
9.604000E+01 1.571588E+00 1.210725E+01
9.613900E+01 1.572090E+00 1.210481E+01
9.623800E+01 1.572590E+00 1.210626E+01
9.633700E+01 1.573090E+00 1.210383E+01
9.643600E+01 1.573589E+00 1.210528E+01
9.653500E+01 1.574088E+00 1.210286E+01
9.663400E+01 1.574586E+00 1.210432E+01
9.673300E+01 1.575083E+00 1.210190E+01
9.683200E+01 1.575580E+00 1.210337E+01
9.693100E+01 1.576076E+00 1.210096E+01
9.703000E+01 1.576571E+00 1.210242E+01
9.712900E+01 1.577066E+00 1.210002E+01
9.722800E+01 1.577560E+00 1.210150E+01
9.732700E+01 1.578053E+00 1.210297E+01
9.742600E+01 1.578546E+00 1.210058E+01
9.752500E+01 1.579038E+00 1.210206E+01
9.762400E+01 1.579530E+00 1.209967E+01
9.772300E+01 1.580021E+00 1.210115E+01
9.782200E+01 1.580511E+00 1.209878E+01
9.792100E+01 1.581001E+00 1.210026E+01
9.802000E+01 1.581490E+00 1.209790E+01
9.811900E+01 1.581978E+00 1.209939E+01
9.821800E+01 1.582466E+00 1.209703E+01
9.831700E+01 1.582953E+00 1.209852E+01
9.841600E+01 1.583440E+00 1.209617E+01
9.851500E+01 1.583926E+00 1.209766E+01
9.861400E+01 1.584411E+00 1.209532E+01
9.871300E+01 1.584896E+00 1.209682E+01
9.881200E+01 1.585380E+00 1.209448E+01
9.891100E+01 1.585863E+00 1.209599E+01
9.901000E+01 1.586346E+00 1.209366E+01
9.910900E+01 1.586828E+00 1.209516E+01
9.920800E+01 1.587310E+00 1.209285E+01
9.930700E+01 1.587791E+00 1.209053E+01
9.940600E+01 1.588272E+00 1.209204E+01
9.950500E+01 1.588751E+00 1.208974E+01
9.960400E+01 1.589231E+00 1.209125E+01
9.970300E+01 1.589709E+00 1.208896E+01
9.980200E+01 1.590187E+00 1.209047E+01
9.990100E+01 1.590665E+00 1.208818E+01
1.000000E+02 1.591141E+00 1.208970E+01
1.009000E+02 1.595448E+00 1.208393E+01
1.018000E+02 1.599707E+00 1.208217E+01
1.027000E+02 1.603917E+00 1.207686E+01
1.036000E+02 1.608080E+00 1.207179E+01
1.045000E+02 1.612196E+00 1.207064E+01
1.054000E+02 1.616267E+00 1.206599E+01
1.063000E+02 1.620293E+00 1.206156E+01
1.072000E+02 1.624274E+00 1.205733E+01
1.081000E+02 1.628213E+00 1.205331E+01
1.090000E+02 1.632108E+00 1.204949E+01
1.099000E+02 1.635961E+00 1.204587E+01
1.108000E+02 1.639772E+00 1.204243E+01
1.117000E+02 1.643543E+00 1.203918E+01
1.126000E+02 1.647273E+00 1.203257E+01
1.135000E+02 1.650964E+00 1.202969E+01
1.144000E+02 1.654616E+00 1.202699E+01
1.153000E+02 1.658229E+00 1.202095E+01
1.162000E+02 1.661805E+00 1.201860E+01
1.171000E+02 1.665343E+00 1.201294E+01
1.180000E+02 1.668845E+00 1.201092E+01
1.189000E+02 1.672310E+00 1.200561E+01
1.198000E+02 1.675740E+00 1.200391E+01
1.207000E+02 1.679134E+00 1.199895E+01
1.216000E+02 1.682494E+00 1.199416E+01
1.225000E+02 1.685820E+00 1.198954E+01
1.234000E+02 1.689113E+00 1.198844E+01
1.243000E+02 1.692372E+00 1.198413E+01
1.252000E+02 1.695599E+00 1.197998E+01
1.261000E+02 1.698793E+00 1.197599E+01
1.270000E+02 1.701956E+00 1.197215E+01
1.279000E+02 1.705088E+00 1.196845E+01
1.288000E+02 1.708188E+00 1.196491E+01
1.297000E+02 1.711259E+00 1.195823E+01
1.306000E+02 1.714299E+00 1.195498E+01
1.315000E+02 1.717310E+00 1.195187E+01
1.324000E+02 1.720291E+00 1.194889E+01
1.333000E+02 1.723244E+00 1.194283E+01
1.342000E+02 1.726169E+00 1.194012E+01
1.351000E+02 1.729065E+00 1.193754E+01
1.360000E+02 1.731934E+00 1.193191E+01
1.369000E+02 1.734776E+00 1.192959E+01
1.378000E+02 1.737591E+00 1.192423E+01
1.387000E+02 1.740379E+00 1.192216E+01
1.396000E+02 1.743141E+00 1.191707E+01
1.405000E+02 1.745877E+00 1.191212E+01
1.414000E+02 1.748588E+00 1.191041E+01
1.423000E+02 1.751274E+00 1.190571E+01
1.432000E+02 1.753935E+00 1.190114E+01
1.441000E+02 1.756571E+00 1.189669E+01
1.450000E+02 1.759183E+00 1.189544E+01
1.459000E+02 1.761771E+00 1.189123E+01
1.468000E+02 1.764336E+00 1.188714E+01
1.477000E+02 1.766877E+00 1.188316E+01
1.486000E+02 1.769395E+00 1.187931E+01
1.495000E+02 1.771891E+00 1.187557E+01
1.504000E+02 1.774364E+00 1.187194E+01
1.513000E+02 1.776815E+00 1.186842E+01
1.522000E+02 1.779244E+00 1.186501E+01
1.531000E+02 1.781652E+00 1.186170E+01
1.540000E+02 1.784038E+00 1.185554E+01
1.549000E+02 1.786403E+00 1.185245E+01
1.558000E+02 1.788748E+00 1.184946E+01
1.567000E+02 1.791072E+00 1.184658E+01
1.576000E+02 1.793375E+00 1.184086E+01
1.585000E+02 1.795659E+00 1.183818E+01
1.594000E+02 1.797922E+00 1.183559E+01
1.603000E+02 1.800166E+00 1.183020E+01
1.612000E+02 1.802391E+00 1.182781E+01
1.621000E+02 1.804596E+00 1.182262E+01
1.630000E+02 1.806783E+00 1.182042E+01
1.639000E+02 1.808951E+00 1.181543E+01
1.648000E+02 1.811100E+00 1.181341E+01
1.657000E+02 1.813231E+00 1.180863E+01
1.666000E+02 1.815344E+00 1.180394E+01
1.675000E+02 1.817439E+00 1.180219E+01
1.684000E+02 1.819517E+00 1.179769E+01
1.693000E+02 1.821577E+00 1.179329E+01
1.702000E+02 1.823620E+00 1.179179E+01
1.711000E+02 1.825646E+00 1.178757E+01
1.720000E+02 1.827655E+00 1.178345E+01
1.729000E+02 1.829647E+00 1.177941E+01
1.738000E+02 1.831623E+00 1.177546E+01
1.747000E+02 1.833583E+00 1.177160E+01
1.756000E+02 1.835526E+00 1.176783E+01
1.765000E+02 1.837454E+00 1.176414E+01
1.774000E+02 1.839365E+00 1.176328E+01
1.783000E+02 1.841262E+00 1.175976E+01
1.792000E+02 1.843142E+00 1.175359E+01
1.801000E+02 1.845008E+00 1.175023E+01
1.810000E+02 1.846858E+00 1.174696E+01
1.819000E+02 1.848694E+00 1.174376E+01
1.828000E+02 1.850515E+00 1.174064E+01
1.837000E+02 1.852321E+00 1.173760E+01
1.846000E+02 1.854113E+00 1.173463E+01
1.855000E+02 1.855890E+00 1.172907E+01
1.864000E+02 1.857653E+00 1.172626E+01
1.873000E+02 1.859403E+00 1.172352E+01
1.882000E+02 1.861138E+00 1.172085E+01
1.891000E+02 1.862860E+00 1.171561E+01
1.900000E+02 1.864568E+00 1.171309E+01
1.909000E+02 1.866263E+00 1.171064E+01
1.918000E+02 1.867945E+00 1.170563E+01
1.927000E+02 1.869613E+00 1.170332E+01
1.936000E+02 1.871269E+00 1.169846E+01
1.945000E+02 1.872911E+00 1.169629E+01
1.954000E+02 1.874541E+00 1.169159E+01
1.963000E+02 1.876158E+00 1.168955E+01
1.972000E+02 1.877763E+00 1.168499E+01
1.981000E+02 1.879356E+00 1.168308E+01
1.990000E+02 1.880936E+00 1.167866E+01
1.999000E+02 1.882504E+00 1.167432E+01
2.008000E+02 1.884060E+00 1.167261E+01
2.017000E+02 1.885605E+00 1.166840E+01
2.026000E+02 1.887137E+00 1.166426E+01
2.035000E+02 1.888658E+00 1.166273E+01
2.044000E+02 1.890168E+00 1.165873E+01
2.053000E+02 1.891666E+00 1.165479E+01
2.062000E+02 1.893152E+00 1.165092E+01
2.071000E+02 1.894628E+00 1.164711E+01
2.080000E+02 1.896093E+00 1.164588E+01
2.089000E+02 1.897546E+00 1.164220E+01
2.098000E+02 1.898989E+00 1.163859E+01
2.107000E+02 1.900421E+00 1.163503E+01
2.116000E+02 1.901842E+00 1.163154E+01
2.125000E+02 1.903253E+00 1.162811E+01
2.134000E+02 1.904654E+00 1.162474E+01
2.143000E+02 1.906044E+00 1.162144E+01
2.152000E+02 1.907424E+00 1.161819E+01
2.161000E+02 1.908793E+00 1.161500E+01
2.170000E+02 1.910153E+00 1.161187E+01
2.179000E+02 1.911503E+00 1.160880E+01
2.188000E+02 1.912843E+00 1.160578E+01
2.197000E+02 1.914173E+00 1.160282E+01
2.206000E+02 1.915493E+00 1.159992E+01
2.215000E+02 1.916804E+00 1.159464E+01
2.224000E+02 1.918106E+00 1.159185E+01
2.233000E+02 1.919398E+00 1.158911E+01
2.242000E+02 1.920680E+00 1.158643E+01
2.251000E+02 1.921954E+00 1.158381E+01
2.260000E+02 1.923218E+00 1.157882E+01
2.269000E+02 1.924473E+00 1.157630E+01
2.278000E+02 1.925720E+00 1.157384E+01
2.287000E+02 1.926957E+00 1.156903E+01
2.296000E+02 1.928185E+00 1.156667E+01
2.305000E+02 1.929405E+00 1.156435E+01
2.314000E+02 1.930617E+00 1.155971E+01
2.323000E+02 1.931819E+00 1.155750E+01
2.332000E+02 1.933013E+00 1.155534E+01
2.341000E+02 1.934199E+00 1.155086E+01
2.350000E+02 1.935376E+00 1.154880E+01
2.359000E+02 1.936545E+00 1.154443E+01
2.368000E+02 1.937706E+00 1.154246E+01
2.377000E+02 1.938859E+00 1.153820E+01
2.386000E+02 1.940004E+00 1.153633E+01
2.395000E+02 1.941140E+00 1.153217E+01
2.404000E+02 1.942269E+00 1.153039E+01
2.413000E+02 1.943390E+00 1.152633E+01
2.422000E+02 1.944503E+00 1.152232E+01
2.431000E+02 1.945609E+00 1.152068E+01
2.440000E+02 1.946707E+00 1.151677E+01
2.449000E+02 1.947797E+00 1.151522E+01
2.458000E+02 1.948880E+00 1.151141E+01
2.467000E+02 1.949955E+00 1.150764E+01
2.476000E+02 1.951023E+00 1.150393E+01
2.485000E+02 1.952084E+00 1.150255E+01
2.494000E+02 1.953137E+00 1.149893E+01
2.503000E+02 1.954183E+00 1.149536E+01
2.512000E+02 1.955222E+00 1.149183E+01
2.521000E+02 1.956254E+00 1.149063E+01
2.530000E+02 1.957279E+00 1.148719E+01
2.539000E+02 1.958297E+00 1.148380E+01
2.548000E+02 1.959308E+00 1.148045E+01
2.557000E+02 1.960312E+00 1.147715E+01
2.566000E+02 1.961310E+00 1.147390E+01
2.575000E+02 1.962300E+00 1.147294E+01
2.584000E+02 1.963285E+00 1.146977E+01
2.593000E+02 1.964262E+00 1.146664E+01
2.602000E+02 1.965233E+00 1.146356E+01
2.611000E+02 1.966197E+00 1.146051E+01
2.620000E+02 1.967155E+00 1.145752E+01
2.629000E+02 1.968107E+00 1.145456E+01
2.638000E+02 1.969052E+00 1.145164E+01
2.647000E+02 1.969991E+00 1.144877E+01
2.656000E+02 1.970924E+00 1.144594E+01
2.665000E+02 1.971850E+00 1.144314E+01
2.674000E+02 1.972771E+00 1.144039E+01
2.683000E+02 1.973685E+00 1.143768E+01
2.692000E+02 1.974593E+00 1.143281E+01
2.701000E+02 1.975495E+00 1.143018E+01
2.710000E+02 1.976392E+00 1.142759E+01
2.719000E+02 1.977282E+00 1.142503E+01
2.728000E+02 1.978167E+00 1.142252E+01
2.737000E+02 1.979045E+00 1.142004E+01
2.746000E+02 1.979918E+00 1.141542E+01
2.755000E+02 1.980786E+00 1.141302E+01
2.764000E+02 1.981647E+00 1.141066E+01
2.773000E+02 1.982503E+00 1.140834E+01
2.782000E+02 1.983354E+00 1.140605E+01
2.791000E+02 1.984199E+00 1.140163E+01
2.800000E+02 1.985038E+00 1.139942E+01
2.809000E+02 1.985872E+00 1.139724E+01
2.818000E+02 1.986701E+00 1.139295E+01
2.827000E+02 1.987524E+00 1.139084E+01
2.836000E+02 1.988342E+00 1.138877E+01
2.845000E+02 1.989154E+00 1.138459E+01
2.854000E+02 1.989962E+00 1.138259E+01
2.863000E+02 1.990764E+00 1.138062E+01
2.872000E+02 1.991561E+00 1.137656E+01
2.881000E+02 1.992353E+00 1.137466E+01
2.890000E+02 1.993140E+00 1.137067E+01
2.899000E+02 1.993922E+00 1.136884E+01
2.908000E+02 1.994698E+00 1.136493E+01
2.917000E+02 1.995470E+00 1.136316E+01
2.926000E+02 1.996237E+00 1.135932E+01
2.935000E+02 1.996999E+00 1.135763E+01
2.944000E+02 1.997756E+00 1.135386E+01
2.953000E+02 1.998509E+00 1.135223E+01
2.962000E+02 1.999256E+00 1.134853E+01
2.971000E+02 1.999999E+00 1.134696E+01
2.980000E+02 2.000737E+00 1.134333E+01
2.989000E+02 2.001471E+00 1.134183E+01
2.998000E+02 2.002199E+00 1.133827E+01
3.007000E+02 2.002924E+00 1.133474E+01
3.016000E+02 2.003643E+00 1.133333E+01
3.025000E+02 2.004358E+00 1.132988E+01
3.034000E+02 2.005069E+00 1.132852E+01
3.043000E+02 2.005775E+00 1.132513E+01
3.052000E+02 2.006477E+00 1.132178E+01
3.061000E+02 2.007174E+00 1.132051E+01
3.070000E+02 2.007867E+00 1.131722E+01
3.079000E+02 2.008556E+00 1.131396E+01
3.088000E+02 2.009240E+00 1.131074E+01
3.097000E+02 2.009920E+00 1.130960E+01
3.106000E+02 2.010596E+00 1.130643E+01
3.115000E+02 2.011267E+00 1.130330E+01
3.124000E+02 2.011935E+00 1.130021E+01
3.133000E+02 2.012598E+00 1.129918E+01
3.142000E+02 2.013257E+00 1.129614E+01
3.151000E+02 2.013912E+00 1.129313E+01
3.160000E+02 2.014563E+00 1.129016E+01
3.169000E+02 2.015210E+00 1.128721E+01
3.178000E+02 2.015853E+00 1.128430E+01
3.187000E+02 2.016492E+00 1.128344E+01
3.196000E+02 2.017127E+00 1.128058E+01
3.205000E+02 2.017758E+00 1.127776E+01
3.214000E+02 2.018385E+00 1.127496E+01
3.223000E+02 2.019009E+00 1.127220E+01
3.232000E+02 2.019628E+00 1.126946E+01
3.241000E+02 2.020244E+00 1.126675E+01
3.250000E+02 2.020856E+00 1.126408E+01
3.259000E+02 2.021464E+00 1.126143E+01
3.268000E+02 2.022068E+00 1.125881E+01
3.277000E+02 2.022669E+00 1.125621E+01
3.286000E+02 2.023266E+00 1.125365E+01
3.295000E+02 2.023860E+00 1.125111E+01
3.304000E+02 2.024449E+00 1.124861E+01
3.313000E+02 2.025035E+00 1.124612E+01
3.322000E+02 2.025618E+00 1.124367E+01
3.331000E+02 2.026197E+00 1.124125E+01
3.340000E+02 2.026773E+00 1.123885E+01
3.349000E+02 2.027345E+00 1.123647E+01
3.358000E+02 2.027913E+00 1.123413E+01
3.367000E+02 2.028478E+00 1.123181E+01
3.376000E+02 2.029040E+00 1.122952E+01
3.385000E+02 2.029598E+00 1.122725E+01
3.394000E+02 2.030153E+00 1.122305E+01
3.403000E+02 2.030704E+00 1.122084E+01
3.412000E+02 2.031252E+00 1.121865E+01
3.421000E+02 2.031797E+00 1.121649E+01
3.430000E+02 2.032339E+00 1.121435E+01
3.439000E+02 2.032877E+00 1.121224E+01
3.448000E+02 2.033412E+00 1.120821E+01
3.457000E+02 2.033944E+00 1.120615E+01
3.466000E+02 2.034472E+00 1.120412E+01
3.475000E+02 2.034998E+00 1.120210E+01
3.484000E+02 2.035520E+00 1.119818E+01
3.493000E+02 2.036039E+00 1.119622E+01
3.502000E+02 2.036555E+00 1.119429E+01
3.511000E+02 2.037068E+00 1.119238E+01
3.520000E+02 2.037578E+00 1.118856E+01
3.529000E+02 2.038084E+00 1.118670E+01
3.538000E+02 2.038588E+00 1.118486E+01
3.547000E+02 2.039089E+00 1.118112E+01
3.556000E+02 2.039586E+00 1.117933E+01
3.565000E+02 2.040081E+00 1.117756E+01
3.574000E+02 2.040573E+00 1.117391E+01
3.583000E+02 2.041061E+00 1.117218E+01
3.592000E+02 2.041547E+00 1.117048E+01
3.601000E+02 2.042030E+00 1.116690E+01
3.610000E+02 2.042510E+00 1.116525E+01
3.619000E+02 2.042987E+00 1.116362E+01
3.628000E+02 2.043462E+00 1.116011E+01
3.637000E+02 2.043933E+00 1.115853E+01
3.646000E+02 2.044402E+00 1.115507E+01
3.655000E+02 2.044868E+00 1.115353E+01
3.664000E+02 2.045331E+00 1.115012E+01
3.673000E+02 2.045791E+00 1.114863E+01
3.682000E+02 2.046249E+00 1.114527E+01
3.691000E+02 2.046704E+00 1.114382E+01
3.700000E+02 2.047156E+00 1.114051E+01
3.709000E+02 2.047606E+00 1.113910E+01
3.718000E+02 2.048053E+00 1.113583E+01
3.727000E+02 2.048497E+00 1.113447E+01
3.736000E+02 2.048938E+00 1.113125E+01
3.745000E+02 2.049377E+00 1.112993E+01
3.754000E+02 2.049814E+00 1.112675E+01
3.763000E+02 2.050247E+00 1.112547E+01
3.772000E+02 2.050679E+00 1.112235E+01
3.781000E+02 2.051107E+00 1.112111E+01
3.790000E+02 2.051533E+00 1.111803E+01
3.799000E+02 2.051957E+00 1.111497E+01
3.808000E+02 2.052378E+00 1.111379E+01
3.817000E+02 2.052797E+00 1.111078E+01
3.826000E+02 2.053213E+00 1.110964E+01
3.835000E+02 2.053627E+00 1.110667E+01
3.844000E+02 2.054038E+00 1.110372E+01
3.853000E+02 2.054447E+00 1.110264E+01
3.862000E+02 2.054853E+00 1.109974E+01
3.871000E+02 2.055257E+00 1.109686E+01
3.880000E+02 2.055659E+00 1.109584E+01
3.889000E+02 2.056058E+00 1.109300E+01
3.898000E+02 2.056455E+00 1.109018E+01
3.907000E+02 2.056849E+00 1.108922E+01
3.916000E+02 2.057242E+00 1.108644E+01
3.925000E+02 2.057632E+00 1.108369E+01
3.934000E+02 2.058019E+00 1.108096E+01
3.943000E+02 2.058405E+00 1.108007E+01
3.952000E+02 2.058788E+00 1.107738E+01
3.961000E+02 2.059168E+00 1.107471E+01
3.970000E+02 2.059547E+00 1.107206E+01
3.979000E+02 2.059923E+00 1.107124E+01
3.988000E+02 2.060298E+00 1.106863E+01
3.997000E+02 2.060669E+00 1.106604E+01
4.006000E+02 2.061039E+00 1.106347E+01
4.015000E+02 2.061407E+00 1.106092E+01
4.024000E+02 2.061772E+00 1.106020E+01
4.033000E+02 2.062136E+00 1.105769E+01
4.042000E+02 2.062497E+00 1.105520E+01
4.051000E+02 2.062856E+00 1.105273E+01
4.060000E+02 2.063213E+00 1.105028E+01
4.069000E+02 2.063567E+00 1.104785E+01
4.078000E+02 2.063920E+00 1.104544E+01
4.087000E+02 2.064271E+00 1.104484E+01
4.096000E+02 2.064619E+00 1.104246E+01
4.105000E+02 2.064966E+00 1.104011E+01
4.114000E+02 2.065311E+00 1.103777E+01
4.123000E+02 2.065653E+00 1.103545E+01
4.132000E+02 2.065994E+00 1.103315E+01
4.141000E+02 2.066332E+00 1.103087E+01
4.150000E+02 2.066669E+00 1.102861E+01
4.159000E+02 2.067003E+00 1.102637E+01
4.168000E+02 2.067336E+00 1.102415E+01
4.177000E+02 2.067666E+00 1.102194E+01
4.186000E+02 2.067995E+00 1.101975E+01
4.195000E+02 2.068322E+00 1.101758E+01
4.204000E+02 2.068646E+00 1.101543E+01
4.213000E+02 2.068969E+00 1.101330E+01
4.222000E+02 2.069290E+00 1.101118E+01
4.231000E+02 2.069610E+00 1.100909E+01
4.240000E+02 2.069927E+00 1.100701E+01
4.249000E+02 2.070242E+00 1.100494E+01
4.258000E+02 2.070556E+00 1.100290E+01
4.267000E+02 2.070868E+00 1.100087E+01
4.276000E+02 2.071177E+00 1.099886E+01
4.285000E+02 2.071485E+00 1.099687E+01
4.294000E+02 2.071792E+00 1.099489E+01
4.303000E+02 2.072096E+00 1.099293E+01
4.312000E+02 2.072399E+00 1.099099E+01
4.321000E+02 2.072700E+00 1.098907E+01
4.330000E+02 2.072999E+00 1.098716E+01
4.339000E+02 2.073296E+00 1.098352E+01
4.348000E+02 2.073592E+00 1.098165E+01
4.357000E+02 2.073886E+00 1.097979E+01
4.366000E+02 2.074178E+00 1.097795E+01
4.375000E+02 2.074468E+00 1.097613E+01
4.384000E+02 2.074757E+00 1.097432E+01
4.393000E+02 2.075044E+00 1.097253E+01
4.402000E+02 2.075330E+00 1.096902E+01
4.411000E+02 2.075613E+00 1.096726E+01
4.420000E+02 2.075895E+00 1.096552E+01
4.429000E+02 2.076176E+00 1.096379E+01
4.438000E+02 2.076454E+00 1.096208E+01
4.447000E+02 2.076731E+00 1.095866E+01
4.456000E+02 2.077007E+00 1.095698E+01
4.465000E+02 2.077280E+00 1.095532E+01
4.474000E+02 2.077553E+00 1.095367E+01
4.483000E+02 2.077823E+00 1.095204E+01
4.492000E+02 2.078092E+00 1.094871E+01
4.501000E+02 2.078360E+00 1.094711E+01
4.510000E+02 2.078625E+00 1.094552E+01
4.519000E+02 2.078890E+00 1.094396E+01
4.528000E+02 2.079152E+00 1.094069E+01
4.537000E+02 2.079413E+00 1.093915E+01
4.546000E+02 2.079673E+00 1.093763E+01
4.555000E+02 2.079931E+00 1.093441E+01
4.564000E+02 2.080187E+00 1.093292E+01
4.573000E+02 2.080442E+00 1.093144E+01
4.582000E+02 2.080696E+00 1.092998E+01
4.591000E+02 2.080948E+00 1.092683E+01
4.600000E+02 2.081198E+00 1.092540E+01
4.609000E+02 2.081447E+00 1.092398E+01
4.618000E+02 2.081695E+00 1.092088E+01
4.627000E+02 2.081941E+00 1.091949E+01
4.636000E+02 2.082186E+00 1.091642E+01
4.645000E+02 2.082429E+00 1.091506E+01
4.654000E+02 2.082670E+00 1.091371E+01
4.663000E+02 2.082911E+00 1.091069E+01
4.672000E+02 2.083150E+00 1.090938E+01
4.681000E+02 2.083387E+00 1.090807E+01
4.690000E+02 2.083623E+00 1.090510E+01
4.699000E+02 2.083858E+00 1.090382E+01
4.708000E+02 2.084091E+00 1.090088E+01
4.717000E+02 2.084323E+00 1.089964E+01
4.726000E+02 2.084553E+00 1.089840E+01
4.735000E+02 2.084782E+00 1.089551E+01
4.744000E+02 2.085010E+00 1.089430E+01
4.753000E+02 2.085236E+00 1.089144E+01
4.762000E+02 2.085461E+00 1.089026E+01
4.771000E+02 2.085685E+00 1.088742E+01
4.780000E+02 2.085907E+00 1.088628E+01
4.789000E+02 2.086128E+00 1.088347E+01
4.798000E+02 2.086347E+00 1.088235E+01
4.807000E+02 2.086566E+00 1.087957E+01
4.816000E+02 2.086783E+00 1.087848E+01
4.825000E+02 2.086998E+00 1.087573E+01
4.834000E+02 2.087213E+00 1.087466E+01
4.843000E+02 2.087426E+00 1.087194E+01
4.852000E+02 2.087638E+00 1.087090E+01
4.861000E+02 2.087848E+00 1.086821E+01
4.870000E+02 2.088058E+00 1.086720E+01
4.879000E+02 2.088266E+00 1.086454E+01
4.888000E+02 2.088472E+00 1.086355E+01
4.897000E+02 2.088678E+00 1.086092E+01
4.906000E+02 2.088882E+00 1.085995E+01
4.915000E+02 2.089085E+00 1.085735E+01
4.924000E+02 2.089287E+00 1.085476E+01
4.933000E+02 2.089487E+00 1.085384E+01
4.942000E+02 2.089687E+00 1.085128E+01
4.951000E+02 2.089885E+00 1.085038E+01
4.960000E+02 2.090082E+00 1.084784E+01
4.969000E+02 2.090278E+00 1.084532E+01
4.978000E+02 2.090472E+00 1.084446E+01
4.987000E+02 2.090665E+00 1.084197E+01
4.996000E+02 2.090858E+00 1.084113E+01
5.005000E+02 2.091049E+00 1.083867E+01
5.014000E+02 2.091238E+00 1.083622E+01
5.023000E+02 2.091427E+00 1.083542E+01
5.032000E+02 2.091615E+00 1.083299E+01
5.041000E+02 2.091801E+00 1.083058E+01
5.050000E+02 2.091986E+00 1.082982E+01
5.059000E+02 2.092170E+00 1.082743E+01
5.068000E+02 2.092353E+00 1.082506E+01
5.077000E+02 2.092535E+00 1.082434E+01
5.086000E+02 2.092716E+00 1.082199E+01
5.095000E+02 2.092895E+00 1.081966E+01
5.104000E+02 2.093074E+00 1.081897E+01
5.113000E+02 2.093251E+00 1.081666E+01
5.122000E+02 2.093428E+00 1.081437E+01
5.131000E+02 2.093603E+00 1.081209E+01
5.140000E+02 2.093777E+00 1.081145E+01
5.149000E+02 2.093950E+00 1.080919E+01
5.158000E+02 2.094122E+00 1.080695E+01
5.167000E+02 2.094293E+00 1.080472E+01
5.176000E+02 2.094463E+00 1.080412E+01
5.185000E+02 2.094631E+00 1.080192E+01
5.194000E+02 2.094799E+00 1.079973E+01
5.203000E+02 2.094966E+00 1.079756E+01
5.212000E+02 2.095131E+00 1.079700E+01
5.221000E+02 2.095296E+00 1.079485E+01
5.230000E+02 2.095459E+00 1.079271E+01
5.239000E+02 2.095622E+00 1.079058E+01
5.248000E+02 2.095783E+00 1.079007E+01
5.257000E+02 2.095944E+00 1.078797E+01
5.266000E+02 2.096103E+00 1.078587E+01
5.275000E+02 2.096262E+00 1.078380E+01
5.284000E+02 2.096419E+00 1.078173E+01
5.293000E+02 2.096576E+00 1.077967E+01
5.302000E+02 2.096731E+00 1.077923E+01
5.311000E+02 2.096886E+00 1.077720E+01
5.320000E+02 2.097039E+00 1.077518E+01
5.329000E+02 2.097192E+00 1.077317E+01
5.338000E+02 2.097343E+00 1.077118E+01
5.347000E+02 2.097494E+00 1.076920E+01
5.356000E+02 2.097644E+00 1.076882E+01
5.365000E+02 2.097792E+00 1.076686E+01
5.374000E+02 2.097940E+00 1.076491E+01
5.383000E+02 2.098087E+00 1.076297E+01
5.392000E+02 2.098233E+00 1.076105E+01
5.401000E+02 2.098377E+00 1.075913E+01
5.410000E+02 2.098521E+00 1.075723E+01
5.419000E+02 2.098664E+00 1.075534E+01
5.428000E+02 2.098807E+00 1.075346E+01
5.437000E+02 2.098948E+00 1.075159E+01
5.446000E+02 2.099088E+00 1.075132E+01
5.455000E+02 2.099227E+00 1.074947E+01
5.464000E+02 2.099366E+00 1.074764E+01
5.473000E+02 2.099503E+00 1.074582E+01
5.482000E+02 2.099640E+00 1.074401E+01
5.491000E+02 2.099776E+00 1.074220E+01
5.500000E+02 2.099911E+00 1.074042E+01
5.509000E+02 2.100045E+00 1.073864E+01
5.518000E+02 2.100178E+00 1.073687E+01
5.527000E+02 2.100310E+00 1.073511E+01
5.536000E+02 2.100441E+00 1.073337E+01
5.545000E+02 2.100572E+00 1.073164E+01
5.554000E+02 2.100701E+00 1.072991E+01
5.563000E+02 2.100830E+00 1.072820E+01
5.572000E+02 2.100958E+00 1.072650E+01
5.581000E+02 2.101085E+00 1.072481E+01
5.590000E+02 2.101211E+00 1.072313E+01
5.599000E+02 2.101337E+00 1.072146E+01
5.608000E+02 2.101461E+00 1.071980E+01
5.617000E+02 2.101585E+00 1.071815E+01
5.626000E+02 2.101708E+00 1.071651E+01
5.635000E+02 2.101830E+00 1.071489E+01
5.644000E+02 2.101951E+00 1.071327E+01
5.653000E+02 2.102071E+00 1.071166E+01
5.662000E+02 2.102191E+00 1.071007E+01
5.671000E+02 2.102310E+00 1.070848E+01
5.680000E+02 2.102428E+00 1.070691E+01
5.689000E+02 2.102545E+00 1.070534E+01
5.698000E+02 2.102661E+00 1.070379E+01
5.707000E+02 2.102777E+00 1.070070E+01
5.716000E+02 2.102892E+00 1.069916E+01
5.725000E+02 2.103006E+00 1.069764E+01
5.734000E+02 2.103119E+00 1.069613E+01
5.743000E+02 2.103231E+00 1.069462E+01
5.752000E+02 2.103343E+00 1.069313E+01
5.761000E+02 2.103454E+00 1.069165E+01
5.770000E+02 2.103564E+00 1.069017E+01
5.779000E+02 2.103673E+00 1.068871E+01
5.788000E+02 2.103782E+00 1.068571E+01
5.797000E+02 2.103890E+00 1.068427E+01
5.806000E+02 2.103997E+00 1.068284E+01
5.815000E+02 2.104103E+00 1.068142E+01
5.824000E+02 2.104209E+00 1.068000E+01
5.833000E+02 2.104313E+00 1.067860E+01
5.842000E+02 2.104417E+00 1.067720E+01
5.851000E+02 2.104521E+00 1.067428E+01
5.860000E+02 2.104623E+00 1.067291E+01
5.869000E+02 2.104725E+00 1.067154E+01
5.878000E+02 2.104826E+00 1.067019E+01
5.887000E+02 2.104927E+00 1.066884E+01
5.896000E+02 2.105027E+00 1.066751E+01
5.905000E+02 2.105126E+00 1.066465E+01
5.914000E+02 2.105224E+00 1.066333E+01
5.923000E+02 2.105321E+00 1.066203E+01
5.932000E+02 2.105418E+00 1.066073E+01
5.941000E+02 2.105514E+00 1.065944E+01
5.950000E+02 2.105610E+00 1.065664E+01
5.959000E+02 2.105705E+00 1.065537E+01
5.968000E+02 2.105799E+00 1.065410E+01
5.977000E+02 2.105892E+00 1.065285E+01
5.986000E+02 2.105985E+00 1.065009E+01
5.995000E+02 2.106077E+00 1.064886E+01
6.004000E+02 2.106168E+00 1.064763E+01
6.013000E+02 2.106259E+00 1.064642E+01
6.022000E+02 2.106349E+00 1.064521E+01
6.031000E+02 2.106438E+00 1.064250E+01
6.040000E+02 2.106527E+00 1.064131E+01
6.049000E+02 2.106615E+00 1.064013E+01
6.058000E+02 2.106702E+00 1.063745E+01
6.067000E+02 2.106789E+00 1.063629E+01
6.076000E+02 2.106875E+00 1.063514E+01
6.085000E+02 2.106960E+00 1.063400E+01
6.094000E+02 2.107045E+00 1.063135E+01
6.103000E+02 2.107129E+00 1.063023E+01
6.112000E+02 2.107212E+00 1.062911E+01
6.121000E+02 2.107295E+00 1.062650E+01
6.130000E+02 2.107377E+00 1.062540E+01
6.139000E+02 2.107459E+00 1.062431E+01
6.148000E+02 2.107539E+00 1.062173E+01
6.157000E+02 2.107620E+00 1.062065E+01
6.166000E+02 2.107699E+00 1.061959E+01
6.175000E+02 2.107778E+00 1.061704E+01
6.184000E+02 2.107857E+00 1.061599E+01
6.193000E+02 2.107934E+00 1.061495E+01
6.202000E+02 2.108011E+00 1.061242E+01
6.211000E+02 2.108088E+00 1.061140E+01
6.220000E+02 2.108164E+00 1.061039E+01
6.229000E+02 2.108239E+00 1.060789E+01
6.238000E+02 2.108314E+00 1.060690E+01
6.247000E+02 2.108388E+00 1.060591E+01
6.256000E+02 2.108461E+00 1.060344E+01
6.265000E+02 2.108534E+00 1.060247E+01
6.274000E+02 2.108607E+00 1.060151E+01
6.283000E+02 2.108678E+00 1.059906E+01
6.292000E+02 2.108749E+00 1.059812E+01
6.301000E+02 2.108820E+00 1.059569E+01
6.310000E+02 2.108890E+00 1.059476E+01
6.319000E+02 2.108959E+00 1.059384E+01
6.328000E+02 2.109028E+00 1.059145E+01
6.337000E+02 2.109096E+00 1.059054E+01
6.346000E+02 2.109164E+00 1.058816E+01
6.355000E+02 2.109231E+00 1.058727E+01
6.364000E+02 2.109297E+00 1.058491E+01
6.373000E+02 2.109363E+00 1.058404E+01
6.382000E+02 2.109429E+00 1.058318E+01
6.391000E+02 2.109494E+00 1.058084E+01
6.400000E+02 2.109558E+00 1.057999E+01
6.409000E+02 2.109622E+00 1.057767E+01
6.418000E+02 2.109685E+00 1.057684E+01
6.427000E+02 2.109747E+00 1.057454E+01
6.436000E+02 2.109809E+00 1.057373E+01
6.445000E+02 2.109871E+00 1.057144E+01
6.454000E+02 2.109932E+00 1.057064E+01
6.463000E+02 2.109992E+00 1.056838E+01
6.472000E+02 2.110052E+00 1.056759E+01
6.481000E+02 2.110112E+00 1.056682E+01
6.490000E+02 2.110170E+00 1.056458E+01
6.499000E+02 2.110229E+00 1.056382E+01
6.508000E+02 2.110286E+00 1.056159E+01
6.517000E+02 2.110344E+00 1.056085E+01
6.526000E+02 2.110400E+00 1.055864E+01
6.535000E+02 2.110457E+00 1.055791E+01
6.544000E+02 2.110512E+00 1.055572E+01
6.553000E+02 2.110567E+00 1.055501E+01
6.562000E+02 2.110622E+00 1.055283E+01
6.571000E+02 2.110676E+00 1.055067E+01
6.580000E+02 2.110730E+00 1.054998E+01
6.589000E+02 2.110783E+00 1.054783E+01
6.598000E+02 2.110836E+00 1.054715E+01
6.607000E+02 2.110888E+00 1.054502E+01
6.616000E+02 2.110939E+00 1.054436E+01
6.625000E+02 2.110990E+00 1.054225E+01
6.634000E+02 2.111041E+00 1.054160E+01
6.643000E+02 2.111091E+00 1.053950E+01
6.652000E+02 2.111141E+00 1.053887E+01
6.661000E+02 2.111190E+00 1.053678E+01
6.670000E+02 2.111239E+00 1.053471E+01
6.679000E+02 2.111287E+00 1.053410E+01
6.688000E+02 2.111334E+00 1.053204E+01
6.697000E+02 2.111382E+00 1.053145E+01
6.706000E+02 2.111428E+00 1.052940E+01
6.715000E+02 2.111475E+00 1.052737E+01
6.724000E+02 2.111520E+00 1.052680E+01
6.733000E+02 2.111566E+00 1.052478E+01
6.742000E+02 2.111611E+00 1.052422E+01
6.751000E+02 2.111655E+00 1.052222E+01
6.760000E+02 2.111699E+00 1.052022E+01
6.769000E+02 2.111742E+00 1.051968E+01
6.778000E+02 2.111785E+00 1.051770E+01
6.787000E+02 2.111828E+00 1.051718E+01
6.796000E+02 2.111870E+00 1.051522E+01
6.805000E+02 2.111911E+00 1.051326E+01
6.814000E+02 2.111952E+00 1.051276E+01
6.823000E+02 2.111993E+00 1.051082E+01
6.832000E+02 2.112033E+00 1.050889E+01
6.841000E+02 2.112073E+00 1.050840E+01
6.850000E+02 2.112112E+00 1.050648E+01
6.859000E+02 2.112151E+00 1.050458E+01
6.868000E+02 2.112190E+00 1.050411E+01
6.877000E+02 2.112228E+00 1.050222E+01
6.886000E+02 2.112265E+00 1.050033E+01
6.895000E+02 2.112302E+00 1.049989E+01
6.904000E+02 2.112339E+00 1.049802E+01
6.913000E+02 2.112375E+00 1.049616E+01
6.922000E+02 2.112411E+00 1.049573E+01
6.931000E+02 2.112446E+00 1.049389E+01
6.940000E+02 2.112481E+00 1.049204E+01
6.949000E+02 2.112516E+00 1.049164E+01
6.958000E+02 2.112550E+00 1.048981E+01
6.967000E+02 2.112584E+00 1.048800E+01
6.976000E+02 2.112617E+00 1.048761E+01
6.985000E+02 2.112650E+00 1.048581E+01
6.994000E+02 2.112682E+00 1.048401E+01
7.003000E+02 2.112714E+00 1.048222E+01
7.012000E+02 2.112746E+00 1.048187E+01
7.021000E+02 2.112777E+00 1.048009E+01
7.030000E+02 2.112808E+00 1.047832E+01
7.039000E+02 2.112838E+00 1.047799E+01
7.048000E+02 2.112868E+00 1.047623E+01
7.057000E+02 2.112898E+00 1.047449E+01
7.066000E+02 2.112927E+00 1.047275E+01
7.075000E+02 2.112956E+00 1.047244E+01
7.084000E+02 2.112984E+00 1.047071E+01
7.093000E+02 2.113012E+00 1.046899E+01
7.102000E+02 2.113039E+00 1.046728E+01
7.111000E+02 2.113067E+00 1.046700E+01
7.120000E+02 2.113093E+00 1.046530E+01
7.129000E+02 2.113120E+00 1.046361E+01
7.138000E+02 2.113146E+00 1.046193E+01
7.147000E+02 2.113171E+00 1.046025E+01
7.156000E+02 2.113196E+00 1.046000E+01
7.165000E+02 2.113221E+00 1.045833E+01
7.174000E+02 2.113246E+00 1.045668E+01
7.183000E+02 2.113270E+00 1.045503E+01
7.192000E+02 2.113293E+00 1.045480E+01
7.201000E+02 2.113317E+00 1.045317E+01
7.210000E+02 2.113340E+00 1.045154E+01
7.219000E+02 2.113362E+00 1.044992E+01
7.228000E+02 2.113384E+00 1.044830E+01
7.237000E+02 2.113406E+00 1.044811E+01
7.246000E+02 2.113428E+00 1.044650E+01
7.255000E+02 2.113449E+00 1.044491E+01
7.264000E+02 2.113469E+00 1.044332E+01
7.273000E+02 2.113490E+00 1.044174E+01
7.282000E+02 2.113510E+00 1.044017E+01
7.291000E+02 2.113529E+00 1.044001E+01
7.300000E+02 2.113548E+00 1.043845E+01
7.309000E+02 2.113567E+00 1.043689E+01
7.318000E+02 2.113586E+00 1.043535E+01
7.327000E+02 2.113604E+00 1.043381E+01
7.336000E+02 2.113622E+00 1.043227E+01
7.345000E+02 2.113639E+00 1.043075E+01
7.354000E+02 2.113656E+00 1.043063E+01
7.363000E+02 2.113673E+00 1.042911E+01
7.372000E+02 2.113689E+00 1.042760E+01
7.381000E+02 2.113705E+00 1.042610E+01
7.390000E+02 2.113721E+00 1.042461E+01
7.399000E+02 2.113736E+00 1.042312E+01
7.408000E+02 2.113751E+00 1.042164E+01
7.417000E+02 2.113766E+00 1.042156E+01
7.426000E+02 2.113780E+00 1.042009E+01
7.435000E+02 2.113794E+00 1.041863E+01
7.444000E+02 2.113808E+00 1.041717E+01
7.453000E+02 2.113821E+00 1.041572E+01
7.462000E+02 2.113834E+00 1.041428E+01
7.471000E+02 2.113847E+00 1.041284E+01
7.480000E+02 2.113859E+00 1.041141E+01
7.489000E+02 2.113871E+00 1.040999E+01
7.498000E+02 2.113883E+00 1.040857E+01
7.507000E+02 2.113894E+00 1.040716E+01
7.516000E+02 2.113905E+00 1.040714E+01
7.525000E+02 2.113916E+00 1.040574E+01
7.534000E+02 2.113926E+00 1.040435E+01
7.543000E+02 2.113936E+00 1.040296E+01
7.552000E+02 2.113946E+00 1.040158E+01
7.561000E+02 2.113955E+00 1.040021E+01
7.570000E+02 2.113964E+00 1.039884E+01
7.579000E+02 2.113973E+00 1.039748E+01
7.588000E+02 2.113981E+00 1.039612E+01
7.597000E+02 2.113989E+00 1.039477E+01
7.606000E+02 2.113997E+00 1.039343E+01
7.615000E+02 2.114004E+00 1.039209E+01
7.624000E+02 2.114012E+00 1.039076E+01
7.633000E+02 2.114018E+00 1.038943E+01
7.642000E+02 2.114025E+00 1.038811E+01
7.651000E+02 2.114031E+00 1.038680E+01
7.660000E+02 2.114037E+00 1.038549E+01
7.669000E+02 2.114043E+00 1.038419E+01
7.678000E+02 2.114048E+00 1.038290E+01
7.687000E+02 2.114053E+00 1.038161E+01
7.696000E+02 2.114058E+00 1.038032E+01
7.705000E+02 2.114062E+00 1.037905E+01
7.714000E+02 2.114066E+00 1.037777E+01
7.723000E+02 2.114070E+00 1.037651E+01
7.732000E+02 2.114073E+00 1.037525E+01
7.741000E+02 2.114077E+00 1.037399E+01
7.750000E+02 2.114080E+00 1.037275E+01
7.759000E+02 2.114082E+00 1.037150E+01
7.768000E+02 2.114085E+00 1.037027E+01
7.777000E+02 2.114087E+00 1.036904E+01
7.786000E+02 2.114088E+00 1.036781E+01
7.795000E+02 2.114090E+00 1.036659E+01
7.804000E+02 2.114091E+00 1.036538E+01
7.813000E+02 2.114092E+00 1.036417E+01
7.822000E+02 2.114092E+00 1.036297E+01
7.831000E+02 2.114093E+00 1.036178E+01
7.840000E+02 2.114093E+00 1.036059E+01
7.849000E+02 2.114093E+00 1.035940E+01
7.858000E+02 2.114092E+00 1.035822E+01
7.867000E+02 2.114091E+00 1.035705E+01
7.876000E+02 2.114090E+00 1.035588E+01
7.885000E+02 2.114089E+00 1.035472E+01
7.894000E+02 2.114087E+00 1.035356E+01
7.903000E+02 2.114085E+00 1.035241E+01
7.912000E+02 2.114083E+00 1.035127E+01
7.921000E+02 2.114081E+00 1.035013E+01
7.930000E+02 2.114078E+00 1.034899E+01
7.939000E+02 2.114075E+00 1.034650E+01
7.948000E+02 2.114072E+00 1.034538E+01
7.957000E+02 2.114068E+00 1.034426E+01
7.966000E+02 2.114064E+00 1.034315E+01
7.975000E+02 2.114060E+00 1.034204E+01
7.984000E+02 2.114056E+00 1.034094E+01
7.993000E+02 2.114051E+00 1.033985E+01
8.002000E+02 2.114046E+00 1.033876E+01
8.011000E+02 2.114041E+00 1.033767E+01
8.020000E+02 2.114036E+00 1.033660E+01
8.029000E+02 2.114030E+00 1.033552E+01
8.038000E+02 2.114024E+00 1.033310E+01
8.047000E+02 2.114018E+00 1.033204E+01
8.056000E+02 2.114012E+00 1.033098E+01
8.065000E+02 2.114005E+00 1.032993E+01
8.074000E+02 2.113998E+00 1.032888E+01
8.083000E+02 2.113991E+00 1.032784E+01
8.092000E+02 2.113983E+00 1.032680E+01
8.101000E+02 2.113976E+00 1.032577E+01
8.110000E+02 2.113968E+00 1.032340E+01
8.119000E+02 2.113960E+00 1.032238E+01
8.128000E+02 2.113951E+00 1.032136E+01
8.137000E+02 2.113942E+00 1.032035E+01
8.146000E+02 2.113933E+00 1.031935E+01
8.155000E+02 2.113924E+00 1.031835E+01
8.164000E+02 2.113915E+00 1.031736E+01
8.173000E+02 2.113905E+00 1.031502E+01
8.182000E+02 2.113895E+00 1.031404E+01
8.191000E+02 2.113885E+00 1.031306E+01
8.200000E+02 2.113875E+00 1.031209E+01
8.209000E+02 2.113864E+00 1.031112E+01
8.218000E+02 2.113853E+00 1.031016E+01
8.227000E+02 2.113842E+00 1.030786E+01
8.236000E+02 2.113831E+00 1.030691E+01
8.245000E+02 2.113819E+00 1.030596E+01
8.254000E+02 2.113807E+00 1.030502E+01
8.263000E+02 2.113795E+00 1.030408E+01
8.272000E+02 2.113783E+00 1.030315E+01
8.281000E+02 2.113770E+00 1.030088E+01
8.290000E+02 2.113758E+00 1.029996E+01
8.299000E+02 2.113745E+00 1.029904E+01
8.308000E+02 2.113731E+00 1.029813E+01
8.317000E+02 2.113718E+00 1.029723E+01
8.326000E+02 2.113704E+00 1.029499E+01
8.335000E+02 2.113690E+00 1.029409E+01
8.344000E+02 2.113676E+00 1.029320E+01
8.353000E+02 2.113662E+00 1.029231E+01
8.362000E+02 2.113647E+00 1.029143E+01
8.371000E+02 2.113633E+00 1.028922E+01
8.380000E+02 2.113618E+00 1.028835E+01
8.389000E+02 2.113602E+00 1.028748E+01
8.398000E+02 2.113587E+00 1.028662E+01
8.407000E+02 2.113571E+00 1.028443E+01
8.416000E+02 2.113555E+00 1.028358E+01
8.425000E+02 2.113539E+00 1.028273E+01
8.434000E+02 2.113523E+00 1.028189E+01
8.443000E+02 2.113506E+00 1.027972E+01
8.452000E+02 2.113490E+00 1.027889E+01
8.461000E+02 2.113473E+00 1.027806E+01
8.470000E+02 2.113455E+00 1.027724E+01
8.479000E+02 2.113438E+00 1.027509E+01
8.488000E+02 2.113420E+00 1.027428E+01
8.497000E+02 2.113403E+00 1.027347E+01
8.506000E+02 2.113384E+00 1.027267E+01
8.515000E+02 2.113366E+00 1.027054E+01
8.524000E+02 2.113348E+00 1.026975E+01
8.533000E+02 2.113329E+00 1.026896E+01
8.542000E+02 2.113310E+00 1.026818E+01
8.551000E+02 2.113291E+00 1.026607E+01
8.560000E+02 2.113272E+00 1.026530E+01
8.569000E+02 2.113252E+00 1.026453E+01
8.578000E+02 2.113233E+00 1.026244E+01
8.587000E+02 2.113213E+00 1.026168E+01
8.596000E+02 2.113193E+00 1.026092E+01
8.605000E+02 2.113172E+00 1.026017E+01
8.614000E+02 2.113152E+00 1.025810E+01
8.623000E+02 2.113131E+00 1.025736E+01
8.632000E+02 2.113110E+00 1.025663E+01
8.641000E+02 2.113089E+00 1.025457E+01
8.650000E+02 2.113068E+00 1.025385E+01
8.659000E+02 2.113046E+00 1.025312E+01
8.668000E+02 2.113025E+00 1.025108E+01
8.677000E+02 2.113003E+00 1.025037E+01
8.686000E+02 2.112981E+00 1.024966E+01
8.695000E+02 2.112958E+00 1.024896E+01
8.704000E+02 2.112936E+00 1.024694E+01
8.713000E+02 2.112913E+00 1.024624E+01
8.722000E+02 2.112890E+00 1.024555E+01
8.731000E+02 2.112867E+00 1.024355E+01
8.740000E+02 2.112844E+00 1.024287E+01
8.749000E+02 2.112821E+00 1.024219E+01
8.758000E+02 2.112797E+00 1.024020E+01
8.767000E+02 2.112773E+00 1.023954E+01
8.776000E+02 2.112749E+00 1.023887E+01
8.785000E+02 2.112725E+00 1.023690E+01
8.794000E+02 2.112701E+00 1.023624E+01
8.803000E+02 2.112676E+00 1.023428E+01
8.812000E+02 2.112651E+00 1.023364E+01
8.821000E+02 2.112626E+00 1.023299E+01
8.830000E+02 2.112601E+00 1.023105E+01
8.839000E+02 2.112576E+00 1.023041E+01
8.848000E+02 2.112551E+00 1.022978E+01
8.857000E+02 2.112525E+00 1.022785E+01
8.866000E+02 2.112499E+00 1.022723E+01
8.875000E+02 2.112473E+00 1.022662E+01
8.884000E+02 2.112447E+00 1.022470E+01
8.893000E+02 2.112421E+00 1.022409E+01
8.902000E+02 2.112394E+00 1.022218E+01
8.911000E+02 2.112367E+00 1.022158E+01
8.920000E+02 2.112340E+00 1.022099E+01
8.929000E+02 2.112313E+00 1.021910E+01
8.938000E+02 2.112286E+00 1.021851E+01
8.947000E+02 2.112259E+00 1.021663E+01
8.956000E+02 2.112231E+00 1.021605E+01
8.965000E+02 2.112203E+00 1.021548E+01
8.974000E+02 2.112175E+00 1.021361E+01
8.983000E+02 2.112147E+00 1.021304E+01
8.992000E+02 2.112119E+00 1.021118E+01
9.001000E+02 2.112091E+00 1.021063E+01
9.010000E+02 2.112062E+00 1.021008E+01
9.019000E+02 2.112033E+00 1.020823E+01
9.028000E+02 2.112004E+00 1.020769E+01
9.037000E+02 2.111975E+00 1.020585E+01
9.046000E+02 2.111946E+00 1.020532E+01
9.055000E+02 2.111916E+00 1.020479E+01
9.064000E+02 2.111887E+00 1.020296E+01
9.073000E+02 2.111857E+00 1.020244E+01
9.082000E+02 2.111827E+00 1.020063E+01
9.091000E+02 2.111797E+00 1.020011E+01
9.100000E+02 2.111767E+00 1.019831E+01
9.109000E+02 2.111736E+00 1.019780E+01
9.118000E+02 2.111706E+00 1.019601E+01
9.127000E+02 2.111675E+00 1.019551E+01
9.136000E+02 2.111644E+00 1.019502E+01
9.145000E+02 2.111613E+00 1.019324E+01
9.154000E+02 2.111582E+00 1.019275E+01
9.163000E+02 2.111550E+00 1.019098E+01
9.172000E+02 2.111519E+00 1.019050E+01
9.181000E+02 2.111487E+00 1.018874E+01
9.190000E+02 2.111455E+00 1.018827E+01
9.199000E+02 2.111423E+00 1.018652E+01
9.208000E+02 2.111391E+00 1.018606E+01
9.217000E+02 2.111358E+00 1.018431E+01
9.226000E+02 2.111326E+00 1.018386E+01
9.235000E+02 2.111293E+00 1.018212E+01
9.244000E+02 2.111261E+00 1.018168E+01
9.253000E+02 2.111228E+00 1.018124E+01
9.262000E+02 2.111194E+00 1.017951E+01
9.271000E+02 2.111161E+00 1.017908E+01
9.280000E+02 2.111128E+00 1.017737E+01
9.289000E+02 2.111094E+00 1.017694E+01
9.298000E+02 2.111061E+00 1.017524E+01
9.307000E+02 2.111027E+00 1.017482E+01
9.316000E+02 2.110993E+00 1.017312E+01
9.325000E+02 2.110959E+00 1.017271E+01
9.334000E+02 2.110924E+00 1.017103E+01
9.343000E+02 2.110890E+00 1.017063E+01
9.352000E+02 2.110855E+00 1.016894E+01
9.361000E+02 2.110820E+00 1.016855E+01
9.370000E+02 2.110786E+00 1.016688E+01
9.379000E+02 2.110751E+00 1.016650E+01
9.388000E+02 2.110715E+00 1.016483E+01
9.397000E+02 2.110680E+00 1.016446E+01
9.406000E+02 2.110645E+00 1.016280E+01
9.415000E+02 2.110609E+00 1.016115E+01
9.424000E+02 2.110573E+00 1.016079E+01
9.433000E+02 2.110537E+00 1.015914E+01
9.442000E+02 2.110501E+00 1.015879E+01
9.451000E+02 2.110465E+00 1.015715E+01
9.460000E+02 2.110429E+00 1.015680E+01
9.469000E+02 2.110392E+00 1.015518E+01
9.478000E+02 2.110356E+00 1.015484E+01
9.487000E+02 2.110319E+00 1.015322E+01
9.496000E+02 2.110282E+00 1.015289E+01
9.505000E+02 2.110245E+00 1.015128E+01
9.514000E+02 2.110208E+00 1.015095E+01
9.523000E+02 2.110171E+00 1.014935E+01
9.532000E+02 2.110134E+00 1.014776E+01
9.541000E+02 2.110096E+00 1.014744E+01
9.550000E+02 2.110058E+00 1.014585E+01
9.559000E+02 2.110021E+00 1.014554E+01
9.568000E+02 2.109983E+00 1.014397E+01
9.577000E+02 2.109945E+00 1.014367E+01
9.586000E+02 2.109906E+00 1.014209E+01
9.595000E+02 2.109868E+00 1.014053E+01
9.604000E+02 2.109830E+00 1.014024E+01
9.613000E+02 2.109791E+00 1.013868E+01
9.622000E+02 2.109752E+00 1.013840E+01
9.631000E+02 2.109713E+00 1.013685E+01
9.640000E+02 2.109674E+00 1.013657E+01
9.649000E+02 2.109635E+00 1.013503E+01
9.658000E+02 2.109596E+00 1.013349E+01
9.667000E+02 2.109557E+00 1.013323E+01
9.676000E+02 2.109517E+00 1.013170E+01
9.685000E+02 2.109477E+00 1.013144E+01
9.694000E+02 2.109438E+00 1.012992E+01
9.703000E+02 2.109398E+00 1.012840E+01
9.712000E+02 2.109358E+00 1.012816E+01
9.721000E+02 2.109318E+00 1.012665E+01
9.730000E+02 2.109277E+00 1.012641E+01
9.739000E+02 2.109237E+00 1.012491E+01
9.748000E+02 2.109197E+00 1.012341E+01
9.757000E+02 2.109156E+00 1.012318E+01
9.766000E+02 2.109115E+00 1.012169E+01
9.775000E+02 2.109074E+00 1.012147E+01
9.784000E+02 2.109033E+00 1.011999E+01
9.793000E+02 2.108992E+00 1.011851E+01
9.802000E+02 2.108951E+00 1.011830E+01
9.811000E+02 2.108910E+00 1.011683E+01
9.820000E+02 2.108868E+00 1.011536E+01
9.829000E+02 2.108827E+00 1.011516E+01
9.838000E+02 2.108785E+00 1.011370E+01
9.847000E+02 2.108743E+00 1.011351E+01
9.856000E+02 2.108701E+00 1.011206E+01
9.865000E+02 2.108659E+00 1.011061E+01
9.874000E+02 2.108617E+00 1.011043E+01
9.883000E+02 2.108575E+00 1.010899E+01
9.892000E+02 2.108532E+00 1.010755E+01
9.901000E+02 2.108490E+00 1.010738E+01
9.910000E+02 2.108447E+00 1.010596E+01
9.919000E+02 2.108404E+00 1.010453E+01
9.928000E+02 2.108361E+00 1.010437E+01
9.937000E+02 2.108318E+00 1.010295E+01
9.946000E+02 2.108275E+00 1.010154E+01
9.955000E+02 2.108232E+00 1.010139E+01
9.964000E+02 2.108189E+00 1.009999E+01
9.973000E+02 2.108145E+00 1.009858E+01
9.982000E+02 2.108102E+00 1.009844E+01
9.991000E+02 2.108058E+00 1.009705E+01
