1.000000E+00 1.226686E-01 2.595013E+01
1.099000E+00 1.288581E-01 2.149435E+01
1.198000E+00 1.350235E-01 1.920706E+01
1.297000E+00 1.411540E-01 1.848154E+01
1.396000E+00 1.472377E-01 1.777175E+01
1.495000E+00 1.532690E-01 1.720691E+01
1.594000E+00 1.592446E-01 1.675089E+01
1.693000E+00 1.651624E-01 1.637859E+01
1.792000E+00 1.710214E-01 1.607200E+01
1.891000E+00 1.768212E-01 1.572576E+01
1.990000E+00 1.825622E-01 1.551961E+01
2.089000E+00 1.882446E-01 1.526641E+01
2.188000E+00 1.938693E-01 1.505031E+01
2.287000E+00 1.994371E-01 1.486509E+01
2.386000E+00 2.049491E-01 1.470581E+01
2.485000E+00 2.104064E-01 1.456855E+01
2.584000E+00 2.158097E-01 1.438773E+01
2.683000E+00 2.211606E-01 1.428795E+01
2.782000E+00 2.264599E-01 1.414473E+01
2.881000E+00 2.317090E-01 1.407277E+01
2.980000E+00 2.369087E-01 1.395808E+01
3.079000E+00 2.420602E-01 1.385611E+01
3.178000E+00 2.471646E-01 1.381473E+01
3.277000E+00 2.522228E-01 1.373227E+01
3.376000E+00 2.572359E-01 1.365877E+01
3.475000E+00 2.622049E-01 1.359328E+01
3.574000E+00 2.671307E-01 1.353495E+01
3.673000E+00 2.720142E-01 1.348306E+01
3.772000E+00 2.768563E-01 1.339563E+01
3.871000E+00 2.816578E-01 1.335583E+01
3.970000E+00 2.864196E-01 1.332074E+01
4.069000E+00 2.911426E-01 1.328993E+01
4.168000E+00 2.958273E-01 1.322552E+01
4.267000E+00 3.004748E-01 1.320296E+01
4.366000E+00 3.050855E-01 1.314779E+01
4.465000E+00 3.096604E-01 1.313210E+01
4.564000E+00 3.141999E-01 1.308474E+01
4.663000E+00 3.187049E-01 1.304121E+01
4.762000E+00 3.231759E-01 1.303413E+01
4.861000E+00 3.276136E-01 1.299672E+01
4.960000E+00 3.320185E-01 1.296236E+01
5.059000E+00 3.363913E-01 1.293084E+01
5.158000E+00 3.407326E-01 1.293253E+01
5.257000E+00 3.450428E-01 1.290553E+01
5.356000E+00 3.493225E-01 1.288083E+01
5.455000E+00 3.535723E-01 1.285828E+01
5.554000E+00 3.577926E-01 1.283773E+01
5.653000E+00 3.619839E-01 1.281905E+01
5.752000E+00 3.661466E-01 1.280213E+01
5.851000E+00 3.702813E-01 1.278686E+01
5.950000E+00 3.743883E-01 1.277313E+01
6.049000E+00 3.784682E-01 1.276085E+01
6.148000E+00 3.825213E-01 1.272375E+01
6.247000E+00 3.865481E-01 1.271446E+01
6.346000E+00 3.905490E-01 1.270637E+01
6.445000E+00 3.945243E-01 1.269941E+01
6.544000E+00 3.984744E-01 1.269352E+01
6.643000E+00 4.023997E-01 1.266413E+01
6.742000E+00 4.063006E-01 1.266048E+01
6.841000E+00 4.101773E-01 1.265773E+01
6.940000E+00 4.140304E-01 1.263220E+01
7.039000E+00 4.178600E-01 1.263134E+01
7.138000E+00 4.216665E-01 1.260819E+01
7.237000E+00 4.254503E-01 1.260904E+01
7.336000E+00 4.292115E-01 1.258803E+01
7.435000E+00 4.329507E-01 1.259040E+01
7.534000E+00 4.366679E-01 1.257134E+01
7.633000E+00 4.403636E-01 1.257510E+01
7.732000E+00 4.440380E-01 1.255781E+01
7.831000E+00 4.476914E-01 1.256281E+01
7.930000E+00 4.513241E-01 1.254714E+01
8.029000E+00 4.549363E-01 1.255327E+01
8.128000E+00 4.585282E-01 1.253908E+01
8.227000E+00 4.621001E-01 1.252570E+01
8.326000E+00 4.656524E-01 1.253340E+01
8.425000E+00 4.691851E-01 1.252132E+01
8.524000E+00 4.726987E-01 1.250995E+01
8.623000E+00 4.761932E-01 1.249926E+01
8.722000E+00 4.796690E-01 1.250878E+01
8.821000E+00 4.831261E-01 1.249918E+01
8.920000E+00 4.865649E-01 1.249019E+01
9.019000E+00 4.899856E-01 1.248177E+01
9.118000E+00 4.933883E-01 1.247392E+01
9.217000E+00 4.967733E-01 1.248533E+01
9.316000E+00 5.001408E-01 1.247836E+01
9.415000E+00 5.034910E-01 1.247188E+01
9.514000E+00 5.068240E-01 1.246589E+01
9.613000E+00 5.101401E-01 1.246036E+01
9.712000E+00 5.134395E-01 1.245527E+01
9.811000E+00 5.167223E-01 1.245062E+01
9.910000E+00 5.199887E-01 1.244637E+01
1.000900E+01 5.232389E-01 1.244252E+01
1.010800E+01 5.264730E-01 1.243905E+01
1.020700E+01 5.296913E-01 1.243596E+01
1.030600E+01 5.328939E-01 1.243322E+01
1.040500E+01 5.360809E-01 1.243082E+01
1.050400E+01 5.392525E-01 1.242875E+01
1.060300E+01 5.424089E-01 1.242701E+01
1.070200E+01 5.455502E-01 1.242557E+01
1.080100E+01 5.486766E-01 1.242444E+01
1.090000E+01 5.517882E-01 1.242359E+01
1.099900E+01 5.548852E-01 1.242303E+01
1.109800E+01 5.579677E-01 1.242273E+01
1.119700E+01 5.610358E-01 1.240657E+01
1.129600E+01 5.640898E-01 1.240689E+01
1.139500E+01 5.671297E-01 1.240746E+01
1.149400E+01 5.701556E-01 1.240826E+01
1.159300E+01 5.731678E-01 1.240929E+01
1.169200E+01 5.761663E-01 1.239493E+01
1.179100E+01 5.791513E-01 1.239649E+01
1.189000E+01 5.821229E-01 1.239825E+01
1.198900E+01 5.850811E-01 1.240021E+01
1.208800E+01 5.880263E-01 1.238714E+01
1.218700E+01 5.909584E-01 1.238957E+01
1.228600E+01 5.938775E-01 1.239218E+01
1.238500E+01 5.967839E-01 1.239496E+01
1.248400E+01 5.996775E-01 1.238305E+01
1.258300E+01 6.025586E-01 1.238624E+01
1.268200E+01 6.054273E-01 1.238960E+01
1.278100E+01 6.082835E-01 1.237850E+01
1.288000E+01 6.111275E-01 1.238223E+01
1.297900E+01 6.139594E-01 1.238611E+01
1.307800E+01 6.167792E-01 1.237577E+01
1.317700E+01 6.195871E-01 1.237999E+01
1.327600E+01 6.223832E-01 1.237015E+01
1.337500E+01 6.251675E-01 1.237470E+01
1.347400E+01 6.279402E-01 1.237938E+01
1.357300E+01 6.307014E-01 1.237019E+01
1.367200E+01 6.334511E-01 1.237517E+01
1.377100E+01 6.361895E-01 1.236643E+01
1.387000E+01 6.389167E-01 1.237169E+01
1.396900E+01 6.416327E-01 1.236337E+01
1.406800E+01 6.443376E-01 1.236889E+01
1.416700E+01 6.470316E-01 1.236098E+01
1.426600E+01 6.497147E-01 1.236676E+01
1.436500E+01 6.523870E-01 1.235922E+01
1.446400E+01 6.550486E-01 1.236524E+01
1.456300E+01 6.576996E-01 1.235807E+01
1.466200E+01 6.603400E-01 1.236431E+01
1.476100E+01 6.629700E-01 1.235750E+01
1.486000E+01 6.655896E-01 1.236395E+01
1.495900E+01 6.681989E-01 1.235747E+01
1.505800E+01 6.707980E-01 1.236413E+01
1.515700E+01 6.733870E-01 1.235796E+01
1.525600E+01 6.759659E-01 1.236481E+01
1.535500E+01 6.785348E-01 1.235894E+01
1.545400E+01 6.810939E-01 1.235326E+01
1.555300E+01 6.836431E-01 1.236041E+01
1.565200E+01 6.861826E-01 1.235501E+01
1.575100E+01 6.887124E-01 1.234978E+01
1.585000E+01 6.912326E-01 1.235719E+01
1.594900E+01 6.937432E-01 1.235223E+01
1.604800E+01 6.962444E-01 1.235980E+01
1.614700E+01 6.987362E-01 1.235509E+01
1.624600E+01 7.012186E-01 1.235053E+01
1.634500E+01 7.036919E-01 1.235834E+01
1.644400E+01 7.061558E-01 1.235402E+01
1.654300E+01 7.086107E-01 1.234984E+01
1.664200E+01 7.110565E-01 1.234581E+01
1.674100E+01 7.134933E-01 1.235392E+01
1.684000E+01 7.159212E-01 1.235010E+01
1.693900E+01 7.183402E-01 1.234642E+01
1.703800E+01 7.207504E-01 1.235473E+01
1.713700E+01 7.231519E-01 1.235125E+01
1.723600E+01 7.255447E-01 1.234790E+01
1.733500E+01 7.279288E-01 1.234467E+01
1.743400E+01 7.303044E-01 1.235324E+01
1.753300E+01 7.326715E-01 1.235020E+01
1.763200E+01 7.350301E-01 1.234727E+01
1.773100E+01 7.373804E-01 1.234446E+01
1.783000E+01 7.397223E-01 1.234177E+01
1.792900E+01 7.420560E-01 1.235062E+01
1.802800E+01 7.443814E-01 1.234809E+01
1.812700E+01 7.466987E-01 1.234567E+01
1.822600E+01 7.490079E-01 1.234335E+01
1.832500E+01 7.513090E-01 1.234114E+01
1.842400E+01 7.536021E-01 1.233902E+01
1.852300E+01 7.558873E-01 1.234819E+01
1.862200E+01 7.581646E-01 1.234622E+01
1.872100E+01 7.604340E-01 1.234435E+01
1.882000E+01 7.626957E-01 1.234257E+01
1.891900E+01 7.649496E-01 1.234089E+01
1.901800E+01 7.671958E-01 1.233929E+01
1.911700E+01 7.694344E-01 1.233778E+01
1.921600E+01 7.716653E-01 1.234726E+01
1.931500E+01 7.738888E-01 1.234588E+01
1.941400E+01 7.761047E-01 1.234458E+01
1.951300E+01 7.783132E-01 1.234337E+01
1.961200E+01 7.805143E-01 1.234224E+01
1.971100E+01 7.827080E-01 1.234119E+01
1.981000E+01 7.848945E-01 1.234021E+01
1.990900E+01 7.870736E-01 1.233931E+01
2.000800E+01 7.892455E-01 1.233849E+01
2.010700E+01 7.914103E-01 1.233774E+01
2.020600E+01 7.935679E-01 1.233706E+01
2.030500E+01 7.957185E-01 1.233645E+01
2.040400E+01 7.978620E-01 1.233592E+01
2.050300E+01 7.999985E-01 1.233545E+01
2.060200E+01 8.021281E-01 1.233505E+01
2.070100E+01 8.042507E-01 1.233472E+01
2.080000E+01 8.063665E-01 1.234477E+01
2.089900E+01 8.084755E-01 1.234453E+01
2.099800E+01 8.105776E-01 1.234436E+01
2.109700E+01 8.126730E-01 1.234424E+01
2.119600E+01 8.147617E-01 1.233400E+01
2.129500E+01 8.168438E-01 1.233404E+01
2.139400E+01 8.189192E-01 1.233414E+01
2.149300E+01 8.209880E-01 1.233430E+01
2.159200E+01 8.230502E-01 1.233451E+01
2.169100E+01 8.251060E-01 1.233479E+01
2.179000E+01 8.271553E-01 1.233511E+01
2.188900E+01 8.291981E-01 1.233549E+01
2.198800E+01 8.312346E-01 1.233593E+01
2.208700E+01 8.332647E-01 1.233641E+01
2.218600E+01 8.352884E-01 1.233695E+01
2.228500E+01 8.373059E-01 1.233754E+01
2.238400E+01 8.393171E-01 1.233818E+01
2.248300E+01 8.413221E-01 1.233887E+01
2.258200E+01 8.433209E-01 1.233960E+01
2.268100E+01 8.453135E-01 1.234039E+01
2.278000E+01 8.473001E-01 1.234122E+01
2.287900E+01 8.492805E-01 1.233242E+01
2.297800E+01 8.512549E-01 1.233337E+01
2.307700E+01 8.532233E-01 1.233437E+01
2.317600E+01 8.551858E-01 1.233541E+01
2.327500E+01 8.571422E-01 1.233649E+01
2.337400E+01 8.590928E-01 1.233762E+01
2.347300E+01 8.610375E-01 1.233878E+01
2.357200E+01 8.629763E-01 1.233999E+01
2.367100E+01 8.649093E-01 1.233179E+01
2.377000E+01 8.668366E-01 1.233310E+01
2.386900E+01 8.687580E-01 1.233445E+01
2.396800E+01 8.706738E-01 1.233584E+01
2.406700E+01 8.725839E-01 1.233727E+01
2.416600E+01 8.744883E-01 1.233874E+01
2.426500E+01 8.763871E-01 1.234025E+01
2.436400E+01 8.782802E-01 1.233252E+01
2.446300E+01 8.801678E-01 1.233412E+01
2.456200E+01 8.820499E-01 1.233575E+01
2.466100E+01 8.839265E-01 1.233742E+01
2.476000E+01 8.857976E-01 1.233913E+01
2.485900E+01 8.876632E-01 1.233172E+01
2.495800E+01 8.895234E-01 1.233351E+01
2.505700E+01 8.913782E-01 1.233534E+01
2.515600E+01 8.932277E-01 1.233720E+01
2.525500E+01 8.950718E-01 1.233909E+01
2.535400E+01 8.969106E-01 1.233198E+01
2.545300E+01 8.987441E-01 1.233395E+01
2.555200E+01 9.005723E-01 1.233596E+01
2.565100E+01 9.023954E-01 1.233799E+01
2.575000E+01 9.042132E-01 1.233112E+01
2.584900E+01 9.060258E-01 1.233323E+01
2.594800E+01 9.078333E-01 1.233537E+01
2.604700E+01 9.096357E-01 1.233754E+01
2.614600E+01 9.114329E-01 1.233089E+01
2.624500E+01 9.132251E-01 1.233314E+01
2.634400E+01 9.150123E-01 1.233541E+01
2.644300E+01 9.167944E-01 1.233770E+01
2.654200E+01 9.185716E-01 1.233127E+01
2.664100E+01 9.203437E-01 1.233364E+01
2.674000E+01 9.221109E-01 1.233603E+01
2.683900E+01 9.238732E-01 1.232976E+01
2.693800E+01 9.256306E-01 1.233221E+01
2.703700E+01 9.273832E-01 1.233470E+01
2.713600E+01 9.291309E-01 1.233721E+01
2.723500E+01 9.308737E-01 1.233113E+01
2.733400E+01 9.326118E-01 1.233370E+01
2.743300E+01 9.343450E-01 1.233630E+01
2.753200E+01 9.360736E-01 1.233037E+01
2.763100E+01 9.377974E-01 1.233302E+01
2.773000E+01 9.395164E-01 1.233570E+01
2.782900E+01 9.412308E-01 1.232992E+01
2.792800E+01 9.429406E-01 1.233266E+01
2.802700E+01 9.446457E-01 1.233541E+01
2.812600E+01 9.463462E-01 1.232977E+01
2.822500E+01 9.480421E-01 1.233258E+01
2.832400E+01 9.497334E-01 1.233542E+01
2.842300E+01 9.514201E-01 1.232991E+01
2.852200E+01 9.531024E-01 1.233280E+01
2.862100E+01 9.547801E-01 1.233571E+01
2.872000E+01 9.564533E-01 1.233033E+01
2.881900E+01 9.581221E-01 1.233329E+01
2.891800E+01 9.597864E-01 1.232800E+01
2.901700E+01 9.614464E-01 1.233101E+01
2.911600E+01 9.631019E-01 1.233404E+01
2.921500E+01 9.647530E-01 1.232888E+01
2.931400E+01 9.663997E-01 1.233196E+01
2.941300E+01 9.680421E-01 1.232688E+01
2.951200E+01 9.696802E-01 1.233001E+01
2.961100E+01 9.713140E-01 1.233315E+01
2.971000E+01 9.729435E-01 1.232819E+01
2.980900E+01 9.745688E-01 1.233138E+01
2.990800E+01 9.761898E-01 1.232650E+01
3.000700E+01 9.778065E-01 1.232974E+01
3.010600E+01 9.794191E-01 1.233299E+01
3.020500E+01 9.810275E-01 1.232822E+01
3.030400E+01 9.826317E-01 1.233152E+01
3.040300E+01 9.842317E-01 1.232683E+01
3.050200E+01 9.858277E-01 1.233016E+01
3.060100E+01 9.874195E-01 1.233352E+01
3.070000E+01 9.890072E-01 1.232893E+01
3.079900E+01 9.905909E-01 1.233232E+01
3.089800E+01 9.921704E-01 1.232782E+01
3.099700E+01 9.937460E-01 1.233125E+01
3.109600E+01 9.953175E-01 1.232681E+01
3.119500E+01 9.968851E-01 1.233028E+01
3.129400E+01 9.984486E-01 1.232592E+01
3.139300E+01 1.000008E+00 1.232943E+01
3.149200E+01 1.001564E+00 1.232514E+01
3.159100E+01 1.003116E+00 1.232868E+01
3.169000E+01 1.004663E+00 1.232446E+01
3.178900E+01 1.006207E+00 1.232804E+01
3.188800E+01 1.007747E+00 1.233163E+01
3.198700E+01 1.009283E+00 1.232750E+01
3.208600E+01 1.010816E+00 1.233113E+01
3.218500E+01 1.012344E+00 1.232706E+01
3.228400E+01 1.013869E+00 1.233073E+01
3.238300E+01 1.015390E+00 1.232673E+01
3.248200E+01 1.016907E+00 1.233042E+01
3.258100E+01 1.018420E+00 1.232648E+01
3.268000E+01 1.019930E+00 1.233021E+01
3.277900E+01 1.021435E+00 1.232634E+01
3.287800E+01 1.022938E+00 1.233010E+01
3.297700E+01 1.024436E+00 1.232628E+01
3.307600E+01 1.025931E+00 1.233007E+01
3.317500E+01 1.027422E+00 1.232632E+01
3.327400E+01 1.028909E+00 1.232260E+01
3.337300E+01 1.030393E+00 1.232644E+01
3.347200E+01 1.031873E+00 1.232278E+01
3.357100E+01 1.033350E+00 1.232665E+01
3.367000E+01 1.034822E+00 1.232305E+01
3.376900E+01 1.036292E+00 1.232695E+01
3.386800E+01 1.037758E+00 1.232340E+01
3.396700E+01 1.039220E+00 1.232733E+01
3.406600E+01 1.040679E+00 1.232384E+01
3.416500E+01 1.042134E+00 1.232779E+01
3.426400E+01 1.043586E+00 1.232436E+01
3.436300E+01 1.045034E+00 1.232096E+01
3.446200E+01 1.046478E+00 1.232495E+01
3.456100E+01 1.047920E+00 1.232160E+01
3.466000E+01 1.049358E+00 1.232563E+01
3.475900E+01 1.050792E+00 1.232233E+01
3.485800E+01 1.052223E+00 1.232638E+01
3.495700E+01 1.053650E+00 1.232313E+01
3.505600E+01 1.055075E+00 1.231992E+01
3.515500E+01 1.056495E+00 1.232400E+01
3.525400E+01 1.057913E+00 1.232084E+01
3.535300E+01 1.059327E+00 1.232495E+01
3.545200E+01 1.060738E+00 1.232183E+01
3.555100E+01 1.062145E+00 1.232597E+01
3.565000E+01 1.063549E+00 1.232290E+01
3.574900E+01 1.064950E+00 1.231986E+01
3.584800E+01 1.066348E+00 1.232403E+01
3.594700E+01 1.067742E+00 1.232104E+01
3.604600E+01 1.069133E+00 1.232524E+01
3.614500E+01 1.070521E+00 1.232229E+01
3.624400E+01 1.071905E+00 1.231937E+01
3.634300E+01 1.073286E+00 1.232360E+01
3.644200E+01 1.074665E+00 1.232073E+01
3.654100E+01 1.076040E+00 1.231789E+01
3.664000E+01 1.077411E+00 1.232215E+01
3.673900E+01 1.078780E+00 1.231935E+01
3.683800E+01 1.080145E+00 1.232363E+01
3.693700E+01 1.081507E+00 1.232088E+01
3.703600E+01 1.082867E+00 1.231815E+01
3.713500E+01 1.084223E+00 1.232246E+01
3.723400E+01 1.085575E+00 1.231977E+01
3.733300E+01 1.086925E+00 1.231711E+01
3.743200E+01 1.088272E+00 1.232146E+01
3.753100E+01 1.089616E+00 1.231884E+01
3.763000E+01 1.090956E+00 1.231624E+01
3.772900E+01 1.092294E+00 1.232062E+01
3.782800E+01 1.093628E+00 1.231806E+01
3.792700E+01 1.094960E+00 1.231553E+01
3.802600E+01 1.096288E+00 1.231994E+01
3.812500E+01 1.097614E+00 1.231745E+01
3.822400E+01 1.098936E+00 1.231498E+01
3.832300E+01 1.100256E+00 1.231942E+01
3.842200E+01 1.101572E+00 1.231699E+01
3.852100E+01 1.102886E+00 1.231459E+01
3.862000E+01 1.104196E+00 1.231905E+01
3.871900E+01 1.105504E+00 1.231668E+01
3.881800E+01 1.106809E+00 1.231434E+01
3.891700E+01 1.108111E+00 1.231883E+01
3.901600E+01 1.109410E+00 1.231652E+01
3.911500E+01 1.110706E+00 1.231423E+01
3.921400E+01 1.111999E+00 1.231875E+01
3.931300E+01 1.113289E+00 1.231650E+01
3.941200E+01 1.114577E+00 1.231427E+01
3.951100E+01 1.115861E+00 1.231207E+01
3.961000E+01 1.117143E+00 1.231662E+01
3.970900E+01 1.118422E+00 1.231445E+01
3.980800E+01 1.119698E+00 1.231230E+01
3.990700E+01 1.120971E+00 1.231687E+01
4.000600E+01 1.122242E+00 1.231476E+01
4.010500E+01 1.123510E+00 1.231266E+01
4.020400E+01 1.124775E+00 1.231059E+01
4.030300E+01 1.126037E+00 1.231520E+01
4.040200E+01 1.127296E+00 1.231316E+01
4.050100E+01 1.128553E+00 1.231114E+01
4.060000E+01 1.129807E+00 1.231576E+01
4.069900E+01 1.131058E+00 1.231378E+01
4.079800E+01 1.132307E+00 1.231181E+01
4.089700E+01 1.133553E+00 1.230986E+01
4.099600E+01 1.134796E+00 1.231452E+01
4.109500E+01 1.136036E+00 1.231260E+01
4.119400E+01 1.137274E+00 1.231070E+01
4.129300E+01 1.138509E+00 1.230883E+01
4.139200E+01 1.139741E+00 1.231351E+01
4.149100E+01 1.140971E+00 1.231167E+01
4.159000E+01 1.142198E+00 1.230984E+01
4.168900E+01 1.143423E+00 1.230803E+01
4.178800E+01 1.144645E+00 1.231274E+01
4.188700E+01 1.145864E+00 1.231096E+01
4.198600E+01 1.147081E+00 1.230920E+01
4.208500E+01 1.148295E+00 1.230745E+01
4.218400E+01 1.149507E+00 1.231220E+01
4.228300E+01 1.150716E+00 1.231048E+01
4.238200E+01 1.151922E+00 1.230878E+01
4.248100E+01 1.153126E+00 1.230710E+01
4.258000E+01 1.154327E+00 1.230544E+01
4.267900E+01 1.155526E+00 1.231022E+01
4.277800E+01 1.156722E+00 1.230858E+01
4.287700E+01 1.157916E+00 1.230696E+01
4.297600E+01 1.159107E+00 1.230536E+01
4.307500E+01 1.160296E+00 1.231016E+01
4.317400E+01 1.161482E+00 1.230859E+01
4.327300E+01 1.162666E+00 1.230703E+01
4.337200E+01 1.163847E+00 1.230549E+01
4.347100E+01 1.165026E+00 1.230397E+01
4.357000E+01 1.166202E+00 1.230880E+01
4.366900E+01 1.167376E+00 1.230730E+01
4.376800E+01 1.168547E+00 1.230581E+01
4.386700E+01 1.169716E+00 1.230435E+01
4.396600E+01 1.170883E+00 1.230290E+01
4.406500E+01 1.172047E+00 1.230776E+01
4.416400E+01 1.173209E+00 1.230633E+01
4.426300E+01 1.174368E+00 1.230492E+01
4.436200E+01 1.175525E+00 1.230353E+01
4.446100E+01 1.176680E+00 1.230215E+01
4.456000E+01 1.177832E+00 1.230079E+01
4.465900E+01 1.178982E+00 1.230568E+01
4.475800E+01 1.180129E+00 1.230434E+01
4.485700E+01 1.181274E+00 1.230302E+01
4.495600E+01 1.182417E+00 1.230171E+01
4.505500E+01 1.183558E+00 1.230042E+01
4.515400E+01 1.184696E+00 1.229914E+01
4.525300E+01 1.185832E+00 1.230406E+01
4.535200E+01 1.186965E+00 1.230280E+01
4.545100E+01 1.188096E+00 1.230156E+01
4.555000E+01 1.189225E+00 1.230034E+01
4.564900E+01 1.190352E+00 1.229912E+01
4.574800E+01 1.191476E+00 1.229793E+01
4.584700E+01 1.192598E+00 1.230288E+01
4.594600E+01 1.193718E+00 1.230170E+01
4.604500E+01 1.194835E+00 1.230054E+01
4.614400E+01 1.195951E+00 1.229939E+01
4.624300E+01 1.197064E+00 1.229826E+01
4.634200E+01 1.198175E+00 1.229714E+01
4.644100E+01 1.199283E+00 1.229603E+01
4.654000E+01 1.200389E+00 1.230101E+01
4.663900E+01 1.201494E+00 1.229993E+01
4.673800E+01 1.202595E+00 1.229885E+01
4.683700E+01 1.203695E+00 1.229779E+01
4.693600E+01 1.204793E+00 1.229675E+01
4.703500E+01 1.205888E+00 1.229571E+01
4.713400E+01 1.206981E+00 1.229469E+01
4.723300E+01 1.208072E+00 1.229369E+01
4.733200E+01 1.209161E+00 1.229871E+01
4.743100E+01 1.210248E+00 1.229772E+01
4.753000E+01 1.211332E+00 1.229674E+01
4.762900E+01 1.212414E+00 1.229578E+01
4.772800E+01 1.213495E+00 1.229483E+01
4.782700E+01 1.214573E+00 1.229389E+01
4.792600E+01 1.215649E+00 1.229297E+01
4.802500E+01 1.216723E+00 1.229206E+01
4.812400E+01 1.217794E+00 1.229116E+01
4.822300E+01 1.218864E+00 1.229621E+01
4.832200E+01 1.219932E+00 1.229533E+01
4.842100E+01 1.220997E+00 1.229446E+01
4.852000E+01 1.222060E+00 1.229360E+01
4.861900E+01 1.223122E+00 1.229276E+01
4.871800E+01 1.224181E+00 1.229193E+01
4.881700E+01 1.225238E+00 1.229110E+01
4.891600E+01 1.226293E+00 1.229029E+01
4.901500E+01 1.227346E+00 1.228950E+01
4.911400E+01 1.228397E+00 1.228871E+01
4.921300E+01 1.229446E+00 1.228794E+01
4.931200E+01 1.230493E+00 1.229303E+01
4.941100E+01 1.231538E+00 1.229227E+01
4.951000E+01 1.232581E+00 1.229152E+01
4.960900E+01 1.233622E+00 1.229079E+01
4.970800E+01 1.234661E+00 1.229006E+01
4.980700E+01 1.235698E+00 1.228935E+01
4.990600E+01 1.236733E+00 1.228865E+01
5.000500E+01 1.237765E+00 1.228796E+01
5.010400E+01 1.238796E+00 1.228727E+01
5.020300E+01 1.239825E+00 1.228661E+01
5.030200E+01 1.240852E+00 1.228595E+01
5.040100E+01 1.241877E+00 1.228530E+01
5.050000E+01 1.242900E+00 1.228466E+01
5.059900E+01 1.243922E+00 1.228404E+01
5.069800E+01 1.244941E+00 1.228342E+01
5.079700E+01 1.245958E+00 1.228856E+01
5.089600E+01 1.246973E+00 1.228796E+01
5.099500E+01 1.247987E+00 1.228737E+01
5.109400E+01 1.248998E+00 1.228679E+01
5.119300E+01 1.250008E+00 1.228622E+01
5.129200E+01 1.251015E+00 1.228566E+01
5.139100E+01 1.252021E+00 1.228511E+01
5.149000E+01 1.253025E+00 1.228457E+01
5.158900E+01 1.254027E+00 1.228404E+01
5.168800E+01 1.255027E+00 1.228352E+01
5.178700E+01 1.256025E+00 1.228301E+01
5.188600E+01 1.257021E+00 1.228251E+01
5.198500E+01 1.258016E+00 1.228201E+01
5.208400E+01 1.259008E+00 1.228153E+01
5.218300E+01 1.259999E+00 1.228106E+01
5.228200E+01 1.260988E+00 1.228060E+01
5.238100E+01 1.261975E+00 1.228015E+01
5.248000E+01 1.262960E+00 1.227970E+01
5.257900E+01 1.263943E+00 1.227927E+01
5.267800E+01 1.264925E+00 1.227885E+01
5.277700E+01 1.265905E+00 1.227843E+01
5.287600E+01 1.266883E+00 1.227803E+01
5.297500E+01 1.267859E+00 1.227763E+01
5.307400E+01 1.268833E+00 1.227724E+01
5.317300E+01 1.269805E+00 1.227687E+01
5.327200E+01 1.270776E+00 1.227650E+01
5.337100E+01 1.271745E+00 1.227614E+01
5.347000E+01 1.272712E+00 1.227579E+01
5.356900E+01 1.273677E+00 1.227544E+01
5.366800E+01 1.274641E+00 1.227511E+01
5.376700E+01 1.275603E+00 1.227479E+01
5.386600E+01 1.276562E+00 1.227447E+01
5.396500E+01 1.277521E+00 1.227416E+01
5.406400E+01 1.278477E+00 1.227386E+01
5.416300E+01 1.279432E+00 1.227357E+01
5.426200E+01 1.280385E+00 1.227329E+01
5.436100E+01 1.281336E+00 1.227302E+01
5.446000E+01 1.282286E+00 1.227275E+01
5.455900E+01 1.283233E+00 1.227250E+01
5.465800E+01 1.284179E+00 1.227225E+01
5.475700E+01 1.285124E+00 1.227201E+01
5.485600E+01 1.286066E+00 1.227178E+01
5.495500E+01 1.287007E+00 1.227156E+01
5.505400E+01 1.287947E+00 1.227134E+01
5.515300E+01 1.288884E+00 1.227113E+01
5.525200E+01 1.289820E+00 1.227093E+01
5.535100E+01 1.290754E+00 1.227074E+01
5.545000E+01 1.291686E+00 1.227056E+01
5.554900E+01 1.292617E+00 1.227038E+01
5.564800E+01 1.293546E+00 1.227022E+01
5.574700E+01 1.294474E+00 1.227006E+01
5.584600E+01 1.295399E+00 1.226990E+01
5.594500E+01 1.296323E+00 1.226976E+01
5.604400E+01 1.297246E+00 1.226962E+01
5.614300E+01 1.298167E+00 1.226949E+01
5.624200E+01 1.299086E+00 1.226937E+01
5.634100E+01 1.300003E+00 1.226926E+01
5.644000E+01 1.300919E+00 1.226915E+01
5.653900E+01 1.301833E+00 1.226905E+01
5.663800E+01 1.302746E+00 1.226896E+01
5.673700E+01 1.303657E+00 1.226888E+01
5.683600E+01 1.304566E+00 1.226344E+01
5.693500E+01 1.305474E+00 1.226338E+01
5.703400E+01 1.306380E+00 1.226332E+01
5.713300E+01 1.307285E+00 1.226327E+01
5.723200E+01 1.308188E+00 1.226323E+01
5.733100E+01 1.309089E+00 1.226319E+01
5.743000E+01 1.309989E+00 1.226317E+01
5.752900E+01 1.310887E+00 1.226314E+01
5.762800E+01 1.311783E+00 1.226313E+01
5.772700E+01 1.312678E+00 1.226312E+01
5.782600E+01 1.313572E+00 1.226312E+01
5.792500E+01 1.314464E+00 1.226313E+01
5.802400E+01 1.315354E+00 1.226314E+01
5.812300E+01 1.316243E+00 1.226316E+01
5.822200E+01 1.317130E+00 1.226319E+01
5.832100E+01 1.318015E+00 1.226322E+01
5.842000E+01 1.318900E+00 1.225799E+01
5.851900E+01 1.319782E+00 1.225805E+01
5.861800E+01 1.320663E+00 1.225810E+01
5.871700E+01 1.321542E+00 1.225817E+01
5.881600E+01 1.322420E+00 1.225824E+01
5.891500E+01 1.323297E+00 1.225832E+01
5.901400E+01 1.324172E+00 1.225840E+01
5.911300E+01 1.325045E+00 1.225849E+01
5.921200E+01 1.325917E+00 1.225859E+01
5.931100E+01 1.326787E+00 1.225870E+01
5.941000E+01 1.327656E+00 1.225881E+01
5.950900E+01 1.328523E+00 1.225892E+01
5.960800E+01 1.329389E+00 1.225384E+01
5.970700E+01 1.330253E+00 1.225398E+01
5.980600E+01 1.331116E+00 1.225412E+01
5.990500E+01 1.331978E+00 1.225426E+01
6.000400E+01 1.332838E+00 1.225441E+01
6.010300E+01 1.333696E+00 1.225457E+01
6.020200E+01 1.334553E+00 1.225474E+01
6.030100E+01 1.335408E+00 1.225491E+01
6.040000E+01 1.336262E+00 1.225508E+01
6.049900E+01 1.337115E+00 1.225527E+01
6.059800E+01 1.337966E+00 1.225030E+01
6.069700E+01 1.338816E+00 1.225050E+01
6.079600E+01 1.339664E+00 1.225071E+01
6.089500E+01 1.340510E+00 1.225092E+01
6.099400E+01 1.341356E+00 1.225113E+01
6.109300E+01 1.342200E+00 1.225136E+01
6.119200E+01 1.343042E+00 1.225158E+01
6.129100E+01 1.343883E+00 1.225182E+01
6.139000E+01 1.344723E+00 1.225206E+01
6.148900E+01 1.345561E+00 1.224720E+01
6.158800E+01 1.346397E+00 1.224745E+01
6.168700E+01 1.347233E+00 1.224771E+01
6.178600E+01 1.348067E+00 1.224798E+01
6.188500E+01 1.348899E+00 1.224825E+01
6.198400E+01 1.349730E+00 1.224853E+01
6.208300E+01 1.350560E+00 1.224881E+01
6.218200E+01 1.351388E+00 1.224910E+01
6.228100E+01 1.352215E+00 1.224433E+01
6.238000E+01 1.353040E+00 1.224463E+01
6.247900E+01 1.353865E+00 1.224494E+01
6.257800E+01 1.354687E+00 1.224525E+01
6.267700E+01 1.355509E+00 1.224557E+01
6.277600E+01 1.356329E+00 1.224590E+01
6.287500E+01 1.357147E+00 1.224623E+01
6.297400E+01 1.357965E+00 1.224153E+01
6.307300E+01 1.358780E+00 1.224187E+01
6.317200E+01 1.359595E+00 1.224222E+01
6.327100E+01 1.360408E+00 1.224258E+01
6.337000E+01 1.361220E+00 1.224294E+01
6.346900E+01 1.362030E+00 1.224330E+01
6.356800E+01 1.362839E+00 1.224367E+01
6.366700E+01 1.363647E+00 1.223905E+01
6.376600E+01 1.364454E+00 1.223944E+01
6.386500E+01 1.365259E+00 1.223982E+01
6.396400E+01 1.366063E+00 1.224022E+01
6.406300E+01 1.366865E+00 1.224062E+01
6.416200E+01 1.367666E+00 1.224102E+01
6.426100E+01 1.368466E+00 1.224143E+01
6.436000E+01 1.369264E+00 1.223688E+01
6.445900E+01 1.370062E+00 1.223730E+01
6.455800E+01 1.370857E+00 1.223773E+01
6.465700E+01 1.371652E+00 1.223816E+01
6.475600E+01 1.372445E+00 1.223860E+01
6.485500E+01 1.373237E+00 1.223904E+01
6.495400E+01 1.374028E+00 1.223455E+01
6.505300E+01 1.374817E+00 1.223500E+01
6.515200E+01 1.375605E+00 1.223546E+01
6.525100E+01 1.376392E+00 1.223592E+01
6.535000E+01 1.377178E+00 1.223639E+01
6.544900E+01 1.377962E+00 1.223687E+01
6.554800E+01 1.378745E+00 1.223243E+01
6.564700E+01 1.379526E+00 1.223292E+01
6.574600E+01 1.380307E+00 1.223341E+01
6.584500E+01 1.381086E+00 1.223391E+01
6.594400E+01 1.381864E+00 1.223440E+01
6.604300E+01 1.382640E+00 1.223002E+01
6.614200E+01 1.383416E+00 1.223054E+01
6.624100E+01 1.384190E+00 1.223105E+01
6.634000E+01 1.384962E+00 1.223157E+01
6.643900E+01 1.385734E+00 1.223210E+01
6.653800E+01 1.386504E+00 1.223263E+01
6.663700E+01 1.387273E+00 1.222830E+01
6.673600E+01 1.388041E+00 1.222884E+01
6.683500E+01 1.388808E+00 1.222939E+01
6.693400E+01 1.389573E+00 1.222994E+01
6.703300E+01 1.390337E+00 1.223049E+01
6.713200E+01 1.391100E+00 1.222622E+01
6.723100E+01 1.391862E+00 1.222678E+01
6.733000E+01 1.392622E+00 1.222735E+01
6.742900E+01 1.393382E+00 1.222793E+01
6.752800E+01 1.394140E+00 1.222850E+01
6.762700E+01 1.394897E+00 1.222427E+01
6.772600E+01 1.395652E+00 1.222486E+01
6.782500E+01 1.396407E+00 1.222546E+01
6.792400E+01 1.397160E+00 1.222606E+01
6.802300E+01 1.397912E+00 1.222666E+01
6.812200E+01 1.398663E+00 1.222247E+01
6.822100E+01 1.399412E+00 1.222309E+01
6.832000E+01 1.400161E+00 1.222370E+01
6.841900E+01 1.400908E+00 1.222432E+01
6.851800E+01 1.401654E+00 1.222495E+01
6.861700E+01 1.402399E+00 1.222081E+01
6.871600E+01 1.403142E+00 1.222144E+01
6.881500E+01 1.403885E+00 1.222208E+01
6.891400E+01 1.404626E+00 1.222273E+01
6.901300E+01 1.405366E+00 1.221862E+01
6.911200E+01 1.406105E+00 1.221928E+01
6.921100E+01 1.406843E+00 1.221994E+01
6.931000E+01 1.407580E+00 1.222060E+01
6.940900E+01 1.408315E+00 1.222127E+01
6.950800E+01 1.409050E+00 1.221720E+01
6.960700E+01 1.409783E+00 1.221788E+01
6.970600E+01 1.410515E+00 1.221856E+01
6.980500E+01 1.411246E+00 1.221925E+01
6.990400E+01 1.411976E+00 1.221522E+01
7.000300E+01 1.412704E+00 1.221591E+01
7.010200E+01 1.413432E+00 1.221661E+01
7.020100E+01 1.414158E+00 1.221731E+01
7.030000E+01 1.414883E+00 1.221332E+01
7.039900E+01 1.415607E+00 1.221403E+01
7.049800E+01 1.416330E+00 1.221475E+01
7.059700E+01 1.417052E+00 1.221547E+01
7.069600E+01 1.417773E+00 1.221619E+01
7.079500E+01 1.418492E+00 1.221224E+01
7.089400E+01 1.419211E+00 1.221297E+01
7.099300E+01 1.419928E+00 1.221371E+01
7.109200E+01 1.420644E+00 1.221445E+01
7.119100E+01 1.421359E+00 1.221053E+01
7.129000E+01 1.422073E+00 1.221128E+01
7.138900E+01 1.422786E+00 1.221203E+01
7.148800E+01 1.423498E+00 1.221279E+01
7.158700E+01 1.424209E+00 1.220890E+01
7.168600E+01 1.424918E+00 1.220967E+01
7.178500E+01 1.425627E+00 1.221044E+01
7.188400E+01 1.426334E+00 1.221121E+01
7.198300E+01 1.427041E+00 1.220735E+01
7.208200E+01 1.427746E+00 1.220814E+01
7.218100E+01 1.428450E+00 1.220892E+01
7.228000E+01 1.429153E+00 1.220971E+01
7.237900E+01 1.429855E+00 1.220589E+01
7.247800E+01 1.430556E+00 1.220669E+01
7.257700E+01 1.431256E+00 1.220749E+01
7.267600E+01 1.431955E+00 1.220829E+01
7.277500E+01 1.432652E+00 1.220450E+01
7.287400E+01 1.433349E+00 1.220531E+01
7.297300E+01 1.434045E+00 1.220613E+01
7.307200E+01 1.434739E+00 1.220236E+01
7.317100E+01 1.435433E+00 1.220319E+01
7.327000E+01 1.436125E+00 1.220402E+01
7.336900E+01 1.436816E+00 1.220485E+01
7.346800E+01 1.437507E+00 1.220111E+01
7.356700E+01 1.438196E+00 1.220196E+01
7.366600E+01 1.438884E+00 1.220280E+01
7.376500E+01 1.439571E+00 1.220365E+01
7.386400E+01 1.440257E+00 1.219994E+01
7.396300E+01 1.440942E+00 1.220080E+01
7.406200E+01 1.441626E+00 1.220166E+01
7.416100E+01 1.442309E+00 1.219797E+01
7.426000E+01 1.442991E+00 1.219884E+01
7.435900E+01 1.443672E+00 1.219971E+01
7.445800E+01 1.444352E+00 1.220059E+01
7.455700E+01 1.445031E+00 1.219693E+01
7.465600E+01 1.445709E+00 1.219781E+01
7.475500E+01 1.446386E+00 1.219870E+01
7.485400E+01 1.447062E+00 1.219506E+01
7.495300E+01 1.447736E+00 1.219596E+01
7.505200E+01 1.448410E+00 1.219685E+01
7.515100E+01 1.449083E+00 1.219776E+01
7.525000E+01 1.449755E+00 1.219415E+01
7.534900E+01 1.450426E+00 1.219506E+01
7.544800E+01 1.451095E+00 1.219597E+01
7.554700E+01 1.451764E+00 1.219238E+01
7.564600E+01 1.452432E+00 1.219330E+01
7.574500E+01 1.453099E+00 1.219423E+01
7.584400E+01 1.453764E+00 1.219515E+01
7.594300E+01 1.454429E+00 1.219159E+01
7.604200E+01 1.455093E+00 1.219253E+01
7.614100E+01 1.455756E+00 1.219346E+01
7.624000E+01 1.456418E+00 1.218993E+01
7.633900E+01 1.457078E+00 1.219087E+01
7.643800E+01 1.457738E+00 1.219182E+01
7.653700E+01 1.458397E+00 1.218830E+01
7.663600E+01 1.459055E+00 1.218926E+01
7.673500E+01 1.459712E+00 1.219022E+01
7.683400E+01 1.460368E+00 1.218672E+01
7.693300E+01 1.461023E+00 1.218769E+01
7.703200E+01 1.461677E+00 1.218866E+01
7.713100E+01 1.462330E+00 1.218963E+01
7.723000E+01 1.462982E+00 1.218616E+01
7.732900E+01 1.463633E+00 1.218714E+01
7.742800E+01 1.464283E+00 1.218812E+01
7.752700E+01 1.464933E+00 1.218467E+01
7.762600E+01 1.465581E+00 1.218566E+01
7.772500E+01 1.466228E+00 1.218665E+01
7.782400E+01 1.466875E+00 1.218322E+01
7.792300E+01 1.467520E+00 1.218422E+01
7.802200E+01 1.468164E+00 1.218522E+01
7.812100E+01 1.468808E+00 1.218182E+01
7.822000E+01 1.469451E+00 1.218283E+01
7.831900E+01 1.470092E+00 1.218384E+01
7.841800E+01 1.470733E+00 1.218045E+01
7.851700E+01 1.471373E+00 1.218147E+01
7.861600E+01 1.472011E+00 1.218249E+01
7.871500E+01 1.472649E+00 1.217912E+01
7.881400E+01 1.473286E+00 1.218015E+01
7.891300E+01 1.473922E+00 1.218118E+01
7.901200E+01 1.474557E+00 1.217783E+01
7.911100E+01 1.475192E+00 1.217887E+01
7.921000E+01 1.475825E+00 1.217991E+01
7.930900E+01 1.476457E+00 1.217658E+01
7.940800E+01 1.477089E+00 1.217763E+01
7.950700E+01 1.477719E+00 1.217868E+01
7.960600E+01 1.478349E+00 1.217537E+01
7.970500E+01 1.478977E+00 1.217642E+01
7.980400E+01 1.479605E+00 1.217748E+01
7.990300E+01 1.480232E+00 1.217419E+01
8.000200E+01 1.480858E+00 1.217526E+01
8.010100E+01 1.481483E+00 1.217633E+01
8.020000E+01 1.482107E+00 1.217305E+01
8.029900E+01 1.482731E+00 1.217413E+01
8.039800E+01 1.483353E+00 1.217521E+01
8.049700E+01 1.483974E+00 1.217195E+01
8.059600E+01 1.484595E+00 1.217304E+01
8.069500E+01 1.485215E+00 1.217412E+01
8.079400E+01 1.485834E+00 1.217089E+01
8.089300E+01 1.486451E+00 1.217198E+01
8.099200E+01 1.487068E+00 1.217307E+01
8.109100E+01 1.487685E+00 1.216986E+01
8.119000E+01 1.488300E+00 1.217096E+01
8.128900E+01 1.488914E+00 1.217206E+01
8.138800E+01 1.489528E+00 1.216886E+01
8.148700E+01 1.490140E+00 1.216997E+01
8.158600E+01 1.490752E+00 1.217108E+01
8.168500E+01 1.491363E+00 1.216790E+01
8.178400E+01 1.491973E+00 1.216902E+01
8.188300E+01 1.492582E+00 1.216586E+01
8.198200E+01 1.493190E+00 1.216698E+01
8.208100E+01 1.493798E+00 1.216811E+01
8.218000E+01 1.494404E+00 1.216496E+01
8.227900E+01 1.495010E+00 1.216609E+01
8.237800E+01 1.495615E+00 1.216722E+01
8.247700E+01 1.496219E+00 1.216409E+01
8.257600E+01 1.496822E+00 1.216523E+01
8.267500E+01 1.497424E+00 1.216637E+01
8.277400E+01 1.498026E+00 1.216326E+01
8.287300E+01 1.498626E+00 1.216441E+01
8.297200E+01 1.499226E+00 1.216131E+01
8.307100E+01 1.499825E+00 1.216246E+01
8.317000E+01 1.500423E+00 1.216362E+01
8.326900E+01 1.501020E+00 1.216053E+01
8.336800E+01 1.501616E+00 1.216170E+01
8.346700E+01 1.502212E+00 1.216286E+01
8.356600E+01 1.502807E+00 1.215979E+01
8.366500E+01 1.503400E+00 1.216097E+01
8.376400E+01 1.503993E+00 1.215791E+01
8.386300E+01 1.504585E+00 1.215909E+01
8.396200E+01 1.505177E+00 1.216026E+01
8.406100E+01 1.505767E+00 1.215723E+01
8.416000E+01 1.506357E+00 1.215841E+01
8.425900E+01 1.506946E+00 1.215960E+01
8.435800E+01 1.507534E+00 1.215657E+01
8.445700E+01 1.508121E+00 1.215777E+01
8.455600E+01 1.508707E+00 1.215476E+01
8.465500E+01 1.509293E+00 1.215595E+01
8.475400E+01 1.509878E+00 1.215715E+01
8.485300E+01 1.510462E+00 1.215416E+01
8.495200E+01 1.511045E+00 1.215536E+01
8.505100E+01 1.511627E+00 1.215238E+01
8.515000E+01 1.512209E+00 1.215359E+01
8.524900E+01 1.512789E+00 1.215480E+01
8.534800E+01 1.513369E+00 1.215184E+01
8.544700E+01 1.513948E+00 1.215305E+01
8.554600E+01 1.514527E+00 1.215010E+01
8.564500E+01 1.515104E+00 1.215132E+01
8.574400E+01 1.515681E+00 1.215255E+01
8.584300E+01 1.516257E+00 1.214961E+01
8.594200E+01 1.516832E+00 1.215084E+01
8.604100E+01 1.517406E+00 1.215207E+01
8.614000E+01 1.517979E+00 1.214915E+01
8.623900E+01 1.518552E+00 1.215039E+01
8.633800E+01 1.519124E+00 1.214747E+01
8.643700E+01 1.519695E+00 1.214872E+01
8.653600E+01 1.520265E+00 1.214996E+01
8.663500E+01 1.520835E+00 1.214706E+01
8.673400E+01 1.521404E+00 1.214831E+01
8.683300E+01 1.521972E+00 1.214543E+01
8.693200E+01 1.522539E+00 1.214668E+01
8.703100E+01 1.523105E+00 1.214381E+01
8.713000E+01 1.523671E+00 1.214507E+01
8.722900E+01 1.524236E+00 1.214633E+01
8.732800E+01 1.524800E+00 1.214347E+01
8.742700E+01 1.525363E+00 1.214474E+01
8.752600E+01 1.525926E+00 1.214189E+01
8.762500E+01 1.526488E+00 1.214316E+01
8.772400E+01 1.527049E+00 1.214444E+01
8.782300E+01 1.527609E+00 1.214160E+01
8.792200E+01 1.528169E+00 1.214288E+01
8.802100E+01 1.528727E+00 1.214006E+01
8.812000E+01 1.529285E+00 1.214134E+01
8.821900E+01 1.529842E+00 1.214263E+01
8.831800E+01 1.530399E+00 1.213982E+01
8.841700E+01 1.530955E+00 1.214111E+01
8.851600E+01 1.531510E+00 1.213831E+01
8.861500E+01 1.532064E+00 1.213961E+01
8.871400E+01 1.532617E+00 1.213682E+01
8.881300E+01 1.533170E+00 1.213812E+01
8.891200E+01 1.533722E+00 1.213942E+01
8.901100E+01 1.534273E+00 1.213665E+01
8.911000E+01 1.534824E+00 1.213795E+01
8.920900E+01 1.535373E+00 1.213519E+01
8.930800E+01 1.535922E+00 1.213650E+01
8.940700E+01 1.536470E+00 1.213375E+01
8.950600E+01 1.537018E+00 1.213506E+01
8.960500E+01 1.537565E+00 1.213638E+01
8.970400E+01 1.538111E+00 1.213364E+01
8.980300E+01 1.538656E+00 1.213497E+01
8.990200E+01 1.539200E+00 1.213224E+01
9.000100E+01 1.539744E+00 1.213356E+01
9.010000E+01 1.540287E+00 1.213085E+01
9.019900E+01 1.540830E+00 1.213218E+01
9.029800E+01 1.541371E+00 1.213351E+01
9.039700E+01 1.541912E+00 1.213080E+01
9.049600E+01 1.542452E+00 1.213214E+01
9.059500E+01 1.542992E+00 1.212945E+01
9.069400E+01 1.543531E+00 1.213079E+01
9.079300E+01 1.544069E+00 1.212810E+01
9.089200E+01 1.544606E+00 1.212945E+01
9.099100E+01 1.545142E+00 1.212678E+01
9.109000E+01 1.545678E+00 1.212813E+01
9.118900E+01 1.546213E+00 1.212948E+01
9.128800E+01 1.546748E+00 1.212682E+01
9.138700E+01 1.547282E+00 1.212817E+01
9.148600E+01 1.547815E+00 1.212552E+01
9.158500E+01 1.548347E+00 1.212688E+01
9.168400E+01 1.548878E+00 1.212424E+01
9.178300E+01 1.549409E+00 1.212561E+01
9.188200E+01 1.549940E+00 1.212297E+01
9.198100E+01 1.550469E+00 1.212434E+01
9.208000E+01 1.550998E+00 1.212572E+01
9.217900E+01 1.551526E+00 1.212310E+01
9.227800E+01 1.552053E+00 1.212447E+01
9.237700E+01 1.552580E+00 1.212186E+01
9.247600E+01 1.553106E+00 1.212324E+01
9.257500E+01 1.553631E+00 1.212064E+01
9.267400E+01 1.554156E+00 1.212202E+01
9.277300E+01 1.554680E+00 1.211943E+01
9.287200E+01 1.555203E+00 1.212082E+01
9.297100E+01 1.555725E+00 1.211824E+01
9.307000E+01 1.556247E+00 1.211963E+01
9.316900E+01 1.556768E+00 1.212102E+01
9.326800E+01 1.557289E+00 1.211845E+01
9.336700E+01 1.557809E+00 1.211985E+01
9.346600E+01 1.558328E+00 1.211729E+01
9.356500E+01 1.558846E+00 1.211869E+01
9.366400E+01 1.559364E+00 1.211614E+01
9.376300E+01 1.559881E+00 1.211755E+01
9.386200E+01 1.560397E+00 1.211501E+01
9.396100E+01 1.560913E+00 1.211642E+01
9.406000E+01 1.561428E+00 1.211388E+01
9.415900E+01 1.561942E+00 1.211530E+01
9.425800E+01 1.562456E+00 1.211277E+01
9.435700E+01 1.562969E+00 1.211419E+01
9.445600E+01 1.563481E+00 1.211167E+01
9.455500E+01 1.563993E+00 1.211310E+01
9.465400E+01 1.564504E+00 1.211452E+01
9.475300E+01 1.565014E+00 1.211202E+01
9.485200E+01 1.565524E+00 1.211344E+01
9.495100E+01 1.566033E+00 1.211095E+01
9.505000E+01 1.566541E+00 1.211238E+01
9.514900E+01 1.567049E+00 1.210989E+01
9.524800E+01 1.567556E+00 1.211133E+01
9.534700E+01 1.568062E+00 1.210885E+01
9.544600E+01 1.568568E+00 1.211029E+01
9.554500E+01 1.569073E+00 1.210782E+01
9.564400E+01 1.569577E+00 1.210926E+01
9.574300E+01 1.570081E+00 1.210680E+01
9.584200E+01 1.570584E+00 1.210825E+01
9.594100E+01 1.571087E+00 1.210580E+01
9.604000E+01 1.571588E+00 1.210725E+01
9.613900E+01 1.572090E+00 1.210481E+01
9.623800E+01 1.572590E+00 1.210626E+01
9.633700E+01 1.573090E+00 1.210383E+01
9.643600E+01 1.573589E+00 1.210528E+01
9.653500E+01 1.574088E+00 1.210286E+01
9.663400E+01 1.574586E+00 1.210432E+01
9.673300E+01 1.575083E+00 1.210190E+01
9.683200E+01 1.575580E+00 1.210337E+01
9.693100E+01 1.576076E+00 1.210096E+01
9.703000E+01 1.576571E+00 1.210242E+01
9.712900E+01 1.577066E+00 1.210002E+01
9.722800E+01 1.577560E+00 1.210150E+01
9.732700E+01 1.578053E+00 1.210297E+01
9.742600E+01 1.578546E+00 1.210058E+01
9.752500E+01 1.579038E+00 1.210206E+01
9.762400E+01 1.579530E+00 1.209967E+01
9.772300E+01 1.580021E+00 1.210115E+01
9.782200E+01 1.580511E+00 1.209878E+01
9.792100E+01 1.581001E+00 1.210026E+01
9.802000E+01 1.581490E+00 1.209790E+01
9.811900E+01 1.581978E+00 1.209939E+01
9.821800E+01 1.582466E+00 1.209703E+01
9.831700E+01 1.582953E+00 1.209852E+01
9.841600E+01 1.583440E+00 1.209617E+01
9.851500E+01 1.583926E+00 1.209766E+01
9.861400E+01 1.584411E+00 1.209532E+01
9.871300E+01 1.584896E+00 1.209682E+01
9.881200E+01 1.585380E+00 1.209448E+01
9.891100E+01 1.585863E+00 1.209599E+01
9.901000E+01 1.586346E+00 1.209366E+01
9.910900E+01 1.586828E+00 1.209516E+01
9.920800E+01 1.587310E+00 1.209285E+01
9.930700E+01 1.587791E+00 1.209053E+01
9.940600E+01 1.588272E+00 1.209204E+01
9.950500E+01 1.588751E+00 1.208974E+01
9.960400E+01 1.589231E+00 1.209125E+01
9.970300E+01 1.589709E+00 1.208896E+01
9.980200E+01 1.590187E+00 1.209047E+01
9.990100E+01 1.590665E+00 1.208818E+01
