1.000000E+00 NAN NAN
1.099000E+00 1.278151E-01 2.180882E+01
1.198000E+00 1.334921E-01 1.913160E+01
1.297000E+00 1.391428E-01 1.830422E+01
1.396000E+00 1.447561E-01 1.779551E+01
1.495000E+00 1.503255E-01 1.725935E+01
1.594000E+00 1.558473E-01 1.670562E+01
1.693000E+00 1.613198E-01 1.635826E+01
1.792000E+00 1.667416E-01 1.607152E+01
1.891000E+00 1.721118E-01 1.573869E+01
1.990000E+00 1.774305E-01 1.545723E+01
2.089000E+00 1.826978E-01 1.521777E+01
2.188000E+00 1.879143E-01 1.501308E+01
2.287000E+00 1.930806E-01 1.483747E+01
2.386000E+00 1.981973E-01 1.461597E+01
2.485000E+00 2.032655E-01 1.448889E+01
2.584000E+00 2.082859E-01 1.437943E+01
2.683000E+00 2.132594E-01 1.422353E+01
2.782000E+00 2.181871E-01 1.408570E+01
2.881000E+00 2.230697E-01 1.402022E+01
2.980000E+00 2.279083E-01 1.390968E+01
3.079000E+00 2.327038E-01 1.381139E+01
3.178000E+00 2.374570E-01 1.372394E+01
3.277000E+00 2.421689E-01 1.364610E+01
3.376000E+00 2.468403E-01 1.357683E+01
3.475000E+00 2.514720E-01 1.346887E+01
3.574000E+00 2.560649E-01 1.341540E+01
3.673000E+00 2.606198E-01 1.336802E+01
3.772000E+00 2.651375E-01 1.328361E+01
3.871000E+00 2.696187E-01 1.324775E+01
3.970000E+00 2.740641E-01 1.321638E+01
4.069000E+00 2.784745E-01 1.314956E+01
4.168000E+00 2.828505E-01 1.312682E+01
4.267000E+00 2.871927E-01 1.306968E+01
4.366000E+00 2.915019E-01 1.301725E+01
4.465000E+00 2.957786E-01 1.300516E+01
4.564000E+00 3.000235E-01 1.296021E+01
4.663000E+00 3.042372E-01 1.291896E+01
4.762000E+00 3.084202E-01 1.288112E+01
4.861000E+00 3.125730E-01 1.284644E+01
4.960000E+00 3.166963E-01 1.281467E+01
5.059000E+00 3.207905E-01 1.278562E+01
5.158000E+00 3.248561E-01 1.275908E+01
5.257000E+00 3.288937E-01 1.273489E+01
5.356000E+00 3.329036E-01 1.271288E+01
5.455000E+00 3.368864E-01 1.269291E+01
5.554000E+00 3.408424E-01 1.267485E+01
5.653000E+00 3.447722E-01 1.265857E+01
5.752000E+00 3.486762E-01 1.264396E+01
5.851000E+00 3.525547E-01 1.263093E+01
5.950000E+00 3.564081E-01 1.259169E+01
6.049000E+00 3.602370E-01 1.258188E+01
6.148000E+00 3.640415E-01 1.257337E+01
6.247000E+00 3.678221E-01 1.253956E+01
6.346000E+00 3.715792E-01 1.253373E+01
6.445000E+00 3.753131E-01 1.252898E+01
6.544000E+00 3.790241E-01 1.249976E+01
6.643000E+00 3.827126E-01 1.249726E+01
6.742000E+00 3.863789E-01 1.247083E+01
6.841000E+00 3.900233E-01 1.247034E+01
6.940000E+00 3.936461E-01 1.244643E+01
7.039000E+00 3.972476E-01 1.244773E+01
7.138000E+00 4.008282E-01 1.242609E+01
7.237000E+00 4.043880E-01 1.242901E+01
7.336000E+00 4.079274E-01 1.240942E+01
7.435000E+00 4.114466E-01 1.239094E+01
7.534000E+00 4.149459E-01 1.239607E+01
7.633000E+00 4.184256E-01 1.237937E+01
7.732000E+00 4.218860E-01 1.236362E+01
7.831000E+00 4.253272E-01 1.237065E+01
7.930000E+00 4.287494E-01 1.235645E+01
8.029000E+00 4.321531E-01 1.234308E+01
8.128000E+00 4.355383E-01 1.233052E+01
8.227000E+00 4.389053E-01 1.233972E+01
8.326000E+00 4.422543E-01 1.232844E+01
8.425000E+00 4.455856E-01 1.231787E+01
8.524000E+00 4.488993E-01 1.230798E+01
8.623000E+00 4.521957E-01 1.229874E+01
8.722000E+00 4.554750E-01 1.229012E+01
8.821000E+00 4.587373E-01 1.228210E+01
8.920000E+00 4.619829E-01 1.229432E+01
9.019000E+00 4.652119E-01 1.228725E+01
9.118000E+00 4.684246E-01 1.228070E+01
9.217000E+00 4.716211E-01 1.227467E+01
9.316000E+00 4.748016E-01 1.226913E+01
9.415000E+00 4.779663E-01 1.226406E+01
9.514000E+00 4.811154E-01 1.225945E+01
9.613000E+00 4.842489E-01 1.225528E+01
9.712000E+00 4.873672E-01 1.225153E+01
9.811000E+00 4.904702E-01 1.222994E+01
9.910000E+00 4.935583E-01 1.222713E+01
1.000900E+01 4.966316E-01 1.222469E+01
1.010800E+01 4.996902E-01 1.222260E+01
1.020700E+01 5.027343E-01 1.222087E+01
1.030600E+01 5.057640E-01 1.221947E+01
1.040500E+01 5.087795E-01 1.221840E+01
1.050400E+01 5.117809E-01 1.221764E+01
1.060300E+01 5.147683E-01 1.220001E+01
1.070200E+01 5.177420E-01 1.219996E+01
1.080100E+01 5.207020E-01 1.220019E+01
1.090000E+01 5.236485E-01 1.220069E+01
1.099900E+01 5.265816E-01 1.220145E+01
1.109800E+01 5.295014E-01 1.218588E+01
1.119700E+01 5.324081E-01 1.218724E+01
1.129600E+01 5.353018E-01 1.218884E+01
1.139500E+01 5.381827E-01 1.217442E+01
1.149400E+01 5.410507E-01 1.217656E+01
1.159300E+01 5.439062E-01 1.217891E+01
1.169200E+01 5.467491E-01 1.218146E+01
1.179100E+01 5.495795E-01 1.216838E+01
1.189000E+01 5.523977E-01 1.217142E+01
1.198900E+01 5.552037E-01 1.215901E+01
1.208800E+01 5.579977E-01 1.216249E+01
1.218700E+01 5.607796E-01 1.216615E+01
1.228600E+01 5.635497E-01 1.215463E+01
1.238500E+01 5.663081E-01 1.215869E+01
1.248400E+01 5.690548E-01 1.216292E+01
1.258300E+01 5.717899E-01 1.215221E+01
1.268200E+01 5.745136E-01 1.215680E+01
1.278100E+01 5.772259E-01 1.214664E+01
1.288000E+01 5.799270E-01 1.215159E+01
1.297900E+01 5.826169E-01 1.214194E+01
1.307800E+01 5.852958E-01 1.214722E+01
1.317700E+01 5.879637E-01 1.213806E+01
1.327600E+01 5.906208E-01 1.214365E+01
1.337500E+01 5.932671E-01 1.213495E+01
1.347400E+01 5.959027E-01 1.214083E+01
1.357300E+01 5.985277E-01 1.213257E+01
1.367200E+01 6.011422E-01 1.213873E+01
1.377100E+01 6.037463E-01 1.213089E+01
1.387000E+01 6.063400E-01 1.213732E+01
1.396900E+01 6.089235E-01 1.212988E+01
1.406800E+01 6.114968E-01 1.212267E+01
1.416700E+01 6.140600E-01 1.212948E+01
1.426600E+01 6.166132E-01 1.212265E+01
1.436500E+01 6.191564E-01 1.212969E+01
1.446400E+01 6.216898E-01 1.212320E+01
1.456300E+01 6.242134E-01 1.211693E+01
1.466200E+01 6.267273E-01 1.212431E+01
1.476100E+01 6.292316E-01 1.211836E+01
1.486000E+01 6.317263E-01 1.211261E+01
1.495900E+01 6.342116E-01 1.212031E+01
1.505800E+01 6.366874E-01 1.211486E+01
1.515700E+01 6.391539E-01 1.210960E+01
1.525600E+01 6.416111E-01 1.211758E+01
1.535500E+01 6.440592E-01 1.211260E+01
1.545400E+01 6.464981E-01 1.210779E+01
1.555300E+01 6.489279E-01 1.211604E+01
1.565200E+01 6.513488E-01 1.211150E+01
1.575100E+01 6.537607E-01 1.210711E+01
1.585000E+01 6.561638E-01 1.210289E+01
1.594900E+01 6.585581E-01 1.211147E+01
1.604800E+01 6.609436E-01 1.210749E+01
1.614700E+01 6.633205E-01 1.210366E+01
1.624600E+01 6.656887E-01 1.209997E+01
1.634500E+01 6.680484E-01 1.210885E+01
1.644400E+01 6.703997E-01 1.210538E+01
1.654300E+01 6.727424E-01 1.210205E+01
1.664200E+01 6.750769E-01 1.209885E+01
1.674100E+01 6.774030E-01 1.209578E+01
1.684000E+01 6.797209E-01 1.210501E+01
1.693900E+01 6.820306E-01 1.210214E+01
1.703800E+01 6.843321E-01 1.209939E+01
1.713700E+01 6.866256E-01 1.209676E+01
1.723600E+01 6.889111E-01 1.209425E+01
1.733500E+01 6.911886E-01 1.209186E+01
1.743400E+01 6.934582E-01 1.210145E+01
1.753300E+01 6.957199E-01 1.209923E+01
1.763200E+01 6.979738E-01 1.209712E+01
1.773100E+01 7.002200E-01 1.209511E+01
1.783000E+01 7.024584E-01 1.209321E+01
1.792900E+01 7.046892E-01 1.209142E+01
1.802800E+01 7.069124E-01 1.208972E+01
1.812700E+01 7.091281E-01 1.208813E+01
1.822600E+01 7.113362E-01 1.208663E+01
1.832500E+01 7.135369E-01 1.209668E+01
1.842400E+01 7.157302E-01 1.209533E+01
1.852300E+01 7.179161E-01 1.209406E+01
1.862200E+01 7.200948E-01 1.209289E+01
1.872100E+01 7.222661E-01 1.209180E+01
1.882000E+01 7.244303E-01 1.209080E+01
1.891900E+01 7.265873E-01 1.208989E+01
1.901800E+01 7.287371E-01 1.208906E+01
1.911700E+01 7.308799E-01 1.208831E+01
1.921600E+01 7.330157E-01 1.208764E+01
1.931500E+01 7.351444E-01 1.208706E+01
1.941400E+01 7.372663E-01 1.208654E+01
1.951300E+01 7.393812E-01 1.208611E+01
1.961200E+01 7.414892E-01 1.208575E+01
1.971100E+01 7.435905E-01 1.208546E+01
1.981000E+01 7.456849E-01 1.208525E+01
1.990900E+01 7.477726E-01 1.208511E+01
2.000800E+01 7.498536E-01 1.208503E+01
2.010700E+01 7.519280E-01 1.208503E+01
2.020600E+01 7.539957E-01 1.208509E+01
2.030500E+01 7.560569E-01 1.208521E+01
2.040400E+01 7.581116E-01 1.208541E+01
2.050300E+01 7.601597E-01 1.208566E+01
2.060200E+01 7.622014E-01 1.208598E+01
2.070100E+01 7.642367E-01 1.208636E+01
2.080000E+01 7.662656E-01 1.208680E+01
2.089900E+01 7.682882E-01 1.207685E+01
2.099800E+01 7.703045E-01 1.207744E+01
2.109700E+01 7.723145E-01 1.207809E+01
2.119600E+01 7.743183E-01 1.207879E+01
2.129500E+01 7.763159E-01 1.207955E+01
2.139400E+01 7.783073E-01 1.208036E+01
2.149300E+01 7.802926E-01 1.208123E+01
2.159200E+01 7.822719E-01 1.208215E+01
2.169100E+01 7.842451E-01 1.208312E+01
2.179000E+01 7.862122E-01 1.207399E+01
2.188900E+01 7.881734E-01 1.207509E+01
2.198800E+01 7.901286E-01 1.207624E+01
2.208700E+01 7.920779E-01 1.207744E+01
2.218600E+01 7.940214E-01 1.207869E+01
2.228500E+01 7.959589E-01 1.207998E+01
2.238400E+01 7.978907E-01 1.208132E+01
2.248300E+01 7.998167E-01 1.207276E+01
2.258200E+01 8.017369E-01 1.207422E+01
2.268100E+01 8.036514E-01 1.207571E+01
2.278000E+01 8.055602E-01 1.207726E+01
2.287900E+01 8.074634E-01 1.207884E+01
2.297800E+01 8.093609E-01 1.208046E+01
2.307700E+01 8.112529E-01 1.207237E+01
2.317600E+01 8.131392E-01 1.207410E+01
2.327500E+01 8.150201E-01 1.207587E+01
2.337400E+01 8.168954E-01 1.207768E+01
2.347300E+01 8.187653E-01 1.207953E+01
2.357200E+01 8.206297E-01 1.207179E+01
2.367100E+01 8.224887E-01 1.207374E+01
2.377000E+01 8.243423E-01 1.207572E+01
2.386900E+01 8.261905E-01 1.207774E+01
2.396800E+01 8.280334E-01 1.207028E+01
2.406700E+01 8.298711E-01 1.207239E+01
2.416600E+01 8.317034E-01 1.207454E+01
2.426500E+01 8.335305E-01 1.207672E+01
2.436400E+01 8.353524E-01 1.206952E+01
2.446300E+01 8.371690E-01 1.207179E+01
2.456200E+01 8.389806E-01 1.207409E+01
2.466100E+01 8.407869E-01 1.207642E+01
2.476000E+01 8.425882E-01 1.206947E+01
2.485900E+01 8.443844E-01 1.207189E+01
2.495800E+01 8.461755E-01 1.207433E+01
2.505700E+01 8.479616E-01 1.206757E+01
2.515600E+01 8.497427E-01 1.207009E+01
2.525500E+01 8.515188E-01 1.207264E+01
2.535400E+01 8.532900E-01 1.207522E+01
2.545300E+01 8.550562E-01 1.206870E+01
2.555200E+01 8.568175E-01 1.207135E+01
2.565100E+01 8.585740E-01 1.207403E+01
2.575000E+01 8.603256E-01 1.206768E+01
2.584900E+01 8.620724E-01 1.207043E+01
2.594800E+01 8.638143E-01 1.207320E+01
2.604700E+01 8.655515E-01 1.206702E+01
2.614600E+01 8.672839E-01 1.206986E+01
2.624500E+01 8.690116E-01 1.207273E+01
2.634400E+01 8.707346E-01 1.206671E+01
2.644300E+01 8.724529E-01 1.206964E+01
2.654200E+01 8.741665E-01 1.207260E+01
2.664100E+01 8.758755E-01 1.206673E+01
2.674000E+01 8.775798E-01 1.206975E+01
2.683900E+01 8.792796E-01 1.207279E+01
2.693800E+01 8.809747E-01 1.206707E+01
2.703700E+01 8.826653E-01 1.207018E+01
2.713600E+01 8.843514E-01 1.206456E+01
2.723500E+01 8.860330E-01 1.206772E+01
2.733400E+01 8.877101E-01 1.207091E+01
2.743300E+01 8.893827E-01 1.206543E+01
2.753200E+01 8.910508E-01 1.206867E+01
2.763100E+01 8.927146E-01 1.206329E+01
2.773000E+01 8.943739E-01 1.206659E+01
2.782900E+01 8.960289E-01 1.206990E+01
2.792800E+01 8.976795E-01 1.206466E+01
2.802700E+01 8.993257E-01 1.206803E+01
2.812600E+01 9.009677E-01 1.206288E+01
2.822500E+01 9.026053E-01 1.206630E+01
2.832400E+01 9.042387E-01 1.206973E+01
2.842300E+01 9.058678E-01 1.206471E+01
2.852200E+01 9.074926E-01 1.206819E+01
2.862100E+01 9.091132E-01 1.206326E+01
2.872000E+01 9.107297E-01 1.206679E+01
2.881900E+01 9.123419E-01 1.206195E+01
2.891800E+01 9.139500E-01 1.206553E+01
2.901700E+01 9.155539E-01 1.206912E+01
2.911600E+01 9.171538E-01 1.206439E+01
2.921500E+01 9.187495E-01 1.206803E+01
2.931400E+01 9.203411E-01 1.206338E+01
2.941300E+01 9.219286E-01 1.206707E+01
2.951200E+01 9.235121E-01 1.206250E+01
2.961100E+01 9.250916E-01 1.206623E+01
2.971000E+01 9.266671E-01 1.206174E+01
2.980900E+01 9.282385E-01 1.206551E+01
2.990800E+01 9.298060E-01 1.206110E+01
3.000700E+01 9.313695E-01 1.206491E+01
3.010600E+01 9.329291E-01 1.206058E+01
3.020500E+01 9.344848E-01 1.206442E+01
3.030400E+01 9.360365E-01 1.206017E+01
3.040300E+01 9.375844E-01 1.206405E+01
3.050200E+01 9.391284E-01 1.205987E+01
3.060100E+01 9.406686E-01 1.206379E+01
3.070000E+01 9.422049E-01 1.205968E+01
3.079900E+01 9.437374E-01 1.206364E+01
3.089800E+01 9.452660E-01 1.205959E+01
3.099700E+01 9.467909E-01 1.206359E+01
3.109600E+01 9.483120E-01 1.205961E+01
3.119500E+01 9.498294E-01 1.206364E+01
3.129400E+01 9.513430E-01 1.205973E+01
3.139300E+01 9.528529E-01 1.206380E+01
3.149200E+01 9.543591E-01 1.205995E+01
3.159100E+01 9.558616E-01 1.206405E+01
3.169000E+01 9.573604E-01 1.206027E+01
3.178900E+01 9.588555E-01 1.206440E+01
3.188800E+01 9.603470E-01 1.206069E+01
3.198700E+01 9.618349E-01 1.205701E+01
3.208600E+01 9.633192E-01 1.206119E+01
3.218500E+01 9.647998E-01 1.205758E+01
3.228400E+01 9.662769E-01 1.206179E+01
3.238300E+01 9.677504E-01 1.205824E+01
3.248200E+01 9.692204E-01 1.206248E+01
3.258100E+01 9.706868E-01 1.205898E+01
3.268000E+01 9.721498E-01 1.206325E+01
3.277900E+01 9.736091E-01 1.205981E+01
3.287800E+01 9.750651E-01 1.205642E+01
3.297700E+01 9.765175E-01 1.206073E+01
3.307600E+01 9.779665E-01 1.205739E+01
3.317500E+01 9.794120E-01 1.206173E+01
3.327400E+01 9.808541E-01 1.205844E+01
3.337300E+01 9.822927E-01 1.205519E+01
3.347200E+01 9.837280E-01 1.205958E+01
3.357100E+01 9.851599E-01 1.205638E+01
3.367000E+01 9.865883E-01 1.206079E+01
3.376900E+01 9.880135E-01 1.205764E+01
3.386800E+01 9.894352E-01 1.205454E+01
3.396700E+01 9.908537E-01 1.205898E+01
3.406600E+01 9.922688E-01 1.205593E+01
3.416500E+01 9.936806E-01 1.206040E+01
3.426400E+01 9.950891E-01 1.205739E+01
3.436300E+01 9.964943E-01 1.205441E+01
3.446200E+01 9.978962E-01 1.205893E+01
3.456100E+01 9.992949E-01 1.205600E+01
3.466000E+01 1.000690E+00 1.205310E+01
3.475900E+01 1.002083E+00 1.205765E+01
3.485800E+01 1.003472E+00 1.205481E+01
3.495700E+01 1.004857E+00 1.205199E+01
3.505600E+01 1.006240E+00 1.205657E+01
3.515500E+01 1.007619E+00 1.205380E+01
3.525400E+01 1.008996E+00 1.205841E+01
3.535300E+01 1.010369E+00 1.205568E+01
3.545200E+01 1.011739E+00 1.205299E+01
3.555100E+01 1.013105E+00 1.205763E+01
3.565000E+01 1.014469E+00 1.205497E+01
3.574900E+01 1.015830E+00 1.205235E+01
3.584800E+01 1.017187E+00 1.205702E+01
3.594700E+01 1.018541E+00 1.205444E+01
3.604600E+01 1.019893E+00 1.205189E+01
3.614500E+01 1.021241E+00 1.205659E+01
3.624400E+01 1.022586E+00 1.205408E+01
3.634300E+01 1.023929E+00 1.205160E+01
3.644200E+01 1.025268E+00 1.205634E+01
3.654100E+01 1.026604E+00 1.205389E+01
3.664000E+01 1.027937E+00 1.205148E+01
3.673900E+01 1.029267E+00 1.204909E+01
3.683800E+01 1.030594E+00 1.205387E+01
3.693700E+01 1.031919E+00 1.205152E+01
3.703600E+01 1.033240E+00 1.204919E+01
3.713500E+01 1.034558E+00 1.205400E+01
3.723400E+01 1.035874E+00 1.205171E+01
3.733300E+01 1.037186E+00 1.204945E+01
3.743200E+01 1.038496E+00 1.205428E+01
3.753100E+01 1.039802E+00 1.205206E+01
3.763000E+01 1.041106E+00 1.204986E+01
3.772900E+01 1.042407E+00 1.204769E+01
3.782800E+01 1.043705E+00 1.205256E+01
3.792700E+01 1.045000E+00 1.205042E+01
3.802600E+01 1.046293E+00 1.204831E+01
3.812500E+01 1.047582E+00 1.205320E+01
3.822400E+01 1.048869E+00 1.205112E+01
3.832300E+01 1.050153E+00 1.204906E+01
3.842200E+01 1.051434E+00 1.204703E+01
3.852100E+01 1.052712E+00 1.205196E+01
3.862000E+01 1.053988E+00 1.204996E+01
3.871900E+01 1.055260E+00 1.204798E+01
3.881800E+01 1.056530E+00 1.204603E+01
3.891700E+01 1.057798E+00 1.205099E+01
3.901600E+01 1.059062E+00 1.204907E+01
3.911500E+01 1.060324E+00 1.204717E+01
3.921400E+01 1.061583E+00 1.204530E+01
3.931300E+01 1.062839E+00 1.205028E+01
3.941200E+01 1.064093E+00 1.204844E+01
3.951100E+01 1.065344E+00 1.204662E+01
3.961000E+01 1.066592E+00 1.204481E+01
3.970900E+01 1.067837E+00 1.204983E+01
3.980800E+01 1.069080E+00 1.204806E+01
3.990700E+01 1.070321E+00 1.204631E+01
4.000600E+01 1.071558E+00 1.204458E+01
4.010500E+01 1.072793E+00 1.204287E+01
4.020400E+01 1.074026E+00 1.204792E+01
4.030300E+01 1.075255E+00 1.204624E+01
4.040200E+01 1.076482E+00 1.204458E+01
4.050100E+01 1.077707E+00 1.204294E+01
4.060000E+01 1.078929E+00 1.204802E+01
4.069900E+01 1.080148E+00 1.204641E+01
4.079800E+01 1.081365E+00 1.204481E+01
4.089700E+01 1.082579E+00 1.204324E+01
4.099600E+01 1.083791E+00 1.204169E+01
4.109500E+01 1.085000E+00 1.204680E+01
4.119400E+01 1.086207E+00 1.204527E+01
4.129300E+01 1.087411E+00 1.204376E+01
4.139200E+01 1.088613E+00 1.204227E+01
4.149100E+01 1.089812E+00 1.204080E+01
4.159000E+01 1.091008E+00 1.203934E+01
4.168900E+01 1.092202E+00 1.204449E+01
4.178800E+01 1.093394E+00 1.204306E+01
4.188700E+01 1.094583E+00 1.204165E+01
4.198600E+01 1.095770E+00 1.204026E+01
4.208500E+01 1.096954E+00 1.203889E+01
4.218400E+01 1.098136E+00 1.204406E+01
4.228300E+01 1.099315E+00 1.204271E+01
4.238200E+01 1.100492E+00 1.204138E+01
4.248100E+01 1.101666E+00 1.204006E+01
4.258000E+01 1.102839E+00 1.203876E+01
4.267900E+01 1.104008E+00 1.203748E+01
4.277800E+01 1.105176E+00 1.204269E+01
4.287700E+01 1.106340E+00 1.204143E+01
4.297600E+01 1.107503E+00 1.204019E+01
4.307500E+01 1.108663E+00 1.203897E+01
4.317400E+01 1.109821E+00 1.203776E+01
4.327300E+01 1.110976E+00 1.203656E+01
4.337200E+01 1.112129E+00 1.203538E+01
4.347100E+01 1.113280E+00 1.204063E+01
4.357000E+01 1.114429E+00 1.203948E+01
4.366900E+01 1.115575E+00 1.203834E+01
4.376800E+01 1.116718E+00 1.203721E+01
4.386700E+01 1.117860E+00 1.203610E+01
4.396600E+01 1.118999E+00 1.203501E+01
4.406500E+01 1.120136E+00 1.203393E+01
4.416400E+01 1.121271E+00 1.203921E+01
4.426300E+01 1.122403E+00 1.203815E+01
4.436200E+01 1.123533E+00 1.203711E+01
4.446100E+01 1.124661E+00 1.203608E+01
4.456000E+01 1.125786E+00 1.203507E+01
4.465900E+01 1.126910E+00 1.203407E+01
4.475800E+01 1.128031E+00 1.203309E+01
4.485700E+01 1.129149E+00 1.203212E+01
4.495600E+01 1.130266E+00 1.203744E+01
4.505500E+01 1.131380E+00 1.203649E+01
4.515400E+01 1.132493E+00 1.203555E+01
4.525300E+01 1.133603E+00 1.203463E+01
4.535200E+01 1.134710E+00 1.203372E+01
4.545100E+01 1.135816E+00 1.203283E+01
4.555000E+01 1.136919E+00 1.203194E+01
4.564900E+01 1.138021E+00 1.203108E+01
4.574800E+01 1.139120E+00 1.203022E+01
4.584700E+01 1.140217E+00 1.203558E+01
4.594600E+01 1.141311E+00 1.203474E+01
4.604500E+01 1.142404E+00 1.203392E+01
4.614400E+01 1.143494E+00 1.203311E+01
4.624300E+01 1.144583E+00 1.203232E+01
4.634200E+01 1.145669E+00 1.203153E+01
4.644100E+01 1.146753E+00 1.203076E+01
4.654000E+01 1.147835E+00 1.203001E+01
4.663900E+01 1.148915E+00 1.202926E+01
4.673800E+01 1.149993E+00 1.202853E+01
4.683700E+01 1.151068E+00 1.202781E+01
4.693600E+01 1.152142E+00 1.202711E+01
4.703500E+01 1.153214E+00 1.203251E+01
4.713400E+01 1.154283E+00 1.203182E+01
4.723300E+01 1.155350E+00 1.203114E+01
4.733200E+01 1.156416E+00 1.203047E+01
4.743100E+01 1.157479E+00 1.202982E+01
4.753000E+01 1.158540E+00 1.202918E+01
4.762900E+01 1.159599E+00 1.202855E+01
4.772800E+01 1.160657E+00 1.202793E+01
4.782700E+01 1.161712E+00 1.202732E+01
4.792600E+01 1.162765E+00 1.202673E+01
4.802500E+01 1.163816E+00 1.202614E+01
4.812400E+01 1.164865E+00 1.202557E+01
4.822300E+01 1.165912E+00 1.202501E+01
4.832200E+01 1.166957E+00 1.202446E+01
4.842100E+01 1.168000E+00 1.202393E+01
4.852000E+01 1.169042E+00 1.202340E+01
4.861900E+01 1.170081E+00 1.202289E+01
4.871800E+01 1.171118E+00 1.202238E+01
4.881700E+01 1.172153E+00 1.202189E+01
4.891600E+01 1.173187E+00 1.202735E+01
4.901500E+01 1.174218E+00 1.202687E+01
4.911400E+01 1.175247E+00 1.202640E+01
4.921300E+01 1.176275E+00 1.202594E+01
4.931200E+01 1.177300E+00 1.202550E+01
4.941100E+01 1.178324E+00 1.202506E+01
4.951000E+01 1.179345E+00 1.202464E+01
4.960900E+01 1.180365E+00 1.202422E+01
4.970800E+01 1.181383E+00 1.202381E+01
4.980700E+01 1.182399E+00 1.202342E+01
4.990600E+01 1.183413E+00 1.202304E+01
5.000500E+01 1.184425E+00 1.202266E+01
5.010400E+01 1.185435E+00 1.202230E+01
5.020300E+01 1.186444E+00 1.202194E+01
5.030200E+01 1.187450E+00 1.202160E+01
5.040100E+01 1.188455E+00 1.202126E+01
5.050000E+01 1.189458E+00 1.202094E+01
5.059900E+01 1.190459E+00 1.202062E+01
5.069800E+01 1.191458E+00 1.202032E+01
5.079700E+01 1.192455E+00 1.202002E+01
5.089600E+01 1.193450E+00 1.201974E+01
5.099500E+01 1.194444E+00 1.201946E+01
5.109400E+01 1.195436E+00 1.201920E+01
5.119300E+01 1.196425E+00 1.201894E+01
5.129200E+01 1.197413E+00 1.201869E+01
5.139100E+01 1.198400E+00 1.201845E+01
5.149000E+01 1.199384E+00 1.201822E+01
5.158900E+01 1.200367E+00 1.201800E+01
5.168800E+01 1.201348E+00 1.201779E+01
5.178700E+01 1.202327E+00 1.201759E+01
5.188600E+01 1.203304E+00 1.201739E+01
5.198500E+01 1.204279E+00 1.201721E+01
5.208400E+01 1.205253E+00 1.201703E+01
5.218300E+01 1.206225E+00 1.201687E+01
5.228200E+01 1.207195E+00 1.201671E+01
5.238100E+01 1.208164E+00 1.201656E+01
5.248000E+01 1.209130E+00 1.201642E+01
5.257900E+01 1.210095E+00 1.201629E+01
5.267800E+01 1.211058E+00 1.201617E+01
5.277700E+01 1.212020E+00 1.201605E+01
5.287600E+01 1.212980E+00 1.201594E+01
5.297500E+01 1.213938E+00 1.201585E+01
5.307400E+01 1.214894E+00 1.201011E+01
5.317300E+01 1.215848E+00 1.201004E+01
5.327200E+01 1.216801E+00 1.200997E+01
5.337100E+01 1.217752E+00 1.200991E+01
5.347000E+01 1.218702E+00 1.200986E+01
5.356900E+01 1.219649E+00 1.200982E+01
5.366800E+01 1.220595E+00 1.200979E+01
5.376700E+01 1.221540E+00 1.200976E+01
5.386600E+01 1.222482E+00 1.200974E+01
5.396500E+01 1.223423E+00 1.200973E+01
5.406400E+01 1.224362E+00 1.200973E+01
5.416300E+01 1.225300E+00 1.200973E+01
5.426200E+01 1.226236E+00 1.200975E+01
5.436100E+01 1.227170E+00 1.200977E+01
5.446000E+01 1.228103E+00 1.200980E+01
5.455900E+01 1.229034E+00 1.200983E+01
5.465800E+01 1.229963E+00 1.200988E+01
5.475700E+01 1.230891E+00 1.200993E+01
5.485600E+01 1.231817E+00 1.200998E+01
5.495500E+01 1.232741E+00 1.200453E+01
5.505400E+01 1.233664E+00 1.200461E+01
5.515300E+01 1.234585E+00 1.200470E+01
5.525200E+01 1.235505E+00 1.200479E+01
5.535100E+01 1.236422E+00 1.200489E+01
5.545000E+01 1.237339E+00 1.200500E+01
5.554900E+01 1.238253E+00 1.200511E+01
5.564800E+01 1.239167E+00 1.200524E+01
5.574700E+01 1.240078E+00 1.200536E+01
5.584600E+01 1.240988E+00 1.200550E+01
5.594500E+01 1.241896E+00 1.200564E+01
5.604400E+01 1.242803E+00 1.200580E+01
5.614300E+01 1.243708E+00 1.200595E+01
5.624200E+01 1.244612E+00 1.200068E+01
5.634100E+01 1.245514E+00 1.200085E+01
5.644000E+01 1.246414E+00 1.200104E+01
5.653900E+01 1.247313E+00 1.200123E+01
5.663800E+01 1.248210E+00 1.200142E+01
5.673700E+01 1.249106E+00 1.200163E+01
5.683600E+01 1.250000E+00 1.200184E+01
5.693500E+01 1.250893E+00 1.200205E+01
5.703400E+01 1.251784E+00 1.200227E+01
5.713300E+01 1.252674E+00 1.200250E+01
5.723200E+01 1.253562E+00 1.200274E+01
5.733100E+01 1.254449E+00 1.199761E+01
5.743000E+01 1.255334E+00 1.199786E+01
5.752900E+01 1.256217E+00 1.199812E+01
5.762800E+01 1.257099E+00 1.199839E+01
5.772700E+01 1.257980E+00 1.199866E+01
5.782600E+01 1.258859E+00 1.199894E+01
5.792500E+01 1.259736E+00 1.199923E+01
5.802400E+01 1.260612E+00 1.199952E+01
5.812300E+01 1.261487E+00 1.199982E+01
5.822200E+01 1.262360E+00 1.199480E+01
5.832100E+01 1.263231E+00 1.199511E+01
5.842000E+01 1.264101E+00 1.199543E+01
5.851900E+01 1.264970E+00 1.199576E+01
5.861800E+01 1.265837E+00 1.199609E+01
5.871700E+01 1.266702E+00 1.199643E+01
5.881600E+01 1.267566E+00 1.199678E+01
5.891500E+01 1.268429E+00 1.199713E+01
5.901400E+01 1.269290E+00 1.199220E+01
5.911300E+01 1.270150E+00 1.199257E+01
5.921200E+01 1.271008E+00 1.199294E+01
5.931100E+01 1.271865E+00 1.199332E+01
5.941000E+01 1.272721E+00 1.199371E+01
5.950900E+01 1.273575E+00 1.199410E+01
5.960800E+01 1.274427E+00 1.199449E+01
5.970700E+01 1.275279E+00 1.198965E+01
5.980600E+01 1.276128E+00 1.199007E+01
5.990500E+01 1.276977E+00 1.199048E+01
6.000400E+01 1.277823E+00 1.199091E+01
6.010300E+01 1.278669E+00 1.199133E+01
6.020200E+01 1.279513E+00 1.199177E+01
6.030100E+01 1.280356E+00 1.199221E+01
6.040000E+01 1.281197E+00 1.198745E+01
6.049900E+01 1.282037E+00 1.198790E+01
6.059800E+01 1.282875E+00 1.198836E+01
6.069700E+01 1.283712E+00 1.198883E+01
6.079600E+01 1.284548E+00 1.198930E+01
6.089500E+01 1.285382E+00 1.198977E+01
6.099400E+01 1.286215E+00 1.199025E+01
6.109300E+01 1.287046E+00 1.198557E+01
6.119200E+01 1.287876E+00 1.198607E+01
6.129100E+01 1.288705E+00 1.198657E+01
6.139000E+01 1.289533E+00 1.198707E+01
6.148900E+01 1.290359E+00 1.198759E+01
6.158800E+01 1.291183E+00 1.198810E+01
6.168700E+01 1.292007E+00 1.198349E+01
6.178600E+01 1.292829E+00 1.198402E+01
6.188500E+01 1.293649E+00 1.198455E+01
6.198400E+01 1.294469E+00 1.198509E+01
6.208300E+01 1.295286E+00 1.198564E+01
6.218200E+01 1.296103E+00 1.198619E+01
6.228100E+01 1.296918E+00 1.198164E+01
6.238000E+01 1.297732E+00 1.198220E+01
6.247900E+01 1.298545E+00 1.198277E+01
6.257800E+01 1.299356E+00 1.198334E+01
6.267700E+01 1.300166E+00 1.198392E+01
6.277600E+01 1.300975E+00 1.197942E+01
6.287500E+01 1.301782E+00 1.198001E+01
6.297400E+01 1.302588E+00 1.198061E+01
6.307300E+01 1.303393E+00 1.198121E+01
6.317200E+01 1.304196E+00 1.198182E+01
6.327100E+01 1.304998E+00 1.198243E+01
6.337000E+01 1.305799E+00 1.197799E+01
6.346900E+01 1.306598E+00 1.197861E+01
6.356800E+01 1.307397E+00 1.197924E+01
6.366700E+01 1.308193E+00 1.197987E+01
6.376600E+01 1.308989E+00 1.198051E+01
6.386500E+01 1.309783E+00 1.197613E+01
6.396400E+01 1.310576E+00 1.197678E+01
6.406300E+01 1.311368E+00 1.197743E+01
6.416200E+01 1.312159E+00 1.197809E+01
6.426100E+01 1.312948E+00 1.197875E+01
6.436000E+01 1.313736E+00 1.197442E+01
6.445900E+01 1.314523E+00 1.197509E+01
6.455800E+01 1.315308E+00 1.197577E+01
6.465700E+01 1.316092E+00 1.197645E+01
6.475600E+01 1.316875E+00 1.197714E+01
6.485500E+01 1.317657E+00 1.197286E+01
6.495400E+01 1.318437E+00 1.197356E+01
6.505300E+01 1.319217E+00 1.197426E+01
6.515200E+01 1.319995E+00 1.197497E+01
6.525100E+01 1.320771E+00 1.197568E+01
6.535000E+01 1.321547E+00 1.197144E+01
6.544900E+01 1.322321E+00 1.197217E+01
6.554800E+01 1.323094E+00 1.197290E+01
6.564700E+01 1.323866E+00 1.197363E+01
6.574600E+01 1.324636E+00 1.196943E+01
6.584500E+01 1.325406E+00 1.197017E+01
6.594400E+01 1.326174E+00 1.197092E+01
6.604300E+01 1.326941E+00 1.197167E+01
6.614200E+01 1.327707E+00 1.197243E+01
6.624100E+01 1.328471E+00 1.196828E+01
6.634000E+01 1.329234E+00 1.196904E+01
6.643900E+01 1.329997E+00 1.196981E+01
6.653800E+01 1.330758E+00 1.197059E+01
6.663700E+01 1.331517E+00 1.196647E+01
6.673600E+01 1.332276E+00 1.196726E+01
6.683500E+01 1.333033E+00 1.196805E+01
6.693400E+01 1.333789E+00 1.196884E+01
6.703300E+01 1.334544E+00 1.196477E+01
6.713200E+01 1.335298E+00 1.196557E+01
6.723100E+01 1.336051E+00 1.196638E+01
6.733000E+01 1.336802E+00 1.196719E+01
6.742900E+01 1.337552E+00 1.196801E+01
6.752800E+01 1.338301E+00 1.196397E+01
6.762700E+01 1.339049E+00 1.196480E+01
6.772600E+01 1.339796E+00 1.196563E+01
6.782500E+01 1.340542E+00 1.196646E+01
6.792400E+01 1.341286E+00 1.196246E+01
6.802300E+01 1.342029E+00 1.196331E+01
6.812200E+01 1.342772E+00 1.196415E+01
6.822100E+01 1.343513E+00 1.196500E+01
6.832000E+01 1.344252E+00 1.196104E+01
6.841900E+01 1.344991E+00 1.196190E+01
6.851800E+01 1.345729E+00 1.196277E+01
6.861700E+01 1.346465E+00 1.196364E+01
6.871600E+01 1.347200E+00 1.195970E+01
6.881500E+01 1.347935E+00 1.196058E+01
6.891400E+01 1.348668E+00 1.196147E+01
6.901300E+01 1.349400E+00 1.196235E+01
6.911200E+01 1.350130E+00 1.195845E+01
6.921100E+01 1.350860E+00 1.195935E+01
6.931000E+01 1.351589E+00 1.196025E+01
6.940900E+01 1.352316E+00 1.195638E+01
6.950800E+01 1.353042E+00 1.195729E+01
6.960700E+01 1.353767E+00 1.195820E+01
6.970600E+01 1.354492E+00 1.195911E+01
6.980500E+01 1.355214E+00 1.195528E+01
6.990400E+01 1.355936E+00 1.195620E+01
7.000300E+01 1.356657E+00 1.195713E+01
7.010200E+01 1.357377E+00 1.195806E+01
7.020100E+01 1.358095E+00 1.195425E+01
7.030000E+01 1.358813E+00 1.195519E+01
7.039900E+01 1.359529E+00 1.195614E+01
7.049800E+01 1.360245E+00 1.195708E+01
7.059700E+01 1.360959E+00 1.195331E+01
7.069600E+01 1.361672E+00 1.195427E+01
7.079500E+01 1.362384E+00 1.195523E+01
7.089400E+01 1.363095E+00 1.195148E+01
7.099300E+01 1.363805E+00 1.195245E+01
7.109200E+01 1.364514E+00 1.195342E+01
7.119100E+01 1.365222E+00 1.195439E+01
7.129000E+01 1.365928E+00 1.195067E+01
7.138900E+01 1.366634E+00 1.195166E+01
7.148800E+01 1.367338E+00 1.195264E+01
7.158700E+01 1.368042E+00 1.194895E+01
7.168600E+01 1.368744E+00 1.194995E+01
7.178500E+01 1.369446E+00 1.195094E+01
7.188400E+01 1.370146E+00 1.195195E+01
7.198300E+01 1.370845E+00 1.194828E+01
7.208200E+01 1.371544E+00 1.194929E+01
7.218100E+01 1.372241E+00 1.195030E+01
7.228000E+01 1.372937E+00 1.194666E+01
7.237900E+01 1.373632E+00 1.194769E+01
7.247800E+01 1.374326E+00 1.194871E+01
7.257700E+01 1.375019E+00 1.194509E+01
7.267600E+01 1.375711E+00 1.194613E+01
7.277500E+01 1.376402E+00 1.194716E+01
7.287400E+01 1.377092E+00 1.194820E+01
7.297300E+01 1.377781E+00 1.194461E+01
7.307200E+01 1.378469E+00 1.194566E+01
7.317100E+01 1.379156E+00 1.194671E+01
7.327000E+01 1.379842E+00 1.194314E+01
7.336900E+01 1.380527E+00 1.194420E+01
7.346800E+01 1.381211E+00 1.194526E+01
7.356700E+01 1.381893E+00 1.194172E+01
7.366600E+01 1.382575E+00 1.194279E+01
7.376500E+01 1.383256E+00 1.194386E+01
7.386400E+01 1.383936E+00 1.194034E+01
7.396300E+01 1.384615E+00 1.194142E+01
7.406200E+01 1.385292E+00 1.194250E+01
7.416100E+01 1.385969E+00 1.194358E+01
7.426000E+01 1.386645E+00 1.194009E+01
7.435900E+01 1.387320E+00 1.194118E+01
7.445800E+01 1.387994E+00 1.194228E+01
7.455700E+01 1.388666E+00 1.193881E+01
7.465600E+01 1.389338E+00 1.193991E+01
7.475500E+01 1.390009E+00 1.194101E+01
7.485400E+01 1.390679E+00 1.193756E+01
7.495300E+01 1.391348E+00 1.193868E+01
7.505200E+01 1.392016E+00 1.193979E+01
7.515100E+01 1.392683E+00 1.193636E+01
7.525000E+01 1.393349E+00 1.193749E+01
7.534900E+01 1.394014E+00 1.193861E+01
7.544800E+01 1.394678E+00 1.193521E+01
7.554700E+01 1.395341E+00 1.193634E+01
7.564600E+01 1.396003E+00 1.193747E+01
7.574500E+01 1.396664E+00 1.193409E+01
7.584400E+01 1.397324E+00 1.193523E+01
7.594300E+01 1.397983E+00 1.193637E+01
7.604200E+01 1.398642E+00 1.193301E+01
7.614100E+01 1.399299E+00 1.193416E+01
7.624000E+01 1.399955E+00 1.193531E+01
7.633900E+01 1.400611E+00 1.193197E+01
7.643800E+01 1.401265E+00 1.193313E+01
7.653700E+01 1.401919E+00 1.193429E+01
7.663600E+01 1.402571E+00 1.193097E+01
7.673500E+01 1.403223E+00 1.193214E+01
7.683400E+01 1.403874E+00 1.193331E+01
7.693300E+01 1.404523E+00 1.193001E+01
7.703200E+01 1.405172E+00 1.193119E+01
7.713100E+01 1.405820E+00 1.193237E+01
7.723000E+01 1.406467E+00 1.192908E+01
7.732900E+01 1.407113E+00 1.193027E+01
7.742800E+01 1.407758E+00 1.192700E+01
7.752700E+01 1.408402E+00 1.192820E+01
7.762600E+01 1.409045E+00 1.192940E+01
7.772500E+01 1.409688E+00 1.192614E+01
7.782400E+01 1.410329E+00 1.192735E+01
7.792300E+01 1.410970E+00 1.192856E+01
7.802200E+01 1.411609E+00 1.192532E+01
7.812100E+01 1.412248E+00 1.192654E+01
7.822000E+01 1.412886E+00 1.192775E+01
7.831900E+01 1.413522E+00 1.192454E+01
7.841800E+01 1.414158E+00 1.192576E+01
7.851700E+01 1.414793E+00 1.192699E+01
7.861600E+01 1.415427E+00 1.192379E+01
7.871500E+01 1.416061E+00 1.192502E+01
7.881400E+01 1.416693E+00 1.192184E+01
7.891300E+01 1.417324E+00 1.192308E+01
7.901200E+01 1.417955E+00 1.192432E+01
7.911100E+01 1.418585E+00 1.192116E+01
7.921000E+01 1.419213E+00 1.192240E+01
7.930900E+01 1.419841E+00 1.192365E+01
7.940800E+01 1.420468E+00 1.192051E+01
7.950700E+01 1.421094E+00 1.192176E+01
7.960600E+01 1.421719E+00 1.191863E+01
7.970500E+01 1.422344E+00 1.191989E+01
7.980400E+01 1.422967E+00 1.192115E+01
7.990300E+01 1.423590E+00 1.191804E+01
8.000200E+01 1.424211E+00 1.191931E+01
8.010100E+01 1.424832E+00 1.192058E+01
8.020000E+01 1.425452E+00 1.191748E+01
8.029900E+01 1.426071E+00 1.191876E+01
8.039800E+01 1.426689E+00 1.191568E+01
8.049700E+01 1.427307E+00 1.191696E+01
8.059600E+01 1.427923E+00 1.191824E+01
8.069500E+01 1.428539E+00 1.191518E+01
8.079400E+01 1.429154E+00 1.191647E+01
8.089300E+01 1.429768E+00 1.191776E+01
8.099200E+01 1.430381E+00 1.191472E+01
8.109100E+01 1.430993E+00 1.191601E+01
8.119000E+01 1.431604E+00 1.191298E+01
8.128900E+01 1.432214E+00 1.191428E+01
8.138800E+01 1.432824E+00 1.191559E+01
8.148700E+01 1.433433E+00 1.191257E+01
8.158600E+01 1.434041E+00 1.191388E+01
8.168500E+01 1.434648E+00 1.191088E+01
8.178400E+01 1.435254E+00 1.191219E+01
8.188300E+01 1.435860E+00 1.191351E+01
8.198200E+01 1.436464E+00 1.191053E+01
8.208100E+01 1.437068E+00 1.191185E+01
8.218000E+01 1.437671E+00 1.190887E+01
8.227900E+01 1.438273E+00 1.191020E+01
8.237800E+01 1.438874E+00 1.191154E+01
8.247700E+01 1.439474E+00 1.190858E+01
8.257600E+01 1.440074E+00 1.190991E+01
8.267500E+01 1.440673E+00 1.190697E+01
8.277400E+01 1.441270E+00 1.190831E+01
8.287300E+01 1.441868E+00 1.190966E+01
8.297200E+01 1.442464E+00 1.190672E+01
8.307100E+01 1.443059E+00 1.190807E+01
8.317000E+01 1.443654E+00 1.190515E+01
8.326900E+01 1.444248E+00 1.190651E+01
8.336800E+01 1.444841E+00 1.190787E+01
8.346700E+01 1.445433E+00 1.190496E+01
8.356600E+01 1.446024E+00 1.190633E+01
8.366500E+01 1.446615E+00 1.190343E+01
8.376400E+01 1.447205E+00 1.190480E+01
8.386300E+01 1.447793E+00 1.190617E+01
8.396200E+01 1.448382E+00 1.190330E+01
8.406100E+01 1.448969E+00 1.190467E+01
8.416000E+01 1.449555E+00 1.190181E+01
8.425900E+01 1.450141E+00 1.190319E+01
8.435800E+01 1.450726E+00 1.190033E+01
8.445700E+01 1.451310E+00 1.190172E+01
8.455600E+01 1.451894E+00 1.190310E+01
8.465500E+01 1.452476E+00 1.190027E+01
8.475400E+01 1.453058E+00 1.190166E+01
8.485300E+01 1.453639E+00 1.189883E+01
8.495200E+01 1.454219E+00 1.190023E+01
8.505100E+01 1.454798E+00 1.190163E+01
8.515000E+01 1.455377E+00 1.189881E+01
8.524900E+01 1.455955E+00 1.190022E+01
8.534800E+01 1.456532E+00 1.189742E+01
8.544700E+01 1.457108E+00 1.189882E+01
8.554600E+01 1.457684E+00 1.189604E+01
8.564500E+01 1.458258E+00 1.189745E+01
8.574400E+01 1.458832E+00 1.189886E+01
8.584300E+01 1.459405E+00 1.189609E+01
8.594200E+01 1.459978E+00 1.189751E+01
8.604100E+01 1.460549E+00 1.189474E+01
8.614000E+01 1.461120E+00 1.189617E+01
8.623900E+01 1.461690E+00 1.189341E+01
8.633800E+01 1.462260E+00 1.189484E+01
8.643700E+01 1.462828E+00 1.189627E+01
8.653600E+01 1.463396E+00 1.189353E+01
8.663500E+01 1.463963E+00 1.189497E+01
8.673400E+01 1.464529E+00 1.189224E+01
8.683300E+01 1.465095E+00 1.189368E+01
8.693200E+01 1.465659E+00 1.189096E+01
8.703100E+01 1.466223E+00 1.189241E+01
8.713000E+01 1.466787E+00 1.188970E+01
8.722900E+01 1.467349E+00 1.189115E+01
8.732800E+01 1.467911E+00 1.189260E+01
8.742700E+01 1.468472E+00 1.188991E+01
8.752600E+01 1.469032E+00 1.189136E+01
8.762500E+01 1.469592E+00 1.188868E+01
8.772400E+01 1.470150E+00 1.189014E+01
8.782300E+01 1.470708E+00 1.188747E+01
8.792200E+01 1.471266E+00 1.188893E+01
8.802100E+01 1.471822E+00 1.188627E+01
8.812000E+01 1.472378E+00 1.188774E+01
8.821900E+01 1.472933E+00 1.188921E+01
8.831800E+01 1.473487E+00 1.188656E+01
8.841700E+01 1.474041E+00 1.188803E+01
8.851600E+01 1.474594E+00 1.188539E+01
8.861500E+01 1.475146E+00 1.188687E+01
8.871400E+01 1.475697E+00 1.188424E+01
8.881300E+01 1.476248E+00 1.188572E+01
8.891200E+01 1.476798E+00 1.188311E+01
8.901100E+01 1.477347E+00 1.188459E+01
8.911000E+01 1.477895E+00 1.188198E+01
8.920900E+01 1.478443E+00 1.188348E+01
8.930800E+01 1.478990E+00 1.188088E+01
8.940700E+01 1.479536E+00 1.188237E+01
8.950600E+01 1.480082E+00 1.188387E+01
8.960500E+01 1.480627E+00 1.188128E+01
8.970400E+01 1.481171E+00 1.188278E+01
8.980300E+01 1.481715E+00 1.188021E+01
8.990200E+01 1.482257E+00 1.188171E+01
9.000100E+01 1.482799E+00 1.187915E+01
9.010000E+01 1.483341E+00 1.188065E+01
9.019900E+01 1.483881E+00 1.187810E+01
9.029800E+01 1.484421E+00 1.187961E+01
9.039700E+01 1.484960E+00 1.187706E+01
9.049600E+01 1.485499E+00 1.187858E+01
9.059500E+01 1.486036E+00 1.187604E+01
9.069400E+01 1.486574E+00 1.187756E+01
9.079300E+01 1.487110E+00 1.187504E+01
9.089200E+01 1.487646E+00 1.187656E+01
9.099100E+01 1.488181E+00 1.187809E+01
9.109000E+01 1.488715E+00 1.187557E+01
9.118900E+01 1.489248E+00 1.187710E+01
9.128800E+01 1.489781E+00 1.187459E+01
9.138700E+01 1.490314E+00 1.187613E+01
9.148600E+01 1.490845E+00 1.187363E+01
9.158500E+01 1.491376E+00 1.187517E+01
9.168400E+01 1.491906E+00 1.187268E+01
9.178300E+01 1.492435E+00 1.187422E+01
9.188200E+01 1.492964E+00 1.187174E+01
9.198100E+01 1.493492E+00 1.187329E+01
9.208000E+01 1.494020E+00 1.187082E+01
9.217900E+01 1.494546E+00 1.187237E+01
9.227800E+01 1.495072E+00 1.186991E+01
9.237700E+01 1.495598E+00 1.187146E+01
9.247600E+01 1.496123E+00 1.186901E+01
9.257500E+01 1.496647E+00 1.187056E+01
9.267400E+01 1.497170E+00 1.186812E+01
9.277300E+01 1.497692E+00 1.186968E+01
9.287200E+01 1.498214E+00 1.186725E+01
9.297100E+01 1.498736E+00 1.186881E+01
9.307000E+01 1.499256E+00 1.186639E+01
9.316900E+01 1.499776E+00 1.186795E+01
9.326800E+01 1.500296E+00 1.186554E+01
9.336700E+01 1.500814E+00 1.186711E+01
9.346600E+01 1.501332E+00 1.186470E+01
9.356500E+01 1.501850E+00 1.186627E+01
9.366400E+01 1.502366E+00 1.186388E+01
9.376300E+01 1.502882E+00 1.186545E+01
9.386200E+01 1.503398E+00 1.186306E+01
9.396100E+01 1.503912E+00 1.186465E+01
9.406000E+01 1.504426E+00 1.186226E+01
9.415900E+01 1.504940E+00 1.186385E+01
9.425800E+01 1.505452E+00 1.186148E+01
9.435700E+01 1.505964E+00 1.186306E+01
9.445600E+01 1.506476E+00 1.186070E+01
9.455500E+01 1.506987E+00 1.186229E+01
9.465400E+01 1.507497E+00 1.185993E+01
9.475300E+01 1.508006E+00 1.186153E+01
9.485200E+01 1.508515E+00 1.185918E+01
9.495100E+01 1.509023E+00 1.186078E+01
9.505000E+01 1.509531E+00 1.185844E+01
9.514900E+01 1.510037E+00 1.186004E+01
9.524800E+01 1.510544E+00 1.185771E+01
9.534700E+01 1.511049E+00 1.185932E+01
9.544600E+01 1.511554E+00 1.185699E+01
9.554500E+01 1.512059E+00 1.185860E+01
9.564400E+01 1.512562E+00 1.185629E+01
9.574300E+01 1.513065E+00 1.185790E+01
9.584200E+01 1.513568E+00 1.185559E+01
9.594100E+01 1.514069E+00 1.185721E+01
9.604000E+01 1.514571E+00 1.185491E+01
9.613900E+01 1.515071E+00 1.185653E+01
9.623800E+01 1.515571E+00 1.185424E+01
9.633700E+01 1.516070E+00 1.185586E+01
9.643600E+01 1.516569E+00 1.185358E+01
9.653500E+01 1.517067E+00 1.185520E+01
9.663400E+01 1.517564E+00 1.185293E+01
9.673300E+01 1.518061E+00 1.185455E+01
9.683200E+01 1.518557E+00 1.185229E+01
9.693100E+01 1.519053E+00 1.185392E+01
9.703000E+01 1.519547E+00 1.185166E+01
9.712900E+01 1.520042E+00 1.185329E+01
9.722800E+01 1.520535E+00 1.185104E+01
9.732700E+01 1.521028E+00 1.185268E+01
9.742600E+01 1.521521E+00 1.185044E+01
9.752500E+01 1.522013E+00 1.185208E+01
9.762400E+01 1.522504E+00 1.184984E+01
9.772300E+01 1.522994E+00 1.184761E+01
9.782200E+01 1.523484E+00 1.184926E+01
9.792100E+01 1.523974E+00 1.184703E+01
9.802000E+01 1.524462E+00 1.184868E+01
9.811900E+01 1.524950E+00 1.184647E+01
9.821800E+01 1.525438E+00 1.184812E+01
9.831700E+01 1.525925E+00 1.184591E+01
9.841600E+01 1.526411E+00 1.184757E+01
9.851500E+01 1.526897E+00 1.184537E+01
9.861400E+01 1.527382E+00 1.184702E+01
9.871300E+01 1.527866E+00 1.184483E+01
9.881200E+01 1.528350E+00 1.184649E+01
9.891100E+01 1.528834E+00 1.184431E+01
9.901000E+01 1.529316E+00 1.184597E+01
9.910900E+01 1.529798E+00 1.184379E+01
9.920800E+01 1.530280E+00 1.184162E+01
9.930700E+01 1.530761E+00 1.184329E+01
9.940600E+01 1.531241E+00 1.184112E+01
9.950500E+01 1.531721E+00 1.184279E+01
9.960400E+01 1.532200E+00 1.184064E+01
9.970300E+01 1.532679E+00 1.184231E+01
9.980200E+01 1.533157E+00 1.184016E+01
9.990100E+01 1.533634E+00 1.184184E+01
