1.000000E+00 NAN NAN
1.099000E+00 NAN NAN
1.198000E+00 1.202234E-01 2.123227E+01
1.297000E+00 1.258026E-01 1.845836E+01
1.396000E+00 1.313589E-01 1.756406E+01
1.495000E+00 1.368824E-01 1.685819E+01
1.594000E+00 1.423677E-01 1.641473E+01
1.693000E+00 1.478105E-01 1.594035E+01
1.792000E+00 1.532091E-01 1.565343E+01
1.891000E+00 1.585616E-01 1.531941E+01
1.990000E+00 1.638672E-01 1.503898E+01
2.089000E+00 1.691256E-01 1.480203E+01
2.188000E+00 1.743368E-01 1.452138E+01
2.287000E+00 1.795011E-01 1.435414E+01
2.386000E+00 1.846189E-01 1.421135E+01
2.485000E+00 1.896905E-01 1.402158E+01
2.584000E+00 1.947168E-01 1.385577E+01
2.683000E+00 1.996984E-01 1.377172E+01
2.782000E+00 2.046360E-01 1.364128E+01
2.881000E+00 2.095305E-01 1.352636E+01
2.980000E+00 2.143824E-01 1.342496E+01
3.079000E+00 2.191927E-01 1.333541E+01
3.178000E+00 2.239622E-01 1.325630E+01
3.277000E+00 2.286916E-01 1.318641E+01
3.376000E+00 2.333817E-01 1.312473E+01
3.475000E+00 2.380331E-01 1.302454E+01
3.574000E+00 2.426467E-01 1.297800E+01
3.673000E+00 2.472232E-01 1.293726E+01
3.772000E+00 2.517633E-01 1.285970E+01
3.871000E+00 2.562677E-01 1.282992E+01
3.970000E+00 2.607370E-01 1.276448E+01
4.069000E+00 2.651720E-01 1.274364E+01
4.168000E+00 2.695732E-01 1.268823E+01
4.267000E+00 2.739412E-01 1.263768E+01
4.366000E+00 2.782768E-01 1.262775E+01
4.465000E+00 2.825803E-01 1.258486E+01
4.564000E+00 2.868525E-01 1.254575E+01
4.663000E+00 2.910939E-01 1.251011E+01
4.762000E+00 2.953049E-01 1.247766E+01
4.861000E+00 2.994862E-01 1.244817E+01
4.960000E+00 3.036382E-01 1.242141E+01
5.059000E+00 3.077615E-01 1.239717E+01
5.158000E+00 3.118566E-01 1.237529E+01
5.257000E+00 3.159238E-01 1.235558E+01
5.356000E+00 3.199636E-01 1.233790E+01
5.455000E+00 3.239765E-01 1.232212E+01
5.554000E+00 3.279629E-01 1.230811E+01
5.653000E+00 3.319233E-01 1.229575E+01
5.752000E+00 3.358579E-01 1.225701E+01
5.851000E+00 3.397673E-01 1.224804E+01
5.950000E+00 3.436518E-01 1.224041E+01
6.049000E+00 3.475118E-01 1.220738E+01
6.148000E+00 3.513477E-01 1.220254E+01
6.247000E+00 3.551597E-01 1.219880E+01
6.346000E+00 3.589483E-01 1.217053E+01
6.445000E+00 3.627138E-01 1.216912E+01
6.544000E+00 3.664565E-01 1.214374E+01
6.643000E+00 3.701767E-01 1.214437E+01
6.742000E+00 3.738748E-01 1.212157E+01
6.841000E+00 3.775511E-01 1.212404E+01
6.940000E+00 3.812058E-01 1.210356E+01
7.039000E+00 3.848392E-01 1.210765E+01
7.138000E+00 3.884517E-01 1.208926E+01
7.237000E+00 3.920436E-01 1.209481E+01
7.336000E+00 3.956149E-01 1.207831E+01
7.435000E+00 3.991662E-01 1.206284E+01
7.534000E+00 4.026976E-01 1.207039E+01
7.633000E+00 4.062093E-01 1.205655E+01
7.732000E+00 4.097017E-01 1.204359E+01
7.831000E+00 4.131749E-01 1.203148E+01
7.930000E+00 4.166292E-01 1.204130E+01
8.029000E+00 4.200648E-01 1.203053E+01
8.128000E+00 4.234820E-01 1.202051E+01
8.227000E+00 4.268809E-01 1.201118E+01
8.326000E+00 4.302618E-01 1.200254E+01
8.425000E+00 4.336250E-01 1.201465E+01
8.524000E+00 4.369706E-01 1.200707E+01
8.623000E+00 4.402988E-01 1.200009E+01
8.722000E+00 4.436098E-01 1.199368E+01
8.821000E+00 4.469037E-01 1.198781E+01
8.920000E+00 4.501809E-01 1.198248E+01
9.019000E+00 4.534415E-01 1.197764E+01
9.118000E+00 4.566857E-01 1.197330E+01
9.217000E+00 4.599136E-01 1.196941E+01
9.316000E+00 4.631255E-01 1.196597E+01
9.415000E+00 4.663215E-01 1.196296E+01
9.514000E+00 4.695018E-01 1.196036E+01
9.613000E+00 4.726666E-01 1.195816E+01
9.712000E+00 4.758159E-01 1.195634E+01
9.811000E+00 4.789501E-01 1.195488E+01
9.910000E+00 4.820692E-01 1.195378E+01
1.000900E+01 4.851734E-01 1.195302E+01
1.010800E+01 4.882628E-01 1.193518E+01
1.020700E+01 4.913376E-01 1.193519E+01
1.030600E+01 4.943980E-01 1.193550E+01
1.040500E+01 4.974441E-01 1.193610E+01
1.050400E+01 5.004760E-01 1.193699E+01
1.060300E+01 5.034939E-01 1.193814E+01
1.070200E+01 5.064980E-01 1.192290E+01
1.080100E+01 5.094883E-01 1.192468E+01
1.090000E+01 5.124650E-01 1.192670E+01
1.099900E+01 5.154282E-01 1.192895E+01
1.109800E+01 5.183780E-01 1.191524E+01
1.119700E+01 5.213147E-01 1.191803E+01
1.129600E+01 5.242382E-01 1.192104E+01
1.139500E+01 5.271487E-01 1.190838E+01
1.149400E+01 5.300464E-01 1.191188E+01
1.159300E+01 5.329314E-01 1.191557E+01
1.169200E+01 5.358037E-01 1.190388E+01
1.179100E+01 5.386636E-01 1.190801E+01
1.189000E+01 5.415111E-01 1.191231E+01
1.198900E+01 5.443462E-01 1.190150E+01
1.208800E+01 5.471692E-01 1.190621E+01
1.218700E+01 5.499802E-01 1.191106E+01
1.228600E+01 5.527792E-01 1.190107E+01
1.238500E+01 5.555664E-01 1.190629E+01
1.248400E+01 5.583418E-01 1.189685E+01
1.258300E+01 5.611055E-01 1.190241E+01
1.268200E+01 5.638577E-01 1.189347E+01
1.278100E+01 5.665985E-01 1.189937E+01
1.288000E+01 5.693279E-01 1.190538E+01
1.297900E+01 5.720461E-01 1.189711E+01
1.307800E+01 5.747531E-01 1.190341E+01
1.317700E+01 5.774491E-01 1.189559E+01
1.327600E+01 5.801340E-01 1.190218E+01
1.337500E+01 5.828081E-01 1.189478E+01
1.347400E+01 5.854714E-01 1.188763E+01
1.357300E+01 5.881241E-01 1.189463E+01
1.367200E+01 5.907661E-01 1.188788E+01
1.377100E+01 5.933975E-01 1.189512E+01
1.387000E+01 5.960186E-01 1.188874E+01
1.396900E+01 5.986293E-01 1.189620E+01
1.406800E+01 6.012297E-01 1.189018E+01
1.416700E+01 6.038199E-01 1.188437E+01
1.426600E+01 6.064000E-01 1.189216E+01
1.436500E+01 6.089700E-01 1.188668E+01
1.446400E+01 6.115301E-01 1.189467E+01
1.456300E+01 6.140803E-01 1.188950E+01
1.466200E+01 6.166207E-01 1.188452E+01
1.476100E+01 6.191514E-01 1.189281E+01
1.486000E+01 6.216724E-01 1.188812E+01
1.495900E+01 6.241839E-01 1.188361E+01
1.505800E+01 6.266858E-01 1.189216E+01
1.515700E+01 6.291783E-01 1.188792E+01
1.525600E+01 6.316614E-01 1.188384E+01
1.535500E+01 6.341353E-01 1.189264E+01
1.545400E+01 6.365999E-01 1.188882E+01
1.555300E+01 6.390554E-01 1.188515E+01
1.565200E+01 6.415017E-01 1.188163E+01
1.575100E+01 6.439391E-01 1.189074E+01
1.585000E+01 6.463675E-01 1.188745E+01
1.594900E+01 6.487870E-01 1.188430E+01
1.604800E+01 6.511976E-01 1.188129E+01
1.614700E+01 6.535995E-01 1.189068E+01
1.624600E+01 6.559927E-01 1.188788E+01
1.634500E+01 6.583772E-01 1.188521E+01
1.644400E+01 6.607531E-01 1.188267E+01
1.654300E+01 6.631205E-01 1.188025E+01
1.664200E+01 6.654795E-01 1.188996E+01
1.674100E+01 6.678300E-01 1.188773E+01
1.684000E+01 6.701722E-01 1.188561E+01
1.693900E+01 6.725061E-01 1.188362E+01
1.703800E+01 6.748318E-01 1.188173E+01
1.713700E+01 6.771493E-01 1.187996E+01
1.723600E+01 6.794587E-01 1.188999E+01
1.733500E+01 6.817600E-01 1.188838E+01
1.743400E+01 6.840533E-01 1.188687E+01
1.753300E+01 6.863386E-01 1.188546E+01
1.763200E+01 6.886161E-01 1.188416E+01
1.773100E+01 6.908856E-01 1.188295E+01
1.783000E+01 6.931474E-01 1.188184E+01
1.792900E+01 6.954015E-01 1.188082E+01
1.802800E+01 6.976478E-01 1.189123E+01
1.812700E+01 6.998865E-01 1.189035E+01
1.822600E+01 7.021176E-01 1.188955E+01
1.832500E+01 7.043411E-01 1.188885E+01
1.842400E+01 7.065572E-01 1.188822E+01
1.852300E+01 7.087658E-01 1.188769E+01
1.862200E+01 7.109669E-01 1.188723E+01
1.872100E+01 7.131608E-01 1.188686E+01
1.882000E+01 7.153473E-01 1.188656E+01
1.891900E+01 7.175265E-01 1.188634E+01
1.901800E+01 7.196986E-01 1.188620E+01
1.911700E+01 7.218634E-01 1.188614E+01
1.921600E+01 7.240212E-01 1.188614E+01
1.931500E+01 7.261718E-01 1.188622E+01
1.941400E+01 7.283154E-01 1.188637E+01
1.951300E+01 7.304520E-01 1.188658E+01
1.961200E+01 7.325817E-01 1.188687E+01
1.971100E+01 7.347044E-01 1.188722E+01
1.981000E+01 7.368203E-01 1.188764E+01
1.990900E+01 7.389294E-01 1.188812E+01
2.000800E+01 7.410316E-01 1.188866E+01
2.010700E+01 7.431272E-01 1.188927E+01
2.020600E+01 7.452160E-01 1.188994E+01
2.030500E+01 7.472981E-01 1.189066E+01
2.040400E+01 7.493737E-01 1.189145E+01
2.050300E+01 7.514426E-01 1.189229E+01
2.060200E+01 7.535050E-01 1.189319E+01
2.070100E+01 7.555609E-01 1.189415E+01
2.080000E+01 7.576104E-01 1.189516E+01
2.089900E+01 7.596533E-01 1.189622E+01
2.099800E+01 7.616899E-01 1.188714E+01
2.109700E+01 7.637202E-01 1.188834E+01
2.119600E+01 7.657441E-01 1.188959E+01
2.129500E+01 7.677618E-01 1.189089E+01
2.139400E+01 7.697732E-01 1.189224E+01
2.149300E+01 7.717783E-01 1.189364E+01
2.159200E+01 7.737773E-01 1.189509E+01
2.169100E+01 7.757702E-01 1.189658E+01
2.179000E+01 7.777570E-01 1.189812E+01
2.188900E+01 7.797376E-01 1.188979E+01
2.198800E+01 7.817123E-01 1.189144E+01
2.208700E+01 7.836809E-01 1.189314E+01
2.218600E+01 7.856436E-01 1.189488E+01
2.228500E+01 7.876004E-01 1.189666E+01
2.238400E+01 7.895512E-01 1.189849E+01
2.248300E+01 7.914962E-01 1.189062E+01
2.258200E+01 7.934353E-01 1.189255E+01
2.268100E+01 7.953686E-01 1.189452E+01
2.278000E+01 7.972962E-01 1.189653E+01
2.287900E+01 7.992180E-01 1.189858E+01
2.297800E+01 8.011341E-01 1.190066E+01
2.307700E+01 8.030445E-01 1.189322E+01
2.317600E+01 8.049493E-01 1.189540E+01
2.327500E+01 8.068484E-01 1.189762E+01
2.337400E+01 8.087420E-01 1.189987E+01
2.347300E+01 8.106300E-01 1.189271E+01
2.357200E+01 8.125125E-01 1.189505E+01
2.367100E+01 8.143894E-01 1.189743E+01
2.377000E+01 8.162610E-01 1.189984E+01
2.386900E+01 8.181270E-01 1.190228E+01
2.396800E+01 8.199877E-01 1.189543E+01
2.406700E+01 8.218429E-01 1.189795E+01
2.416600E+01 8.236928E-01 1.190051E+01
2.426500E+01 8.255374E-01 1.190310E+01
2.436400E+01 8.273767E-01 1.189649E+01
2.446300E+01 8.292107E-01 1.189916E+01
2.456200E+01 8.310394E-01 1.190185E+01
2.466100E+01 8.328630E-01 1.189544E+01
2.476000E+01 8.346813E-01 1.189821E+01
2.485900E+01 8.364945E-01 1.190101E+01
2.495800E+01 8.383026E-01 1.190383E+01
2.505700E+01 8.401055E-01 1.189764E+01
2.515600E+01 8.419033E-01 1.190053E+01
2.525500E+01 8.436961E-01 1.190345E+01
2.535400E+01 8.454838E-01 1.189743E+01
2.545300E+01 8.472666E-01 1.190042E+01
2.555200E+01 8.490443E-01 1.190344E+01
2.565100E+01 8.508171E-01 1.190647E+01
2.575000E+01 8.525850E-01 1.190066E+01
2.584900E+01 8.543479E-01 1.190376E+01
2.594800E+01 8.561060E-01 1.190688E+01
2.604700E+01 8.578592E-01 1.190122E+01
2.614600E+01 8.596075E-01 1.190441E+01
2.624500E+01 8.613511E-01 1.190762E+01
2.634400E+01 8.630898E-01 1.190210E+01
2.644300E+01 8.648238E-01 1.190537E+01
2.654200E+01 8.665530E-01 1.189997E+01
2.664100E+01 8.682776E-01 1.190329E+01
2.674000E+01 8.699974E-01 1.190664E+01
2.683900E+01 8.717125E-01 1.190137E+01
2.693800E+01 8.734230E-01 1.190478E+01
2.703700E+01 8.751289E-01 1.190820E+01
2.713600E+01 8.768301E-01 1.190307E+01
2.723500E+01 8.785268E-01 1.190654E+01
2.733400E+01 8.802189E-01 1.190151E+01
2.743300E+01 8.819064E-01 1.190503E+01
2.753200E+01 8.835895E-01 1.190858E+01
2.763100E+01 8.852680E-01 1.190367E+01
2.773000E+01 8.869421E-01 1.190726E+01
2.782900E+01 8.886117E-01 1.190245E+01
2.792800E+01 8.902768E-01 1.190609E+01
2.802700E+01 8.919376E-01 1.190975E+01
2.812600E+01 8.935939E-01 1.190505E+01
2.822500E+01 8.952459E-01 1.190876E+01
2.832400E+01 8.968935E-01 1.190415E+01
2.842300E+01 8.985368E-01 1.190790E+01
2.852200E+01 9.001758E-01 1.191166E+01
2.862100E+01 9.018105E-01 1.190716E+01
2.872000E+01 9.034409E-01 1.191097E+01
2.881900E+01 9.050671E-01 1.190656E+01
2.891800E+01 9.066890E-01 1.191041E+01
2.901700E+01 9.083067E-01 1.190607E+01
2.911600E+01 9.099203E-01 1.190996E+01
2.921500E+01 9.115296E-01 1.190571E+01
2.931400E+01 9.131348E-01 1.190964E+01
2.941300E+01 9.147358E-01 1.190546E+01
2.951200E+01 9.163328E-01 1.190943E+01
2.961100E+01 9.179256E-01 1.191341E+01
2.971000E+01 9.195143E-01 1.190933E+01
2.980900E+01 9.210990E-01 1.191335E+01
2.990800E+01 9.226796E-01 1.190934E+01
3.000700E+01 9.242562E-01 1.191340E+01
3.010600E+01 9.258288E-01 1.190946E+01
3.020500E+01 9.273974E-01 1.191355E+01
3.030400E+01 9.289619E-01 1.190969E+01
3.040300E+01 9.305226E-01 1.191381E+01
3.050200E+01 9.320793E-01 1.191002E+01
3.060100E+01 9.336321E-01 1.191417E+01
3.070000E+01 9.351809E-01 1.191044E+01
3.079900E+01 9.367259E-01 1.191463E+01
3.089800E+01 9.382670E-01 1.191097E+01
3.099700E+01 9.398042E-01 1.191519E+01
3.109600E+01 9.413376E-01 1.191159E+01
3.119500E+01 9.428672E-01 1.190803E+01
3.129400E+01 9.443930E-01 1.191230E+01
3.139300E+01 9.459149E-01 1.190881E+01
3.149200E+01 9.474331E-01 1.191311E+01
3.159100E+01 9.489476E-01 1.190967E+01
3.169000E+01 9.504583E-01 1.191400E+01
3.178900E+01 9.519653E-01 1.191063E+01
3.188800E+01 9.534685E-01 1.191499E+01
3.198700E+01 9.549681E-01 1.191167E+01
3.208600E+01 9.564640E-01 1.191606E+01
3.218500E+01 9.579562E-01 1.191279E+01
3.228400E+01 9.594448E-01 1.190957E+01
3.238300E+01 9.609298E-01 1.191400E+01
3.248200E+01 9.624111E-01 1.191083E+01
3.258100E+01 9.638888E-01 1.191529E+01
3.268000E+01 9.653629E-01 1.191218E+01
3.277900E+01 9.668335E-01 1.191666E+01
3.287800E+01 9.683005E-01 1.191360E+01
3.297700E+01 9.697640E-01 1.191057E+01
3.307600E+01 9.712239E-01 1.191510E+01
3.317500E+01 9.726803E-01 1.191212E+01
3.327400E+01 9.741333E-01 1.191667E+01
3.337300E+01 9.755827E-01 1.191374E+01
3.347200E+01 9.770286E-01 1.191086E+01
3.357100E+01 9.784711E-01 1.191544E+01
3.367000E+01 9.799102E-01 1.191260E+01
3.376900E+01 9.813458E-01 1.191721E+01
3.386800E+01 9.827781E-01 1.191441E+01
3.396700E+01 9.842069E-01 1.191165E+01
3.406600E+01 9.856323E-01 1.191630E+01
3.416500E+01 9.870543E-01 1.191358E+01
3.426400E+01 9.884730E-01 1.191825E+01
3.436300E+01 9.898884E-01 1.191558E+01
3.446200E+01 9.913004E-01 1.191294E+01
3.456100E+01 9.927091E-01 1.191764E+01
3.466000E+01 9.941145E-01 1.191505E+01
3.475900E+01 9.955166E-01 1.191249E+01
3.485800E+01 9.969154E-01 1.191722E+01
3.495700E+01 9.983109E-01 1.191470E+01
3.505600E+01 9.997032E-01 1.191221E+01
3.515500E+01 1.001092E+00 1.191697E+01
3.525400E+01 1.002478E+00 1.191453E+01
3.535300E+01 1.003861E+00 1.191211E+01
3.545200E+01 1.005240E+00 1.191690E+01
3.555100E+01 1.006616E+00 1.191452E+01
3.565000E+01 1.007989E+00 1.191933E+01
3.574900E+01 1.009359E+00 1.191699E+01
3.584800E+01 1.010726E+00 1.191468E+01
3.594700E+01 1.012089E+00 1.191240E+01
3.604600E+01 1.013450E+00 1.191725E+01
3.614500E+01 1.014807E+00 1.191501E+01
3.624400E+01 1.016161E+00 1.191279E+01
3.634300E+01 1.017513E+00 1.191767E+01
3.644200E+01 1.018861E+00 1.191549E+01
3.654100E+01 1.020206E+00 1.191333E+01
3.664000E+01 1.021547E+00 1.191824E+01
3.673900E+01 1.022886E+00 1.191612E+01
3.683800E+01 1.024222E+00 1.191403E+01
3.693700E+01 1.025555E+00 1.191895E+01
3.703600E+01 1.026885E+00 1.191690E+01
3.713500E+01 1.028211E+00 1.191487E+01
3.723400E+01 1.029535E+00 1.191982E+01
3.733300E+01 1.030856E+00 1.191782E+01
3.743200E+01 1.032174E+00 1.191585E+01
3.753100E+01 1.033489E+00 1.191390E+01
3.763000E+01 1.034801E+00 1.191888E+01
3.772900E+01 1.036110E+00 1.191697E+01
3.782800E+01 1.037416E+00 1.191507E+01
3.792700E+01 1.038719E+00 1.191320E+01
3.802600E+01 1.040019E+00 1.191822E+01
3.812500E+01 1.041317E+00 1.191638E+01
3.822400E+01 1.042611E+00 1.191457E+01
3.832300E+01 1.043903E+00 1.191961E+01
3.842200E+01 1.045192E+00 1.191782E+01
3.852100E+01 1.046478E+00 1.191606E+01
3.862000E+01 1.047761E+00 1.191432E+01
3.871900E+01 1.049041E+00 1.191939E+01
3.881800E+01 1.050319E+00 1.191768E+01
3.891700E+01 1.051593E+00 1.191599E+01
3.901600E+01 1.052865E+00 1.191432E+01
3.911500E+01 1.054134E+00 1.191942E+01
3.921400E+01 1.055400E+00 1.191778E+01
3.931300E+01 1.056664E+00 1.191616E+01
3.941200E+01 1.057925E+00 1.191456E+01
3.951100E+01 1.059183E+00 1.191968E+01
3.961000E+01 1.060438E+00 1.191812E+01
3.970900E+01 1.061691E+00 1.191657E+01
3.980800E+01 1.062940E+00 1.191504E+01
3.990700E+01 1.064188E+00 1.191353E+01
4.000600E+01 1.065432E+00 1.191868E+01
4.010500E+01 1.066674E+00 1.191720E+01
4.020400E+01 1.067913E+00 1.191574E+01
4.030300E+01 1.069149E+00 1.191429E+01
4.040200E+01 1.070383E+00 1.191947E+01
4.050100E+01 1.071614E+00 1.191805E+01
4.060000E+01 1.072843E+00 1.191665E+01
4.069900E+01 1.074068E+00 1.191527E+01
4.079800E+01 1.075292E+00 1.191391E+01
4.089700E+01 1.076512E+00 1.191911E+01
4.099600E+01 1.077730E+00 1.191778E+01
4.109500E+01 1.078946E+00 1.191646E+01
4.119400E+01 1.080159E+00 1.191515E+01
4.129300E+01 1.081369E+00 1.191387E+01
4.139200E+01 1.082576E+00 1.191910E+01
4.149100E+01 1.083782E+00 1.191784E+01
4.159000E+01 1.084984E+00 1.191660E+01
4.168900E+01 1.086184E+00 1.191537E+01
4.178800E+01 1.087382E+00 1.191416E+01
4.188700E+01 1.088577E+00 1.191297E+01
4.198600E+01 1.089769E+00 1.191824E+01
4.208500E+01 1.090959E+00 1.191707E+01
4.218400E+01 1.092147E+00 1.191592E+01
4.228300E+01 1.093332E+00 1.191478E+01
4.238200E+01 1.094514E+00 1.191366E+01
4.248100E+01 1.095694E+00 1.191256E+01
4.258000E+01 1.096872E+00 1.191785E+01
4.267900E+01 1.098047E+00 1.191677E+01
4.277800E+01 1.099219E+00 1.191570E+01
4.287700E+01 1.100390E+00 1.191465E+01
4.297600E+01 1.101557E+00 1.191361E+01
4.307500E+01 1.102723E+00 1.191259E+01
4.317400E+01 1.103886E+00 1.191792E+01
4.327300E+01 1.105046E+00 1.191692E+01
4.337200E+01 1.106205E+00 1.191593E+01
4.347100E+01 1.107360E+00 1.191496E+01
4.357000E+01 1.108514E+00 1.191401E+01
4.366900E+01 1.109665E+00 1.191307E+01
4.376800E+01 1.110813E+00 1.191214E+01
4.386700E+01 1.111960E+00 1.191750E+01
4.396600E+01 1.113104E+00 1.191659E+01
4.406500E+01 1.114245E+00 1.191570E+01
4.416400E+01 1.115385E+00 1.191482E+01
4.426300E+01 1.116522E+00 1.191396E+01
4.436200E+01 1.117656E+00 1.191311E+01
4.446100E+01 1.118789E+00 1.191228E+01
4.456000E+01 1.119919E+00 1.191146E+01
4.465900E+01 1.121046E+00 1.191684E+01
4.475800E+01 1.122172E+00 1.191604E+01
4.485700E+01 1.123295E+00 1.191525E+01
4.495600E+01 1.124416E+00 1.191447E+01
4.505500E+01 1.125535E+00 1.191371E+01
4.515400E+01 1.126651E+00 1.191296E+01
4.525300E+01 1.127765E+00 1.191223E+01
4.535200E+01 1.128877E+00 1.191150E+01
4.545100E+01 1.129987E+00 1.191079E+01
4.555000E+01 1.131094E+00 1.191010E+01
4.564900E+01 1.132199E+00 1.191552E+01
4.574800E+01 1.133302E+00 1.191484E+01
4.584700E+01 1.134403E+00 1.191417E+01
4.594600E+01 1.135502E+00 1.191352E+01
4.604500E+01 1.136598E+00 1.191287E+01
4.614400E+01 1.137692E+00 1.191224E+01
4.624300E+01 1.138784E+00 1.191163E+01
4.634200E+01 1.139874E+00 1.191102E+01
4.644100E+01 1.140962E+00 1.191043E+01
4.654000E+01 1.142047E+00 1.190985E+01
4.663900E+01 1.143131E+00 1.190928E+01
4.673800E+01 1.144212E+00 1.191474E+01
4.683700E+01 1.145291E+00 1.191418E+01
4.693600E+01 1.146368E+00 1.191364E+01
4.703500E+01 1.147443E+00 1.191311E+01
4.713400E+01 1.148516E+00 1.191259E+01
4.723300E+01 1.149586E+00 1.191208E+01
4.733200E+01 1.150655E+00 1.191158E+01
4.743100E+01 1.151721E+00 1.191110E+01
4.753000E+01 1.152786E+00 1.191063E+01
4.762900E+01 1.153848E+00 1.191016E+01
4.772800E+01 1.154908E+00 1.190971E+01
4.782700E+01 1.155966E+00 1.190927E+01
4.792600E+01 1.157022E+00 1.190884E+01
4.802500E+01 1.158076E+00 1.190842E+01
4.812400E+01 1.159128E+00 1.190801E+01
4.822300E+01 1.160178E+00 1.190762E+01
4.832200E+01 1.161226E+00 1.190723E+01
4.842100E+01 1.162272E+00 1.191274E+01
4.852000E+01 1.163316E+00 1.191237E+01
4.861900E+01 1.164357E+00 1.191200E+01
4.871800E+01 1.165397E+00 1.191165E+01
4.881700E+01 1.166435E+00 1.191131E+01
4.891600E+01 1.167471E+00 1.191098E+01
4.901500E+01 1.168504E+00 1.191066E+01
4.911400E+01 1.169536E+00 1.191034E+01
4.921300E+01 1.170566E+00 1.191004E+01
4.931200E+01 1.171594E+00 1.190975E+01
4.941100E+01 1.172620E+00 1.190947E+01
4.951000E+01 1.173644E+00 1.190920E+01
4.960900E+01 1.174666E+00 1.190894E+01
4.970800E+01 1.175686E+00 1.190868E+01
4.980700E+01 1.176704E+00 1.190844E+01
4.990600E+01 1.177720E+00 1.190821E+01
5.000500E+01 1.178734E+00 1.190799E+01
5.010400E+01 1.179746E+00 1.190777E+01
5.020300E+01 1.180756E+00 1.190757E+01
5.030200E+01 1.181765E+00 1.190737E+01
5.040100E+01 1.182771E+00 1.190719E+01
5.050000E+01 1.183776E+00 1.190701E+01
5.059900E+01 1.184778E+00 1.190684E+01
5.069800E+01 1.185779E+00 1.190668E+01
5.079700E+01 1.186778E+00 1.190653E+01
5.089600E+01 1.187775E+00 1.190639E+01
5.099500E+01 1.188770E+00 1.190626E+01
5.109400E+01 1.189763E+00 1.190614E+01
5.119300E+01 1.190755E+00 1.190603E+01
5.129200E+01 1.191744E+00 1.190592E+01
5.139100E+01 1.192732E+00 1.190583E+01
5.149000E+01 1.193718E+00 1.190574E+01
5.158900E+01 1.194702E+00 1.190566E+01
5.168800E+01 1.195684E+00 1.190559E+01
5.178700E+01 1.196664E+00 1.190553E+01
5.188600E+01 1.197643E+00 1.190547E+01
5.198500E+01 1.198619E+00 1.190543E+01
5.208400E+01 1.199594E+00 1.190539E+01
5.218300E+01 1.200567E+00 1.190536E+01
5.228200E+01 1.201539E+00 1.190534E+01
5.238100E+01 1.202508E+00 1.190533E+01
5.248000E+01 1.203476E+00 1.190533E+01
5.257900E+01 1.204441E+00 1.190533E+01
5.267800E+01 1.205405E+00 1.190534E+01
5.277700E+01 1.206368E+00 1.190536E+01
5.287600E+01 1.207328E+00 1.190539E+01
5.297500E+01 1.208287E+00 1.190543E+01
5.307400E+01 1.209244E+00 1.189991E+01
5.317300E+01 1.210199E+00 1.189997E+01
5.327200E+01 1.211153E+00 1.190004E+01
5.337100E+01 1.212104E+00 1.190011E+01
5.347000E+01 1.213054E+00 1.190019E+01
5.356900E+01 1.214002E+00 1.190028E+01
5.366800E+01 1.214949E+00 1.190037E+01
5.376700E+01 1.215894E+00 1.190048E+01
5.386600E+01 1.216837E+00 1.190059E+01
5.396500E+01 1.217778E+00 1.190071E+01
5.406400E+01 1.218718E+00 1.190083E+01
5.416300E+01 1.219656E+00 1.190096E+01
5.426200E+01 1.220592E+00 1.190110E+01
5.436100E+01 1.221526E+00 1.190125E+01
5.446000E+01 1.222459E+00 1.190141E+01
5.455900E+01 1.223390E+00 1.190157E+01
5.465800E+01 1.224319E+00 1.190174E+01
5.475700E+01 1.225247E+00 1.190191E+01
5.485600E+01 1.226173E+00 1.189665E+01
5.495500E+01 1.227098E+00 1.189685E+01
5.505400E+01 1.228020E+00 1.189705E+01
5.515300E+01 1.228941E+00 1.189726E+01
5.525200E+01 1.229861E+00 1.189747E+01
5.535100E+01 1.230779E+00 1.189770E+01
5.545000E+01 1.231695E+00 1.189793E+01
5.554900E+01 1.232609E+00 1.189816E+01
5.564800E+01 1.233522E+00 1.189841E+01
5.574700E+01 1.234433E+00 1.189866E+01
5.584600E+01 1.235343E+00 1.189891E+01
5.594500E+01 1.236251E+00 1.189917E+01
5.604400E+01 1.237157E+00 1.189407E+01
5.614300E+01 1.238062E+00 1.189435E+01
5.624200E+01 1.238965E+00 1.189464E+01
5.634100E+01 1.239866E+00 1.189493E+01
5.644000E+01 1.240766E+00 1.189523E+01
5.653900E+01 1.241664E+00 1.189554E+01
5.663800E+01 1.242561E+00 1.189585E+01
5.673700E+01 1.243456E+00 1.189617E+01
5.683600E+01 1.244350E+00 1.189650E+01
5.693500E+01 1.245242E+00 1.189683E+01
5.703400E+01 1.246132E+00 1.189717E+01
5.713300E+01 1.247021E+00 1.189220E+01
5.723200E+01 1.247908E+00 1.189256E+01
5.733100E+01 1.248794E+00 1.189292E+01
5.743000E+01 1.249678E+00 1.189329E+01
5.752900E+01 1.250560E+00 1.189366E+01
5.762800E+01 1.251441E+00 1.189404E+01
5.772700E+01 1.252321E+00 1.189442E+01
5.782600E+01 1.253199E+00 1.189481E+01
5.792500E+01 1.254075E+00 1.189521E+01
5.802400E+01 1.254950E+00 1.189036E+01
5.812300E+01 1.255823E+00 1.189077E+01
5.822200E+01 1.256695E+00 1.189119E+01
5.832100E+01 1.257565E+00 1.189161E+01
5.842000E+01 1.258434E+00 1.189204E+01
5.851900E+01 1.259301E+00 1.189248E+01
5.861800E+01 1.260167E+00 1.189292E+01
5.871700E+01 1.261031E+00 1.189336E+01
5.881600E+01 1.261894E+00 1.188860E+01
5.891500E+01 1.262755E+00 1.188907E+01
5.901400E+01 1.263615E+00 1.188953E+01
5.911300E+01 1.264473E+00 1.189001E+01
5.921200E+01 1.265330E+00 1.189049E+01
5.931100E+01 1.266185E+00 1.189097E+01
5.941000E+01 1.267039E+00 1.189146E+01
5.950900E+01 1.267891E+00 1.188678E+01
5.960800E+01 1.268742E+00 1.188728E+01
5.970700E+01 1.269591E+00 1.188779E+01
5.980600E+01 1.270439E+00 1.188831E+01
5.990500E+01 1.271286E+00 1.188883E+01
6.000400E+01 1.272131E+00 1.188936E+01
6.010300E+01 1.272974E+00 1.188989E+01
6.020200E+01 1.273816E+00 1.188528E+01
6.030100E+01 1.274657E+00 1.188583E+01
6.040000E+01 1.275496E+00 1.188638E+01
6.049900E+01 1.276334E+00 1.188694E+01
6.059800E+01 1.277170E+00 1.188750E+01
6.069700E+01 1.278005E+00 1.188806E+01
6.079600E+01 1.278839E+00 1.188353E+01
6.089500E+01 1.279671E+00 1.188410E+01
6.099400E+01 1.280502E+00 1.188469E+01
6.109300E+01 1.281331E+00 1.188528E+01
6.119200E+01 1.282159E+00 1.188587E+01
6.129100E+01 1.282985E+00 1.188647E+01
6.139000E+01 1.283810E+00 1.188200E+01
6.148900E+01 1.284634E+00 1.188261E+01
6.158800E+01 1.285456E+00 1.188323E+01
6.168700E+01 1.286277E+00 1.188385E+01
6.178600E+01 1.287097E+00 1.188448E+01
6.188500E+01 1.287915E+00 1.188511E+01
6.198400E+01 1.288731E+00 1.188070E+01
6.208300E+01 1.289547E+00 1.188134E+01
6.218200E+01 1.290361E+00 1.188199E+01
6.228100E+01 1.291173E+00 1.188265E+01
6.238000E+01 1.291985E+00 1.188331E+01
6.247900E+01 1.292795E+00 1.188397E+01
6.257800E+01 1.293603E+00 1.187962E+01
6.267700E+01 1.294410E+00 1.188030E+01
6.277600E+01 1.295216E+00 1.188098E+01
6.287500E+01 1.296021E+00 1.188166E+01
6.297400E+01 1.296824E+00 1.188235E+01
6.307300E+01 1.297626E+00 1.187805E+01
6.317200E+01 1.298426E+00 1.187875E+01
6.327100E+01 1.299225E+00 1.187946E+01
6.337000E+01 1.300023E+00 1.188017E+01
6.346900E+01 1.300819E+00 1.188088E+01
6.356800E+01 1.301614E+00 1.187663E+01
6.366700E+01 1.302408E+00 1.187736E+01
6.376600E+01 1.303201E+00 1.187809E+01
6.386500E+01 1.303992E+00 1.187883E+01
6.396400E+01 1.304782E+00 1.187957E+01
6.406300E+01 1.305570E+00 1.187537E+01
6.416200E+01 1.306358E+00 1.187612E+01
6.426100E+01 1.307144E+00 1.187687E+01
6.436000E+01 1.307928E+00 1.187763E+01
6.445900E+01 1.308712E+00 1.187840E+01
6.455800E+01 1.309494E+00 1.187424E+01
6.465700E+01 1.310275E+00 1.187502E+01
6.475600E+01 1.311054E+00 1.187580E+01
6.485500E+01 1.311832E+00 1.187658E+01
6.495400E+01 1.312609E+00 1.187737E+01
6.505300E+01 1.313385E+00 1.187326E+01
6.515200E+01 1.314159E+00 1.187406E+01
6.525100E+01 1.314932E+00 1.187486E+01
6.535000E+01 1.315704E+00 1.187567E+01
6.544900E+01 1.316475E+00 1.187160E+01
6.554800E+01 1.317244E+00 1.187241E+01
6.564700E+01 1.318012E+00 1.187324E+01
6.574600E+01 1.318779E+00 1.187406E+01
6.584500E+01 1.319545E+00 1.187489E+01
6.594400E+01 1.320309E+00 1.187086E+01
6.604300E+01 1.321072E+00 1.187170E+01
6.614200E+01 1.321834E+00 1.187255E+01
6.624100E+01 1.322595E+00 1.187340E+01
6.634000E+01 1.323354E+00 1.186941E+01
6.643900E+01 1.324112E+00 1.187026E+01
6.653800E+01 1.324869E+00 1.187113E+01
6.663700E+01 1.325625E+00 1.187199E+01
6.673600E+01 1.326379E+00 1.186804E+01
6.683500E+01 1.327133E+00 1.186891E+01
6.693400E+01 1.327885E+00 1.186979E+01
6.703300E+01 1.328636E+00 1.187068E+01
6.713200E+01 1.329385E+00 1.187156E+01
6.723100E+01 1.330134E+00 1.186765E+01
6.733000E+01 1.330881E+00 1.186855E+01
6.742900E+01 1.331627E+00 1.186945E+01
6.752800E+01 1.332372E+00 1.187035E+01
6.762700E+01 1.333115E+00 1.186647E+01
6.772600E+01 1.333858E+00 1.186739E+01
6.782500E+01 1.334599E+00 1.186830E+01
6.792400E+01 1.335339E+00 1.186922E+01
6.802300E+01 1.336078E+00 1.186538E+01
6.812200E+01 1.336815E+00 1.186631E+01
6.822100E+01 1.337552E+00 1.186724E+01
6.832000E+01 1.338287E+00 1.186343E+01
6.841900E+01 1.339021E+00 1.186437E+01
6.851800E+01 1.339754E+00 1.186532E+01
6.861700E+01 1.340486E+00 1.186627E+01
6.871600E+01 1.341217E+00 1.186248E+01
6.881500E+01 1.341946E+00 1.186344E+01
6.891400E+01 1.342675E+00 1.186441E+01
6.901300E+01 1.343402E+00 1.186537E+01
6.911200E+01 1.344128E+00 1.186162E+01
6.921100E+01 1.344853E+00 1.186260E+01
6.931000E+01 1.345576E+00 1.186357E+01
6.940900E+01 1.346299E+00 1.186456E+01
6.950800E+01 1.347020E+00 1.186084E+01
6.960700E+01 1.347741E+00 1.186183E+01
6.970600E+01 1.348460E+00 1.186282E+01
6.980500E+01 1.349178E+00 1.185912E+01
6.990400E+01 1.349895E+00 1.186013E+01
7.000300E+01 1.350611E+00 1.186113E+01
7.010200E+01 1.351325E+00 1.186214E+01
7.020100E+01 1.352039E+00 1.185848E+01
7.030000E+01 1.352751E+00 1.185950E+01
7.039900E+01 1.353462E+00 1.186052E+01
7.049800E+01 1.354173E+00 1.186154E+01
7.059700E+01 1.354882E+00 1.185791E+01
7.069600E+01 1.355589E+00 1.185894E+01
7.079500E+01 1.356296E+00 1.185998E+01
7.089400E+01 1.357002E+00 1.185637E+01
7.099300E+01 1.357707E+00 1.185741E+01
7.109200E+01 1.358410E+00 1.185846E+01
7.119100E+01 1.359113E+00 1.185951E+01
7.129000E+01 1.359814E+00 1.185593E+01
7.138900E+01 1.360514E+00 1.185699E+01
7.148800E+01 1.361213E+00 1.185805E+01
7.158700E+01 1.361911E+00 1.185449E+01
7.168600E+01 1.362608E+00 1.185556E+01
7.178500E+01 1.363304E+00 1.185663E+01
7.188400E+01 1.363999E+00 1.185310E+01
7.198300E+01 1.364693E+00 1.185418E+01
7.208200E+01 1.365385E+00 1.185526E+01
7.218100E+01 1.366077E+00 1.185635E+01
7.228000E+01 1.366767E+00 1.185284E+01
7.237900E+01 1.367457E+00 1.185394E+01
7.247800E+01 1.368145E+00 1.185504E+01
7.257700E+01 1.368832E+00 1.185155E+01
7.267600E+01 1.369519E+00 1.185266E+01
7.277500E+01 1.370204E+00 1.185376E+01
7.287400E+01 1.370888E+00 1.185030E+01
7.297300E+01 1.371571E+00 1.185142E+01
7.307200E+01 1.372253E+00 1.185254E+01
7.317100E+01 1.372934E+00 1.184910E+01
7.327000E+01 1.373614E+00 1.185023E+01
7.336900E+01 1.374293E+00 1.185135E+01
7.346800E+01 1.374971E+00 1.185249E+01
7.356700E+01 1.375648E+00 1.184907E+01
7.366600E+01 1.376323E+00 1.185021E+01
7.376500E+01 1.376998E+00 1.185135E+01
7.386400E+01 1.377672E+00 1.184796E+01
7.396300E+01 1.378345E+00 1.184911E+01
7.406200E+01 1.379016E+00 1.185026E+01
7.416100E+01 1.379687E+00 1.184689E+01
7.426000E+01 1.380356E+00 1.184805E+01
7.435900E+01 1.381025E+00 1.184921E+01
7.445800E+01 1.381693E+00 1.184587E+01
7.455700E+01 1.382359E+00 1.184703E+01
7.465600E+01 1.383025E+00 1.184821E+01
7.475500E+01 1.383689E+00 1.184488E+01
7.485400E+01 1.384353E+00 1.184606E+01
7.495300E+01 1.385015E+00 1.184724E+01
7.505200E+01 1.385677E+00 1.184393E+01
7.515100E+01 1.386337E+00 1.184512E+01
7.525000E+01 1.386997E+00 1.184631E+01
7.534900E+01 1.387655E+00 1.184302E+01
7.544800E+01 1.388313E+00 1.184422E+01
7.554700E+01 1.388969E+00 1.184542E+01
7.564600E+01 1.389625E+00 1.184215E+01
7.574500E+01 1.390280E+00 1.184336E+01
7.584400E+01 1.390933E+00 1.184457E+01
7.594300E+01 1.391586E+00 1.184132E+01
7.604200E+01 1.392237E+00 1.184253E+01
7.614100E+01 1.392888E+00 1.184375E+01
7.624000E+01 1.393538E+00 1.184052E+01
7.633900E+01 1.394186E+00 1.184175E+01
7.643800E+01 1.394834E+00 1.183854E+01
7.653700E+01 1.395481E+00 1.183977E+01
7.663600E+01 1.396126E+00 1.184100E+01
7.673500E+01 1.396771E+00 1.183781E+01
7.683400E+01 1.397415E+00 1.183905E+01
7.693300E+01 1.398058E+00 1.184029E+01
7.703200E+01 1.398700E+00 1.183712E+01
7.713100E+01 1.399341E+00 1.183837E+01
7.723000E+01 1.399981E+00 1.183962E+01
7.732900E+01 1.400620E+00 1.183646E+01
7.742800E+01 1.401258E+00 1.183772E+01
7.752700E+01 1.401895E+00 1.183898E+01
7.762600E+01 1.402531E+00 1.183584E+01
7.772500E+01 1.403166E+00 1.183711E+01
7.782400E+01 1.403801E+00 1.183398E+01
7.792300E+01 1.404434E+00 1.183526E+01
7.802200E+01 1.405066E+00 1.183653E+01
7.812100E+01 1.405698E+00 1.183343E+01
7.822000E+01 1.406328E+00 1.183471E+01
7.831900E+01 1.406958E+00 1.183599E+01
7.841800E+01 1.407587E+00 1.183290E+01
7.851700E+01 1.408214E+00 1.183419E+01
7.861600E+01 1.408841E+00 1.183549E+01
7.871500E+01 1.409467E+00 1.183241E+01
7.881400E+01 1.410092E+00 1.183371E+01
7.891300E+01 1.410716E+00 1.183066E+01
7.901200E+01 1.411339E+00 1.183196E+01
7.911100E+01 1.411961E+00 1.183327E+01
7.921000E+01 1.412583E+00 1.183023E+01
7.930900E+01 1.413203E+00 1.183154E+01
7.940800E+01 1.413823E+00 1.183285E+01
7.950700E+01 1.414441E+00 1.182983E+01
7.960600E+01 1.415059E+00 1.183115E+01
7.970500E+01 1.415676E+00 1.182814E+01
7.980400E+01 1.416291E+00 1.182947E+01
7.990300E+01 1.416906E+00 1.183080E+01
8.000200E+01 1.417520E+00 1.182780E+01
8.010100E+01 1.418134E+00 1.182914E+01
8.020000E+01 1.418746E+00 1.182616E+01
8.029900E+01 1.419357E+00 1.182750E+01
8.039800E+01 1.419968E+00 1.182884E+01
8.049700E+01 1.420577E+00 1.182588E+01
8.059600E+01 1.421186E+00 1.182722E+01
8.069500E+01 1.421794E+00 1.182857E+01
8.079400E+01 1.422401E+00 1.182563E+01
8.089300E+01 1.423007E+00 1.182698E+01
8.099200E+01 1.423612E+00 1.182405E+01
8.109100E+01 1.424216E+00 1.182541E+01
8.119000E+01 1.424819E+00 1.182677E+01
8.128900E+01 1.425422E+00 1.182385E+01
8.138800E+01 1.426024E+00 1.182522E+01
8.148700E+01 1.426624E+00 1.182231E+01
8.158600E+01 1.427224E+00 1.182369E+01
8.168500E+01 1.427823E+00 1.182506E+01
8.178400E+01 1.428421E+00 1.182217E+01
8.188300E+01 1.429019E+00 1.182355E+01
8.198200E+01 1.429615E+00 1.182068E+01
8.208100E+01 1.430211E+00 1.182206E+01
8.218000E+01 1.430806E+00 1.182345E+01
8.227900E+01 1.431399E+00 1.182059E+01
8.237800E+01 1.431992E+00 1.182198E+01
8.247700E+01 1.432585E+00 1.181913E+01
8.257600E+01 1.433176E+00 1.182053E+01
8.267500E+01 1.433766E+00 1.181769E+01
8.277400E+01 1.434356E+00 1.181909E+01
8.287300E+01 1.434945E+00 1.182050E+01
8.297200E+01 1.435533E+00 1.181767E+01
8.307100E+01 1.436120E+00 1.181908E+01
8.317000E+01 1.436706E+00 1.181627E+01
8.326900E+01 1.437291E+00 1.181769E+01
8.336800E+01 1.437876E+00 1.181911E+01
8.346700E+01 1.438460E+00 1.181631E+01
8.356600E+01 1.439043E+00 1.181773E+01
8.366500E+01 1.439625E+00 1.181495E+01
8.376400E+01 1.440206E+00 1.181637E+01
8.386300E+01 1.440786E+00 1.181360E+01
8.396200E+01 1.441366E+00 1.181503E+01
8.406100E+01 1.441944E+00 1.181647E+01
8.416000E+01 1.442522E+00 1.181371E+01
8.425900E+01 1.443100E+00 1.181514E+01
8.435800E+01 1.443676E+00 1.181240E+01
8.445700E+01 1.444251E+00 1.181384E+01
8.455600E+01 1.444826E+00 1.181111E+01
8.465500E+01 1.445400E+00 1.181255E+01
8.475400E+01 1.445973E+00 1.181400E+01
8.485300E+01 1.446545E+00 1.181128E+01
8.495200E+01 1.447116E+00 1.181273E+01
8.505100E+01 1.447687E+00 1.181002E+01
8.515000E+01 1.448257E+00 1.181148E+01
8.524900E+01 1.448826E+00 1.180878E+01
8.534800E+01 1.449394E+00 1.181025E+01
8.544700E+01 1.449961E+00 1.181171E+01
8.554600E+01 1.450528E+00 1.180903E+01
8.564500E+01 1.451093E+00 1.181050E+01
8.574400E+01 1.451658E+00 1.180782E+01
8.584300E+01 1.452223E+00 1.180929E+01
8.594200E+01 1.452786E+00 1.180663E+01
8.604100E+01 1.453349E+00 1.180811E+01
8.614000E+01 1.453910E+00 1.180959E+01
8.623900E+01 1.454471E+00 1.180694E+01
8.633800E+01 1.455032E+00 1.180842E+01
8.643700E+01 1.455591E+00 1.180578E+01
8.653600E+01 1.456150E+00 1.180727E+01
8.663500E+01 1.456708E+00 1.180464E+01
8.673400E+01 1.457265E+00 1.180614E+01
8.683300E+01 1.457821E+00 1.180352E+01
8.693200E+01 1.458376E+00 1.180501E+01
8.703100E+01 1.458931E+00 1.180240E+01
8.713000E+01 1.459485E+00 1.180391E+01
8.722900E+01 1.460038E+00 1.180541E+01
8.732800E+01 1.460591E+00 1.180281E+01
8.742700E+01 1.461142E+00 1.180432E+01
8.752600E+01 1.461693E+00 1.180174E+01
8.762500E+01 1.462243E+00 1.180325E+01
8.772400E+01 1.462793E+00 1.180067E+01
8.782300E+01 1.463341E+00 1.180219E+01
8.792200E+01 1.463889E+00 1.179962E+01
8.802100E+01 1.464436E+00 1.180115E+01
8.812000E+01 1.464983E+00 1.179859E+01
8.821900E+01 1.465528E+00 1.180011E+01
8.831800E+01 1.466073E+00 1.180164E+01
8.841700E+01 1.466617E+00 1.179910E+01
8.851600E+01 1.467160E+00 1.180063E+01
8.861500E+01 1.467703E+00 1.179809E+01
8.871400E+01 1.468245E+00 1.179963E+01
8.881300E+01 1.468786E+00 1.179710E+01
8.891200E+01 1.469326E+00 1.179864E+01
8.901100E+01 1.469865E+00 1.179613E+01
8.911000E+01 1.470404E+00 1.179767E+01
8.920900E+01 1.470942E+00 1.179517E+01
8.930800E+01 1.471480E+00 1.179671E+01
8.940700E+01 1.472016E+00 1.179422E+01
8.950600E+01 1.472552E+00 1.179577E+01
8.960500E+01 1.473087E+00 1.179328E+01
8.970400E+01 1.473621E+00 1.179484E+01
8.980300E+01 1.474155E+00 1.179640E+01
8.990200E+01 1.474688E+00 1.179392E+01
9.000100E+01 1.475220E+00 1.179548E+01
9.010000E+01 1.475752E+00 1.179302E+01
9.019900E+01 1.476282E+00 1.179458E+01
9.029800E+01 1.476812E+00 1.179213E+01
9.039700E+01 1.477341E+00 1.179369E+01
9.049600E+01 1.477870E+00 1.179125E+01
9.059500E+01 1.478398E+00 1.179282E+01
9.069400E+01 1.478925E+00 1.179038E+01
9.079300E+01 1.479451E+00 1.179196E+01
9.089200E+01 1.479977E+00 1.178953E+01
9.099100E+01 1.480502E+00 1.179111E+01
9.109000E+01 1.481026E+00 1.178869E+01
9.118900E+01 1.481549E+00 1.179027E+01
9.128800E+01 1.482072E+00 1.178786E+01
9.138700E+01 1.482594E+00 1.178945E+01
9.148600E+01 1.483116E+00 1.178705E+01
9.158500E+01 1.483636E+00 1.178864E+01
9.168400E+01 1.484156E+00 1.178625E+01
9.178300E+01 1.484676E+00 1.178784E+01
9.188200E+01 1.485194E+00 1.178546E+01
9.198100E+01 1.485712E+00 1.178706E+01
9.208000E+01 1.486229E+00 1.178468E+01
9.217900E+01 1.486745E+00 1.178628E+01
9.227800E+01 1.487261E+00 1.178392E+01
9.237700E+01 1.487776E+00 1.178552E+01
9.247600E+01 1.488290E+00 1.178317E+01
9.257500E+01 1.488804E+00 1.178477E+01
9.267400E+01 1.489317E+00 1.178243E+01
9.277300E+01 1.489829E+00 1.178404E+01
9.287200E+01 1.490341E+00 1.178170E+01
9.297100E+01 1.490852E+00 1.178331E+01
9.307000E+01 1.491362E+00 1.178098E+01
9.316900E+01 1.491871E+00 1.178260E+01
9.326800E+01 1.492380E+00 1.178028E+01
9.336700E+01 1.492888E+00 1.178190E+01
9.346600E+01 1.493396E+00 1.177958E+01
9.356500E+01 1.493902E+00 1.178121E+01
9.366400E+01 1.494409E+00 1.177890E+01
9.376300E+01 1.494914E+00 1.178053E+01
9.386200E+01 1.495419E+00 1.177824E+01
9.396100E+01 1.495923E+00 1.177987E+01
9.406000E+01 1.496426E+00 1.177758E+01
9.415900E+01 1.496929E+00 1.177922E+01
9.425800E+01 1.497431E+00 1.177693E+01
9.435700E+01 1.497932E+00 1.177857E+01
9.445600E+01 1.498433E+00 1.177630E+01
9.455500E+01 1.498933E+00 1.177794E+01
9.465400E+01 1.499432E+00 1.177568E+01
9.475300E+01 1.499931E+00 1.177732E+01
9.485200E+01 1.500429E+00 1.177506E+01
9.495100E+01 1.500926E+00 1.177672E+01
9.505000E+01 1.501423E+00 1.177446E+01
9.514900E+01 1.501919E+00 1.177612E+01
9.524800E+01 1.502414E+00 1.177388E+01
9.534700E+01 1.502909E+00 1.177553E+01
9.544600E+01 1.503403E+00 1.177330E+01
9.554500E+01 1.503896E+00 1.177496E+01
9.564400E+01 1.504389E+00 1.177273E+01
9.574300E+01 1.504881E+00 1.177439E+01
9.584200E+01 1.505372E+00 1.177218E+01
9.594100E+01 1.505863E+00 1.176996E+01
9.604000E+01 1.506353E+00 1.177163E+01
9.613900E+01 1.506843E+00 1.176943E+01
9.623800E+01 1.507332E+00 1.177110E+01
9.633700E+01 1.507820E+00 1.176890E+01
9.643600E+01 1.508307E+00 1.177057E+01
9.653500E+01 1.508794E+00 1.176838E+01
9.663400E+01 1.509280E+00 1.177006E+01
9.673300E+01 1.509766E+00 1.176788E+01
9.683200E+01 1.510251E+00 1.176956E+01
9.693100E+01 1.510735E+00 1.176739E+01
9.703000E+01 1.511219E+00 1.176907E+01
9.712900E+01 1.511702E+00 1.176690E+01
9.722800E+01 1.512184E+00 1.176859E+01
9.732700E+01 1.512666E+00 1.176643E+01
9.742600E+01 1.513147E+00 1.176427E+01
9.752500E+01 1.513628E+00 1.176597E+01
9.762400E+01 1.514107E+00 1.176382E+01
9.772300E+01 1.514587E+00 1.176551E+01
9.782200E+01 1.515065E+00 1.176337E+01
9.792100E+01 1.515543E+00 1.176507E+01
9.802000E+01 1.516021E+00 1.176294E+01
9.811900E+01 1.516497E+00 1.176464E+01
9.821800E+01 1.516973E+00 1.176252E+01
9.831700E+01 1.517449E+00 1.176422E+01
9.841600E+01 1.517924E+00 1.176210E+01
9.851500E+01 1.518398E+00 1.176381E+01
9.861400E+01 1.518872E+00 1.176170E+01
9.871300E+01 1.519345E+00 1.175959E+01
9.881200E+01 1.519817E+00 1.176130E+01
9.891100E+01 1.520289E+00 1.175920E+01
9.901000E+01 1.520760E+00 1.176092E+01
9.910900E+01 1.521230E+00 1.175883E+01
9.920800E+01 1.521700E+00 1.176054E+01
9.930700E+01 1.522170E+00 1.175846E+01
9.940600E+01 1.522638E+00 1.176018E+01
9.950500E+01 1.523106E+00 1.175810E+01
9.960400E+01 1.523574E+00 1.175983E+01
9.970300E+01 1.524041E+00 1.175776E+01
9.980200E+01 1.524507E+00 1.175569E+01
9.990100E+01 1.524972E+00 1.175742E+01
