1.000000E+00 NAN NAN
1.099000E+00 NAN 2.391173E+01
1.198000E+00 1.250967E-01 2.022204E+01
1.297000E+00 1.308241E-01 1.795587E+01
1.396000E+00 1.365256E-01 1.728980E+01
1.495000E+00 1.421915E-01 1.675988E+01
1.594000E+00 1.478168E-01 1.633256E+01
1.693000E+00 1.533979E-01 1.587554E+01
1.792000E+00 1.589333E-01 1.559734E+01
1.891000E+00 1.644212E-01 1.527413E+01
1.990000E+00 1.698612E-01 1.500216E+01
2.089000E+00 1.752530E-01 1.477191E+01
2.188000E+00 1.805968E-01 1.457603E+01
2.287000E+00 1.858927E-01 1.440881E+01
2.386000E+00 1.911413E-01 1.426571E+01
2.485000E+00 1.963430E-01 1.407723E+01
2.584000E+00 2.014987E-01 1.397486E+01
2.683000E+00 2.066089E-01 1.382713E+01
2.782000E+00 2.116746E-01 1.369705E+01
2.881000E+00 2.166963E-01 1.358227E+01
2.980000E+00 2.216751E-01 1.353388E+01
3.079000E+00 2.266115E-01 1.344221E+01
3.178000E+00 2.315065E-01 1.336103E+01
3.277000E+00 2.363608E-01 1.328913E+01
3.376000E+00 2.411752E-01 1.322548E+01
3.475000E+00 2.459503E-01 1.312424E+01
3.574000E+00 2.506872E-01 1.307580E+01
3.673000E+00 2.553863E-01 1.303322E+01
3.772000E+00 2.600484E-01 1.295465E+01
3.871000E+00 2.646743E-01 1.292310E+01
3.970000E+00 2.692646E-01 1.289581E+01
4.069000E+00 2.738199E-01 1.283412E+01
4.168000E+00 2.783410E-01 1.281506E+01
4.267000E+00 2.828284E-01 1.276264E+01
4.366000E+00 2.872827E-01 1.271472E+01
4.465000E+00 2.917046E-01 1.270577E+01
4.564000E+00 2.960945E-01 1.266497E+01
4.663000E+00 3.004532E-01 1.262771E+01
4.762000E+00 3.047810E-01 1.259369E+01
4.861000E+00 3.090786E-01 1.256267E+01
4.960000E+00 3.133464E-01 1.256596E+01
5.059000E+00 3.175849E-01 1.253970E+01
5.158000E+00 3.217946E-01 1.251585E+01
5.257000E+00 3.259760E-01 1.249425E+01
5.356000E+00 3.301296E-01 1.247474E+01
5.455000E+00 3.342557E-01 1.245718E+01
5.554000E+00 3.383549E-01 1.244143E+01
5.653000E+00 3.424274E-01 1.239939E+01
5.752000E+00 3.464739E-01 1.238736E+01
5.851000E+00 3.504946E-01 1.237680E+01
5.950000E+00 3.544900E-01 1.236763E+01
6.049000E+00 3.584603E-01 1.235975E+01
6.148000E+00 3.624060E-01 1.232710E+01
6.247000E+00 3.663275E-01 1.232193E+01
6.346000E+00 3.702251E-01 1.231783E+01
6.445000E+00 3.740991E-01 1.228980E+01
6.544000E+00 3.779499E-01 1.228795E+01
6.643000E+00 3.817777E-01 1.228700E+01
6.742000E+00 3.855830E-01 1.226288E+01
6.841000E+00 3.893659E-01 1.226382E+01
6.940000E+00 3.931269E-01 1.224209E+01
7.039000E+00 3.968662E-01 1.224473E+01
7.138000E+00 4.005840E-01 1.222516E+01
7.237000E+00 4.042808E-01 1.222931E+01
7.336000E+00 4.079567E-01 1.221169E+01
7.435000E+00 4.116121E-01 1.221719E+01
7.534000E+00 4.152471E-01 1.220135E+01
7.633000E+00 4.188620E-01 1.218646E+01
7.732000E+00 4.224571E-01 1.219384E+01
7.831000E+00 4.260327E-01 1.218048E+01
7.930000E+00 4.295889E-01 1.216796E+01
8.029000E+00 4.331261E-01 1.217695E+01
8.128000E+00 4.366445E-01 1.216576E+01
8.227000E+00 4.401441E-01 1.215530E+01
8.326000E+00 4.436254E-01 1.214554E+01
8.425000E+00 4.470885E-01 1.215637E+01
8.524000E+00 4.505335E-01 1.214772E+01
8.623000E+00 4.539608E-01 1.213969E+01
8.722000E+00 4.573705E-01 1.213226E+01
8.821000E+00 4.607629E-01 1.212539E+01
8.920000E+00 4.641380E-01 1.211906E+01
9.019000E+00 4.674962E-01 1.211326E+01
9.118000E+00 4.708376E-01 1.210796E+01
9.217000E+00 4.741624E-01 1.212167E+01
9.316000E+00 4.774707E-01 1.211716E+01
9.415000E+00 4.807627E-01 1.211309E+01
9.514000E+00 4.840387E-01 1.210945E+01
9.613000E+00 4.872987E-01 1.210622E+01
9.712000E+00 4.905430E-01 1.210340E+01
9.811000E+00 4.937717E-01 1.210096E+01
9.910000E+00 4.969850E-01 1.209888E+01
1.000900E+01 5.001830E-01 1.209717E+01
1.010800E+01 5.033659E-01 1.209580E+01
1.020700E+01 5.065339E-01 1.207764E+01
1.030600E+01 5.096870E-01 1.207703E+01
1.040500E+01 5.128255E-01 1.207674E+01
1.050400E+01 5.159495E-01 1.207674E+01
1.060300E+01 5.190591E-01 1.207702E+01
1.070200E+01 5.221545E-01 1.207758E+01
1.080100E+01 5.252358E-01 1.207840E+01
1.090000E+01 5.283032E-01 1.207948E+01
1.099900E+01 5.313567E-01 1.206463E+01
1.109800E+01 5.343966E-01 1.206630E+01
1.119700E+01 5.374229E-01 1.206819E+01
1.129600E+01 5.404358E-01 1.207031E+01
1.139500E+01 5.434353E-01 1.205691E+01
1.149400E+01 5.464217E-01 1.205954E+01
1.159300E+01 5.493950E-01 1.206237E+01
1.169200E+01 5.523553E-01 1.206540E+01
1.179100E+01 5.553028E-01 1.205327E+01
1.189000E+01 5.582376E-01 1.205675E+01
1.198900E+01 5.611598E-01 1.206040E+01
1.208800E+01 5.640695E-01 1.204918E+01
1.218700E+01 5.669668E-01 1.205324E+01
1.228600E+01 5.698518E-01 1.205746E+01
1.238500E+01 5.727247E-01 1.204705E+01
1.248400E+01 5.755855E-01 1.205165E+01
1.258300E+01 5.784344E-01 1.205638E+01
1.268200E+01 5.812714E-01 1.204674E+01
1.278100E+01 5.840967E-01 1.205181E+01
1.288000E+01 5.869104E-01 1.204267E+01
1.297900E+01 5.897125E-01 1.204807E+01
1.307800E+01 5.925032E-01 1.205359E+01
1.317700E+01 5.952824E-01 1.204511E+01
1.327600E+01 5.980505E-01 1.205093E+01
1.337500E+01 6.008074E-01 1.204289E+01
1.347400E+01 6.035532E-01 1.204898E+01
1.357300E+01 6.062880E-01 1.204137E+01
1.367200E+01 6.090119E-01 1.204772E+01
1.377100E+01 6.117249E-01 1.204050E+01
1.387000E+01 6.144273E-01 1.204710E+01
1.396900E+01 6.171190E-01 1.204027E+01
1.406800E+01 6.198001E-01 1.204710E+01
1.416700E+01 6.224708E-01 1.204063E+01
1.426600E+01 6.251311E-01 1.204768E+01
1.436500E+01 6.277810E-01 1.204155E+01
1.446400E+01 6.304208E-01 1.204881E+01
1.456300E+01 6.330503E-01 1.204301E+01
1.466200E+01 6.356698E-01 1.203742E+01
1.476100E+01 6.382793E-01 1.204498E+01
1.486000E+01 6.408789E-01 1.203969E+01
1.495900E+01 6.434686E-01 1.204744E+01
1.505800E+01 6.460486E-01 1.204244E+01
1.515700E+01 6.486189E-01 1.203761E+01
1.525600E+01 6.511795E-01 1.204563E+01
1.535500E+01 6.537306E-01 1.204108E+01
1.545400E+01 6.562721E-01 1.203669E+01
1.555300E+01 6.588043E-01 1.204496E+01
1.565200E+01 6.613271E-01 1.204082E+01
1.575100E+01 6.638406E-01 1.203685E+01
1.585000E+01 6.663450E-01 1.204534E+01
1.594900E+01 6.688401E-01 1.204160E+01
1.604800E+01 6.713262E-01 1.203800E+01
1.614700E+01 6.738033E-01 1.204671E+01
1.624600E+01 6.762715E-01 1.204334E+01
1.634500E+01 6.787307E-01 1.204010E+01
1.644400E+01 6.811811E-01 1.203699E+01
1.654300E+01 6.836228E-01 1.204597E+01
1.664200E+01 6.860557E-01 1.204307E+01
1.674100E+01 6.884801E-01 1.204029E+01
1.684000E+01 6.908958E-01 1.203763E+01
1.693900E+01 6.933030E-01 1.204685E+01
1.703800E+01 6.957017E-01 1.204438E+01
1.713700E+01 6.980920E-01 1.204203E+01
1.723600E+01 7.004740E-01 1.203979E+01
1.733500E+01 7.028476E-01 1.203766E+01
1.743400E+01 7.052131E-01 1.204715E+01
1.753300E+01 7.075703E-01 1.204519E+01
1.763200E+01 7.099194E-01 1.204333E+01
1.773100E+01 7.122604E-01 1.204157E+01
1.783000E+01 7.145934E-01 1.203992E+01
1.792900E+01 7.169184E-01 1.203836E+01
1.802800E+01 7.192356E-01 1.204815E+01
1.812700E+01 7.215448E-01 1.204674E+01
1.822600E+01 7.238462E-01 1.204542E+01
1.832500E+01 7.261399E-01 1.204420E+01
1.842400E+01 7.284258E-01 1.204306E+01
1.852300E+01 7.307041E-01 1.204201E+01
1.862200E+01 7.329748E-01 1.204105E+01
1.872100E+01 7.352379E-01 1.205114E+01
1.882000E+01 7.374935E-01 1.205030E+01
1.891900E+01 7.397416E-01 1.204955E+01
1.901800E+01 7.419822E-01 1.204887E+01
1.911700E+01 7.442155E-01 1.204828E+01
1.921600E+01 7.464415E-01 1.204776E+01
1.931500E+01 7.486602E-01 1.204732E+01
1.941400E+01 7.508716E-01 1.204696E+01
1.951300E+01 7.530758E-01 1.204667E+01
1.961200E+01 7.552729E-01 1.204645E+01
1.971100E+01 7.574629E-01 1.204630E+01
1.981000E+01 7.596458E-01 1.204622E+01
1.990900E+01 7.618216E-01 1.204620E+01
2.000800E+01 7.639905E-01 1.204626E+01
2.010700E+01 7.661524E-01 1.204638E+01
2.020600E+01 7.683075E-01 1.204656E+01
2.030500E+01 7.704556E-01 1.204681E+01
2.040400E+01 7.725970E-01 1.204712E+01
2.050300E+01 7.747316E-01 1.204749E+01
2.060200E+01 7.768594E-01 1.204792E+01
2.070100E+01 7.789806E-01 1.204841E+01
2.080000E+01 7.810951E-01 1.204896E+01
2.089900E+01 7.832030E-01 1.204956E+01
2.099800E+01 7.853043E-01 1.205022E+01
2.109700E+01 7.873990E-01 1.205094E+01
2.119600E+01 7.894873E-01 1.205171E+01
2.129500E+01 7.915691E-01 1.205253E+01
2.139400E+01 7.936444E-01 1.205340E+01
2.149300E+01 7.957134E-01 1.205433E+01
2.159200E+01 7.977760E-01 1.205530E+01
2.169100E+01 7.998323E-01 1.205633E+01
2.179000E+01 8.018823E-01 1.205741E+01
2.188900E+01 8.039260E-01 1.205853E+01
2.198800E+01 8.059636E-01 1.205970E+01
2.208700E+01 8.079949E-01 1.205114E+01
2.218600E+01 8.100201E-01 1.205243E+01
2.228500E+01 8.120392E-01 1.205377E+01
2.238400E+01 8.140523E-01 1.205515E+01
2.248300E+01 8.160593E-01 1.205657E+01
2.258200E+01 8.180602E-01 1.205803E+01
2.268100E+01 8.200553E-01 1.205954E+01
2.278000E+01 8.220443E-01 1.206109E+01
2.287900E+01 8.240275E-01 1.206268E+01
2.297800E+01 8.260047E-01 1.205479E+01
2.307700E+01 8.279762E-01 1.205648E+01
2.317600E+01 8.299418E-01 1.205821E+01
2.327500E+01 8.319016E-01 1.205998E+01
2.337400E+01 8.338557E-01 1.206179E+01
2.347300E+01 8.358040E-01 1.206363E+01
2.357200E+01 8.377467E-01 1.205616E+01
2.367100E+01 8.396837E-01 1.205810E+01
2.377000E+01 8.416150E-01 1.206008E+01
2.386900E+01 8.435408E-01 1.206209E+01
2.396800E+01 8.454610E-01 1.206413E+01
2.406700E+01 8.473756E-01 1.206620E+01
2.416600E+01 8.492848E-01 1.205912E+01
2.426500E+01 8.511884E-01 1.206128E+01
2.436400E+01 8.530866E-01 1.206347E+01
2.446300E+01 8.549794E-01 1.206570E+01
2.456200E+01 8.568667E-01 1.205886E+01
2.466100E+01 8.587487E-01 1.206117E+01
2.476000E+01 8.606253E-01 1.206351E+01
2.485900E+01 8.624967E-01 1.206588E+01
2.495800E+01 8.643627E-01 1.206827E+01
2.505700E+01 8.662235E-01 1.206172E+01
2.515600E+01 8.680790E-01 1.206420E+01
2.525500E+01 8.699293E-01 1.206670E+01
2.535400E+01 8.717745E-01 1.206922E+01
2.545300E+01 8.736144E-01 1.206290E+01
2.555200E+01 8.754493E-01 1.206550E+01
2.565100E+01 8.772790E-01 1.206812E+01
2.575000E+01 8.791037E-01 1.207077E+01
2.584900E+01 8.809233E-01 1.206466E+01
2.594800E+01 8.827379E-01 1.206738E+01
2.604700E+01 8.845475E-01 1.207012E+01
2.614600E+01 8.863521E-01 1.206417E+01
2.624500E+01 8.881517E-01 1.206698E+01
2.634400E+01 8.899465E-01 1.206981E+01
2.644300E+01 8.917363E-01 1.207267E+01
2.654200E+01 8.935212E-01 1.206691E+01
2.664100E+01 8.953013E-01 1.206983E+01
2.674000E+01 8.970765E-01 1.207277E+01
2.683900E+01 8.988469E-01 1.206716E+01
2.693800E+01 9.006126E-01 1.207015E+01
2.703700E+01 9.023734E-01 1.207317E+01
2.713600E+01 9.041295E-01 1.206771E+01
2.723500E+01 9.058810E-01 1.207078E+01
2.733400E+01 9.076277E-01 1.207388E+01
2.743300E+01 9.093697E-01 1.206855E+01
2.753200E+01 9.111071E-01 1.207170E+01
2.763100E+01 9.128398E-01 1.207487E+01
2.773000E+01 9.145680E-01 1.206967E+01
2.782900E+01 9.162915E-01 1.207289E+01
2.792800E+01 9.180105E-01 1.207613E+01
2.802700E+01 9.197250E-01 1.207106E+01
2.812600E+01 9.214349E-01 1.207435E+01
2.822500E+01 9.231403E-01 1.206938E+01
2.832400E+01 9.248412E-01 1.207272E+01
2.842300E+01 9.265377E-01 1.207607E+01
2.852200E+01 9.282297E-01 1.207122E+01
2.862100E+01 9.299174E-01 1.207462E+01
2.872000E+01 9.316006E-01 1.207804E+01
2.881900E+01 9.332794E-01 1.207330E+01
2.891800E+01 9.349539E-01 1.207676E+01
2.901700E+01 9.366240E-01 1.207211E+01
2.911600E+01 9.382899E-01 1.207562E+01
2.921500E+01 9.399514E-01 1.207914E+01
2.931400E+01 9.416086E-01 1.207460E+01
2.941300E+01 9.432616E-01 1.207816E+01
2.951200E+01 9.449103E-01 1.207370E+01
2.961100E+01 9.465549E-01 1.207730E+01
2.971000E+01 9.481952E-01 1.207292E+01
2.980900E+01 9.498313E-01 1.207657E+01
2.990800E+01 9.514633E-01 1.208022E+01
3.000700E+01 9.530911E-01 1.207594E+01
3.010600E+01 9.547148E-01 1.207964E+01
3.020500E+01 9.563343E-01 1.207543E+01
3.030400E+01 9.579498E-01 1.207917E+01
3.040300E+01 9.595612E-01 1.207503E+01
3.050200E+01 9.611686E-01 1.207880E+01
3.060100E+01 9.627719E-01 1.207474E+01
3.070000E+01 9.643711E-01 1.207855E+01
3.079900E+01 9.659664E-01 1.208237E+01
3.089800E+01 9.675577E-01 1.207839E+01
3.099700E+01 9.691451E-01 1.208225E+01
3.109600E+01 9.707284E-01 1.207834E+01
3.119500E+01 9.723079E-01 1.208223E+01
3.129400E+01 9.738834E-01 1.207839E+01
3.139300E+01 9.754550E-01 1.208231E+01
3.149200E+01 9.770228E-01 1.207854E+01
3.159100E+01 9.785866E-01 1.208249E+01
3.169000E+01 9.801466E-01 1.207878E+01
3.178900E+01 9.817028E-01 1.208276E+01
3.188800E+01 9.832552E-01 1.207911E+01
3.198700E+01 9.848038E-01 1.208313E+01
3.208600E+01 9.863486E-01 1.207954E+01
3.218500E+01 9.878896E-01 1.208358E+01
3.228400E+01 9.894269E-01 1.208005E+01
3.238300E+01 9.909604E-01 1.208412E+01
3.248200E+01 9.924902E-01 1.208065E+01
3.258100E+01 9.940163E-01 1.208475E+01
3.268000E+01 9.955387E-01 1.208134E+01
3.277900E+01 9.970574E-01 1.208547E+01
3.287800E+01 9.985725E-01 1.208211E+01
3.297700E+01 1.000084E+00 1.208626E+01
3.307600E+01 1.001592E+00 1.208296E+01
3.317500E+01 1.003096E+00 1.207970E+01
3.327400E+01 1.004597E+00 1.208390E+01
3.337300E+01 1.006094E+00 1.208068E+01
3.347200E+01 1.007587E+00 1.208491E+01
3.357100E+01 1.009077E+00 1.208175E+01
3.367000E+01 1.010563E+00 1.208599E+01
3.376900E+01 1.012046E+00 1.208289E+01
3.386800E+01 1.013525E+00 1.208716E+01
3.396700E+01 1.015001E+00 1.208410E+01
3.406600E+01 1.016473E+00 1.208108E+01
3.416500E+01 1.017942E+00 1.208539E+01
3.426400E+01 1.019408E+00 1.208241E+01
3.436300E+01 1.020870E+00 1.208674E+01
3.446200E+01 1.022328E+00 1.208382E+01
3.456100E+01 1.023783E+00 1.208817E+01
3.466000E+01 1.025235E+00 1.208529E+01
3.475900E+01 1.026683E+00 1.208244E+01
3.485800E+01 1.028128E+00 1.208683E+01
3.495700E+01 1.029570E+00 1.208403E+01
3.505600E+01 1.031008E+00 1.208844E+01
3.515500E+01 1.032443E+00 1.208568E+01
3.525400E+01 1.033875E+00 1.208296E+01
3.535300E+01 1.035303E+00 1.208740E+01
3.545200E+01 1.036728E+00 1.208472E+01
3.555100E+01 1.038150E+00 1.208918E+01
3.565000E+01 1.039568E+00 1.208654E+01
3.574900E+01 1.040983E+00 1.208393E+01
3.584800E+01 1.042395E+00 1.208843E+01
3.594700E+01 1.043804E+00 1.208586E+01
3.604600E+01 1.045209E+00 1.208332E+01
3.614500E+01 1.046612E+00 1.208784E+01
3.624400E+01 1.048011E+00 1.208535E+01
3.634300E+01 1.049407E+00 1.208989E+01
3.644200E+01 1.050799E+00 1.208743E+01
3.654100E+01 1.052189E+00 1.208500E+01
3.664000E+01 1.053575E+00 1.208957E+01
3.673900E+01 1.054959E+00 1.208717E+01
3.683800E+01 1.056339E+00 1.208481E+01
3.693700E+01 1.057716E+00 1.208941E+01
3.703600E+01 1.059090E+00 1.208708E+01
3.713500E+01 1.060461E+00 1.208477E+01
3.723400E+01 1.061829E+00 1.208940E+01
3.733300E+01 1.063193E+00 1.208713E+01
3.743200E+01 1.064555E+00 1.208489E+01
3.753100E+01 1.065914E+00 1.208954E+01
3.763000E+01 1.067270E+00 1.208734E+01
3.772900E+01 1.068622E+00 1.208516E+01
3.782800E+01 1.069972E+00 1.208984E+01
3.792700E+01 1.071318E+00 1.208769E+01
3.802600E+01 1.072662E+00 1.208557E+01
3.812500E+01 1.074003E+00 1.209027E+01
3.822400E+01 1.075341E+00 1.208818E+01
3.832300E+01 1.076675E+00 1.208612E+01
3.842200E+01 1.078007E+00 1.209084E+01
3.852100E+01 1.079336E+00 1.208881E+01
3.862000E+01 1.080662E+00 1.208680E+01
3.871900E+01 1.081985E+00 1.209155E+01
3.881800E+01 1.083306E+00 1.208958E+01
3.891700E+01 1.084623E+00 1.208762E+01
3.901600E+01 1.085937E+00 1.208569E+01
3.911500E+01 1.087249E+00 1.209047E+01
3.921400E+01 1.088558E+00 1.208857E+01
3.931300E+01 1.089864E+00 1.208669E+01
3.941200E+01 1.091167E+00 1.209149E+01
3.951100E+01 1.092467E+00 1.208964E+01
3.961000E+01 1.093764E+00 1.208781E+01
3.970900E+01 1.095059E+00 1.208601E+01
3.980800E+01 1.096351E+00 1.209084E+01
3.990700E+01 1.097640E+00 1.208906E+01
4.000600E+01 1.098926E+00 1.208730E+01
4.010500E+01 1.100210E+00 1.208557E+01
4.020400E+01 1.101491E+00 1.209042E+01
4.030300E+01 1.102769E+00 1.208872E+01
4.040200E+01 1.104044E+00 1.208703E+01
4.050100E+01 1.105317E+00 1.209190E+01
4.060000E+01 1.106586E+00 1.209024E+01
4.069900E+01 1.107854E+00 1.208860E+01
4.079800E+01 1.109118E+00 1.208698E+01
4.089700E+01 1.110380E+00 1.209188E+01
4.099600E+01 1.111639E+00 1.209028E+01
4.109500E+01 1.112896E+00 1.208871E+01
4.119400E+01 1.114149E+00 1.208715E+01
4.129300E+01 1.115401E+00 1.208562E+01
4.139200E+01 1.116649E+00 1.209054E+01
4.149100E+01 1.117895E+00 1.208903E+01
4.159000E+01 1.119138E+00 1.208754E+01
4.168900E+01 1.120379E+00 1.208606E+01
4.178800E+01 1.121617E+00 1.209101E+01
4.188700E+01 1.122853E+00 1.208956E+01
4.198600E+01 1.124086E+00 1.208813E+01
4.208500E+01 1.125316E+00 1.208671E+01
4.218400E+01 1.126544E+00 1.209168E+01
4.228300E+01 1.127769E+00 1.209029E+01
4.238200E+01 1.128992E+00 1.208892E+01
4.248100E+01 1.130212E+00 1.208756E+01
4.258000E+01 1.131429E+00 1.208622E+01
4.267900E+01 1.132644E+00 1.209122E+01
4.277800E+01 1.133857E+00 1.208990E+01
4.287700E+01 1.135067E+00 1.208860E+01
4.297600E+01 1.136275E+00 1.208732E+01
4.307500E+01 1.137480E+00 1.208605E+01
4.317400E+01 1.138682E+00 1.209107E+01
4.327300E+01 1.139883E+00 1.208982E+01
4.337200E+01 1.141080E+00 1.208859E+01
4.347100E+01 1.142276E+00 1.208738E+01
4.357000E+01 1.143468E+00 1.208618E+01
4.366900E+01 1.144659E+00 1.209123E+01
4.376800E+01 1.145847E+00 1.209005E+01
4.386700E+01 1.147032E+00 1.208889E+01
4.396600E+01 1.148215E+00 1.208774E+01
4.406500E+01 1.149396E+00 1.208661E+01
4.416400E+01 1.150574E+00 1.208550E+01
4.426300E+01 1.151750E+00 1.209057E+01
4.436200E+01 1.152924E+00 1.208947E+01
4.446100E+01 1.154095E+00 1.208839E+01
4.456000E+01 1.155264E+00 1.208733E+01
4.465900E+01 1.156431E+00 1.208627E+01
4.475800E+01 1.157595E+00 1.208524E+01
4.485700E+01 1.158756E+00 1.209034E+01
4.495600E+01 1.159916E+00 1.208932E+01
4.505500E+01 1.161073E+00 1.208831E+01
4.515400E+01 1.162228E+00 1.208732E+01
4.525300E+01 1.163380E+00 1.208635E+01
4.535200E+01 1.164531E+00 1.208538E+01
4.545100E+01 1.165679E+00 1.209051E+01
4.555000E+01 1.166824E+00 1.208956E+01
4.564900E+01 1.167968E+00 1.208863E+01
4.574800E+01 1.169109E+00 1.208772E+01
4.584700E+01 1.170247E+00 1.208681E+01
4.594600E+01 1.171384E+00 1.208592E+01
4.604500E+01 1.172518E+00 1.208505E+01
4.614400E+01 1.173650E+00 1.208418E+01
4.624300E+01 1.174780E+00 1.208934E+01
4.634200E+01 1.175908E+00 1.208849E+01
4.644100E+01 1.177033E+00 1.208766E+01
4.654000E+01 1.178156E+00 1.208683E+01
4.663900E+01 1.179277E+00 1.208603E+01
4.673800E+01 1.180396E+00 1.208523E+01
4.683700E+01 1.181513E+00 1.208445E+01
4.693600E+01 1.182627E+00 1.208368E+01
4.703500E+01 1.183739E+00 1.208886E+01
4.713400E+01 1.184849E+00 1.208810E+01
4.723300E+01 1.185957E+00 1.208736E+01
4.733200E+01 1.187063E+00 1.208663E+01
4.743100E+01 1.188167E+00 1.208591E+01
4.753000E+01 1.189268E+00 1.208521E+01
4.762900E+01 1.190367E+00 1.208451E+01
4.772800E+01 1.191465E+00 1.208383E+01
4.782700E+01 1.192560E+00 1.208316E+01
4.792600E+01 1.193653E+00 1.208837E+01
4.802500E+01 1.194743E+00 1.208771E+01
4.812400E+01 1.195832E+00 1.208707E+01
4.822300E+01 1.196919E+00 1.208644E+01
4.832200E+01 1.198003E+00 1.208581E+01
4.842100E+01 1.199086E+00 1.208520E+01
4.852000E+01 1.200166E+00 1.208460E+01
4.861900E+01 1.201245E+00 1.208401E+01
4.871800E+01 1.202321E+00 1.208344E+01
4.881700E+01 1.203395E+00 1.208287E+01
4.891600E+01 1.204467E+00 1.208231E+01
4.901500E+01 1.205537E+00 1.208177E+01
4.911400E+01 1.206605E+00 1.208702E+01
4.921300E+01 1.207671E+00 1.208649E+01
4.931200E+01 1.208735E+00 1.208597E+01
4.941100E+01 1.209797E+00 1.208546E+01
4.951000E+01 1.210857E+00 1.208496E+01
4.960900E+01 1.211915E+00 1.208447E+01
4.970800E+01 1.212971E+00 1.208399E+01
4.980700E+01 1.214025E+00 1.208352E+01
4.990600E+01 1.215077E+00 1.208306E+01
5.000500E+01 1.216127E+00 1.208261E+01
5.010400E+01 1.217175E+00 1.208217E+01
5.020300E+01 1.218221E+00 1.208175E+01
5.030200E+01 1.219265E+00 1.208133E+01
5.040100E+01 1.220307E+00 1.208092E+01
5.050000E+01 1.221348E+00 1.208052E+01
5.059900E+01 1.222386E+00 1.208013E+01
5.069800E+01 1.223422E+00 1.208542E+01
5.079700E+01 1.224456E+00 1.208504E+01
5.089600E+01 1.225489E+00 1.208468E+01
5.099500E+01 1.226519E+00 1.208432E+01
5.109400E+01 1.227548E+00 1.208397E+01
5.119300E+01 1.228575E+00 1.208363E+01
5.129200E+01 1.229599E+00 1.208330E+01
5.139100E+01 1.230622E+00 1.208298E+01
5.149000E+01 1.231643E+00 1.208267E+01
5.158900E+01 1.232662E+00 1.208237E+01
5.168800E+01 1.233680E+00 1.208208E+01
5.178700E+01 1.234695E+00 1.208179E+01
5.188600E+01 1.235708E+00 1.208152E+01
5.198500E+01 1.236720E+00 1.208125E+01
5.208400E+01 1.237730E+00 1.208100E+01
5.218300E+01 1.238738E+00 1.208075E+01
5.228200E+01 1.239744E+00 1.208051E+01
5.238100E+01 1.240748E+00 1.208028E+01
5.248000E+01 1.241750E+00 1.208006E+01
5.257900E+01 1.242751E+00 1.207984E+01
5.267800E+01 1.243749E+00 1.207964E+01
5.277700E+01 1.244746E+00 1.207944E+01
5.287600E+01 1.245741E+00 1.207925E+01
5.297500E+01 1.246734E+00 1.207908E+01
5.307400E+01 1.247726E+00 1.207890E+01
5.317300E+01 1.248715E+00 1.207874E+01
5.327200E+01 1.249703E+00 1.207859E+01
5.337100E+01 1.250689E+00 1.207844E+01
5.347000E+01 1.251674E+00 1.207830E+01
5.356900E+01 1.252656E+00 1.207817E+01
5.366800E+01 1.253637E+00 1.207805E+01
5.376700E+01 1.254616E+00 1.207793E+01
5.386600E+01 1.255593E+00 1.207783E+01
5.396500E+01 1.256568E+00 1.207773E+01
5.406400E+01 1.257542E+00 1.207764E+01
5.416300E+01 1.258514E+00 1.207756E+01
5.426200E+01 1.259484E+00 1.207748E+01
5.436100E+01 1.260452E+00 1.207741E+01
5.446000E+01 1.261419E+00 1.207735E+01
5.455900E+01 1.262384E+00 1.207730E+01
5.465800E+01 1.263347E+00 1.207726E+01
5.475700E+01 1.264309E+00 1.207722E+01
5.485600E+01 1.265268E+00 1.207719E+01
5.495500E+01 1.266226E+00 1.207717E+01
5.505400E+01 1.267183E+00 1.207715E+01
5.515300E+01 1.268138E+00 1.207715E+01
5.525200E+01 1.269090E+00 1.207715E+01
5.535100E+01 1.270042E+00 1.207715E+01
5.545000E+01 1.270991E+00 1.207717E+01
5.554900E+01 1.271939E+00 1.207719E+01
5.564800E+01 1.272886E+00 1.207722E+01
5.574700E+01 1.273830E+00 1.207725E+01
5.584600E+01 1.274773E+00 1.207730E+01
5.594500E+01 1.275714E+00 1.207202E+01
5.604400E+01 1.276654E+00 1.207208E+01
5.614300E+01 1.277592E+00 1.207215E+01
5.624200E+01 1.278528E+00 1.207223E+01
5.634100E+01 1.279463E+00 1.207231E+01
5.644000E+01 1.280396E+00 1.207240E+01
5.653900E+01 1.281327E+00 1.207250E+01
5.663800E+01 1.282257E+00 1.207260E+01
5.673700E+01 1.283185E+00 1.207271E+01
5.683600E+01 1.284111E+00 1.207282E+01
5.693500E+01 1.285036E+00 1.207295E+01
5.703400E+01 1.285959E+00 1.207308E+01
5.713300E+01 1.286881E+00 1.207321E+01
5.723200E+01 1.287801E+00 1.207336E+01
5.733100E+01 1.288720E+00 1.207350E+01
5.743000E+01 1.289636E+00 1.207366E+01
5.752900E+01 1.290552E+00 1.207382E+01
5.762800E+01 1.291465E+00 1.207399E+01
5.772700E+01 1.292377E+00 1.206894E+01
5.782600E+01 1.293288E+00 1.206913E+01
5.792500E+01 1.294197E+00 1.206932E+01
5.802400E+01 1.295104E+00 1.206952E+01
5.812300E+01 1.296010E+00 1.206972E+01
5.822200E+01 1.296914E+00 1.206993E+01
5.832100E+01 1.297817E+00 1.207015E+01
5.842000E+01 1.298718E+00 1.207037E+01
5.851900E+01 1.299618E+00 1.207060E+01
5.861800E+01 1.300516E+00 1.207083E+01
5.871700E+01 1.301412E+00 1.207107E+01
5.881600E+01 1.302307E+00 1.207132E+01
5.891500E+01 1.303201E+00 1.207157E+01
5.901400E+01 1.304093E+00 1.206668E+01
5.911300E+01 1.304983E+00 1.206695E+01
5.921200E+01 1.305872E+00 1.206722E+01
5.931100E+01 1.306759E+00 1.206750E+01
5.941000E+01 1.307645E+00 1.206779E+01
5.950900E+01 1.308530E+00 1.206808E+01
5.960800E+01 1.309412E+00 1.206838E+01
5.970700E+01 1.310294E+00 1.206868E+01
5.980600E+01 1.311174E+00 1.206899E+01
5.990500E+01 1.312052E+00 1.206930E+01
6.000400E+01 1.312929E+00 1.206452E+01
6.010300E+01 1.313804E+00 1.206485E+01
6.020200E+01 1.314678E+00 1.206519E+01
6.030100E+01 1.315551E+00 1.206553E+01
6.040000E+01 1.316422E+00 1.206588E+01
6.049900E+01 1.317291E+00 1.206623E+01
6.059800E+01 1.318159E+00 1.206659E+01
6.069700E+01 1.319026E+00 1.206695E+01
6.079600E+01 1.319891E+00 1.206732E+01
6.089500E+01 1.320755E+00 1.206264E+01
6.099400E+01 1.321617E+00 1.206302E+01
6.109300E+01 1.322478E+00 1.206341E+01
6.119200E+01 1.323337E+00 1.206380E+01
6.129100E+01 1.324195E+00 1.206420E+01
6.139000E+01 1.325052E+00 1.206460E+01
6.148900E+01 1.325907E+00 1.206501E+01
6.158800E+01 1.326760E+00 1.206542E+01
6.168700E+01 1.327613E+00 1.206083E+01
6.178600E+01 1.328463E+00 1.206126E+01
6.188500E+01 1.329313E+00 1.206169E+01
6.198400E+01 1.330161E+00 1.206213E+01
6.208300E+01 1.331007E+00 1.206257E+01
6.218200E+01 1.331853E+00 1.206302E+01
6.228100E+01 1.332696E+00 1.206347E+01
6.238000E+01 1.333539E+00 1.206393E+01
6.247900E+01 1.334380E+00 1.205941E+01
6.257800E+01 1.335219E+00 1.205989E+01
6.267700E+01 1.336058E+00 1.206036E+01
6.277600E+01 1.336895E+00 1.206084E+01
6.287500E+01 1.337730E+00 1.206133E+01
6.297400E+01 1.338564E+00 1.206182E+01
6.307300E+01 1.339397E+00 1.206231E+01
6.317200E+01 1.340228E+00 1.205787E+01
6.327100E+01 1.341058E+00 1.205838E+01
6.337000E+01 1.341887E+00 1.205889E+01
6.346900E+01 1.342714E+00 1.205941E+01
6.356800E+01 1.343540E+00 1.205993E+01
6.366700E+01 1.344365E+00 1.206046E+01
6.376600E+01 1.345188E+00 1.205608E+01
6.386500E+01 1.346010E+00 1.205662E+01
6.396400E+01 1.346831E+00 1.205716E+01
6.406300E+01 1.347650E+00 1.205771E+01
6.416200E+01 1.348468E+00 1.205826E+01
6.426100E+01 1.349284E+00 1.205882E+01
6.436000E+01 1.350100E+00 1.205938E+01
6.445900E+01 1.350913E+00 1.205506E+01
6.455800E+01 1.351726E+00 1.205564E+01
6.465700E+01 1.352537E+00 1.205622E+01
6.475600E+01 1.353347E+00 1.205680E+01
6.485500E+01 1.354156E+00 1.205738E+01
6.495400E+01 1.354963E+00 1.205312E+01
6.505300E+01 1.355770E+00 1.205372E+01
6.515200E+01 1.356574E+00 1.205432E+01
6.525100E+01 1.357378E+00 1.205493E+01
6.535000E+01 1.358180E+00 1.205554E+01
6.544900E+01 1.358981E+00 1.205616E+01
6.554800E+01 1.359781E+00 1.205195E+01
6.564700E+01 1.360579E+00 1.205257E+01
6.574600E+01 1.361376E+00 1.205320E+01
6.584500E+01 1.362172E+00 1.205384E+01
6.594400E+01 1.362966E+00 1.205448E+01
6.604300E+01 1.363759E+00 1.205512E+01
6.614200E+01 1.364551E+00 1.205097E+01
6.624100E+01 1.365342E+00 1.205162E+01
6.634000E+01 1.366132E+00 1.205228E+01
6.643900E+01 1.366920E+00 1.205294E+01
6.653800E+01 1.367707E+00 1.205361E+01
6.663700E+01 1.368492E+00 1.204950E+01
6.673600E+01 1.369277E+00 1.205018E+01
6.683500E+01 1.370060E+00 1.205086E+01
6.693400E+01 1.370842E+00 1.205155E+01
6.703300E+01 1.371623E+00 1.205223E+01
6.713200E+01 1.372402E+00 1.204817E+01
6.723100E+01 1.373181E+00 1.204887E+01
6.733000E+01 1.373958E+00 1.204957E+01
6.742900E+01 1.374733E+00 1.205028E+01
6.752800E+01 1.375508E+00 1.205099E+01
6.762700E+01 1.376281E+00 1.204697E+01
6.772600E+01 1.377053E+00 1.204769E+01
6.782500E+01 1.377824E+00 1.204842E+01
6.792400E+01 1.378594E+00 1.204915E+01
6.802300E+01 1.379363E+00 1.204988E+01
6.812200E+01 1.380130E+00 1.204590E+01
6.822100E+01 1.380896E+00 1.204664E+01
6.832000E+01 1.381661E+00 1.204739E+01
6.841900E+01 1.382425E+00 1.204814E+01
6.851800E+01 1.383187E+00 1.204420E+01
6.861700E+01 1.383948E+00 1.204496E+01
6.871600E+01 1.384709E+00 1.204572E+01
6.881500E+01 1.385468E+00 1.204649E+01
6.891400E+01 1.386225E+00 1.204726E+01
6.901300E+01 1.386982E+00 1.204336E+01
6.911200E+01 1.387737E+00 1.204414E+01
6.921100E+01 1.388492E+00 1.204492E+01
6.931000E+01 1.389245E+00 1.204571E+01
6.940900E+01 1.389997E+00 1.204184E+01
6.950800E+01 1.390747E+00 1.204264E+01
6.960700E+01 1.391497E+00 1.204344E+01
6.970600E+01 1.392245E+00 1.204424E+01
6.980500E+01 1.392993E+00 1.204505E+01
6.990400E+01 1.393739E+00 1.204122E+01
7.000300E+01 1.394484E+00 1.204204E+01
7.010200E+01 1.395227E+00 1.204286E+01
7.020100E+01 1.395970E+00 1.204368E+01
7.030000E+01 1.396712E+00 1.203989E+01
7.039900E+01 1.397452E+00 1.204072E+01
7.049800E+01 1.398191E+00 1.204155E+01
7.059700E+01 1.398929E+00 1.204239E+01
7.069600E+01 1.399666E+00 1.203863E+01
7.079500E+01 1.400402E+00 1.203948E+01
7.089400E+01 1.401137E+00 1.204033E+01
7.099300E+01 1.401871E+00 1.204118E+01
7.109200E+01 1.402603E+00 1.203745E+01
7.119100E+01 1.403334E+00 1.203831E+01
7.129000E+01 1.404065E+00 1.203918E+01
7.138900E+01 1.404794E+00 1.204005E+01
7.148800E+01 1.405522E+00 1.203635E+01
7.158700E+01 1.406249E+00 1.203723E+01
7.168600E+01 1.406975E+00 1.203811E+01
7.178500E+01 1.407699E+00 1.203899E+01
7.188400E+01 1.408423E+00 1.203532E+01
7.198300E+01 1.409145E+00 1.203621E+01
7.208200E+01 1.409867E+00 1.203711E+01
7.218100E+01 1.410587E+00 1.203801E+01
7.228000E+01 1.411306E+00 1.203437E+01
7.237900E+01 1.412024E+00 1.203527E+01
7.247800E+01 1.412742E+00 1.203619E+01
7.257700E+01 1.413457E+00 1.203710E+01
7.267600E+01 1.414172E+00 1.203349E+01
7.277500E+01 1.414886E+00 1.203441E+01
7.287400E+01 1.415599E+00 1.203533E+01
7.297300E+01 1.416311E+00 1.203626E+01
7.307200E+01 1.417021E+00 1.203268E+01
7.317100E+01 1.417731E+00 1.203361E+01
7.327000E+01 1.418439E+00 1.203455E+01
7.336900E+01 1.419147E+00 1.203099E+01
7.346800E+01 1.419853E+00 1.203194E+01
7.356700E+01 1.420558E+00 1.203289E+01
7.366600E+01 1.421263E+00 1.203384E+01
7.376500E+01 1.421966E+00 1.203031E+01
7.386400E+01 1.422668E+00 1.203127E+01
7.396300E+01 1.423369E+00 1.203223E+01
7.406200E+01 1.424069E+00 1.202872E+01
7.416100E+01 1.424768E+00 1.202969E+01
7.426000E+01 1.425466E+00 1.203067E+01
7.435900E+01 1.426163E+00 1.203164E+01
7.445800E+01 1.426859E+00 1.202816E+01
7.455700E+01 1.427554E+00 1.202915E+01
7.465600E+01 1.428247E+00 1.203013E+01
7.475500E+01 1.428940E+00 1.203112E+01
7.485400E+01 1.429632E+00 1.202767E+01
7.495300E+01 1.430323E+00 1.202866E+01
7.505200E+01 1.431012E+00 1.202966E+01
7.515100E+01 1.431701E+00 1.202623E+01
7.525000E+01 1.432389E+00 1.202724E+01
7.534900E+01 1.433075E+00 1.202825E+01
7.544800E+01 1.433761E+00 1.202483E+01
7.554700E+01 1.434446E+00 1.202585E+01
7.564600E+01 1.435129E+00 1.202687E+01
7.574500E+01 1.435812E+00 1.202789E+01
7.584400E+01 1.436494E+00 1.202450E+01
7.594300E+01 1.437174E+00 1.202553E+01
7.604200E+01 1.437854E+00 1.202657E+01
7.614100E+01 1.438532E+00 1.202320E+01
7.624000E+01 1.439210E+00 1.202424E+01
7.633900E+01 1.439887E+00 1.202528E+01
7.643800E+01 1.440562E+00 1.202193E+01
7.653700E+01 1.441237E+00 1.202298E+01
7.663600E+01 1.441911E+00 1.202404E+01
7.673500E+01 1.442583E+00 1.202509E+01
7.683400E+01 1.443255E+00 1.202177E+01
7.693300E+01 1.443926E+00 1.202283E+01
7.703200E+01 1.444596E+00 1.202389E+01
7.713100E+01 1.445264E+00 1.202059E+01
7.723000E+01 1.445932E+00 1.202166E+01
7.732900E+01 1.446599E+00 1.202273E+01
7.742800E+01 1.447265E+00 1.201945E+01
7.752700E+01 1.447930E+00 1.202053E+01
7.762600E+01 1.448594E+00 1.202161E+01
7.772500E+01 1.449257E+00 1.201835E+01
7.782400E+01 1.449919E+00 1.201944E+01
7.792300E+01 1.450580E+00 1.202053E+01
7.802200E+01 1.451240E+00 1.201728E+01
7.812100E+01 1.451899E+00 1.201838E+01
7.822000E+01 1.452557E+00 1.201948E+01
7.831900E+01 1.453214E+00 1.201626E+01
7.841800E+01 1.453871E+00 1.201736E+01
7.851700E+01 1.454526E+00 1.201847E+01
7.861600E+01 1.455180E+00 1.201527E+01
7.871500E+01 1.455834E+00 1.201638E+01
7.881400E+01 1.456486E+00 1.201750E+01
7.891300E+01 1.457138E+00 1.201431E+01
7.901200E+01 1.457789E+00 1.201544E+01
7.911100E+01 1.458438E+00 1.201656E+01
7.921000E+01 1.459087E+00 1.201339E+01
7.930900E+01 1.459735E+00 1.201452E+01
7.940800E+01 1.460382E+00 1.201566E+01
7.950700E+01 1.461028E+00 1.201251E+01
7.960600E+01 1.461673E+00 1.201365E+01
7.970500E+01 1.462317E+00 1.201479E+01
7.980400E+01 1.462960E+00 1.201166E+01
7.990300E+01 1.463603E+00 1.201281E+01
8.000200E+01 1.464244E+00 1.201396E+01
8.010100E+01 1.464885E+00 1.201084E+01
8.020000E+01 1.465524E+00 1.201200E+01
8.029900E+01 1.466163E+00 1.201316E+01
8.039800E+01 1.466801E+00 1.201006E+01
8.049700E+01 1.467438E+00 1.201123E+01
8.059600E+01 1.468074E+00 1.201240E+01
8.069500E+01 1.468709E+00 1.200932E+01
8.079400E+01 1.469343E+00 1.201049E+01
8.089300E+01 1.469976E+00 1.201167E+01
8.099200E+01 1.470609E+00 1.200860E+01
8.109100E+01 1.471240E+00 1.200978E+01
8.119000E+01 1.471871E+00 1.201097E+01
8.128900E+01 1.472500E+00 1.200792E+01
8.138800E+01 1.473129E+00 1.200911E+01
8.148700E+01 1.473757E+00 1.201030E+01
8.158600E+01 1.474384E+00 1.200727E+01
8.168500E+01 1.475010E+00 1.200847E+01
8.178400E+01 1.475636E+00 1.200545E+01
8.188300E+01 1.476260E+00 1.200666E+01
8.198200E+01 1.476884E+00 1.200786E+01
8.208100E+01 1.477506E+00 1.200486E+01
8.218000E+01 1.478128E+00 1.200607E+01
8.227900E+01 1.478749E+00 1.200728E+01
8.237800E+01 1.479369E+00 1.200430E+01
8.247700E+01 1.479988E+00 1.200552E+01
8.257600E+01 1.480606E+00 1.200674E+01
8.267500E+01 1.481224E+00 1.200377E+01
8.277400E+01 1.481840E+00 1.200500E+01
8.287300E+01 1.482456E+00 1.200204E+01
8.297200E+01 1.483071E+00 1.200327E+01
8.307100E+01 1.483685E+00 1.200450E+01
8.317000E+01 1.484298E+00 1.200156E+01
8.326900E+01 1.484911E+00 1.200280E+01
8.336800E+01 1.485522E+00 1.200404E+01
8.346700E+01 1.486133E+00 1.200112E+01
8.356600E+01 1.486742E+00 1.200237E+01
8.366500E+01 1.487351E+00 1.199945E+01
8.376400E+01 1.487959E+00 1.200070E+01
8.386300E+01 1.488567E+00 1.200196E+01
8.396200E+01 1.489173E+00 1.199906E+01
8.406100E+01 1.489779E+00 1.200032E+01
8.416000E+01 1.490383E+00 1.200158E+01
8.425900E+01 1.490987E+00 1.199870E+01
8.435800E+01 1.491590E+00 1.199996E+01
8.445700E+01 1.492192E+00 1.199709E+01
8.455600E+01 1.492794E+00 1.199836E+01
8.465500E+01 1.493394E+00 1.199964E+01
8.475400E+01 1.493994E+00 1.199678E+01
8.485300E+01 1.494593E+00 1.199806E+01
8.495200E+01 1.495191E+00 1.199522E+01
8.505100E+01 1.495788E+00 1.199650E+01
8.515000E+01 1.496385E+00 1.199778E+01
8.524900E+01 1.496981E+00 1.199495E+01
8.534800E+01 1.497575E+00 1.199624E+01
8.544700E+01 1.498169E+00 1.199343E+01
8.554600E+01 1.498763E+00 1.199472E+01
8.564500E+01 1.499355E+00 1.199601E+01
8.574400E+01 1.499946E+00 1.199321E+01
8.584300E+01 1.500537E+00 1.199451E+01
8.594200E+01 1.501127E+00 1.199172E+01
8.604100E+01 1.501716E+00 1.199303E+01
8.614000E+01 1.502305E+00 1.199433E+01
8.623900E+01 1.502892E+00 1.199156E+01
8.633800E+01 1.503479E+00 1.199287E+01
8.643700E+01 1.504065E+00 1.199010E+01
8.653600E+01 1.504650E+00 1.199142E+01
8.663500E+01 1.505234E+00 1.199274E+01
8.673400E+01 1.505818E+00 1.198999E+01
8.683300E+01 1.506401E+00 1.199131E+01
8.693200E+01 1.506983E+00 1.198857E+01
8.703100E+01 1.507564E+00 1.198990E+01
8.713000E+01 1.508144E+00 1.199122E+01
8.722900E+01 1.508724E+00 1.198850E+01
8.732800E+01 1.509303E+00 1.198983E+01
8.742700E+01 1.509881E+00 1.198712E+01
8.752600E+01 1.510458E+00 1.198845E+01
8.762500E+01 1.511035E+00 1.198979E+01
8.772400E+01 1.511610E+00 1.198709E+01
8.782300E+01 1.512185E+00 1.198843E+01
8.792200E+01 1.512760E+00 1.198574E+01
8.802100E+01 1.513333E+00 1.198709E+01
8.812000E+01 1.513906E+00 1.198844E+01
8.821900E+01 1.514477E+00 1.198576E+01
8.831800E+01 1.515049E+00 1.198712E+01
8.841700E+01 1.515619E+00 1.198445E+01
8.851600E+01 1.516188E+00 1.198581E+01
8.861500E+01 1.516757E+00 1.198315E+01
8.871400E+01 1.517325E+00 1.198451E+01
8.881300E+01 1.517893E+00 1.198588E+01
8.891200E+01 1.518459E+00 1.198323E+01
8.901100E+01 1.519025E+00 1.198460E+01
8.911000E+01 1.519590E+00 1.198197E+01
8.920900E+01 1.520154E+00 1.198334E+01
8.930800E+01 1.520718E+00 1.198072E+01
8.940700E+01 1.521280E+00 1.198210E+01
8.950600E+01 1.521842E+00 1.198347E+01
8.960500E+01 1.522404E+00 1.198086E+01
8.970400E+01 1.522964E+00 1.198225E+01
8.980300E+01 1.523524E+00 1.197964E+01
8.990200E+01 1.524083E+00 1.198103E+01
9.000100E+01 1.524641E+00 1.197844E+01
9.010000E+01 1.525199E+00 1.197983E+01
9.019900E+01 1.525756E+00 1.198122E+01
9.029800E+01 1.526312E+00 1.197865E+01
9.039700E+01 1.526867E+00 1.198004E+01
9.049600E+01 1.527422E+00 1.197747E+01
9.059500E+01 1.527975E+00 1.197887E+01
9.069400E+01 1.528529E+00 1.197631E+01
9.079300E+01 1.529081E+00 1.197772E+01
9.089200E+01 1.529633E+00 1.197517E+01
9.099100E+01 1.530184E+00 1.197658E+01
9.109000E+01 1.530734E+00 1.197799E+01
9.118900E+01 1.531283E+00 1.197545E+01
9.128800E+01 1.531832E+00 1.197686E+01
9.138700E+01 1.532380E+00 1.197434E+01
9.148600E+01 1.532928E+00 1.197575E+01
9.158500E+01 1.533474E+00 1.197323E+01
9.168400E+01 1.534020E+00 1.197466E+01
9.178300E+01 1.534565E+00 1.197215E+01
9.188200E+01 1.535110E+00 1.197357E+01
9.198100E+01 1.535653E+00 1.197500E+01
9.208000E+01 1.536197E+00 1.197250E+01
9.217900E+01 1.536739E+00 1.197393E+01
9.227800E+01 1.537280E+00 1.197144E+01
9.237700E+01 1.537821E+00 1.197288E+01
9.247600E+01 1.538362E+00 1.197040E+01
9.257500E+01 1.538901E+00 1.197184E+01
9.267400E+01 1.539440E+00 1.196937E+01
9.277300E+01 1.539978E+00 1.197081E+01
9.287200E+01 1.540515E+00 1.196835E+01
9.297100E+01 1.541052E+00 1.196979E+01
9.307000E+01 1.541588E+00 1.197124E+01
9.316900E+01 1.542123E+00 1.196879E+01
9.326800E+01 1.542658E+00 1.197024E+01
9.336700E+01 1.543192E+00 1.196780E+01
9.346600E+01 1.543725E+00 1.196926E+01
9.356500E+01 1.544258E+00 1.196682E+01
9.366400E+01 1.544790E+00 1.196828E+01
9.376300E+01 1.545321E+00 1.196586E+01
9.386200E+01 1.545851E+00 1.196732E+01
9.396100E+01 1.546381E+00 1.196491E+01
9.406000E+01 1.546910E+00 1.196637E+01
9.415900E+01 1.547438E+00 1.196396E+01
9.425800E+01 1.547966E+00 1.196543E+01
9.435700E+01 1.548493E+00 1.196691E+01
9.445600E+01 1.549020E+00 1.196451E+01
9.455500E+01 1.549545E+00 1.196598E+01
9.465400E+01 1.550070E+00 1.196360E+01
9.475300E+01 1.550595E+00 1.196507E+01
9.485200E+01 1.551118E+00 1.196269E+01
9.495100E+01 1.551641E+00 1.196418E+01
9.505000E+01 1.552164E+00 1.196181E+01
9.514900E+01 1.552685E+00 1.196329E+01
9.524800E+01 1.553206E+00 1.196093E+01
9.534700E+01 1.553727E+00 1.196242E+01
9.544600E+01 1.554246E+00 1.196006E+01
9.554500E+01 1.554765E+00 1.196155E+01
9.564400E+01 1.555284E+00 1.195921E+01
9.574300E+01 1.555801E+00 1.196070E+01
9.584200E+01 1.556318E+00 1.195837E+01
9.594100E+01 1.556834E+00 1.195986E+01
9.604000E+01 1.557350E+00 1.195753E+01
9.613900E+01 1.557865E+00 1.195904E+01
9.623800E+01 1.558380E+00 1.195672E+01
9.633700E+01 1.558893E+00 1.195822E+01
9.643600E+01 1.559406E+00 1.195973E+01
9.653500E+01 1.559919E+00 1.195742E+01
9.663400E+01 1.560430E+00 1.195893E+01
9.673300E+01 1.560942E+00 1.195662E+01
9.683200E+01 1.561452E+00 1.195814E+01
9.693100E+01 1.561962E+00 1.195584E+01
9.703000E+01 1.562471E+00 1.195736E+01
9.712900E+01 1.562979E+00 1.195507E+01
9.722800E+01 1.563487E+00 1.195659E+01
9.732700E+01 1.563995E+00 1.195431E+01
9.742600E+01 1.564501E+00 1.195583E+01
9.752500E+01 1.565007E+00 1.195356E+01
9.762400E+01 1.565512E+00 1.195509E+01
9.772300E+01 1.566017E+00 1.195282E+01
9.782200E+01 1.566521E+00 1.195435E+01
9.792100E+01 1.567024E+00 1.195209E+01
9.802000E+01 1.567527E+00 1.195363E+01
9.811900E+01 1.568029E+00 1.195138E+01
9.821800E+01 1.568531E+00 1.195291E+01
9.831700E+01 1.569032E+00 1.195067E+01
9.841600E+01 1.569532E+00 1.195221E+01
9.851500E+01 1.570031E+00 1.194998E+01
9.861400E+01 1.570530E+00 1.195152E+01
9.871300E+01 1.571029E+00 1.194929E+01
9.881200E+01 1.571527E+00 1.195084E+01
9.891100E+01 1.572024E+00 1.194862E+01
9.901000E+01 1.572520E+00 1.195017E+01
9.910900E+01 1.573016E+00 1.194796E+01
9.920800E+01 1.573511E+00 1.194951E+01
9.930700E+01 1.574006E+00 1.194730E+01
9.940600E+01 1.574500E+00 1.194886E+01
9.950500E+01 1.574993E+00 1.194666E+01
9.960400E+01 1.575486E+00 1.194822E+01
9.970300E+01 1.575978E+00 1.194603E+01
9.980200E+01 1.576470E+00 1.194759E+01
9.990100E+01 1.576960E+00 1.194541E+01
