1.000000E+00 NAN NAN
1.099000E+00 NAN 2.430078E+01
1.198000E+00 1.238392E-01 2.050039E+01
1.297000E+00 1.293568E-01 1.817143E+01
1.396000E+00 1.348515E-01 1.749593E+01
1.495000E+00 1.403133E-01 1.695785E+01
1.594000E+00 1.457368E-01 1.652353E+01
1.693000E+00 1.511184E-01 1.605624E+01
1.792000E+00 1.564559E-01 1.566933E+01
1.891000E+00 1.617479E-01 1.534599E+01
1.990000E+00 1.669936E-01 1.507372E+01
2.089000E+00 1.721926E-01 1.484311E+01
2.188000E+00 1.773448E-01 1.464688E+01
2.287000E+00 1.824505E-01 1.447934E+01
2.386000E+00 1.875100E-01 1.426496E+01
2.485000E+00 1.925239E-01 1.414527E+01
2.584000E+00 1.974927E-01 1.397832E+01
2.683000E+00 2.024171E-01 1.383169E+01
2.782000E+00 2.072979E-01 1.376145E+01
2.881000E+00 2.121357E-01 1.364515E+01
2.980000E+00 2.169314E-01 1.354235E+01
3.079000E+00 2.216857E-01 1.345139E+01
3.178000E+00 2.263993E-01 1.337087E+01
3.277000E+00 2.310730E-01 1.329961E+01
3.376000E+00 2.357076E-01 1.318905E+01
3.475000E+00 2.403038E-01 1.313474E+01
3.574000E+00 2.448624E-01 1.308693E+01
3.673000E+00 2.493840E-01 1.300149E+01
3.772000E+00 2.538693E-01 1.296586E+01
3.871000E+00 2.583191E-01 1.289378E+01
3.970000E+00 2.627340E-01 1.286804E+01
4.069000E+00 2.671146E-01 1.280699E+01
4.168000E+00 2.714616E-01 1.278938E+01
4.267000E+00 2.757756E-01 1.273751E+01
4.366000E+00 2.800572E-01 1.269013E+01
4.465000E+00 2.843069E-01 1.264685E+01
4.564000E+00 2.885253E-01 1.264223E+01
4.663000E+00 2.927130E-01 1.260544E+01
4.762000E+00 2.968705E-01 1.257189E+01
4.861000E+00 3.009984E-01 1.254133E+01
4.960000E+00 3.050971E-01 1.251353E+01
5.059000E+00 3.091671E-01 1.248830E+01
5.158000E+00 3.132088E-01 1.246546E+01
5.257000E+00 3.172229E-01 1.244483E+01
5.356000E+00 3.212097E-01 1.242626E+01
5.455000E+00 3.251696E-01 1.240961E+01
5.554000E+00 3.291030E-01 1.236570E+01
5.653000E+00 3.330105E-01 1.235297E+01
5.752000E+00 3.368924E-01 1.234179E+01
5.851000E+00 3.407491E-01 1.233208E+01
5.950000E+00 3.445809E-01 1.229640E+01
6.049000E+00 3.483883E-01 1.228970E+01
6.148000E+00 3.521716E-01 1.228420E+01
6.247000E+00 3.559312E-01 1.225364E+01
6.346000E+00 3.596674E-01 1.225064E+01
6.445000E+00 3.633805E-01 1.222317E+01
6.544000E+00 3.670709E-01 1.222238E+01
6.643000E+00 3.707389E-01 1.219767E+01
6.742000E+00 3.743848E-01 1.219885E+01
6.841000E+00 3.780090E-01 1.217662E+01
6.940000E+00 3.816117E-01 1.217955E+01
7.039000E+00 3.851931E-01 1.215955E+01
7.138000E+00 3.887536E-01 1.216405E+01
7.237000E+00 3.922935E-01 1.214606E+01
7.336000E+00 3.958131E-01 1.212917E+01
7.435000E+00 3.993125E-01 1.213581E+01
7.534000E+00 4.027921E-01 1.212065E+01
7.633000E+00 4.062520E-01 1.210643E+01
7.732000E+00 4.096927E-01 1.209310E+01
7.831000E+00 4.131143E-01 1.210218E+01
7.930000E+00 4.165171E-01 1.209028E+01
8.029000E+00 4.199012E-01 1.207917E+01
8.128000E+00 4.232669E-01 1.206880E+01
8.227000E+00 4.266145E-01 1.205915E+01
8.326000E+00 4.299441E-01 1.207069E+01
8.425000E+00 4.332559E-01 1.206216E+01
8.524000E+00 4.365502E-01 1.205428E+01
8.623000E+00 4.398271E-01 1.204699E+01
8.722000E+00 4.430869E-01 1.204029E+01
8.821000E+00 4.463298E-01 1.203414E+01
8.920000E+00 4.495559E-01 1.202852E+01
9.019000E+00 4.527655E-01 1.202341E+01
9.118000E+00 4.559588E-01 1.201879E+01
9.217000E+00 4.591358E-01 1.201465E+01
9.316000E+00 4.622969E-01 1.201095E+01
9.415000E+00 4.654421E-01 1.200769E+01
9.514000E+00 4.685717E-01 1.200485E+01
9.613000E+00 4.716858E-01 1.200241E+01
9.712000E+00 4.747846E-01 1.200036E+01
9.811000E+00 4.778682E-01 1.199868E+01
9.910000E+00 4.809368E-01 1.199736E+01
1.000900E+01 4.839905E-01 1.197867E+01
1.010800E+01 4.870295E-01 1.197816E+01
1.020700E+01 4.900540E-01 1.197797E+01
1.030600E+01 4.930641E-01 1.197808E+01
1.040500E+01 4.960600E-01 1.197849E+01
1.050400E+01 4.990417E-01 1.197919E+01
1.060300E+01 5.020095E-01 1.196322E+01
1.070200E+01 5.049635E-01 1.196457E+01
1.080100E+01 5.079038E-01 1.196617E+01
1.090000E+01 5.108305E-01 1.196803E+01
1.099900E+01 5.137438E-01 1.195364E+01
1.109800E+01 5.166438E-01 1.195607E+01
1.119700E+01 5.195307E-01 1.195871E+01
1.129600E+01 5.224044E-01 1.194543E+01
1.139500E+01 5.252653E-01 1.194859E+01
1.149400E+01 5.281134E-01 1.195195E+01
1.159300E+01 5.309488E-01 1.193968E+01
1.169200E+01 5.337716E-01 1.194351E+01
1.179100E+01 5.365820E-01 1.194751E+01
1.189000E+01 5.393800E-01 1.193617E+01
1.198900E+01 5.421658E-01 1.194059E+01
1.208800E+01 5.449395E-01 1.192986E+01
1.218700E+01 5.477013E-01 1.193468E+01
1.228600E+01 5.504511E-01 1.193966E+01
1.238500E+01 5.531891E-01 1.192972E+01
1.248400E+01 5.559155E-01 1.193506E+01
1.258300E+01 5.586302E-01 1.192565E+01
1.268200E+01 5.613335E-01 1.193133E+01
1.278100E+01 5.640254E-01 1.192242E+01
1.288000E+01 5.667059E-01 1.192842E+01
1.297900E+01 5.693753E-01 1.192000E+01
1.307800E+01 5.720336E-01 1.192629E+01
1.317700E+01 5.746809E-01 1.191832E+01
1.327600E+01 5.773173E-01 1.192490E+01
1.337500E+01 5.799429E-01 1.191735E+01
1.347400E+01 5.825577E-01 1.192420E+01
1.357300E+01 5.851619E-01 1.191706E+01
1.367200E+01 5.877556E-01 1.191017E+01
1.377100E+01 5.903388E-01 1.191741E+01
1.387000E+01 5.929116E-01 1.191089E+01
1.396900E+01 5.954741E-01 1.191836E+01
1.406800E+01 5.980264E-01 1.191220E+01
1.416700E+01 6.005686E-01 1.190626E+01
1.426600E+01 6.031007E-01 1.191407E+01
1.436500E+01 6.056228E-01 1.190846E+01
1.446400E+01 6.081350E-01 1.191647E+01
1.456300E+01 6.106374E-01 1.191118E+01
1.466200E+01 6.131301E-01 1.190608E+01
1.476100E+01 6.156131E-01 1.191438E+01
1.486000E+01 6.180865E-01 1.190957E+01
1.495900E+01 6.205504E-01 1.190495E+01
1.505800E+01 6.230048E-01 1.190049E+01
1.515700E+01 6.254499E-01 1.190917E+01
1.525600E+01 6.278857E-01 1.190498E+01
1.535500E+01 6.303122E-01 1.190096E+01
1.545400E+01 6.327296E-01 1.190988E+01
1.555300E+01 6.351378E-01 1.190611E+01
1.565200E+01 6.375371E-01 1.190248E+01
1.575100E+01 6.399273E-01 1.189901E+01
1.585000E+01 6.423087E-01 1.190824E+01
1.594900E+01 6.446812E-01 1.190499E+01
1.604800E+01 6.470450E-01 1.190189E+01
1.614700E+01 6.494001E-01 1.189892E+01
1.624600E+01 6.517465E-01 1.189608E+01
1.634500E+01 6.540844E-01 1.190567E+01
1.644400E+01 6.564137E-01 1.190303E+01
1.654300E+01 6.587346E-01 1.190053E+01
1.664200E+01 6.610470E-01 1.189814E+01
1.674100E+01 6.633512E-01 1.189588E+01
1.684000E+01 6.656471E-01 1.189374E+01
1.693900E+01 6.679347E-01 1.190368E+01
1.703800E+01 6.702142E-01 1.190172E+01
1.713700E+01 6.724856E-01 1.189986E+01
1.723600E+01 6.747489E-01 1.189811E+01
1.733500E+01 6.770042E-01 1.189647E+01
1.743400E+01 6.792515E-01 1.189494E+01
1.753300E+01 6.814910E-01 1.189351E+01
1.763200E+01 6.837226E-01 1.189218E+01
1.773100E+01 6.859465E-01 1.189094E+01
1.783000E+01 6.881626E-01 1.190136E+01
1.792900E+01 6.903710E-01 1.190027E+01
1.802800E+01 6.925718E-01 1.189927E+01
1.812700E+01 6.947651E-01 1.189837E+01
1.822600E+01 6.969507E-01 1.189756E+01
1.832500E+01 6.991289E-01 1.189683E+01
1.842400E+01 7.012997E-01 1.189619E+01
1.852300E+01 7.034631E-01 1.189563E+01
1.862200E+01 7.056192E-01 1.189516E+01
1.872100E+01 7.077679E-01 1.189477E+01
1.882000E+01 7.099094E-01 1.189446E+01
1.891900E+01 7.120438E-01 1.189423E+01
1.901800E+01 7.141709E-01 1.189407E+01
1.911700E+01 7.162910E-01 1.189399E+01
1.921600E+01 7.184040E-01 1.189398E+01
1.931500E+01 7.205100E-01 1.189405E+01
1.941400E+01 7.226090E-01 1.189418E+01
1.951300E+01 7.247010E-01 1.189439E+01
1.961200E+01 7.267862E-01 1.189467E+01
1.971100E+01 7.288646E-01 1.189501E+01
1.981000E+01 7.309361E-01 1.189542E+01
1.990900E+01 7.330009E-01 1.189589E+01
2.000800E+01 7.350590E-01 1.189643E+01
2.010700E+01 7.371104E-01 1.189703E+01
2.020600E+01 7.391552E-01 1.189769E+01
2.030500E+01 7.411934E-01 1.189841E+01
2.040400E+01 7.432250E-01 1.188868E+01
2.050300E+01 7.452501E-01 1.188955E+01
2.060200E+01 7.472687E-01 1.189049E+01
2.070100E+01 7.492809E-01 1.189147E+01
2.080000E+01 7.512867E-01 1.189251E+01
2.089900E+01 7.532861E-01 1.189361E+01
2.099800E+01 7.552792E-01 1.189476E+01
2.109700E+01 7.572660E-01 1.189596E+01
2.119600E+01 7.592465E-01 1.189721E+01
2.129500E+01 7.612209E-01 1.188831E+01
2.139400E+01 7.631890E-01 1.188969E+01
2.149300E+01 7.651510E-01 1.189112E+01
2.159200E+01 7.671069E-01 1.189260E+01
2.169100E+01 7.690568E-01 1.189413E+01
2.179000E+01 7.710006E-01 1.189570E+01
2.188900E+01 7.729384E-01 1.189732E+01
2.198800E+01 7.748702E-01 1.188899E+01
2.208700E+01 7.767961E-01 1.189073E+01
2.218600E+01 7.787161E-01 1.189250E+01
2.228500E+01 7.806302E-01 1.189432E+01
2.238400E+01 7.825385E-01 1.189619E+01
2.248300E+01 7.844410E-01 1.188825E+01
2.258200E+01 7.863378E-01 1.189022E+01
2.268100E+01 7.882288E-01 1.189223E+01
2.278000E+01 7.901140E-01 1.189428E+01
2.287900E+01 7.919937E-01 1.189636E+01
2.297800E+01 7.938676E-01 1.188879E+01
2.307700E+01 7.957360E-01 1.189098E+01
2.317600E+01 7.975988E-01 1.189320E+01
2.327500E+01 7.994560E-01 1.189546E+01
2.337400E+01 8.013077E-01 1.189775E+01
2.347300E+01 8.031539E-01 1.189052E+01
2.357200E+01 8.049947E-01 1.189291E+01
2.367100E+01 8.068300E-01 1.189532E+01
2.377000E+01 8.086600E-01 1.189777E+01
2.386900E+01 8.104845E-01 1.189081E+01
2.396800E+01 8.123037E-01 1.189335E+01
2.406700E+01 8.141176E-01 1.189592E+01
2.416600E+01 8.159262E-01 1.188915E+01
2.426500E+01 8.177296E-01 1.189180E+01
2.436400E+01 8.195277E-01 1.189448E+01
2.446300E+01 8.213206E-01 1.189719E+01
2.456200E+01 8.231083E-01 1.189067E+01
2.466100E+01 8.248909E-01 1.189345E+01
2.476000E+01 8.266684E-01 1.189627E+01
2.485900E+01 8.284408E-01 1.188992E+01
2.495800E+01 8.302081E-01 1.189282E+01
2.505700E+01 8.319703E-01 1.189573E+01
2.515600E+01 8.337276E-01 1.188956E+01
2.525500E+01 8.354798E-01 1.189255E+01
2.535400E+01 8.372271E-01 1.189556E+01
2.545300E+01 8.389694E-01 1.188956E+01
2.555200E+01 8.407069E-01 1.189264E+01
2.565100E+01 8.424394E-01 1.189575E+01
2.575000E+01 8.441671E-01 1.188990E+01
2.584900E+01 8.458899E-01 1.189307E+01
2.594800E+01 8.476079E-01 1.189627E+01
2.604700E+01 8.493211E-01 1.189058E+01
2.614600E+01 8.510296E-01 1.189384E+01
2.624500E+01 8.527333E-01 1.189712E+01
2.634400E+01 8.544323E-01 1.189158E+01
2.644300E+01 8.561265E-01 1.189492E+01
2.654200E+01 8.578161E-01 1.188948E+01
2.664100E+01 8.595011E-01 1.189288E+01
2.674000E+01 8.611814E-01 1.189630E+01
2.683900E+01 8.628571E-01 1.189101E+01
2.693800E+01 8.645283E-01 1.189448E+01
2.703700E+01 8.661948E-01 1.189797E+01
2.713600E+01 8.678569E-01 1.189282E+01
2.723500E+01 8.695144E-01 1.189636E+01
2.733400E+01 8.711674E-01 1.189130E+01
2.743300E+01 8.728159E-01 1.189490E+01
2.753200E+01 8.744600E-01 1.188994E+01
2.763100E+01 8.760997E-01 1.189359E+01
2.773000E+01 8.777349E-01 1.189725E+01
2.782900E+01 8.793658E-01 1.189241E+01
2.792800E+01 8.809923E-01 1.189613E+01
2.802700E+01 8.826144E-01 1.189138E+01
2.812600E+01 8.842322E-01 1.189514E+01
2.822500E+01 8.858458E-01 1.189048E+01
2.832400E+01 8.874550E-01 1.189429E+01
2.842300E+01 8.890599E-01 1.188971E+01
2.852200E+01 8.906607E-01 1.189356E+01
2.862100E+01 8.922572E-01 1.189743E+01
2.872000E+01 8.938494E-01 1.189296E+01
2.881900E+01 8.954375E-01 1.189687E+01
2.891800E+01 8.970214E-01 1.189249E+01
2.901700E+01 8.986012E-01 1.189644E+01
2.911600E+01 9.001768E-01 1.189214E+01
2.921500E+01 9.017484E-01 1.189613E+01
2.931400E+01 9.033158E-01 1.189191E+01
2.941300E+01 9.048792E-01 1.189594E+01
2.951200E+01 9.064385E-01 1.189179E+01
2.961100E+01 9.079938E-01 1.189586E+01
2.971000E+01 9.095450E-01 1.189178E+01
2.980900E+01 9.110923E-01 1.189589E+01
2.990800E+01 9.126356E-01 1.189189E+01
3.000700E+01 9.141749E-01 1.189603E+01
3.010600E+01 9.157102E-01 1.189210E+01
3.020500E+01 9.172417E-01 1.189628E+01
3.030400E+01 9.187692E-01 1.189241E+01
3.040300E+01 9.202929E-01 1.189663E+01
3.050200E+01 9.218126E-01 1.189283E+01
3.060100E+01 9.233286E-01 1.189708E+01
3.070000E+01 9.248406E-01 1.189335E+01
3.079900E+01 9.263489E-01 1.189764E+01
3.089800E+01 9.278533E-01 1.189397E+01
3.099700E+01 9.293540E-01 1.189035E+01
3.109600E+01 9.308508E-01 1.189469E+01
3.119500E+01 9.323439E-01 1.189113E+01
3.129400E+01 9.338333E-01 1.189549E+01
3.139300E+01 9.353190E-01 1.189200E+01
3.149200E+01 9.368009E-01 1.189639E+01
3.159100E+01 9.382791E-01 1.189296E+01
3.169000E+01 9.397537E-01 1.189738E+01
3.178900E+01 9.412246E-01 1.189401E+01
3.188800E+01 9.426919E-01 1.189067E+01
3.198700E+01 9.441555E-01 1.189515E+01
3.208600E+01 9.456155E-01 1.189187E+01
3.218500E+01 9.470719E-01 1.189637E+01
3.228400E+01 9.485248E-01 1.189314E+01
3.238300E+01 9.499740E-01 1.188996E+01
3.248200E+01 9.514198E-01 1.189450E+01
3.258100E+01 9.528619E-01 1.189137E+01
3.268000E+01 9.543006E-01 1.189594E+01
3.277900E+01 9.557357E-01 1.189287E+01
3.287800E+01 9.571674E-01 1.188983E+01
3.297700E+01 9.585956E-01 1.189444E+01
3.307600E+01 9.600203E-01 1.189145E+01
3.317500E+01 9.614416E-01 1.189608E+01
3.327400E+01 9.628594E-01 1.189315E+01
3.337300E+01 9.642738E-01 1.189025E+01
3.347200E+01 9.656848E-01 1.189492E+01
3.357100E+01 9.670924E-01 1.189207E+01
3.367000E+01 9.684967E-01 1.188925E+01
3.376900E+01 9.698976E-01 1.189396E+01
3.386800E+01 9.712951E-01 1.189119E+01
3.396700E+01 9.726893E-01 1.189592E+01
3.406600E+01 9.740801E-01 1.189319E+01
3.416500E+01 9.754677E-01 1.189050E+01
3.426400E+01 9.768519E-01 1.189527E+01
3.436300E+01 9.782329E-01 1.189262E+01
3.446200E+01 9.796106E-01 1.189001E+01
3.456100E+01 9.809851E-01 1.189481E+01
3.466000E+01 9.823563E-01 1.189224E+01
3.475900E+01 9.837242E-01 1.188970E+01
3.485800E+01 9.850890E-01 1.189453E+01
3.495700E+01 9.864506E-01 1.189203E+01
3.505600E+01 9.878089E-01 1.188957E+01
3.515500E+01 9.891641E-01 1.189443E+01
3.525400E+01 9.905161E-01 1.189201E+01
3.535300E+01 9.918650E-01 1.188961E+01
3.545200E+01 9.932107E-01 1.189451E+01
3.555100E+01 9.945533E-01 1.189215E+01
3.565000E+01 9.958928E-01 1.188982E+01
3.574900E+01 9.972292E-01 1.189475E+01
3.584800E+01 9.985625E-01 1.189246E+01
3.594700E+01 9.998927E-01 1.189020E+01
3.604600E+01 1.001220E+00 1.188796E+01
3.614500E+01 1.002544E+00 1.189293E+01
3.624400E+01 1.003865E+00 1.189073E+01
3.634300E+01 1.005183E+00 1.188856E+01
3.644200E+01 1.006498E+00 1.189355E+01
3.654100E+01 1.007810E+00 1.189142E+01
3.664000E+01 1.009119E+00 1.188931E+01
3.673900E+01 1.010425E+00 1.188723E+01
3.683800E+01 1.011728E+00 1.189226E+01
3.693700E+01 1.013028E+00 1.189022E+01
3.703600E+01 1.014325E+00 1.188819E+01
3.713500E+01 1.015620E+00 1.189325E+01
3.723400E+01 1.016911E+00 1.189126E+01
3.733300E+01 1.018199E+00 1.188930E+01
3.743200E+01 1.019485E+00 1.188736E+01
3.753100E+01 1.020767E+00 1.189245E+01
3.763000E+01 1.022047E+00 1.189054E+01
3.772900E+01 1.023324E+00 1.188866E+01
3.782800E+01 1.024598E+00 1.188681E+01
3.792700E+01 1.025869E+00 1.189193E+01
3.802600E+01 1.027137E+00 1.189010E+01
3.812500E+01 1.028402E+00 1.188830E+01
3.822400E+01 1.029665E+00 1.188652E+01
3.832300E+01 1.030925E+00 1.189167E+01
3.842200E+01 1.032182E+00 1.188992E+01
3.852100E+01 1.033436E+00 1.188819E+01
3.862000E+01 1.034688E+00 1.188649E+01
3.871900E+01 1.035936E+00 1.189167E+01
3.881800E+01 1.037182E+00 1.188999E+01
3.891700E+01 1.038425E+00 1.188834E+01
3.901600E+01 1.039666E+00 1.188670E+01
3.911500E+01 1.040903E+00 1.188509E+01
3.921400E+01 1.042138E+00 1.189031E+01
3.931300E+01 1.043371E+00 1.188872E+01
3.941200E+01 1.044600E+00 1.188716E+01
3.951100E+01 1.045827E+00 1.188562E+01
3.961000E+01 1.047052E+00 1.188410E+01
3.970900E+01 1.048273E+00 1.188934E+01
3.980800E+01 1.049492E+00 1.188785E+01
3.990700E+01 1.050708E+00 1.188637E+01
4.000600E+01 1.051922E+00 1.188492E+01
4.010500E+01 1.053133E+00 1.188348E+01
4.020400E+01 1.054341E+00 1.188876E+01
4.030300E+01 1.055547E+00 1.188735E+01
4.040200E+01 1.056750E+00 1.188596E+01
4.050100E+01 1.057951E+00 1.188459E+01
4.060000E+01 1.059149E+00 1.188324E+01
4.069900E+01 1.060344E+00 1.188855E+01
4.079800E+01 1.061537E+00 1.188722E+01
4.089700E+01 1.062728E+00 1.188591E+01
4.099600E+01 1.063915E+00 1.188462E+01
4.109500E+01 1.065101E+00 1.188334E+01
4.119400E+01 1.066284E+00 1.188208E+01
4.129300E+01 1.067464E+00 1.188743E+01
4.139200E+01 1.068641E+00 1.188620E+01
4.149100E+01 1.069817E+00 1.188498E+01
4.159000E+01 1.070989E+00 1.188378E+01
4.168900E+01 1.072160E+00 1.188260E+01
4.178800E+01 1.073327E+00 1.188144E+01
4.188700E+01 1.074493E+00 1.188682E+01
4.198600E+01 1.075656E+00 1.188568E+01
4.208500E+01 1.076816E+00 1.188455E+01
4.218400E+01 1.077974E+00 1.188344E+01
4.228300E+01 1.079130E+00 1.188235E+01
4.238200E+01 1.080283E+00 1.188127E+01
4.248100E+01 1.081433E+00 1.188022E+01
4.258000E+01 1.082582E+00 1.188563E+01
4.267900E+01 1.083728E+00 1.188459E+01
4.277800E+01 1.084871E+00 1.188357E+01
4.287700E+01 1.086012E+00 1.188256E+01
4.297600E+01 1.087151E+00 1.188157E+01
4.307500E+01 1.088288E+00 1.188059E+01
4.317400E+01 1.089422E+00 1.187963E+01
4.327300E+01 1.090553E+00 1.187869E+01
4.337200E+01 1.091683E+00 1.188414E+01
4.347100E+01 1.092810E+00 1.188322E+01
4.357000E+01 1.093934E+00 1.188230E+01
4.366900E+01 1.095057E+00 1.188141E+01
4.376800E+01 1.096177E+00 1.188053E+01
4.386700E+01 1.097295E+00 1.187966E+01
4.396600E+01 1.098410E+00 1.187881E+01
4.406500E+01 1.099524E+00 1.187797E+01
4.416400E+01 1.100635E+00 1.187715E+01
4.426300E+01 1.101743E+00 1.188264E+01
4.436200E+01 1.102850E+00 1.188183E+01
4.446100E+01 1.103954E+00 1.188104E+01
4.456000E+01 1.105056E+00 1.188026E+01
4.465900E+01 1.106155E+00 1.187950E+01
4.475800E+01 1.107253E+00 1.187875E+01
4.485700E+01 1.108348E+00 1.187801E+01
4.495600E+01 1.109441E+00 1.187729E+01
4.505500E+01 1.110532E+00 1.187658E+01
4.515400E+01 1.111621E+00 1.187588E+01
4.525300E+01 1.112707E+00 1.187520E+01
4.535200E+01 1.113791E+00 1.188074E+01
4.545100E+01 1.114873E+00 1.188007E+01
4.555000E+01 1.115953E+00 1.187942E+01
4.564900E+01 1.117031E+00 1.187877E+01
4.574800E+01 1.118107E+00 1.187815E+01
4.584700E+01 1.119180E+00 1.187753E+01
4.594600E+01 1.120251E+00 1.187693E+01
4.604500E+01 1.121320E+00 1.187634E+01
4.614400E+01 1.122387E+00 1.187576E+01
4.624300E+01 1.123452E+00 1.187519E+01
4.634200E+01 1.124515E+00 1.187464E+01
4.644100E+01 1.125576E+00 1.187410E+01
4.654000E+01 1.126634E+00 1.187357E+01
4.663900E+01 1.127691E+00 1.187305E+01
4.673800E+01 1.128745E+00 1.187254E+01
4.683700E+01 1.129797E+00 1.187205E+01
4.693600E+01 1.130848E+00 1.187764E+01
4.703500E+01 1.131896E+00 1.187716E+01
4.713400E+01 1.132942E+00 1.187669E+01
4.723300E+01 1.133986E+00 1.187624E+01
4.733200E+01 1.135028E+00 1.187579E+01
4.743100E+01 1.136068E+00 1.187536E+01
4.753000E+01 1.137106E+00 1.187493E+01
4.762900E+01 1.138142E+00 1.187452E+01
4.772800E+01 1.139176E+00 1.187412E+01
4.782700E+01 1.140207E+00 1.187373E+01
4.792600E+01 1.141237E+00 1.187335E+01
4.802500E+01 1.142265E+00 1.187299E+01
4.812400E+01 1.143291E+00 1.187263E+01
4.822300E+01 1.144315E+00 1.187228E+01
4.832200E+01 1.145337E+00 1.187195E+01
4.842100E+01 1.146357E+00 1.187162E+01
4.852000E+01 1.147375E+00 1.187131E+01
4.861900E+01 1.148390E+00 1.187100E+01
4.871800E+01 1.149404E+00 1.187071E+01
4.881700E+01 1.150417E+00 1.187043E+01
4.891600E+01 1.151427E+00 1.187015E+01
4.901500E+01 1.152435E+00 1.186989E+01
4.911400E+01 1.153441E+00 1.186964E+01
4.921300E+01 1.154445E+00 1.186939E+01
4.931200E+01 1.155448E+00 1.186916E+01
4.941100E+01 1.156448E+00 1.186894E+01
4.951000E+01 1.157447E+00 1.186872E+01
4.960900E+01 1.158443E+00 1.186852E+01
4.970800E+01 1.159438E+00 1.186832E+01
4.980700E+01 1.160431E+00 1.186814E+01
4.990600E+01 1.161422E+00 1.186796E+01
5.000500E+01 1.162411E+00 1.186780E+01
5.010400E+01 1.163398E+00 1.186764E+01
5.020300E+01 1.164383E+00 1.186750E+01
5.030200E+01 1.165367E+00 1.186736E+01
5.040100E+01 1.166349E+00 1.186723E+01
5.050000E+01 1.167328E+00 1.186711E+01
5.059900E+01 1.168306E+00 1.186700E+01
5.069800E+01 1.169282E+00 1.186690E+01
5.079700E+01 1.170256E+00 1.186681E+01
5.089600E+01 1.171229E+00 1.186672E+01
5.099500E+01 1.172199E+00 1.186665E+01
5.109400E+01 1.173168E+00 1.186658E+01
5.119300E+01 1.174135E+00 1.186653E+01
5.129200E+01 1.175100E+00 1.186648E+01
5.139100E+01 1.176064E+00 1.186644E+01
5.149000E+01 1.177025E+00 1.186641E+01
5.158900E+01 1.177985E+00 1.186639E+01
5.168800E+01 1.178943E+00 1.186637E+01
5.178700E+01 1.179899E+00 1.186637E+01
5.188600E+01 1.180853E+00 1.186637E+01
5.198500E+01 1.181806E+00 1.186069E+01
5.208400E+01 1.182757E+00 1.186071E+01
5.218300E+01 1.183706E+00 1.186075E+01
5.228200E+01 1.184653E+00 1.186079E+01
5.238100E+01 1.185599E+00 1.186084E+01
5.248000E+01 1.186543E+00 1.186090E+01
5.257900E+01 1.187485E+00 1.186097E+01
5.267800E+01 1.188425E+00 1.186104E+01
5.277700E+01 1.189364E+00 1.186112E+01
5.287600E+01 1.190301E+00 1.186121E+01
5.297500E+01 1.191236E+00 1.186131E+01
5.307400E+01 1.192170E+00 1.186142E+01
5.317300E+01 1.193102E+00 1.186153E+01
5.327200E+01 1.194032E+00 1.186165E+01
5.337100E+01 1.194960E+00 1.186178E+01
5.347000E+01 1.195887E+00 1.186192E+01
5.356900E+01 1.196812E+00 1.186206E+01
5.366800E+01 1.197735E+00 1.185663E+01
5.376700E+01 1.198657E+00 1.185680E+01
5.386600E+01 1.199577E+00 1.185697E+01
5.396500E+01 1.200495E+00 1.185715E+01
5.406400E+01 1.201412E+00 1.185733E+01
5.416300E+01 1.202327E+00 1.185753E+01
5.426200E+01 1.203240E+00 1.185773E+01
5.436100E+01 1.204152E+00 1.185794E+01
5.446000E+01 1.205062E+00 1.185815E+01
5.455900E+01 1.205970E+00 1.185838E+01
5.465800E+01 1.206877E+00 1.185861E+01
5.475700E+01 1.207782E+00 1.185884E+01
5.485600E+01 1.208685E+00 1.185358E+01
5.495500E+01 1.209587E+00 1.185384E+01
5.505400E+01 1.210488E+00 1.185410E+01
5.515300E+01 1.211386E+00 1.185437E+01
5.525200E+01 1.212283E+00 1.185465E+01
5.535100E+01 1.213179E+00 1.185493E+01
5.545000E+01 1.214073E+00 1.185522E+01
5.554900E+01 1.214965E+00 1.185552E+01
5.564800E+01 1.215855E+00 1.185582E+01
5.574700E+01 1.216745E+00 1.185613E+01
5.584600E+01 1.217632E+00 1.185100E+01
5.594500E+01 1.218518E+00 1.185133E+01
5.604400E+01 1.219402E+00 1.185167E+01
5.614300E+01 1.220285E+00 1.185201E+01
5.624200E+01 1.221166E+00 1.185235E+01
5.634100E+01 1.222046E+00 1.185271E+01
5.644000E+01 1.222924E+00 1.185307E+01
5.653900E+01 1.223801E+00 1.185344E+01
5.663800E+01 1.224676E+00 1.184841E+01
5.673700E+01 1.225549E+00 1.184880E+01
5.683600E+01 1.226421E+00 1.184919E+01
5.693500E+01 1.227291E+00 1.184958E+01
5.703400E+01 1.228160E+00 1.184999E+01
5.713300E+01 1.229028E+00 1.185039E+01
5.723200E+01 1.229894E+00 1.185081E+01
5.733100E+01 1.230758E+00 1.185123E+01
5.743000E+01 1.231621E+00 1.184630E+01
5.752900E+01 1.232482E+00 1.184674E+01
5.762800E+01 1.233342E+00 1.184719E+01
5.772700E+01 1.234200E+00 1.184763E+01
5.782600E+01 1.235057E+00 1.184809E+01
5.792500E+01 1.235912E+00 1.184855E+01
5.802400E+01 1.236766E+00 1.184902E+01
5.812300E+01 1.237618E+00 1.184418E+01
5.822200E+01 1.238469E+00 1.184466E+01
5.832100E+01 1.239319E+00 1.184515E+01
5.842000E+01 1.240167E+00 1.184564E+01
5.851900E+01 1.241013E+00 1.184614E+01
5.861800E+01 1.241858E+00 1.184665E+01
5.871700E+01 1.242702E+00 1.184716E+01
5.881600E+01 1.243544E+00 1.184240E+01
5.891500E+01 1.244384E+00 1.184293E+01
5.901400E+01 1.245224E+00 1.184346E+01
5.911300E+01 1.246061E+00 1.184400E+01
5.921200E+01 1.246898E+00 1.184454E+01
5.931100E+01 1.247732E+00 1.184509E+01
5.941000E+01 1.248566E+00 1.184040E+01
5.950900E+01 1.249398E+00 1.184096E+01
5.960800E+01 1.250229E+00 1.184153E+01
5.970700E+01 1.251058E+00 1.184210E+01
5.980600E+01 1.251885E+00 1.184268E+01
5.990500E+01 1.252712E+00 1.184327E+01
6.000400E+01 1.253537E+00 1.183865E+01
6.010300E+01 1.254360E+00 1.183925E+01
6.020200E+01 1.255182E+00 1.183985E+01
6.030100E+01 1.256003E+00 1.184046E+01
6.040000E+01 1.256823E+00 1.184107E+01
6.049900E+01 1.257641E+00 1.184169E+01
6.059800E+01 1.258457E+00 1.183714E+01
6.069700E+01 1.259272E+00 1.183777E+01
6.079600E+01 1.260086E+00 1.183841E+01
6.089500E+01 1.260899E+00 1.183905E+01
6.099400E+01 1.261710E+00 1.183970E+01
6.109300E+01 1.262519E+00 1.184035E+01
6.119200E+01 1.263328E+00 1.183586E+01
6.129100E+01 1.264135E+00 1.183653E+01
6.139000E+01 1.264940E+00 1.183720E+01
6.148900E+01 1.265745E+00 1.183787E+01
6.158800E+01 1.266548E+00 1.183855E+01
6.168700E+01 1.267349E+00 1.183412E+01
6.178600E+01 1.268150E+00 1.183481E+01
6.188500E+01 1.268948E+00 1.183551E+01
6.198400E+01 1.269746E+00 1.183621E+01
6.208300E+01 1.270542E+00 1.183692E+01
6.218200E+01 1.271337E+00 1.183253E+01
6.228100E+01 1.272131E+00 1.183325E+01
6.238000E+01 1.272923E+00 1.183398E+01
6.247900E+01 1.273714E+00 1.183471E+01
6.257800E+01 1.274504E+00 1.183544E+01
6.267700E+01 1.275292E+00 1.183111E+01
6.277600E+01 1.276079E+00 1.183185E+01
6.287500E+01 1.276865E+00 1.183261E+01
6.297400E+01 1.277649E+00 1.183336E+01
6.307300E+01 1.278432E+00 1.183412E+01
6.317200E+01 1.279214E+00 1.182984E+01
6.327100E+01 1.279995E+00 1.183061E+01
6.337000E+01 1.280774E+00 1.183138E+01
6.346900E+01 1.281552E+00 1.183217E+01
6.356800E+01 1.282329E+00 1.182792E+01
6.366700E+01 1.283104E+00 1.182872E+01
6.376600E+01 1.283878E+00 1.182951E+01
6.386500E+01 1.284651E+00 1.183031E+01
6.396400E+01 1.285423E+00 1.183112E+01
6.406300E+01 1.286193E+00 1.182692E+01
6.416200E+01 1.286962E+00 1.182774E+01
6.426100E+01 1.287730E+00 1.182856E+01
6.436000E+01 1.288497E+00 1.182939E+01
6.445900E+01 1.289262E+00 1.182523E+01
6.455800E+01 1.290026E+00 1.182607E+01
6.465700E+01 1.290789E+00 1.182691E+01
6.475600E+01 1.291550E+00 1.182775E+01
6.485500E+01 1.292311E+00 1.182363E+01
6.495400E+01 1.293070E+00 1.182449E+01
6.505300E+01 1.293828E+00 1.182535E+01
6.515200E+01 1.294585E+00 1.182621E+01
6.525100E+01 1.295340E+00 1.182213E+01
6.535000E+01 1.296094E+00 1.182301E+01
6.544900E+01 1.296847E+00 1.182389E+01
6.554800E+01 1.297599E+00 1.182477E+01
6.564700E+01 1.298350E+00 1.182566E+01
6.574600E+01 1.299099E+00 1.182162E+01
6.584500E+01 1.299847E+00 1.182252E+01
6.594400E+01 1.300594E+00 1.182342E+01
6.604300E+01 1.301340E+00 1.182432E+01
6.614200E+01 1.302084E+00 1.182032E+01
6.624100E+01 1.302828E+00 1.182124E+01
6.634000E+01 1.303570E+00 1.182216E+01
6.643900E+01 1.304311E+00 1.182308E+01
6.653800E+01 1.305051E+00 1.181912E+01
6.663700E+01 1.305789E+00 1.182005E+01
6.673600E+01 1.306527E+00 1.182099E+01
6.683500E+01 1.307263E+00 1.181705E+01
6.693400E+01 1.307998E+00 1.181800E+01
6.703300E+01 1.308732E+00 1.181895E+01
6.713200E+01 1.309465E+00 1.181990E+01
6.723100E+01 1.310196E+00 1.181600E+01
6.733000E+01 1.310926E+00 1.181696E+01
6.742900E+01 1.311656E+00 1.181793E+01
6.752800E+01 1.312384E+00 1.181890E+01
6.762700E+01 1.313111E+00 1.181504E+01
6.772600E+01 1.313837E+00 1.181602E+01
6.782500E+01 1.314561E+00 1.181700E+01
6.792400E+01 1.315285E+00 1.181799E+01
6.802300E+01 1.316007E+00 1.181416E+01
6.812200E+01 1.316728E+00 1.181515E+01
6.822100E+01 1.317448E+00 1.181615E+01
6.832000E+01 1.318167E+00 1.181235E+01
6.841900E+01 1.318885E+00 1.181336E+01
6.851800E+01 1.319602E+00 1.181437E+01
6.861700E+01 1.320317E+00 1.181539E+01
6.871600E+01 1.321032E+00 1.181161E+01
6.881500E+01 1.321745E+00 1.181264E+01
6.891400E+01 1.322457E+00 1.181367E+01
6.901300E+01 1.323168E+00 1.180992E+01
6.911200E+01 1.323878E+00 1.181096E+01
6.921100E+01 1.324587E+00 1.181200E+01
6.931000E+01 1.325295E+00 1.181304E+01
6.940900E+01 1.326001E+00 1.180933E+01
6.950800E+01 1.326707E+00 1.181038E+01
6.960700E+01 1.327411E+00 1.181144E+01
6.970600E+01 1.328115E+00 1.180774E+01
6.980500E+01 1.328817E+00 1.180881E+01
6.990400E+01 1.329518E+00 1.180988E+01
7.000300E+01 1.330218E+00 1.180621E+01
7.010200E+01 1.330917E+00 1.180729E+01
7.020100E+01 1.331615E+00 1.180837E+01
7.030000E+01 1.332312E+00 1.180945E+01
7.039900E+01 1.333007E+00 1.180582E+01
7.049800E+01 1.333702E+00 1.180691E+01
7.059700E+01 1.334396E+00 1.180801E+01
7.069600E+01 1.335088E+00 1.180439E+01
7.079500E+01 1.335780E+00 1.180550E+01
7.089400E+01 1.336470E+00 1.180660E+01
7.099300E+01 1.337159E+00 1.180301E+01
7.109200E+01 1.337848E+00 1.180413E+01
7.119100E+01 1.338535E+00 1.180525E+01
7.129000E+01 1.339221E+00 1.180637E+01
7.138900E+01 1.339906E+00 1.180281E+01
7.148800E+01 1.340590E+00 1.180394E+01
7.158700E+01 1.341273E+00 1.180507E+01
7.168600E+01 1.341955E+00 1.180153E+01
7.178500E+01 1.342636E+00 1.180267E+01
7.188400E+01 1.343316E+00 1.180382E+01
7.198300E+01 1.343995E+00 1.180030E+01
7.208200E+01 1.344672E+00 1.180145E+01
7.218100E+01 1.345349E+00 1.180261E+01
7.228000E+01 1.346025E+00 1.179911E+01
7.237900E+01 1.346700E+00 1.180028E+01
7.247800E+01 1.347373E+00 1.180144E+01
7.257700E+01 1.348046E+00 1.179797E+01
7.267600E+01 1.348717E+00 1.179914E+01
7.277500E+01 1.349388E+00 1.180032E+01
7.287400E+01 1.350058E+00 1.179687E+01
7.297300E+01 1.350726E+00 1.179805E+01
7.307200E+01 1.351394E+00 1.179924E+01
7.317100E+01 1.352060E+00 1.179581E+01
7.327000E+01 1.352726E+00 1.179701E+01
7.336900E+01 1.353390E+00 1.179820E+01
7.346800E+01 1.354054E+00 1.179480E+01
7.356700E+01 1.354717E+00 1.179600E+01
7.366600E+01 1.355378E+00 1.179721E+01
7.376500E+01 1.356039E+00 1.179382E+01
7.386400E+01 1.356698E+00 1.179504E+01
7.396300E+01 1.357357E+00 1.179625E+01
7.406200E+01 1.358014E+00 1.179289E+01
7.416100E+01 1.358671E+00 1.179411E+01
7.426000E+01 1.359326E+00 1.179534E+01
7.435900E+01 1.359981E+00 1.179200E+01
7.445800E+01 1.360635E+00 1.179323E+01
7.455700E+01 1.361287E+00 1.179446E+01
7.465600E+01 1.361939E+00 1.179114E+01
7.475500E+01 1.362590E+00 1.179238E+01
7.485400E+01 1.363239E+00 1.178908E+01
7.495300E+01 1.363888E+00 1.179033E+01
7.505200E+01 1.364536E+00 1.179158E+01
7.515100E+01 1.365183E+00 1.178830E+01
7.525000E+01 1.365829E+00 1.178955E+01
7.534900E+01 1.366474E+00 1.179082E+01
7.544800E+01 1.367118E+00 1.178755E+01
7.554700E+01 1.367761E+00 1.178882E+01
7.564600E+01 1.368403E+00 1.179009E+01
7.574500E+01 1.369044E+00 1.178684E+01
7.584400E+01 1.369684E+00 1.178812E+01
7.594300E+01 1.370323E+00 1.178940E+01
7.604200E+01 1.370961E+00 1.178617E+01
7.614100E+01 1.371599E+00 1.178746E+01
7.624000E+01 1.372235E+00 1.178425E+01
7.633900E+01 1.372871E+00 1.178554E+01
7.643800E+01 1.373505E+00 1.178684E+01
7.653700E+01 1.374139E+00 1.178364E+01
7.663600E+01 1.374771E+00 1.178494E+01
7.673500E+01 1.375403E+00 1.178625E+01
7.683400E+01 1.376034E+00 1.178307E+01
7.693300E+01 1.376664E+00 1.178438E+01
7.703200E+01 1.377293E+00 1.178123E+01
7.713100E+01 1.377921E+00 1.178254E+01
7.723000E+01 1.378548E+00 1.178386E+01
7.732900E+01 1.379174E+00 1.178072E+01
7.742800E+01 1.379799E+00 1.178205E+01
7.752700E+01 1.380423E+00 1.178337E+01
7.762600E+01 1.381047E+00 1.178025E+01
7.772500E+01 1.381669E+00 1.178158E+01
7.782400E+01 1.382291E+00 1.177848E+01
7.792300E+01 1.382912E+00 1.177982E+01
7.802200E+01 1.383532E+00 1.178116E+01
7.812100E+01 1.384150E+00 1.177807E+01
7.822000E+01 1.384768E+00 1.177942E+01
7.831900E+01 1.385386E+00 1.178077E+01
7.841800E+01 1.386002E+00 1.177769E+01
7.851700E+01 1.386617E+00 1.177905E+01
7.861600E+01 1.387232E+00 1.177599E+01
7.871500E+01 1.387845E+00 1.177735E+01
7.881400E+01 1.388458E+00 1.177872E+01
7.891300E+01 1.389069E+00 1.177567E+01
7.901200E+01 1.389680E+00 1.177704E+01
7.911100E+01 1.390290E+00 1.177402E+01
7.921000E+01 1.390899E+00 1.177539E+01
7.930900E+01 1.391508E+00 1.177677E+01
7.940800E+01 1.392115E+00 1.177376E+01
7.950700E+01 1.392722E+00 1.177514E+01
7.960600E+01 1.393327E+00 1.177214E+01
7.970500E+01 1.393932E+00 1.177353E+01
7.980400E+01 1.394536E+00 1.177493E+01
7.990300E+01 1.395139E+00 1.177194E+01
8.000200E+01 1.395741E+00 1.177334E+01
8.010100E+01 1.396342E+00 1.177037E+01
8.020000E+01 1.396943E+00 1.177178E+01
8.029900E+01 1.397542E+00 1.177318E+01
8.039800E+01 1.398141E+00 1.177023E+01
8.049700E+01 1.398739E+00 1.177164E+01
8.059600E+01 1.399336E+00 1.176870E+01
8.069500E+01 1.399932E+00 1.177011E+01
8.079400E+01 1.400527E+00 1.176719E+01
8.089300E+01 1.401122E+00 1.176861E+01
8.099200E+01 1.401715E+00 1.177003E+01
8.109100E+01 1.402308E+00 1.176712E+01
8.119000E+01 1.402900E+00 1.176855E+01
8.128900E+01 1.403491E+00 1.176565E+01
8.138800E+01 1.404081E+00 1.176709E+01
8.148700E+01 1.404671E+00 1.176852E+01
8.158600E+01 1.405259E+00 1.176564E+01
8.168500E+01 1.405847E+00 1.176708E+01
8.178400E+01 1.406434E+00 1.176421E+01
8.188300E+01 1.407020E+00 1.176566E+01
8.198200E+01 1.407605E+00 1.176280E+01
8.208100E+01 1.408190E+00 1.176425E+01
8.218000E+01 1.408773E+00 1.176570E+01
8.227900E+01 1.409356E+00 1.176286E+01
8.237800E+01 1.409938E+00 1.176432E+01
8.247700E+01 1.410519E+00 1.176149E+01
8.257600E+01 1.411100E+00 1.176295E+01
8.267500E+01 1.411679E+00 1.176013E+01
8.277400E+01 1.412258E+00 1.176160E+01
8.287300E+01 1.412836E+00 1.176307E+01
8.297200E+01 1.413413E+00 1.176026E+01
8.307100E+01 1.413989E+00 1.176174E+01
8.317000E+01 1.414564E+00 1.175895E+01
8.326900E+01 1.415139E+00 1.176043E+01
8.336800E+01 1.415713E+00 1.175764E+01
8.346700E+01 1.416286E+00 1.175913E+01
8.356600E+01 1.416858E+00 1.176062E+01
8.366500E+01 1.417430E+00 1.175785E+01
8.376400E+01 1.418000E+00 1.175934E+01
8.386300E+01 1.418570E+00 1.175659E+01
8.396200E+01 1.419139E+00 1.175808E+01
8.406100E+01 1.419707E+00 1.175534E+01
8.416000E+01 1.420275E+00 1.175684E+01
8.425900E+01 1.420842E+00 1.175411E+01
8.435800E+01 1.421407E+00 1.175561E+01
8.445700E+01 1.421973E+00 1.175712E+01
8.455600E+01 1.422537E+00 1.175440E+01
8.465500E+01 1.423100E+00 1.175592E+01
8.475400E+01 1.423663E+00 1.175321E+01
8.485300E+01 1.424225E+00 1.175472E+01
8.495200E+01 1.424786E+00 1.175203E+01
8.505100E+01 1.425347E+00 1.175355E+01
8.515000E+01 1.425906E+00 1.175086E+01
8.524900E+01 1.426465E+00 1.175239E+01
8.534800E+01 1.427023E+00 1.175392E+01
8.544700E+01 1.427581E+00 1.175124E+01
8.554600E+01 1.428137E+00 1.175278E+01
8.564500E+01 1.428693E+00 1.175011E+01
8.574400E+01 1.429248E+00 1.175165E+01
8.584300E+01 1.429802E+00 1.174900E+01
8.594200E+01 1.430356E+00 1.175054E+01
8.604100E+01 1.430909E+00 1.174790E+01
8.614000E+01 1.431461E+00 1.174945E+01
8.623900E+01 1.432012E+00 1.174681E+01
8.633800E+01 1.432562E+00 1.174837E+01
8.643700E+01 1.433112E+00 1.174574E+01
8.653600E+01 1.433661E+00 1.174730E+01
8.663500E+01 1.434209E+00 1.174886E+01
8.673400E+01 1.434757E+00 1.174625E+01
8.683300E+01 1.435304E+00 1.174781E+01
8.693200E+01 1.435850E+00 1.174521E+01
8.703100E+01 1.436395E+00 1.174678E+01
8.713000E+01 1.436939E+00 1.174419E+01
8.722900E+01 1.437483E+00 1.174576E+01
8.732800E+01 1.438026E+00 1.174318E+01
8.742700E+01 1.438568E+00 1.174476E+01
8.752600E+01 1.439110E+00 1.174219E+01
8.762500E+01 1.439651E+00 1.174377E+01
8.772400E+01 1.440191E+00 1.174121E+01
8.782300E+01 1.440730E+00 1.174279E+01
8.792200E+01 1.441269E+00 1.174024E+01
8.802100E+01 1.441807E+00 1.174183E+01
8.812000E+01 1.442344E+00 1.173929E+01
8.821900E+01 1.442880E+00 1.174088E+01
8.831800E+01 1.443416E+00 1.173835E+01
8.841700E+01 1.443951E+00 1.173995E+01
8.851600E+01 1.444485E+00 1.174154E+01
8.861500E+01 1.445019E+00 1.173903E+01
8.871400E+01 1.445552E+00 1.174063E+01
8.881300E+01 1.446084E+00 1.173812E+01
8.891200E+01 1.446615E+00 1.173973E+01
8.901100E+01 1.447146E+00 1.173723E+01
8.911000E+01 1.447676E+00 1.173884E+01
8.920900E+01 1.448205E+00 1.173635E+01
8.930800E+01 1.448733E+00 1.173796E+01
8.940700E+01 1.449261E+00 1.173548E+01
8.950600E+01 1.449788E+00 1.173710E+01
8.960500E+01 1.450315E+00 1.173463E+01
8.970400E+01 1.450841E+00 1.173625E+01
8.980300E+01 1.451366E+00 1.173379E+01
8.990200E+01 1.451890E+00 1.173541E+01
9.000100E+01 1.452413E+00 1.173296E+01
9.010000E+01 1.452936E+00 1.173459E+01
9.019900E+01 1.453459E+00 1.173215E+01
9.029800E+01 1.453980E+00 1.173378E+01
9.039700E+01 1.454501E+00 1.173135E+01
9.049600E+01 1.455021E+00 1.173298E+01
9.059500E+01 1.455540E+00 1.173056E+01
9.069400E+01 1.456059E+00 1.173220E+01
9.079300E+01 1.456577E+00 1.172979E+01
9.089200E+01 1.457095E+00 1.173143E+01
9.099100E+01 1.457611E+00 1.172902E+01
9.109000E+01 1.458127E+00 1.173067E+01
9.118900E+01 1.458642E+00 1.172827E+01
9.128800E+01 1.459157E+00 1.172992E+01
9.138700E+01 1.459671E+00 1.172753E+01
9.148600E+01 1.460184E+00 1.172919E+01
9.158500E+01 1.460697E+00 1.172681E+01
9.168400E+01 1.461209E+00 1.172847E+01
9.178300E+01 1.461720E+00 1.172610E+01
9.188200E+01 1.462231E+00 1.172776E+01
9.198100E+01 1.462740E+00 1.172539E+01
9.208000E+01 1.463250E+00 1.172706E+01
9.217900E+01 1.463758E+00 1.172471E+01
9.227800E+01 1.464266E+00 1.172637E+01
9.237700E+01 1.464773E+00 1.172403E+01
9.247600E+01 1.465280E+00 1.172570E+01
9.257500E+01 1.465786E+00 1.172336E+01
9.267400E+01 1.466291E+00 1.172504E+01
9.277300E+01 1.466795E+00 1.172271E+01
9.287200E+01 1.467299E+00 1.172439E+01
9.297100E+01 1.467802E+00 1.172207E+01
9.307000E+01 1.468305E+00 1.171976E+01
9.316900E+01 1.468807E+00 1.172144E+01
9.326800E+01 1.469308E+00 1.171914E+01
9.336700E+01 1.469809E+00 1.172082E+01
9.346600E+01 1.470309E+00 1.171853E+01
9.356500E+01 1.470808E+00 1.172022E+01
9.366400E+01 1.471306E+00 1.171793E+01
9.376300E+01 1.471804E+00 1.171962E+01
9.386200E+01 1.472302E+00 1.171734E+01
9.396100E+01 1.472798E+00 1.171904E+01
9.406000E+01 1.473294E+00 1.171677E+01
9.415900E+01 1.473790E+00 1.171847E+01
9.425800E+01 1.474285E+00 1.171621E+01
9.435700E+01 1.474779E+00 1.171791E+01
9.445600E+01 1.475272E+00 1.171565E+01
9.455500E+01 1.475765E+00 1.171736E+01
9.465400E+01 1.476257E+00 1.171511E+01
9.475300E+01 1.476749E+00 1.171682E+01
9.485200E+01 1.477240E+00 1.171458E+01
9.495100E+01 1.477730E+00 1.171235E+01
9.505000E+01 1.478219E+00 1.171407E+01
9.514900E+01 1.478708E+00 1.171184E+01
9.524800E+01 1.479197E+00 1.171356E+01
9.534700E+01 1.479685E+00 1.171134E+01
9.544600E+01 1.480172E+00 1.171306E+01
9.554500E+01 1.480658E+00 1.171085E+01
9.564400E+01 1.481144E+00 1.171257E+01
9.574300E+01 1.481629E+00 1.171037E+01
9.584200E+01 1.482114E+00 1.171210E+01
9.594100E+01 1.482598E+00 1.170990E+01
9.604000E+01 1.483081E+00 1.171164E+01
9.613900E+01 1.483564E+00 1.170945E+01
9.623800E+01 1.484046E+00 1.170727E+01
9.633700E+01 1.484528E+00 1.170900E+01
9.643600E+01 1.485008E+00 1.170683E+01
9.653500E+01 1.485489E+00 1.170857E+01
9.663400E+01 1.485968E+00 1.170640E+01
9.673300E+01 1.486447E+00 1.170814E+01
9.683200E+01 1.486926E+00 1.170598E+01
9.693100E+01 1.487404E+00 1.170773E+01
9.703000E+01 1.487881E+00 1.170557E+01
9.712900E+01 1.488357E+00 1.170732E+01
9.722800E+01 1.488833E+00 1.170518E+01
9.732700E+01 1.489309E+00 1.170304E+01
9.742600E+01 1.489783E+00 1.170479E+01
9.752500E+01 1.490258E+00 1.170266E+01
9.762400E+01 1.490731E+00 1.170441E+01
9.772300E+01 1.491204E+00 1.170229E+01
9.782200E+01 1.491677E+00 1.170405E+01
9.792100E+01 1.492148E+00 1.170193E+01
9.802000E+01 1.492619E+00 1.170369E+01
9.811900E+01 1.493090E+00 1.170158E+01
9.821800E+01 1.493560E+00 1.169948E+01
9.831700E+01 1.494029E+00 1.170124E+01
9.841600E+01 1.494498E+00 1.169914E+01
9.851500E+01 1.494966E+00 1.170091E+01
9.861400E+01 1.495434E+00 1.169882E+01
9.871300E+01 1.495901E+00 1.170059E+01
9.881200E+01 1.496367E+00 1.169851E+01
9.891100E+01 1.496833E+00 1.170029E+01
9.901000E+01 1.497298E+00 1.169821E+01
9.910900E+01 1.497763E+00 1.169614E+01
9.920800E+01 1.498227E+00 1.169792E+01
9.930700E+01 1.498690E+00 1.169585E+01
9.940600E+01 1.499153E+00 1.169763E+01
9.950500E+01 1.499616E+00 1.169557E+01
9.960400E+01 1.500077E+00 1.169736E+01
9.970300E+01 1.500538E+00 1.169531E+01
9.980200E+01 1.500999E+00 1.169326E+01
9.990100E+01 1.501459E+00 1.169505E+01
