1.000000E+00 NAN NAN
1.099000E+00 NAN NAN
1.198000E+00 1.187204E-01 2.173861E+01
1.297000E+00 1.237232E-01 1.888305E+01
1.396000E+00 1.287125E-01 1.799100E+01
1.495000E+00 1.336780E-01 1.743064E+01
1.594000E+00 1.386130E-01 1.684160E+01
1.693000E+00 1.435142E-01 1.635877E+01
1.792000E+00 1.483788E-01 1.595854E+01
1.891000E+00 1.532050E-01 1.562377E+01
1.990000E+00 1.579919E-01 1.534170E+01
2.089000E+00 1.627386E-01 1.501132E+01
2.188000E+00 1.674452E-01 1.481293E+01
2.287000E+00 1.721116E-01 1.456260E+01
2.386000E+00 1.767380E-01 1.442160E+01
2.485000E+00 1.813247E-01 1.422791E+01
2.584000E+00 1.858722E-01 1.405830E+01
2.683000E+00 1.903809E-01 1.390930E+01
2.782000E+00 1.948517E-01 1.377811E+01
2.881000E+00 1.992849E-01 1.366237E+01
2.980000E+00 2.036812E-01 1.356014E+01
3.079000E+00 2.080412E-01 1.341363E+01
3.178000E+00 2.123656E-01 1.333561E+01
3.277000E+00 2.166552E-01 1.326673E+01
3.376000E+00 2.209103E-01 1.315535E+01
3.475000E+00 2.251319E-01 1.310331E+01
3.574000E+00 2.293203E-01 1.301012E+01
3.673000E+00 2.334764E-01 1.297150E+01
3.772000E+00 2.376007E-01 1.289306E+01
3.871000E+00 2.416936E-01 1.282163E+01
3.970000E+00 2.457560E-01 1.279898E+01
4.069000E+00 2.497883E-01 1.273849E+01
4.168000E+00 2.537910E-01 1.268331E+01
4.267000E+00 2.577647E-01 1.263297E+01
4.366000E+00 2.617099E-01 1.258706E+01
4.465000E+00 2.656272E-01 1.254521E+01
4.564000E+00 2.695170E-01 1.250708E+01
4.663000E+00 2.733798E-01 1.247239E+01
4.762000E+00 2.772161E-01 1.244086E+01
4.861000E+00 2.810263E-01 1.241227E+01
4.960000E+00 2.848108E-01 1.238639E+01
5.059000E+00 2.885701E-01 1.232971E+01
5.158000E+00 2.923046E-01 1.230925E+01
5.257000E+00 2.960147E-01 1.229094E+01
5.356000E+00 2.997009E-01 1.227463E+01
5.455000E+00 3.033633E-01 1.222917E+01
5.554000E+00 3.070026E-01 1.221694E+01
5.653000E+00 3.106189E-01 1.217635E+01
5.752000E+00 3.142128E-01 1.216767E+01
5.851000E+00 3.177844E-01 1.213137E+01
5.950000E+00 3.213343E-01 1.212578E+01
6.049000E+00 3.248625E-01 1.209327E+01
6.148000E+00 3.283696E-01 1.209040E+01
6.247000E+00 3.318558E-01 1.206126E+01
6.346000E+00 3.353214E-01 1.206078E+01
6.445000E+00 3.387667E-01 1.203464E+01
6.544000E+00 3.421920E-01 1.203628E+01
6.643000E+00 3.455975E-01 1.201282E+01
6.742000E+00 3.489836E-01 1.199079E+01
6.841000E+00 3.523504E-01 1.197010E+01
6.940000E+00 3.556984E-01 1.197555E+01
7.039000E+00 3.590277E-01 1.195701E+01
7.138000E+00 3.623386E-01 1.193963E+01
7.237000E+00 3.656313E-01 1.192336E+01
7.336000E+00 3.689061E-01 1.193183E+01
7.435000E+00 3.721631E-01 1.191729E+01
7.534000E+00 3.754026E-01 1.190371E+01
7.633000E+00 3.786248E-01 1.189104E+01
7.732000E+00 3.818300E-01 1.187924E+01
7.831000E+00 3.850183E-01 1.186825E+01
7.930000E+00 3.881900E-01 1.185806E+01
8.029000E+00 3.913452E-01 1.184861E+01
8.128000E+00 3.944842E-01 1.183988E+01
8.227000E+00 3.976071E-01 1.183183E+01
8.326000E+00 4.007142E-01 1.182444E+01
8.425000E+00 4.038057E-01 1.181768E+01
8.524000E+00 4.068816E-01 1.181151E+01
8.623000E+00 4.099422E-01 1.180592E+01
8.722000E+00 4.129877E-01 1.180087E+01
8.821000E+00 4.160183E-01 1.179636E+01
8.920000E+00 4.190340E-01 1.179235E+01
9.019000E+00 4.220351E-01 1.178882E+01
9.118000E+00 4.250217E-01 1.176602E+01
9.217000E+00 4.279940E-01 1.176357E+01
9.316000E+00 4.309521E-01 1.176155E+01
9.415000E+00 4.338963E-01 1.175994E+01
9.514000E+00 4.368265E-01 1.175872E+01
9.613000E+00 4.397431E-01 1.173897E+01
9.712000E+00 4.426461E-01 1.173863E+01
9.811000E+00 4.455357E-01 1.173865E+01
9.910000E+00 4.484120E-01 1.173900E+01
1.000900E+01 4.512751E-01 1.172136E+01
1.010800E+01 4.541252E-01 1.172248E+01
1.020700E+01 4.569625E-01 1.172389E+01
1.030600E+01 4.597869E-01 1.172558E+01
1.040500E+01 4.625987E-01 1.170979E+01
1.050400E+01 4.653980E-01 1.171215E+01
1.060300E+01 4.681849E-01 1.169727E+01
1.070200E+01 4.709596E-01 1.170024E+01
1.080100E+01 4.737221E-01 1.170344E+01
1.090000E+01 4.764726E-01 1.168976E+01
1.099900E+01 4.792112E-01 1.169352E+01
1.109800E+01 4.819379E-01 1.168061E+01
1.119700E+01 4.846530E-01 1.168488E+01
1.129600E+01 4.873565E-01 1.168934E+01
1.139500E+01 4.900485E-01 1.167746E+01
1.149400E+01 4.927291E-01 1.168239E+01
1.159300E+01 4.953985E-01 1.167117E+01
1.169200E+01 4.980567E-01 1.167653E+01
1.179100E+01 5.007038E-01 1.166595E+01
1.189000E+01 5.033399E-01 1.167172E+01
1.198900E+01 5.059652E-01 1.166173E+01
1.208800E+01 5.085797E-01 1.166788E+01
1.218700E+01 5.111835E-01 1.165846E+01
1.228600E+01 5.137767E-01 1.164937E+01
1.238500E+01 5.163594E-01 1.165607E+01
1.248400E+01 5.189317E-01 1.164750E+01
1.258300E+01 5.214937E-01 1.165452E+01
1.268200E+01 5.240454E-01 1.164643E+01
1.278100E+01 5.265870E-01 1.163863E+01
1.288000E+01 5.291185E-01 1.164613E+01
1.297900E+01 5.316401E-01 1.163878E+01
1.307800E+01 5.341517E-01 1.164655E+01
1.317700E+01 5.366536E-01 1.163962E+01
1.327600E+01 5.391457E-01 1.163295E+01
1.337500E+01 5.416281E-01 1.164113E+01
1.347400E+01 5.441010E-01 1.163485E+01
1.357300E+01 5.465643E-01 1.162880E+01
1.367200E+01 5.490183E-01 1.163735E+01
1.377100E+01 5.514628E-01 1.163166E+01
1.387000E+01 5.538981E-01 1.162620E+01
1.396900E+01 5.563242E-01 1.162095E+01
1.406800E+01 5.587412E-01 1.162995E+01
1.416700E+01 5.611491E-01 1.162502E+01
1.426600E+01 5.635480E-01 1.162029E+01
1.436500E+01 5.659380E-01 1.161576E+01
1.446400E+01 5.683191E-01 1.162517E+01
1.456300E+01 5.706915E-01 1.162093E+01
1.466200E+01 5.730551E-01 1.161686E+01
1.476100E+01 5.754101E-01 1.161297E+01
1.486000E+01 5.777565E-01 1.160926E+01
1.495900E+01 5.800943E-01 1.161913E+01
1.505800E+01 5.824237E-01 1.161567E+01
1.515700E+01 5.847447E-01 1.161237E+01
1.525600E+01 5.870574E-01 1.160922E+01
1.535500E+01 5.893617E-01 1.160623E+01
1.545400E+01 5.916579E-01 1.160339E+01
1.555300E+01 5.939459E-01 1.161374E+01
1.565200E+01 5.962257E-01 1.161112E+01
1.575100E+01 5.984976E-01 1.160864E+01
1.585000E+01 6.007614E-01 1.160630E+01
1.594900E+01 6.030174E-01 1.160409E+01
1.604800E+01 6.052654E-01 1.160201E+01
1.614700E+01 6.075056E-01 1.160006E+01
1.624600E+01 6.097381E-01 1.159823E+01
1.634500E+01 6.119628E-01 1.159652E+01
1.644400E+01 6.141800E-01 1.160746E+01
1.654300E+01 6.163894E-01 1.160594E+01
1.664200E+01 6.185914E-01 1.160453E+01
1.674100E+01 6.207858E-01 1.160323E+01
1.684000E+01 6.229728E-01 1.160204E+01
1.693900E+01 6.251523E-01 1.160096E+01
1.703800E+01 6.273246E-01 1.159998E+01
1.713700E+01 6.294895E-01 1.159911E+01
1.723600E+01 6.316471E-01 1.159834E+01
1.733500E+01 6.337975E-01 1.159767E+01
1.743400E+01 6.359408E-01 1.159709E+01
1.753300E+01 6.380770E-01 1.159661E+01
1.763200E+01 6.402060E-01 1.159622E+01
1.773100E+01 6.423281E-01 1.159593E+01
1.783000E+01 6.444432E-01 1.159572E+01
1.792900E+01 6.465513E-01 1.159560E+01
1.802800E+01 6.486526E-01 1.159556E+01
1.812700E+01 6.507470E-01 1.159561E+01
1.822600E+01 6.528346E-01 1.159574E+01
1.832500E+01 6.549155E-01 1.159596E+01
1.842400E+01 6.569896E-01 1.159625E+01
1.852300E+01 6.590571E-01 1.158513E+01
1.862200E+01 6.611179E-01 1.158561E+01
1.872100E+01 6.631722E-01 1.158617E+01
1.882000E+01 6.652199E-01 1.158681E+01
1.891900E+01 6.672611E-01 1.158751E+01
1.901800E+01 6.692958E-01 1.158829E+01
1.911700E+01 6.713241E-01 1.158913E+01
1.921600E+01 6.733460E-01 1.159004E+01
1.931500E+01 6.753615E-01 1.159101E+01
1.941400E+01 6.773708E-01 1.159206E+01
1.951300E+01 6.793737E-01 1.158209E+01
1.961200E+01 6.813705E-01 1.158329E+01
1.971100E+01 6.833610E-01 1.158456E+01
1.981000E+01 6.853454E-01 1.158588E+01
1.990900E+01 6.873236E-01 1.158726E+01
2.000800E+01 6.892958E-01 1.158870E+01
2.010700E+01 6.912619E-01 1.159020E+01
2.020600E+01 6.932219E-01 1.158095E+01
2.030500E+01 6.951760E-01 1.158259E+01
2.040400E+01 6.971242E-01 1.158429E+01
2.050300E+01 6.990664E-01 1.158604E+01
2.060200E+01 7.010028E-01 1.158783E+01
2.070100E+01 7.029333E-01 1.158968E+01
2.080000E+01 7.048580E-01 1.158100E+01
2.089900E+01 7.067769E-01 1.158297E+01
2.099800E+01 7.086900E-01 1.158500E+01
2.109700E+01 7.105975E-01 1.158707E+01
2.119600E+01 7.124992E-01 1.157875E+01
2.129500E+01 7.143953E-01 1.158094E+01
2.139400E+01 7.162858E-01 1.158318E+01
2.149300E+01 7.181707E-01 1.158546E+01
2.159200E+01 7.200500E-01 1.158778E+01
2.169100E+01 7.219238E-01 1.157987E+01
2.179000E+01 7.237922E-01 1.158231E+01
2.188900E+01 7.256550E-01 1.158478E+01
2.198800E+01 7.275124E-01 1.158730E+01
2.208700E+01 7.293644E-01 1.157970E+01
2.218600E+01 7.312110E-01 1.158232E+01
2.228500E+01 7.330523E-01 1.158498E+01
2.238400E+01 7.348883E-01 1.157762E+01
2.248300E+01 7.367189E-01 1.158038E+01
2.258200E+01 7.385444E-01 1.158317E+01
2.268100E+01 7.403645E-01 1.158599E+01
2.278000E+01 7.421795E-01 1.157892E+01
2.287900E+01 7.439893E-01 1.158184E+01
2.297800E+01 7.457939E-01 1.158479E+01
2.307700E+01 7.475935E-01 1.157793E+01
2.317600E+01 7.493879E-01 1.158097E+01
2.327500E+01 7.511773E-01 1.158404E+01
2.337400E+01 7.529616E-01 1.157739E+01
2.347300E+01 7.547409E-01 1.158055E+01
2.357200E+01 7.565152E-01 1.158373E+01
2.367100E+01 7.582845E-01 1.157728E+01
2.377000E+01 7.600489E-01 1.158054E+01
2.386900E+01 7.618084E-01 1.158384E+01
2.396800E+01 7.635630E-01 1.157757E+01
2.406700E+01 7.653127E-01 1.158094E+01
2.416600E+01 7.670576E-01 1.158434E+01
2.426500E+01 7.687977E-01 1.157826E+01
2.436400E+01 7.705330E-01 1.158172E+01
2.446300E+01 7.722635E-01 1.158522E+01
2.456200E+01 7.739893E-01 1.157931E+01
2.466100E+01 7.757103E-01 1.158287E+01
2.476000E+01 7.774267E-01 1.157709E+01
2.485900E+01 7.791383E-01 1.158072E+01
2.495800E+01 7.808454E-01 1.158438E+01
2.505700E+01 7.825478E-01 1.157876E+01
2.515600E+01 7.842456E-01 1.158248E+01
2.525500E+01 7.859388E-01 1.157697E+01
2.535400E+01 7.876275E-01 1.158075E+01
2.545300E+01 7.893117E-01 1.158456E+01
2.555200E+01 7.909913E-01 1.157920E+01
2.565100E+01 7.926664E-01 1.158307E+01
2.575000E+01 7.943371E-01 1.157783E+01
2.584900E+01 7.960033E-01 1.158174E+01
2.594800E+01 7.976651E-01 1.157661E+01
2.604700E+01 7.993225E-01 1.158059E+01
2.614600E+01 8.009755E-01 1.158458E+01
2.624500E+01 8.026241E-01 1.157959E+01
2.634400E+01 8.042684E-01 1.158363E+01
2.644300E+01 8.059084E-01 1.157874E+01
2.654200E+01 8.075441E-01 1.158284E+01
2.664100E+01 8.091755E-01 1.157804E+01
2.674000E+01 8.108026E-01 1.158219E+01
2.683900E+01 8.124255E-01 1.157749E+01
2.693800E+01 8.140442E-01 1.158169E+01
2.703700E+01 8.156586E-01 1.157709E+01
2.713600E+01 8.172689E-01 1.158133E+01
2.723500E+01 8.188751E-01 1.157682E+01
2.733400E+01 8.204770E-01 1.158111E+01
2.743300E+01 8.220749E-01 1.157668E+01
2.753200E+01 8.236686E-01 1.158102E+01
2.763100E+01 8.252583E-01 1.157668E+01
2.773000E+01 8.268439E-01 1.158106E+01
2.782900E+01 8.284255E-01 1.157680E+01
2.792800E+01 8.300030E-01 1.158123E+01
2.802700E+01 8.315765E-01 1.157706E+01
2.812600E+01 8.331460E-01 1.158152E+01
2.822500E+01 8.347115E-01 1.157743E+01
2.832400E+01 8.362731E-01 1.158193E+01
2.842300E+01 8.378307E-01 1.157792E+01
2.852200E+01 8.393845E-01 1.158246E+01
2.862100E+01 8.409343E-01 1.157852E+01
2.872000E+01 8.424802E-01 1.158310E+01
2.881900E+01 8.440222E-01 1.157924E+01
2.891800E+01 8.455604E-01 1.158386E+01
2.901700E+01 8.470948E-01 1.158007E+01
2.911600E+01 8.486253E-01 1.157634E+01
2.921500E+01 8.501521E-01 1.158101E+01
2.931400E+01 8.516750E-01 1.157735E+01
2.941300E+01 8.531942E-01 1.158205E+01
2.951200E+01 8.547096E-01 1.157846E+01
2.961100E+01 8.562213E-01 1.158320E+01
2.971000E+01 8.577293E-01 1.157967E+01
2.980900E+01 8.592335E-01 1.157619E+01
2.990800E+01 8.607341E-01 1.158098E+01
3.000700E+01 8.622310E-01 1.157757E+01
3.010600E+01 8.637243E-01 1.158239E+01
3.020500E+01 8.652139E-01 1.157904E+01
3.030400E+01 8.666999E-01 1.158389E+01
3.040300E+01 8.681823E-01 1.158060E+01
3.050200E+01 8.696610E-01 1.157736E+01
3.060100E+01 8.711362E-01 1.158226E+01
3.070000E+01 8.726079E-01 1.157907E+01
3.079900E+01 8.740760E-01 1.157593E+01
3.089800E+01 8.755405E-01 1.158088E+01
3.099700E+01 8.770015E-01 1.157779E+01
3.109600E+01 8.784591E-01 1.158277E+01
3.119500E+01 8.799131E-01 1.157974E+01
3.129400E+01 8.813637E-01 1.157675E+01
3.139300E+01 8.828108E-01 1.158177E+01
3.149200E+01 8.842544E-01 1.157884E+01
3.159100E+01 8.856947E-01 1.157594E+01
3.169000E+01 8.871315E-01 1.158100E+01
3.178900E+01 8.885649E-01 1.157816E+01
3.188800E+01 8.899949E-01 1.158324E+01
3.198700E+01 8.914216E-01 1.158046E+01
3.208600E+01 8.928449E-01 1.157770E+01
3.218500E+01 8.942648E-01 1.158283E+01
3.228400E+01 8.956814E-01 1.158012E+01
3.238300E+01 8.970947E-01 1.157746E+01
3.248200E+01 8.985047E-01 1.158262E+01
3.258100E+01 8.999114E-01 1.158000E+01
3.268000E+01 9.013148E-01 1.157742E+01
3.277900E+01 9.027149E-01 1.158262E+01
3.287800E+01 9.041118E-01 1.158008E+01
3.297700E+01 9.055054E-01 1.157758E+01
3.307600E+01 9.068958E-01 1.158281E+01
3.317500E+01 9.082830E-01 1.158036E+01
3.327400E+01 9.096670E-01 1.157793E+01
3.337300E+01 9.110478E-01 1.158320E+01
3.347200E+01 9.124255E-01 1.158082E+01
3.357100E+01 9.137999E-01 1.157848E+01
3.367000E+01 9.151712E-01 1.157616E+01
3.376900E+01 9.165394E-01 1.158147E+01
3.386800E+01 9.179044E-01 1.157920E+01
3.396700E+01 9.192663E-01 1.157696E+01
3.406600E+01 9.206252E-01 1.158229E+01
3.416500E+01 9.219809E-01 1.158010E+01
3.426400E+01 9.233335E-01 1.157793E+01
3.436300E+01 9.246831E-01 1.157579E+01
3.446200E+01 9.260296E-01 1.158116E+01
3.456100E+01 9.273731E-01 1.157906E+01
3.466000E+01 9.287135E-01 1.157699E+01
3.475900E+01 9.300510E-01 1.158240E+01
3.485800E+01 9.313854E-01 1.158036E+01
3.495700E+01 9.327168E-01 1.157836E+01
3.505600E+01 9.340453E-01 1.157638E+01
3.515500E+01 9.353707E-01 1.158182E+01
3.525400E+01 9.366932E-01 1.157988E+01
3.535300E+01 9.380128E-01 1.157797E+01
3.545200E+01 9.393294E-01 1.157608E+01
3.555100E+01 9.406431E-01 1.158156E+01
3.565000E+01 9.419538E-01 1.157971E+01
3.574900E+01 9.432617E-01 1.157789E+01
3.584800E+01 9.445667E-01 1.157609E+01
3.594700E+01 9.458688E-01 1.158160E+01
3.604600E+01 9.471680E-01 1.157983E+01
3.614500E+01 9.484643E-01 1.157809E+01
3.624400E+01 9.497578E-01 1.157638E+01
3.634300E+01 9.510485E-01 1.158192E+01
3.644200E+01 9.523363E-01 1.158023E+01
3.654100E+01 9.536213E-01 1.157858E+01
3.664000E+01 9.549035E-01 1.157694E+01
3.673900E+01 9.561828E-01 1.157533E+01
3.683800E+01 9.574594E-01 1.158091E+01
3.693700E+01 9.587333E-01 1.157933E+01
3.703600E+01 9.600043E-01 1.157778E+01
3.713500E+01 9.612726E-01 1.157624E+01
3.723400E+01 9.625381E-01 1.157473E+01
3.733300E+01 9.638009E-01 1.158035E+01
3.743200E+01 9.650610E-01 1.157887E+01
3.753100E+01 9.663183E-01 1.157741E+01
3.763000E+01 9.675730E-01 1.157597E+01
3.772900E+01 9.688249E-01 1.157456E+01
3.782800E+01 9.700741E-01 1.158021E+01
3.792700E+01 9.713207E-01 1.157882E+01
3.802600E+01 9.725646E-01 1.157745E+01
3.812500E+01 9.738058E-01 1.157611E+01
3.822400E+01 9.750444E-01 1.157479E+01
3.832300E+01 9.762804E-01 1.158047E+01
3.842200E+01 9.775137E-01 1.157917E+01
3.852100E+01 9.787444E-01 1.157790E+01
3.862000E+01 9.799725E-01 1.157664E+01
3.871900E+01 9.811979E-01 1.157540E+01
3.881800E+01 9.824208E-01 1.157419E+01
3.891700E+01 9.836411E-01 1.157991E+01
3.901600E+01 9.848588E-01 1.157871E+01
3.911500E+01 9.860740E-01 1.157754E+01
3.921400E+01 9.872866E-01 1.157639E+01
3.931300E+01 9.884966E-01 1.157526E+01
3.941200E+01 9.897041E-01 1.157414E+01
3.951100E+01 9.909091E-01 1.157990E+01
3.961000E+01 9.921115E-01 1.157881E+01
3.970900E+01 9.933115E-01 1.157773E+01
3.980800E+01 9.945089E-01 1.157668E+01
3.990700E+01 9.957038E-01 1.157565E+01
4.000600E+01 9.968963E-01 1.157463E+01
4.010500E+01 9.980862E-01 1.157363E+01
4.020400E+01 9.992737E-01 1.157265E+01
4.030300E+01 1.000459E+00 1.157844E+01
4.040200E+01 1.001641E+00 1.157748E+01
4.050100E+01 1.002821E+00 1.157654E+01
4.060000E+01 1.003999E+00 1.157561E+01
4.069900E+01 1.005174E+00 1.157470E+01
4.079800E+01 1.006347E+00 1.157381E+01
4.089700E+01 1.007518E+00 1.157294E+01
4.099600E+01 1.008686E+00 1.157208E+01
4.109500E+01 1.009851E+00 1.157791E+01
4.119400E+01 1.011015E+00 1.157707E+01
4.129300E+01 1.012175E+00 1.157625E+01
4.139200E+01 1.013334E+00 1.157545E+01
4.149100E+01 1.014490E+00 1.157466E+01
4.159000E+01 1.015644E+00 1.157388E+01
4.168900E+01 1.016795E+00 1.157313E+01
4.178800E+01 1.017944E+00 1.157238E+01
4.188700E+01 1.019091E+00 1.157166E+01
4.198600E+01 1.020236E+00 1.157752E+01
4.208500E+01 1.021378E+00 1.157682E+01
4.218400E+01 1.022518E+00 1.157612E+01
4.228300E+01 1.023655E+00 1.157545E+01
4.238200E+01 1.024790E+00 1.157478E+01
4.248100E+01 1.025923E+00 1.157414E+01
4.258000E+01 1.027054E+00 1.157350E+01
4.267900E+01 1.028182E+00 1.157288E+01
4.277800E+01 1.029308E+00 1.157228E+01
4.287700E+01 1.030432E+00 1.157169E+01
4.297600E+01 1.031554E+00 1.157111E+01
4.307500E+01 1.032673E+00 1.157055E+01
4.317400E+01 1.033790E+00 1.157000E+01
4.327300E+01 1.034905E+00 1.157592E+01
4.337200E+01 1.036018E+00 1.157538E+01
4.347100E+01 1.037129E+00 1.157487E+01
4.357000E+01 1.038237E+00 1.157436E+01
4.366900E+01 1.039343E+00 1.157387E+01
4.376800E+01 1.040447E+00 1.157339E+01
4.386700E+01 1.041549E+00 1.157293E+01
4.396600E+01 1.042648E+00 1.157248E+01
4.406500E+01 1.043745E+00 1.157204E+01
4.416400E+01 1.044841E+00 1.157161E+01
4.426300E+01 1.045934E+00 1.157120E+01
4.436200E+01 1.047025E+00 1.157080E+01
4.446100E+01 1.048113E+00 1.157041E+01
4.456000E+01 1.049200E+00 1.157004E+01
4.465900E+01 1.050285E+00 1.156968E+01
4.475800E+01 1.051367E+00 1.156933E+01
4.485700E+01 1.052447E+00 1.156899E+01
4.495600E+01 1.053525E+00 1.156866E+01
4.505500E+01 1.054601E+00 1.156835E+01
4.515400E+01 1.055675E+00 1.156805E+01
4.525300E+01 1.056747E+00 1.156776E+01
4.535200E+01 1.057817E+00 1.157374E+01
4.545100E+01 1.058885E+00 1.157346E+01
4.555000E+01 1.059950E+00 1.157320E+01
4.564900E+01 1.061014E+00 1.157295E+01
4.574800E+01 1.062076E+00 1.157271E+01
4.584700E+01 1.063135E+00 1.157248E+01
4.594600E+01 1.064193E+00 1.157226E+01
4.604500E+01 1.065248E+00 1.157205E+01
4.614400E+01 1.066301E+00 1.157185E+01
4.624300E+01 1.067353E+00 1.157167E+01
4.634200E+01 1.068402E+00 1.157150E+01
4.644100E+01 1.069449E+00 1.157133E+01
4.654000E+01 1.070495E+00 1.157118E+01
4.663900E+01 1.071538E+00 1.157104E+01
4.673800E+01 1.072579E+00 1.157091E+01
4.683700E+01 1.073619E+00 1.157079E+01
4.693600E+01 1.074656E+00 1.157068E+01
4.703500E+01 1.075692E+00 1.157058E+01
4.713400E+01 1.076725E+00 1.157049E+01
4.723300E+01 1.077756E+00 1.157041E+01
4.733200E+01 1.078786E+00 1.157034E+01
4.743100E+01 1.079814E+00 1.157028E+01
4.753000E+01 1.080839E+00 1.157023E+01
4.762900E+01 1.081863E+00 1.157020E+01
4.772800E+01 1.082885E+00 1.157017E+01
4.782700E+01 1.083904E+00 1.157015E+01
4.792600E+01 1.084922E+00 1.157014E+01
4.802500E+01 1.085938E+00 1.156411E+01
4.812400E+01 1.086952E+00 1.156413E+01
4.822300E+01 1.087965E+00 1.156415E+01
4.832200E+01 1.088975E+00 1.156419E+01
4.842100E+01 1.089983E+00 1.156424E+01
4.852000E+01 1.090990E+00 1.156430E+01
4.861900E+01 1.091995E+00 1.156436E+01
4.871800E+01 1.092997E+00 1.156444E+01
4.881700E+01 1.093998E+00 1.156452E+01
4.891600E+01 1.094997E+00 1.156461E+01
4.901500E+01 1.095994E+00 1.156471E+01
4.911400E+01 1.096990E+00 1.156482E+01
4.921300E+01 1.097983E+00 1.156494E+01
4.931200E+01 1.098975E+00 1.156507E+01
4.941100E+01 1.099965E+00 1.156521E+01
4.951000E+01 1.100953E+00 1.156536E+01
4.960900E+01 1.101939E+00 1.156551E+01
4.970800E+01 1.102923E+00 1.156568E+01
4.980700E+01 1.103906E+00 1.156585E+01
4.990600E+01 1.104886E+00 1.156603E+01
5.000500E+01 1.105865E+00 1.156622E+01
5.010400E+01 1.106842E+00 1.156641E+01
5.020300E+01 1.107818E+00 1.156076E+01
5.030200E+01 1.108791E+00 1.156098E+01
5.040100E+01 1.109763E+00 1.156121E+01
5.050000E+01 1.110733E+00 1.156144E+01
5.059900E+01 1.111701E+00 1.156169E+01
5.069800E+01 1.112667E+00 1.156194E+01
5.079700E+01 1.113632E+00 1.156220E+01
5.089600E+01 1.114595E+00 1.156247E+01
5.099500E+01 1.115556E+00 1.156275E+01
5.109400E+01 1.116516E+00 1.156304E+01
5.119300E+01 1.117473E+00 1.156333E+01
5.129200E+01 1.118429E+00 1.156363E+01
5.139100E+01 1.119383E+00 1.156394E+01
5.149000E+01 1.120336E+00 1.156425E+01
5.158900E+01 1.121287E+00 1.155881E+01
5.168800E+01 1.122236E+00 1.155915E+01
5.178700E+01 1.123183E+00 1.155950E+01
5.188600E+01 1.124129E+00 1.155985E+01
5.198500E+01 1.125073E+00 1.156021E+01
5.208400E+01 1.126015E+00 1.156058E+01
5.218300E+01 1.126955E+00 1.156095E+01
5.228200E+01 1.127894E+00 1.156133E+01
5.238100E+01 1.128831E+00 1.156172E+01
5.248000E+01 1.129767E+00 1.156212E+01
5.257900E+01 1.130701E+00 1.155683E+01
5.267800E+01 1.131633E+00 1.155724E+01
5.277700E+01 1.132563E+00 1.155767E+01
5.287600E+01 1.133492E+00 1.155810E+01
5.297500E+01 1.134419E+00 1.155854E+01
5.307400E+01 1.135345E+00 1.155898E+01
5.317300E+01 1.136269E+00 1.155943E+01
5.327200E+01 1.137191E+00 1.155989E+01
5.337100E+01 1.138112E+00 1.156035E+01
5.347000E+01 1.139031E+00 1.155519E+01
5.356900E+01 1.139948E+00 1.155567E+01
5.366800E+01 1.140864E+00 1.155616E+01
5.376700E+01 1.141778E+00 1.155666E+01
5.386600E+01 1.142690E+00 1.155716E+01
5.396500E+01 1.143601E+00 1.155767E+01
5.406400E+01 1.144510E+00 1.155819E+01
5.416300E+01 1.145418E+00 1.155871E+01
5.426200E+01 1.146324E+00 1.155366E+01
5.436100E+01 1.147229E+00 1.155420E+01
5.446000E+01 1.148132E+00 1.155475E+01
5.455900E+01 1.149033E+00 1.155530E+01
5.465800E+01 1.149933E+00 1.155586E+01
5.475700E+01 1.150831E+00 1.155643E+01
5.485600E+01 1.151727E+00 1.155700E+01
5.495500E+01 1.152622E+00 1.155758E+01
5.505400E+01 1.153516E+00 1.155263E+01
5.515300E+01 1.154408E+00 1.155323E+01
5.525200E+01 1.155298E+00 1.155383E+01
5.535100E+01 1.156187E+00 1.155444E+01
5.545000E+01 1.157074E+00 1.155505E+01
5.554900E+01 1.157960E+00 1.155567E+01
5.564800E+01 1.158844E+00 1.155629E+01
5.574700E+01 1.159727E+00 1.155144E+01
5.584600E+01 1.160608E+00 1.155208E+01
5.594500E+01 1.161488E+00 1.155273E+01
5.604400E+01 1.162366E+00 1.155338E+01
5.614300E+01 1.163243E+00 1.155404E+01
5.624200E+01 1.164118E+00 1.155470E+01
5.634100E+01 1.164991E+00 1.154992E+01
5.644000E+01 1.165863E+00 1.155061E+01
5.653900E+01 1.166734E+00 1.155129E+01
5.663800E+01 1.167603E+00 1.155198E+01
5.673700E+01 1.168471E+00 1.155268E+01
5.683600E+01 1.169337E+00 1.155338E+01
5.693500E+01 1.170201E+00 1.154868E+01
5.703400E+01 1.171065E+00 1.154939E+01
5.713300E+01 1.171926E+00 1.155012E+01
5.723200E+01 1.172786E+00 1.155085E+01
5.733100E+01 1.173645E+00 1.155158E+01
5.743000E+01 1.174502E+00 1.155232E+01
5.752900E+01 1.175358E+00 1.154769E+01
5.762800E+01 1.176213E+00 1.154844E+01
5.772700E+01 1.177066E+00 1.154920E+01
5.782600E+01 1.177917E+00 1.154996E+01
5.792500E+01 1.178767E+00 1.155073E+01
5.802400E+01 1.179616E+00 1.154616E+01
5.812300E+01 1.180463E+00 1.154694E+01
5.822200E+01 1.181309E+00 1.154773E+01
5.832100E+01 1.182153E+00 1.154853E+01
5.842000E+01 1.182996E+00 1.154933E+01
5.851900E+01 1.183837E+00 1.155013E+01
5.861800E+01 1.184677E+00 1.154562E+01
5.871700E+01 1.185516E+00 1.154644E+01
5.881600E+01 1.186353E+00 1.154726E+01
5.891500E+01 1.187189E+00 1.154809E+01
5.901400E+01 1.188023E+00 1.154892E+01
5.911300E+01 1.188856E+00 1.154447E+01
5.921200E+01 1.189688E+00 1.154532E+01
5.931100E+01 1.190518E+00 1.154617E+01
5.941000E+01 1.191347E+00 1.154703E+01
5.950900E+01 1.192174E+00 1.154262E+01
5.960800E+01 1.193000E+00 1.154349E+01
5.970700E+01 1.193825E+00 1.154436E+01
5.980600E+01 1.194649E+00 1.154524E+01
5.990500E+01 1.195470E+00 1.154612E+01
6.000400E+01 1.196291E+00 1.154177E+01
6.010300E+01 1.197110E+00 1.154267E+01
6.020200E+01 1.197928E+00 1.154357E+01
6.030100E+01 1.198745E+00 1.154447E+01
6.040000E+01 1.199560E+00 1.154538E+01
6.049900E+01 1.200374E+00 1.154109E+01
6.059800E+01 1.201186E+00 1.154201E+01
6.069700E+01 1.201997E+00 1.154293E+01
6.079600E+01 1.202807E+00 1.154386E+01
6.089500E+01 1.203615E+00 1.153961E+01
6.099400E+01 1.204422E+00 1.154055E+01
6.109300E+01 1.205228E+00 1.154150E+01
6.119200E+01 1.206033E+00 1.154245E+01
6.129100E+01 1.206836E+00 1.154340E+01
6.139000E+01 1.207638E+00 1.153920E+01
6.148900E+01 1.208438E+00 1.154017E+01
6.158800E+01 1.209237E+00 1.154114E+01
6.168700E+01 1.210035E+00 1.154211E+01
6.178600E+01 1.210832E+00 1.153795E+01
6.188500E+01 1.211627E+00 1.153894E+01
6.198400E+01 1.212421E+00 1.153993E+01
6.208300E+01 1.213214E+00 1.154093E+01
6.218200E+01 1.214005E+00 1.153680E+01
6.228100E+01 1.214795E+00 1.153781E+01
6.238000E+01 1.215584E+00 1.153882E+01
6.247900E+01 1.216372E+00 1.153984E+01
6.257800E+01 1.217158E+00 1.153575E+01
6.267700E+01 1.217943E+00 1.153678E+01
6.277600E+01 1.218727E+00 1.153781E+01
6.287500E+01 1.219509E+00 1.153884E+01
6.297400E+01 1.220290E+00 1.153480E+01
6.307300E+01 1.221070E+00 1.153585E+01
6.317200E+01 1.221849E+00 1.153689E+01
6.327100E+01 1.222626E+00 1.153795E+01
6.337000E+01 1.223402E+00 1.153394E+01
6.346900E+01 1.224177E+00 1.153500E+01
6.356800E+01 1.224951E+00 1.153607E+01
6.366700E+01 1.225723E+00 1.153714E+01
6.376600E+01 1.226494E+00 1.153317E+01
6.386500E+01 1.227264E+00 1.153426E+01
6.396400E+01 1.228033E+00 1.153534E+01
6.406300E+01 1.228800E+00 1.153643E+01
6.416200E+01 1.229567E+00 1.153250E+01
6.426100E+01 1.230331E+00 1.153360E+01
6.436000E+01 1.231095E+00 1.153470E+01
6.445900E+01 1.231858E+00 1.153581E+01
6.455800E+01 1.232619E+00 1.153191E+01
6.465700E+01 1.233379E+00 1.153303E+01
6.475600E+01 1.234138E+00 1.153415E+01
6.485500E+01 1.234896E+00 1.153028E+01
6.495400E+01 1.235652E+00 1.153141E+01
6.505300E+01 1.236408E+00 1.153254E+01
6.515200E+01 1.237162E+00 1.153368E+01
6.525100E+01 1.237915E+00 1.152985E+01
6.535000E+01 1.238666E+00 1.153100E+01
6.544900E+01 1.239417E+00 1.153215E+01
6.554800E+01 1.240166E+00 1.152834E+01
6.564700E+01 1.240914E+00 1.152950E+01
6.574600E+01 1.241661E+00 1.153066E+01
6.584500E+01 1.242407E+00 1.153183E+01
6.594400E+01 1.243151E+00 1.152806E+01
6.604300E+01 1.243895E+00 1.152924E+01
6.614200E+01 1.244637E+00 1.153042E+01
6.624100E+01 1.245378E+00 1.152667E+01
6.634000E+01 1.246118E+00 1.152786E+01
6.643900E+01 1.246857E+00 1.152905E+01
6.653800E+01 1.247594E+00 1.153025E+01
6.663700E+01 1.248331E+00 1.152654E+01
6.673600E+01 1.249066E+00 1.152774E+01
6.683500E+01 1.249800E+00 1.152895E+01
6.693400E+01 1.250533E+00 1.152527E+01
6.703300E+01 1.251265E+00 1.152648E+01
6.713200E+01 1.251996E+00 1.152770E+01
6.723100E+01 1.252725E+00 1.152404E+01
6.733000E+01 1.253454E+00 1.152527E+01
6.742900E+01 1.254181E+00 1.152650E+01
6.752800E+01 1.254907E+00 1.152287E+01
6.762700E+01 1.255632E+00 1.152411E+01
6.772600E+01 1.256356E+00 1.152535E+01
6.782500E+01 1.257079E+00 1.152660E+01
6.792400E+01 1.257800E+00 1.152300E+01
6.802300E+01 1.258521E+00 1.152425E+01
6.812200E+01 1.259240E+00 1.152551E+01
6.822100E+01 1.259958E+00 1.152193E+01
6.832000E+01 1.260676E+00 1.152320E+01
6.841900E+01 1.261392E+00 1.152447E+01
6.851800E+01 1.262107E+00 1.152091E+01
6.861700E+01 1.262821E+00 1.152219E+01
6.871600E+01 1.263533E+00 1.152347E+01
6.881500E+01 1.264245E+00 1.151994E+01
6.891400E+01 1.264955E+00 1.152123E+01
6.901300E+01 1.265665E+00 1.152252E+01
6.911200E+01 1.266373E+00 1.151902E+01
6.921100E+01 1.267081E+00 1.152032E+01
6.931000E+01 1.267787E+00 1.152162E+01
6.940900E+01 1.268492E+00 1.151814E+01
6.950800E+01 1.269196E+00 1.151945E+01
6.960700E+01 1.269899E+00 1.152076E+01
6.970600E+01 1.270601E+00 1.151730E+01
6.980500E+01 1.271301E+00 1.151862E+01
6.990400E+01 1.272001E+00 1.151995E+01
7.000300E+01 1.272700E+00 1.151651E+01
7.010200E+01 1.273397E+00 1.151784E+01
7.020100E+01 1.274094E+00 1.151918E+01
7.030000E+01 1.274789E+00 1.151577E+01
7.039900E+01 1.275484E+00 1.151711E+01
7.049800E+01 1.276177E+00 1.151845E+01
7.059700E+01 1.276869E+00 1.151506E+01
7.069600E+01 1.277561E+00 1.151641E+01
7.079500E+01 1.278251E+00 1.151777E+01
7.089400E+01 1.278940E+00 1.151440E+01
7.099300E+01 1.279628E+00 1.151576E+01
7.109200E+01 1.280315E+00 1.151712E+01
7.119100E+01 1.281001E+00 1.151378E+01
7.129000E+01 1.281686E+00 1.151515E+01
7.138900E+01 1.282370E+00 1.151652E+01
7.148800E+01 1.283053E+00 1.151320E+01
7.158700E+01 1.283735E+00 1.151458E+01
7.168600E+01 1.284416E+00 1.151596E+01
7.178500E+01 1.285096E+00 1.151266E+01
7.188400E+01 1.285774E+00 1.151405E+01
7.198300E+01 1.286452E+00 1.151077E+01
7.208200E+01 1.287129E+00 1.151216E+01
7.218100E+01 1.287805E+00 1.151356E+01
7.228000E+01 1.288479E+00 1.151030E+01
7.237900E+01 1.289153E+00 1.151170E+01
7.247800E+01 1.289826E+00 1.151311E+01
7.257700E+01 1.290498E+00 1.150987E+01
7.267600E+01 1.291168E+00 1.151129E+01
7.277500E+01 1.291838E+00 1.151270E+01
7.287400E+01 1.292507E+00 1.150948E+01
7.297300E+01 1.293174E+00 1.151090E+01
7.307200E+01 1.293841E+00 1.150770E+01
7.317100E+01 1.294507E+00 1.150913E+01
7.327000E+01 1.295171E+00 1.151056E+01
7.336900E+01 1.295835E+00 1.150737E+01
7.346800E+01 1.296498E+00 1.150881E+01
7.356700E+01 1.297160E+00 1.151026E+01
7.366600E+01 1.297820E+00 1.150709E+01
7.376500E+01 1.298480E+00 1.150854E+01
7.386400E+01 1.299139E+00 1.150539E+01
7.396300E+01 1.299797E+00 1.150684E+01
7.406200E+01 1.300454E+00 1.150830E+01
7.416100E+01 1.301110E+00 1.150517E+01
7.426000E+01 1.301765E+00 1.150663E+01
7.435900E+01 1.302419E+00 1.150810E+01
7.445800E+01 1.303071E+00 1.150498E+01
7.455700E+01 1.303724E+00 1.150645E+01
7.465600E+01 1.304375E+00 1.150335E+01
7.475500E+01 1.305025E+00 1.150483E+01
7.485400E+01 1.305674E+00 1.150631E+01
7.495300E+01 1.306322E+00 1.150323E+01
7.505200E+01 1.306969E+00 1.150472E+01
7.515100E+01 1.307616E+00 1.150165E+01
7.525000E+01 1.308261E+00 1.150315E+01
7.534900E+01 1.308905E+00 1.150464E+01
7.544800E+01 1.309549E+00 1.150159E+01
7.554700E+01 1.310191E+00 1.150309E+01
7.564600E+01 1.310833E+00 1.150006E+01
7.574500E+01 1.311473E+00 1.150157E+01
7.584400E+01 1.312113E+00 1.150308E+01
7.594300E+01 1.312752E+00 1.150006E+01
7.604200E+01 1.313390E+00 1.150158E+01
7.614100E+01 1.314026E+00 1.149857E+01
7.624000E+01 1.314662E+00 1.150010E+01
7.633900E+01 1.315297E+00 1.150162E+01
7.643800E+01 1.315932E+00 1.149863E+01
7.653700E+01 1.316565E+00 1.150016E+01
7.663600E+01 1.317197E+00 1.149719E+01
7.673500E+01 1.317828E+00 1.149873E+01
7.683400E+01 1.318459E+00 1.150026E+01
7.693300E+01 1.319088E+00 1.149731E+01
7.703200E+01 1.319717E+00 1.149885E+01
7.713100E+01 1.320345E+00 1.149591E+01
7.723000E+01 1.320971E+00 1.149746E+01
7.732900E+01 1.321597E+00 1.149901E+01
7.742800E+01 1.322222E+00 1.149608E+01
7.752700E+01 1.322846E+00 1.149764E+01
7.762600E+01 1.323469E+00 1.149473E+01
7.772500E+01 1.324092E+00 1.149629E+01
7.782400E+01 1.324713E+00 1.149339E+01
7.792300E+01 1.325333E+00 1.149496E+01
7.802200E+01 1.325953E+00 1.149653E+01
7.812100E+01 1.326572E+00 1.149365E+01
7.822000E+01 1.327190E+00 1.149522E+01
7.831900E+01 1.327806E+00 1.149235E+01
7.841800E+01 1.328422E+00 1.149393E+01
7.851700E+01 1.329038E+00 1.149551E+01
7.861600E+01 1.329652E+00 1.149266E+01
7.871500E+01 1.330265E+00 1.149424E+01
7.881400E+01 1.330878E+00 1.149140E+01
7.891300E+01 1.331489E+00 1.149299E+01
7.901200E+01 1.332100E+00 1.149017E+01
7.911100E+01 1.332710E+00 1.149176E+01
7.921000E+01 1.333319E+00 1.149336E+01
7.930900E+01 1.333927E+00 1.149055E+01
7.940800E+01 1.334534E+00 1.149215E+01
7.950700E+01 1.335141E+00 1.148936E+01
7.960600E+01 1.335746E+00 1.149096E+01
7.970500E+01 1.336351E+00 1.148818E+01
7.980400E+01 1.336955E+00 1.148979E+01
7.990300E+01 1.337558E+00 1.148702E+01
8.000200E+01 1.338160E+00 1.148863E+01
8.010100E+01 1.338761E+00 1.149025E+01
8.020000E+01 1.339361E+00 1.148749E+01
8.029900E+01 1.339961E+00 1.148912E+01
8.039800E+01 1.340560E+00 1.148637E+01
8.049700E+01 1.341157E+00 1.148800E+01
8.059600E+01 1.341754E+00 1.148526E+01
8.069500E+01 1.342351E+00 1.148690E+01
8.079400E+01 1.342946E+00 1.148853E+01
8.089300E+01 1.343540E+00 1.148581E+01
8.099200E+01 1.344134E+00 1.148745E+01
8.109100E+01 1.344727E+00 1.148474E+01
8.119000E+01 1.345319E+00 1.148639E+01
8.128900E+01 1.345910E+00 1.148369E+01
8.138800E+01 1.346500E+00 1.148534E+01
8.148700E+01 1.347090E+00 1.148266E+01
8.158600E+01 1.347678E+00 1.148431E+01
8.168500E+01 1.348266E+00 1.148164E+01
8.178400E+01 1.348853E+00 1.148329E+01
8.188300E+01 1.349439E+00 1.148495E+01
8.198200E+01 1.350025E+00 1.148229E+01
8.208100E+01 1.350609E+00 1.148396E+01
8.218000E+01 1.351193E+00 1.148131E+01
8.227900E+01 1.351776E+00 1.148298E+01
8.237800E+01 1.352358E+00 1.148034E+01
8.247700E+01 1.352939E+00 1.148201E+01
8.257600E+01 1.353519E+00 1.147939E+01
8.267500E+01 1.354099E+00 1.148107E+01
8.277400E+01 1.354678E+00 1.147845E+01
8.287300E+01 1.355256E+00 1.148013E+01
8.297200E+01 1.355833E+00 1.147753E+01
8.307100E+01 1.356410E+00 1.147921E+01
8.317000E+01 1.356985E+00 1.148090E+01
8.326900E+01 1.357560E+00 1.147831E+01
8.336800E+01 1.358134E+00 1.148000E+01
8.346700E+01 1.358707E+00 1.147742E+01
8.356600E+01 1.359280E+00 1.147912E+01
8.366500E+01 1.359851E+00 1.147655E+01
8.376400E+01 1.360422E+00 1.147825E+01
8.386300E+01 1.360992E+00 1.147569E+01
8.396200E+01 1.361561E+00 1.147740E+01
8.406100E+01 1.362130E+00 1.147485E+01
8.416000E+01 1.362697E+00 1.147656E+01
8.425900E+01 1.363264E+00 1.147402E+01
8.435800E+01 1.363830E+00 1.147573E+01
8.445700E+01 1.364396E+00 1.147320E+01
8.455600E+01 1.364960E+00 1.147492E+01
8.465500E+01 1.365524E+00 1.147240E+01
8.475400E+01 1.366087E+00 1.147412E+01
8.485300E+01 1.366649E+00 1.147161E+01
8.495200E+01 1.367211E+00 1.147334E+01
8.505100E+01 1.367771E+00 1.147084E+01
8.515000E+01 1.368331E+00 1.147257E+01
8.524900E+01 1.368890E+00 1.147008E+01
8.534800E+01 1.369449E+00 1.147182E+01
8.544700E+01 1.370006E+00 1.146934E+01
8.554600E+01 1.370563E+00 1.147108E+01
8.564500E+01 1.371119E+00 1.147281E+01
8.574400E+01 1.371675E+00 1.147035E+01
8.584300E+01 1.372229E+00 1.147209E+01
8.594200E+01 1.372783E+00 1.146964E+01
8.604100E+01 1.373336E+00 1.147138E+01
8.614000E+01 1.373888E+00 1.146894E+01
8.623900E+01 1.374440E+00 1.147069E+01
8.633800E+01 1.374991E+00 1.146825E+01
8.643700E+01 1.375541E+00 1.147000E+01
8.653600E+01 1.376090E+00 1.146758E+01
8.663500E+01 1.376639E+00 1.146933E+01
8.673400E+01 1.377186E+00 1.146692E+01
8.683300E+01 1.377733E+00 1.146868E+01
8.693200E+01 1.378280E+00 1.146627E+01
8.703100E+01 1.378825E+00 1.146804E+01
8.713000E+01 1.379370E+00 1.146564E+01
8.722900E+01 1.379914E+00 1.146741E+01
8.732800E+01 1.380458E+00 1.146502E+01
8.742700E+01 1.381000E+00 1.146679E+01
8.752600E+01 1.381542E+00 1.146441E+01
8.762500E+01 1.382083E+00 1.146619E+01
8.772400E+01 1.382624E+00 1.146381E+01
8.782300E+01 1.383163E+00 1.146559E+01
8.792200E+01 1.383702E+00 1.146323E+01
8.802100E+01 1.384240E+00 1.146502E+01
8.812000E+01 1.384778E+00 1.146266E+01
8.821900E+01 1.385315E+00 1.146032E+01
8.831800E+01 1.385851E+00 1.146211E+01
8.841700E+01 1.386386E+00 1.145977E+01
8.851600E+01 1.386921E+00 1.146156E+01
8.861500E+01 1.387455E+00 1.145924E+01
8.871400E+01 1.387988E+00 1.146103E+01
8.881300E+01 1.388520E+00 1.145871E+01
8.891200E+01 1.389052E+00 1.146051E+01
8.901100E+01 1.389583E+00 1.145820E+01
8.911000E+01 1.390113E+00 1.146000E+01
8.920900E+01 1.390643E+00 1.145770E+01
8.930800E+01 1.391172E+00 1.145951E+01
8.940700E+01 1.391700E+00 1.145722E+01
8.950600E+01 1.392228E+00 1.145903E+01
8.960500E+01 1.392754E+00 1.145674E+01
8.970400E+01 1.393280E+00 1.145856E+01
8.980300E+01 1.393806E+00 1.145628E+01
8.990200E+01 1.394331E+00 1.145810E+01
9.000100E+01 1.394854E+00 1.145583E+01
9.010000E+01 1.395378E+00 1.145765E+01
9.019900E+01 1.395900E+00 1.145539E+01
9.029800E+01 1.396422E+00 1.145721E+01
9.039700E+01 1.396943E+00 1.145496E+01
9.049600E+01 1.397464E+00 1.145272E+01
9.059500E+01 1.397984E+00 1.145455E+01
9.069400E+01 1.398503E+00 1.145231E+01
9.079300E+01 1.399021E+00 1.145414E+01
9.089200E+01 1.399539E+00 1.145192E+01
9.099100E+01 1.400056E+00 1.145375E+01
9.109000E+01 1.400573E+00 1.145153E+01
9.118900E+01 1.401088E+00 1.145337E+01
9.128800E+01 1.401603E+00 1.145116E+01
9.138700E+01 1.402118E+00 1.145300E+01
9.148600E+01 1.402631E+00 1.145080E+01
9.158500E+01 1.403144E+00 1.145264E+01
9.168400E+01 1.403656E+00 1.145045E+01
9.178300E+01 1.404168E+00 1.145230E+01
9.188200E+01 1.404679E+00 1.145011E+01
9.198100E+01 1.405189E+00 1.144793E+01
9.208000E+01 1.405699E+00 1.144978E+01
9.217900E+01 1.406208E+00 1.144761E+01
9.227800E+01 1.406716E+00 1.144946E+01
9.237700E+01 1.407224E+00 1.144730E+01
9.247600E+01 1.407731E+00 1.144916E+01
9.257500E+01 1.408237E+00 1.144700E+01
9.267400E+01 1.408742E+00 1.144886E+01
9.277300E+01 1.409247E+00 1.144671E+01
9.287200E+01 1.409752E+00 1.144858E+01
9.297100E+01 1.410255E+00 1.144644E+01
9.307000E+01 1.410758E+00 1.144430E+01
9.316900E+01 1.411261E+00 1.144617E+01
9.326800E+01 1.411762E+00 1.144404E+01
9.336700E+01 1.412263E+00 1.144591E+01
9.346600E+01 1.412763E+00 1.144380E+01
9.356500E+01 1.413263E+00 1.144567E+01
9.366400E+01 1.413762E+00 1.144356E+01
9.376300E+01 1.414261E+00 1.144544E+01
9.386200E+01 1.414758E+00 1.144333E+01
9.396100E+01 1.415255E+00 1.144123E+01
9.406000E+01 1.415752E+00 1.144311E+01
9.415900E+01 1.416248E+00 1.144102E+01
9.425800E+01 1.416743E+00 1.144291E+01
9.435700E+01 1.417237E+00 1.144082E+01
9.445600E+01 1.417731E+00 1.144271E+01
9.455500E+01 1.418224E+00 1.144063E+01
9.465400E+01 1.418717E+00 1.144252E+01
9.475300E+01 1.419209E+00 1.144046E+01
9.485200E+01 1.419700E+00 1.143839E+01
9.495100E+01 1.420191E+00 1.144029E+01
9.505000E+01 1.420681E+00 1.143823E+01
9.514900E+01 1.421170E+00 1.144013E+01
9.524800E+01 1.421659E+00 1.143808E+01
9.534700E+01 1.422147E+00 1.143998E+01
9.544600E+01 1.422634E+00 1.143794E+01
9.554500E+01 1.423121E+00 1.143590E+01
9.564400E+01 1.423608E+00 1.143780E+01
9.574300E+01 1.424093E+00 1.143578E+01
9.584200E+01 1.424578E+00 1.143768E+01
9.594100E+01 1.425063E+00 1.143566E+01
9.604000E+01 1.425546E+00 1.143757E+01
9.613900E+01 1.426029E+00 1.143556E+01
9.623800E+01 1.426512E+00 1.143355E+01
9.633700E+01 1.426994E+00 1.143546E+01
9.643600E+01 1.427475E+00 1.143346E+01
9.653500E+01 1.427956E+00 1.143537E+01
9.663400E+01 1.428436E+00 1.143338E+01
9.673300E+01 1.428915E+00 1.143530E+01
9.683200E+01 1.429394E+00 1.143331E+01
9.693100E+01 1.429872E+00 1.143132E+01
9.703000E+01 1.430350E+00 1.143325E+01
9.712900E+01 1.430827E+00 1.143127E+01
9.722800E+01 1.431303E+00 1.143320E+01
9.732700E+01 1.431779E+00 1.143123E+01
9.742600E+01 1.432254E+00 1.142926E+01
9.752500E+01 1.432728E+00 1.143119E+01
9.762400E+01 1.433202E+00 1.142923E+01
9.772300E+01 1.433675E+00 1.143116E+01
9.782200E+01 1.434148E+00 1.142921E+01
9.792100E+01 1.434620E+00 1.143115E+01
9.802000E+01 1.435092E+00 1.142920E+01
9.811900E+01 1.435563E+00 1.142726E+01
9.821800E+01 1.436033E+00 1.142920E+01
9.831700E+01 1.436503E+00 1.142727E+01
9.841600E+01 1.436972E+00 1.142921E+01
9.851500E+01 1.437440E+00 1.142728E+01
9.861400E+01 1.437908E+00 1.142536E+01
9.871300E+01 1.438376E+00 1.142731E+01
9.881200E+01 1.438842E+00 1.142539E+01
9.891100E+01 1.439308E+00 1.142734E+01
9.901000E+01 1.439774E+00 1.142543E+01
9.910900E+01 1.440239E+00 1.142353E+01
9.920800E+01 1.440703E+00 1.142548E+01
9.930700E+01 1.441167E+00 1.142358E+01
9.940600E+01 1.441630E+00 1.142553E+01
9.950500E+01 1.442093E+00 1.142364E+01
9.960400E+01 1.442555E+00 1.142175E+01
9.970300E+01 1.443016E+00 1.142371E+01
9.980200E+01 1.443477E+00 1.142183E+01
9.990100E+01 1.443938E+00 1.142379E+01
