1.000000E+00 NAN NAN
1.099000E+00 1.279372E-01 2.169809E+01
1.198000E+00 1.341045E-01 1.898103E+01
1.297000E+00 1.402536E-01 1.827265E+01
1.396000E+00 1.463707E-01 1.757735E+01
1.495000E+00 1.524488E-01 1.702324E+01
1.594000E+00 1.584831E-01 1.657539E+01
1.693000E+00 1.644705E-01 1.620941E+01
1.792000E+00 1.704091E-01 1.590779E+01
1.891000E+00 1.762974E-01 1.556710E+01
1.990000E+00 1.821349E-01 1.527980E+01
2.089000E+00 1.879215E-01 1.511481E+01
2.188000E+00 1.936573E-01 1.490209E+01
2.287000E+00 1.993426E-01 1.471975E+01
2.386000E+00 2.049780E-01 1.456296E+01
2.485000E+00 2.105640E-01 1.442784E+01
2.584000E+00 2.161014E-01 1.425017E+01
2.683000E+00 2.215909E-01 1.415197E+01
2.782000E+00 2.270334E-01 1.406736E+01
2.881000E+00 2.324295E-01 1.394054E+01
2.980000E+00 2.377802E-01 1.382804E+01
3.079000E+00 2.430863E-01 1.377804E+01
3.178000E+00 2.483486E-01 1.368735E+01
3.277000E+00 2.535678E-01 1.360659E+01
3.376000E+00 2.587449E-01 1.353465E+01
3.475000E+00 2.638806E-01 1.347057E+01
3.574000E+00 2.689758E-01 1.341355E+01
3.673000E+00 2.740311E-01 1.336286E+01
3.772000E+00 2.790473E-01 1.331788E+01
3.871000E+00 2.840251E-01 1.327808E+01
3.970000E+00 2.889652E-01 1.324296E+01
4.069000E+00 2.938684E-01 1.317462E+01
4.168000E+00 2.987353E-01 1.314847E+01
4.267000E+00 3.035664E-01 1.312582E+01
4.366000E+00 3.083626E-01 1.307137E+01
4.465000E+00 3.131243E-01 1.305555E+01
4.564000E+00 3.178522E-01 1.300886E+01
4.663000E+00 3.225468E-01 1.299878E+01
4.762000E+00 3.272087E-01 1.295869E+01
4.861000E+00 3.318385E-01 1.292188E+01
4.960000E+00 3.364368E-01 1.291904E+01
5.059000E+00 3.410039E-01 1.288746E+01
5.158000E+00 3.455404E-01 1.285850E+01
5.257000E+00 3.500468E-01 1.283200E+01
5.356000E+00 3.545236E-01 1.283662E+01
5.455000E+00 3.589713E-01 1.281402E+01
5.554000E+00 3.633902E-01 1.279342E+01
5.653000E+00 3.677808E-01 1.277469E+01
5.752000E+00 3.721437E-01 1.275772E+01
5.851000E+00 3.764791E-01 1.274238E+01
5.950000E+00 3.807874E-01 1.272858E+01
6.049000E+00 3.850692E-01 1.271623E+01
6.148000E+00 3.893247E-01 1.270524E+01
6.247000E+00 3.935543E-01 1.269552E+01
6.346000E+00 3.977584E-01 1.268701E+01
6.445000E+00 4.019374E-01 1.267964E+01
6.544000E+00 4.060916E-01 1.264913E+01
6.643000E+00 4.102213E-01 1.264413E+01
6.742000E+00 4.143270E-01 1.264008E+01
6.841000E+00 4.184088E-01 1.263692E+01
6.940000E+00 4.224671E-01 1.261159E+01
7.039000E+00 4.265022E-01 1.261033E+01
7.138000E+00 4.305145E-01 1.260983E+01
7.237000E+00 4.345042E-01 1.258782E+01
7.336000E+00 4.384716E-01 1.258893E+01
7.435000E+00 4.424171E-01 1.259069E+01
7.534000E+00 4.463407E-01 1.257155E+01
7.633000E+00 4.502429E-01 1.257469E+01
7.732000E+00 4.541239E-01 1.255733E+01
7.831000E+00 4.579840E-01 1.256173E+01
7.930000E+00 4.618234E-01 1.254600E+01
8.029000E+00 4.656424E-01 1.255153E+01
8.128000E+00 4.694411E-01 1.253728E+01
8.227000E+00 4.732199E-01 1.254384E+01
8.326000E+00 4.769789E-01 1.253096E+01
8.425000E+00 4.807184E-01 1.251883E+01
8.524000E+00 4.844387E-01 1.252681E+01
8.623000E+00 4.881399E-01 1.251588E+01
8.722000E+00 4.918222E-01 1.252467E+01
8.821000E+00 4.954859E-01 1.251483E+01
8.920000E+00 4.991312E-01 1.250561E+01
9.019000E+00 5.027582E-01 1.249697E+01
9.118000E+00 5.063672E-01 1.250729E+01
9.217000E+00 5.099583E-01 1.249958E+01
9.316000E+00 5.135317E-01 1.249239E+01
9.415000E+00 5.170877E-01 1.248570E+01
9.514000E+00 5.206265E-01 1.249729E+01
9.613000E+00 5.241481E-01 1.249140E+01
9.712000E+00 5.276528E-01 1.248595E+01
9.811000E+00 5.311408E-01 1.248094E+01
9.910000E+00 5.346122E-01 1.247635E+01
1.000900E+01 5.380672E-01 1.247215E+01
1.010800E+01 5.415060E-01 1.246835E+01
1.020700E+01 5.449287E-01 1.248176E+01
1.030600E+01 5.483355E-01 1.247855E+01
1.040500E+01 5.517265E-01 1.247570E+01
1.050400E+01 5.551018E-01 1.247318E+01
1.060300E+01 5.584617E-01 1.247099E+01
1.070200E+01 5.618063E-01 1.246911E+01
1.080100E+01 5.651357E-01 1.246754E+01
1.090000E+01 5.684501E-01 1.246626E+01
1.099900E+01 5.717496E-01 1.246526E+01
1.109800E+01 5.750344E-01 1.246454E+01
1.119700E+01 5.783045E-01 1.246408E+01
1.129600E+01 5.815602E-01 1.246388E+01
1.139500E+01 5.848016E-01 1.246393E+01
1.149400E+01 5.880287E-01 1.246422E+01
1.159300E+01 5.912418E-01 1.244945E+01
1.169200E+01 5.944409E-01 1.245029E+01
1.179100E+01 5.976262E-01 1.245134E+01
1.189000E+01 6.007978E-01 1.245260E+01
1.198900E+01 6.039558E-01 1.245407E+01
1.208800E+01 6.071004E-01 1.245573E+01
1.218700E+01 6.102316E-01 1.245759E+01
1.228600E+01 6.133495E-01 1.244499E+01
1.238500E+01 6.164544E-01 1.244729E+01
1.248400E+01 6.195463E-01 1.244976E+01
1.258300E+01 6.226252E-01 1.245240E+01
1.268200E+01 6.256914E-01 1.245521E+01
1.278100E+01 6.287449E-01 1.244395E+01
1.288000E+01 6.317858E-01 1.244714E+01
1.297900E+01 6.348142E-01 1.245047E+01
1.307800E+01 6.378303E-01 1.245395E+01
1.317700E+01 6.408342E-01 1.244367E+01
1.327600E+01 6.438258E-01 1.244749E+01
1.337500E+01 6.468054E-01 1.245144E+01
1.347400E+01 6.497731E-01 1.244186E+01
1.357300E+01 6.527288E-01 1.244612E+01
1.367200E+01 6.556728E-01 1.245051E+01
1.377100E+01 6.586051E-01 1.244156E+01
1.387000E+01 6.615258E-01 1.244623E+01
1.396900E+01 6.644350E-01 1.245101E+01
1.406800E+01 6.673328E-01 1.244266E+01
1.416700E+01 6.702193E-01 1.244771E+01
1.426600E+01 6.730945E-01 1.245285E+01
1.436500E+01 6.759586E-01 1.244505E+01
1.446400E+01 6.788116E-01 1.245045E+01
1.456300E+01 6.816536E-01 1.244302E+01
1.466200E+01 6.844848E-01 1.244864E+01
1.476100E+01 6.873051E-01 1.244157E+01
1.486000E+01 6.901147E-01 1.244741E+01
1.495900E+01 6.929136E-01 1.245334E+01
1.505800E+01 6.957020E-01 1.244673E+01
1.515700E+01 6.984799E-01 1.245286E+01
1.525600E+01 7.012473E-01 1.244657E+01
1.535500E+01 7.040045E-01 1.245289E+01
1.545400E+01 7.067513E-01 1.244690E+01
1.555300E+01 7.094880E-01 1.245341E+01
1.565200E+01 7.122145E-01 1.244771E+01
1.575100E+01 7.149311E-01 1.245439E+01
1.585000E+01 7.176376E-01 1.244897E+01
1.594900E+01 7.203342E-01 1.245581E+01
1.604800E+01 7.230210E-01 1.245066E+01
1.614700E+01 7.256980E-01 1.244567E+01
1.624600E+01 7.283653E-01 1.245276E+01
1.634500E+01 7.310230E-01 1.244802E+01
1.644400E+01 7.336712E-01 1.245525E+01
1.654300E+01 7.363098E-01 1.245075E+01
1.664200E+01 7.389390E-01 1.245812E+01
1.674100E+01 7.415589E-01 1.245385E+01
1.684000E+01 7.441694E-01 1.244972E+01
1.693900E+01 7.467707E-01 1.245730E+01
1.703800E+01 7.493628E-01 1.245338E+01
1.713700E+01 7.519458E-01 1.244959E+01
1.723600E+01 7.545198E-01 1.245736E+01
1.733500E+01 7.570847E-01 1.245378E+01
1.743400E+01 7.596407E-01 1.245032E+01
1.753300E+01 7.621879E-01 1.245827E+01
1.763200E+01 7.647262E-01 1.245500E+01
1.773100E+01 7.672557E-01 1.245185E+01
1.783000E+01 7.697766E-01 1.245997E+01
1.792900E+01 7.722888E-01 1.245699E+01
1.802800E+01 7.747924E-01 1.245413E+01
1.812700E+01 7.772875E-01 1.246240E+01
1.822600E+01 7.797742E-01 1.245971E+01
1.832500E+01 7.822524E-01 1.245711E+01
1.842400E+01 7.847222E-01 1.245462E+01
1.852300E+01 7.871837E-01 1.246310E+01
1.862200E+01 7.896369E-01 1.246076E+01
1.872100E+01 7.920819E-01 1.245853E+01
1.882000E+01 7.945188E-01 1.246713E+01
1.891900E+01 7.969475E-01 1.246504E+01
1.901800E+01 7.993682E-01 1.246304E+01
1.911700E+01 8.017809E-01 1.246114E+01
1.921600E+01 8.041856E-01 1.245932E+01
1.931500E+01 8.065824E-01 1.246814E+01
1.941400E+01 8.089714E-01 1.246645E+01
1.951300E+01 8.113525E-01 1.246485E+01
1.961200E+01 8.137259E-01 1.246333E+01
1.971100E+01 8.160915E-01 1.246189E+01
1.981000E+01 8.184495E-01 1.247090E+01
1.990900E+01 8.207998E-01 1.246959E+01
2.000800E+01 8.231426E-01 1.246835E+01
2.010700E+01 8.254778E-01 1.246718E+01
2.020600E+01 8.278056E-01 1.246609E+01
2.030500E+01 8.301259E-01 1.246508E+01
2.040400E+01 8.324388E-01 1.247429E+01
2.050300E+01 8.347443E-01 1.247338E+01
2.060200E+01 8.370425E-01 1.247255E+01
2.070100E+01 8.393335E-01 1.247178E+01
2.080000E+01 8.416172E-01 1.247108E+01
2.089900E+01 8.438937E-01 1.247044E+01
2.099800E+01 8.461631E-01 1.246987E+01
2.109700E+01 8.484254E-01 1.246936E+01
2.119600E+01 8.506806E-01 1.246892E+01
2.129500E+01 8.529288E-01 1.247840E+01
2.139400E+01 8.551700E-01 1.247805E+01
2.149300E+01 8.574042E-01 1.247776E+01
2.159200E+01 8.596315E-01 1.247753E+01
2.169100E+01 8.618520E-01 1.247735E+01
2.179000E+01 8.640656E-01 1.247723E+01
2.188900E+01 8.662725E-01 1.247717E+01
2.198800E+01 8.684726E-01 1.247717E+01
2.208700E+01 8.706660E-01 1.247722E+01
2.218600E+01 8.728527E-01 1.247732E+01
2.228500E+01 8.750327E-01 1.247748E+01
2.238400E+01 8.772062E-01 1.247768E+01
2.248300E+01 8.793731E-01 1.247794E+01
2.258200E+01 8.815334E-01 1.247825E+01
2.268100E+01 8.836873E-01 1.247861E+01
2.278000E+01 8.858347E-01 1.247902E+01
2.287900E+01 8.879756E-01 1.247947E+01
2.297800E+01 8.901102E-01 1.247997E+01
2.307700E+01 8.922385E-01 1.248052E+01
2.317600E+01 8.943604E-01 1.248112E+01
2.327500E+01 8.964760E-01 1.248176E+01
2.337400E+01 8.985853E-01 1.248244E+01
2.347300E+01 9.006885E-01 1.248317E+01
2.357200E+01 9.027854E-01 1.248394E+01
2.367100E+01 9.048762E-01 1.248475E+01
2.377000E+01 9.069609E-01 1.248560E+01
2.386900E+01 9.090395E-01 1.248650E+01
2.396800E+01 9.111120E-01 1.248743E+01
2.406700E+01 9.131785E-01 1.248841E+01
2.416600E+01 9.152390E-01 1.248942E+01
2.426500E+01 9.172936E-01 1.249047E+01
2.436400E+01 9.193422E-01 1.249156E+01
2.446300E+01 9.213849E-01 1.249269E+01
2.456200E+01 9.234217E-01 1.249386E+01
2.466100E+01 9.254527E-01 1.248614E+01
2.476000E+01 9.274778E-01 1.248740E+01
2.485900E+01 9.294972E-01 1.248869E+01
2.495800E+01 9.315109E-01 1.249002E+01
2.505700E+01 9.335188E-01 1.249139E+01
2.515600E+01 9.355210E-01 1.249278E+01
2.525500E+01 9.375175E-01 1.249421E+01
2.535400E+01 9.395084E-01 1.249568E+01
2.545300E+01 9.414937E-01 1.249717E+01
2.555200E+01 9.434734E-01 1.248999E+01
2.565100E+01 9.454475E-01 1.249157E+01
2.575000E+01 9.474161E-01 1.249318E+01
2.584900E+01 9.493792E-01 1.249482E+01
2.594800E+01 9.513369E-01 1.249649E+01
2.604700E+01 9.532891E-01 1.249819E+01
2.614600E+01 9.552358E-01 1.249992E+01
2.624500E+01 9.571772E-01 1.249312E+01
2.634400E+01 9.591132E-01 1.249493E+01
2.644300E+01 9.610439E-01 1.249676E+01
2.654200E+01 9.629692E-01 1.249862E+01
2.664100E+01 9.648893E-01 1.250051E+01
2.674000E+01 9.668041E-01 1.250242E+01
2.683900E+01 9.687137E-01 1.249593E+01
2.693800E+01 9.706181E-01 1.249792E+01
2.703700E+01 9.725172E-01 1.249993E+01
2.713600E+01 9.744112E-01 1.250196E+01
2.723500E+01 9.763001E-01 1.250402E+01
2.733400E+01 9.781839E-01 1.249778E+01
2.743300E+01 9.800625E-01 1.249990E+01
2.753200E+01 9.819361E-01 1.250205E+01
2.763100E+01 9.838047E-01 1.250423E+01
2.773000E+01 9.856682E-01 1.250642E+01
2.782900E+01 9.875268E-01 1.250041E+01
2.792800E+01 9.893803E-01 1.250267E+01
2.802700E+01 9.912289E-01 1.250495E+01
2.812600E+01 9.930726E-01 1.250725E+01
2.822500E+01 9.949114E-01 1.250142E+01
2.832400E+01 9.967454E-01 1.250378E+01
2.842300E+01 9.985744E-01 1.250616E+01
2.852200E+01 1.000399E+00 1.250856E+01
2.862100E+01 1.002218E+00 1.250291E+01
2.872000E+01 1.004033E+00 1.250537E+01
2.881900E+01 1.005843E+00 1.250785E+01
2.891800E+01 1.007648E+00 1.251034E+01
2.901700E+01 1.009448E+00 1.250486E+01
2.911600E+01 1.011244E+00 1.250741E+01
2.921500E+01 1.013035E+00 1.250997E+01
2.931400E+01 1.014821E+00 1.251256E+01
2.941300E+01 1.016603E+00 1.250723E+01
2.951200E+01 1.018380E+00 1.250987E+01
2.961100E+01 1.020152E+00 1.251252E+01
2.971000E+01 1.021920E+00 1.250732E+01
2.980900E+01 1.023684E+00 1.251002E+01
2.990800E+01 1.025443E+00 1.251274E+01
3.000700E+01 1.027197E+00 1.250766E+01
3.010600E+01 1.028947E+00 1.251042E+01
3.020500E+01 1.030692E+00 1.251320E+01
3.030400E+01 1.032433E+00 1.250823E+01
3.040300E+01 1.034169E+00 1.251106E+01
3.050200E+01 1.035901E+00 1.251390E+01
3.060100E+01 1.037629E+00 1.250904E+01
3.070000E+01 1.039352E+00 1.251193E+01
3.079900E+01 1.041071E+00 1.251483E+01
3.089800E+01 1.042786E+00 1.251007E+01
3.099700E+01 1.044496E+00 1.251302E+01
3.109600E+01 1.046202E+00 1.251597E+01
3.119500E+01 1.047903E+00 1.251132E+01
3.129400E+01 1.049601E+00 1.251432E+01
3.139300E+01 1.051294E+00 1.251733E+01
3.149200E+01 1.052983E+00 1.251278E+01
3.159100E+01 1.054668E+00 1.251583E+01
3.169000E+01 1.056348E+00 1.251890E+01
3.178900E+01 1.058024E+00 1.251444E+01
3.188800E+01 1.059696E+00 1.251755E+01
3.198700E+01 1.061364E+00 1.251316E+01
3.208600E+01 1.063028E+00 1.251630E+01
3.218500E+01 1.064688E+00 1.251945E+01
3.228400E+01 1.066344E+00 1.251516E+01
3.238300E+01 1.067995E+00 1.251835E+01
3.248200E+01 1.069643E+00 1.252154E+01
3.258100E+01 1.071287E+00 1.251734E+01
3.268000E+01 1.072926E+00 1.252058E+01
3.277900E+01 1.074562E+00 1.251644E+01
3.287800E+01 1.076193E+00 1.251971E+01
3.297700E+01 1.077821E+00 1.252298E+01
3.307600E+01 1.079444E+00 1.251893E+01
3.317500E+01 1.081064E+00 1.252224E+01
3.327400E+01 1.082680E+00 1.251826E+01
3.337300E+01 1.084292E+00 1.252160E+01
3.347200E+01 1.085899E+00 1.251767E+01
3.357100E+01 1.087504E+00 1.252104E+01
3.367000E+01 1.089104E+00 1.252442E+01
3.376900E+01 1.090700E+00 1.252058E+01
3.386800E+01 1.092293E+00 1.252399E+01
3.396700E+01 1.093881E+00 1.252020E+01
3.406600E+01 1.095466E+00 1.252364E+01
3.416500E+01 1.097047E+00 1.251991E+01
3.426400E+01 1.098625E+00 1.252338E+01
3.436300E+01 1.100198E+00 1.251970E+01
3.446200E+01 1.101768E+00 1.252320E+01
3.456100E+01 1.103334E+00 1.251958E+01
3.466000E+01 1.104897E+00 1.252310E+01
3.475900E+01 1.106456E+00 1.252663E+01
3.485800E+01 1.108011E+00 1.252308E+01
3.495700E+01 1.109562E+00 1.252664E+01
3.505600E+01 1.111110E+00 1.252315E+01
3.515500E+01 1.112654E+00 1.252673E+01
3.525400E+01 1.114195E+00 1.252329E+01
3.535300E+01 1.115732E+00 1.252689E+01
3.545200E+01 1.117265E+00 1.252350E+01
3.555100E+01 1.118795E+00 1.252713E+01
3.565000E+01 1.120321E+00 1.252379E+01
3.574900E+01 1.121844E+00 1.252745E+01
3.584800E+01 1.123363E+00 1.252415E+01
3.594700E+01 1.124879E+00 1.252783E+01
3.604600E+01 1.126391E+00 1.252459E+01
3.614500E+01 1.127899E+00 1.252829E+01
3.624400E+01 1.129405E+00 1.252509E+01
3.634300E+01 1.130906E+00 1.252882E+01
3.644200E+01 1.132404E+00 1.252567E+01
3.654100E+01 1.133899E+00 1.252941E+01
3.664000E+01 1.135391E+00 1.252631E+01
3.673900E+01 1.136879E+00 1.253007E+01
3.683800E+01 1.138363E+00 1.252701E+01
3.693700E+01 1.139844E+00 1.252398E+01
3.703600E+01 1.141322E+00 1.252778E+01
3.713500E+01 1.142797E+00 1.252480E+01
3.723400E+01 1.144268E+00 1.252862E+01
3.733300E+01 1.145735E+00 1.252567E+01
3.743200E+01 1.147200E+00 1.252952E+01
3.753100E+01 1.148661E+00 1.252661E+01
3.763000E+01 1.150119E+00 1.253048E+01
3.772900E+01 1.151573E+00 1.252761E+01
3.782800E+01 1.153025E+00 1.253149E+01
3.792700E+01 1.154473E+00 1.252867E+01
3.802600E+01 1.155917E+00 1.252588E+01
3.812500E+01 1.157359E+00 1.252979E+01
3.822400E+01 1.158797E+00 1.252704E+01
3.832300E+01 1.160232E+00 1.253097E+01
3.842200E+01 1.161664E+00 1.252825E+01
3.852100E+01 1.163093E+00 1.253220E+01
3.862000E+01 1.164518E+00 1.252952E+01
3.871900E+01 1.165941E+00 1.252687E+01
3.881800E+01 1.167360E+00 1.253085E+01
3.891700E+01 1.168776E+00 1.252824E+01
3.901600E+01 1.170189E+00 1.253223E+01
3.911500E+01 1.171599E+00 1.252965E+01
3.921400E+01 1.173005E+00 1.252710E+01
3.931300E+01 1.174409E+00 1.253112E+01
3.941200E+01 1.175810E+00 1.252860E+01
3.951100E+01 1.177207E+00 1.253264E+01
3.961000E+01 1.178601E+00 1.253016E+01
3.970900E+01 1.179993E+00 1.252770E+01
3.980800E+01 1.181381E+00 1.253176E+01
3.990700E+01 1.182766E+00 1.252934E+01
4.000600E+01 1.184148E+00 1.253342E+01
4.010500E+01 1.185528E+00 1.253103E+01
4.020400E+01 1.186904E+00 1.252866E+01
4.030300E+01 1.188277E+00 1.253277E+01
4.040200E+01 1.189648E+00 1.253043E+01
4.050100E+01 1.191015E+00 1.253455E+01
4.060000E+01 1.192379E+00 1.253225E+01
4.069900E+01 1.193741E+00 1.252997E+01
4.079800E+01 1.195099E+00 1.253411E+01
4.089700E+01 1.196455E+00 1.253186E+01
4.099600E+01 1.197807E+00 1.252964E+01
4.109500E+01 1.199157E+00 1.253380E+01
4.119400E+01 1.200504E+00 1.253161E+01
4.129300E+01 1.201848E+00 1.252943E+01
4.139200E+01 1.203189E+00 1.253362E+01
4.149100E+01 1.204527E+00 1.253148E+01
4.159000E+01 1.205863E+00 1.252935E+01
4.168900E+01 1.207195E+00 1.253356E+01
4.178800E+01 1.208525E+00 1.253147E+01
4.188700E+01 1.209852E+00 1.252940E+01
4.198600E+01 1.211176E+00 1.253362E+01
4.208500E+01 1.212497E+00 1.253158E+01
4.218400E+01 1.213816E+00 1.252956E+01
4.228300E+01 1.215131E+00 1.253380E+01
4.238200E+01 1.216444E+00 1.253181E+01
4.248100E+01 1.217754E+00 1.252983E+01
4.258000E+01 1.219062E+00 1.253410E+01
4.267900E+01 1.220366E+00 1.253215E+01
4.277800E+01 1.221668E+00 1.253022E+01
4.287700E+01 1.222968E+00 1.253450E+01
4.297600E+01 1.224264E+00 1.253260E+01
4.307500E+01 1.225558E+00 1.253072E+01
4.317400E+01 1.226849E+00 1.253502E+01
4.327300E+01 1.228137E+00 1.253317E+01
4.337200E+01 1.229423E+00 1.253133E+01
4.347100E+01 1.230706E+00 1.253565E+01
4.357000E+01 1.231986E+00 1.253383E+01
4.366900E+01 1.233264E+00 1.253204E+01
4.376800E+01 1.234539E+00 1.253026E+01
4.386700E+01 1.235812E+00 1.253461E+01
4.396600E+01 1.237082E+00 1.253285E+01
4.406500E+01 1.238349E+00 1.253112E+01
4.416400E+01 1.239613E+00 1.253548E+01
4.426300E+01 1.240875E+00 1.253377E+01
4.436200E+01 1.242135E+00 1.253207E+01
4.446100E+01 1.243392E+00 1.253040E+01
4.456000E+01 1.244646E+00 1.253478E+01
4.465900E+01 1.245898E+00 1.253313E+01
4.475800E+01 1.247147E+00 1.253149E+01
4.485700E+01 1.248393E+00 1.253589E+01
4.495600E+01 1.249637E+00 1.253428E+01
4.505500E+01 1.250879E+00 1.253268E+01
4.515400E+01 1.252118E+00 1.253110E+01
4.525300E+01 1.253354E+00 1.253552E+01
4.535200E+01 1.254588E+00 1.253396E+01
4.545100E+01 1.255820E+00 1.253242E+01
4.555000E+01 1.257049E+00 1.253089E+01
4.564900E+01 1.258275E+00 1.253533E+01
4.574800E+01 1.259499E+00 1.253382E+01
4.584700E+01 1.260721E+00 1.253233E+01
4.594600E+01 1.261940E+00 1.253086E+01
4.604500E+01 1.263157E+00 1.253532E+01
4.614400E+01 1.264371E+00 1.253387E+01
4.624300E+01 1.265583E+00 1.253243E+01
4.634200E+01 1.266792E+00 1.253100E+01
4.644100E+01 1.267999E+00 1.253548E+01
4.654000E+01 1.269203E+00 1.253408E+01
4.663900E+01 1.270406E+00 1.253269E+01
4.673800E+01 1.271605E+00 1.253132E+01
4.683700E+01 1.272803E+00 1.252996E+01
4.693600E+01 1.273998E+00 1.253446E+01
4.703500E+01 1.275190E+00 1.253312E+01
4.713400E+01 1.276380E+00 1.253179E+01
4.723300E+01 1.277568E+00 1.253048E+01
4.733200E+01 1.278754E+00 1.253500E+01
4.743100E+01 1.279937E+00 1.253371E+01
4.753000E+01 1.281118E+00 1.253243E+01
4.762900E+01 1.282296E+00 1.253116E+01
4.772800E+01 1.283473E+00 1.252991E+01
4.782700E+01 1.284646E+00 1.253445E+01
4.792600E+01 1.285818E+00 1.253322E+01
4.802500E+01 1.286987E+00 1.253200E+01
4.812400E+01 1.288154E+00 1.253079E+01
4.822300E+01 1.289319E+00 1.252960E+01
4.832200E+01 1.290481E+00 1.253416E+01
4.842100E+01 1.291642E+00 1.253299E+01
4.852000E+01 1.292800E+00 1.253182E+01
4.861900E+01 1.293955E+00 1.253067E+01
4.871800E+01 1.295109E+00 1.252954E+01
4.881700E+01 1.296260E+00 1.253412E+01
4.891600E+01 1.297409E+00 1.253300E+01
4.901500E+01 1.298555E+00 1.253189E+01
4.911400E+01 1.299700E+00 1.253080E+01
4.921300E+01 1.300842E+00 1.252971E+01
4.931200E+01 1.301982E+00 1.253431E+01
4.941100E+01 1.303120E+00 1.253324E+01
4.951000E+01 1.304256E+00 1.253219E+01
4.960900E+01 1.305389E+00 1.253115E+01
4.970800E+01 1.306521E+00 1.253012E+01
4.980700E+01 1.307650E+00 1.252911E+01
4.990600E+01 1.308777E+00 1.253372E+01
5.000500E+01 1.309902E+00 1.253272E+01
5.010400E+01 1.311024E+00 1.253173E+01
5.020300E+01 1.312145E+00 1.253075E+01
5.030200E+01 1.313263E+00 1.252979E+01
5.040100E+01 1.314380E+00 1.252883E+01
5.050000E+01 1.315494E+00 1.252789E+01
5.059900E+01 1.316606E+00 1.253253E+01
5.069800E+01 1.317716E+00 1.253160E+01
5.079700E+01 1.318823E+00 1.253069E+01
5.089600E+01 1.319929E+00 1.252978E+01
5.099500E+01 1.321033E+00 1.252889E+01
5.109400E+01 1.322134E+00 1.252800E+01
5.119300E+01 1.323234E+00 1.253266E+01
5.129200E+01 1.324331E+00 1.253179E+01
5.139100E+01 1.325426E+00 1.253093E+01
5.149000E+01 1.326520E+00 1.253009E+01
5.158900E+01 1.327611E+00 1.252925E+01
5.168800E+01 1.328700E+00 1.252842E+01
5.178700E+01 1.329787E+00 1.252761E+01
5.188600E+01 1.330872E+00 1.252680E+01
5.198500E+01 1.331955E+00 1.253149E+01
5.208400E+01 1.333036E+00 1.253069E+01
5.218300E+01 1.334115E+00 1.252991E+01
5.228200E+01 1.335192E+00 1.252914E+01
5.238100E+01 1.336267E+00 1.252838E+01
5.248000E+01 1.337340E+00 1.252763E+01
5.257900E+01 1.338411E+00 1.252689E+01
5.267800E+01 1.339480E+00 1.252616E+01
5.277700E+01 1.340547E+00 1.253087E+01
5.287600E+01 1.341612E+00 1.253015E+01
5.297500E+01 1.342675E+00 1.252944E+01
5.307400E+01 1.343736E+00 1.252874E+01
5.317300E+01 1.344795E+00 1.252805E+01
5.327200E+01 1.345852E+00 1.252737E+01
5.337100E+01 1.346907E+00 1.252671E+01
5.347000E+01 1.347960E+00 1.252605E+01
5.356900E+01 1.349012E+00 1.252540E+01
5.366800E+01 1.350061E+00 1.252476E+01
5.376700E+01 1.351108E+00 1.252949E+01
5.386600E+01 1.352154E+00 1.252886E+01
5.396500E+01 1.353198E+00 1.252824E+01
5.406400E+01 1.354239E+00 1.252763E+01
5.416300E+01 1.355279E+00 1.252703E+01
5.426200E+01 1.356317E+00 1.252644E+01
5.436100E+01 1.357353E+00 1.252585E+01
5.446000E+01 1.358387E+00 1.252528E+01
5.455900E+01 1.359419E+00 1.252471E+01
5.465800E+01 1.360450E+00 1.252416E+01
5.475700E+01 1.361478E+00 1.252361E+01
5.485600E+01 1.362505E+00 1.252837E+01
5.495500E+01 1.363530E+00 1.252783E+01
5.505400E+01 1.364552E+00 1.252731E+01
5.515300E+01 1.365574E+00 1.252679E+01
5.525200E+01 1.366593E+00 1.252628E+01
5.535100E+01 1.367610E+00 1.252578E+01
5.545000E+01 1.368626E+00 1.252528E+01
5.554900E+01 1.369639E+00 1.252480E+01
5.564800E+01 1.370651E+00 1.252432E+01
5.574700E+01 1.371661E+00 1.252385E+01
5.584600E+01 1.372670E+00 1.252340E+01
5.594500E+01 1.373676E+00 1.252294E+01
5.604400E+01 1.374681E+00 1.252250E+01
5.614300E+01 1.375683E+00 1.252207E+01
5.624200E+01 1.376684E+00 1.252164E+01
5.634100E+01 1.377684E+00 1.252122E+01
5.644000E+01 1.378681E+00 1.252601E+01
5.653900E+01 1.379677E+00 1.252560E+01
5.663800E+01 1.380671E+00 1.252520E+01
5.673700E+01 1.381663E+00 1.252481E+01
5.683600E+01 1.382653E+00 1.252443E+01
5.693500E+01 1.383642E+00 1.252405E+01
5.703400E+01 1.384629E+00 1.252368E+01
5.713300E+01 1.385614E+00 1.252332E+01
5.723200E+01 1.386597E+00 1.252296E+01
5.733100E+01 1.387579E+00 1.252262E+01
5.743000E+01 1.388559E+00 1.252228E+01
5.752900E+01 1.389537E+00 1.252195E+01
5.762800E+01 1.390513E+00 1.252162E+01
5.772700E+01 1.391488E+00 1.252131E+01
5.782600E+01 1.392461E+00 1.252100E+01
5.792500E+01 1.393432E+00 1.252070E+01
5.802400E+01 1.394402E+00 1.252040E+01
5.812300E+01 1.395370E+00 1.252012E+01
5.822200E+01 1.396336E+00 1.251984E+01
5.832100E+01 1.397301E+00 1.251956E+01
5.842000E+01 1.398263E+00 1.251930E+01
5.851900E+01 1.399225E+00 1.251904E+01
5.861800E+01 1.400184E+00 1.251879E+01
5.871700E+01 1.401142E+00 1.251855E+01
5.881600E+01 1.402098E+00 1.251831E+01
5.891500E+01 1.403052E+00 1.251808E+01
5.901400E+01 1.404005E+00 1.251786E+01
5.911300E+01 1.404956E+00 1.251764E+01
5.921200E+01 1.405906E+00 1.251743E+01
5.931100E+01 1.406854E+00 1.251723E+01
5.941000E+01 1.407800E+00 1.251703E+01
5.950900E+01 1.408744E+00 1.251684E+01
5.960800E+01 1.409687E+00 1.251666E+01
5.970700E+01 1.410629E+00 1.251649E+01
5.980600E+01 1.411568E+00 1.251632E+01
5.990500E+01 1.412506E+00 1.251616E+01
6.000400E+01 1.413443E+00 1.251600E+01
6.010300E+01 1.414378E+00 1.251585E+01
6.020200E+01 1.415311E+00 1.251571E+01
6.030100E+01 1.416242E+00 1.251557E+01
6.040000E+01 1.417172E+00 1.251544E+01
6.049900E+01 1.418101E+00 1.251532E+01
6.059800E+01 1.419028E+00 1.251520E+01
6.069700E+01 1.419953E+00 1.251509E+01
6.079600E+01 1.420877E+00 1.251499E+01
6.089500E+01 1.421799E+00 1.251489E+01
6.099400E+01 1.422719E+00 1.251480E+01
6.109300E+01 1.423638E+00 1.251471E+01
6.119200E+01 1.424556E+00 1.251463E+01
6.129100E+01 1.425471E+00 1.251456E+01
6.139000E+01 1.426386E+00 1.251449E+01
6.148900E+01 1.427298E+00 1.251443E+01
6.158800E+01 1.428209E+00 1.251438E+01
6.168700E+01 1.429119E+00 1.251433E+01
6.178600E+01 1.430027E+00 1.251428E+01
6.188500E+01 1.430934E+00 1.251425E+01
6.198400E+01 1.431839E+00 1.251421E+01
6.208300E+01 1.432742E+00 1.251419E+01
6.218200E+01 1.433644E+00 1.251417E+01
6.228100E+01 1.434545E+00 1.251416E+01
6.238000E+01 1.435444E+00 1.251415E+01
6.247900E+01 1.436341E+00 1.251414E+01
6.257800E+01 1.437237E+00 1.251415E+01
6.267700E+01 1.438131E+00 1.251416E+01
6.277600E+01 1.439024E+00 1.251417E+01
6.287500E+01 1.439916E+00 1.251419E+01
6.297400E+01 1.440806E+00 1.250936E+01
6.307300E+01 1.441694E+00 1.250940E+01
6.317200E+01 1.442581E+00 1.250944E+01
6.327100E+01 1.443466E+00 1.250949E+01
6.337000E+01 1.444350E+00 1.250954E+01
6.346900E+01 1.445233E+00 1.250960E+01
6.356800E+01 1.446114E+00 1.250966E+01
6.366700E+01 1.446994E+00 1.250973E+01
6.376600E+01 1.447872E+00 1.250981E+01
6.386500E+01 1.448748E+00 1.250988E+01
6.396400E+01 1.449623E+00 1.250997E+01
6.406300E+01 1.450497E+00 1.251006E+01
6.416200E+01 1.451370E+00 1.251016E+01
6.426100E+01 1.452240E+00 1.251026E+01
6.436000E+01 1.453110E+00 1.251036E+01
6.445900E+01 1.453978E+00 1.251048E+01
6.455800E+01 1.454844E+00 1.250581E+01
6.465700E+01 1.455709E+00 1.250593E+01
6.475600E+01 1.456573E+00 1.250607E+01
6.485500E+01 1.457435E+00 1.250620E+01
6.495400E+01 1.458296E+00 1.250634E+01
6.505300E+01 1.459156E+00 1.250649E+01
6.515200E+01 1.460014E+00 1.250664E+01
6.525100E+01 1.460870E+00 1.250680E+01
6.535000E+01 1.461726E+00 1.250696E+01
6.544900E+01 1.462580E+00 1.250712E+01
6.554800E+01 1.463432E+00 1.250730E+01
6.564700E+01 1.464283E+00 1.250747E+01
6.574600E+01 1.465133E+00 1.250765E+01
6.584500E+01 1.465981E+00 1.250311E+01
6.594400E+01 1.466828E+00 1.250331E+01
6.604300E+01 1.467673E+00 1.250351E+01
6.614200E+01 1.468517E+00 1.250371E+01
6.624100E+01 1.469360E+00 1.250392E+01
6.634000E+01 1.470202E+00 1.250413E+01
6.643900E+01 1.471042E+00 1.250435E+01
6.653800E+01 1.471880E+00 1.250457E+01
6.663700E+01 1.472718E+00 1.250480E+01
6.673600E+01 1.473554E+00 1.250503E+01
6.683500E+01 1.474388E+00 1.250059E+01
6.693400E+01 1.475221E+00 1.250083E+01
6.703300E+01 1.476053E+00 1.250108E+01
6.713200E+01 1.476884E+00 1.250134E+01
6.723100E+01 1.477713E+00 1.250160E+01
6.733000E+01 1.478541E+00 1.250186E+01
6.742900E+01 1.479368E+00 1.250213E+01
6.752800E+01 1.480193E+00 1.250240E+01
6.762700E+01 1.481017E+00 1.250268E+01
6.772600E+01 1.481839E+00 1.250296E+01
6.782500E+01 1.482661E+00 1.249861E+01
6.792400E+01 1.483480E+00 1.249890E+01
6.802300E+01 1.484299E+00 1.249920E+01
6.812200E+01 1.485116E+00 1.249950E+01
6.822100E+01 1.485933E+00 1.249981E+01
6.832000E+01 1.486747E+00 1.250012E+01
6.841900E+01 1.487561E+00 1.250043E+01
6.851800E+01 1.488373E+00 1.250075E+01
6.861700E+01 1.489184E+00 1.249647E+01
6.871600E+01 1.489993E+00 1.249680E+01
6.881500E+01 1.490801E+00 1.249714E+01
6.891400E+01 1.491608E+00 1.249748E+01
6.901300E+01 1.492414E+00 1.249782E+01
6.911200E+01 1.493219E+00 1.249817E+01
6.921100E+01 1.494022E+00 1.249852E+01
6.931000E+01 1.494824E+00 1.249888E+01
6.940900E+01 1.495624E+00 1.249466E+01
6.950800E+01 1.496424E+00 1.249503E+01
6.960700E+01 1.497222E+00 1.249540E+01
6.970600E+01 1.498018E+00 1.249578E+01
6.980500E+01 1.498814E+00 1.249616E+01
6.990400E+01 1.499608E+00 1.249654E+01
7.000300E+01 1.500401E+00 1.249693E+01
7.010200E+01 1.501193E+00 1.249278E+01
7.020100E+01 1.501984E+00 1.249318E+01
7.030000E+01 1.502773E+00 1.249358E+01
7.039900E+01 1.503561E+00 1.249399E+01
7.049800E+01 1.504348E+00 1.249440E+01
7.059700E+01 1.505134E+00 1.249481E+01
7.069600E+01 1.505918E+00 1.249523E+01
7.079500E+01 1.506701E+00 1.249113E+01
7.089400E+01 1.507483E+00 1.249156E+01
7.099300E+01 1.508264E+00 1.249199E+01
7.109200E+01 1.509043E+00 1.249243E+01
7.119100E+01 1.509822E+00 1.249287E+01
7.129000E+01 1.510599E+00 1.249332E+01
7.138900E+01 1.511375E+00 1.248927E+01
7.148800E+01 1.512149E+00 1.248972E+01
7.158700E+01 1.512923E+00 1.249018E+01
7.168600E+01 1.513695E+00 1.249064E+01
7.178500E+01 1.514466E+00 1.249111E+01
7.188400E+01 1.515236E+00 1.249158E+01
7.198300E+01 1.516005E+00 1.248758E+01
7.208200E+01 1.516772E+00 1.248806E+01
7.218100E+01 1.517539E+00 1.248854E+01
7.228000E+01 1.518304E+00 1.248903E+01
7.237900E+01 1.519068E+00 1.248952E+01
7.247800E+01 1.519831E+00 1.249001E+01
7.257700E+01 1.520592E+00 1.248606E+01
7.267600E+01 1.521353E+00 1.248657E+01
7.277500E+01 1.522112E+00 1.248707E+01
7.287400E+01 1.522870E+00 1.248758E+01
7.297300E+01 1.523627E+00 1.248810E+01
7.307200E+01 1.524383E+00 1.248862E+01
7.317100E+01 1.525137E+00 1.248471E+01
7.327000E+01 1.525891E+00 1.248524E+01
7.336900E+01 1.526643E+00 1.248577E+01
7.346800E+01 1.527394E+00 1.248630E+01
7.356700E+01 1.528144E+00 1.248684E+01
7.366600E+01 1.528893E+00 1.248297E+01
7.376500E+01 1.529641E+00 1.248352E+01
7.386400E+01 1.530387E+00 1.248407E+01
7.396300E+01 1.531133E+00 1.248462E+01
7.406200E+01 1.531877E+00 1.248518E+01
7.416100E+01 1.532620E+00 1.248574E+01
7.426000E+01 1.533362E+00 1.248192E+01
7.435900E+01 1.534103E+00 1.248249E+01
7.445800E+01 1.534843E+00 1.248306E+01
7.455700E+01 1.535582E+00 1.248364E+01
7.465600E+01 1.536319E+00 1.248422E+01
7.475500E+01 1.537056E+00 1.248043E+01
7.485400E+01 1.537791E+00 1.248102E+01
7.495300E+01 1.538525E+00 1.248161E+01
7.505200E+01 1.539258E+00 1.248220E+01
7.515100E+01 1.539990E+00 1.248280E+01
7.525000E+01 1.540721E+00 1.247905E+01
7.534900E+01 1.541451E+00 1.247966E+01
7.544800E+01 1.542180E+00 1.248027E+01
7.554700E+01 1.542907E+00 1.248088E+01
7.564600E+01 1.543634E+00 1.248150E+01
7.574500E+01 1.544359E+00 1.247778E+01
7.584400E+01 1.545083E+00 1.247841E+01
7.594300E+01 1.545807E+00 1.247903E+01
7.604200E+01 1.546529E+00 1.247967E+01
7.614100E+01 1.547250E+00 1.247598E+01
7.624000E+01 1.547970E+00 1.247662E+01
7.633900E+01 1.548689E+00 1.247726E+01
7.643800E+01 1.549407E+00 1.247791E+01
7.653700E+01 1.550123E+00 1.247856E+01
7.663600E+01 1.550839E+00 1.247490E+01
7.673500E+01 1.551554E+00 1.247556E+01
7.683400E+01 1.552267E+00 1.247622E+01
7.693300E+01 1.552980E+00 1.247688E+01
7.703200E+01 1.553691E+00 1.247326E+01
7.713100E+01 1.554402E+00 1.247393E+01
7.723000E+01 1.555111E+00 1.247460E+01
7.732900E+01 1.555819E+00 1.247528E+01
7.742800E+01 1.556527E+00 1.247596E+01
7.752700E+01 1.557233E+00 1.247237E+01
7.762600E+01 1.557938E+00 1.247306E+01
7.772500E+01 1.558642E+00 1.247375E+01
7.782400E+01 1.559345E+00 1.247444E+01
7.792300E+01 1.560047E+00 1.247087E+01
7.802200E+01 1.560748E+00 1.247158E+01
7.812100E+01 1.561448E+00 1.247228E+01
7.822000E+01 1.562147E+00 1.247299E+01
7.831900E+01 1.562845E+00 1.246945E+01
7.841800E+01 1.563542E+00 1.247016E+01
7.851700E+01 1.564237E+00 1.247088E+01
7.861600E+01 1.564932E+00 1.247160E+01
7.871500E+01 1.565626E+00 1.247232E+01
7.881400E+01 1.566319E+00 1.246882E+01
7.891300E+01 1.567011E+00 1.246955E+01
7.901200E+01 1.567701E+00 1.247028E+01
7.911100E+01 1.568391E+00 1.247102E+01
7.921000E+01 1.569080E+00 1.246754E+01
7.930900E+01 1.569768E+00 1.246828E+01
7.940800E+01 1.570454E+00 1.246903E+01
7.950700E+01 1.571140E+00 1.246978E+01
7.960600E+01 1.571825E+00 1.246632E+01
7.970500E+01 1.572508E+00 1.246708E+01
7.980400E+01 1.573191E+00 1.246784E+01
7.990300E+01 1.573873E+00 1.246860E+01
8.000200E+01 1.574554E+00 1.246517E+01
8.010100E+01 1.575233E+00 1.246594E+01
8.020000E+01 1.575912E+00 1.246671E+01
8.029900E+01 1.576590E+00 1.246748E+01
8.039800E+01 1.577267E+00 1.246408E+01
8.049700E+01 1.577943E+00 1.246486E+01
8.059600E+01 1.578617E+00 1.246564E+01
8.069500E+01 1.579291E+00 1.246226E+01
8.079400E+01 1.579964E+00 1.246305E+01
8.089300E+01 1.580636E+00 1.246384E+01
8.099200E+01 1.581307E+00 1.246464E+01
8.109100E+01 1.581977E+00 1.246128E+01
8.119000E+01 1.582646E+00 1.246208E+01
8.128900E+01 1.583314E+00 1.246288E+01
8.138800E+01 1.583981E+00 1.246369E+01
8.148700E+01 1.584647E+00 1.246035E+01
8.158600E+01 1.585312E+00 1.246117E+01
8.168500E+01 1.585977E+00 1.246198E+01
8.178400E+01 1.586640E+00 1.246280E+01
8.188300E+01 1.587302E+00 1.245949E+01
8.198200E+01 1.587963E+00 1.246032E+01
8.208100E+01 1.588624E+00 1.246114E+01
8.218000E+01 1.589283E+00 1.245785E+01
8.227900E+01 1.589942E+00 1.245869E+01
8.237800E+01 1.590599E+00 1.245952E+01
8.247700E+01 1.591256E+00 1.246036E+01
8.257600E+01 1.591912E+00 1.245709E+01
8.267500E+01 1.592567E+00 1.245794E+01
8.277400E+01 1.593220E+00 1.245879E+01
8.287300E+01 1.593873E+00 1.245553E+01
8.297200E+01 1.594525E+00 1.245639E+01
8.307100E+01 1.595176E+00 1.245724E+01
8.317000E+01 1.595826E+00 1.245810E+01
8.326900E+01 1.596476E+00 1.245487E+01
8.336800E+01 1.597124E+00 1.245574E+01
8.346700E+01 1.597771E+00 1.245661E+01
8.356600E+01 1.598418E+00 1.245339E+01
8.366500E+01 1.599063E+00 1.245427E+01
8.376400E+01 1.599708E+00 1.245515E+01
8.386300E+01 1.600351E+00 1.245603E+01
8.396200E+01 1.600994E+00 1.245283E+01
8.406100E+01 1.601636E+00 1.245372E+01
8.416000E+01 1.602277E+00 1.245461E+01
8.425900E+01 1.602917E+00 1.245143E+01
8.435800E+01 1.603556E+00 1.245233E+01
8.445700E+01 1.604195E+00 1.245322E+01
8.455600E+01 1.604832E+00 1.245007E+01
8.465500E+01 1.605468E+00 1.245097E+01
8.475400E+01 1.606104E+00 1.245187E+01
8.485300E+01 1.606739E+00 1.245278E+01
8.495200E+01 1.607372E+00 1.244964E+01
8.505100E+01 1.608005E+00 1.245056E+01
8.515000E+01 1.608637E+00 1.245147E+01
8.524900E+01 1.609269E+00 1.244835E+01
8.534800E+01 1.609899E+00 1.244927E+01
8.544700E+01 1.610528E+00 1.245020E+01
8.554600E+01 1.611157E+00 1.244709E+01
8.564500E+01 1.611784E+00 1.244802E+01
8.574400E+01 1.612411E+00 1.244895E+01
8.584300E+01 1.613037E+00 1.244587E+01
8.594200E+01 1.613662E+00 1.244680E+01
8.604100E+01 1.614286E+00 1.244774E+01
8.614000E+01 1.614909E+00 1.244868E+01
8.623900E+01 1.615532E+00 1.244562E+01
8.633800E+01 1.616153E+00 1.244656E+01
8.643700E+01 1.616774E+00 1.244751E+01
8.653600E+01 1.617394E+00 1.244446E+01
8.663500E+01 1.618012E+00 1.244542E+01
8.673400E+01 1.618631E+00 1.244637E+01
8.683300E+01 1.619248E+00 1.244334E+01
8.693200E+01 1.619864E+00 1.244430E+01
8.703100E+01 1.620480E+00 1.244527E+01
8.713000E+01 1.621094E+00 1.244225E+01
8.722900E+01 1.621708E+00 1.244322E+01
8.732800E+01 1.622321E+00 1.244419E+01
8.742700E+01 1.622933E+00 1.244119E+01
8.752600E+01 1.623544E+00 1.244216E+01
8.762500E+01 1.624155E+00 1.244314E+01
8.772400E+01 1.624764E+00 1.244016E+01
8.782300E+01 1.625373E+00 1.244114E+01
8.792200E+01 1.625981E+00 1.244213E+01
8.802100E+01 1.626588E+00 1.243916E+01
8.812000E+01 1.627194E+00 1.244015E+01
8.821900E+01 1.627800E+00 1.244114E+01
8.831800E+01 1.628404E+00 1.243818E+01
8.841700E+01 1.629008E+00 1.243918E+01
8.851600E+01 1.629611E+00 1.244018E+01
8.861500E+01 1.630213E+00 1.243724E+01
8.871400E+01 1.630814E+00 1.243825E+01
8.881300E+01 1.631415E+00 1.243926E+01
8.891200E+01 1.632015E+00 1.243633E+01
8.901100E+01 1.632613E+00 1.243734E+01
8.911000E+01 1.633211E+00 1.243836E+01
8.920900E+01 1.633809E+00 1.243545E+01
8.930800E+01 1.634405E+00 1.243647E+01
8.940700E+01 1.635000E+00 1.243749E+01
8.950600E+01 1.635595E+00 1.243459E+01
8.960500E+01 1.636189E+00 1.243562E+01
8.970400E+01 1.636782E+00 1.243665E+01
8.980300E+01 1.637375E+00 1.243377E+01
8.990200E+01 1.637966E+00 1.243480E+01
9.000100E+01 1.638557E+00 1.243583E+01
9.010000E+01 1.639147E+00 1.243297E+01
9.019900E+01 1.639736E+00 1.243401E+01
9.029800E+01 1.640324E+00 1.243115E+01
9.039700E+01 1.640912E+00 1.243220E+01
9.049600E+01 1.641498E+00 1.243324E+01
9.059500E+01 1.642084E+00 1.243040E+01
9.069400E+01 1.642669E+00 1.243145E+01
9.079300E+01 1.643254E+00 1.243251E+01
9.089200E+01 1.643837E+00 1.242968E+01
9.099100E+01 1.644420E+00 1.243074E+01
9.109000E+01 1.645002E+00 1.243180E+01
9.118900E+01 1.645583E+00 1.242898E+01
9.128800E+01 1.646164E+00 1.243005E+01
9.138700E+01 1.646743E+00 1.242725E+01
9.148600E+01 1.647322E+00 1.242832E+01
9.158500E+01 1.647900E+00 1.242939E+01
9.168400E+01 1.648478E+00 1.242660E+01
9.178300E+01 1.649054E+00 1.242767E+01
9.188200E+01 1.649630E+00 1.242875E+01
9.198100E+01 1.650205E+00 1.242597E+01
9.208000E+01 1.650779E+00 1.242706E+01
9.217900E+01 1.651353E+00 1.242814E+01
9.227800E+01 1.651925E+00 1.242538E+01
9.237700E+01 1.652497E+00 1.242647E+01
9.247600E+01 1.653068E+00 1.242371E+01
9.257500E+01 1.653639E+00 1.242481E+01
9.267400E+01 1.654208E+00 1.242590E+01
9.277300E+01 1.654777E+00 1.242316E+01
9.287200E+01 1.655345E+00 1.242426E+01
9.297100E+01 1.655913E+00 1.242536E+01
9.307000E+01 1.656479E+00 1.242264E+01
9.316900E+01 1.657045E+00 1.242374E+01
9.326800E+01 1.657610E+00 1.242103E+01
9.336700E+01 1.658175E+00 1.242214E+01
9.346600E+01 1.658738E+00 1.242325E+01
9.356500E+01 1.659301E+00 1.242055E+01
9.366400E+01 1.659863E+00 1.242166E+01
9.376300E+01 1.660425E+00 1.242278E+01
9.386200E+01 1.660985E+00 1.242009E+01
9.396100E+01 1.661545E+00 1.242121E+01
9.406000E+01 1.662104E+00 1.241853E+01
9.415900E+01 1.662663E+00 1.241966E+01
9.425800E+01 1.663220E+00 1.242078E+01
9.435700E+01 1.663777E+00 1.241812E+01
9.445600E+01 1.664334E+00 1.241925E+01
9.455500E+01 1.664889E+00 1.241659E+01
9.465400E+01 1.665444E+00 1.241773E+01
9.475300E+01 1.665998E+00 1.241886E+01
9.485200E+01 1.666551E+00 1.241622E+01
9.495100E+01 1.667104E+00 1.241736E+01
9.505000E+01 1.667655E+00 1.241472E+01
9.514900E+01 1.668207E+00 1.241587E+01
9.524800E+01 1.668757E+00 1.241702E+01
9.534700E+01 1.669307E+00 1.241439E+01
9.544600E+01 1.669856E+00 1.241554E+01
9.554500E+01 1.670404E+00 1.241293E+01
9.564400E+01 1.670951E+00 1.241409E+01
9.574300E+01 1.671498E+00 1.241524E+01
9.584200E+01 1.672044E+00 1.241264E+01
9.594100E+01 1.672589E+00 1.241380E+01
9.604000E+01 1.673134E+00 1.241121E+01
9.613900E+01 1.673678E+00 1.241237E+01
9.623800E+01 1.674221E+00 1.241354E+01
9.633700E+01 1.674764E+00 1.241096E+01
9.643600E+01 1.675306E+00 1.241213E+01
9.653500E+01 1.675847E+00 1.240956E+01
9.663400E+01 1.676387E+00 1.241073E+01
9.673300E+01 1.676927E+00 1.241191E+01
9.683200E+01 1.677466E+00 1.240935E+01
9.693100E+01 1.678004E+00 1.241053E+01
9.703000E+01 1.678542E+00 1.240798E+01
9.712900E+01 1.679079E+00 1.240916E+01
9.722800E+01 1.679615E+00 1.241035E+01
9.732700E+01 1.680150E+00 1.240781E+01
9.742600E+01 1.680685E+00 1.240900E+01
9.752500E+01 1.681219E+00 1.240647E+01
9.762400E+01 1.681753E+00 1.240766E+01
9.772300E+01 1.682285E+00 1.240514E+01
9.782200E+01 1.682817E+00 1.240633E+01
9.792100E+01 1.683349E+00 1.240753E+01
9.802000E+01 1.683880E+00 1.240502E+01
9.811900E+01 1.684410E+00 1.240622E+01
9.821800E+01 1.684939E+00 1.240372E+01
9.831700E+01 1.685467E+00 1.240493E+01
9.841600E+01 1.685995E+00 1.240613E+01
9.851500E+01 1.686523E+00 1.240364E+01
9.861400E+01 1.687049E+00 1.240485E+01
9.871300E+01 1.687575E+00 1.240237E+01
9.881200E+01 1.688100E+00 1.240359E+01
9.891100E+01 1.688625E+00 1.240111E+01
9.901000E+01 1.689149E+00 1.240233E+01
9.910900E+01 1.689672E+00 1.240355E+01
9.920800E+01 1.690195E+00 1.240109E+01
9.930700E+01 1.690717E+00 1.240231E+01
9.940600E+01 1.691238E+00 1.239985E+01
9.950500E+01 1.691758E+00 1.240108E+01
9.960400E+01 1.692278E+00 1.239864E+01
9.970300E+01 1.692798E+00 1.239987E+01
9.980200E+01 1.693316E+00 1.240110E+01
9.990100E+01 1.693834E+00 1.239866E+01
