1.000000E+00 NAN NAN
1.099000E+00 1.285985E-01 2.162473E+01
1.198000E+00 1.343073E-01 1.883102E+01
1.297000E+00 1.399795E-01 1.819965E+01
1.396000E+00 1.456041E-01 1.756276E+01
1.495000E+00 1.511774E-01 1.705261E+01
1.594000E+00 1.566966E-01 1.663882E+01
1.693000E+00 1.621599E-01 1.619294E+01
1.792000E+00 1.675673E-01 1.592052E+01
1.891000E+00 1.729183E-01 1.560200E+01
1.990000E+00 1.782135E-01 1.533265E+01
2.089000E+00 1.834534E-01 1.510357E+01
2.188000E+00 1.886390E-01 1.490784E+01
2.287000E+00 1.937711E-01 1.474005E+01
2.386000E+00 1.988508E-01 1.459588E+01
2.485000E+00 2.038791E-01 1.440547E+01
2.584000E+00 2.088573E-01 1.430136E+01
2.683000E+00 2.137862E-01 1.415107E+01
2.782000E+00 2.186672E-01 1.407655E+01
2.881000E+00 2.235012E-01 1.395658E+01
2.980000E+00 2.282892E-01 1.385012E+01
3.079000E+00 2.330324E-01 1.375553E+01
3.178000E+00 2.377318E-01 1.367143E+01
3.277000E+00 2.423885E-01 1.359664E+01
3.376000E+00 2.470032E-01 1.353017E+01
3.475000E+00 2.515770E-01 1.347113E+01
3.574000E+00 2.561107E-01 1.337399E+01
3.673000E+00 2.606053E-01 1.332879E+01
3.772000E+00 2.650616E-01 1.328897E+01
3.871000E+00 2.694804E-01 1.321264E+01
3.970000E+00 2.738624E-01 1.318302E+01
4.069000E+00 2.782085E-01 1.311800E+01
4.168000E+00 2.825194E-01 1.309679E+01
4.267000E+00 2.867958E-01 1.304121E+01
4.366000E+00 2.910384E-01 1.299023E+01
4.465000E+00 2.952478E-01 1.297942E+01
4.564000E+00 2.994248E-01 1.293575E+01
4.663000E+00 3.035699E-01 1.289570E+01
4.762000E+00 3.076837E-01 1.285899E+01
4.861000E+00 3.117669E-01 1.282536E+01
4.960000E+00 3.158200E-01 1.279459E+01
5.059000E+00 3.198434E-01 1.276648E+01
5.158000E+00 3.238378E-01 1.274084E+01
5.257000E+00 3.278037E-01 1.271750E+01
5.356000E+00 3.317416E-01 1.269630E+01
5.455000E+00 3.356520E-01 1.267710E+01
5.554000E+00 3.395352E-01 1.265977E+01
5.653000E+00 3.433919E-01 1.264420E+01
5.752000E+00 3.472224E-01 1.263027E+01
5.851000E+00 3.510270E-01 1.258976E+01
5.950000E+00 3.548064E-01 1.257920E+01
6.049000E+00 3.585609E-01 1.256999E+01
6.148000E+00 3.622908E-01 1.253513E+01
6.247000E+00 3.659965E-01 1.252872E+01
6.346000E+00 3.696785E-01 1.252343E+01
6.445000E+00 3.733371E-01 1.249332E+01
6.544000E+00 3.769727E-01 1.249038E+01
6.643000E+00 3.805855E-01 1.246316E+01
6.742000E+00 3.841760E-01 1.246231E+01
6.841000E+00 3.877443E-01 1.243769E+01
6.940000E+00 3.912910E-01 1.243870E+01
7.039000E+00 3.948162E-01 1.241643E+01
7.138000E+00 3.983203E-01 1.241911E+01
7.237000E+00 4.018036E-01 1.239897E+01
7.336000E+00 4.052663E-01 1.237996E+01
7.435000E+00 4.087088E-01 1.238494E+01
7.534000E+00 4.121313E-01 1.236776E+01
7.633000E+00 4.155341E-01 1.235157E+01
7.732000E+00 4.189174E-01 1.233632E+01
7.831000E+00 4.222815E-01 1.234391E+01
7.930000E+00 4.256267E-01 1.233017E+01
8.029000E+00 4.289532E-01 1.231726E+01
8.128000E+00 4.322611E-01 1.230513E+01
8.227000E+00 4.355509E-01 1.231485E+01
8.326000E+00 4.388226E-01 1.230399E+01
8.425000E+00 4.420766E-01 1.229382E+01
8.524000E+00 4.453129E-01 1.228432E+01
8.623000E+00 4.485319E-01 1.227546E+01
8.722000E+00 4.517338E-01 1.226721E+01
8.821000E+00 4.549187E-01 1.225955E+01
8.920000E+00 4.580869E-01 1.225245E+01
9.019000E+00 4.612385E-01 1.224590E+01
9.118000E+00 4.643738E-01 1.223986E+01
9.217000E+00 4.674930E-01 1.223432E+01
9.316000E+00 4.705962E-01 1.222927E+01
9.415000E+00 4.736835E-01 1.222467E+01
9.514000E+00 4.767553E-01 1.222052E+01
9.613000E+00 4.798116E-01 1.221680E+01
9.712000E+00 4.828527E-01 1.221349E+01
9.811000E+00 4.858786E-01 1.221058E+01
9.910000E+00 4.888896E-01 1.220805E+01
1.000900E+01 4.918858E-01 1.220590E+01
1.010800E+01 4.948674E-01 1.218617E+01
1.020700E+01 4.978345E-01 1.218484E+01
1.030600E+01 5.007873E-01 1.218384E+01
1.040500E+01 5.037259E-01 1.218315E+01
1.050400E+01 5.066506E-01 1.218277E+01
1.060300E+01 5.095613E-01 1.216542E+01
1.070200E+01 5.124584E-01 1.216574E+01
1.080100E+01 5.153418E-01 1.216633E+01
1.090000E+01 5.182118E-01 1.216718E+01
1.099900E+01 5.210684E-01 1.215151E+01
1.109800E+01 5.239119E-01 1.215297E+01
1.119700E+01 5.267423E-01 1.215467E+01
1.129600E+01 5.295597E-01 1.215661E+01
1.139500E+01 5.323644E-01 1.214241E+01
1.149400E+01 5.351563E-01 1.214488E+01
1.159300E+01 5.379357E-01 1.214755E+01
1.169200E+01 5.407027E-01 1.213439E+01
1.179100E+01 5.434574E-01 1.213755E+01
1.189000E+01 5.461998E-01 1.212507E+01
1.198900E+01 5.489302E-01 1.212869E+01
1.208800E+01 5.516486E-01 1.213248E+01
1.218700E+01 5.543551E-01 1.212089E+01
1.228600E+01 5.570499E-01 1.212510E+01
1.238500E+01 5.597329E-01 1.211410E+01
1.248400E+01 5.624045E-01 1.211870E+01
1.258300E+01 5.650646E-01 1.210827E+01
1.268200E+01 5.677134E-01 1.211323E+01
1.278100E+01 5.703509E-01 1.210333E+01
1.288000E+01 5.729773E-01 1.210863E+01
1.297900E+01 5.755926E-01 1.209924E+01
1.307800E+01 5.781970E-01 1.210486E+01
1.317700E+01 5.807905E-01 1.209595E+01
1.327600E+01 5.833733E-01 1.210188E+01
1.337500E+01 5.859454E-01 1.209342E+01
1.347400E+01 5.885069E-01 1.209964E+01
1.357300E+01 5.910579E-01 1.209161E+01
1.367200E+01 5.935985E-01 1.209811E+01
1.377100E+01 5.961288E-01 1.209049E+01
1.387000E+01 5.986488E-01 1.208312E+01
1.396900E+01 6.011588E-01 1.209001E+01
1.406800E+01 6.036586E-01 1.208302E+01
1.416700E+01 6.061485E-01 1.209015E+01
1.426600E+01 6.086285E-01 1.208352E+01
1.436500E+01 6.110986E-01 1.207711E+01
1.446400E+01 6.135591E-01 1.208460E+01
1.456300E+01 6.160098E-01 1.207852E+01
1.466200E+01 6.184510E-01 1.207264E+01
1.476100E+01 6.208827E-01 1.208045E+01
1.486000E+01 6.233050E-01 1.207489E+01
1.495900E+01 6.257179E-01 1.206952E+01
1.505800E+01 6.281215E-01 1.206433E+01
1.515700E+01 6.305159E-01 1.207254E+01
1.525600E+01 6.329011E-01 1.206764E+01
1.535500E+01 6.352772E-01 1.206291E+01
1.545400E+01 6.376444E-01 1.207139E+01
1.555300E+01 6.400026E-01 1.206692E+01
1.565200E+01 6.423519E-01 1.206262E+01
1.575100E+01 6.446925E-01 1.205847E+01
1.585000E+01 6.470243E-01 1.205448E+01
1.594900E+01 6.493474E-01 1.206339E+01
1.604800E+01 6.516619E-01 1.205963E+01
1.614700E+01 6.539679E-01 1.205602E+01
1.624600E+01 6.562654E-01 1.205255E+01
1.634500E+01 6.585544E-01 1.204922E+01
1.644400E+01 6.608351E-01 1.205851E+01
1.654300E+01 6.631076E-01 1.205539E+01
1.664200E+01 6.653717E-01 1.205240E+01
1.674100E+01 6.676277E-01 1.204954E+01
1.684000E+01 6.698756E-01 1.204681E+01
1.693900E+01 6.721154E-01 1.204420E+01
1.703800E+01 6.743472E-01 1.205388E+01
1.713700E+01 6.765710E-01 1.205145E+01
1.723600E+01 6.787870E-01 1.204914E+01
1.733500E+01 6.809951E-01 1.204695E+01
1.743400E+01 6.831954E-01 1.204486E+01
1.753300E+01 6.853880E-01 1.204289E+01
1.763200E+01 6.875729E-01 1.204102E+01
1.773100E+01 6.897501E-01 1.203925E+01
1.783000E+01 6.919198E-01 1.203759E+01
1.792900E+01 6.940820E-01 1.203603E+01
1.802800E+01 6.962367E-01 1.203457E+01
1.812700E+01 6.983839E-01 1.203321E+01
1.822600E+01 7.005239E-01 1.204354E+01
1.832500E+01 7.026564E-01 1.204232E+01
1.842400E+01 7.047817E-01 1.204119E+01
1.852300E+01 7.068998E-01 1.204015E+01
1.862200E+01 7.090106E-01 1.203920E+01
1.872100E+01 7.111144E-01 1.203834E+01
1.882000E+01 7.132110E-01 1.203756E+01
1.891900E+01 7.153006E-01 1.203686E+01
1.901800E+01 7.173833E-01 1.203625E+01
1.911700E+01 7.194589E-01 1.203572E+01
1.921600E+01 7.215277E-01 1.203526E+01
1.931500E+01 7.235896E-01 1.203489E+01
1.941400E+01 7.256447E-01 1.203459E+01
1.951300E+01 7.276930E-01 1.203436E+01
1.961200E+01 7.297345E-01 1.202318E+01
1.971100E+01 7.317694E-01 1.202314E+01
1.981000E+01 7.337977E-01 1.202317E+01
1.990900E+01 7.358193E-01 1.202327E+01
2.000800E+01 7.378343E-01 1.202343E+01
2.010700E+01 7.398429E-01 1.202366E+01
2.020600E+01 7.418449E-01 1.202396E+01
2.030500E+01 7.438405E-01 1.202432E+01
2.040400E+01 7.458297E-01 1.202475E+01
2.050300E+01 7.478125E-01 1.202524E+01
2.060200E+01 7.497890E-01 1.202578E+01
2.070100E+01 7.517592E-01 1.202639E+01
2.080000E+01 7.537232E-01 1.201648E+01
2.089900E+01 7.556809E-01 1.201724E+01
2.099800E+01 7.576325E-01 1.201805E+01
2.109700E+01 7.595779E-01 1.201892E+01
2.119600E+01 7.615172E-01 1.201985E+01
2.129500E+01 7.634505E-01 1.202083E+01
2.139400E+01 7.653777E-01 1.202186E+01
2.149300E+01 7.672989E-01 1.202295E+01
2.159200E+01 7.692141E-01 1.201377E+01
2.169100E+01 7.711235E-01 1.201499E+01
2.179000E+01 7.730269E-01 1.201625E+01
2.188900E+01 7.749245E-01 1.201757E+01
2.198800E+01 7.768162E-01 1.201893E+01
2.208700E+01 7.787021E-01 1.202035E+01
2.218600E+01 7.805823E-01 1.201167E+01
2.228500E+01 7.824568E-01 1.201321E+01
2.238400E+01 7.843256E-01 1.201478E+01
2.248300E+01 7.861887E-01 1.201640E+01
2.258200E+01 7.880462E-01 1.201806E+01
2.268100E+01 7.898980E-01 1.200979E+01
2.278000E+01 7.917444E-01 1.201157E+01
2.287900E+01 7.935852E-01 1.201338E+01
2.297800E+01 7.954204E-01 1.201524E+01
2.307700E+01 7.972502E-01 1.200727E+01
2.317600E+01 7.990746E-01 1.200923E+01
2.327500E+01 8.008936E-01 1.201123E+01
2.337400E+01 8.027071E-01 1.201327E+01
2.347300E+01 8.045153E-01 1.200560E+01
2.357200E+01 8.063182E-01 1.200773E+01
2.367100E+01 8.081158E-01 1.200990E+01
2.377000E+01 8.099081E-01 1.201210E+01
2.386900E+01 8.116952E-01 1.200471E+01
2.396800E+01 8.134771E-01 1.200701E+01
2.406700E+01 8.152538E-01 1.200934E+01
2.416600E+01 8.170253E-01 1.200215E+01
2.426500E+01 8.187917E-01 1.200457E+01
2.436400E+01 8.205530E-01 1.200702E+01
2.446300E+01 8.223092E-01 1.200951E+01
2.456200E+01 8.240604E-01 1.200257E+01
2.466100E+01 8.258065E-01 1.200514E+01
2.476000E+01 8.275477E-01 1.200773E+01
2.485900E+01 8.292839E-01 1.200099E+01
2.495800E+01 8.310152E-01 1.200366E+01
2.505700E+01 8.327415E-01 1.200637E+01
2.515600E+01 8.344630E-01 1.199980E+01
2.525500E+01 8.361796E-01 1.200258E+01
2.535400E+01 8.378913E-01 1.200539E+01
2.545300E+01 8.395982E-01 1.199900E+01
2.555200E+01 8.413004E-01 1.200189E+01
2.565100E+01 8.429978E-01 1.200479E+01
2.575000E+01 8.446904E-01 1.199857E+01
2.584900E+01 8.463784E-01 1.200155E+01
2.594800E+01 8.480616E-01 1.200455E+01
2.604700E+01 8.497401E-01 1.199850E+01
2.614600E+01 8.514141E-01 1.200156E+01
2.624500E+01 8.530834E-01 1.199562E+01
2.634400E+01 8.547481E-01 1.199876E+01
2.644300E+01 8.564082E-01 1.200191E+01
2.654200E+01 8.580638E-01 1.199613E+01
2.664100E+01 8.597148E-01 1.199935E+01
2.674000E+01 8.613613E-01 1.199367E+01
2.683900E+01 8.630034E-01 1.199695E+01
2.693800E+01 8.646409E-01 1.200025E+01
2.703700E+01 8.662741E-01 1.199471E+01
2.713600E+01 8.679028E-01 1.199807E+01
2.723500E+01 8.695271E-01 1.199264E+01
2.733400E+01 8.711470E-01 1.199606E+01
2.743300E+01 8.727626E-01 1.199949E+01
2.753200E+01 8.743739E-01 1.199420E+01
2.763100E+01 8.759808E-01 1.199769E+01
2.773000E+01 8.775834E-01 1.199249E+01
2.782900E+01 8.791818E-01 1.199603E+01
2.792800E+01 8.807759E-01 1.199092E+01
2.802700E+01 8.823658E-01 1.199452E+01
2.812600E+01 8.839515E-01 1.198951E+01
2.822500E+01 8.855329E-01 1.199315E+01
2.832400E+01 8.871102E-01 1.198823E+01
2.842300E+01 8.886834E-01 1.199192E+01
2.852200E+01 8.902524E-01 1.199563E+01
2.862100E+01 8.918173E-01 1.199083E+01
2.872000E+01 8.933781E-01 1.199459E+01
2.881900E+01 8.949349E-01 1.198987E+01
2.891800E+01 8.964876E-01 1.199367E+01
2.901700E+01 8.980362E-01 1.198904E+01
2.911600E+01 8.995808E-01 1.199289E+01
2.921500E+01 9.011215E-01 1.198834E+01
2.931400E+01 9.026581E-01 1.199222E+01
2.941300E+01 9.041908E-01 1.198775E+01
2.951200E+01 9.057195E-01 1.199169E+01
2.961100E+01 9.072444E-01 1.198729E+01
2.971000E+01 9.087653E-01 1.199127E+01
2.980900E+01 9.102823E-01 1.198695E+01
2.990800E+01 9.117954E-01 1.199096E+01
3.000700E+01 9.133047E-01 1.198672E+01
3.010600E+01 9.148102E-01 1.199078E+01
3.020500E+01 9.163118E-01 1.198661E+01
3.030400E+01 9.178096E-01 1.198249E+01
3.040300E+01 9.193037E-01 1.198661E+01
3.050200E+01 9.207940E-01 1.198256E+01
3.060100E+01 9.222805E-01 1.198671E+01
3.070000E+01 9.237633E-01 1.198273E+01
3.079900E+01 9.252423E-01 1.198692E+01
3.089800E+01 9.267177E-01 1.198301E+01
3.099700E+01 9.281894E-01 1.198723E+01
3.109600E+01 9.296574E-01 1.198338E+01
3.119500E+01 9.311217E-01 1.197959E+01
3.129400E+01 9.325824E-01 1.198386E+01
3.139300E+01 9.340395E-01 1.198013E+01
3.149200E+01 9.354930E-01 1.198444E+01
3.159100E+01 9.369429E-01 1.198077E+01
3.169000E+01 9.383892E-01 1.198511E+01
3.178900E+01 9.398319E-01 1.198150E+01
3.188800E+01 9.412711E-01 1.197793E+01
3.198700E+01 9.427068E-01 1.198232E+01
3.208600E+01 9.441390E-01 1.197882E+01
3.218500E+01 9.455676E-01 1.198323E+01
3.228400E+01 9.469928E-01 1.197979E+01
3.238300E+01 9.484145E-01 1.197638E+01
3.248200E+01 9.498328E-01 1.198085E+01
3.258100E+01 9.512476E-01 1.197750E+01
3.268000E+01 9.526590E-01 1.198199E+01
3.277900E+01 9.540669E-01 1.197870E+01
3.287800E+01 9.554715E-01 1.197544E+01
3.297700E+01 9.568727E-01 1.197998E+01
3.307600E+01 9.582706E-01 1.197678E+01
3.317500E+01 9.596650E-01 1.198134E+01
3.327400E+01 9.610562E-01 1.197819E+01
3.337300E+01 9.624440E-01 1.197508E+01
3.347200E+01 9.638285E-01 1.197969E+01
3.357100E+01 9.652097E-01 1.197663E+01
3.367000E+01 9.665876E-01 1.197360E+01
3.376900E+01 9.679623E-01 1.197825E+01
3.386800E+01 9.693337E-01 1.197527E+01
3.396700E+01 9.707018E-01 1.197233E+01
3.406600E+01 9.720667E-01 1.197702E+01
3.416500E+01 9.734285E-01 1.197412E+01
3.426400E+01 9.747870E-01 1.197126E+01
3.436300E+01 9.761423E-01 1.197599E+01
3.446200E+01 9.774944E-01 1.197318E+01
3.456100E+01 9.788434E-01 1.197040E+01
3.466000E+01 9.801892E-01 1.197516E+01
3.475900E+01 9.815319E-01 1.197242E+01
3.485800E+01 9.828714E-01 1.196972E+01
3.495700E+01 9.842079E-01 1.197452E+01
3.505600E+01 9.855412E-01 1.197186E+01
3.515500E+01 9.868715E-01 1.196923E+01
3.525400E+01 9.881986E-01 1.197406E+01
3.535300E+01 9.895228E-01 1.197147E+01
3.545200E+01 9.908438E-01 1.196892E+01
3.555100E+01 9.921618E-01 1.197378E+01
3.565000E+01 9.934768E-01 1.197127E+01
3.574900E+01 9.947888E-01 1.196879E+01
3.584800E+01 9.960977E-01 1.196633E+01
3.594700E+01 9.974037E-01 1.197124E+01
3.604600E+01 9.987067E-01 1.196883E+01
3.614500E+01 1.000007E+00 1.196644E+01
3.624400E+01 1.001304E+00 1.197138E+01
3.634300E+01 1.002598E+00 1.196903E+01
3.644200E+01 1.003889E+00 1.196671E+01
3.654100E+01 1.005177E+00 1.196442E+01
3.664000E+01 1.006463E+00 1.196940E+01
3.673900E+01 1.007745E+00 1.196714E+01
3.683800E+01 1.009025E+00 1.196491E+01
3.693700E+01 1.010301E+00 1.196271E+01
3.703600E+01 1.011575E+00 1.196773E+01
3.713500E+01 1.012846E+00 1.196556E+01
3.723400E+01 1.014114E+00 1.196342E+01
3.733300E+01 1.015380E+00 1.196847E+01
3.743200E+01 1.016642E+00 1.196636E+01
3.753100E+01 1.017902E+00 1.196428E+01
3.763000E+01 1.019159E+00 1.196223E+01
3.772900E+01 1.020413E+00 1.196020E+01
3.782800E+01 1.021664E+00 1.196529E+01
3.792700E+01 1.022912E+00 1.196329E+01
3.802600E+01 1.024158E+00 1.196132E+01
3.812500E+01 1.025401E+00 1.195937E+01
3.822400E+01 1.026641E+00 1.196450E+01
3.832300E+01 1.027879E+00 1.196258E+01
3.842200E+01 1.029114E+00 1.196069E+01
3.852100E+01 1.030346E+00 1.195882E+01
3.862000E+01 1.031575E+00 1.196398E+01
3.871900E+01 1.032802E+00 1.196214E+01
3.881800E+01 1.034026E+00 1.196032E+01
3.891700E+01 1.035247E+00 1.195853E+01
3.901600E+01 1.036466E+00 1.195676E+01
3.911500E+01 1.037682E+00 1.196195E+01
3.921400E+01 1.038896E+00 1.196021E+01
3.931300E+01 1.040106E+00 1.195849E+01
3.941200E+01 1.041315E+00 1.195680E+01
3.951100E+01 1.042520E+00 1.195512E+01
3.961000E+01 1.043723E+00 1.196035E+01
3.970900E+01 1.044924E+00 1.195870E+01
3.980800E+01 1.046121E+00 1.195708E+01
3.990700E+01 1.047317E+00 1.195547E+01
4.000600E+01 1.048509E+00 1.195388E+01
4.010500E+01 1.049699E+00 1.195915E+01
4.020400E+01 1.050887E+00 1.195759E+01
4.030300E+01 1.052072E+00 1.195605E+01
4.040200E+01 1.053255E+00 1.195454E+01
4.050100E+01 1.054435E+00 1.195304E+01
4.060000E+01 1.055612E+00 1.195156E+01
4.069900E+01 1.056787E+00 1.195687E+01
4.079800E+01 1.057960E+00 1.195541E+01
4.089700E+01 1.059130E+00 1.195398E+01
4.099600E+01 1.060297E+00 1.195256E+01
4.109500E+01 1.061462E+00 1.195116E+01
4.119400E+01 1.062625E+00 1.194979E+01
4.129300E+01 1.063785E+00 1.195513E+01
4.139200E+01 1.064943E+00 1.195378E+01
4.149100E+01 1.066098E+00 1.195244E+01
4.159000E+01 1.067251E+00 1.195113E+01
4.168900E+01 1.068402E+00 1.194983E+01
4.178800E+01 1.069550E+00 1.194855E+01
4.188700E+01 1.070696E+00 1.194728E+01
4.198600E+01 1.071839E+00 1.195267E+01
4.208500E+01 1.072980E+00 1.195143E+01
4.218400E+01 1.074119E+00 1.195020E+01
4.228300E+01 1.075255E+00 1.194900E+01
4.238200E+01 1.076389E+00 1.194781E+01
4.248100E+01 1.077520E+00 1.194664E+01
4.258000E+01 1.078650E+00 1.194548E+01
4.267900E+01 1.079776E+00 1.195091E+01
4.277800E+01 1.080901E+00 1.194977E+01
4.287700E+01 1.082023E+00 1.194866E+01
4.297600E+01 1.083143E+00 1.194755E+01
4.307500E+01 1.084261E+00 1.194647E+01
4.317400E+01 1.085376E+00 1.194540E+01
4.327300E+01 1.086489E+00 1.194435E+01
4.337200E+01 1.087600E+00 1.194331E+01
4.347100E+01 1.088709E+00 1.194229E+01
4.357000E+01 1.089815E+00 1.194776E+01
4.366900E+01 1.090919E+00 1.194676E+01
4.376800E+01 1.092021E+00 1.194577E+01
4.386700E+01 1.093120E+00 1.194480E+01
4.396600E+01 1.094218E+00 1.194384E+01
4.406500E+01 1.095313E+00 1.194290E+01
4.416400E+01 1.096406E+00 1.194198E+01
4.426300E+01 1.097496E+00 1.194107E+01
4.436200E+01 1.098585E+00 1.194017E+01
4.446100E+01 1.099671E+00 1.193929E+01
4.456000E+01 1.100755E+00 1.193842E+01
4.465900E+01 1.101837E+00 1.194394E+01
4.475800E+01 1.102917E+00 1.194309E+01
4.485700E+01 1.103995E+00 1.194226E+01
4.495600E+01 1.105070E+00 1.194144E+01
4.505500E+01 1.106144E+00 1.194063E+01
4.515400E+01 1.107215E+00 1.193984E+01
4.525300E+01 1.108284E+00 1.193906E+01
4.535200E+01 1.109351E+00 1.193829E+01
4.545100E+01 1.110416E+00 1.193754E+01
4.555000E+01 1.111478E+00 1.193680E+01
4.564900E+01 1.112539E+00 1.193607E+01
4.574800E+01 1.113598E+00 1.193536E+01
4.584700E+01 1.114654E+00 1.193466E+01
4.594600E+01 1.115708E+00 1.193397E+01
4.604500E+01 1.116761E+00 1.193330E+01
4.614400E+01 1.117811E+00 1.193888E+01
4.624300E+01 1.118859E+00 1.193823E+01
4.634200E+01 1.119905E+00 1.193758E+01
4.644100E+01 1.120949E+00 1.193695E+01
4.654000E+01 1.121991E+00 1.193633E+01
4.663900E+01 1.123031E+00 1.193573E+01
4.673800E+01 1.124069E+00 1.193513E+01
4.683700E+01 1.125105E+00 1.193455E+01
4.693600E+01 1.126139E+00 1.193398E+01
4.703500E+01 1.127171E+00 1.193342E+01
4.713400E+01 1.128201E+00 1.193288E+01
4.723300E+01 1.129229E+00 1.193234E+01
4.733200E+01 1.130254E+00 1.193182E+01
4.743100E+01 1.131278E+00 1.193131E+01
4.753000E+01 1.132300E+00 1.193081E+01
4.762900E+01 1.133320E+00 1.193032E+01
4.772800E+01 1.134338E+00 1.192985E+01
4.782700E+01 1.135354E+00 1.192938E+01
4.792600E+01 1.136368E+00 1.192893E+01
4.802500E+01 1.137381E+00 1.192849E+01
4.812400E+01 1.138391E+00 1.192806E+01
4.822300E+01 1.139399E+00 1.192764E+01
4.832200E+01 1.140405E+00 1.192723E+01
4.842100E+01 1.141410E+00 1.192683E+01
4.852000E+01 1.142412E+00 1.192645E+01
4.861900E+01 1.143413E+00 1.192607E+01
4.871800E+01 1.144412E+00 1.192570E+01
4.881700E+01 1.145408E+00 1.192535E+01
4.891600E+01 1.146403E+00 1.192501E+01
4.901500E+01 1.147396E+00 1.192467E+01
4.911400E+01 1.148388E+00 1.192435E+01
4.921300E+01 1.149377E+00 1.192404E+01
4.931200E+01 1.150364E+00 1.192374E+01
4.941100E+01 1.151350E+00 1.192344E+01
4.951000E+01 1.152333E+00 1.192316E+01
4.960900E+01 1.153315E+00 1.192289E+01
4.970800E+01 1.154295E+00 1.192263E+01
4.980700E+01 1.155273E+00 1.192238E+01
4.990600E+01 1.156250E+00 1.192214E+01
5.000500E+01 1.157224E+00 1.192191E+01
5.010400E+01 1.158197E+00 1.192168E+01
5.020300E+01 1.159168E+00 1.192147E+01
5.030200E+01 1.160137E+00 1.192127E+01
5.040100E+01 1.161104E+00 1.192108E+01
5.050000E+01 1.162069E+00 1.192089E+01
5.059900E+01 1.163033E+00 1.192072E+01
5.069800E+01 1.163995E+00 1.192056E+01
5.079700E+01 1.164955E+00 1.192040E+01
5.089600E+01 1.165913E+00 1.192025E+01
5.099500E+01 1.166870E+00 1.192012E+01
5.109400E+01 1.167824E+00 1.191999E+01
5.119300E+01 1.168777E+00 1.191987E+01
5.129200E+01 1.169729E+00 1.191976E+01
5.139100E+01 1.170678E+00 1.191966E+01
5.149000E+01 1.171626E+00 1.191957E+01
5.158900E+01 1.172572E+00 1.191367E+01
5.168800E+01 1.173516E+00 1.191360E+01
5.178700E+01 1.174459E+00 1.191355E+01
5.188600E+01 1.175399E+00 1.191350E+01
5.198500E+01 1.176338E+00 1.191346E+01
5.208400E+01 1.177276E+00 1.191342E+01
5.218300E+01 1.178211E+00 1.191340E+01
5.228200E+01 1.179145E+00 1.191339E+01
5.238100E+01 1.180078E+00 1.191338E+01
5.248000E+01 1.181008E+00 1.191338E+01
5.257900E+01 1.181937E+00 1.191339E+01
5.267800E+01 1.182864E+00 1.191341E+01
5.277700E+01 1.183790E+00 1.191344E+01
5.287600E+01 1.184713E+00 1.191347E+01
5.297500E+01 1.185636E+00 1.191351E+01
5.307400E+01 1.186556E+00 1.191357E+01
5.317300E+01 1.187475E+00 1.190791E+01
5.327200E+01 1.188392E+00 1.190799E+01
5.337100E+01 1.189308E+00 1.190807E+01
5.347000E+01 1.190221E+00 1.190816E+01
5.356900E+01 1.191134E+00 1.190826E+01
5.366800E+01 1.192044E+00 1.190836E+01
5.376700E+01 1.192953E+00 1.190847E+01
5.386600E+01 1.193860E+00 1.190859E+01
5.396500E+01 1.194766E+00 1.190872E+01
5.406400E+01 1.195670E+00 1.190886E+01
5.416300E+01 1.196573E+00 1.190900E+01
5.426200E+01 1.197474E+00 1.190915E+01
5.436100E+01 1.198373E+00 1.190368E+01
5.446000E+01 1.199271E+00 1.190385E+01
5.455900E+01 1.200167E+00 1.190403E+01
5.465800E+01 1.201061E+00 1.190421E+01
5.475700E+01 1.201954E+00 1.190441E+01
5.485600E+01 1.202845E+00 1.190461E+01
5.495500E+01 1.203735E+00 1.190482E+01
5.505400E+01 1.204623E+00 1.190503E+01
5.515300E+01 1.205510E+00 1.190525E+01
5.525200E+01 1.206395E+00 1.189991E+01
5.535100E+01 1.207278E+00 1.190015E+01
5.545000E+01 1.208160E+00 1.190040E+01
5.554900E+01 1.209041E+00 1.190065E+01
5.564800E+01 1.209919E+00 1.190092E+01
5.574700E+01 1.210797E+00 1.190119E+01
5.584600E+01 1.211672E+00 1.190146E+01
5.594500E+01 1.212547E+00 1.190174E+01
5.604400E+01 1.213419E+00 1.190203E+01
5.614300E+01 1.214291E+00 1.189681E+01
5.624200E+01 1.215160E+00 1.189712E+01
5.634100E+01 1.216028E+00 1.189743E+01
5.644000E+01 1.216895E+00 1.189776E+01
5.653900E+01 1.217760E+00 1.189808E+01
5.663800E+01 1.218624E+00 1.189842E+01
5.673700E+01 1.219486E+00 1.189876E+01
5.683600E+01 1.220346E+00 1.189911E+01
5.693500E+01 1.221206E+00 1.189399E+01
5.703400E+01 1.222063E+00 1.189436E+01
5.713300E+01 1.222919E+00 1.189473E+01
5.723200E+01 1.223774E+00 1.189511E+01
5.733100E+01 1.224627E+00 1.189549E+01
5.743000E+01 1.225479E+00 1.189588E+01
5.752900E+01 1.226329E+00 1.189628E+01
5.762800E+01 1.227178E+00 1.189125E+01
5.772700E+01 1.228026E+00 1.189166E+01
5.782600E+01 1.228872E+00 1.189208E+01
5.792500E+01 1.229716E+00 1.189251E+01
5.802400E+01 1.230559E+00 1.189294E+01
5.812300E+01 1.231401E+00 1.189338E+01
5.822200E+01 1.232241E+00 1.189382E+01
5.832100E+01 1.233079E+00 1.188888E+01
5.842000E+01 1.233917E+00 1.188934E+01
5.851900E+01 1.234753E+00 1.188981E+01
5.861800E+01 1.235587E+00 1.189028E+01
5.871700E+01 1.236420E+00 1.189076E+01
5.881600E+01 1.237252E+00 1.189124E+01
5.891500E+01 1.238082E+00 1.188637E+01
5.901400E+01 1.238911E+00 1.188687E+01
5.911300E+01 1.239738E+00 1.188738E+01
5.921200E+01 1.240564E+00 1.188789E+01
5.931100E+01 1.241389E+00 1.188841E+01
5.941000E+01 1.242212E+00 1.188893E+01
5.950900E+01 1.243034E+00 1.188413E+01
5.960800E+01 1.243854E+00 1.188467E+01
5.970700E+01 1.244673E+00 1.188521E+01
5.980600E+01 1.245491E+00 1.188576E+01
5.990500E+01 1.246307E+00 1.188631E+01
6.000400E+01 1.247122E+00 1.188158E+01
6.010300E+01 1.247936E+00 1.188215E+01
6.020200E+01 1.248748E+00 1.188272E+01
6.030100E+01 1.249559E+00 1.188330E+01
6.040000E+01 1.250368E+00 1.188388E+01
6.049900E+01 1.251176E+00 1.188447E+01
6.059800E+01 1.251983E+00 1.187980E+01
6.069700E+01 1.252789E+00 1.188041E+01
6.079600E+01 1.253593E+00 1.188102E+01
6.089500E+01 1.254396E+00 1.188163E+01
6.099400E+01 1.255197E+00 1.188225E+01
6.109300E+01 1.255997E+00 1.187764E+01
6.119200E+01 1.256796E+00 1.187827E+01
6.129100E+01 1.257593E+00 1.187891E+01
6.139000E+01 1.258390E+00 1.187955E+01
6.148900E+01 1.259184E+00 1.188020E+01
6.158800E+01 1.259978E+00 1.187565E+01
6.168700E+01 1.260770E+00 1.187631E+01
6.178600E+01 1.261561E+00 1.187698E+01
6.188500E+01 1.262351E+00 1.187765E+01
6.198400E+01 1.263139E+00 1.187832E+01
6.208300E+01 1.263926E+00 1.187382E+01
6.218200E+01 1.264712E+00 1.187451E+01
6.228100E+01 1.265496E+00 1.187521E+01
6.238000E+01 1.266279E+00 1.187591E+01
6.247900E+01 1.267061E+00 1.187661E+01
6.257800E+01 1.267842E+00 1.187216E+01
6.267700E+01 1.268621E+00 1.187288E+01
6.277600E+01 1.269399E+00 1.187360E+01
6.287500E+01 1.270176E+00 1.187433E+01
6.297400E+01 1.270952E+00 1.186992E+01
6.307300E+01 1.271726E+00 1.187066E+01
6.317200E+01 1.272499E+00 1.187140E+01
6.327100E+01 1.273271E+00 1.187215E+01
6.337000E+01 1.274041E+00 1.187291E+01
6.346900E+01 1.274810E+00 1.186855E+01
6.356800E+01 1.275578E+00 1.186931E+01
6.366700E+01 1.276345E+00 1.187008E+01
6.376600E+01 1.277111E+00 1.187086E+01
6.386500E+01 1.277875E+00 1.186654E+01
6.396400E+01 1.278638E+00 1.186733E+01
6.406300E+01 1.279400E+00 1.186812E+01
6.416200E+01 1.280161E+00 1.186892E+01
6.426100E+01 1.280920E+00 1.186464E+01
6.436000E+01 1.281678E+00 1.186545E+01
6.445900E+01 1.282435E+00 1.186626E+01
6.455800E+01 1.283191E+00 1.186707E+01
6.465700E+01 1.283945E+00 1.186789E+01
6.475600E+01 1.284699E+00 1.186367E+01
6.485500E+01 1.285451E+00 1.186450E+01
6.495400E+01 1.286202E+00 1.186533E+01
6.505300E+01 1.286951E+00 1.186617E+01
6.515200E+01 1.287700E+00 1.186198E+01
6.525100E+01 1.288447E+00 1.186284E+01
6.535000E+01 1.289193E+00 1.186369E+01
6.544900E+01 1.289938E+00 1.186455E+01
6.554800E+01 1.290682E+00 1.186040E+01
6.564700E+01 1.291425E+00 1.186127E+01
6.574600E+01 1.292166E+00 1.186214E+01
6.584500E+01 1.292906E+00 1.186302E+01
6.594400E+01 1.293645E+00 1.185891E+01
6.604300E+01 1.294383E+00 1.185980E+01
6.614200E+01 1.295120E+00 1.186069E+01
6.624100E+01 1.295856E+00 1.185661E+01
6.634000E+01 1.296590E+00 1.185751E+01
6.643900E+01 1.297323E+00 1.185842E+01
6.653800E+01 1.298055E+00 1.185933E+01
6.663700E+01 1.298786E+00 1.185529E+01
6.673600E+01 1.299516E+00 1.185621E+01
6.683500E+01 1.300245E+00 1.185714E+01
6.693400E+01 1.300972E+00 1.185807E+01
6.703300E+01 1.301698E+00 1.185406E+01
6.713200E+01 1.302424E+00 1.185500E+01
6.723100E+01 1.303148E+00 1.185594E+01
6.733000E+01 1.303871E+00 1.185689E+01
6.742900E+01 1.304593E+00 1.185291E+01
6.752800E+01 1.305313E+00 1.185387E+01
6.762700E+01 1.306033E+00 1.185483E+01
6.772600E+01 1.306751E+00 1.185088E+01
6.782500E+01 1.307469E+00 1.185185E+01
6.792400E+01 1.308185E+00 1.185283E+01
6.802300E+01 1.308900E+00 1.185381E+01
6.812200E+01 1.309614E+00 1.184989E+01
6.822100E+01 1.310327E+00 1.185088E+01
6.832000E+01 1.311039E+00 1.185188E+01
6.841900E+01 1.311749E+00 1.184799E+01
6.851800E+01 1.312459E+00 1.184899E+01
6.861700E+01 1.313168E+00 1.185000E+01
6.871600E+01 1.313875E+00 1.185100E+01
6.881500E+01 1.314581E+00 1.184715E+01
6.891400E+01 1.315286E+00 1.184817E+01
6.901300E+01 1.315991E+00 1.184919E+01
6.911200E+01 1.316694E+00 1.184536E+01
6.921100E+01 1.317396E+00 1.184640E+01
6.931000E+01 1.318097E+00 1.184743E+01
6.940900E+01 1.318796E+00 1.184363E+01
6.950800E+01 1.319495E+00 1.184467E+01
6.960700E+01 1.320193E+00 1.184572E+01
6.970600E+01 1.320889E+00 1.184677E+01
6.980500E+01 1.321585E+00 1.184300E+01
6.990400E+01 1.322279E+00 1.184406E+01
7.000300E+01 1.322973E+00 1.184512E+01
7.010200E+01 1.323665E+00 1.184138E+01
7.020100E+01 1.324357E+00 1.184245E+01
7.030000E+01 1.325047E+00 1.184352E+01
7.039900E+01 1.325736E+00 1.183980E+01
7.049800E+01 1.326424E+00 1.184089E+01
7.059700E+01 1.327111E+00 1.184198E+01
7.069600E+01 1.327797E+00 1.183828E+01
7.079500E+01 1.328482E+00 1.183938E+01
7.089400E+01 1.329166E+00 1.184047E+01
7.099300E+01 1.329849E+00 1.184158E+01
7.109200E+01 1.330531E+00 1.183791E+01
7.119100E+01 1.331212E+00 1.183902E+01
7.129000E+01 1.331892E+00 1.184014E+01
7.138900E+01 1.332571E+00 1.183649E+01
7.148800E+01 1.333249E+00 1.183762E+01
7.158700E+01 1.333925E+00 1.183874E+01
7.168600E+01 1.334601E+00 1.183512E+01
7.178500E+01 1.335276E+00 1.183626E+01
7.188400E+01 1.335950E+00 1.183739E+01
7.198300E+01 1.336623E+00 1.183380E+01
7.208200E+01 1.337294E+00 1.183494E+01
7.218100E+01 1.337965E+00 1.183609E+01
7.228000E+01 1.338635E+00 1.183252E+01
7.237900E+01 1.339303E+00 1.183368E+01
7.247800E+01 1.339971E+00 1.183483E+01
7.257700E+01 1.340638E+00 1.183129E+01
7.267600E+01 1.341304E+00 1.183245E+01
7.277500E+01 1.341968E+00 1.183362E+01
7.287400E+01 1.342632E+00 1.183010E+01
7.297300E+01 1.343295E+00 1.183127E+01
7.307200E+01 1.343957E+00 1.183245E+01
7.317100E+01 1.344617E+00 1.182895E+01
7.327000E+01 1.345277E+00 1.183014E+01
7.336900E+01 1.345936E+00 1.183133E+01
7.346800E+01 1.346594E+00 1.182785E+01
7.356700E+01 1.347251E+00 1.182905E+01
7.366600E+01 1.347907E+00 1.183025E+01
7.376500E+01 1.348562E+00 1.182679E+01
7.386400E+01 1.349216E+00 1.182800E+01
7.396300E+01 1.349869E+00 1.182455E+01
7.406200E+01 1.350521E+00 1.182577E+01
7.416100E+01 1.351172E+00 1.182699E+01
7.426000E+01 1.351822E+00 1.182357E+01
7.435900E+01 1.352471E+00 1.182479E+01
7.445800E+01 1.353119E+00 1.182602E+01
7.455700E+01 1.353767E+00 1.182262E+01
7.465600E+01 1.354413E+00 1.182386E+01
7.475500E+01 1.355058E+00 1.182510E+01
7.485400E+01 1.355703E+00 1.182172E+01
7.495300E+01 1.356346E+00 1.182296E+01
7.505200E+01 1.356989E+00 1.182421E+01
7.515100E+01 1.357630E+00 1.182085E+01
7.525000E+01 1.358271E+00 1.182211E+01
7.534900E+01 1.358911E+00 1.181876E+01
7.544800E+01 1.359550E+00 1.182003E+01
7.554700E+01 1.360187E+00 1.182129E+01
7.564600E+01 1.360824E+00 1.181797E+01
7.574500E+01 1.361460E+00 1.181924E+01
7.584400E+01 1.362095E+00 1.182052E+01
7.594300E+01 1.362730E+00 1.181721E+01
7.604200E+01 1.363363E+00 1.181849E+01
7.614100E+01 1.363995E+00 1.181978E+01
7.624000E+01 1.364627E+00 1.181649E+01
7.633900E+01 1.365257E+00 1.181778E+01
7.643800E+01 1.365887E+00 1.181452E+01
7.653700E+01 1.366515E+00 1.181581E+01
7.663600E+01 1.367143E+00 1.181711E+01
7.673500E+01 1.367770E+00 1.181386E+01
7.683400E+01 1.368396E+00 1.181517E+01
7.693300E+01 1.369021E+00 1.181194E+01
7.703200E+01 1.369645E+00 1.181325E+01
7.713100E+01 1.370268E+00 1.181457E+01
7.723000E+01 1.370891E+00 1.181135E+01
7.732900E+01 1.371512E+00 1.181267E+01
7.742800E+01 1.372133E+00 1.181400E+01
7.752700E+01 1.372752E+00 1.181080E+01
7.762600E+01 1.373371E+00 1.181213E+01
7.772500E+01 1.373989E+00 1.180895E+01
7.782400E+01 1.374606E+00 1.181029E+01
7.792300E+01 1.375222E+00 1.181163E+01
7.802200E+01 1.375837E+00 1.180846E+01
7.812100E+01 1.376452E+00 1.180981E+01
7.822000E+01 1.377065E+00 1.180666E+01
7.831900E+01 1.377678E+00 1.180801E+01
7.841800E+01 1.378290E+00 1.180936E+01
7.851700E+01 1.378901E+00 1.180623E+01
7.861600E+01 1.379511E+00 1.180759E+01
7.871500E+01 1.380120E+00 1.180448E+01
7.881400E+01 1.380728E+00 1.180584E+01
7.891300E+01 1.381335E+00 1.180721E+01
7.901200E+01 1.381942E+00 1.180411E+01
7.911100E+01 1.382548E+00 1.180549E+01
7.921000E+01 1.383153E+00 1.180240E+01
7.930900E+01 1.383757E+00 1.180378E+01
7.940800E+01 1.384360E+00 1.180516E+01
7.950700E+01 1.384962E+00 1.180209E+01
7.960600E+01 1.385563E+00 1.180348E+01
7.970500E+01 1.386164E+00 1.180043E+01
7.980400E+01 1.386764E+00 1.180182E+01
7.990300E+01 1.387363E+00 1.180322E+01
8.000200E+01 1.387961E+00 1.180018E+01
8.010100E+01 1.388558E+00 1.180158E+01
8.020000E+01 1.389154E+00 1.179856E+01
8.029900E+01 1.389750E+00 1.179997E+01
8.039800E+01 1.390345E+00 1.180138E+01
8.049700E+01 1.390938E+00 1.179837E+01
8.059600E+01 1.391531E+00 1.179978E+01
8.069500E+01 1.392124E+00 1.179679E+01
8.079400E+01 1.392715E+00 1.179821E+01
8.089300E+01 1.393306E+00 1.179523E+01
8.099200E+01 1.393895E+00 1.179665E+01
8.109100E+01 1.394484E+00 1.179808E+01
8.119000E+01 1.395072E+00 1.179512E+01
8.128900E+01 1.395660E+00 1.179655E+01
8.138800E+01 1.396246E+00 1.179360E+01
8.148700E+01 1.396832E+00 1.179504E+01
8.158600E+01 1.397416E+00 1.179210E+01
8.168500E+01 1.398000E+00 1.179354E+01
8.178400E+01 1.398584E+00 1.179499E+01
8.188300E+01 1.399166E+00 1.179206E+01
8.198200E+01 1.399748E+00 1.179352E+01
8.208100E+01 1.400328E+00 1.179060E+01
8.218000E+01 1.400908E+00 1.179206E+01
8.227900E+01 1.401487E+00 1.178916E+01
8.237800E+01 1.402066E+00 1.179062E+01
8.247700E+01 1.402643E+00 1.179209E+01
8.257600E+01 1.403220E+00 1.178920E+01
8.267500E+01 1.403796E+00 1.179067E+01
8.277400E+01 1.404371E+00 1.178780E+01
8.287300E+01 1.404946E+00 1.178928E+01
8.297200E+01 1.405519E+00 1.178641E+01
8.307100E+01 1.406092E+00 1.178790E+01
8.317000E+01 1.406664E+00 1.178938E+01
8.326900E+01 1.407235E+00 1.178653E+01
8.336800E+01 1.407806E+00 1.178802E+01
8.346700E+01 1.408375E+00 1.178518E+01
8.356600E+01 1.408944E+00 1.178668E+01
8.366500E+01 1.409512E+00 1.178385E+01
8.376400E+01 1.410080E+00 1.178535E+01
8.386300E+01 1.410646E+00 1.178254E+01
8.396200E+01 1.411212E+00 1.178404E+01
8.406100E+01 1.411777E+00 1.178555E+01
8.416000E+01 1.412341E+00 1.178275E+01
8.425900E+01 1.412905E+00 1.178426E+01
8.435800E+01 1.413468E+00 1.178148E+01
8.445700E+01 1.414029E+00 1.178299E+01
8.455600E+01 1.414591E+00 1.178022E+01
8.465500E+01 1.415151E+00 1.178173E+01
8.475400E+01 1.415711E+00 1.177897E+01
8.485300E+01 1.416270E+00 1.178050E+01
8.495200E+01 1.416828E+00 1.177774E+01
8.505100E+01 1.417385E+00 1.177927E+01
8.515000E+01 1.417942E+00 1.178080E+01
8.524900E+01 1.418498E+00 1.177806E+01
8.534800E+01 1.419053E+00 1.177960E+01
8.544700E+01 1.419607E+00 1.177687E+01
8.554600E+01 1.420161E+00 1.177841E+01
8.564500E+01 1.420714E+00 1.177570E+01
8.574400E+01 1.421266E+00 1.177724E+01
8.584300E+01 1.421817E+00 1.177454E+01
8.594200E+01 1.422368E+00 1.177608E+01
8.604100E+01 1.422918E+00 1.177339E+01
8.614000E+01 1.423467E+00 1.177494E+01
8.623900E+01 1.424015E+00 1.177226E+01
8.633800E+01 1.424563E+00 1.177382E+01
8.643700E+01 1.425110E+00 1.177114E+01
8.653600E+01 1.425656E+00 1.177271E+01
8.663500E+01 1.426201E+00 1.177427E+01
8.673400E+01 1.426746E+00 1.177161E+01
8.683300E+01 1.427290E+00 1.177318E+01
8.693200E+01 1.427833E+00 1.177053E+01
8.703100E+01 1.428376E+00 1.177210E+01
8.713000E+01 1.428918E+00 1.176946E+01
8.722900E+01 1.429459E+00 1.177104E+01
8.732800E+01 1.429999E+00 1.176841E+01
8.742700E+01 1.430539E+00 1.176999E+01
8.752600E+01 1.431078E+00 1.176737E+01
8.762500E+01 1.431616E+00 1.176896E+01
8.772400E+01 1.432154E+00 1.176635E+01
8.782300E+01 1.432691E+00 1.176794E+01
8.792200E+01 1.433227E+00 1.176534E+01
8.802100E+01 1.433762E+00 1.176694E+01
8.812000E+01 1.434297E+00 1.176435E+01
8.821900E+01 1.434831E+00 1.176595E+01
8.831800E+01 1.435364E+00 1.176337E+01
8.841700E+01 1.435896E+00 1.176497E+01
8.851600E+01 1.436428E+00 1.176240E+01
8.861500E+01 1.436959E+00 1.176401E+01
8.871400E+01 1.437490E+00 1.176145E+01
8.881300E+01 1.438020E+00 1.176306E+01
8.891200E+01 1.438549E+00 1.176051E+01
8.901100E+01 1.439077E+00 1.176213E+01
8.911000E+01 1.439605E+00 1.175959E+01
8.920900E+01 1.440132E+00 1.176121E+01
8.930800E+01 1.440658E+00 1.176283E+01
8.940700E+01 1.441183E+00 1.176030E+01
8.950600E+01 1.441708E+00 1.176193E+01
8.960500E+01 1.442232E+00 1.175941E+01
8.970400E+01 1.442756E+00 1.176104E+01
8.980300E+01 1.443279E+00 1.175853E+01
8.990200E+01 1.443801E+00 1.176016E+01
9.000100E+01 1.444322E+00 1.175766E+01
9.010000E+01 1.444843E+00 1.175930E+01
9.019900E+01 1.445363E+00 1.175681E+01
9.029800E+01 1.445883E+00 1.175845E+01
9.039700E+01 1.446401E+00 1.175597E+01
9.049600E+01 1.446919E+00 1.175761E+01
9.059500E+01 1.447437E+00 1.175514E+01
9.069400E+01 1.447953E+00 1.175679E+01
9.079300E+01 1.448469E+00 1.175433E+01
9.089200E+01 1.448985E+00 1.175187E+01
9.099100E+01 1.449499E+00 1.175353E+01
9.109000E+01 1.450013E+00 1.175108E+01
9.118900E+01 1.450527E+00 1.175274E+01
9.128800E+01 1.451039E+00 1.175030E+01
9.138700E+01 1.451551E+00 1.175196E+01
9.148600E+01 1.452063E+00 1.174954E+01
9.158500E+01 1.452573E+00 1.175120E+01
9.168400E+01 1.453083E+00 1.174878E+01
9.178300E+01 1.453593E+00 1.175045E+01
9.188200E+01 1.454101E+00 1.174804E+01
9.198100E+01 1.454610E+00 1.174971E+01
9.208000E+01 1.455117E+00 1.174731E+01
9.217900E+01 1.455624E+00 1.174899E+01
9.227800E+01 1.456130E+00 1.174660E+01
9.237700E+01 1.456635E+00 1.174828E+01
9.247600E+01 1.457140E+00 1.174589E+01
9.257500E+01 1.457644E+00 1.174758E+01
9.267400E+01 1.458148E+00 1.174520E+01
9.277300E+01 1.458650E+00 1.174689E+01
9.287200E+01 1.459153E+00 1.174452E+01
9.297100E+01 1.459654E+00 1.174621E+01
9.307000E+01 1.460155E+00 1.174385E+01
9.316900E+01 1.460655E+00 1.174555E+01
9.326800E+01 1.461155E+00 1.174320E+01
9.336700E+01 1.461654E+00 1.174489E+01
9.346600E+01 1.462152E+00 1.174255E+01
9.356500E+01 1.462650E+00 1.174425E+01
9.366400E+01 1.463147E+00 1.174192E+01
9.376300E+01 1.463643E+00 1.173959E+01
9.386200E+01 1.464139E+00 1.174130E+01
9.396100E+01 1.464634E+00 1.173898E+01
9.406000E+01 1.465129E+00 1.174069E+01
9.415900E+01 1.465623E+00 1.173838E+01
9.425800E+01 1.466116E+00 1.174009E+01
9.435700E+01 1.466609E+00 1.173779E+01
9.445600E+01 1.467101E+00 1.173951E+01
9.455500E+01 1.467592E+00 1.173721E+01
9.465400E+01 1.468083E+00 1.173894E+01
9.475300E+01 1.468573E+00 1.173665E+01
9.485200E+01 1.469062E+00 1.173837E+01
9.495100E+01 1.469551E+00 1.173609E+01
9.505000E+01 1.470040E+00 1.173382E+01
9.514900E+01 1.470527E+00 1.173555E+01
9.524800E+01 1.471014E+00 1.173329E+01
9.534700E+01 1.471501E+00 1.173502E+01
9.544600E+01 1.471987E+00 1.173276E+01
9.554500E+01 1.472472E+00 1.173450E+01
9.564400E+01 1.472956E+00 1.173225E+01
9.574300E+01 1.473440E+00 1.173399E+01
9.584200E+01 1.473924E+00 1.173175E+01
9.594100E+01 1.474406E+00 1.173349E+01
9.604000E+01 1.474889E+00 1.173126E+01
9.613900E+01 1.475370E+00 1.173300E+01
9.623800E+01 1.475851E+00 1.173078E+01
9.633700E+01 1.476331E+00 1.172856E+01
9.643600E+01 1.476811E+00 1.173031E+01
9.653500E+01 1.477290E+00 1.172810E+01
9.663400E+01 1.477769E+00 1.172985E+01
9.673300E+01 1.478247E+00 1.172764E+01
9.683200E+01 1.478724E+00 1.172940E+01
9.693100E+01 1.479201E+00 1.172720E+01
9.703000E+01 1.479677E+00 1.172896E+01
9.712900E+01 1.480152E+00 1.172677E+01
9.722800E+01 1.480627E+00 1.172459E+01
9.732700E+01 1.481102E+00 1.172635E+01
9.742600E+01 1.481575E+00 1.172418E+01
9.752500E+01 1.482049E+00 1.172595E+01
9.762400E+01 1.482521E+00 1.172378E+01
9.772300E+01 1.482993E+00 1.172555E+01
9.782200E+01 1.483465E+00 1.172339E+01
9.792100E+01 1.483935E+00 1.172516E+01
9.802000E+01 1.484406E+00 1.172301E+01
9.811900E+01 1.484875E+00 1.172086E+01
9.821800E+01 1.485344E+00 1.172264E+01
9.831700E+01 1.485813E+00 1.172049E+01
9.841600E+01 1.486281E+00 1.172228E+01
9.851500E+01 1.486748E+00 1.172014E+01
9.861400E+01 1.487215E+00 1.172192E+01
9.871300E+01 1.487681E+00 1.171980E+01
9.881200E+01 1.488146E+00 1.171768E+01
9.891100E+01 1.488612E+00 1.171947E+01
9.901000E+01 1.489076E+00 1.171735E+01
9.910900E+01 1.489540E+00 1.171914E+01
9.920800E+01 1.490003E+00 1.171703E+01
9.930700E+01 1.490466E+00 1.171883E+01
9.940600E+01 1.490928E+00 1.171673E+01
9.950500E+01 1.491390E+00 1.171463E+01
9.960400E+01 1.491851E+00 1.171643E+01
9.970300E+01 1.492311E+00 1.171434E+01
9.980200E+01 1.492771E+00 1.171615E+01
9.990100E+01 1.493230E+00 1.171406E+01
