1.000000E+00 NAN NAN
1.099000E+00 NAN NAN
1.198000E+00 NAN 2.685455E+01
1.297000E+00 1.097090E-01 2.233890E+01
1.396000E+00 1.136304E-01 1.938296E+01
1.495000E+00 1.175613E-01 1.857236E+01
1.594000E+00 1.214889E-01 1.791528E+01
1.693000E+00 1.254059E-01 1.721758E+01
1.792000E+00 1.293079E-01 1.678257E+01
1.891000E+00 1.331905E-01 1.628581E+01
1.990000E+00 1.370513E-01 1.586563E+01
2.089000E+00 1.408882E-01 1.550726E+01
2.188000E+00 1.446998E-01 1.519947E+01
2.287000E+00 1.484849E-01 1.493360E+01
2.386000E+00 1.522428E-01 1.470280E+01
2.485000E+00 1.559729E-01 1.441377E+01
2.584000E+00 1.596752E-01 1.424209E+01
2.683000E+00 1.633492E-01 1.401257E+01
2.782000E+00 1.669952E-01 1.388376E+01
2.881000E+00 1.706130E-01 1.369849E+01
2.980000E+00 1.742029E-01 1.360169E+01
3.079000E+00 1.777650E-01 1.345017E+01
3.178000E+00 1.812997E-01 1.331396E+01
3.277000E+00 1.848072E-01 1.319123E+01
3.376000E+00 1.882877E-01 1.308046E+01
3.475000E+00 1.917417E-01 1.298031E+01
3.574000E+00 1.951695E-01 1.288968E+01
3.673000E+00 1.985714E-01 1.280756E+01
3.772000E+00 2.019479E-01 1.273313E+01
3.871000E+00 2.052992E-01 1.266563E+01
3.970000E+00 2.086256E-01 1.255554E+01
4.069000E+00 2.119278E-01 1.250127E+01
4.168000E+00 2.152059E-01 1.245212E+01
4.267000E+00 2.184603E-01 1.236256E+01
4.366000E+00 2.216914E-01 1.232337E+01
4.465000E+00 2.248995E-01 1.224519E+01
4.564000E+00 2.280850E-01 1.221431E+01
4.663000E+00 2.312483E-01 1.214574E+01
4.762000E+00 2.343896E-01 1.212185E+01
4.861000E+00 2.375094E-01 1.206148E+01
4.960000E+00 2.406079E-01 1.204353E+01
5.059000E+00 2.436854E-01 1.199021E+01
5.158000E+00 2.467423E-01 1.194046E+01
5.257000E+00 2.497789E-01 1.193011E+01
5.356000E+00 2.527954E-01 1.188602E+01
5.455000E+00 2.557922E-01 1.184482E+01
5.554000E+00 2.587695E-01 1.180633E+01
5.653000E+00 2.617277E-01 1.177036E+01
5.752000E+00 2.646670E-01 1.176976E+01
5.851000E+00 2.675877E-01 1.173779E+01
5.950000E+00 2.704901E-01 1.170793E+01
6.049000E+00 2.733744E-01 1.168003E+01
6.148000E+00 2.762409E-01 1.165398E+01
6.247000E+00 2.790898E-01 1.162968E+01
6.346000E+00 2.819213E-01 1.160702E+01
6.445000E+00 2.847357E-01 1.158591E+01
6.544000E+00 2.875333E-01 1.156625E+01
6.643000E+00 2.903142E-01 1.154798E+01
6.742000E+00 2.930786E-01 1.150266E+01
6.841000E+00 2.958268E-01 1.148729E+01
6.940000E+00 2.985591E-01 1.147308E+01
7.039000E+00 3.012756E-01 1.145997E+01
7.138000E+00 3.039765E-01 1.144790E+01
7.237000E+00 3.066620E-01 1.143682E+01
7.336000E+00 3.093323E-01 1.140044E+01
7.435000E+00 3.119876E-01 1.139148E+01
7.534000E+00 3.146281E-01 1.138337E+01
7.633000E+00 3.172540E-01 1.135076E+01
7.732000E+00 3.198654E-01 1.134447E+01
7.831000E+00 3.224626E-01 1.133891E+01
7.930000E+00 3.250456E-01 1.130959E+01
8.029000E+00 3.276147E-01 1.130560E+01
8.128000E+00 3.301700E-01 1.130224E+01
8.227000E+00 3.327117E-01 1.127579E+01
8.326000E+00 3.352400E-01 1.127380E+01
8.425000E+00 3.377550E-01 1.124918E+01
8.524000E+00 3.402568E-01 1.124844E+01
8.623000E+00 3.427457E-01 1.124820E+01
8.722000E+00 3.452218E-01 1.122590E+01
8.821000E+00 3.476851E-01 1.122675E+01
8.920000E+00 3.501359E-01 1.120594E+01
9.019000E+00 3.525742E-01 1.118595E+01
9.118000E+00 3.550003E-01 1.118836E+01
9.217000E+00 3.574143E-01 1.116969E+01
9.316000E+00 3.598162E-01 1.117298E+01
9.415000E+00 3.622063E-01 1.115553E+01
9.514000E+00 3.645846E-01 1.115963E+01
9.613000E+00 3.669512E-01 1.114332E+01
9.712000E+00 3.693064E-01 1.112764E+01
9.811000E+00 3.716502E-01 1.113290E+01
9.910000E+00 3.739826E-01 1.111824E+01
1.000900E+01 3.763040E-01 1.110415E+01
1.010800E+01 3.786143E-01 1.111045E+01
1.020700E+01 3.809137E-01 1.109727E+01
1.030600E+01 3.832023E-01 1.108461E+01
1.040500E+01 3.854801E-01 1.109182E+01
1.050400E+01 3.877474E-01 1.107997E+01
1.060300E+01 3.900041E-01 1.106860E+01
1.070200E+01 3.922505E-01 1.105769E+01
1.080100E+01 3.944866E-01 1.106600E+01
1.090000E+01 3.967125E-01 1.105580E+01
1.099900E+01 3.989283E-01 1.104601E+01
1.109800E+01 4.011341E-01 1.103662E+01
1.119700E+01 4.033300E-01 1.102763E+01
1.129600E+01 4.055161E-01 1.103711E+01
1.139500E+01 4.076925E-01 1.102872E+01
1.149400E+01 4.098593E-01 1.102068E+01
1.159300E+01 4.120165E-01 1.101298E+01
1.169200E+01 4.141642E-01 1.100562E+01
1.179100E+01 4.163027E-01 1.099858E+01
1.189000E+01 4.184318E-01 1.099186E+01
1.198900E+01 4.205518E-01 1.098543E+01
1.208800E+01 4.226626E-01 1.099646E+01
1.218700E+01 4.247644E-01 1.099050E+01
1.228600E+01 4.268573E-01 1.098482E+01
1.238500E+01 4.289413E-01 1.097942E+01
1.248400E+01 4.310165E-01 1.097428E+01
1.258300E+01 4.330830E-01 1.096939E+01
1.268200E+01 4.351408E-01 1.096476E+01
1.278100E+01 4.371901E-01 1.096037E+01
1.288000E+01 4.392309E-01 1.095621E+01
1.297900E+01 4.412633E-01 1.095228E+01
1.307800E+01 4.432873E-01 1.094857E+01
1.317700E+01 4.453031E-01 1.094508E+01
1.327600E+01 4.473107E-01 1.094180E+01
1.337500E+01 4.493101E-01 1.093873E+01
1.347400E+01 4.513015E-01 1.093586E+01
1.357300E+01 4.532848E-01 1.093318E+01
1.367200E+01 4.552602E-01 1.093069E+01
1.377100E+01 4.572278E-01 1.092838E+01
1.387000E+01 4.591876E-01 1.092625E+01
1.396900E+01 4.611396E-01 1.090898E+01
1.406800E+01 4.630839E-01 1.090728E+01
1.416700E+01 4.650206E-01 1.090574E+01
1.426600E+01 4.669497E-01 1.090436E+01
1.436500E+01 4.688714E-01 1.090314E+01
1.446400E+01 4.707856E-01 1.090208E+01
1.456300E+01 4.726924E-01 1.090116E+01
1.466200E+01 4.745919E-01 1.090039E+01
1.476100E+01 4.764841E-01 1.088507E+01
1.486000E+01 4.783692E-01 1.088465E+01
1.495900E+01 4.802470E-01 1.088437E+01
1.505800E+01 4.821178E-01 1.088421E+01
1.515700E+01 4.839815E-01 1.088418E+01
1.525600E+01 4.858383E-01 1.088428E+01
1.535500E+01 4.876880E-01 1.087024E+01
1.545400E+01 4.895309E-01 1.087064E+01
1.555300E+01 4.913670E-01 1.087116E+01
1.565200E+01 4.931963E-01 1.087179E+01
1.575100E+01 4.950188E-01 1.087253E+01
1.585000E+01 4.968347E-01 1.085946E+01
1.594900E+01 4.986439E-01 1.086047E+01
1.604800E+01 5.004466E-01 1.086158E+01
1.614700E+01 5.022427E-01 1.086280E+01
1.624600E+01 5.040323E-01 1.085044E+01
1.634500E+01 5.058155E-01 1.085191E+01
1.644400E+01 5.075923E-01 1.085346E+01
1.654300E+01 5.093627E-01 1.085511E+01
1.664200E+01 5.111268E-01 1.084342E+01
1.674100E+01 5.128846E-01 1.084529E+01
1.684000E+01 5.146362E-01 1.084725E+01
1.693900E+01 5.163817E-01 1.083604E+01
1.703800E+01 5.181210E-01 1.083821E+01
1.713700E+01 5.198542E-01 1.084047E+01
1.723600E+01 5.215814E-01 1.082971E+01
1.733500E+01 5.233026E-01 1.083216E+01
1.743400E+01 5.250178E-01 1.083469E+01
1.753300E+01 5.267271E-01 1.082437E+01
1.763200E+01 5.284305E-01 1.082708E+01
1.773100E+01 5.301281E-01 1.082986E+01
1.783000E+01 5.318199E-01 1.081994E+01
1.792900E+01 5.335059E-01 1.082290E+01
1.802800E+01 5.351861E-01 1.082592E+01
1.812700E+01 5.368607E-01 1.081639E+01
1.822600E+01 5.385296E-01 1.081958E+01
1.832500E+01 5.401929E-01 1.081031E+01
1.842400E+01 5.418507E-01 1.081366E+01
1.852300E+01 5.435029E-01 1.081706E+01
1.862200E+01 5.451496E-01 1.080815E+01
1.872100E+01 5.467908E-01 1.081170E+01
1.882000E+01 5.484267E-01 1.080303E+01
1.891900E+01 5.500571E-01 1.080673E+01
1.901800E+01 5.516821E-01 1.079830E+01
1.911700E+01 5.533018E-01 1.080213E+01
1.921600E+01 5.549163E-01 1.080601E+01
1.931500E+01 5.565255E-01 1.079789E+01
1.941400E+01 5.581294E-01 1.080190E+01
1.951300E+01 5.597282E-01 1.079400E+01
1.961200E+01 5.613217E-01 1.079813E+01
1.971100E+01 5.629102E-01 1.079044E+01
1.981000E+01 5.644936E-01 1.079470E+01
1.990900E+01 5.660719E-01 1.078721E+01
2.000800E+01 5.676451E-01 1.079158E+01
2.010700E+01 5.692134E-01 1.078429E+01
2.020600E+01 5.707767E-01 1.078877E+01
2.030500E+01 5.723351E-01 1.078167E+01
2.040400E+01 5.738885E-01 1.078625E+01
2.050300E+01 5.754371E-01 1.077934E+01
2.060200E+01 5.769808E-01 1.078402E+01
2.070100E+01 5.785197E-01 1.077728E+01
2.080000E+01 5.800539E-01 1.078207E+01
2.089900E+01 5.815832E-01 1.077551E+01
2.099800E+01 5.831078E-01 1.078038E+01
2.109700E+01 5.846277E-01 1.077399E+01
2.119600E+01 5.861430E-01 1.077896E+01
2.129500E+01 5.876536E-01 1.077272E+01
2.139400E+01 5.891596E-01 1.076659E+01
2.149300E+01 5.906609E-01 1.077171E+01
2.159200E+01 5.921577E-01 1.076573E+01
2.169100E+01 5.936500E-01 1.077092E+01
2.179000E+01 5.951378E-01 1.076510E+01
2.188900E+01 5.966210E-01 1.077037E+01
2.198800E+01 5.980998E-01 1.076469E+01
2.208700E+01 5.995742E-01 1.075911E+01
2.218600E+01 6.010442E-01 1.076451E+01
2.228500E+01 6.025097E-01 1.075906E+01
2.238400E+01 6.039709E-01 1.076453E+01
2.248300E+01 6.054278E-01 1.075922E+01
2.258200E+01 6.068803E-01 1.075399E+01
2.268100E+01 6.083286E-01 1.075958E+01
2.278000E+01 6.097726E-01 1.075448E+01
2.287900E+01 6.112124E-01 1.076013E+01
2.297800E+01 6.126479E-01 1.075516E+01
2.307700E+01 6.140793E-01 1.075027E+01
2.317600E+01 6.155065E-01 1.075603E+01
2.327500E+01 6.169295E-01 1.075126E+01
2.337400E+01 6.183484E-01 1.074656E+01
2.347300E+01 6.197632E-01 1.075242E+01
2.357200E+01 6.211740E-01 1.074784E+01
2.367100E+01 6.225807E-01 1.074334E+01
2.377000E+01 6.239833E-01 1.074929E+01
2.386900E+01 6.253820E-01 1.074489E+01
2.396800E+01 6.267766E-01 1.074057E+01
2.406700E+01 6.281673E-01 1.074661E+01
2.416600E+01 6.295541E-01 1.074239E+01
2.426500E+01 6.309369E-01 1.073824E+01
2.436400E+01 6.323158E-01 1.074437E+01
2.446300E+01 6.336909E-01 1.074032E+01
2.456200E+01 6.350620E-01 1.073634E+01
2.466100E+01 6.364294E-01 1.074255E+01
2.476000E+01 6.377929E-01 1.073866E+01
2.485900E+01 6.391526E-01 1.073484E+01
2.495800E+01 6.405085E-01 1.073108E+01
2.505700E+01 6.418607E-01 1.073739E+01
2.515600E+01 6.432092E-01 1.073373E+01
2.525500E+01 6.445539E-01 1.073012E+01
2.535400E+01 6.458949E-01 1.073650E+01
2.545300E+01 6.472322E-01 1.073298E+01
2.555200E+01 6.485659E-01 1.072952E+01
2.565100E+01 6.498959E-01 1.072612E+01
2.575000E+01 6.512223E-01 1.073260E+01
2.584900E+01 6.525450E-01 1.072928E+01
2.594800E+01 6.538642E-01 1.072601E+01
2.604700E+01 6.551798E-01 1.072280E+01
2.614600E+01 6.564919E-01 1.072937E+01
2.624500E+01 6.578004E-01 1.072624E+01
2.634400E+01 6.591055E-01 1.072316E+01
2.644300E+01 6.604070E-01 1.072014E+01
2.654200E+01 6.617050E-01 1.072679E+01
2.664100E+01 6.629996E-01 1.072383E+01
2.674000E+01 6.642907E-01 1.072093E+01
2.683900E+01 6.655784E-01 1.071808E+01
2.693800E+01 6.668627E-01 1.071528E+01
2.703700E+01 6.681436E-01 1.072203E+01
2.713600E+01 6.694211E-01 1.071930E+01
2.723500E+01 6.706953E-01 1.071661E+01
2.733400E+01 6.719661E-01 1.071397E+01
2.743300E+01 6.732336E-01 1.071138E+01
2.753200E+01 6.744978E-01 1.071822E+01
2.763100E+01 6.757586E-01 1.071569E+01
2.773000E+01 6.770162E-01 1.071321E+01
2.782900E+01 6.782705E-01 1.071078E+01
2.792800E+01 6.795216E-01 1.070838E+01
2.802700E+01 6.807695E-01 1.071531E+01
2.812600E+01 6.820141E-01 1.071297E+01
2.822500E+01 6.832555E-01 1.071068E+01
2.832400E+01 6.844938E-01 1.070843E+01
2.842300E+01 6.857288E-01 1.070623E+01
2.852200E+01 6.869607E-01 1.070406E+01
2.862100E+01 6.881895E-01 1.071108E+01
2.872000E+01 6.894152E-01 1.070897E+01
2.881900E+01 6.906377E-01 1.070690E+01
2.891800E+01 6.918572E-01 1.070487E+01
2.901700E+01 6.930735E-01 1.070288E+01
2.911600E+01 6.942868E-01 1.070092E+01
2.921500E+01 6.954971E-01 1.069901E+01
2.931400E+01 6.967043E-01 1.070612E+01
2.941300E+01 6.979084E-01 1.070426E+01
2.951200E+01 6.991096E-01 1.070243E+01
2.961100E+01 7.003078E-01 1.070064E+01
2.971000E+01 7.015030E-01 1.069888E+01
2.980900E+01 7.026952E-01 1.069716E+01
2.990800E+01 7.038845E-01 1.069547E+01
3.000700E+01 7.050708E-01 1.069382E+01
3.010600E+01 7.062542E-01 1.069221E+01
3.020500E+01 7.074347E-01 1.069944E+01
3.030400E+01 7.086123E-01 1.069787E+01
3.040300E+01 7.097869E-01 1.069633E+01
3.050200E+01 7.109588E-01 1.069482E+01
3.060100E+01 7.121277E-01 1.069335E+01
3.070000E+01 7.132938E-01 1.069191E+01
3.079900E+01 7.144571E-01 1.069050E+01
3.089800E+01 7.156175E-01 1.068912E+01
3.099700E+01 7.167752E-01 1.068778E+01
3.109600E+01 7.179300E-01 1.068646E+01
3.119500E+01 7.190821E-01 1.069380E+01
3.129400E+01 7.202313E-01 1.069252E+01
3.139300E+01 7.213779E-01 1.069128E+01
3.149200E+01 7.225216E-01 1.069006E+01
3.159100E+01 7.236627E-01 1.068888E+01
3.169000E+01 7.248010E-01 1.068772E+01
3.178900E+01 7.259366E-01 1.068659E+01
3.188800E+01 7.270695E-01 1.068549E+01
3.198700E+01 7.281997E-01 1.068441E+01
3.208600E+01 7.293273E-01 1.068337E+01
3.218500E+01 7.304521E-01 1.068235E+01
3.228400E+01 7.315744E-01 1.068136E+01
3.238300E+01 7.326939E-01 1.068039E+01
3.248200E+01 7.338109E-01 1.067945E+01
3.258100E+01 7.349252E-01 1.067854E+01
3.268000E+01 7.360369E-01 1.067765E+01
3.277900E+01 7.371461E-01 1.067679E+01
3.287800E+01 7.382526E-01 1.067596E+01
3.297700E+01 7.393565E-01 1.067515E+01
3.307600E+01 7.404579E-01 1.067436E+01
3.317500E+01 7.415568E-01 1.067360E+01
3.327400E+01 7.426531E-01 1.067287E+01
3.337300E+01 7.437469E-01 1.067215E+01
3.347200E+01 7.448381E-01 1.067969E+01
3.357100E+01 7.459269E-01 1.067901E+01
3.367000E+01 7.470131E-01 1.067836E+01
3.376900E+01 7.480969E-01 1.067772E+01
3.386800E+01 7.491782E-01 1.067711E+01
3.396700E+01 7.502570E-01 1.067652E+01
3.406600E+01 7.513334E-01 1.067595E+01
3.416500E+01 7.524073E-01 1.067541E+01
3.426400E+01 7.534787E-01 1.067489E+01
3.436300E+01 7.545478E-01 1.067439E+01
3.446200E+01 7.556144E-01 1.067391E+01
3.456100E+01 7.566786E-01 1.066540E+01
3.466000E+01 7.577405E-01 1.066498E+01
3.475900E+01 7.587999E-01 1.066458E+01
3.485800E+01 7.598570E-01 1.066420E+01
3.495700E+01 7.609117E-01 1.066384E+01
3.505600E+01 7.619640E-01 1.066350E+01
3.515500E+01 7.630140E-01 1.066318E+01
3.525400E+01 7.640617E-01 1.066289E+01
3.535300E+01 7.651070E-01 1.066261E+01
3.545200E+01 7.661500E-01 1.066235E+01
3.555100E+01 7.671907E-01 1.066211E+01
3.565000E+01 7.682291E-01 1.066189E+01
3.574900E+01 7.692652E-01 1.066169E+01
3.584800E+01 7.702990E-01 1.066151E+01
3.594700E+01 7.713305E-01 1.066135E+01
3.604600E+01 7.723598E-01 1.066120E+01
3.614500E+01 7.733869E-01 1.066107E+01
3.624400E+01 7.744116E-01 1.066097E+01
3.634300E+01 7.754342E-01 1.066088E+01
3.644200E+01 7.764545E-01 1.066080E+01
3.654100E+01 7.774726E-01 1.066075E+01
3.664000E+01 7.784885E-01 1.066071E+01
3.673900E+01 7.795022E-01 1.066069E+01
3.683800E+01 7.805137E-01 1.065296E+01
3.693700E+01 7.815230E-01 1.065299E+01
3.703600E+01 7.825301E-01 1.065303E+01
3.713500E+01 7.835351E-01 1.065309E+01
3.723400E+01 7.845379E-01 1.065317E+01
3.733300E+01 7.855386E-01 1.065327E+01
3.743200E+01 7.865371E-01 1.065337E+01
3.753100E+01 7.875335E-01 1.065350E+01
3.763000E+01 7.885278E-01 1.065364E+01
3.772900E+01 7.895199E-01 1.065380E+01
3.782800E+01 7.905100E-01 1.065397E+01
3.792700E+01 7.914979E-01 1.065416E+01
3.802600E+01 7.924838E-01 1.064680E+01
3.812500E+01 7.934675E-01 1.064703E+01
3.822400E+01 7.944492E-01 1.064728E+01
3.832300E+01 7.954289E-01 1.064754E+01
3.842200E+01 7.964064E-01 1.064781E+01
3.852100E+01 7.973819E-01 1.064810E+01
3.862000E+01 7.983554E-01 1.064841E+01
3.871900E+01 7.993268E-01 1.064873E+01
3.881800E+01 8.002962E-01 1.064906E+01
3.891700E+01 8.012636E-01 1.064941E+01
3.901600E+01 8.022289E-01 1.064233E+01
3.911500E+01 8.031923E-01 1.064271E+01
3.921400E+01 8.041536E-01 1.064311E+01
3.931300E+01 8.051130E-01 1.064353E+01
3.941200E+01 8.060703E-01 1.064396E+01
3.951100E+01 8.070257E-01 1.064440E+01
3.961000E+01 8.079792E-01 1.064485E+01
3.970900E+01 8.089306E-01 1.063796E+01
3.980800E+01 8.098801E-01 1.063845E+01
3.990700E+01 8.108277E-01 1.063896E+01
4.000600E+01 8.117733E-01 1.063947E+01
4.010500E+01 8.127170E-01 1.064000E+01
4.020400E+01 8.136588E-01 1.064055E+01
4.030300E+01 8.145987E-01 1.064110E+01
4.040200E+01 8.155366E-01 1.064167E+01
4.050100E+01 8.164726E-01 1.063498E+01
4.060000E+01 8.174068E-01 1.063558E+01
4.069900E+01 8.183390E-01 1.063620E+01
4.079800E+01 8.192694E-01 1.063682E+01
4.089700E+01 8.201979E-01 1.063746E+01
4.099600E+01 8.211245E-01 1.063811E+01
4.109500E+01 8.220492E-01 1.063158E+01
4.119400E+01 8.229721E-01 1.063226E+01
4.129300E+01 8.238932E-01 1.063295E+01
4.139200E+01 8.248124E-01 1.063365E+01
4.149100E+01 8.257298E-01 1.063437E+01
4.159000E+01 8.266453E-01 1.063510E+01
4.168900E+01 8.275590E-01 1.062871E+01
4.178800E+01 8.284709E-01 1.062947E+01
4.188700E+01 8.293810E-01 1.063023E+01
4.198600E+01 8.302893E-01 1.063101E+01
4.208500E+01 8.311958E-01 1.063180E+01
4.218400E+01 8.321005E-01 1.063260E+01
4.228300E+01 8.330034E-01 1.062635E+01
4.238200E+01 8.339045E-01 1.062718E+01
4.248100E+01 8.348039E-01 1.062802E+01
4.258000E+01 8.357014E-01 1.062888E+01
4.267900E+01 8.365973E-01 1.062974E+01
4.277800E+01 8.374914E-01 1.062360E+01
4.287700E+01 8.383837E-01 1.062449E+01
4.297600E+01 8.392743E-01 1.062539E+01
4.307500E+01 8.401631E-01 1.062630E+01
4.317400E+01 8.410503E-01 1.062722E+01
4.327300E+01 8.419357E-01 1.062119E+01
4.337200E+01 8.428193E-01 1.062214E+01
4.347100E+01 8.437013E-01 1.062309E+01
4.357000E+01 8.445816E-01 1.062406E+01
4.366900E+01 8.454602E-01 1.062503E+01
4.376800E+01 8.463370E-01 1.061911E+01
4.386700E+01 8.472122E-01 1.062011E+01
4.396600E+01 8.480857E-01 1.062112E+01
4.406500E+01 8.489576E-01 1.062214E+01
4.416400E+01 8.498277E-01 1.061631E+01
4.426300E+01 8.506962E-01 1.061735E+01
4.436200E+01 8.515631E-01 1.061841E+01
4.446100E+01 8.524283E-01 1.061947E+01
4.456000E+01 8.532918E-01 1.062054E+01
4.465900E+01 8.541537E-01 1.061481E+01
4.475800E+01 8.550140E-01 1.061590E+01
4.485700E+01 8.558726E-01 1.061701E+01
4.495600E+01 8.567296E-01 1.061812E+01
4.505500E+01 8.575850E-01 1.061246E+01
4.515400E+01 8.584388E-01 1.061360E+01
4.525300E+01 8.592910E-01 1.061475E+01
4.535200E+01 8.601416E-01 1.061590E+01
4.545100E+01 8.609905E-01 1.061032E+01
4.555000E+01 8.618379E-01 1.061150E+01
4.564900E+01 8.626837E-01 1.061268E+01
4.574800E+01 8.635279E-01 1.061388E+01
4.584700E+01 8.643705E-01 1.060837E+01
4.594600E+01 8.652116E-01 1.060959E+01
4.604500E+01 8.660511E-01 1.061081E+01
4.614400E+01 8.668890E-01 1.061204E+01
4.624300E+01 8.677254E-01 1.060662E+01
4.634200E+01 8.685602E-01 1.060787E+01
4.644100E+01 8.693935E-01 1.060913E+01
4.654000E+01 8.702253E-01 1.061040E+01
4.663900E+01 8.710555E-01 1.060504E+01
4.673800E+01 8.718841E-01 1.060633E+01
4.683700E+01 8.727113E-01 1.060763E+01
4.693600E+01 8.735369E-01 1.060893E+01
4.703500E+01 8.743610E-01 1.060365E+01
4.713400E+01 8.751836E-01 1.060497E+01
4.723300E+01 8.760047E-01 1.060630E+01
4.733200E+01 8.768243E-01 1.060107E+01
4.743100E+01 8.776425E-01 1.060242E+01
4.753000E+01 8.784591E-01 1.060378E+01
4.762900E+01 8.792742E-01 1.060515E+01
4.772800E+01 8.800878E-01 1.059998E+01
4.782700E+01 8.809000E-01 1.060137E+01
4.792600E+01 8.817107E-01 1.060276E+01
4.802500E+01 8.825200E-01 1.059765E+01
4.812400E+01 8.833277E-01 1.059906E+01
4.822300E+01 8.841340E-01 1.060048E+01
4.832200E+01 8.849389E-01 1.060190E+01
4.842100E+01 8.857423E-01 1.059686E+01
4.852000E+01 8.865443E-01 1.059830E+01
4.861900E+01 8.873448E-01 1.059975E+01
4.871800E+01 8.881439E-01 1.059476E+01
4.881700E+01 8.889416E-01 1.059622E+01
4.891600E+01 8.897378E-01 1.059770E+01
4.901500E+01 8.905327E-01 1.059918E+01
4.911400E+01 8.913261E-01 1.059424E+01
4.921300E+01 8.921181E-01 1.059574E+01
4.931200E+01 8.929087E-01 1.059724E+01
4.941100E+01 8.936978E-01 1.059236E+01
4.951000E+01 8.944856E-01 1.059388E+01
4.960900E+01 8.952720E-01 1.059541E+01
4.970800E+01 8.960570E-01 1.059057E+01
4.980700E+01 8.968407E-01 1.059212E+01
4.990600E+01 8.976229E-01 1.059367E+01
5.000500E+01 8.984038E-01 1.058888E+01
5.010400E+01 8.991832E-01 1.059045E+01
5.020300E+01 8.999614E-01 1.059202E+01
5.030200E+01 9.007381E-01 1.058728E+01
5.040100E+01 9.015135E-01 1.058886E+01
5.050000E+01 9.022876E-01 1.059046E+01
5.059900E+01 9.030603E-01 1.058576E+01
5.069800E+01 9.038316E-01 1.058737E+01
5.079700E+01 9.046016E-01 1.058898E+01
5.089600E+01 9.053703E-01 1.058433E+01
5.099500E+01 9.061376E-01 1.058596E+01
5.109400E+01 9.069036E-01 1.058760E+01
5.119300E+01 9.076683E-01 1.058299E+01
5.129200E+01 9.084316E-01 1.058464E+01
5.139100E+01 9.091937E-01 1.058630E+01
5.149000E+01 9.099544E-01 1.058174E+01
5.158900E+01 9.107138E-01 1.058341E+01
5.168800E+01 9.114719E-01 1.058508E+01
5.178700E+01 9.122287E-01 1.058056E+01
5.188600E+01 9.129842E-01 1.058225E+01
5.198500E+01 9.137385E-01 1.058395E+01
5.208400E+01 9.144914E-01 1.057947E+01
5.218300E+01 9.152430E-01 1.058118E+01
5.228200E+01 9.159934E-01 1.058289E+01
5.238100E+01 9.167424E-01 1.057845E+01
5.248000E+01 9.174902E-01 1.058018E+01
5.257900E+01 9.182368E-01 1.058192E+01
5.267800E+01 9.189820E-01 1.057752E+01
5.277700E+01 9.197260E-01 1.057926E+01
5.287600E+01 9.204688E-01 1.058102E+01
5.297500E+01 9.212103E-01 1.057666E+01
5.307400E+01 9.219505E-01 1.057842E+01
5.317300E+01 9.226895E-01 1.057410E+01
5.327200E+01 9.234272E-01 1.057587E+01
5.337100E+01 9.241637E-01 1.057766E+01
5.347000E+01 9.248990E-01 1.057337E+01
5.356900E+01 9.256330E-01 1.057516E+01
5.366800E+01 9.263658E-01 1.057696E+01
5.376700E+01 9.270973E-01 1.057271E+01
5.386600E+01 9.278277E-01 1.057453E+01
5.396500E+01 9.285568E-01 1.057634E+01
5.406400E+01 9.292847E-01 1.057213E+01
5.416300E+01 9.300114E-01 1.057396E+01
5.426200E+01 9.307369E-01 1.056977E+01
5.436100E+01 9.314612E-01 1.057162E+01
5.446000E+01 9.321843E-01 1.057346E+01
5.455900E+01 9.329062E-01 1.056931E+01
5.465800E+01 9.336269E-01 1.057117E+01
5.475700E+01 9.343464E-01 1.056705E+01
5.485600E+01 9.350647E-01 1.056892E+01
5.495500E+01 9.357818E-01 1.057080E+01
5.505400E+01 9.364977E-01 1.056671E+01
5.515300E+01 9.372125E-01 1.056860E+01
5.525200E+01 9.379261E-01 1.056454E+01
5.535100E+01 9.386385E-01 1.056644E+01
5.545000E+01 9.393498E-01 1.056834E+01
5.554900E+01 9.400599E-01 1.056431E+01
5.564800E+01 9.407688E-01 1.056623E+01
5.574700E+01 9.414766E-01 1.056814E+01
5.584600E+01 9.421832E-01 1.056415E+01
5.594500E+01 9.428887E-01 1.056608E+01
5.604400E+01 9.435930E-01 1.056211E+01
5.614300E+01 9.442962E-01 1.056405E+01
5.624200E+01 9.449982E-01 1.056011E+01
5.634100E+01 9.456991E-01 1.056206E+01
5.644000E+01 9.463989E-01 1.056402E+01
5.653900E+01 9.470975E-01 1.056011E+01
5.663800E+01 9.477950E-01 1.056207E+01
5.673700E+01 9.484914E-01 1.055819E+01
5.683600E+01 9.491866E-01 1.056017E+01
5.693500E+01 9.498808E-01 1.056215E+01
5.703400E+01 9.505738E-01 1.055829E+01
5.713300E+01 9.512657E-01 1.056028E+01
5.723200E+01 9.519565E-01 1.055646E+01
5.733100E+01 9.526462E-01 1.055846E+01
5.743000E+01 9.533348E-01 1.056046E+01
5.752900E+01 9.540223E-01 1.055666E+01
5.762800E+01 9.547087E-01 1.055868E+01
5.772700E+01 9.553940E-01 1.055490E+01
5.782600E+01 9.560782E-01 1.055692E+01
5.792500E+01 9.567613E-01 1.055317E+01
5.802400E+01 9.574434E-01 1.055521E+01
5.812300E+01 9.581243E-01 1.055724E+01
5.822200E+01 9.588042E-01 1.055352E+01
5.832100E+01 9.594830E-01 1.055557E+01
5.842000E+01 9.601608E-01 1.055187E+01
5.851900E+01 9.608374E-01 1.055393E+01
5.861800E+01 9.615130E-01 1.055025E+01
5.871700E+01 9.621876E-01 1.055232E+01
5.881600E+01 9.628610E-01 1.054866E+01
5.891500E+01 9.635334E-01 1.055074E+01
5.901400E+01 9.642048E-01 1.055282E+01
5.911300E+01 9.648751E-01 1.054919E+01
5.921200E+01 9.655444E-01 1.055128E+01
5.931100E+01 9.662126E-01 1.054767E+01
5.941000E+01 9.668797E-01 1.054977E+01
5.950900E+01 9.675459E-01 1.054619E+01
5.960800E+01 9.682110E-01 1.054829E+01
5.970700E+01 9.688750E-01 1.054473E+01
5.980600E+01 9.695380E-01 1.054684E+01
5.990500E+01 9.702000E-01 1.054896E+01
6.000400E+01 9.708610E-01 1.054543E+01
6.010300E+01 9.715209E-01 1.054755E+01
6.020200E+01 9.721799E-01 1.054404E+01
6.030100E+01 9.728378E-01 1.054617E+01
6.040000E+01 9.734947E-01 1.054268E+01
6.049900E+01 9.741505E-01 1.054482E+01
6.059800E+01 9.748054E-01 1.054135E+01
6.069700E+01 9.754593E-01 1.054350E+01
6.079600E+01 9.761121E-01 1.054005E+01
6.089500E+01 9.767640E-01 1.054221E+01
6.099400E+01 9.774148E-01 1.054437E+01
6.109300E+01 9.780647E-01 1.054094E+01
6.119200E+01 9.787135E-01 1.054311E+01
6.129100E+01 9.793614E-01 1.053971E+01
6.139000E+01 9.800083E-01 1.054188E+01
6.148900E+01 9.806542E-01 1.053850E+01
6.158800E+01 9.812991E-01 1.054068E+01
6.168700E+01 9.819430E-01 1.053731E+01
6.178600E+01 9.825859E-01 1.053951E+01
6.188500E+01 9.832279E-01 1.053616E+01
6.198400E+01 9.838689E-01 1.053836E+01
6.208300E+01 9.845089E-01 1.053503E+01
6.218200E+01 9.851480E-01 1.053724E+01
6.228100E+01 9.857861E-01 1.053393E+01
6.238000E+01 9.864232E-01 1.053614E+01
6.247900E+01 9.870593E-01 1.053285E+01
6.257800E+01 9.876945E-01 1.053507E+01
6.267700E+01 9.883288E-01 1.053180E+01
6.277600E+01 9.889621E-01 1.053403E+01
6.287500E+01 9.895944E-01 1.053077E+01
6.297400E+01 9.902258E-01 1.053301E+01
6.307300E+01 9.908563E-01 1.052978E+01
6.317200E+01 9.914858E-01 1.053202E+01
6.327100E+01 9.921144E-01 1.053427E+01
6.337000E+01 9.927420E-01 1.053105E+01
6.346900E+01 9.933687E-01 1.053331E+01
6.356800E+01 9.939944E-01 1.053011E+01
6.366700E+01 9.946193E-01 1.053237E+01
6.376600E+01 9.952432E-01 1.052919E+01
6.386500E+01 9.958662E-01 1.053146E+01
6.396400E+01 9.964882E-01 1.052830E+01
6.406300E+01 9.971093E-01 1.053057E+01
6.416200E+01 9.977295E-01 1.052743E+01
6.426100E+01 9.983488E-01 1.052971E+01
6.436000E+01 9.989672E-01 1.052658E+01
6.445900E+01 9.995847E-01 1.052887E+01
6.455800E+01 1.000201E+00 1.052576E+01
6.465700E+01 1.000817E+00 1.052806E+01
6.475600E+01 1.001432E+00 1.052496E+01
6.485500E+01 1.002045E+00 1.052726E+01
6.495400E+01 1.002658E+00 1.052419E+01
6.505300E+01 1.003270E+00 1.052112E+01
6.515200E+01 1.003882E+00 1.052343E+01
6.525100E+01 1.004492E+00 1.052038E+01
6.535000E+01 1.005101E+00 1.052270E+01
6.544900E+01 1.005710E+00 1.051967E+01
6.554800E+01 1.006317E+00 1.052199E+01
6.564700E+01 1.006924E+00 1.051898E+01
6.574600E+01 1.007530E+00 1.052131E+01
6.584500E+01 1.008135E+00 1.051831E+01
6.594400E+01 1.008739E+00 1.052064E+01
6.604300E+01 1.009342E+00 1.051766E+01
6.614200E+01 1.009944E+00 1.052000E+01
6.624100E+01 1.010546E+00 1.051703E+01
6.634000E+01 1.011146E+00 1.051938E+01
6.643900E+01 1.011746E+00 1.051643E+01
6.653800E+01 1.012345E+00 1.051878E+01
6.663700E+01 1.012943E+00 1.051584E+01
6.673600E+01 1.013540E+00 1.051821E+01
6.683500E+01 1.014136E+00 1.051528E+01
6.693400E+01 1.014731E+00 1.051765E+01
6.703300E+01 1.015326E+00 1.051474E+01
6.713200E+01 1.015919E+00 1.051711E+01
6.723100E+01 1.016512E+00 1.051422E+01
6.733000E+01 1.017104E+00 1.051134E+01
6.742900E+01 1.017695E+00 1.051372E+01
6.752800E+01 1.018286E+00 1.051085E+01
6.762700E+01 1.018875E+00 1.051324E+01
6.772600E+01 1.019464E+00 1.051039E+01
6.782500E+01 1.020051E+00 1.051278E+01
6.792400E+01 1.020638E+00 1.050994E+01
6.802300E+01 1.021225E+00 1.051234E+01
6.812200E+01 1.021810E+00 1.050951E+01
6.822100E+01 1.022394E+00 1.051192E+01
6.832000E+01 1.022978E+00 1.050911E+01
6.841900E+01 1.023561E+00 1.051152E+01
6.851800E+01 1.024143E+00 1.050872E+01
6.861700E+01 1.024724E+00 1.050594E+01
6.871600E+01 1.025304E+00 1.050835E+01
6.881500E+01 1.025883E+00 1.050558E+01
6.891400E+01 1.026462E+00 1.050800E+01
6.901300E+01 1.027040E+00 1.050525E+01
6.911200E+01 1.027617E+00 1.050767E+01
6.921100E+01 1.028193E+00 1.050493E+01
6.931000E+01 1.028769E+00 1.050736E+01
6.940900E+01 1.029343E+00 1.050463E+01
6.950800E+01 1.029917E+00 1.050191E+01
6.960700E+01 1.030490E+00 1.050435E+01
6.970600E+01 1.031062E+00 1.050165E+01
6.980500E+01 1.031634E+00 1.050409E+01
6.990400E+01 1.032204E+00 1.050140E+01
7.000300E+01 1.032774E+00 1.050385E+01
7.010200E+01 1.033343E+00 1.050117E+01
7.020100E+01 1.033911E+00 1.050362E+01
7.030000E+01 1.034479E+00 1.050096E+01
7.039900E+01 1.035046E+00 1.049830E+01
7.049800E+01 1.035611E+00 1.050076E+01
7.059700E+01 1.036177E+00 1.049812E+01
7.069600E+01 1.036741E+00 1.050059E+01
7.079500E+01 1.037304E+00 1.049796E+01
7.089400E+01 1.037867E+00 1.050043E+01
7.099300E+01 1.038429E+00 1.049781E+01
7.109200E+01 1.038990E+00 1.049520E+01
7.119100E+01 1.039551E+00 1.049768E+01
7.129000E+01 1.040110E+00 1.049508E+01
7.138900E+01 1.040669E+00 1.049757E+01
7.148800E+01 1.041227E+00 1.049498E+01
7.158700E+01 1.041785E+00 1.049747E+01
7.168600E+01 1.042341E+00 1.049490E+01
7.178500E+01 1.042897E+00 1.049234E+01
7.188400E+01 1.043452E+00 1.049483E+01
7.198300E+01 1.044007E+00 1.049228E+01
7.208200E+01 1.044560E+00 1.049478E+01
7.218100E+01 1.045113E+00 1.049224E+01
7.228000E+01 1.045665E+00 1.049475E+01
7.237900E+01 1.046216E+00 1.049222E+01
7.247800E+01 1.046767E+00 1.048970E+01
7.257700E+01 1.047317E+00 1.049222E+01
7.267600E+01 1.047866E+00 1.048971E+01
7.277500E+01 1.048414E+00 1.049223E+01
7.287400E+01 1.048962E+00 1.048973E+01
7.297300E+01 1.049508E+00 1.048725E+01
7.307200E+01 1.050054E+00 1.048977E+01
7.317100E+01 1.050600E+00 1.048730E+01
7.327000E+01 1.051144E+00 1.048982E+01
7.336900E+01 1.051688E+00 1.048736E+01
7.346800E+01 1.052231E+00 1.048491E+01
7.356700E+01 1.052774E+00 1.048744E+01
7.366600E+01 1.053315E+00 1.048500E+01
7.376500E+01 1.053856E+00 1.048754E+01
7.386400E+01 1.054397E+00 1.048510E+01
7.396300E+01 1.054936E+00 1.048268E+01
7.406200E+01 1.055475E+00 1.048523E+01
7.416100E+01 1.056013E+00 1.048282E+01
7.426000E+01 1.056550E+00 1.048536E+01
7.435900E+01 1.057087E+00 1.048296E+01
7.445800E+01 1.057623E+00 1.048057E+01
7.455700E+01 1.058158E+00 1.048312E+01
7.465600E+01 1.058692E+00 1.048074E+01
7.475500E+01 1.059226E+00 1.048330E+01
7.485400E+01 1.059759E+00 1.048093E+01
7.495300E+01 1.060292E+00 1.047857E+01
7.505200E+01 1.060823E+00 1.048113E+01
7.515100E+01 1.061354E+00 1.047878E+01
7.525000E+01 1.061884E+00 1.048135E+01
7.534900E+01 1.062414E+00 1.047901E+01
7.544800E+01 1.062943E+00 1.047668E+01
7.554700E+01 1.063471E+00 1.047925E+01
7.564600E+01 1.063998E+00 1.047693E+01
7.574500E+01 1.064525E+00 1.047950E+01
7.584400E+01 1.065051E+00 1.047719E+01
7.594300E+01 1.065576E+00 1.047489E+01
7.604200E+01 1.066101E+00 1.047747E+01
7.614100E+01 1.066625E+00 1.047518E+01
7.624000E+01 1.067148E+00 1.047776E+01
7.633900E+01 1.067671E+00 1.047548E+01
7.643800E+01 1.068193E+00 1.047320E+01
7.653700E+01 1.068714E+00 1.047580E+01
7.663600E+01 1.069235E+00 1.047353E+01
7.673500E+01 1.069754E+00 1.047127E+01
7.683400E+01 1.070274E+00 1.047387E+01
7.693300E+01 1.070792E+00 1.047162E+01
7.703200E+01 1.071310E+00 1.047422E+01
7.713100E+01 1.071827E+00 1.047198E+01
7.723000E+01 1.072344E+00 1.046975E+01
7.732900E+01 1.072859E+00 1.047236E+01
7.742800E+01 1.073375E+00 1.047014E+01
7.752700E+01 1.073889E+00 1.046793E+01
7.762600E+01 1.074403E+00 1.047054E+01
7.772500E+01 1.074916E+00 1.046833E+01
7.782400E+01 1.075429E+00 1.047095E+01
7.792300E+01 1.075940E+00 1.046875E+01
7.802200E+01 1.076451E+00 1.046657E+01
7.812100E+01 1.076962E+00 1.046919E+01
7.822000E+01 1.077472E+00 1.046701E+01
7.831900E+01 1.077981E+00 1.046484E+01
7.841800E+01 1.078490E+00 1.046746E+01
7.851700E+01 1.078997E+00 1.046530E+01
7.861600E+01 1.079505E+00 1.046315E+01
7.871500E+01 1.080011E+00 1.046578E+01
7.881400E+01 1.080517E+00 1.046364E+01
7.891300E+01 1.081022E+00 1.046627E+01
7.901200E+01 1.081527E+00 1.046413E+01
7.911100E+01 1.082031E+00 1.046201E+01
7.921000E+01 1.082534E+00 1.046464E+01
7.930900E+01 1.083037E+00 1.046252E+01
7.940800E+01 1.083539E+00 1.046041E+01
7.950700E+01 1.084040E+00 1.046305E+01
7.960600E+01 1.084541E+00 1.046095E+01
7.970500E+01 1.085041E+00 1.045886E+01
7.980400E+01 1.085541E+00 1.046150E+01
7.990300E+01 1.086040E+00 1.045942E+01
8.000200E+01 1.086538E+00 1.045734E+01
8.010100E+01 1.087035E+00 1.045999E+01
8.020000E+01 1.087532E+00 1.045792E+01
8.029900E+01 1.088029E+00 1.045585E+01
8.039800E+01 1.088524E+00 1.045851E+01
8.049700E+01 1.089019E+00 1.045645E+01
8.059600E+01 1.089514E+00 1.045911E+01
8.069500E+01 1.090008E+00 1.045706E+01
8.079400E+01 1.090501E+00 1.045502E+01
8.089300E+01 1.090993E+00 1.045768E+01
8.099200E+01 1.091485E+00 1.045565E+01
8.109100E+01 1.091977E+00 1.045363E+01
8.119000E+01 1.092467E+00 1.045629E+01
8.128900E+01 1.092958E+00 1.045428E+01
8.138800E+01 1.093447E+00 1.045227E+01
8.148700E+01 1.093936E+00 1.045494E+01
8.158600E+01 1.094424E+00 1.045294E+01
8.168500E+01 1.094912E+00 1.045094E+01
8.178400E+01 1.095399E+00 1.045362E+01
8.188300E+01 1.095885E+00 1.045163E+01
8.198200E+01 1.096371E+00 1.044965E+01
8.208100E+01 1.096856E+00 1.045233E+01
8.218000E+01 1.097341E+00 1.045036E+01
8.227900E+01 1.097825E+00 1.044839E+01
8.237800E+01 1.098308E+00 1.045107E+01
8.247700E+01 1.098791E+00 1.044912E+01
8.257600E+01 1.099273E+00 1.044716E+01
8.267500E+01 1.099755E+00 1.044985E+01
8.277400E+01 1.100236E+00 1.044791E+01
8.287300E+01 1.100716E+00 1.044597E+01
8.297200E+01 1.101196E+00 1.044866E+01
8.307100E+01 1.101675E+00 1.044673E+01
8.317000E+01 1.102154E+00 1.044481E+01
8.326900E+01 1.102632E+00 1.044750E+01
8.336800E+01 1.103110E+00 1.044559E+01
8.346700E+01 1.103586E+00 1.044368E+01
8.356600E+01 1.104063E+00 1.044638E+01
8.366500E+01 1.104538E+00 1.044447E+01
8.376400E+01 1.105013E+00 1.044258E+01
8.386300E+01 1.105488E+00 1.044528E+01
8.396200E+01 1.105962E+00 1.044339E+01
8.406100E+01 1.106435E+00 1.044151E+01
8.416000E+01 1.106908E+00 1.044422E+01
8.425900E+01 1.107380E+00 1.044234E+01
8.435800E+01 1.107852E+00 1.044047E+01
8.445700E+01 1.108323E+00 1.043861E+01
8.455600E+01 1.108793E+00 1.044132E+01
8.465500E+01 1.109263E+00 1.043947E+01
8.475400E+01 1.109733E+00 1.043762E+01
8.485300E+01 1.110201E+00 1.044033E+01
8.495200E+01 1.110670E+00 1.043849E+01
8.505100E+01 1.111137E+00 1.043665E+01
8.515000E+01 1.111604E+00 1.043937E+01
8.524900E+01 1.112071E+00 1.043754E+01
8.534800E+01 1.112537E+00 1.043572E+01
8.544700E+01 1.113002E+00 1.043844E+01
8.554600E+01 1.113467E+00 1.043662E+01
8.564500E+01 1.113931E+00 1.043481E+01
8.574400E+01 1.114395E+00 1.043754E+01
8.584300E+01 1.114858E+00 1.043573E+01
8.594200E+01 1.115321E+00 1.043394E+01
8.604100E+01 1.115783E+00 1.043214E+01
8.614000E+01 1.116244E+00 1.043487E+01
8.623900E+01 1.116705E+00 1.043309E+01
8.633800E+01 1.117166E+00 1.043131E+01
8.643700E+01 1.117626E+00 1.043404E+01
8.653600E+01 1.118085E+00 1.043227E+01
8.663500E+01 1.118544E+00 1.043050E+01
8.673400E+01 1.119002E+00 1.043324E+01
8.683300E+01 1.119460E+00 1.043147E+01
8.693200E+01 1.119917E+00 1.042972E+01
8.703100E+01 1.120374E+00 1.042797E+01
8.713000E+01 1.120830E+00 1.043071E+01
8.722900E+01 1.121285E+00 1.042896E+01
8.732800E+01 1.121740E+00 1.042723E+01
8.742700E+01 1.122195E+00 1.042997E+01
8.752600E+01 1.122649E+00 1.042824E+01
8.762500E+01 1.123102E+00 1.042651E+01
8.772400E+01 1.123555E+00 1.042926E+01
8.782300E+01 1.124008E+00 1.042754E+01
8.792200E+01 1.124459E+00 1.042582E+01
8.802100E+01 1.124911E+00 1.042411E+01
8.812000E+01 1.125362E+00 1.042687E+01
8.821900E+01 1.125812E+00 1.042516E+01
8.831800E+01 1.126262E+00 1.042346E+01
8.841700E+01 1.126711E+00 1.042622E+01
8.851600E+01 1.127159E+00 1.042453E+01
8.861500E+01 1.127608E+00 1.042284E+01
8.871400E+01 1.128055E+00 1.042116E+01
8.881300E+01 1.128502E+00 1.042392E+01
8.891200E+01 1.128949E+00 1.042224E+01
8.901100E+01 1.129395E+00 1.042057E+01
8.911000E+01 1.129841E+00 1.042334E+01
8.920900E+01 1.130286E+00 1.042167E+01
8.930800E+01 1.130730E+00 1.042001E+01
8.940700E+01 1.131174E+00 1.041836E+01
8.950600E+01 1.131618E+00 1.042112E+01
8.960500E+01 1.132061E+00 1.041948E+01
8.970400E+01 1.132503E+00 1.041783E+01
8.980300E+01 1.132945E+00 1.042060E+01
8.990200E+01 1.133387E+00 1.041897E+01
9.000100E+01 1.133827E+00 1.041734E+01
9.010000E+01 1.134268E+00 1.041571E+01
9.019900E+01 1.134708E+00 1.041848E+01
9.029800E+01 1.135147E+00 1.041686E+01
9.039700E+01 1.135586E+00 1.041524E+01
9.049600E+01 1.136025E+00 1.041363E+01
9.059500E+01 1.136462E+00 1.041641E+01
9.069400E+01 1.136900E+00 1.041480E+01
9.079300E+01 1.137337E+00 1.041320E+01
9.089200E+01 1.137773E+00 1.041598E+01
9.099100E+01 1.138209E+00 1.041439E+01
9.109000E+01 1.138644E+00 1.041280E+01
9.118900E+01 1.139079E+00 1.041121E+01
9.128800E+01 1.139514E+00 1.041400E+01
9.138700E+01 1.139948E+00 1.041242E+01
9.148600E+01 1.140381E+00 1.041084E+01
9.158500E+01 1.140814E+00 1.040927E+01
9.168400E+01 1.141246E+00 1.041206E+01
9.178300E+01 1.141678E+00 1.041050E+01
9.188200E+01 1.142110E+00 1.040894E+01
9.198100E+01 1.142541E+00 1.041173E+01
9.208000E+01 1.142971E+00 1.041017E+01
9.217900E+01 1.143401E+00 1.040862E+01
9.227800E+01 1.143831E+00 1.040708E+01
9.237700E+01 1.144260E+00 1.040987E+01
9.247600E+01 1.144688E+00 1.040833E+01
9.257500E+01 1.145116E+00 1.040680E+01
9.267400E+01 1.145544E+00 1.040527E+01
9.277300E+01 1.145971E+00 1.040806E+01
9.287200E+01 1.146397E+00 1.040654E+01
9.297100E+01 1.146823E+00 1.040502E+01
9.307000E+01 1.147249E+00 1.040350E+01
9.316900E+01 1.147674E+00 1.040630E+01
9.326800E+01 1.148099E+00 1.040479E+01
9.336700E+01 1.148523E+00 1.040329E+01
9.346600E+01 1.148946E+00 1.040179E+01
9.356500E+01 1.149370E+00 1.040459E+01
9.366400E+01 1.149792E+00 1.040309E+01
9.376300E+01 1.150215E+00 1.040160E+01
9.386200E+01 1.150636E+00 1.040012E+01
9.396100E+01 1.151058E+00 1.040292E+01
9.406000E+01 1.151478E+00 1.040144E+01
9.415900E+01 1.151899E+00 1.039996E+01
9.425800E+01 1.152319E+00 1.039849E+01
9.435700E+01 1.152738E+00 1.040130E+01
9.445600E+01 1.153157E+00 1.039983E+01
9.455500E+01 1.153575E+00 1.039837E+01
9.465400E+01 1.153994E+00 1.039691E+01
9.475300E+01 1.154411E+00 1.039972E+01
9.485200E+01 1.154828E+00 1.039827E+01
9.495100E+01 1.155245E+00 1.039682E+01
9.505000E+01 1.155661E+00 1.039537E+01
9.514900E+01 1.156077E+00 1.039818E+01
9.524800E+01 1.156492E+00 1.039674E+01
9.534700E+01 1.156906E+00 1.039531E+01
9.544600E+01 1.157321E+00 1.039388E+01
9.554500E+01 1.157735E+00 1.039669E+01
9.564400E+01 1.158148E+00 1.039527E+01
9.574300E+01 1.158561E+00 1.039385E+01
9.584200E+01 1.158973E+00 1.039243E+01
9.594100E+01 1.159385E+00 1.039525E+01
9.604000E+01 1.159797E+00 1.039383E+01
9.613900E+01 1.160208E+00 1.039242E+01
9.623800E+01 1.160619E+00 1.039102E+01
9.633700E+01 1.161029E+00 1.039384E+01
9.643600E+01 1.161438E+00 1.039244E+01
9.653500E+01 1.161848E+00 1.039104E+01
9.663400E+01 1.162256E+00 1.038965E+01
9.673300E+01 1.162665E+00 1.038827E+01
9.683200E+01 1.163073E+00 1.039109E+01
9.693100E+01 1.163480E+00 1.038971E+01
9.703000E+01 1.163887E+00 1.038833E+01
9.712900E+01 1.164294E+00 1.038695E+01
9.722800E+01 1.164700E+00 1.038978E+01
9.732700E+01 1.165106E+00 1.038841E+01
9.742600E+01 1.165511E+00 1.038704E+01
9.752500E+01 1.165916E+00 1.038568E+01
9.762400E+01 1.166320E+00 1.038851E+01
9.772300E+01 1.166724E+00 1.038715E+01
9.782200E+01 1.167127E+00 1.038580E+01
9.792100E+01 1.167530E+00 1.038445E+01
9.802000E+01 1.167933E+00 1.038311E+01
9.811900E+01 1.168335E+00 1.038594E+01
9.821800E+01 1.168737E+00 1.038460E+01
9.831700E+01 1.169138E+00 1.038326E+01
9.841600E+01 1.169539E+00 1.038193E+01
9.851500E+01 1.169939E+00 1.038476E+01
9.861400E+01 1.170339E+00 1.038343E+01
9.871300E+01 1.170738E+00 1.038211E+01
9.881200E+01 1.171137E+00 1.038079E+01
9.891100E+01 1.171536E+00 1.037947E+01
9.901000E+01 1.171934E+00 1.038231E+01
9.910900E+01 1.172332E+00 1.038100E+01
9.920800E+01 1.172729E+00 1.037969E+01
9.930700E+01 1.173126E+00 1.037838E+01
9.940600E+01 1.173523E+00 1.038122E+01
9.950500E+01 1.173919E+00 1.037992E+01
9.960400E+01 1.174314E+00 1.037862E+01
9.970300E+01 1.174709E+00 1.037733E+01
9.980200E+01 1.175104E+00 1.037604E+01
9.990100E+01 1.175498E+00 1.037888E+01
