1.000000E+00 NAN NAN
1.099000E+00 1.246546E-01 2.244480E+01
1.198000E+00 1.305311E-01 1.931252E+01
1.297000E+00 1.363768E-01 1.778315E+01
1.396000E+00 1.421845E-01 1.715538E+01
1.495000E+00 1.479468E-01 1.665425E+01
1.594000E+00 1.536601E-01 1.624904E+01
1.693000E+00 1.593221E-01 1.591817E+01
1.792000E+00 1.649314E-01 1.554920E+01
1.891000E+00 1.704876E-01 1.533013E+01
1.990000E+00 1.759905E-01 1.506377E+01
2.089000E+00 1.814404E-01 1.483781E+01
2.188000E+00 1.868378E-01 1.464523E+01
2.287000E+00 1.921834E-01 1.448053E+01
2.386000E+00 1.974777E-01 1.427199E+01
2.485000E+00 2.027218E-01 1.415373E+01
2.584000E+00 2.079166E-01 1.405229E+01
2.683000E+00 2.130630E-01 1.390641E+01
2.782000E+00 2.181619E-01 1.377776E+01
2.881000E+00 2.232144E-01 1.371822E+01
2.980000E+00 2.282213E-01 1.361553E+01
3.079000E+00 2.331835E-01 1.352451E+01
3.178000E+00 2.381020E-01 1.344377E+01
3.277000E+00 2.429778E-01 1.337215E+01
3.376000E+00 2.478117E-01 1.330865E+01
3.475000E+00 2.526046E-01 1.325240E+01
3.574000E+00 2.573573E-01 1.320267E+01
3.673000E+00 2.620706E-01 1.315880E+01
3.772000E+00 2.667453E-01 1.307926E+01
3.871000E+00 2.713822E-01 1.304644E+01
3.970000E+00 2.759820E-01 1.297905E+01
4.069000E+00 2.805456E-01 1.295525E+01
4.168000E+00 2.850735E-01 1.289793E+01
4.267000E+00 2.895664E-01 1.288160E+01
4.366000E+00 2.940251E-01 1.283272E+01
4.465000E+00 2.984501E-01 1.282263E+01
4.564000E+00 3.028421E-01 1.278089E+01
4.663000E+00 3.072016E-01 1.274270E+01
4.762000E+00 3.115294E-01 1.270776E+01
4.861000E+00 3.158259E-01 1.270784E+01
4.960000E+00 3.200916E-01 1.267808E+01
5.059000E+00 3.243271E-01 1.265093E+01
5.158000E+00 3.285331E-01 1.262621E+01
5.257000E+00 3.327098E-01 1.260376E+01
5.356000E+00 3.368578E-01 1.258340E+01
5.455000E+00 3.409776E-01 1.256501E+01
5.554000E+00 3.450697E-01 1.254846E+01
5.653000E+00 3.491345E-01 1.253361E+01
5.752000E+00 3.531724E-01 1.252038E+01
5.851000E+00 3.571839E-01 1.250865E+01
5.950000E+00 3.611693E-01 1.247160E+01
6.049000E+00 3.651291E-01 1.246297E+01
6.148000E+00 3.690637E-01 1.245558E+01
6.247000E+00 3.729733E-01 1.244936E+01
6.346000E+00 3.768586E-01 1.241894E+01
6.445000E+00 3.807197E-01 1.241515E+01
6.544000E+00 3.845569E-01 1.241233E+01
6.643000E+00 3.883708E-01 1.238609E+01
6.742000E+00 3.921615E-01 1.238532E+01
6.841000E+00 3.959295E-01 1.236163E+01
6.940000E+00 3.996750E-01 1.236268E+01
7.039000E+00 4.033984E-01 1.234130E+01
7.138000E+00 4.070999E-01 1.234398E+01
7.237000E+00 4.107798E-01 1.232468E+01
7.336000E+00 4.144384E-01 1.232882E+01
7.435000E+00 4.180761E-01 1.231141E+01
7.534000E+00 4.216930E-01 1.231687E+01
7.633000E+00 4.252896E-01 1.230116E+01
7.732000E+00 4.288659E-01 1.228638E+01
7.831000E+00 4.324223E-01 1.229367E+01
7.930000E+00 4.359590E-01 1.228038E+01
8.029000E+00 4.394763E-01 1.226790E+01
8.128000E+00 4.429744E-01 1.227675E+01
8.227000E+00 4.464536E-01 1.226556E+01
8.326000E+00 4.499140E-01 1.225509E+01
8.425000E+00 4.533559E-01 1.224531E+01
8.524000E+00 4.567796E-01 1.225596E+01
8.623000E+00 4.601851E-01 1.224726E+01
8.722000E+00 4.635728E-01 1.223916E+01
8.821000E+00 4.669429E-01 1.223165E+01
8.920000E+00 4.702955E-01 1.222468E+01
9.019000E+00 4.736309E-01 1.221826E+01
9.118000E+00 4.769493E-01 1.223111E+01
9.217000E+00 4.802508E-01 1.222552E+01
9.316000E+00 4.835356E-01 1.222041E+01
9.415000E+00 4.868039E-01 1.221576E+01
9.514000E+00 4.900560E-01 1.221155E+01
9.613000E+00 4.932918E-01 1.220776E+01
9.712000E+00 4.965118E-01 1.220438E+01
9.811000E+00 4.997159E-01 1.220139E+01
9.910000E+00 5.029044E-01 1.219879E+01
1.000900E+01 5.060774E-01 1.219654E+01
1.010800E+01 5.092352E-01 1.219465E+01
1.020700E+01 5.123778E-01 1.219310E+01
1.030600E+01 5.155054E-01 1.217481E+01
1.040500E+01 5.186182E-01 1.217402E+01
1.050400E+01 5.217163E-01 1.217353E+01
1.060300E+01 5.247999E-01 1.217334E+01
1.070200E+01 5.278691E-01 1.217343E+01
1.080100E+01 5.309240E-01 1.217379E+01
1.090000E+01 5.339648E-01 1.217441E+01
1.099900E+01 5.369917E-01 1.215905E+01
1.109800E+01 5.400047E-01 1.216027E+01
1.119700E+01 5.430040E-01 1.216173E+01
1.129600E+01 5.459898E-01 1.216342E+01
1.139500E+01 5.489622E-01 1.216534E+01
1.149400E+01 5.519212E-01 1.215175E+01
1.159300E+01 5.548671E-01 1.215417E+01
1.169200E+01 5.577999E-01 1.215679E+01
1.179100E+01 5.607197E-01 1.215961E+01
1.189000E+01 5.636267E-01 1.214729E+01
1.198900E+01 5.665210E-01 1.215056E+01
1.208800E+01 5.694027E-01 1.215400E+01
1.218700E+01 5.722719E-01 1.214257E+01
1.228600E+01 5.751288E-01 1.214642E+01
1.238500E+01 5.779735E-01 1.215044E+01
1.248400E+01 5.808059E-01 1.213982E+01
1.258300E+01 5.836264E-01 1.214421E+01
1.268200E+01 5.864349E-01 1.213414E+01
1.278100E+01 5.892316E-01 1.213888E+01
1.288000E+01 5.920166E-01 1.214376E+01
1.297900E+01 5.947899E-01 1.213440E+01
1.307800E+01 5.975517E-01 1.213960E+01
1.317700E+01 6.003020E-01 1.213072E+01
1.327600E+01 6.030410E-01 1.213622E+01
1.337500E+01 6.057688E-01 1.212780E+01
1.347400E+01 6.084854E-01 1.213358E+01
1.357300E+01 6.111909E-01 1.212559E+01
1.367200E+01 6.138855E-01 1.213165E+01
1.377100E+01 6.165693E-01 1.213780E+01
1.387000E+01 6.192422E-01 1.213037E+01
1.396900E+01 6.219044E-01 1.212318E+01
1.406800E+01 6.245561E-01 1.212973E+01
1.416700E+01 6.271972E-01 1.212291E+01
1.426600E+01 6.298279E-01 1.212968E+01
1.436500E+01 6.324482E-01 1.212321E+01
1.446400E+01 6.350582E-01 1.213021E+01
1.456300E+01 6.376581E-01 1.212407E+01
1.466200E+01 6.402478E-01 1.213127E+01
1.476100E+01 6.428275E-01 1.212546E+01
1.486000E+01 6.453972E-01 1.211984E+01
1.495900E+01 6.479570E-01 1.212734E+01
1.505800E+01 6.505070E-01 1.212202E+01
1.515700E+01 6.530473E-01 1.212970E+01
1.525600E+01 6.555778E-01 1.212466E+01
1.535500E+01 6.580988E-01 1.211980E+01
1.545400E+01 6.606103E-01 1.212775E+01
1.555300E+01 6.631123E-01 1.212315E+01
1.565200E+01 6.656050E-01 1.211872E+01
1.575100E+01 6.680883E-01 1.212691E+01
1.585000E+01 6.705624E-01 1.212273E+01
1.594900E+01 6.730273E-01 1.211870E+01
1.604800E+01 6.754831E-01 1.211481E+01
1.614700E+01 6.779299E-01 1.212332E+01
1.624600E+01 6.803677E-01 1.211966E+01
1.634500E+01 6.827966E-01 1.211614E+01
1.644400E+01 6.852166E-01 1.212486E+01
1.654300E+01 6.876279E-01 1.212155E+01
1.664200E+01 6.900304E-01 1.211837E+01
1.674100E+01 6.924243E-01 1.211533E+01
1.684000E+01 6.948096E-01 1.212430E+01
1.693900E+01 6.971864E-01 1.212145E+01
1.703800E+01 6.995546E-01 1.211872E+01
1.713700E+01 7.019145E-01 1.211611E+01
1.723600E+01 7.042660E-01 1.211361E+01
1.733500E+01 7.066092E-01 1.212289E+01
1.743400E+01 7.089441E-01 1.212057E+01
1.753300E+01 7.112709E-01 1.211836E+01
1.763200E+01 7.135895E-01 1.211625E+01
1.773100E+01 7.159001E-01 1.211426E+01
1.783000E+01 7.182026E-01 1.211236E+01
1.792900E+01 7.204971E-01 1.212195E+01
1.802800E+01 7.227837E-01 1.212021E+01
1.812700E+01 7.250624E-01 1.211857E+01
1.822600E+01 7.273333E-01 1.211702E+01
1.832500E+01 7.295965E-01 1.211557E+01
1.842400E+01 7.318519E-01 1.211421E+01
1.852300E+01 7.340996E-01 1.211294E+01
1.862200E+01 7.363398E-01 1.211176E+01
1.872100E+01 7.385724E-01 1.212171E+01
1.882000E+01 7.407974E-01 1.212065E+01
1.891900E+01 7.430150E-01 1.211969E+01
1.901800E+01 7.452251E-01 1.211880E+01
1.911700E+01 7.474278E-01 1.211800E+01
1.921600E+01 7.496233E-01 1.211728E+01
1.931500E+01 7.518114E-01 1.211663E+01
1.941400E+01 7.539923E-01 1.211607E+01
1.951300E+01 7.561660E-01 1.211557E+01
1.961200E+01 7.583326E-01 1.211516E+01
1.971100E+01 7.604920E-01 1.211481E+01
1.981000E+01 7.626444E-01 1.211453E+01
1.990900E+01 7.647898E-01 1.211433E+01
2.000800E+01 7.669282E-01 1.211419E+01
2.010700E+01 7.690597E-01 1.211412E+01
2.020600E+01 7.711843E-01 1.211412E+01
2.030500E+01 7.733020E-01 1.211418E+01
2.040400E+01 7.754129E-01 1.211431E+01
2.050300E+01 7.775171E-01 1.211450E+01
2.060200E+01 7.796146E-01 1.211475E+01
2.070100E+01 7.817054E-01 1.211506E+01
2.080000E+01 7.837895E-01 1.211543E+01
2.089900E+01 7.858670E-01 1.211586E+01
2.099800E+01 7.879380E-01 1.211635E+01
2.109700E+01 7.900024E-01 1.211690E+01
2.119600E+01 7.920604E-01 1.211750E+01
2.129500E+01 7.941119E-01 1.211815E+01
2.139400E+01 7.961570E-01 1.211886E+01
2.149300E+01 7.981957E-01 1.211962E+01
2.159200E+01 8.002280E-01 1.212044E+01
2.169100E+01 8.022541E-01 1.212130E+01
2.179000E+01 8.042739E-01 1.212222E+01
2.188900E+01 8.062875E-01 1.212318E+01
2.198800E+01 8.082948E-01 1.211431E+01
2.208700E+01 8.102960E-01 1.211540E+01
2.218600E+01 8.122911E-01 1.211654E+01
2.228500E+01 8.142801E-01 1.211773E+01
2.238400E+01 8.162631E-01 1.211895E+01
2.248300E+01 8.182400E-01 1.212023E+01
2.258200E+01 8.202109E-01 1.212155E+01
2.268100E+01 8.221759E-01 1.212291E+01
2.278000E+01 8.241350E-01 1.211466E+01
2.287900E+01 8.260882E-01 1.211614E+01
2.297800E+01 8.280355E-01 1.211765E+01
2.307700E+01 8.299770E-01 1.211920E+01
2.317600E+01 8.319127E-01 1.212080E+01
2.327500E+01 8.338426E-01 1.212243E+01
2.337400E+01 8.357669E-01 1.212410E+01
2.347300E+01 8.376854E-01 1.211635E+01
2.357200E+01 8.395982E-01 1.211812E+01
2.367100E+01 8.415054E-01 1.211993E+01
2.377000E+01 8.434070E-01 1.212178E+01
2.386900E+01 8.453031E-01 1.212366E+01
2.396800E+01 8.471935E-01 1.211625E+01
2.406700E+01 8.490785E-01 1.211822E+01
2.416600E+01 8.509579E-01 1.212023E+01
2.426500E+01 8.528320E-01 1.212227E+01
2.436400E+01 8.547005E-01 1.212434E+01
2.446300E+01 8.565637E-01 1.211725E+01
2.456200E+01 8.584215E-01 1.211941E+01
2.466100E+01 8.602740E-01 1.212160E+01
2.476000E+01 8.621211E-01 1.212382E+01
2.485900E+01 8.639629E-01 1.211697E+01
2.495800E+01 8.657995E-01 1.211927E+01
2.505700E+01 8.676309E-01 1.212161E+01
2.515600E+01 8.694570E-01 1.212397E+01
2.525500E+01 8.712780E-01 1.211735E+01
2.535400E+01 8.730938E-01 1.211979E+01
2.545300E+01 8.749044E-01 1.212226E+01
2.555200E+01 8.767100E-01 1.212475E+01
2.565100E+01 8.785105E-01 1.211836E+01
2.575000E+01 8.803060E-01 1.212092E+01
2.584900E+01 8.820964E-01 1.212351E+01
2.594800E+01 8.838818E-01 1.212613E+01
2.604700E+01 8.856622E-01 1.211995E+01
2.614600E+01 8.874377E-01 1.212263E+01
2.624500E+01 8.892083E-01 1.212534E+01
2.634400E+01 8.909740E-01 1.211933E+01
2.644300E+01 8.927348E-01 1.212210E+01
2.654200E+01 8.944907E-01 1.212490E+01
2.664100E+01 8.962418E-01 1.211903E+01
2.674000E+01 8.979881E-01 1.212189E+01
2.683900E+01 8.997296E-01 1.212478E+01
2.693800E+01 9.014664E-01 1.211906E+01
2.703700E+01 9.031984E-01 1.212201E+01
2.713600E+01 9.049257E-01 1.212497E+01
2.723500E+01 9.066483E-01 1.211940E+01
2.733400E+01 9.083663E-01 1.212242E+01
2.743300E+01 9.100796E-01 1.212546E+01
2.753200E+01 9.117882E-01 1.212003E+01
2.763100E+01 9.134923E-01 1.212313E+01
2.773000E+01 9.151918E-01 1.212625E+01
2.782900E+01 9.168868E-01 1.212095E+01
2.792800E+01 9.185772E-01 1.212412E+01
2.802700E+01 9.202631E-01 1.212731E+01
2.812600E+01 9.219445E-01 1.212214E+01
2.822500E+01 9.236215E-01 1.212538E+01
2.832400E+01 9.252940E-01 1.212030E+01
2.842300E+01 9.269620E-01 1.212360E+01
2.852200E+01 9.286257E-01 1.212690E+01
2.862100E+01 9.302850E-01 1.212195E+01
2.872000E+01 9.319399E-01 1.212531E+01
2.881900E+01 9.335904E-01 1.212044E+01
2.891800E+01 9.352367E-01 1.212384E+01
2.901700E+01 9.368786E-01 1.212726E+01
2.911600E+01 9.385162E-01 1.212251E+01
2.921500E+01 9.401496E-01 1.212597E+01
2.931400E+01 9.417787E-01 1.212130E+01
2.941300E+01 9.434036E-01 1.212481E+01
2.951200E+01 9.450243E-01 1.212834E+01
2.961100E+01 9.466408E-01 1.212378E+01
2.971000E+01 9.482532E-01 1.212734E+01
2.980900E+01 9.498613E-01 1.212286E+01
2.990800E+01 9.514654E-01 1.212647E+01
3.000700E+01 9.530653E-01 1.212206E+01
3.010600E+01 9.546611E-01 1.212571E+01
3.020500E+01 9.562529E-01 1.212138E+01
3.030400E+01 9.578406E-01 1.212507E+01
3.040300E+01 9.594243E-01 1.212081E+01
3.050200E+01 9.610039E-01 1.212453E+01
3.060100E+01 9.625795E-01 1.212827E+01
3.070000E+01 9.641512E-01 1.212411E+01
3.079900E+01 9.657188E-01 1.212789E+01
3.089800E+01 9.672825E-01 1.212380E+01
3.099700E+01 9.688423E-01 1.212761E+01
3.109600E+01 9.703982E-01 1.212359E+01
3.119500E+01 9.719502E-01 1.212743E+01
3.129400E+01 9.734982E-01 1.212348E+01
3.139300E+01 9.750425E-01 1.212735E+01
3.149200E+01 9.765828E-01 1.212347E+01
3.159100E+01 9.781194E-01 1.212738E+01
3.169000E+01 9.796521E-01 1.212356E+01
3.178900E+01 9.811810E-01 1.212750E+01
3.188800E+01 9.827061E-01 1.212374E+01
3.198700E+01 9.842275E-01 1.212772E+01
3.208600E+01 9.857451E-01 1.212402E+01
3.218500E+01 9.872590E-01 1.212802E+01
3.228400E+01 9.887692E-01 1.212439E+01
3.238300E+01 9.902756E-01 1.212842E+01
3.248200E+01 9.917784E-01 1.212485E+01
3.258100E+01 9.932775E-01 1.212131E+01
3.268000E+01 9.947730E-01 1.212539E+01
3.277900E+01 9.962648E-01 1.212191E+01
3.287800E+01 9.977529E-01 1.212602E+01
3.297700E+01 9.992375E-01 1.212260E+01
3.307600E+01 1.000718E+00 1.212674E+01
3.317500E+01 1.002196E+00 1.212337E+01
3.327400E+01 1.003670E+00 1.212754E+01
3.337300E+01 1.005140E+00 1.212423E+01
3.347200E+01 1.006607E+00 1.212842E+01
3.357100E+01 1.008070E+00 1.212516E+01
3.367000E+01 1.009530E+00 1.212194E+01
3.376900E+01 1.010986E+00 1.212617E+01
3.386800E+01 1.012439E+00 1.212300E+01
3.396700E+01 1.013888E+00 1.212726E+01
3.406600E+01 1.015334E+00 1.212414E+01
3.416500E+01 1.016776E+00 1.212842E+01
3.426400E+01 1.018215E+00 1.212535E+01
3.436300E+01 1.019651E+00 1.212231E+01
3.446200E+01 1.021083E+00 1.212663E+01
3.456100E+01 1.022512E+00 1.212364E+01
3.466000E+01 1.023937E+00 1.212799E+01
3.475900E+01 1.025359E+00 1.212505E+01
3.485800E+01 1.026778E+00 1.212214E+01
3.495700E+01 1.028193E+00 1.212652E+01
3.505600E+01 1.029605E+00 1.212366E+01
3.515500E+01 1.031014E+00 1.212806E+01
3.525400E+01 1.032420E+00 1.212524E+01
3.535300E+01 1.033822E+00 1.212246E+01
3.545200E+01 1.035221E+00 1.212689E+01
3.555100E+01 1.036617E+00 1.212415E+01
3.565000E+01 1.038009E+00 1.212144E+01
3.574900E+01 1.039398E+00 1.212591E+01
3.584800E+01 1.040784E+00 1.212324E+01
3.594700E+01 1.042167E+00 1.212773E+01
3.604600E+01 1.043547E+00 1.212510E+01
3.614500E+01 1.044924E+00 1.212250E+01
3.624400E+01 1.046297E+00 1.212702E+01
3.634300E+01 1.047667E+00 1.212447E+01
3.644200E+01 1.049034E+00 1.212194E+01
3.654100E+01 1.050398E+00 1.212649E+01
3.664000E+01 1.051759E+00 1.212400E+01
3.673900E+01 1.053117E+00 1.212154E+01
3.683800E+01 1.054471E+00 1.212612E+01
3.693700E+01 1.055823E+00 1.212370E+01
3.703600E+01 1.057171E+00 1.212130E+01
3.713500E+01 1.058517E+00 1.212591E+01
3.723400E+01 1.059859E+00 1.212355E+01
3.733300E+01 1.061199E+00 1.212122E+01
3.743200E+01 1.062535E+00 1.212585E+01
3.753100E+01 1.063868E+00 1.212356E+01
3.763000E+01 1.065199E+00 1.212129E+01
3.772900E+01 1.066526E+00 1.212595E+01
3.782800E+01 1.067851E+00 1.212372E+01
3.792700E+01 1.069172E+00 1.212151E+01
3.802600E+01 1.070491E+00 1.212620E+01
3.812500E+01 1.071806E+00 1.212402E+01
3.822400E+01 1.073119E+00 1.212187E+01
3.832300E+01 1.074429E+00 1.211974E+01
3.842200E+01 1.075736E+00 1.212447E+01
3.852100E+01 1.077040E+00 1.212237E+01
3.862000E+01 1.078341E+00 1.212030E+01
3.871900E+01 1.079639E+00 1.212505E+01
3.881800E+01 1.080934E+00 1.212301E+01
3.891700E+01 1.082227E+00 1.212100E+01
3.901600E+01 1.083516E+00 1.211901E+01
3.911500E+01 1.084803E+00 1.212379E+01
3.921400E+01 1.086087E+00 1.212183E+01
3.931300E+01 1.087368E+00 1.211989E+01
3.941200E+01 1.088647E+00 1.212469E+01
3.951100E+01 1.089922E+00 1.212278E+01
3.961000E+01 1.091195E+00 1.212090E+01
3.970900E+01 1.092465E+00 1.211903E+01
3.980800E+01 1.093733E+00 1.212386E+01
3.990700E+01 1.094997E+00 1.212203E+01
4.000600E+01 1.096259E+00 1.212022E+01
4.010500E+01 1.097518E+00 1.211842E+01
4.020400E+01 1.098775E+00 1.212328E+01
4.030300E+01 1.100028E+00 1.212152E+01
4.040200E+01 1.101279E+00 1.211978E+01
4.050100E+01 1.102527E+00 1.211805E+01
4.060000E+01 1.103773E+00 1.212294E+01
4.069900E+01 1.105016E+00 1.212125E+01
4.079800E+01 1.106256E+00 1.211957E+01
4.089700E+01 1.107494E+00 1.211791E+01
4.099600E+01 1.108729E+00 1.212283E+01
4.109500E+01 1.109961E+00 1.212120E+01
4.119400E+01 1.111191E+00 1.211959E+01
4.129300E+01 1.112418E+00 1.211800E+01
4.139200E+01 1.113643E+00 1.212294E+01
4.149100E+01 1.114865E+00 1.212137E+01
4.159000E+01 1.116084E+00 1.211982E+01
4.168900E+01 1.117301E+00 1.211830E+01
4.178800E+01 1.118515E+00 1.211679E+01
4.188700E+01 1.119727E+00 1.212176E+01
4.198600E+01 1.120936E+00 1.212027E+01
4.208500E+01 1.122142E+00 1.211880E+01
4.218400E+01 1.123346E+00 1.211736E+01
4.228300E+01 1.124548E+00 1.211592E+01
4.238200E+01 1.125747E+00 1.212092E+01
4.248100E+01 1.126943E+00 1.211951E+01
4.258000E+01 1.128137E+00 1.211812E+01
4.267900E+01 1.129329E+00 1.211675E+01
4.277800E+01 1.130518E+00 1.211540E+01
4.287700E+01 1.131705E+00 1.212042E+01
4.297600E+01 1.132889E+00 1.211909E+01
4.307500E+01 1.134070E+00 1.211777E+01
4.317400E+01 1.135249E+00 1.211647E+01
4.327300E+01 1.136426E+00 1.211519E+01
4.337200E+01 1.137601E+00 1.211392E+01
4.347100E+01 1.138773E+00 1.211898E+01
4.357000E+01 1.139942E+00 1.211773E+01
4.366900E+01 1.141109E+00 1.211650E+01
4.376800E+01 1.142274E+00 1.211529E+01
4.386700E+01 1.143436E+00 1.211409E+01
4.396600E+01 1.144596E+00 1.211917E+01
4.406500E+01 1.145754E+00 1.211800E+01
4.416400E+01 1.146909E+00 1.211683E+01
4.426300E+01 1.148062E+00 1.211569E+01
4.436200E+01 1.149212E+00 1.211456E+01
4.446100E+01 1.150360E+00 1.211344E+01
4.456000E+01 1.151506E+00 1.211234E+01
4.465900E+01 1.152650E+00 1.211746E+01
4.475800E+01 1.153791E+00 1.211637E+01
4.485700E+01 1.154930E+00 1.211531E+01
4.495600E+01 1.156067E+00 1.211425E+01
4.505500E+01 1.157201E+00 1.211322E+01
4.515400E+01 1.158333E+00 1.211219E+01
4.525300E+01 1.159463E+00 1.211118E+01
4.535200E+01 1.160590E+00 1.211633E+01
4.545100E+01 1.161715E+00 1.211534E+01
4.555000E+01 1.162838E+00 1.211436E+01
4.564900E+01 1.163959E+00 1.211340E+01
4.574800E+01 1.165077E+00 1.211245E+01
4.584700E+01 1.166194E+00 1.211152E+01
4.594600E+01 1.167308E+00 1.211059E+01
4.604500E+01 1.168419E+00 1.211577E+01
4.614400E+01 1.169529E+00 1.211487E+01
4.624300E+01 1.170636E+00 1.211397E+01
4.634200E+01 1.171742E+00 1.211310E+01
4.644100E+01 1.172845E+00 1.211223E+01
4.654000E+01 1.173945E+00 1.211138E+01
4.663900E+01 1.175044E+00 1.211054E+01
4.673800E+01 1.176140E+00 1.210972E+01
4.683700E+01 1.177235E+00 1.210890E+01
4.693600E+01 1.178327E+00 1.211411E+01
4.703500E+01 1.179417E+00 1.211332E+01
4.713400E+01 1.180505E+00 1.211253E+01
4.723300E+01 1.181590E+00 1.211176E+01
4.733200E+01 1.182674E+00 1.211100E+01
4.743100E+01 1.183756E+00 1.211026E+01
4.753000E+01 1.184835E+00 1.210952E+01
4.762900E+01 1.185912E+00 1.210880E+01
4.772800E+01 1.186987E+00 1.210809E+01
4.782700E+01 1.188060E+00 1.210739E+01
4.792600E+01 1.189131E+00 1.210670E+01
4.802500E+01 1.190200E+00 1.211195E+01
4.812400E+01 1.191267E+00 1.211128E+01
4.822300E+01 1.192332E+00 1.211062E+01
4.832200E+01 1.193395E+00 1.210997E+01
4.842100E+01 1.194455E+00 1.210933E+01
4.852000E+01 1.195514E+00 1.210871E+01
4.861900E+01 1.196570E+00 1.210809E+01
4.871800E+01 1.197625E+00 1.210749E+01
4.881700E+01 1.198677E+00 1.210690E+01
4.891600E+01 1.199728E+00 1.210632E+01
4.901500E+01 1.200776E+00 1.210575E+01
4.911400E+01 1.201823E+00 1.210519E+01
4.921300E+01 1.202867E+00 1.210464E+01
4.931200E+01 1.203910E+00 1.210410E+01
4.941100E+01 1.204950E+00 1.210358E+01
4.951000E+01 1.205989E+00 1.210887E+01
4.960900E+01 1.207025E+00 1.210836E+01
4.970800E+01 1.208060E+00 1.210785E+01
4.980700E+01 1.209092E+00 1.210736E+01
4.990600E+01 1.210123E+00 1.210688E+01
5.000500E+01 1.211152E+00 1.210641E+01
5.010400E+01 1.212178E+00 1.210595E+01
5.020300E+01 1.213203E+00 1.210550E+01
5.030200E+01 1.214226E+00 1.210506E+01
5.040100E+01 1.215247E+00 1.210462E+01
5.050000E+01 1.216266E+00 1.210420E+01
5.059900E+01 1.217283E+00 1.210379E+01
5.069800E+01 1.218298E+00 1.210339E+01
5.079700E+01 1.219311E+00 1.210300E+01
5.089600E+01 1.220323E+00 1.210262E+01
5.099500E+01 1.221332E+00 1.210225E+01
5.109400E+01 1.222340E+00 1.210188E+01
5.119300E+01 1.223345E+00 1.210153E+01
5.129200E+01 1.224349E+00 1.210119E+01
5.139100E+01 1.225351E+00 1.210085E+01
5.149000E+01 1.226351E+00 1.210053E+01
5.158900E+01 1.227349E+00 1.210021E+01
5.168800E+01 1.228346E+00 1.209991E+01
5.178700E+01 1.229340E+00 1.209961E+01
5.188600E+01 1.230333E+00 1.209932E+01
5.198500E+01 1.231323E+00 1.209905E+01
5.208400E+01 1.232312E+00 1.209878E+01
5.218300E+01 1.233300E+00 1.209852E+01
5.228200E+01 1.234285E+00 1.209826E+01
5.238100E+01 1.235268E+00 1.209802E+01
5.248000E+01 1.236250E+00 1.209779E+01
5.257900E+01 1.237230E+00 1.209756E+01
5.267800E+01 1.238208E+00 1.209735E+01
5.277700E+01 1.239184E+00 1.209714E+01
5.287600E+01 1.240159E+00 1.209694E+01
5.297500E+01 1.241132E+00 1.209675E+01
5.307400E+01 1.242103E+00 1.209656E+01
5.317300E+01 1.243072E+00 1.209639E+01
5.327200E+01 1.244039E+00 1.209623E+01
5.337100E+01 1.245005E+00 1.209607E+01
5.347000E+01 1.245969E+00 1.209592E+01
5.356900E+01 1.246931E+00 1.209578E+01
5.366800E+01 1.247891E+00 1.209565E+01
5.376700E+01 1.248850E+00 1.209552E+01
5.386600E+01 1.249807E+00 1.209540E+01
5.396500E+01 1.250762E+00 1.209530E+01
5.406400E+01 1.251715E+00 1.209520E+01
5.416300E+01 1.252667E+00 1.209510E+01
5.426200E+01 1.253617E+00 1.209502E+01
5.436100E+01 1.254565E+00 1.209494E+01
5.446000E+01 1.255512E+00 1.209487E+01
5.455900E+01 1.256457E+00 1.209481E+01
5.465800E+01 1.257400E+00 1.209476E+01
5.475700E+01 1.258341E+00 1.209471E+01
5.485600E+01 1.259281E+00 1.209467E+01
5.495500E+01 1.260219E+00 1.209464E+01
5.505400E+01 1.261156E+00 1.209462E+01
5.515300E+01 1.262090E+00 1.209460E+01
5.525200E+01 1.263023E+00 1.209459E+01
5.535100E+01 1.263955E+00 1.209459E+01
5.545000E+01 1.264885E+00 1.209460E+01
5.554900E+01 1.265813E+00 1.209461E+01
5.564800E+01 1.266739E+00 1.208923E+01
5.574700E+01 1.267664E+00 1.208927E+01
5.584600E+01 1.268587E+00 1.208931E+01
5.594500E+01 1.269509E+00 1.208936E+01
5.604400E+01 1.270429E+00 1.208941E+01
5.614300E+01 1.271347E+00 1.208947E+01
5.624200E+01 1.272263E+00 1.208954E+01
5.634100E+01 1.273178E+00 1.208962E+01
5.644000E+01 1.274092E+00 1.208970E+01
5.653900E+01 1.275004E+00 1.208979E+01
5.663800E+01 1.275914E+00 1.208989E+01
5.673700E+01 1.276822E+00 1.208999E+01
5.683600E+01 1.277729E+00 1.209010E+01
5.693500E+01 1.278635E+00 1.209022E+01
5.703400E+01 1.279539E+00 1.209034E+01
5.713300E+01 1.280441E+00 1.209047E+01
5.723200E+01 1.281342E+00 1.208530E+01
5.733100E+01 1.282241E+00 1.208545E+01
5.743000E+01 1.283138E+00 1.208561E+01
5.752900E+01 1.284034E+00 1.208577E+01
5.762800E+01 1.284929E+00 1.208594E+01
5.772700E+01 1.285821E+00 1.208611E+01
5.782600E+01 1.286713E+00 1.208629E+01
5.792500E+01 1.287602E+00 1.208648E+01
5.802400E+01 1.288491E+00 1.208668E+01
5.812300E+01 1.289377E+00 1.208688E+01
5.822200E+01 1.290262E+00 1.208708E+01
5.832100E+01 1.291146E+00 1.208729E+01
5.842000E+01 1.292028E+00 1.208227E+01
5.851900E+01 1.292909E+00 1.208250E+01
5.861800E+01 1.293788E+00 1.208274E+01
5.871700E+01 1.294665E+00 1.208298E+01
5.881600E+01 1.295541E+00 1.208323E+01
5.891500E+01 1.296416E+00 1.208348E+01
5.901400E+01 1.297289E+00 1.208374E+01
5.911300E+01 1.298160E+00 1.208401E+01
5.921200E+01 1.299030E+00 1.208428E+01
5.931100E+01 1.299899E+00 1.207937E+01
5.941000E+01 1.300766E+00 1.207966E+01
5.950900E+01 1.301631E+00 1.207995E+01
5.960800E+01 1.302495E+00 1.208025E+01
5.970700E+01 1.303358E+00 1.208055E+01
5.980600E+01 1.304219E+00 1.208087E+01
5.990500E+01 1.305079E+00 1.208118E+01
6.000400E+01 1.305937E+00 1.208151E+01
6.010300E+01 1.306794E+00 1.208183E+01
6.020200E+01 1.307649E+00 1.207702E+01
6.030100E+01 1.308503E+00 1.207737E+01
6.040000E+01 1.309355E+00 1.207772E+01
6.049900E+01 1.310206E+00 1.207807E+01
6.059800E+01 1.311056E+00 1.207843E+01
6.069700E+01 1.311904E+00 1.207880E+01
6.079600E+01 1.312750E+00 1.207917E+01
6.089500E+01 1.313596E+00 1.207955E+01
6.099400E+01 1.314440E+00 1.207483E+01
6.109300E+01 1.315282E+00 1.207522E+01
6.119200E+01 1.316123E+00 1.207561E+01
6.129100E+01 1.316962E+00 1.207602E+01
6.139000E+01 1.317801E+00 1.207642E+01
6.148900E+01 1.318637E+00 1.207684E+01
6.158800E+01 1.319473E+00 1.207725E+01
6.168700E+01 1.320307E+00 1.207261E+01
6.178600E+01 1.321139E+00 1.207304E+01
6.188500E+01 1.321970E+00 1.207348E+01
6.198400E+01 1.322800E+00 1.207392E+01
6.208300E+01 1.323629E+00 1.207437E+01
6.218200E+01 1.324456E+00 1.207482E+01
6.228100E+01 1.325281E+00 1.207528E+01
6.238000E+01 1.326106E+00 1.207071E+01
6.247900E+01 1.326928E+00 1.207118E+01
6.257800E+01 1.327750E+00 1.207166E+01
6.267700E+01 1.328570E+00 1.207214E+01
6.277600E+01 1.329389E+00 1.207263E+01
6.287500E+01 1.330207E+00 1.207312E+01
6.297400E+01 1.331023E+00 1.207361E+01
6.307300E+01 1.331837E+00 1.206912E+01
6.317200E+01 1.332651E+00 1.206962E+01
6.327100E+01 1.333463E+00 1.207014E+01
6.337000E+01 1.334274E+00 1.207066E+01
6.346900E+01 1.335083E+00 1.207118E+01
6.356800E+01 1.335891E+00 1.207171E+01
6.366700E+01 1.336698E+00 1.206727E+01
6.376600E+01 1.337504E+00 1.206781E+01
6.386500E+01 1.338308E+00 1.206836E+01
6.396400E+01 1.339110E+00 1.206891E+01
6.406300E+01 1.339912E+00 1.206946E+01
6.416200E+01 1.340712E+00 1.207002E+01
6.426100E+01 1.341511E+00 1.206565E+01
6.436000E+01 1.342309E+00 1.206622E+01
6.445900E+01 1.343105E+00 1.206679E+01
6.455800E+01 1.343900E+00 1.206738E+01
6.465700E+01 1.344694E+00 1.206796E+01
6.475600E+01 1.345486E+00 1.206363E+01
6.485500E+01 1.346277E+00 1.206423E+01
6.495400E+01 1.347067E+00 1.206483E+01
6.505300E+01 1.347856E+00 1.206544E+01
6.515200E+01 1.348643E+00 1.206605E+01
6.525100E+01 1.349429E+00 1.206177E+01
6.535000E+01 1.350214E+00 1.206239E+01
6.544900E+01 1.350997E+00 1.206302E+01
6.554800E+01 1.351779E+00 1.206365E+01
6.564700E+01 1.352560E+00 1.206429E+01
6.574600E+01 1.353340E+00 1.206493E+01
6.584500E+01 1.354119E+00 1.206070E+01
6.594400E+01 1.354896E+00 1.206135E+01
6.604300E+01 1.355672E+00 1.206201E+01
6.614200E+01 1.356446E+00 1.206267E+01
6.624100E+01 1.357220E+00 1.206333E+01
6.634000E+01 1.357992E+00 1.205916E+01
6.643900E+01 1.358763E+00 1.205983E+01
6.653800E+01 1.359533E+00 1.206051E+01
6.663700E+01 1.360301E+00 1.206119E+01
6.673600E+01 1.361069E+00 1.205705E+01
6.683500E+01 1.361835E+00 1.205775E+01
6.693400E+01 1.362600E+00 1.205845E+01
6.703300E+01 1.363363E+00 1.205915E+01
6.713200E+01 1.364126E+00 1.205985E+01
6.723100E+01 1.364887E+00 1.205576E+01
6.733000E+01 1.365647E+00 1.205648E+01
6.742900E+01 1.366406E+00 1.205720E+01
6.752800E+01 1.367163E+00 1.205792E+01
6.762700E+01 1.367920E+00 1.205865E+01
6.772600E+01 1.368675E+00 1.205460E+01
6.782500E+01 1.369429E+00 1.205534E+01
6.792400E+01 1.370182E+00 1.205608E+01
6.802300E+01 1.370934E+00 1.205683E+01
6.812200E+01 1.371684E+00 1.205281E+01
6.822100E+01 1.372433E+00 1.205357E+01
6.832000E+01 1.373182E+00 1.205433E+01
6.841900E+01 1.373928E+00 1.205509E+01
6.851800E+01 1.374674E+00 1.205586E+01
6.861700E+01 1.375419E+00 1.205189E+01
6.871600E+01 1.376162E+00 1.205266E+01
6.881500E+01 1.376904E+00 1.205345E+01
6.891400E+01 1.377646E+00 1.205423E+01
6.901300E+01 1.378386E+00 1.205029E+01
6.911200E+01 1.379124E+00 1.205109E+01
6.921100E+01 1.379862E+00 1.205189E+01
6.931000E+01 1.380598E+00 1.205269E+01
6.940900E+01 1.381334E+00 1.204878E+01
6.950800E+01 1.382068E+00 1.204960E+01
6.960700E+01 1.382801E+00 1.205041E+01
6.970600E+01 1.383533E+00 1.205123E+01
6.980500E+01 1.384264E+00 1.204736E+01
6.990400E+01 1.384993E+00 1.204819E+01
7.000300E+01 1.385722E+00 1.204902E+01
7.010200E+01 1.386449E+00 1.204985E+01
7.020100E+01 1.387175E+00 1.204601E+01
7.030000E+01 1.387901E+00 1.204686E+01
7.039900E+01 1.388625E+00 1.204771E+01
7.049800E+01 1.389348E+00 1.204856E+01
7.059700E+01 1.390069E+00 1.204475E+01
7.069600E+01 1.390790E+00 1.204561E+01
7.079500E+01 1.391510E+00 1.204648E+01
7.089400E+01 1.392228E+00 1.204735E+01
7.099300E+01 1.392945E+00 1.204357E+01
7.109200E+01 1.393662E+00 1.204445E+01
7.119100E+01 1.394377E+00 1.204533E+01
7.129000E+01 1.395091E+00 1.204621E+01
7.138900E+01 1.395804E+00 1.204246E+01
7.148800E+01 1.396516E+00 1.204336E+01
7.158700E+01 1.397226E+00 1.204425E+01
7.168600E+01 1.397936E+00 1.204515E+01
7.178500E+01 1.398645E+00 1.204144E+01
7.188400E+01 1.399352E+00 1.204234E+01
7.198300E+01 1.400059E+00 1.204325E+01
7.208200E+01 1.400764E+00 1.203956E+01
7.218100E+01 1.401468E+00 1.204048E+01
7.228000E+01 1.402172E+00 1.204141E+01
7.237900E+01 1.402874E+00 1.204233E+01
7.247800E+01 1.403575E+00 1.203867E+01
7.257700E+01 1.404275E+00 1.203960E+01
7.267600E+01 1.404974E+00 1.204054E+01
7.277500E+01 1.405672E+00 1.204148E+01
7.287400E+01 1.406369E+00 1.203785E+01
7.297300E+01 1.407065E+00 1.203880E+01
7.307200E+01 1.407759E+00 1.203975E+01
7.317100E+01 1.408453E+00 1.203614E+01
7.327000E+01 1.409146E+00 1.203710E+01
7.336900E+01 1.409837E+00 1.203806E+01
7.346800E+01 1.410528E+00 1.203903E+01
7.356700E+01 1.411217E+00 1.203545E+01
7.366600E+01 1.411906E+00 1.203642E+01
7.376500E+01 1.412593E+00 1.203740E+01
7.386400E+01 1.413280E+00 1.203384E+01
7.396300E+01 1.413965E+00 1.203483E+01
7.406200E+01 1.414650E+00 1.203582E+01
7.416100E+01 1.415333E+00 1.203228E+01
7.426000E+01 1.416015E+00 1.203328E+01
7.435900E+01 1.416697E+00 1.203427E+01
7.445800E+01 1.417377E+00 1.203527E+01
7.455700E+01 1.418056E+00 1.203177E+01
7.465600E+01 1.418735E+00 1.203278E+01
7.475500E+01 1.419412E+00 1.203379E+01
7.485400E+01 1.420088E+00 1.203030E+01
7.495300E+01 1.420763E+00 1.203132E+01
7.505200E+01 1.421438E+00 1.203234E+01
7.515100E+01 1.422111E+00 1.202888E+01
7.525000E+01 1.422783E+00 1.202991E+01
7.534900E+01 1.423454E+00 1.203094E+01
7.544800E+01 1.424125E+00 1.203198E+01
7.554700E+01 1.424794E+00 1.202854E+01
7.564600E+01 1.425462E+00 1.202958E+01
7.574500E+01 1.426129E+00 1.203063E+01
7.584400E+01 1.426796E+00 1.202721E+01
7.594300E+01 1.427461E+00 1.202826E+01
7.604200E+01 1.428125E+00 1.202932E+01
7.614100E+01 1.428789E+00 1.202592E+01
7.624000E+01 1.429451E+00 1.202698E+01
7.633900E+01 1.430113E+00 1.202805E+01
7.643800E+01 1.430773E+00 1.202467E+01
7.653700E+01 1.431432E+00 1.202574E+01
7.663600E+01 1.432091E+00 1.202682E+01
7.673500E+01 1.432748E+00 1.202346E+01
7.683400E+01 1.433405E+00 1.202454E+01
7.693300E+01 1.434061E+00 1.202563E+01
7.703200E+01 1.434715E+00 1.202229E+01
7.713100E+01 1.435369E+00 1.202338E+01
7.723000E+01 1.436022E+00 1.202448E+01
7.732900E+01 1.436674E+00 1.202116E+01
7.742800E+01 1.437324E+00 1.202226E+01
7.752700E+01 1.437974E+00 1.202337E+01
7.762600E+01 1.438623E+00 1.202007E+01
7.772500E+01 1.439271E+00 1.202118E+01
7.782400E+01 1.439918E+00 1.202229E+01
7.792300E+01 1.440564E+00 1.201902E+01
7.802200E+01 1.441210E+00 1.202014E+01
7.812100E+01 1.441854E+00 1.202126E+01
7.822000E+01 1.442497E+00 1.201800E+01
7.831900E+01 1.443139E+00 1.201913E+01
7.841800E+01 1.443781E+00 1.202026E+01
7.851700E+01 1.444421E+00 1.201702E+01
7.861600E+01 1.445061E+00 1.201816E+01
7.871500E+01 1.445700E+00 1.201930E+01
7.881400E+01 1.446337E+00 1.201608E+01
7.891300E+01 1.446974E+00 1.201722E+01
7.901200E+01 1.447610E+00 1.201837E+01
7.911100E+01 1.448245E+00 1.201517E+01
7.921000E+01 1.448879E+00 1.201632E+01
7.930900E+01 1.449512E+00 1.201748E+01
7.940800E+01 1.450145E+00 1.201430E+01
7.950700E+01 1.450776E+00 1.201546E+01
7.960600E+01 1.451406E+00 1.201663E+01
7.970500E+01 1.452036E+00 1.201346E+01
7.980400E+01 1.452665E+00 1.201463E+01
7.990300E+01 1.453292E+00 1.201581E+01
8.000200E+01 1.453919E+00 1.201266E+01
8.010100E+01 1.454545E+00 1.201384E+01
8.020000E+01 1.455170E+00 1.201071E+01
8.029900E+01 1.455794E+00 1.201190E+01
8.039800E+01 1.456418E+00 1.201308E+01
8.049700E+01 1.457040E+00 1.200997E+01
8.059600E+01 1.457661E+00 1.201116E+01
8.069500E+01 1.458282E+00 1.201236E+01
8.079400E+01 1.458902E+00 1.200926E+01
8.089300E+01 1.459521E+00 1.201046E+01
8.099200E+01 1.460139E+00 1.201167E+01
8.109100E+01 1.460756E+00 1.200859E+01
8.119000E+01 1.461372E+00 1.200980E+01
8.128900E+01 1.461987E+00 1.200673E+01
8.138800E+01 1.462602E+00 1.200795E+01
8.148700E+01 1.463215E+00 1.200917E+01
8.158600E+01 1.463828E+00 1.200612E+01
8.168500E+01 1.464440E+00 1.200734E+01
8.178400E+01 1.465051E+00 1.200857E+01
8.188300E+01 1.465661E+00 1.200553E+01
8.198200E+01 1.466270E+00 1.200677E+01
8.208100E+01 1.466879E+00 1.200375E+01
8.218000E+01 1.467486E+00 1.200498E+01
8.227900E+01 1.468093E+00 1.200622E+01
8.237800E+01 1.468699E+00 1.200322E+01
8.247700E+01 1.469304E+00 1.200447E+01
8.257600E+01 1.469908E+00 1.200571E+01
8.267500E+01 1.470512E+00 1.200272E+01
8.277400E+01 1.471114E+00 1.200398E+01
8.287300E+01 1.471716E+00 1.200100E+01
8.297200E+01 1.472316E+00 1.200226E+01
8.307100E+01 1.472916E+00 1.200352E+01
8.317000E+01 1.473515E+00 1.200056E+01
8.326900E+01 1.474114E+00 1.200183E+01
8.336800E+01 1.474711E+00 1.200310E+01
8.346700E+01 1.475308E+00 1.200015E+01
8.356600E+01 1.475904E+00 1.200143E+01
8.366500E+01 1.476498E+00 1.199849E+01
8.376400E+01 1.477093E+00 1.199977E+01
8.386300E+01 1.477686E+00 1.200105E+01
8.396200E+01 1.478278E+00 1.199814E+01
8.406100E+01 1.478870E+00 1.199942E+01
8.416000E+01 1.479461E+00 1.199652E+01
8.425900E+01 1.480051E+00 1.199781E+01
8.435800E+01 1.480640E+00 1.199910E+01
8.445700E+01 1.481228E+00 1.199622E+01
8.455600E+01 1.481816E+00 1.199751E+01
8.465500E+01 1.482403E+00 1.199464E+01
8.475400E+01 1.482989E+00 1.199594E+01
8.485300E+01 1.483574E+00 1.199725E+01
8.495200E+01 1.484158E+00 1.199438E+01
8.505100E+01 1.484742E+00 1.199569E+01
8.515000E+01 1.485324E+00 1.199284E+01
8.524900E+01 1.485906E+00 1.199416E+01
8.534800E+01 1.486487E+00 1.199548E+01
8.544700E+01 1.487068E+00 1.199264E+01
8.554600E+01 1.487647E+00 1.199396E+01
8.564500E+01 1.488226E+00 1.199114E+01
8.574400E+01 1.488804E+00 1.199247E+01
8.584300E+01 1.489381E+00 1.199379E+01
8.594200E+01 1.489957E+00 1.199099E+01
8.604100E+01 1.490533E+00 1.199232E+01
8.614000E+01 1.491108E+00 1.198952E+01
8.623900E+01 1.491682E+00 1.199086E+01
8.633800E+01 1.492255E+00 1.198807E+01
8.643700E+01 1.492827E+00 1.198942E+01
8.653600E+01 1.493399E+00 1.199076E+01
8.663500E+01 1.493970E+00 1.198799E+01
8.673400E+01 1.494540E+00 1.198934E+01
8.683300E+01 1.495109E+00 1.198658E+01
8.693200E+01 1.495678E+00 1.198793E+01
8.703100E+01 1.496245E+00 1.198518E+01
8.713000E+01 1.496812E+00 1.198654E+01
8.722900E+01 1.497379E+00 1.198790E+01
8.732800E+01 1.497944E+00 1.198516E+01
8.742700E+01 1.498509E+00 1.198653E+01
8.752600E+01 1.499073E+00 1.198380E+01
8.762500E+01 1.499636E+00 1.198517E+01
8.772400E+01 1.500198E+00 1.198654E+01
8.782300E+01 1.500760E+00 1.198383E+01
8.792200E+01 1.501321E+00 1.198521E+01
8.802100E+01 1.501881E+00 1.198250E+01
8.812000E+01 1.502440E+00 1.198388E+01
8.821900E+01 1.502999E+00 1.198119E+01
8.831800E+01 1.503557E+00 1.198258E+01
8.841700E+01 1.504114E+00 1.198397E+01
8.851600E+01 1.504670E+00 1.198129E+01
8.861500E+01 1.505226E+00 1.198268E+01
8.871400E+01 1.505780E+00 1.198001E+01
8.881300E+01 1.506335E+00 1.198141E+01
8.891200E+01 1.506888E+00 1.197875E+01
8.901100E+01 1.507441E+00 1.198015E+01
8.911000E+01 1.507992E+00 1.197750E+01
8.920900E+01 1.508544E+00 1.197890E+01
8.930800E+01 1.509094E+00 1.198031E+01
8.940700E+01 1.509644E+00 1.197768E+01
8.950600E+01 1.510193E+00 1.197909E+01
8.960500E+01 1.510741E+00 1.197646E+01
8.970400E+01 1.511288E+00 1.197788E+01
8.980300E+01 1.511835E+00 1.197526E+01
8.990200E+01 1.512381E+00 1.197668E+01
9.000100E+01 1.512926E+00 1.197407E+01
9.010000E+01 1.513471E+00 1.197550E+01
9.019900E+01 1.514015E+00 1.197692E+01
9.029800E+01 1.514558E+00 1.197433E+01
9.039700E+01 1.515100E+00 1.197576E+01
9.049600E+01 1.515642E+00 1.197317E+01
9.059500E+01 1.516183E+00 1.197461E+01
9.069400E+01 1.516723E+00 1.197203E+01
9.079300E+01 1.517262E+00 1.197347E+01
9.089200E+01 1.517801E+00 1.197091E+01
9.099100E+01 1.518339E+00 1.197235E+01
9.109000E+01 1.518877E+00 1.196979E+01
9.118900E+01 1.519413E+00 1.197124E+01
9.128800E+01 1.519949E+00 1.197269E+01
9.138700E+01 1.520484E+00 1.197014E+01
9.148600E+01 1.521019E+00 1.197160E+01
9.158500E+01 1.521553E+00 1.196906E+01
9.168400E+01 1.522086E+00 1.197052E+01
9.178300E+01 1.522618E+00 1.196799E+01
9.188200E+01 1.523150E+00 1.196945E+01
9.198100E+01 1.523681E+00 1.196694E+01
9.208000E+01 1.524211E+00 1.196840E+01
9.217900E+01 1.524741E+00 1.196590E+01
9.227800E+01 1.525270E+00 1.196736E+01
9.237700E+01 1.525798E+00 1.196487E+01
9.247600E+01 1.526326E+00 1.196634E+01
9.257500E+01 1.526853E+00 1.196781E+01
9.267400E+01 1.527379E+00 1.196532E+01
9.277300E+01 1.527904E+00 1.196680E+01
9.287200E+01 1.528429E+00 1.196433E+01
9.297100E+01 1.528953E+00 1.196580E+01
9.307000E+01 1.529477E+00 1.196334E+01
9.316900E+01 1.529999E+00 1.196482E+01
9.326800E+01 1.530521E+00 1.196236E+01
9.336700E+01 1.531043E+00 1.196385E+01
9.346600E+01 1.531564E+00 1.196140E+01
9.356500E+01 1.532084E+00 1.196289E+01
9.366400E+01 1.532603E+00 1.196045E+01
9.376300E+01 1.533122E+00 1.196195E+01
9.386200E+01 1.533640E+00 1.195952E+01
9.396100E+01 1.534157E+00 1.196102E+01
9.406000E+01 1.534674E+00 1.195859E+01
9.415900E+01 1.535190E+00 1.196009E+01
9.425800E+01 1.535705E+00 1.195768E+01
9.435700E+01 1.536219E+00 1.195919E+01
9.445600E+01 1.536733E+00 1.195678E+01
9.455500E+01 1.537247E+00 1.195829E+01
9.465400E+01 1.537759E+00 1.195589E+01
9.475300E+01 1.538271E+00 1.195741E+01
9.485200E+01 1.538783E+00 1.195892E+01
9.495100E+01 1.539293E+00 1.195653E+01
9.505000E+01 1.539803E+00 1.195805E+01
9.514900E+01 1.540313E+00 1.195567E+01
9.524800E+01 1.540821E+00 1.195720E+01
9.534700E+01 1.541330E+00 1.195483E+01
9.544600E+01 1.541837E+00 1.195635E+01
9.554500E+01 1.542344E+00 1.195399E+01
9.564400E+01 1.542850E+00 1.195552E+01
9.574300E+01 1.543355E+00 1.195316E+01
9.584200E+01 1.543860E+00 1.195470E+01
9.594100E+01 1.544364E+00 1.195235E+01
9.604000E+01 1.544868E+00 1.195389E+01
9.613900E+01 1.545370E+00 1.195155E+01
9.623800E+01 1.545873E+00 1.195309E+01
9.633700E+01 1.546374E+00 1.195076E+01
9.643600E+01 1.546875E+00 1.195230E+01
9.653500E+01 1.547375E+00 1.194998E+01
9.663400E+01 1.547875E+00 1.195153E+01
9.673300E+01 1.548374E+00 1.194922E+01
9.683200E+01 1.548872E+00 1.195076E+01
9.693100E+01 1.549370E+00 1.194846E+01
9.703000E+01 1.549867E+00 1.195001E+01
9.712900E+01 1.550364E+00 1.194772E+01
9.722800E+01 1.550860E+00 1.194927E+01
9.732700E+01 1.551355E+00 1.194698E+01
9.742600E+01 1.551849E+00 1.194854E+01
9.752500E+01 1.552343E+00 1.194626E+01
9.762400E+01 1.552837E+00 1.194782E+01
9.772300E+01 1.553329E+00 1.194555E+01
9.782200E+01 1.553821E+00 1.194711E+01
9.792100E+01 1.554313E+00 1.194485E+01
9.802000E+01 1.554804E+00 1.194642E+01
9.811900E+01 1.555294E+00 1.194416E+01
9.821800E+01 1.555783E+00 1.194191E+01
9.831700E+01 1.556272E+00 1.194348E+01
9.841600E+01 1.556761E+00 1.194124E+01
9.851500E+01 1.557249E+00 1.194281E+01
9.861400E+01 1.557736E+00 1.194058E+01
9.871300E+01 1.558222E+00 1.194216E+01
9.881200E+01 1.558708E+00 1.193993E+01
9.891100E+01 1.559193E+00 1.194151E+01
9.901000E+01 1.559678E+00 1.193929E+01
9.910900E+01 1.560162E+00 1.194087E+01
9.920800E+01 1.560645E+00 1.193866E+01
9.930700E+01 1.561128E+00 1.194025E+01
9.940600E+01 1.561611E+00 1.193804E+01
9.950500E+01 1.562092E+00 1.193963E+01
9.960400E+01 1.562573E+00 1.193743E+01
9.970300E+01 1.563054E+00 1.193903E+01
9.980200E+01 1.563533E+00 1.193684E+01
9.990100E+01 1.564013E+00 1.193844E+01
