1.000000E+00 NAN NAN
1.099000E+00 1.295280E-01 2.139883E+01
1.198000E+00 1.355853E-01 1.898188E+01
1.297000E+00 1.416213E-01 1.814045E+01
1.396000E+00 1.476243E-01 1.761663E+01
1.495000E+00 1.535872E-01 1.707393E+01
1.594000E+00 1.595058E-01 1.663420E+01
1.693000E+00 1.653775E-01 1.627411E+01
1.792000E+00 1.712003E-01 1.587962E+01
1.891000E+00 1.769735E-01 1.563886E+01
1.990000E+00 1.826963E-01 1.535337E+01
2.089000E+00 1.883687E-01 1.511062E+01
2.188000E+00 1.939911E-01 1.490317E+01
2.287000E+00 1.995636E-01 1.472517E+01
2.386000E+00 2.050871E-01 1.457197E+01
2.485000E+00 2.105619E-01 1.443987E+01
2.584000E+00 2.159889E-01 1.432584E+01
2.683000E+00 2.213688E-01 1.416856E+01
2.782000E+00 2.267024E-01 1.408580E+01
2.881000E+00 2.319905E-01 1.396034E+01
2.980000E+00 2.372342E-01 1.390115E+01
3.079000E+00 2.424339E-01 1.380018E+01
3.178000E+00 2.475907E-01 1.371027E+01
3.277000E+00 2.527053E-01 1.363015E+01
3.376000E+00 2.577786E-01 1.355875E+01
3.475000E+00 2.628112E-01 1.349514E+01
3.574000E+00 2.678041E-01 1.343850E+01
3.673000E+00 2.727578E-01 1.338814E+01
3.772000E+00 2.776733E-01 1.334344E+01
3.871000E+00 2.825511E-01 1.330387E+01
3.970000E+00 2.873920E-01 1.326897E+01
4.069000E+00 2.921965E-01 1.320043E+01
4.168000E+00 2.969655E-01 1.317445E+01
4.267000E+00 3.016995E-01 1.311585E+01
4.366000E+00 3.063992E-01 1.309726E+01
4.465000E+00 3.110651E-01 1.304702E+01
4.564000E+00 3.156979E-01 1.303462E+01
4.663000E+00 3.202980E-01 1.299148E+01
4.762000E+00 3.248662E-01 1.298431E+01
4.861000E+00 3.294029E-01 1.294724E+01
4.960000E+00 3.339085E-01 1.291320E+01
5.059000E+00 3.383837E-01 1.291268E+01
5.158000E+00 3.428289E-01 1.288348E+01
5.257000E+00 3.472446E-01 1.285673E+01
5.356000E+00 3.516313E-01 1.283226E+01
5.455000E+00 3.559894E-01 1.280993E+01
5.554000E+00 3.603194E-01 1.278957E+01
5.653000E+00 3.646216E-01 1.277108E+01
5.752000E+00 3.688966E-01 1.275433E+01
5.851000E+00 3.731447E-01 1.273920E+01
5.950000E+00 3.773663E-01 1.272560E+01
6.049000E+00 3.815618E-01 1.271345E+01
6.148000E+00 3.857316E-01 1.270264E+01
6.247000E+00 3.898760E-01 1.269310E+01
6.346000E+00 3.939954E-01 1.268477E+01
6.445000E+00 3.980903E-01 1.267756E+01
6.544000E+00 4.021608E-01 1.264697E+01
6.643000E+00 4.062073E-01 1.264213E+01
6.742000E+00 4.102302E-01 1.263824E+01
6.841000E+00 4.142298E-01 1.263524E+01
6.940000E+00 4.182062E-01 1.260981E+01
7.039000E+00 4.221601E-01 1.260871E+01
7.138000E+00 4.260915E-01 1.258566E+01
7.237000E+00 4.300008E-01 1.258626E+01
7.336000E+00 4.338882E-01 1.258753E+01
7.435000E+00 4.377541E-01 1.256747E+01
7.534000E+00 4.415986E-01 1.257020E+01
7.633000E+00 4.454221E-01 1.255201E+01
7.732000E+00 4.492248E-01 1.255605E+01
7.831000E+00 4.530070E-01 1.253956E+01
7.930000E+00 4.567689E-01 1.254478E+01
8.029000E+00 4.605107E-01 1.252984E+01
8.128000E+00 4.642328E-01 1.253613E+01
8.227000E+00 4.679352E-01 1.252262E+01
8.326000E+00 4.716184E-01 1.250988E+01
8.425000E+00 4.752824E-01 1.251767E+01
8.524000E+00 4.789274E-01 1.250618E+01
8.623000E+00 4.825538E-01 1.249536E+01
8.722000E+00 4.861618E-01 1.250446E+01
8.821000E+00 4.897514E-01 1.249474E+01
8.920000E+00 4.933229E-01 1.248563E+01
9.019000E+00 4.968766E-01 1.247711E+01
9.118000E+00 5.004127E-01 1.248772E+01
9.217000E+00 5.039312E-01 1.248012E+01
9.316000E+00 5.074324E-01 1.247304E+01
9.415000E+00 5.109165E-01 1.246646E+01
9.514000E+00 5.143836E-01 1.246036E+01
9.613000E+00 5.178340E-01 1.247255E+01
9.712000E+00 5.212678E-01 1.246721E+01
9.811000E+00 5.246851E-01 1.246230E+01
9.910000E+00 5.280862E-01 1.245781E+01
1.000900E+01 5.314712E-01 1.245372E+01
1.010800E+01 5.348402E-01 1.245001E+01
1.020700E+01 5.381935E-01 1.244667E+01
1.030600E+01 5.415311E-01 1.244370E+01
1.040500E+01 5.448533E-01 1.244107E+01
1.050400E+01 5.481601E-01 1.243877E+01
1.060300E+01 5.514518E-01 1.243680E+01
1.070200E+01 5.547285E-01 1.243514E+01
1.080100E+01 5.579903E-01 1.243377E+01
1.090000E+01 5.612373E-01 1.243270E+01
1.099900E+01 5.644697E-01 1.243192E+01
1.109800E+01 5.676877E-01 1.243140E+01
1.119700E+01 5.708913E-01 1.243114E+01
1.129600E+01 5.740808E-01 1.243114E+01
1.139500E+01 5.772561E-01 1.243139E+01
1.149400E+01 5.804176E-01 1.243187E+01
1.159300E+01 5.835651E-01 1.241715E+01
1.169200E+01 5.866991E-01 1.241819E+01
1.179100E+01 5.898194E-01 1.241943E+01
1.189000E+01 5.929263E-01 1.242089E+01
1.198900E+01 5.960199E-01 1.242254E+01
1.208800E+01 5.991002E-01 1.242440E+01
1.218700E+01 6.021675E-01 1.241157E+01
1.228600E+01 6.052218E-01 1.241388E+01
1.238500E+01 6.082632E-01 1.241636E+01
1.248400E+01 6.112918E-01 1.241902E+01
1.258300E+01 6.143078E-01 1.240733E+01
1.268200E+01 6.173112E-01 1.241039E+01
1.278100E+01 6.203022E-01 1.241361E+01
1.288000E+01 6.232808E-01 1.241698E+01
1.297900E+01 6.262472E-01 1.240631E+01
1.307800E+01 6.292014E-01 1.241003E+01
1.317700E+01 6.321436E-01 1.241390E+01
1.327600E+01 6.350739E-01 1.240395E+01
1.337500E+01 6.379923E-01 1.240815E+01
1.347400E+01 6.408989E-01 1.241247E+01
1.357300E+01 6.437939E-01 1.240319E+01
1.367200E+01 6.466774E-01 1.240781E+01
1.377100E+01 6.495493E-01 1.241255E+01
1.387000E+01 6.524099E-01 1.240389E+01
1.396900E+01 6.552591E-01 1.240890E+01
1.406800E+01 6.580972E-01 1.240066E+01
1.416700E+01 6.609241E-01 1.240594E+01
1.426600E+01 6.637400E-01 1.241132E+01
1.436500E+01 6.665450E-01 1.240362E+01
1.446400E+01 6.693391E-01 1.240925E+01
1.456300E+01 6.721224E-01 1.240192E+01
1.466200E+01 6.748950E-01 1.240777E+01
1.476100E+01 6.776570E-01 1.240080E+01
1.486000E+01 6.804085E-01 1.240687E+01
1.495900E+01 6.831495E-01 1.240023E+01
1.505800E+01 6.858802E-01 1.240651E+01
1.515700E+01 6.886005E-01 1.240019E+01
1.525600E+01 6.913106E-01 1.240666E+01
1.535500E+01 6.940105E-01 1.240066E+01
1.545400E+01 6.967003E-01 1.240731E+01
1.555300E+01 6.993802E-01 1.240160E+01
1.565200E+01 7.020500E-01 1.240843E+01
1.575100E+01 7.047100E-01 1.240300E+01
1.585000E+01 7.073602E-01 1.241000E+01
1.594900E+01 7.100007E-01 1.240484E+01
1.604800E+01 7.126315E-01 1.239984E+01
1.614700E+01 7.152527E-01 1.240709E+01
1.624600E+01 7.178644E-01 1.240235E+01
1.634500E+01 7.204667E-01 1.240974E+01
1.644400E+01 7.230595E-01 1.240524E+01
1.654300E+01 7.256430E-01 1.240088E+01
1.664200E+01 7.282172E-01 1.240850E+01
1.674100E+01 7.307823E-01 1.240437E+01
1.684000E+01 7.333382E-01 1.240038E+01
1.693900E+01 7.358850E-01 1.240820E+01
1.703800E+01 7.384228E-01 1.240443E+01
1.713700E+01 7.409517E-01 1.240078E+01
1.723600E+01 7.434716E-01 1.240879E+01
1.733500E+01 7.459827E-01 1.240534E+01
1.743400E+01 7.484850E-01 1.240202E+01
1.753300E+01 7.509786E-01 1.241021E+01
1.763200E+01 7.534635E-01 1.240707E+01
1.773100E+01 7.559398E-01 1.240405E+01
1.783000E+01 7.584076E-01 1.241241E+01
1.792900E+01 7.608669E-01 1.240956E+01
1.802800E+01 7.633177E-01 1.240683E+01
1.812700E+01 7.657601E-01 1.240420E+01
1.822600E+01 7.681942E-01 1.241277E+01
1.832500E+01 7.706200E-01 1.241030E+01
1.842400E+01 7.730376E-01 1.240794E+01
1.852300E+01 7.754470E-01 1.240568E+01
1.862200E+01 7.778484E-01 1.241444E+01
1.872100E+01 7.802416E-01 1.241232E+01
1.882000E+01 7.826268E-01 1.241030E+01
1.891900E+01 7.850040E-01 1.240838E+01
1.901800E+01 7.873733E-01 1.240654E+01
1.911700E+01 7.897347E-01 1.241553E+01
1.921600E+01 7.920883E-01 1.241383E+01
1.931500E+01 7.944341E-01 1.241222E+01
1.941400E+01 7.967721E-01 1.241069E+01
1.951300E+01 7.991025E-01 1.240925E+01
1.961200E+01 8.014253E-01 1.240789E+01
1.971100E+01 8.037405E-01 1.241711E+01
1.981000E+01 8.060481E-01 1.241587E+01
1.990900E+01 8.083482E-01 1.241470E+01
2.000800E+01 8.106408E-01 1.241362E+01
2.010700E+01 8.129261E-01 1.241261E+01
2.020600E+01 8.152039E-01 1.241167E+01
2.030500E+01 8.174745E-01 1.241081E+01
2.040400E+01 8.197378E-01 1.241002E+01
2.050300E+01 8.219938E-01 1.241951E+01
2.060200E+01 8.242427E-01 1.241882E+01
2.070100E+01 8.264843E-01 1.241820E+01
2.080000E+01 8.287189E-01 1.241765E+01
2.089900E+01 8.309464E-01 1.241716E+01
2.099800E+01 8.331669E-01 1.241673E+01
2.109700E+01 8.353804E-01 1.241637E+01
2.119600E+01 8.375869E-01 1.241608E+01
2.129500E+01 8.397865E-01 1.241584E+01
2.139400E+01 8.419793E-01 1.241566E+01
2.149300E+01 8.441652E-01 1.241555E+01
2.159200E+01 8.463443E-01 1.241549E+01
2.169100E+01 8.485167E-01 1.241549E+01
2.179000E+01 8.506823E-01 1.241554E+01
2.188900E+01 8.528413E-01 1.241565E+01
2.198800E+01 8.549936E-01 1.241582E+01
2.208700E+01 8.571393E-01 1.241604E+01
2.218600E+01 8.592785E-01 1.241631E+01
2.228500E+01 8.614111E-01 1.241663E+01
2.238400E+01 8.635372E-01 1.241701E+01
2.248300E+01 8.656568E-01 1.241743E+01
2.258200E+01 8.677700E-01 1.241791E+01
2.268100E+01 8.698768E-01 1.241843E+01
2.278000E+01 8.719773E-01 1.241900E+01
2.287900E+01 8.740714E-01 1.241962E+01
2.297800E+01 8.761592E-01 1.242028E+01
2.307700E+01 8.782408E-01 1.242099E+01
2.317600E+01 8.803162E-01 1.242175E+01
2.327500E+01 8.823853E-01 1.242255E+01
2.337400E+01 8.844484E-01 1.242339E+01
2.347300E+01 8.865053E-01 1.242428E+01
2.357200E+01 8.885561E-01 1.242521E+01
2.367100E+01 8.906008E-01 1.242618E+01
2.377000E+01 8.926395E-01 1.242719E+01
2.386900E+01 8.946723E-01 1.242824E+01
2.396800E+01 8.966990E-01 1.242933E+01
2.406700E+01 8.987198E-01 1.242131E+01
2.416600E+01 9.007347E-01 1.242250E+01
2.426500E+01 9.027438E-01 1.242373E+01
2.436400E+01 9.047470E-01 1.242500E+01
2.446300E+01 9.067444E-01 1.242631E+01
2.456200E+01 9.087360E-01 1.242765E+01
2.466100E+01 9.107219E-01 1.242903E+01
2.476000E+01 9.127020E-01 1.243044E+01
2.485900E+01 9.146765E-01 1.243189E+01
2.495800E+01 9.166452E-01 1.242444E+01
2.505700E+01 9.186084E-01 1.242597E+01
2.515600E+01 9.205659E-01 1.242754E+01
2.525500E+01 9.225179E-01 1.242915E+01
2.535400E+01 9.244643E-01 1.243078E+01
2.545300E+01 9.264052E-01 1.243245E+01
2.555200E+01 9.283405E-01 1.243414E+01
2.565100E+01 9.302705E-01 1.242710E+01
2.575000E+01 9.321949E-01 1.242888E+01
2.584900E+01 9.341140E-01 1.243069E+01
2.594800E+01 9.360277E-01 1.243253E+01
2.604700E+01 9.379360E-01 1.243439E+01
2.614600E+01 9.398390E-01 1.243629E+01
2.624500E+01 9.417366E-01 1.242958E+01
2.634400E+01 9.436290E-01 1.243155E+01
2.644300E+01 9.455161E-01 1.243354E+01
2.654200E+01 9.473980E-01 1.243557E+01
2.664100E+01 9.492747E-01 1.243762E+01
2.674000E+01 9.511462E-01 1.243117E+01
2.683900E+01 9.530125E-01 1.243329E+01
2.693800E+01 9.548738E-01 1.243544E+01
2.703700E+01 9.567298E-01 1.243761E+01
2.713600E+01 9.585809E-01 1.243136E+01
2.723500E+01 9.604268E-01 1.243360E+01
2.733400E+01 9.622677E-01 1.243586E+01
2.743300E+01 9.641036E-01 1.243815E+01
2.753200E+01 9.659345E-01 1.243210E+01
2.763100E+01 9.677604E-01 1.243444E+01
2.773000E+01 9.695814E-01 1.243681E+01
2.782900E+01 9.713975E-01 1.243921E+01
2.792800E+01 9.732087E-01 1.243334E+01
2.802700E+01 9.750150E-01 1.243580E+01
2.812600E+01 9.768164E-01 1.243827E+01
2.822500E+01 9.786131E-01 1.244077E+01
2.832400E+01 9.804049E-01 1.243508E+01
2.842300E+01 9.821919E-01 1.243763E+01
2.852200E+01 9.839742E-01 1.244020E+01
2.862100E+01 9.857517E-01 1.243465E+01
2.872000E+01 9.875245E-01 1.243728E+01
2.881900E+01 9.892926E-01 1.243992E+01
2.891800E+01 9.910561E-01 1.244259E+01
2.901700E+01 9.928148E-01 1.243720E+01
2.911600E+01 9.945690E-01 1.243992E+01
2.921500E+01 9.963185E-01 1.244265E+01
2.931400E+01 9.980635E-01 1.243739E+01
2.941300E+01 9.998039E-01 1.244017E+01
2.951200E+01 1.001540E+00 1.244298E+01
2.961100E+01 1.003271E+00 1.243783E+01
2.971000E+01 1.004998E+00 1.244069E+01
2.980900E+01 1.006720E+00 1.244355E+01
2.990800E+01 1.008438E+00 1.243853E+01
3.000700E+01 1.010151E+00 1.244144E+01
3.010600E+01 1.011860E+00 1.244437E+01
3.020500E+01 1.013565E+00 1.243946E+01
3.030400E+01 1.015265E+00 1.244243E+01
3.040300E+01 1.016961E+00 1.244543E+01
3.050200E+01 1.018652E+00 1.244062E+01
3.060100E+01 1.020339E+00 1.244366E+01
3.070000E+01 1.022022E+00 1.244671E+01
3.079900E+01 1.023701E+00 1.244201E+01
3.089800E+01 1.025375E+00 1.244510E+01
3.099700E+01 1.027045E+00 1.244048E+01
3.109600E+01 1.028710E+00 1.244361E+01
3.119500E+01 1.030372E+00 1.244675E+01
3.129400E+01 1.032029E+00 1.244223E+01
3.139300E+01 1.033682E+00 1.244542E+01
3.149200E+01 1.035331E+00 1.244097E+01
3.159100E+01 1.036976E+00 1.244419E+01
3.169000E+01 1.038617E+00 1.244743E+01
3.178900E+01 1.040253E+00 1.244308E+01
3.188800E+01 1.041886E+00 1.244635E+01
3.198700E+01 1.043514E+00 1.244207E+01
3.208600E+01 1.045138E+00 1.244538E+01
3.218500E+01 1.046758E+00 1.244870E+01
3.228400E+01 1.048375E+00 1.244450E+01
3.238300E+01 1.049987E+00 1.244786E+01
3.248200E+01 1.051595E+00 1.244373E+01
3.258100E+01 1.053199E+00 1.244712E+01
3.268000E+01 1.054799E+00 1.244306E+01
3.277900E+01 1.056396E+00 1.244648E+01
3.287800E+01 1.057988E+00 1.244992E+01
3.297700E+01 1.059577E+00 1.244594E+01
3.307600E+01 1.061161E+00 1.244941E+01
3.317500E+01 1.062742E+00 1.244549E+01
3.327400E+01 1.064319E+00 1.244899E+01
3.337300E+01 1.065892E+00 1.244513E+01
3.347200E+01 1.067461E+00 1.244866E+01
3.357100E+01 1.069026E+00 1.244487E+01
3.367000E+01 1.070588E+00 1.244842E+01
3.376900E+01 1.072145E+00 1.244469E+01
3.386800E+01 1.073699E+00 1.244827E+01
3.396700E+01 1.075249E+00 1.244459E+01
3.406600E+01 1.076796E+00 1.244821E+01
3.416500E+01 1.078339E+00 1.245183E+01
3.426400E+01 1.079878E+00 1.244823E+01
3.436300E+01 1.081413E+00 1.245187E+01
3.446200E+01 1.082944E+00 1.244833E+01
3.456100E+01 1.084472E+00 1.245200E+01
3.466000E+01 1.085997E+00 1.244851E+01
3.475900E+01 1.087517E+00 1.245221E+01
3.485800E+01 1.089034E+00 1.244877E+01
3.495700E+01 1.090548E+00 1.245249E+01
3.505600E+01 1.092058E+00 1.244910E+01
3.515500E+01 1.093564E+00 1.244575E+01
3.525400E+01 1.095067E+00 1.244952E+01
3.535300E+01 1.096566E+00 1.244621E+01
3.545200E+01 1.098061E+00 1.245000E+01
3.555100E+01 1.099554E+00 1.244675E+01
3.565000E+01 1.101042E+00 1.245056E+01
3.574900E+01 1.102527E+00 1.244735E+01
3.584800E+01 1.104009E+00 1.245119E+01
3.594700E+01 1.105487E+00 1.244803E+01
3.604600E+01 1.106961E+00 1.245190E+01
3.614500E+01 1.108433E+00 1.244878E+01
3.624400E+01 1.109900E+00 1.245267E+01
3.634300E+01 1.111365E+00 1.244960E+01
3.644200E+01 1.112826E+00 1.245350E+01
3.654100E+01 1.114283E+00 1.245048E+01
3.664000E+01 1.115738E+00 1.244749E+01
3.673900E+01 1.117188E+00 1.245143E+01
3.683800E+01 1.118636E+00 1.244848E+01
3.693700E+01 1.120080E+00 1.245244E+01
3.703600E+01 1.121521E+00 1.244953E+01
3.713500E+01 1.122958E+00 1.245352E+01
3.723400E+01 1.124392E+00 1.245065E+01
3.733300E+01 1.125823E+00 1.244781E+01
3.743200E+01 1.127251E+00 1.245183E+01
3.753100E+01 1.128675E+00 1.244903E+01
3.763000E+01 1.130096E+00 1.245307E+01
3.772900E+01 1.131514E+00 1.245031E+01
3.782800E+01 1.132929E+00 1.245437E+01
3.792700E+01 1.134340E+00 1.245165E+01
3.802600E+01 1.135749E+00 1.244896E+01
3.812500E+01 1.137154E+00 1.245305E+01
3.822400E+01 1.138555E+00 1.245040E+01
3.832300E+01 1.139954E+00 1.245450E+01
3.842200E+01 1.141350E+00 1.245189E+01
3.852100E+01 1.142742E+00 1.244930E+01
3.862000E+01 1.144131E+00 1.245343E+01
3.871900E+01 1.145517E+00 1.245088E+01
3.881800E+01 1.146900E+00 1.244836E+01
3.891700E+01 1.148280E+00 1.245252E+01
3.901600E+01 1.149657E+00 1.245003E+01
3.911500E+01 1.151031E+00 1.245420E+01
3.921400E+01 1.152402E+00 1.245175E+01
3.931300E+01 1.153769E+00 1.244933E+01
3.941200E+01 1.155134E+00 1.245353E+01
3.951100E+01 1.156495E+00 1.245113E+01
3.961000E+01 1.157854E+00 1.244877E+01
3.970900E+01 1.159209E+00 1.245299E+01
3.980800E+01 1.160562E+00 1.245066E+01
3.990700E+01 1.161911E+00 1.245490E+01
4.000600E+01 1.163258E+00 1.245260E+01
4.010500E+01 1.164602E+00 1.245032E+01
4.020400E+01 1.165942E+00 1.245458E+01
4.030300E+01 1.167280E+00 1.245234E+01
4.040200E+01 1.168615E+00 1.245012E+01
4.050100E+01 1.169946E+00 1.245440E+01
4.060000E+01 1.171275E+00 1.245221E+01
4.069900E+01 1.172601E+00 1.245004E+01
4.079800E+01 1.173924E+00 1.245435E+01
4.089700E+01 1.175245E+00 1.245221E+01
4.099600E+01 1.176562E+00 1.245010E+01
4.109500E+01 1.177877E+00 1.245443E+01
4.119400E+01 1.179188E+00 1.245234E+01
4.129300E+01 1.180497E+00 1.245028E+01
4.139200E+01 1.181803E+00 1.245463E+01
4.149100E+01 1.183106E+00 1.245260E+01
4.159000E+01 1.184406E+00 1.245058E+01
4.168900E+01 1.185704E+00 1.244859E+01
4.178800E+01 1.186999E+00 1.245297E+01
4.188700E+01 1.188291E+00 1.245100E+01
4.198600E+01 1.189580E+00 1.244906E+01
4.208500E+01 1.190866E+00 1.245346E+01
4.218400E+01 1.192150E+00 1.245154E+01
4.228300E+01 1.193431E+00 1.244964E+01
4.238200E+01 1.194709E+00 1.245406E+01
4.248100E+01 1.195984E+00 1.245219E+01
4.258000E+01 1.197257E+00 1.245034E+01
4.267900E+01 1.198527E+00 1.244850E+01
4.277800E+01 1.199794E+00 1.245295E+01
4.287700E+01 1.201059E+00 1.245114E+01
4.297600E+01 1.202321E+00 1.244935E+01
4.307500E+01 1.203580E+00 1.245382E+01
4.317400E+01 1.204837E+00 1.245206E+01
4.327300E+01 1.206091E+00 1.245031E+01
4.337200E+01 1.207342E+00 1.244858E+01
4.347100E+01 1.208591E+00 1.245307E+01
4.357000E+01 1.209837E+00 1.245137E+01
4.366900E+01 1.211080E+00 1.244969E+01
4.376800E+01 1.212321E+00 1.244802E+01
4.386700E+01 1.213560E+00 1.245253E+01
4.396600E+01 1.214795E+00 1.245089E+01
4.406500E+01 1.216028E+00 1.244927E+01
4.416400E+01 1.217259E+00 1.244766E+01
4.426300E+01 1.218487E+00 1.245219E+01
4.436200E+01 1.219712E+00 1.245061E+01
4.446100E+01 1.220935E+00 1.244904E+01
4.456000E+01 1.222155E+00 1.244749E+01
4.465900E+01 1.223373E+00 1.245204E+01
4.475800E+01 1.224588E+00 1.245052E+01
4.485700E+01 1.225801E+00 1.244900E+01
4.495600E+01 1.227011E+00 1.244751E+01
4.505500E+01 1.228219E+00 1.245208E+01
4.515400E+01 1.229424E+00 1.245061E+01
4.525300E+01 1.230627E+00 1.244915E+01
4.535200E+01 1.231827E+00 1.244771E+01
4.545100E+01 1.233025E+00 1.245231E+01
4.555000E+01 1.234220E+00 1.245088E+01
4.564900E+01 1.235413E+00 1.244948E+01
4.574800E+01 1.236603E+00 1.244809E+01
4.584700E+01 1.237791E+00 1.244671E+01
4.594600E+01 1.238977E+00 1.245133E+01
4.604500E+01 1.240160E+00 1.244998E+01
4.614400E+01 1.241341E+00 1.244864E+01
4.624300E+01 1.242519E+00 1.244731E+01
4.634200E+01 1.243695E+00 1.244600E+01
4.644100E+01 1.244869E+00 1.245065E+01
4.654000E+01 1.246040E+00 1.244936E+01
4.663900E+01 1.247209E+00 1.244808E+01
4.673800E+01 1.248375E+00 1.244682E+01
4.683700E+01 1.249540E+00 1.244557E+01
4.693600E+01 1.250701E+00 1.245024E+01
4.703500E+01 1.251861E+00 1.244901E+01
4.713400E+01 1.253018E+00 1.244779E+01
4.723300E+01 1.254173E+00 1.244659E+01
4.733200E+01 1.255325E+00 1.244540E+01
4.743100E+01 1.256475E+00 1.245009E+01
4.753000E+01 1.257623E+00 1.244892E+01
4.762900E+01 1.258769E+00 1.244777E+01
4.772800E+01 1.259912E+00 1.244663E+01
4.782700E+01 1.261053E+00 1.244550E+01
4.792600E+01 1.262191E+00 1.244438E+01
4.802500E+01 1.263328E+00 1.244910E+01
4.812400E+01 1.264462E+00 1.244800E+01
4.822300E+01 1.265594E+00 1.244691E+01
4.832200E+01 1.266724E+00 1.244584E+01
4.842100E+01 1.267851E+00 1.244478E+01
4.852000E+01 1.268976E+00 1.244373E+01
4.861900E+01 1.270099E+00 1.244847E+01
4.871800E+01 1.271220E+00 1.244744E+01
4.881700E+01 1.272339E+00 1.244642E+01
4.891600E+01 1.273455E+00 1.244542E+01
4.901500E+01 1.274569E+00 1.244442E+01
4.911400E+01 1.275681E+00 1.244344E+01
4.921300E+01 1.276791E+00 1.244820E+01
4.931200E+01 1.277898E+00 1.244724E+01
4.941100E+01 1.279004E+00 1.244629E+01
4.951000E+01 1.280107E+00 1.244535E+01
4.960900E+01 1.281208E+00 1.244442E+01
4.970800E+01 1.282307E+00 1.244350E+01
4.980700E+01 1.283404E+00 1.244259E+01
4.990600E+01 1.284498E+00 1.244170E+01
5.000500E+01 1.285591E+00 1.244649E+01
5.010400E+01 1.286681E+00 1.244561E+01
5.020300E+01 1.287770E+00 1.244474E+01
5.030200E+01 1.288856E+00 1.244389E+01
5.040100E+01 1.289940E+00 1.244304E+01
5.050000E+01 1.291022E+00 1.244221E+01
5.059900E+01 1.292102E+00 1.244139E+01
5.069800E+01 1.293180E+00 1.244058E+01
5.079700E+01 1.294255E+00 1.244539E+01
5.089600E+01 1.295329E+00 1.244459E+01
5.099500E+01 1.296401E+00 1.244381E+01
5.109400E+01 1.297470E+00 1.244303E+01
5.119300E+01 1.298538E+00 1.244227E+01
5.129200E+01 1.299603E+00 1.244151E+01
5.139100E+01 1.300666E+00 1.244077E+01
5.149000E+01 1.301728E+00 1.244004E+01
5.158900E+01 1.302787E+00 1.243932E+01
5.168800E+01 1.303844E+00 1.244416E+01
5.178700E+01 1.304900E+00 1.244345E+01
5.188600E+01 1.305953E+00 1.244275E+01
5.198500E+01 1.307004E+00 1.244206E+01
5.208400E+01 1.308053E+00 1.244138E+01
5.218300E+01 1.309101E+00 1.244072E+01
5.228200E+01 1.310146E+00 1.244006E+01
5.238100E+01 1.311189E+00 1.243941E+01
5.248000E+01 1.312230E+00 1.243877E+01
5.257900E+01 1.313270E+00 1.243814E+01
5.267800E+01 1.314307E+00 1.243753E+01
5.277700E+01 1.315343E+00 1.244240E+01
5.287600E+01 1.316376E+00 1.244179E+01
5.297500E+01 1.317408E+00 1.244120E+01
5.307400E+01 1.318437E+00 1.244061E+01
5.317300E+01 1.319465E+00 1.244003E+01
5.327200E+01 1.320490E+00 1.243946E+01
5.337100E+01 1.321514E+00 1.243890E+01
5.347000E+01 1.322536E+00 1.243836E+01
5.356900E+01 1.323556E+00 1.243782E+01
5.366800E+01 1.324574E+00 1.243728E+01
5.376700E+01 1.325590E+00 1.243676E+01
5.386600E+01 1.326605E+00 1.243625E+01
5.396500E+01 1.327617E+00 1.243575E+01
5.406400E+01 1.328627E+00 1.243525E+01
5.416300E+01 1.329636E+00 1.243477E+01
5.426200E+01 1.330643E+00 1.243968E+01
5.436100E+01 1.331648E+00 1.243920E+01
5.446000E+01 1.332650E+00 1.243874E+01
5.455900E+01 1.333652E+00 1.243828E+01
5.465800E+01 1.334651E+00 1.243783E+01
5.475700E+01 1.335648E+00 1.243739E+01
5.485600E+01 1.336644E+00 1.243696E+01
5.495500E+01 1.337638E+00 1.243654E+01
5.505400E+01 1.338630E+00 1.243613E+01
5.515300E+01 1.339620E+00 1.243572E+01
5.525200E+01 1.340608E+00 1.243533E+01
5.535100E+01 1.341594E+00 1.243494E+01
5.545000E+01 1.342579E+00 1.243456E+01
5.554900E+01 1.343562E+00 1.243419E+01
5.564800E+01 1.344543E+00 1.243382E+01
5.574700E+01 1.345522E+00 1.243347E+01
5.584600E+01 1.346499E+00 1.243312E+01
5.594500E+01 1.347475E+00 1.243278E+01
5.604400E+01 1.348449E+00 1.243245E+01
5.614300E+01 1.349421E+00 1.243212E+01
5.624200E+01 1.350391E+00 1.243181E+01
5.634100E+01 1.351360E+00 1.243150E+01
5.644000E+01 1.352327E+00 1.243120E+01
5.653900E+01 1.353292E+00 1.243091E+01
5.663800E+01 1.354255E+00 1.243062E+01
5.673700E+01 1.355217E+00 1.243035E+01
5.683600E+01 1.356176E+00 1.243008E+01
5.693500E+01 1.357134E+00 1.242982E+01
5.703400E+01 1.358091E+00 1.242956E+01
5.713300E+01 1.359045E+00 1.242932E+01
5.723200E+01 1.359998E+00 1.242908E+01
5.733100E+01 1.360949E+00 1.242885E+01
5.743000E+01 1.361899E+00 1.242862E+01
5.752900E+01 1.362847E+00 1.242841E+01
5.762800E+01 1.363793E+00 1.242820E+01
5.772700E+01 1.364737E+00 1.242800E+01
5.782600E+01 1.365680E+00 1.242780E+01
5.792500E+01 1.366621E+00 1.242761E+01
5.802400E+01 1.367560E+00 1.242743E+01
5.812300E+01 1.368498E+00 1.242726E+01
5.822200E+01 1.369433E+00 1.242709E+01
5.832100E+01 1.370368E+00 1.242693E+01
5.842000E+01 1.371300E+00 1.242678E+01
5.851900E+01 1.372231E+00 1.242664E+01
5.861800E+01 1.373161E+00 1.242650E+01
5.871700E+01 1.374088E+00 1.242636E+01
5.881600E+01 1.375014E+00 1.242624E+01
5.891500E+01 1.375938E+00 1.242612E+01
5.901400E+01 1.376861E+00 1.242601E+01
5.911300E+01 1.377782E+00 1.242591E+01
5.921200E+01 1.378702E+00 1.242581E+01
5.931100E+01 1.379619E+00 1.242572E+01
5.941000E+01 1.380536E+00 1.242563E+01
5.950900E+01 1.381450E+00 1.242556E+01
5.960800E+01 1.382363E+00 1.242548E+01
5.970700E+01 1.383274E+00 1.242542E+01
5.980600E+01 1.384184E+00 1.242536E+01
5.990500E+01 1.385092E+00 1.242531E+01
6.000400E+01 1.385999E+00 1.242526E+01
6.010300E+01 1.386904E+00 1.242522E+01
6.020200E+01 1.387807E+00 1.242519E+01
6.030100E+01 1.388709E+00 1.242517E+01
6.040000E+01 1.389609E+00 1.242515E+01
6.049900E+01 1.390508E+00 1.242513E+01
6.059800E+01 1.391405E+00 1.242512E+01
6.069700E+01 1.392300E+00 1.242512E+01
6.079600E+01 1.393194E+00 1.242011E+01
6.089500E+01 1.394087E+00 1.242012E+01
6.099400E+01 1.394978E+00 1.242015E+01
6.109300E+01 1.395867E+00 1.242017E+01
6.119200E+01 1.396755E+00 1.242021E+01
6.129100E+01 1.397641E+00 1.242025E+01
6.139000E+01 1.398525E+00 1.242029E+01
6.148900E+01 1.399409E+00 1.242034E+01
6.158800E+01 1.400290E+00 1.242040E+01
6.168700E+01 1.401170E+00 1.242046E+01
6.178600E+01 1.402049E+00 1.242053E+01
6.188500E+01 1.402926E+00 1.242061E+01
6.198400E+01 1.403801E+00 1.242069E+01
6.208300E+01 1.404675E+00 1.242078E+01
6.218200E+01 1.405548E+00 1.242087E+01
6.228100E+01 1.406419E+00 1.242097E+01
6.238000E+01 1.407288E+00 1.241613E+01
6.247900E+01 1.408156E+00 1.241624E+01
6.257800E+01 1.409023E+00 1.241636E+01
6.267700E+01 1.409888E+00 1.241649E+01
6.277600E+01 1.410752E+00 1.241662E+01
6.287500E+01 1.411614E+00 1.241675E+01
6.297400E+01 1.412474E+00 1.241689E+01
6.307300E+01 1.413333E+00 1.241704E+01
6.317200E+01 1.414191E+00 1.241719E+01
6.327100E+01 1.415047E+00 1.241735E+01
6.337000E+01 1.415902E+00 1.241751E+01
6.346900E+01 1.416755E+00 1.241768E+01
6.356800E+01 1.417607E+00 1.241297E+01
6.366700E+01 1.418458E+00 1.241316E+01
6.376600E+01 1.419307E+00 1.241334E+01
6.386500E+01 1.420154E+00 1.241354E+01
6.396400E+01 1.421000E+00 1.241374E+01
6.406300E+01 1.421845E+00 1.241394E+01
6.416200E+01 1.422688E+00 1.241415E+01
6.426100E+01 1.423530E+00 1.241436E+01
6.436000E+01 1.424370E+00 1.241458E+01
6.445900E+01 1.425209E+00 1.241481E+01
6.455800E+01 1.426047E+00 1.241020E+01
6.465700E+01 1.426883E+00 1.241044E+01
6.475600E+01 1.427718E+00 1.241068E+01
6.485500E+01 1.428551E+00 1.241093E+01
6.495400E+01 1.429383E+00 1.241118E+01
6.505300E+01 1.430213E+00 1.241144E+01
6.515200E+01 1.431043E+00 1.241171E+01
6.525100E+01 1.431870E+00 1.241197E+01
6.535000E+01 1.432697E+00 1.241225E+01
6.544900E+01 1.433522E+00 1.240773E+01
6.554800E+01 1.434345E+00 1.240802E+01
6.564700E+01 1.435168E+00 1.240831E+01
6.574600E+01 1.435988E+00 1.240860E+01
6.584500E+01 1.436808E+00 1.240890E+01
6.594400E+01 1.437626E+00 1.240921E+01
6.604300E+01 1.438443E+00 1.240952E+01
6.614200E+01 1.439258E+00 1.240983E+01
6.624100E+01 1.440072E+00 1.240539E+01
6.634000E+01 1.440885E+00 1.240572E+01
6.643900E+01 1.441696E+00 1.240605E+01
6.653800E+01 1.442506E+00 1.240639E+01
6.663700E+01 1.443315E+00 1.240673E+01
6.673600E+01 1.444122E+00 1.240708E+01
6.683500E+01 1.444928E+00 1.240743E+01
6.693400E+01 1.445733E+00 1.240778E+01
6.703300E+01 1.446536E+00 1.240342E+01
6.713200E+01 1.447338E+00 1.240379E+01
6.723100E+01 1.448139E+00 1.240416E+01
6.733000E+01 1.448938E+00 1.240453E+01
6.742900E+01 1.449736E+00 1.240491E+01
6.752800E+01 1.450533E+00 1.240530E+01
6.762700E+01 1.451329E+00 1.240569E+01
6.772600E+01 1.452123E+00 1.240139E+01
6.782500E+01 1.452916E+00 1.240179E+01
6.792400E+01 1.453707E+00 1.240219E+01
6.802300E+01 1.454497E+00 1.240260E+01
6.812200E+01 1.455286E+00 1.240302E+01
6.822100E+01 1.456074E+00 1.240344E+01
6.832000E+01 1.456860E+00 1.240386E+01
6.841900E+01 1.457645E+00 1.239962E+01
6.851800E+01 1.458429E+00 1.240006E+01
6.861700E+01 1.459212E+00 1.240049E+01
6.871600E+01 1.459993E+00 1.240094E+01
6.881500E+01 1.460773E+00 1.240138E+01
6.891400E+01 1.461552E+00 1.240184E+01
6.901300E+01 1.462329E+00 1.239765E+01
6.911200E+01 1.463105E+00 1.239811E+01
6.921100E+01 1.463880E+00 1.239858E+01
6.931000E+01 1.464654E+00 1.239905E+01
6.940900E+01 1.465426E+00 1.239952E+01
6.950800E+01 1.466198E+00 1.240000E+01
6.960700E+01 1.466968E+00 1.239586E+01
6.970600E+01 1.467736E+00 1.239635E+01
6.980500E+01 1.468504E+00 1.239685E+01
6.990400E+01 1.469270E+00 1.239735E+01
7.000300E+01 1.470035E+00 1.239785E+01
7.010200E+01 1.470799E+00 1.239835E+01
7.020100E+01 1.471561E+00 1.239427E+01
7.030000E+01 1.472322E+00 1.239478E+01
7.039900E+01 1.473083E+00 1.239530E+01
7.049800E+01 1.473841E+00 1.239583E+01
7.059700E+01 1.474599E+00 1.239635E+01
7.069600E+01 1.475356E+00 1.239231E+01
7.079500E+01 1.476111E+00 1.239285E+01
7.089400E+01 1.476865E+00 1.239339E+01
7.099300E+01 1.477618E+00 1.239394E+01
7.109200E+01 1.478369E+00 1.239448E+01
7.119100E+01 1.479120E+00 1.239048E+01
7.129000E+01 1.479869E+00 1.239104E+01
7.138900E+01 1.480617E+00 1.239160E+01
7.148800E+01 1.481364E+00 1.239217E+01
7.158700E+01 1.482109E+00 1.239274E+01
7.168600E+01 1.482854E+00 1.239332E+01
7.178500E+01 1.483597E+00 1.238936E+01
7.188400E+01 1.484339E+00 1.238994E+01
7.198300E+01 1.485080E+00 1.239053E+01
7.208200E+01 1.485820E+00 1.239112E+01
7.218100E+01 1.486558E+00 1.239172E+01
7.228000E+01 1.487296E+00 1.238780E+01
7.237900E+01 1.488032E+00 1.238841E+01
7.247800E+01 1.488767E+00 1.238901E+01
7.257700E+01 1.489501E+00 1.238963E+01
7.267600E+01 1.490234E+00 1.238574E+01
7.277500E+01 1.490965E+00 1.238636E+01
7.287400E+01 1.491696E+00 1.238699E+01
7.297300E+01 1.492425E+00 1.238762E+01
7.307200E+01 1.493153E+00 1.238825E+01
7.317100E+01 1.493880E+00 1.238440E+01
7.327000E+01 1.494606E+00 1.238504E+01
7.336900E+01 1.495331E+00 1.238569E+01
7.346800E+01 1.496055E+00 1.238634E+01
7.356700E+01 1.496777E+00 1.238699E+01
7.366600E+01 1.497498E+00 1.238318E+01
7.376500E+01 1.498219E+00 1.238384E+01
7.386400E+01 1.498938E+00 1.238450E+01
7.396300E+01 1.499656E+00 1.238517E+01
7.406200E+01 1.500372E+00 1.238139E+01
7.416100E+01 1.501088E+00 1.238207E+01
7.426000E+01 1.501803E+00 1.238275E+01
7.435900E+01 1.502516E+00 1.238343E+01
7.445800E+01 1.503229E+00 1.238411E+01
7.455700E+01 1.503940E+00 1.238037E+01
7.465600E+01 1.504650E+00 1.238107E+01
7.475500E+01 1.505359E+00 1.238176E+01
7.485400E+01 1.506067E+00 1.238246E+01
7.495300E+01 1.506774E+00 1.237875E+01
7.505200E+01 1.507480E+00 1.237946E+01
7.515100E+01 1.508185E+00 1.238017E+01
7.525000E+01 1.508888E+00 1.238089E+01
7.534900E+01 1.509591E+00 1.237721E+01
7.544800E+01 1.510292E+00 1.237793E+01
7.554700E+01 1.510993E+00 1.237866E+01
7.564600E+01 1.511692E+00 1.237939E+01
7.574500E+01 1.512390E+00 1.237573E+01
7.584400E+01 1.513087E+00 1.237647E+01
7.594300E+01 1.513783E+00 1.237721E+01
7.604200E+01 1.514478E+00 1.237796E+01
7.614100E+01 1.515172E+00 1.237433E+01
7.624000E+01 1.515865E+00 1.237509E+01
7.633900E+01 1.516557E+00 1.237584E+01
7.643800E+01 1.517247E+00 1.237660E+01
7.653700E+01 1.517937E+00 1.237300E+01
7.663600E+01 1.518626E+00 1.237377E+01
7.673500E+01 1.519313E+00 1.237454E+01
7.683400E+01 1.520000E+00 1.237531E+01
7.693300E+01 1.520685E+00 1.237174E+01
7.703200E+01 1.521370E+00 1.237252E+01
7.713100E+01 1.522053E+00 1.237331E+01
7.723000E+01 1.522735E+00 1.237409E+01
7.732900E+01 1.523417E+00 1.237055E+01
7.742800E+01 1.524097E+00 1.237134E+01
7.752700E+01 1.524776E+00 1.237214E+01
7.762600E+01 1.525454E+00 1.237294E+01
7.772500E+01 1.526132E+00 1.236943E+01
7.782400E+01 1.526808E+00 1.237023E+01
7.792300E+01 1.527483E+00 1.237104E+01
7.802200E+01 1.528157E+00 1.237186E+01
7.812100E+01 1.528830E+00 1.236837E+01
7.822000E+01 1.529502E+00 1.236919E+01
7.831900E+01 1.530173E+00 1.237001E+01
7.841800E+01 1.530843E+00 1.236654E+01
7.851700E+01 1.531512E+00 1.236737E+01
7.861600E+01 1.532180E+00 1.236821E+01
7.871500E+01 1.532847E+00 1.236904E+01
7.881400E+01 1.533513E+00 1.236560E+01
7.891300E+01 1.534178E+00 1.236644E+01
7.901200E+01 1.534842E+00 1.236729E+01
7.911100E+01 1.535505E+00 1.236814E+01
7.921000E+01 1.536167E+00 1.236472E+01
7.930900E+01 1.536828E+00 1.236558E+01
7.940800E+01 1.537488E+00 1.236644E+01
7.950700E+01 1.538147E+00 1.236304E+01
7.960600E+01 1.538805E+00 1.236391E+01
7.970500E+01 1.539462E+00 1.236478E+01
7.980400E+01 1.540118E+00 1.236565E+01
7.990300E+01 1.540773E+00 1.236227E+01
8.000200E+01 1.541427E+00 1.236315E+01
8.010100E+01 1.542080E+00 1.236403E+01
8.020000E+01 1.542733E+00 1.236068E+01
8.029900E+01 1.543384E+00 1.236157E+01
8.039800E+01 1.544034E+00 1.236246E+01
8.049700E+01 1.544683E+00 1.236335E+01
8.059600E+01 1.545331E+00 1.236002E+01
8.069500E+01 1.545979E+00 1.236092E+01
8.079400E+01 1.546625E+00 1.236183E+01
8.089300E+01 1.547271E+00 1.235851E+01
8.099200E+01 1.547915E+00 1.235942E+01
8.109100E+01 1.548558E+00 1.236034E+01
8.119000E+01 1.549201E+00 1.235704E+01
8.128900E+01 1.549843E+00 1.235796E+01
8.138800E+01 1.550483E+00 1.235888E+01
8.148700E+01 1.551123E+00 1.235981E+01
8.158600E+01 1.551762E+00 1.235654E+01
8.168500E+01 1.552399E+00 1.235747E+01
8.178400E+01 1.553036E+00 1.235840E+01
8.188300E+01 1.553672E+00 1.235515E+01
8.198200E+01 1.554307E+00 1.235609E+01
8.208100E+01 1.554941E+00 1.235703E+01
8.218000E+01 1.555574E+00 1.235380E+01
8.227900E+01 1.556206E+00 1.235475E+01
8.237800E+01 1.556838E+00 1.235570E+01
8.247700E+01 1.557468E+00 1.235248E+01
8.257600E+01 1.558097E+00 1.235344E+01
8.267500E+01 1.558726E+00 1.235440E+01
8.277400E+01 1.559353E+00 1.235120E+01
8.287300E+01 1.559980E+00 1.235217E+01
8.297200E+01 1.560606E+00 1.235314E+01
8.307100E+01 1.561231E+00 1.235411E+01
8.317000E+01 1.561855E+00 1.235093E+01
8.326900E+01 1.562477E+00 1.235191E+01
8.336800E+01 1.563100E+00 1.235289E+01
8.346700E+01 1.563721E+00 1.234973E+01
8.356600E+01 1.564341E+00 1.235072E+01
8.366500E+01 1.564960E+00 1.235170E+01
8.376400E+01 1.565579E+00 1.234856E+01
8.386300E+01 1.566196E+00 1.234956E+01
8.396200E+01 1.566813E+00 1.235055E+01
8.406100E+01 1.567429E+00 1.234743E+01
8.416000E+01 1.568044E+00 1.234843E+01
8.425900E+01 1.568658E+00 1.234943E+01
8.435800E+01 1.569271E+00 1.234633E+01
8.445700E+01 1.569883E+00 1.234734E+01
8.455600E+01 1.570494E+00 1.234835E+01
8.465500E+01 1.571105E+00 1.234526E+01
8.475400E+01 1.571714E+00 1.234628E+01
8.485300E+01 1.572323E+00 1.234730E+01
8.495200E+01 1.572931E+00 1.234423E+01
8.505100E+01 1.573537E+00 1.234525E+01
8.515000E+01 1.574143E+00 1.234628E+01
8.524900E+01 1.574749E+00 1.234322E+01
8.534800E+01 1.575353E+00 1.234426E+01
8.544700E+01 1.575956E+00 1.234529E+01
8.554600E+01 1.576559E+00 1.234225E+01
8.564500E+01 1.577161E+00 1.234329E+01
8.574400E+01 1.577761E+00 1.234027E+01
8.584300E+01 1.578361E+00 1.234131E+01
8.594200E+01 1.578960E+00 1.234236E+01
8.604100E+01 1.579559E+00 1.233935E+01
8.614000E+01 1.580156E+00 1.234041E+01
8.623900E+01 1.580752E+00 1.234146E+01
8.633800E+01 1.581348E+00 1.233847E+01
8.643700E+01 1.581943E+00 1.233953E+01
8.653600E+01 1.582537E+00 1.234059E+01
8.663500E+01 1.583130E+00 1.233761E+01
8.673400E+01 1.583722E+00 1.233868E+01
8.683300E+01 1.584314E+00 1.233976E+01
8.693200E+01 1.584904E+00 1.233679E+01
8.703100E+01 1.585494E+00 1.233787E+01
8.713000E+01 1.586083E+00 1.233895E+01
8.722900E+01 1.586671E+00 1.233600E+01
8.732800E+01 1.587258E+00 1.233708E+01
8.742700E+01 1.587845E+00 1.233415E+01
8.752600E+01 1.588430E+00 1.233524E+01
8.762500E+01 1.589015E+00 1.233633E+01
8.772400E+01 1.589599E+00 1.233341E+01
8.782300E+01 1.590182E+00 1.233450E+01
8.792200E+01 1.590764E+00 1.233560E+01
8.802100E+01 1.591346E+00 1.233269E+01
8.812000E+01 1.591926E+00 1.233380E+01
8.821900E+01 1.592506E+00 1.233491E+01
8.831800E+01 1.593085E+00 1.233201E+01
8.841700E+01 1.593663E+00 1.233312E+01
8.851600E+01 1.594240E+00 1.233024E+01
8.861500E+01 1.594817E+00 1.233136E+01
8.871400E+01 1.595393E+00 1.233248E+01
8.881300E+01 1.595967E+00 1.232961E+01
8.891200E+01 1.596541E+00 1.233073E+01
8.901100E+01 1.597115E+00 1.233186E+01
8.911000E+01 1.597687E+00 1.232901E+01
8.920900E+01 1.598259E+00 1.233014E+01
8.930800E+01 1.598830E+00 1.232730E+01
8.940700E+01 1.599400E+00 1.232843E+01
8.950600E+01 1.599969E+00 1.232957E+01
8.960500E+01 1.600537E+00 1.232674E+01
8.970400E+01 1.601105E+00 1.232788E+01
8.980300E+01 1.601672E+00 1.232507E+01
8.990200E+01 1.602238E+00 1.232622E+01
9.000100E+01 1.602803E+00 1.232736E+01
9.010000E+01 1.603368E+00 1.232456E+01
9.019900E+01 1.603932E+00 1.232572E+01
9.029800E+01 1.604494E+00 1.232687E+01
9.039700E+01 1.605057E+00 1.232408E+01
9.049600E+01 1.605618E+00 1.232524E+01
9.059500E+01 1.606179E+00 1.232246E+01
9.069400E+01 1.606738E+00 1.232363E+01
9.079300E+01 1.607297E+00 1.232480E+01
9.089200E+01 1.607856E+00 1.232203E+01
9.099100E+01 1.608413E+00 1.232320E+01
9.109000E+01 1.608970E+00 1.232045E+01
9.118900E+01 1.609526E+00 1.232163E+01
9.128800E+01 1.610081E+00 1.232281E+01
9.138700E+01 1.610635E+00 1.232006E+01
9.148600E+01 1.611189E+00 1.232125E+01
9.158500E+01 1.611741E+00 1.231852E+01
9.168400E+01 1.612294E+00 1.231970E+01
9.178300E+01 1.612845E+00 1.232089E+01
9.188200E+01 1.613395E+00 1.231818E+01
9.198100E+01 1.613945E+00 1.231937E+01
9.208000E+01 1.614494E+00 1.231666E+01
9.217900E+01 1.615042E+00 1.231786E+01
9.227800E+01 1.615590E+00 1.231906E+01
9.237700E+01 1.616137E+00 1.231637E+01
9.247600E+01 1.616683E+00 1.231757E+01
9.257500E+01 1.617228E+00 1.231489E+01
9.267400E+01 1.617772E+00 1.231610E+01
9.277300E+01 1.618316E+00 1.231731E+01
9.287200E+01 1.618859E+00 1.231463E+01
9.297100E+01 1.619401E+00 1.231585E+01
9.307000E+01 1.619943E+00 1.231319E+01
9.316900E+01 1.620484E+00 1.231441E+01
9.326800E+01 1.621024E+00 1.231175E+01
9.336700E+01 1.621563E+00 1.231298E+01
9.346600E+01 1.622102E+00 1.231420E+01
9.356500E+01 1.622639E+00 1.231156E+01
9.366400E+01 1.623176E+00 1.231279E+01
9.376300E+01 1.623713E+00 1.231016E+01
9.386200E+01 1.624248E+00 1.231140E+01
9.396100E+01 1.624783E+00 1.231263E+01
9.406000E+01 1.625317E+00 1.231002E+01
9.415900E+01 1.625851E+00 1.231126E+01
9.425800E+01 1.626383E+00 1.230865E+01
9.435700E+01 1.626915E+00 1.230989E+01
9.445600E+01 1.627447E+00 1.230729E+01
9.455500E+01 1.627977E+00 1.230854E+01
9.465400E+01 1.628507E+00 1.230979E+01
9.475300E+01 1.629036E+00 1.230720E+01
9.485200E+01 1.629564E+00 1.230846E+01
9.495100E+01 1.630092E+00 1.230588E+01
9.505000E+01 1.630619E+00 1.230714E+01
9.514900E+01 1.631145E+00 1.230457E+01
9.524800E+01 1.631671E+00 1.230583E+01
9.534700E+01 1.632196E+00 1.230710E+01
9.544600E+01 1.632720E+00 1.230454E+01
9.554500E+01 1.633243E+00 1.230581E+01
9.564400E+01 1.633766E+00 1.230326E+01
9.574300E+01 1.634288E+00 1.230453E+01
9.584200E+01 1.634809E+00 1.230199E+01
9.594100E+01 1.635329E+00 1.230327E+01
9.604000E+01 1.635849E+00 1.230455E+01
9.613900E+01 1.636368E+00 1.230202E+01
9.623800E+01 1.636887E+00 1.230330E+01
9.633700E+01 1.637405E+00 1.230078E+01
9.643600E+01 1.637922E+00 1.230207E+01
9.653500E+01 1.638438E+00 1.229956E+01
9.663400E+01 1.638954E+00 1.230085E+01
9.673300E+01 1.639469E+00 1.229835E+01
9.683200E+01 1.639983E+00 1.229964E+01
9.693100E+01 1.640497E+00 1.230093E+01
9.703000E+01 1.641009E+00 1.229845E+01
9.712900E+01 1.641522E+00 1.229974E+01
9.722800E+01 1.642033E+00 1.229726E+01
9.732700E+01 1.642544E+00 1.229857E+01
9.742600E+01 1.643054E+00 1.229609E+01
9.752500E+01 1.643564E+00 1.229740E+01
9.762400E+01 1.644072E+00 1.229494E+01
9.772300E+01 1.644581E+00 1.229625E+01
9.782200E+01 1.645088E+00 1.229379E+01
9.792100E+01 1.645595E+00 1.229510E+01
9.802000E+01 1.646101E+00 1.229642E+01
9.811900E+01 1.646606E+00 1.229397E+01
9.821800E+01 1.647111E+00 1.229529E+01
9.831700E+01 1.647615E+00 1.229286E+01
9.841600E+01 1.648118E+00 1.229418E+01
9.851500E+01 1.648621E+00 1.229175E+01
9.861400E+01 1.649123E+00 1.229308E+01
9.871300E+01 1.649625E+00 1.229066E+01
9.881200E+01 1.650125E+00 1.229199E+01
9.891100E+01 1.650625E+00 1.228958E+01
9.901000E+01 1.651125E+00 1.229091E+01
9.910900E+01 1.651624E+00 1.229225E+01
9.920800E+01 1.652122E+00 1.228985E+01
9.930700E+01 1.652619E+00 1.229118E+01
9.940600E+01 1.653116E+00 1.228879E+01
9.950500E+01 1.653612E+00 1.229013E+01
9.960400E+01 1.654107E+00 1.228775E+01
9.970300E+01 1.654602E+00 1.228910E+01
9.980200E+01 1.655096E+00 1.228672E+01
9.990100E+01 1.655590E+00 1.228807E+01
