1.000000E+00 1.365334E-01 2.221400E+01
1.099000E+00 1.437663E-01 1.914042E+01
1.198000E+00 1.509446E-01 1.802216E+01
1.297000E+00 1.580593E-01 1.741585E+01
1.396000E+00 1.651043E-01 1.694028E+01
1.495000E+00 1.720767E-01 1.656241E+01
1.594000E+00 1.789753E-01 1.625937E+01
1.693000E+00 1.857995E-01 1.592508E+01
1.792000E+00 1.925498E-01 1.564911E+01
1.891000E+00 1.992272E-01 1.541983E+01
1.990000E+00 2.058325E-01 1.522848E+01
2.089000E+00 2.123672E-01 1.506833E+01
2.188000E+00 2.188325E-01 1.486840E+01
2.287000E+00 2.252301E-01 1.475897E+01
2.386000E+00 2.315614E-01 1.460796E+01
2.485000E+00 2.378279E-01 1.447746E+01
2.584000E+00 2.440314E-01 1.441913E+01
2.683000E+00 2.501730E-01 1.431914E+01
2.782000E+00 2.562544E-01 1.423249E+01
2.881000E+00 2.622770E-01 1.415748E+01
2.980000E+00 2.682420E-01 1.404550E+01
3.079000E+00 2.741510E-01 1.399114E+01
3.178000E+00 2.800051E-01 1.394462E+01
3.277000E+00 2.858056E-01 1.386218E+01
3.376000E+00 2.915538E-01 1.382999E+01
3.475000E+00 2.972508E-01 1.376277E+01
3.574000E+00 3.028977E-01 1.370261E+01
3.673000E+00 3.084957E-01 1.368708E+01
3.772000E+00 3.140457E-01 1.363798E+01
3.871000E+00 3.195489E-01 1.359413E+01
3.970000E+00 3.250061E-01 1.355505E+01
4.069000E+00 3.304183E-01 1.352029E+01
4.168000E+00 3.357864E-01 1.348949E+01
4.267000E+00 3.411113E-01 1.346230E+01
4.366000E+00 3.463939E-01 1.343842E+01
4.465000E+00 3.516349E-01 1.341758E+01
4.564000E+00 3.568353E-01 1.339954E+01
4.663000E+00 3.619956E-01 1.338409E+01
4.762000E+00 3.671166E-01 1.334077E+01
4.861000E+00 3.721992E-01 1.333041E+01
4.960000E+00 3.772440E-01 1.332207E+01
5.059000E+00 3.822516E-01 1.328691E+01
5.158000E+00 3.872228E-01 1.328262E+01
5.257000E+00 3.921580E-01 1.325218E+01
5.356000E+00 3.970580E-01 1.325137E+01
5.455000E+00 4.019233E-01 1.322505E+01
5.554000E+00 4.067546E-01 1.322726E+01
5.653000E+00 4.115524E-01 1.320455E+01
5.752000E+00 4.163171E-01 1.318369E+01
5.851000E+00 4.210495E-01 1.318986E+01
5.950000E+00 4.257499E-01 1.317197E+01
6.049000E+00 4.304188E-01 1.315563E+01
6.148000E+00 4.350568E-01 1.316504E+01
6.247000E+00 4.396643E-01 1.315117E+01
6.346000E+00 4.442417E-01 1.313860E+01
6.445000E+00 4.487895E-01 1.312726E+01
6.544000E+00 4.533083E-01 1.311707E+01
6.643000E+00 4.577983E-01 1.310797E+01
6.742000E+00 4.622599E-01 1.309991E+01
6.841000E+00 4.666937E-01 1.309283E+01
6.940000E+00 4.711001E-01 1.308667E+01
7.039000E+00 4.754792E-01 1.308139E+01
7.138000E+00 4.798316E-01 1.307695E+01
7.237000E+00 4.841576E-01 1.307329E+01
7.336000E+00 4.884575E-01 1.307039E+01
7.435000E+00 4.927318E-01 1.306821E+01
7.534000E+00 4.969808E-01 1.304608E+01
7.633000E+00 5.012047E-01 1.304543E+01
7.732000E+00 5.054039E-01 1.304538E+01
7.831000E+00 5.095787E-01 1.304592E+01
7.930000E+00 5.137295E-01 1.304701E+01
8.029000E+00 5.178565E-01 1.302901E+01
8.128000E+00 5.219601E-01 1.303131E+01
8.227000E+00 5.260404E-01 1.303409E+01
8.326000E+00 5.300979E-01 1.301825E+01
8.425000E+00 5.341327E-01 1.302208E+01
8.524000E+00 5.381452E-01 1.302633E+01
8.623000E+00 5.421356E-01 1.301240E+01
8.722000E+00 5.461042E-01 1.301757E+01
8.821000E+00 5.500511E-01 1.300485E+01
8.920000E+00 5.539768E-01 1.301086E+01
9.019000E+00 5.578814E-01 1.299926E+01
9.118000E+00 5.617652E-01 1.300604E+01
9.217000E+00 5.656283E-01 1.299547E+01
9.316000E+00 5.694712E-01 1.300296E+01
9.415000E+00 5.732939E-01 1.299334E+01
9.514000E+00 5.770966E-01 1.300148E+01
9.613000E+00 5.808796E-01 1.299276E+01
9.712000E+00 5.846432E-01 1.298454E+01
9.811000E+00 5.883875E-01 1.299360E+01
9.910000E+00 5.921127E-01 1.298617E+01
1.000900E+01 5.958190E-01 1.297919E+01
1.010800E+01 5.995066E-01 1.298908E+01
1.020700E+01 6.031757E-01 1.298280E+01
1.030600E+01 6.068266E-01 1.297693E+01
1.040500E+01 6.104594E-01 1.298755E+01
1.050400E+01 6.140743E-01 1.298232E+01
1.060300E+01 6.176714E-01 1.297746E+01
1.070200E+01 6.212510E-01 1.297295E+01
1.080100E+01 6.248133E-01 1.298444E+01
1.090000E+01 6.283583E-01 1.298048E+01
1.099900E+01 6.318863E-01 1.297685E+01
1.109800E+01 6.353974E-01 1.297352E+01
1.119700E+01 6.388918E-01 1.297050E+01
1.129600E+01 6.423696E-01 1.298293E+01
1.139500E+01 6.458311E-01 1.298037E+01
1.149400E+01 6.492763E-01 1.297809E+01
1.159300E+01 6.527054E-01 1.297608E+01
1.169200E+01 6.561186E-01 1.297432E+01
1.179100E+01 6.595160E-01 1.297282E+01
1.189000E+01 6.628978E-01 1.297155E+01
1.198900E+01 6.662640E-01 1.297052E+01
1.208800E+01 6.696150E-01 1.296972E+01
1.218700E+01 6.729507E-01 1.296913E+01
1.228600E+01 6.762713E-01 1.296877E+01
1.238500E+01 6.795770E-01 1.296860E+01
1.248400E+01 6.828679E-01 1.296864E+01
1.258300E+01 6.861442E-01 1.296888E+01
1.268200E+01 6.894058E-01 1.296931E+01
1.278100E+01 6.926531E-01 1.296992E+01
1.288000E+01 6.958861E-01 1.297071E+01
1.297900E+01 6.991049E-01 1.297167E+01
1.307800E+01 7.023096E-01 1.297281E+01
1.317700E+01 7.055005E-01 1.297411E+01
1.327600E+01 7.086775E-01 1.297557E+01
1.337500E+01 7.118409E-01 1.297719E+01
1.347400E+01 7.149906E-01 1.296560E+01
1.357300E+01 7.181270E-01 1.296759E+01
1.367200E+01 7.212500E-01 1.296971E+01
1.377100E+01 7.243597E-01 1.297197E+01
1.387000E+01 7.274564E-01 1.297437E+01
1.396900E+01 7.305400E-01 1.297690E+01
1.406800E+01 7.336107E-01 1.296661E+01
1.416700E+01 7.366686E-01 1.296945E+01
1.426600E+01 7.397138E-01 1.297241E+01
1.436500E+01 7.427464E-01 1.297550E+01
1.446400E+01 7.457665E-01 1.297869E+01
1.456300E+01 7.487742E-01 1.296936E+01
1.466200E+01 7.517696E-01 1.297283E+01
1.476100E+01 7.547528E-01 1.297641E+01
1.486000E+01 7.577238E-01 1.296763E+01
1.495900E+01 7.606828E-01 1.297146E+01
1.505800E+01 7.636300E-01 1.297539E+01
1.515700E+01 7.665652E-01 1.297941E+01
1.525600E+01 7.694887E-01 1.297130E+01
1.535500E+01 7.724006E-01 1.297555E+01
1.545400E+01 7.753009E-01 1.297989E+01
1.555300E+01 7.781897E-01 1.297225E+01
1.565200E+01 7.810671E-01 1.297681E+01
1.575100E+01 7.839332E-01 1.298145E+01
1.585000E+01 7.867881E-01 1.297425E+01
1.594900E+01 7.896318E-01 1.297909E+01
1.604800E+01 7.924645E-01 1.297220E+01
1.614700E+01 7.952862E-01 1.297722E+01
1.624600E+01 7.980970E-01 1.298232E+01
1.634500E+01 8.008969E-01 1.297583E+01
1.644400E+01 8.036862E-01 1.298111E+01
1.654300E+01 8.064647E-01 1.297489E+01
1.664200E+01 8.092327E-01 1.298033E+01
1.674100E+01 8.119901E-01 1.297438E+01
1.684000E+01 8.147372E-01 1.297998E+01
1.693900E+01 8.174738E-01 1.298565E+01
1.703800E+01 8.202002E-01 1.298004E+01
1.713700E+01 8.229163E-01 1.298585E+01
1.723600E+01 8.256223E-01 1.298048E+01
1.733500E+01 8.283182E-01 1.298644E+01
1.743400E+01 8.310041E-01 1.298130E+01
1.753300E+01 8.336801E-01 1.298739E+01
1.763200E+01 8.363461E-01 1.298247E+01
1.773100E+01 8.390024E-01 1.298870E+01
1.783000E+01 8.416490E-01 1.298399E+01
1.792900E+01 8.442859E-01 1.297941E+01
1.802800E+01 8.469131E-01 1.298584E+01
1.812700E+01 8.495309E-01 1.298146E+01
1.822600E+01 8.521391E-01 1.298800E+01
1.832500E+01 8.547380E-01 1.298381E+01
1.842400E+01 8.573274E-01 1.299047E+01
1.852300E+01 8.599076E-01 1.298646E+01
1.862200E+01 8.624786E-01 1.298257E+01
1.872100E+01 8.650404E-01 1.298940E+01
1.882000E+01 8.675931E-01 1.298568E+01
1.891900E+01 8.701367E-01 1.299261E+01
1.901800E+01 8.726714E-01 1.298907E+01
1.911700E+01 8.751971E-01 1.298562E+01
1.921600E+01 8.777139E-01 1.299270E+01
1.931500E+01 8.802219E-01 1.298942E+01
1.941400E+01 8.827212E-01 1.298624E+01
1.951300E+01 8.852117E-01 1.299347E+01
1.961200E+01 8.876936E-01 1.299043E+01
1.971100E+01 8.901669E-01 1.298750E+01
1.981000E+01 8.926317E-01 1.299486E+01
1.990900E+01 8.950879E-01 1.299206E+01
2.000800E+01 8.975358E-01 1.298936E+01
2.010700E+01 8.999752E-01 1.299685E+01
2.020600E+01 9.024063E-01 1.299428E+01
2.030500E+01 9.048292E-01 1.299179E+01
2.040400E+01 9.072438E-01 1.299940E+01
2.050300E+01 9.096502E-01 1.299705E+01
2.060200E+01 9.120485E-01 1.299477E+01
2.070100E+01 9.144387E-01 1.299258E+01
2.080000E+01 9.168209E-01 1.300034E+01
2.089900E+01 9.191951E-01 1.299827E+01
2.099800E+01 9.215614E-01 1.299627E+01
2.109700E+01 9.239198E-01 1.299435E+01
2.119600E+01 9.262703E-01 1.300225E+01
2.129500E+01 9.286131E-01 1.300044E+01
2.139400E+01 9.309481E-01 1.299870E+01
2.149300E+01 9.332754E-01 1.299703E+01
2.159200E+01 9.355951E-01 1.299544E+01
2.169100E+01 9.379071E-01 1.300351E+01
2.179000E+01 9.402116E-01 1.300201E+01
2.188900E+01 9.425085E-01 1.300058E+01
2.198800E+01 9.447980E-01 1.299922E+01
2.208700E+01 9.470801E-01 1.299792E+01
2.218600E+01 9.493547E-01 1.300614E+01
2.228500E+01 9.516220E-01 1.300494E+01
2.238400E+01 9.538820E-01 1.300379E+01
2.248300E+01 9.561348E-01 1.300271E+01
2.258200E+01 9.583803E-01 1.300168E+01
2.268100E+01 9.606186E-01 1.300072E+01
2.278000E+01 9.628498E-01 1.299981E+01
2.287900E+01 9.650739E-01 1.300822E+01
2.297800E+01 9.672910E-01 1.300740E+01
2.307700E+01 9.695010E-01 1.300663E+01
2.317600E+01 9.717040E-01 1.300592E+01
2.327500E+01 9.739001E-01 1.300526E+01
2.337400E+01 9.760893E-01 1.300465E+01
2.347300E+01 9.782716E-01 1.300409E+01
2.357200E+01 9.804471E-01 1.300359E+01
2.367100E+01 9.826158E-01 1.300314E+01
2.377000E+01 9.847777E-01 1.300273E+01
2.386900E+01 9.869329E-01 1.301139E+01
2.396800E+01 9.890815E-01 1.301105E+01
2.406700E+01 9.912234E-01 1.301077E+01
2.416600E+01 9.933587E-01 1.301053E+01
2.426500E+01 9.954874E-01 1.301034E+01
2.436400E+01 9.976096E-01 1.301019E+01
2.446300E+01 9.997252E-01 1.301009E+01
2.456200E+01 1.001834E+00 1.301004E+01
2.466100E+01 1.003937E+00 1.301003E+01
2.476000E+01 1.006034E+00 1.301006E+01
2.485900E+01 1.008124E+00 1.301013E+01
2.495800E+01 1.010207E+00 1.301025E+01
2.505700E+01 1.012285E+00 1.301040E+01
2.515600E+01 1.014356E+00 1.301060E+01
2.525500E+01 1.016421E+00 1.301084E+01
2.535400E+01 1.018479E+00 1.301112E+01
2.545300E+01 1.020532E+00 1.301143E+01
2.555200E+01 1.022578E+00 1.301179E+01
2.565100E+01 1.024619E+00 1.301218E+01
2.575000E+01 1.026653E+00 1.301261E+01
2.584900E+01 1.028681E+00 1.301308E+01
2.594800E+01 1.030703E+00 1.301359E+01
2.604700E+01 1.032719E+00 1.301413E+01
2.614600E+01 1.034729E+00 1.301470E+01
2.624500E+01 1.036734E+00 1.301531E+01
2.634400E+01 1.038732E+00 1.301596E+01
2.644300E+01 1.040725E+00 1.301664E+01
2.654200E+01 1.042712E+00 1.301735E+01
2.664100E+01 1.044692E+00 1.301810E+01
2.674000E+01 1.046668E+00 1.301888E+01
2.683900E+01 1.048637E+00 1.301969E+01
2.693800E+01 1.050601E+00 1.301222E+01
2.703700E+01 1.052559E+00 1.301311E+01
2.713600E+01 1.054511E+00 1.301404E+01
2.723500E+01 1.056458E+00 1.301499E+01
2.733400E+01 1.058399E+00 1.301598E+01
2.743300E+01 1.060335E+00 1.301700E+01
2.753200E+01 1.062265E+00 1.301804E+01
2.763100E+01 1.064189E+00 1.301912E+01
2.773000E+01 1.066109E+00 1.302022E+01
2.782900E+01 1.068022E+00 1.302136E+01
2.792800E+01 1.069930E+00 1.301439E+01
2.802700E+01 1.071833E+00 1.301560E+01
2.812600E+01 1.073730E+00 1.301683E+01
2.822500E+01 1.075622E+00 1.301809E+01
2.832400E+01 1.077509E+00 1.301937E+01
2.842300E+01 1.079390E+00 1.302069E+01
2.852200E+01 1.081267E+00 1.302202E+01
2.862100E+01 1.083137E+00 1.301539E+01
2.872000E+01 1.085003E+00 1.301680E+01
2.881900E+01 1.086863E+00 1.301823E+01
2.891800E+01 1.088719E+00 1.301968E+01
2.901700E+01 1.090569E+00 1.302116E+01
2.911600E+01 1.092414E+00 1.302266E+01
2.921500E+01 1.094253E+00 1.302419E+01
2.931400E+01 1.096088E+00 1.301787E+01
2.941300E+01 1.097918E+00 1.301945E+01
2.951200E+01 1.099742E+00 1.302107E+01
2.961100E+01 1.101562E+00 1.302270E+01
2.971000E+01 1.103377E+00 1.302436E+01
2.980900E+01 1.105186E+00 1.301824E+01
2.990800E+01 1.106991E+00 1.301996E+01
3.000700E+01 1.108791E+00 1.302169E+01
3.010600E+01 1.110586E+00 1.302345E+01
3.020500E+01 1.112376E+00 1.302523E+01
3.030400E+01 1.114161E+00 1.301932E+01
3.040300E+01 1.115941E+00 1.302115E+01
3.050200E+01 1.117717E+00 1.302301E+01
3.060100E+01 1.119488E+00 1.302488E+01
3.070000E+01 1.121254E+00 1.301913E+01
3.079900E+01 1.123015E+00 1.302106E+01
3.089800E+01 1.124771E+00 1.302300E+01
3.099700E+01 1.126523E+00 1.302497E+01
3.109600E+01 1.128270E+00 1.301937E+01
3.119500E+01 1.130013E+00 1.302138E+01
3.129400E+01 1.131751E+00 1.302342E+01
3.139300E+01 1.133484E+00 1.302547E+01
3.149200E+01 1.135213E+00 1.302002E+01
3.159100E+01 1.136937E+00 1.302212E+01
3.169000E+01 1.138656E+00 1.302423E+01
3.178900E+01 1.140371E+00 1.302636E+01
3.188800E+01 1.142082E+00 1.302106E+01
3.198700E+01 1.143788E+00 1.302324E+01
3.208600E+01 1.145489E+00 1.302543E+01
3.218500E+01 1.147186E+00 1.302023E+01
3.228400E+01 1.148879E+00 1.302247E+01
3.238300E+01 1.150567E+00 1.302473E+01
3.248200E+01 1.152251E+00 1.302700E+01
3.258100E+01 1.153930E+00 1.302193E+01
3.268000E+01 1.155605E+00 1.302425E+01
3.277900E+01 1.157276E+00 1.302658E+01
3.287800E+01 1.158943E+00 1.302161E+01
3.297700E+01 1.160605E+00 1.302398E+01
3.307600E+01 1.162263E+00 1.302637E+01
3.317500E+01 1.163916E+00 1.302150E+01
3.327400E+01 1.165565E+00 1.302392E+01
3.337300E+01 1.167210E+00 1.302636E+01
3.347200E+01 1.168851E+00 1.302159E+01
3.357100E+01 1.170488E+00 1.302407E+01
3.367000E+01 1.172121E+00 1.302656E+01
3.376900E+01 1.173749E+00 1.302188E+01
3.386800E+01 1.175373E+00 1.302441E+01
3.396700E+01 1.176993E+00 1.302695E+01
3.406600E+01 1.178609E+00 1.302236E+01
3.416500E+01 1.180221E+00 1.302494E+01
3.426400E+01 1.181829E+00 1.302753E+01
3.436300E+01 1.183433E+00 1.302303E+01
3.446200E+01 1.185032E+00 1.302565E+01
3.456100E+01 1.186628E+00 1.302829E+01
3.466000E+01 1.188220E+00 1.302388E+01
3.475900E+01 1.189808E+00 1.302655E+01
3.485800E+01 1.191391E+00 1.302219E+01
3.495700E+01 1.192971E+00 1.302490E+01
3.505600E+01 1.194547E+00 1.302762E+01
3.515500E+01 1.196119E+00 1.302334E+01
3.525400E+01 1.197687E+00 1.302609E+01
3.535300E+01 1.199251E+00 1.302188E+01
3.545200E+01 1.200811E+00 1.302466E+01
3.555100E+01 1.202368E+00 1.302745E+01
3.565000E+01 1.203920E+00 1.302331E+01
3.574900E+01 1.205469E+00 1.302614E+01
3.584800E+01 1.207014E+00 1.302206E+01
3.594700E+01 1.208555E+00 1.302491E+01
3.604600E+01 1.210093E+00 1.302778E+01
3.614500E+01 1.211626E+00 1.302377E+01
3.624400E+01 1.213156E+00 1.302666E+01
3.634300E+01 1.214682E+00 1.302271E+01
3.644200E+01 1.216205E+00 1.302563E+01
3.654100E+01 1.217723E+00 1.302173E+01
3.664000E+01 1.219238E+00 1.302468E+01
3.673900E+01 1.220750E+00 1.302764E+01
3.683800E+01 1.222257E+00 1.302381E+01
3.693700E+01 1.223761E+00 1.302680E+01
3.703600E+01 1.225262E+00 1.302302E+01
3.713500E+01 1.226759E+00 1.302604E+01
3.723400E+01 1.228252E+00 1.302231E+01
3.733300E+01 1.229741E+00 1.302535E+01
3.743200E+01 1.231227E+00 1.302167E+01
3.753100E+01 1.232710E+00 1.302473E+01
3.763000E+01 1.234189E+00 1.302110E+01
3.772900E+01 1.235664E+00 1.302419E+01
3.782800E+01 1.237136E+00 1.302729E+01
3.792700E+01 1.238604E+00 1.302372E+01
3.802600E+01 1.240069E+00 1.302685E+01
3.812500E+01 1.241531E+00 1.302333E+01
3.822400E+01 1.242989E+00 1.302647E+01
3.832300E+01 1.244443E+00 1.302300E+01
3.842200E+01 1.245894E+00 1.302617E+01
3.852100E+01 1.247342E+00 1.302274E+01
3.862000E+01 1.248786E+00 1.302593E+01
3.871900E+01 1.250227E+00 1.302255E+01
3.881800E+01 1.251664E+00 1.302577E+01
3.891700E+01 1.253098E+00 1.302242E+01
3.901600E+01 1.254529E+00 1.302566E+01
3.911500E+01 1.255956E+00 1.302236E+01
3.921400E+01 1.257380E+00 1.302562E+01
3.931300E+01 1.258801E+00 1.302237E+01
3.941200E+01 1.260218E+00 1.302565E+01
3.951100E+01 1.261633E+00 1.302243E+01
3.961000E+01 1.263043E+00 1.302573E+01
3.970900E+01 1.264451E+00 1.302256E+01
3.980800E+01 1.265855E+00 1.301941E+01
3.990700E+01 1.267256E+00 1.302275E+01
4.000600E+01 1.268654E+00 1.301964E+01
4.010500E+01 1.270049E+00 1.302300E+01
4.020400E+01 1.271440E+00 1.301993E+01
4.030300E+01 1.272828E+00 1.302330E+01
4.040200E+01 1.274213E+00 1.302028E+01
4.050100E+01 1.275595E+00 1.302367E+01
4.060000E+01 1.276974E+00 1.302068E+01
4.069900E+01 1.278349E+00 1.302409E+01
4.079800E+01 1.279722E+00 1.302114E+01
4.089700E+01 1.281091E+00 1.301821E+01
4.099600E+01 1.282457E+00 1.302165E+01
4.109500E+01 1.283820E+00 1.301876E+01
4.119400E+01 1.285180E+00 1.302222E+01
4.129300E+01 1.286537E+00 1.301937E+01
4.139200E+01 1.287891E+00 1.302285E+01
4.149100E+01 1.289241E+00 1.302002E+01
4.159000E+01 1.290589E+00 1.301723E+01
4.168900E+01 1.291934E+00 1.302074E+01
4.178800E+01 1.293275E+00 1.301797E+01
4.188700E+01 1.294614E+00 1.302150E+01
4.198600E+01 1.295949E+00 1.301877E+01
4.208500E+01 1.297282E+00 1.302231E+01
4.218400E+01 1.298612E+00 1.301962E+01
4.228300E+01 1.299938E+00 1.301694E+01
4.238200E+01 1.301262E+00 1.302051E+01
4.248100E+01 1.302583E+00 1.301787E+01
4.258000E+01 1.303901E+00 1.302146E+01
4.267900E+01 1.305215E+00 1.301885E+01
4.277800E+01 1.306527E+00 1.301627E+01
4.287700E+01 1.307836E+00 1.301988E+01
4.297600E+01 1.309143E+00 1.301732E+01
4.307500E+01 1.310446E+00 1.302095E+01
4.317400E+01 1.311746E+00 1.301843E+01
4.327300E+01 1.313044E+00 1.301593E+01
4.337200E+01 1.314338E+00 1.301957E+01
4.347100E+01 1.315630E+00 1.301710E+01
4.357000E+01 1.316919E+00 1.301465E+01
4.366900E+01 1.318205E+00 1.301833E+01
4.376800E+01 1.319489E+00 1.301591E+01
4.386700E+01 1.320769E+00 1.301960E+01
4.396600E+01 1.322047E+00 1.301721E+01
4.406500E+01 1.323322E+00 1.301483E+01
4.416400E+01 1.324594E+00 1.301854E+01
4.426300E+01 1.325863E+00 1.301620E+01
4.436200E+01 1.327130E+00 1.301388E+01
4.446100E+01 1.328394E+00 1.301761E+01
4.456000E+01 1.329655E+00 1.301532E+01
4.465900E+01 1.330914E+00 1.301305E+01
4.475800E+01 1.332169E+00 1.301680E+01
4.485700E+01 1.333422E+00 1.301455E+01
4.495600E+01 1.334672E+00 1.301232E+01
4.505500E+01 1.335920E+00 1.301610E+01
4.515400E+01 1.337165E+00 1.301390E+01
4.525300E+01 1.338407E+00 1.301172E+01
4.535200E+01 1.339647E+00 1.301551E+01
4.545100E+01 1.340884E+00 1.301336E+01
4.555000E+01 1.342118E+00 1.301122E+01
4.564900E+01 1.343350E+00 1.301503E+01
4.574800E+01 1.344579E+00 1.301292E+01
4.584700E+01 1.345805E+00 1.301083E+01
4.594600E+01 1.347029E+00 1.301466E+01
4.604500E+01 1.348250E+00 1.301259E+01
4.614400E+01 1.349469E+00 1.301054E+01
4.624300E+01 1.350685E+00 1.301439E+01
4.634200E+01 1.351898E+00 1.301237E+01
4.644100E+01 1.353109E+00 1.301036E+01
4.654000E+01 1.354317E+00 1.301423E+01
4.663900E+01 1.355523E+00 1.301224E+01
4.673800E+01 1.356726E+00 1.301028E+01
4.683700E+01 1.357927E+00 1.300832E+01
4.693600E+01 1.359125E+00 1.301222E+01
4.703500E+01 1.360321E+00 1.301029E+01
4.713400E+01 1.361514E+00 1.300838E+01
4.723300E+01 1.362704E+00 1.301230E+01
4.733200E+01 1.363893E+00 1.301041E+01
4.743100E+01 1.365078E+00 1.300853E+01
4.753000E+01 1.366261E+00 1.300668E+01
4.762900E+01 1.367442E+00 1.301062E+01
4.772800E+01 1.368620E+00 1.300878E+01
4.782700E+01 1.369796E+00 1.300696E+01
4.792600E+01 1.370970E+00 1.301092E+01
4.802500E+01 1.372141E+00 1.300912E+01
4.812400E+01 1.373309E+00 1.300734E+01
4.822300E+01 1.374475E+00 1.300557E+01
4.832200E+01 1.375639E+00 1.300955E+01
4.842100E+01 1.376800E+00 1.300781E+01
4.852000E+01 1.377959E+00 1.300608E+01
4.861900E+01 1.379116E+00 1.300436E+01
4.871800E+01 1.380270E+00 1.300836E+01
4.881700E+01 1.381421E+00 1.300667E+01
4.891600E+01 1.382571E+00 1.300499E+01
4.901500E+01 1.383718E+00 1.300332E+01
4.911400E+01 1.384863E+00 1.300734E+01
4.921300E+01 1.386005E+00 1.300570E+01
4.931200E+01 1.387145E+00 1.300407E+01
4.941100E+01 1.388283E+00 1.300245E+01
4.951000E+01 1.389418E+00 1.300649E+01
4.960900E+01 1.390551E+00 1.300489E+01
4.970800E+01 1.391682E+00 1.300331E+01
4.980700E+01 1.392810E+00 1.300174E+01
4.990600E+01 1.393936E+00 1.300580E+01
5.000500E+01 1.395060E+00 1.300425E+01
5.010400E+01 1.396182E+00 1.300272E+01
5.020300E+01 1.397301E+00 1.300119E+01
5.030200E+01 1.398418E+00 1.299968E+01
5.040100E+01 1.399533E+00 1.300377E+01
5.050000E+01 1.400646E+00 1.300228E+01
5.059900E+01 1.401756E+00 1.300080E+01
5.069800E+01 1.402864E+00 1.299934E+01
5.079700E+01 1.403970E+00 1.300344E+01
5.089600E+01 1.405074E+00 1.300199E+01
5.099500E+01 1.406175E+00 1.300056E+01
5.109400E+01 1.407275E+00 1.299914E+01
5.119300E+01 1.408372E+00 1.299773E+01
5.129200E+01 1.409467E+00 1.300186E+01
5.139100E+01 1.410559E+00 1.300047E+01
5.149000E+01 1.411650E+00 1.299909E+01
5.158900E+01 1.412738E+00 1.299772E+01
5.168800E+01 1.413825E+00 1.299637E+01
5.178700E+01 1.414909E+00 1.300052E+01
5.188600E+01 1.415991E+00 1.299918E+01
5.198500E+01 1.417070E+00 1.299786E+01
5.208400E+01 1.418148E+00 1.299655E+01
5.218300E+01 1.419223E+00 1.299525E+01
5.228200E+01 1.420297E+00 1.299942E+01
5.238100E+01 1.421368E+00 1.299813E+01
5.248000E+01 1.422437E+00 1.299686E+01
5.257900E+01 1.423504E+00 1.299560E+01
5.267800E+01 1.424569E+00 1.299435E+01
5.277700E+01 1.425632E+00 1.299312E+01
5.287600E+01 1.426693E+00 1.299731E+01
5.297500E+01 1.427752E+00 1.299609E+01
5.307400E+01 1.428808E+00 1.299488E+01
5.317300E+01 1.429863E+00 1.299368E+01
5.327200E+01 1.430915E+00 1.299249E+01
5.337100E+01 1.431966E+00 1.299132E+01
5.347000E+01 1.433014E+00 1.299553E+01
5.356900E+01 1.434061E+00 1.299437E+01
5.366800E+01 1.435105E+00 1.299323E+01
5.376700E+01 1.436147E+00 1.299209E+01
5.386600E+01 1.437188E+00 1.299096E+01
5.396500E+01 1.438226E+00 1.298984E+01
5.406400E+01 1.439262E+00 1.299408E+01
5.416300E+01 1.440296E+00 1.299298E+01
5.426200E+01 1.441329E+00 1.299189E+01
5.436100E+01 1.442359E+00 1.299081E+01
5.446000E+01 1.443387E+00 1.298974E+01
5.455900E+01 1.444414E+00 1.298868E+01
5.465800E+01 1.445438E+00 1.298763E+01
5.475700E+01 1.446460E+00 1.299189E+01
5.485600E+01 1.447481E+00 1.299086E+01
5.495500E+01 1.448499E+00 1.298983E+01
5.505400E+01 1.449516E+00 1.298882E+01
5.515300E+01 1.450530E+00 1.298781E+01
5.525200E+01 1.451543E+00 1.298682E+01
5.535100E+01 1.452554E+00 1.298583E+01
5.545000E+01 1.453563E+00 1.298486E+01
5.554900E+01 1.454569E+00 1.298915E+01
5.564800E+01 1.455574E+00 1.298819E+01
5.574700E+01 1.456577E+00 1.298723E+01
5.584600E+01 1.457579E+00 1.298629E+01
5.594500E+01 1.458578E+00 1.298536E+01
5.604400E+01 1.459575E+00 1.298444E+01
5.614300E+01 1.460571E+00 1.298352E+01
5.624200E+01 1.461564E+00 1.298262E+01
5.634100E+01 1.462556E+00 1.298173E+01
5.644000E+01 1.463546E+00 1.298605E+01
5.653900E+01 1.464534E+00 1.298517E+01
5.663800E+01 1.465520E+00 1.298429E+01
5.673700E+01 1.466504E+00 1.298343E+01
5.683600E+01 1.467487E+00 1.298258E+01
5.693500E+01 1.468467E+00 1.298173E+01
5.703400E+01 1.469446E+00 1.298090E+01
5.713300E+01 1.470423E+00 1.298007E+01
5.723200E+01 1.471398E+00 1.297925E+01
5.733100E+01 1.472371E+00 1.297844E+01
5.743000E+01 1.473343E+00 1.298280E+01
5.752900E+01 1.474312E+00 1.298200E+01
5.762800E+01 1.475280E+00 1.298121E+01
5.772700E+01 1.476246E+00 1.298043E+01
5.782600E+01 1.477210E+00 1.297966E+01
5.792500E+01 1.478173E+00 1.297890E+01
5.802400E+01 1.479133E+00 1.297815E+01
5.812300E+01 1.480092E+00 1.297740E+01
5.822200E+01 1.481049E+00 1.297667E+01
5.832100E+01 1.482005E+00 1.297594E+01
5.842000E+01 1.482958E+00 1.297522E+01
5.851900E+01 1.483910E+00 1.297451E+01
5.861800E+01 1.484860E+00 1.297890E+01
5.871700E+01 1.485808E+00 1.297820E+01
5.881600E+01 1.486755E+00 1.297751E+01
5.891500E+01 1.487700E+00 1.297682E+01
5.901400E+01 1.488643E+00 1.297615E+01
5.911300E+01 1.489584E+00 1.297548E+01
5.921200E+01 1.490524E+00 1.297483E+01
5.931100E+01 1.491462E+00 1.297418E+01
5.941000E+01 1.492398E+00 1.297353E+01
5.950900E+01 1.493332E+00 1.297290E+01
5.960800E+01 1.494265E+00 1.297227E+01
5.970700E+01 1.495196E+00 1.297166E+01
5.980600E+01 1.496126E+00 1.297105E+01
5.990500E+01 1.497053E+00 1.297044E+01
6.000400E+01 1.497979E+00 1.296985E+01
6.010300E+01 1.498904E+00 1.296926E+01
6.020200E+01 1.499826E+00 1.296868E+01
6.030100E+01 1.500747E+00 1.296811E+01
6.040000E+01 1.501666E+00 1.297254E+01
6.049900E+01 1.502584E+00 1.297198E+01
6.059800E+01 1.503500E+00 1.297143E+01
6.069700E+01 1.504414E+00 1.297088E+01
6.079600E+01 1.505327E+00 1.297034E+01
6.089500E+01 1.506238E+00 1.296981E+01
6.099400E+01 1.507147E+00 1.296928E+01
6.109300E+01 1.508055E+00 1.296877E+01
6.119200E+01 1.508961E+00 1.296826E+01
6.129100E+01 1.509866E+00 1.296776E+01
6.139000E+01 1.510769E+00 1.296726E+01
6.148900E+01 1.511670E+00 1.296677E+01
6.158800E+01 1.512570E+00 1.296629E+01
6.168700E+01 1.513468E+00 1.296582E+01
6.178600E+01 1.514364E+00 1.296535E+01
6.188500E+01 1.515259E+00 1.296489E+01
6.198400E+01 1.516152E+00 1.296444E+01
6.208300E+01 1.517044E+00 1.296400E+01
6.218200E+01 1.517934E+00 1.296356E+01
6.228100E+01 1.518822E+00 1.296313E+01
6.238000E+01 1.519709E+00 1.296270E+01
6.247900E+01 1.520594E+00 1.296229E+01
6.257800E+01 1.521478E+00 1.296187E+01
6.267700E+01 1.522360E+00 1.296147E+01
6.277600E+01 1.523241E+00 1.296107E+01
6.287500E+01 1.524120E+00 1.296068E+01
6.297400E+01 1.524998E+00 1.296030E+01
6.307300E+01 1.525873E+00 1.295992E+01
6.317200E+01 1.526748E+00 1.295955E+01
6.327100E+01 1.527621E+00 1.295919E+01
6.337000E+01 1.528492E+00 1.295883E+01
6.346900E+01 1.529362E+00 1.295848E+01
6.356800E+01 1.530230E+00 1.295814E+01
6.366700E+01 1.531097E+00 1.295780E+01
6.376600E+01 1.531962E+00 1.295747E+01
6.386500E+01 1.532826E+00 1.295714E+01
6.396400E+01 1.533688E+00 1.295682E+01
6.406300E+01 1.534549E+00 1.295651E+01
6.416200E+01 1.535408E+00 1.295620E+01
6.426100E+01 1.536266E+00 1.295590E+01
6.436000E+01 1.537122E+00 1.295561E+01
6.445900E+01 1.537977E+00 1.295532E+01
6.455800E+01 1.538830E+00 1.295504E+01
6.465700E+01 1.539682E+00 1.295477E+01
6.475600E+01 1.540532E+00 1.295450E+01
6.485500E+01 1.541381E+00 1.295424E+01
6.495400E+01 1.542228E+00 1.295398E+01
6.505300E+01 1.543074E+00 1.295373E+01
6.515200E+01 1.543918E+00 1.295348E+01
6.525100E+01 1.544761E+00 1.295325E+01
6.535000E+01 1.545602E+00 1.295301E+01
6.544900E+01 1.546442E+00 1.295279E+01
6.554800E+01 1.547281E+00 1.295257E+01
6.564700E+01 1.548118E+00 1.295235E+01
6.574600E+01 1.548954E+00 1.295214E+01
6.584500E+01 1.549788E+00 1.295194E+01
6.594400E+01 1.550621E+00 1.294701E+01
6.604300E+01 1.551452E+00 1.294682E+01
6.614200E+01 1.552282E+00 1.294664E+01
6.624100E+01 1.553111E+00 1.294646E+01
6.634000E+01 1.553938E+00 1.294629E+01
6.643900E+01 1.554763E+00 1.294613E+01
6.653800E+01 1.555588E+00 1.294597E+01
6.663700E+01 1.556411E+00 1.294581E+01
6.673600E+01 1.557232E+00 1.294567E+01
6.683500E+01 1.558052E+00 1.294552E+01
6.693400E+01 1.558871E+00 1.294539E+01
6.703300E+01 1.559688E+00 1.294525E+01
6.713200E+01 1.560504E+00 1.294513E+01
6.723100E+01 1.561318E+00 1.294501E+01
6.733000E+01 1.562131E+00 1.294489E+01
6.742900E+01 1.562943E+00 1.294478E+01
6.752800E+01 1.563753E+00 1.294468E+01
6.762700E+01 1.564562E+00 1.294458E+01
6.772600E+01 1.565370E+00 1.293983E+01
6.782500E+01 1.566176E+00 1.293974E+01
6.792400E+01 1.566981E+00 1.293966E+01
6.802300E+01 1.567785E+00 1.293959E+01
6.812200E+01 1.568587E+00 1.293952E+01
6.822100E+01 1.569388E+00 1.293946E+01
6.832000E+01 1.570187E+00 1.293940E+01
6.841900E+01 1.570985E+00 1.293935E+01
6.851800E+01 1.571782E+00 1.293930E+01
6.861700E+01 1.572577E+00 1.293926E+01
6.871600E+01 1.573372E+00 1.293922E+01
6.881500E+01 1.574164E+00 1.293918E+01
6.891400E+01 1.574956E+00 1.293916E+01
6.901300E+01 1.575746E+00 1.293453E+01
6.911200E+01 1.576535E+00 1.293451E+01
6.921100E+01 1.577322E+00 1.293450E+01
6.931000E+01 1.578108E+00 1.293450E+01
6.940900E+01 1.578893E+00 1.293450E+01
6.950800E+01 1.579677E+00 1.293451E+01
6.960700E+01 1.580459E+00 1.293452E+01
6.970600E+01 1.581240E+00 1.293453E+01
6.980500E+01 1.582020E+00 1.293455E+01
6.990400E+01 1.582798E+00 1.293458E+01
7.000300E+01 1.583575E+00 1.293461E+01
7.010200E+01 1.584351E+00 1.293008E+01
7.020100E+01 1.585125E+00 1.293012E+01
7.030000E+01 1.585899E+00 1.293017E+01
7.039900E+01 1.586671E+00 1.293022E+01
7.049800E+01 1.587441E+00 1.293028E+01
7.059700E+01 1.588211E+00 1.293034E+01
7.069600E+01 1.588979E+00 1.293041E+01
7.079500E+01 1.589746E+00 1.293048E+01
7.089400E+01 1.590511E+00 1.293055E+01
7.099300E+01 1.591275E+00 1.293063E+01
7.109200E+01 1.592039E+00 1.292619E+01
7.119100E+01 1.592800E+00 1.292628E+01
7.129000E+01 1.593561E+00 1.292638E+01
7.138900E+01 1.594320E+00 1.292648E+01
7.148800E+01 1.595078E+00 1.292659E+01
7.158700E+01 1.595835E+00 1.292670E+01
7.168600E+01 1.596591E+00 1.292681E+01
7.178500E+01 1.597345E+00 1.292693E+01
7.188400E+01 1.598098E+00 1.292256E+01
7.198300E+01 1.598850E+00 1.292269E+01
7.208200E+01 1.599601E+00 1.292283E+01
7.218100E+01 1.600350E+00 1.292297E+01
7.228000E+01 1.601099E+00 1.292311E+01
7.237900E+01 1.601846E+00 1.292326E+01
7.247800E+01 1.602591E+00 1.292342E+01
7.257700E+01 1.603336E+00 1.292357E+01
7.267600E+01 1.604079E+00 1.291927E+01
7.277500E+01 1.604822E+00 1.291944E+01
7.287400E+01 1.605563E+00 1.291961E+01
7.297300E+01 1.606302E+00 1.291979E+01
7.307200E+01 1.607041E+00 1.291997E+01
7.317100E+01 1.607778E+00 1.292016E+01
7.327000E+01 1.608515E+00 1.292035E+01
7.336900E+01 1.609250E+00 1.292054E+01
7.346800E+01 1.609983E+00 1.291630E+01
7.356700E+01 1.610716E+00 1.291651E+01
7.366600E+01 1.611448E+00 1.291672E+01
7.376500E+01 1.612178E+00 1.291693E+01
7.386400E+01 1.612907E+00 1.291715E+01
7.396300E+01 1.613635E+00 1.291737E+01
7.406200E+01 1.614362E+00 1.291760E+01
7.416100E+01 1.615087E+00 1.291341E+01
7.426000E+01 1.615812E+00 1.291365E+01
7.435900E+01 1.616535E+00 1.291389E+01
7.445800E+01 1.617257E+00 1.291414E+01
7.455700E+01 1.617978E+00 1.291439E+01
7.465600E+01 1.618698E+00 1.291464E+01
7.475500E+01 1.619417E+00 1.291050E+01
7.485400E+01 1.620134E+00 1.291077E+01
7.495300E+01 1.620851E+00 1.291103E+01
7.505200E+01 1.621566E+00 1.291130E+01
7.515100E+01 1.622280E+00 1.291158E+01
7.525000E+01 1.622993E+00 1.291186E+01
7.534900E+01 1.623705E+00 1.290777E+01
7.544800E+01 1.624416E+00 1.290806E+01
7.554700E+01 1.625125E+00 1.290835E+01
7.564600E+01 1.625834E+00 1.290865E+01
7.574500E+01 1.626541E+00 1.290895E+01
7.584400E+01 1.627247E+00 1.290925E+01
7.594300E+01 1.627952E+00 1.290521E+01
7.604200E+01 1.628656E+00 1.290552E+01
7.614100E+01 1.629359E+00 1.290584E+01
7.624000E+01 1.630061E+00 1.290616E+01
7.633900E+01 1.630762E+00 1.290649E+01
7.643800E+01 1.631461E+00 1.290682E+01
7.653700E+01 1.632160E+00 1.290282E+01
7.663600E+01 1.632857E+00 1.290316E+01
7.673500E+01 1.633554E+00 1.290350E+01
7.683400E+01 1.634249E+00 1.290385E+01
7.693300E+01 1.634943E+00 1.290420E+01
7.703200E+01 1.635636E+00 1.290024E+01
7.713100E+01 1.636328E+00 1.290060E+01
7.723000E+01 1.637019E+00 1.290096E+01
7.732900E+01 1.637708E+00 1.290133E+01
7.742800E+01 1.638397E+00 1.290170E+01
7.752700E+01 1.639085E+00 1.290207E+01
7.762600E+01 1.639771E+00 1.289815E+01
7.772500E+01 1.640457E+00 1.289853E+01
7.782400E+01 1.641141E+00 1.289892E+01
7.792300E+01 1.641824E+00 1.289931E+01
7.802200E+01 1.642507E+00 1.289970E+01
7.812100E+01 1.643188E+00 1.289582E+01
7.822000E+01 1.643868E+00 1.289622E+01
7.831900E+01 1.644547E+00 1.289663E+01
7.841800E+01 1.645225E+00 1.289704E+01
7.851700E+01 1.645902E+00 1.289745E+01
7.861600E+01 1.646578E+00 1.289361E+01
7.871500E+01 1.647253E+00 1.289403E+01
7.881400E+01 1.647927E+00 1.289445E+01
7.891300E+01 1.648600E+00 1.289488E+01
7.901200E+01 1.649272E+00 1.289531E+01
7.911100E+01 1.649942E+00 1.289150E+01
7.921000E+01 1.650612E+00 1.289194E+01
7.930900E+01 1.651281E+00 1.289239E+01
7.940800E+01 1.651948E+00 1.289283E+01
7.950700E+01 1.652615E+00 1.289328E+01
7.960600E+01 1.653281E+00 1.288951E+01
7.970500E+01 1.653945E+00 1.288997E+01
7.980400E+01 1.654609E+00 1.289043E+01
7.990300E+01 1.655271E+00 1.289089E+01
8.000200E+01 1.655933E+00 1.288715E+01
8.010100E+01 1.656593E+00 1.288762E+01
8.020000E+01 1.657253E+00 1.288810E+01
8.029900E+01 1.657912E+00 1.288858E+01
8.039800E+01 1.658569E+00 1.288906E+01
8.049700E+01 1.659225E+00 1.288534E+01
8.059600E+01 1.659881E+00 1.288584E+01
8.069500E+01 1.660535E+00 1.288633E+01
8.079400E+01 1.661189E+00 1.288683E+01
8.089300E+01 1.661841E+00 1.288314E+01
8.099200E+01 1.662493E+00 1.288365E+01
8.109100E+01 1.663144E+00 1.288416E+01
8.119000E+01 1.663793E+00 1.288467E+01
8.128900E+01 1.664442E+00 1.288519E+01
8.138800E+01 1.665089E+00 1.288153E+01
8.148700E+01 1.665736E+00 1.288205E+01
8.158600E+01 1.666381E+00 1.288258E+01
8.168500E+01 1.667026E+00 1.288311E+01
8.178400E+01 1.667670E+00 1.287948E+01
8.188300E+01 1.668312E+00 1.288002E+01
8.198200E+01 1.668954E+00 1.288056E+01
8.208100E+01 1.669595E+00 1.288110E+01
8.218000E+01 1.670235E+00 1.287750E+01
8.227900E+01 1.670873E+00 1.287805E+01
8.237800E+01 1.671511E+00 1.287860E+01
8.247700E+01 1.672148E+00 1.287916E+01
8.257600E+01 1.672784E+00 1.287558E+01
8.267500E+01 1.673419E+00 1.287615E+01
8.277400E+01 1.674053E+00 1.287672E+01
8.287300E+01 1.674686E+00 1.287729E+01
8.297200E+01 1.675318E+00 1.287373E+01
8.307100E+01 1.675949E+00 1.287431E+01
8.317000E+01 1.676580E+00 1.287489E+01
8.326900E+01 1.677209E+00 1.287548E+01
8.336800E+01 1.677837E+00 1.287195E+01
8.346700E+01 1.678465E+00 1.287254E+01
8.356600E+01 1.679091E+00 1.287314E+01
8.366500E+01 1.679717E+00 1.287373E+01
8.376400E+01 1.680341E+00 1.287023E+01
8.386300E+01 1.680965E+00 1.287083E+01
8.396200E+01 1.681588E+00 1.287144E+01
8.406100E+01 1.682210E+00 1.287205E+01
8.416000E+01 1.682831E+00 1.286857E+01
8.425900E+01 1.683451E+00 1.286919E+01
8.435800E+01 1.684070E+00 1.286981E+01
8.445700E+01 1.684688E+00 1.287043E+01
8.455600E+01 1.685305E+00 1.286698E+01
8.465500E+01 1.685921E+00 1.286761E+01
8.475400E+01 1.686537E+00 1.286824E+01
8.485300E+01 1.687151E+00 1.286888E+01
8.495200E+01 1.687765E+00 1.286544E+01
8.505100E+01 1.688377E+00 1.286609E+01
8.515000E+01 1.688989E+00 1.286673E+01
8.524900E+01 1.689600E+00 1.286332E+01
8.534800E+01 1.690210E+00 1.286397E+01
8.544700E+01 1.690819E+00 1.286463E+01
8.554600E+01 1.691427E+00 1.286529E+01
8.564500E+01 1.692035E+00 1.286189E+01
8.574400E+01 1.692641E+00 1.286256E+01
8.584300E+01 1.693247E+00 1.286323E+01
8.594200E+01 1.693851E+00 1.285985E+01
8.604100E+01 1.694455E+00 1.286053E+01
8.614000E+01 1.695058E+00 1.286121E+01
8.623900E+01 1.695660E+00 1.286189E+01
8.633800E+01 1.696261E+00 1.285853E+01
8.643700E+01 1.696861E+00 1.285922E+01
8.653600E+01 1.697460E+00 1.285991E+01
8.663500E+01 1.698059E+00 1.286060E+01
8.673400E+01 1.698656E+00 1.285727E+01
8.683300E+01 1.699253E+00 1.285797E+01
8.693200E+01 1.699849E+00 1.285867E+01
8.703100E+01 1.700444E+00 1.285536E+01
8.713000E+01 1.701038E+00 1.285607E+01
8.722900E+01 1.701631E+00 1.285678E+01
8.732800E+01 1.702223E+00 1.285349E+01
8.742700E+01 1.702815E+00 1.285420E+01
8.752600E+01 1.703406E+00 1.285492E+01
8.762500E+01 1.703995E+00 1.285564E+01
8.772400E+01 1.704584E+00 1.285237E+01
8.782300E+01 1.705172E+00 1.285310E+01
8.792200E+01 1.705760E+00 1.285383E+01
8.802100E+01 1.706346E+00 1.285057E+01
8.812000E+01 1.706932E+00 1.285131E+01
8.821900E+01 1.707516E+00 1.285205E+01
8.831800E+01 1.708100E+00 1.284881E+01
8.841700E+01 1.708683E+00 1.284956E+01
8.851600E+01 1.709265E+00 1.285030E+01
8.861500E+01 1.709847E+00 1.285105E+01
8.871400E+01 1.710427E+00 1.284784E+01
8.881300E+01 1.711007E+00 1.284859E+01
8.891200E+01 1.711586E+00 1.284935E+01
8.901100E+01 1.712164E+00 1.284615E+01
8.911000E+01 1.712741E+00 1.284692E+01
8.920900E+01 1.713317E+00 1.284768E+01
8.930800E+01 1.713893E+00 1.284450E+01
8.940700E+01 1.714467E+00 1.284527E+01
8.950600E+01 1.715041E+00 1.284605E+01
8.960500E+01 1.715614E+00 1.284288E+01
8.970400E+01 1.716186E+00 1.284366E+01
8.980300E+01 1.716758E+00 1.284444E+01
8.990200E+01 1.717328E+00 1.284523E+01
9.000100E+01 1.717898E+00 1.284208E+01
9.010000E+01 1.718467E+00 1.284287E+01
9.019900E+01 1.719035E+00 1.284367E+01
9.029800E+01 1.719603E+00 1.284054E+01
9.039700E+01 1.720169E+00 1.284134E+01
9.049600E+01 1.720735E+00 1.284214E+01
9.059500E+01 1.721300E+00 1.283902E+01
9.069400E+01 1.721864E+00 1.283983E+01
9.079300E+01 1.722427E+00 1.284064E+01
9.089200E+01 1.722990E+00 1.283754E+01
9.099100E+01 1.723551E+00 1.283836E+01
9.109000E+01 1.724112E+00 1.283918E+01
9.118900E+01 1.724672E+00 1.283609E+01
9.128800E+01 1.725232E+00 1.283691E+01
9.138700E+01 1.725790E+00 1.283774E+01
9.148600E+01 1.726348E+00 1.283467E+01
9.158500E+01 1.726905E+00 1.283550E+01
9.168400E+01 1.727461E+00 1.283634E+01
9.178300E+01 1.728017E+00 1.283328E+01
9.188200E+01 1.728571E+00 1.283412E+01
9.198100E+01 1.729125E+00 1.283496E+01
9.208000E+01 1.729678E+00 1.283192E+01
9.217900E+01 1.730230E+00 1.283277E+01
9.227800E+01 1.730782E+00 1.283362E+01
9.237700E+01 1.731332E+00 1.283060E+01
9.247600E+01 1.731882E+00 1.283145E+01
9.257500E+01 1.732432E+00 1.283231E+01
9.267400E+01 1.732980E+00 1.282930E+01
9.277300E+01 1.733528E+00 1.283016E+01
9.287200E+01 1.734074E+00 1.283103E+01
9.297100E+01 1.734621E+00 1.282803E+01
9.307000E+01 1.735166E+00 1.282890E+01
9.316900E+01 1.735710E+00 1.282592E+01
9.326800E+01 1.736254E+00 1.282679E+01
9.336700E+01 1.736797E+00 1.282767E+01
9.346600E+01 1.737340E+00 1.282470E+01
9.356500E+01 1.737881E+00 1.282558E+01
9.366400E+01 1.738422E+00 1.282647E+01
9.376300E+01 1.738962E+00 1.282351E+01
9.386200E+01 1.739501E+00 1.282440E+01
9.396100E+01 1.740040E+00 1.282529E+01
9.406000E+01 1.740578E+00 1.282235E+01
9.415900E+01 1.741115E+00 1.282325E+01
9.425800E+01 1.741651E+00 1.282415E+01
9.435700E+01 1.742186E+00 1.282122E+01
9.445600E+01 1.742721E+00 1.282212E+01
9.455500E+01 1.743255E+00 1.282303E+01
9.465400E+01 1.743789E+00 1.282012E+01
9.475300E+01 1.744321E+00 1.282103E+01
9.485200E+01 1.744853E+00 1.281813E+01
9.495100E+01 1.745384E+00 1.281904E+01
9.505000E+01 1.745914E+00 1.281996E+01
9.514900E+01 1.746444E+00 1.281707E+01
9.524800E+01 1.746973E+00 1.281799E+01
9.534700E+01 1.747501E+00 1.281892E+01
9.544600E+01 1.748029E+00 1.281604E+01
9.554500E+01 1.748555E+00 1.281697E+01
9.564400E+01 1.749081E+00 1.281791E+01
9.574300E+01 1.749607E+00 1.281504E+01
9.584200E+01 1.750131E+00 1.281598E+01
9.594100E+01 1.750655E+00 1.281313E+01
9.604000E+01 1.751178E+00 1.281407E+01
9.613900E+01 1.751700E+00 1.281502E+01
9.623800E+01 1.752222E+00 1.281218E+01
9.633700E+01 1.752743E+00 1.281313E+01
9.643600E+01 1.753263E+00 1.281408E+01
9.653500E+01 1.753783E+00 1.281125E+01
9.663400E+01 1.754302E+00 1.281221E+01
9.673300E+01 1.754820E+00 1.280939E+01
9.683200E+01 1.755337E+00 1.281035E+01
9.693100E+01 1.755854E+00 1.281131E+01
9.703000E+01 1.756370E+00 1.280851E+01
9.712900E+01 1.756885E+00 1.280948E+01
9.722800E+01 1.757400E+00 1.280668E+01
9.732700E+01 1.757914E+00 1.280766E+01
9.742600E+01 1.758427E+00 1.280863E+01
9.752500E+01 1.758939E+00 1.280585E+01
9.762400E+01 1.759451E+00 1.280683E+01
9.772300E+01 1.759962E+00 1.280781E+01
9.782200E+01 1.760473E+00 1.280504E+01
9.792100E+01 1.760982E+00 1.280602E+01
9.802000E+01 1.761491E+00 1.280327E+01
9.811900E+01 1.762000E+00 1.280425E+01
9.821800E+01 1.762507E+00 1.280525E+01
9.831700E+01 1.763014E+00 1.280250E+01
9.841600E+01 1.763521E+00 1.280349E+01
9.851500E+01 1.764026E+00 1.280076E+01
9.861400E+01 1.764531E+00 1.280176E+01
9.871300E+01 1.765035E+00 1.280276E+01
9.881200E+01 1.765539E+00 1.280004E+01
9.891100E+01 1.766042E+00 1.280104E+01
9.901000E+01 1.766544E+00 1.279833E+01
9.910900E+01 1.767045E+00 1.279934E+01
9.920800E+01 1.767546E+00 1.280035E+01
9.930700E+01 1.768046E+00 1.279765E+01
9.940600E+01 1.768546E+00 1.279867E+01
9.950500E+01 1.769045E+00 1.279597E+01
9.960400E+01 1.769543E+00 1.279699E+01
9.970300E+01 1.770040E+00 1.279802E+01
9.980200E+01 1.770537E+00 1.279533E+01
9.990100E+01 1.771033E+00 1.279636E+01
