1.000000E+00 NAN NAN
1.099000E+00 1.176125E-01 2.474730E+01
1.198000E+00 1.224551E-01 2.093411E+01
1.297000E+00 1.272955E-01 1.893909E+01
1.396000E+00 1.321246E-01 1.808708E+01
1.495000E+00 1.369337E-01 1.755160E+01
1.594000E+00 1.417163E-01 1.698099E+01
1.693000E+00 1.464692E-01 1.651055E+01
1.792000E+00 1.511898E-01 1.611862E+01
1.891000E+00 1.558762E-01 1.578931E+01
1.990000E+00 1.605274E-01 1.551073E+01
2.089000E+00 1.651426E-01 1.527379E+01
2.188000E+00 1.697214E-01 1.498430E+01
2.287000E+00 1.742638E-01 1.481529E+01
2.386000E+00 1.787697E-01 1.459215E+01
2.485000E+00 1.832395E-01 1.439692E+01
2.584000E+00 1.876735E-01 1.422548E+01
2.683000E+00 1.920720E-01 1.407449E+01
2.782000E+00 1.964355E-01 1.394120E+01
2.881000E+00 2.007645E-01 1.382331E+01
2.980000E+00 2.050594E-01 1.371891E+01
3.079000E+00 2.093209E-01 1.362640E+01
3.178000E+00 2.135493E-01 1.348914E+01
3.277000E+00 2.177454E-01 1.341819E+01
3.376000E+00 2.219095E-01 1.330387E+01
3.475000E+00 2.260424E-01 1.324989E+01
3.574000E+00 2.301444E-01 1.315394E+01
3.673000E+00 2.342163E-01 1.311352E+01
3.772000E+00 2.382584E-01 1.303249E+01
3.871000E+00 2.422714E-01 1.295856E+01
3.970000E+00 2.462556E-01 1.289106E+01
4.069000E+00 2.502117E-01 1.287154E+01
4.168000E+00 2.541401E-01 1.281413E+01
4.267000E+00 2.580412E-01 1.276166E+01
4.366000E+00 2.619155E-01 1.271369E+01
4.465000E+00 2.657635E-01 1.266987E+01
4.564000E+00 2.695857E-01 1.262985E+01
4.663000E+00 2.733824E-01 1.259335E+01
4.762000E+00 2.771541E-01 1.256008E+01
4.861000E+00 2.809011E-01 1.249456E+01
4.960000E+00 2.846239E-01 1.246772E+01
5.059000E+00 2.883229E-01 1.244343E+01
5.158000E+00 2.919985E-01 1.242150E+01
5.257000E+00 2.956509E-01 1.236911E+01
5.356000E+00 2.992805E-01 1.235197E+01
5.455000E+00 3.028879E-01 1.233672E+01
5.554000E+00 3.064731E-01 1.229222E+01
5.653000E+00 3.100366E-01 1.228086E+01
5.752000E+00 3.135787E-01 1.224103E+01
5.851000E+00 3.170998E-01 1.223305E+01
5.950000E+00 3.206001E-01 1.219734E+01
6.049000E+00 3.240799E-01 1.219233E+01
6.148000E+00 3.275395E-01 1.216027E+01
6.247000E+00 3.309793E-01 1.215787E+01
6.346000E+00 3.343994E-01 1.212907E+01
6.445000E+00 3.378001E-01 1.212898E+01
6.544000E+00 3.411818E-01 1.210308E+01
6.643000E+00 3.445446E-01 1.207872E+01
6.742000E+00 3.478889E-01 1.208176E+01
6.841000E+00 3.512148E-01 1.205986E+01
6.940000E+00 3.545226E-01 1.203927E+01
7.039000E+00 3.578126E-01 1.201993E+01
7.138000E+00 3.610850E-01 1.200178E+01
7.237000E+00 3.643399E-01 1.200910E+01
7.336000E+00 3.675777E-01 1.199283E+01
7.435000E+00 3.707985E-01 1.197758E+01
7.534000E+00 3.740025E-01 1.196331E+01
7.633000E+00 3.771900E-01 1.194996E+01
7.732000E+00 3.803611E-01 1.193750E+01
7.831000E+00 3.835161E-01 1.192588E+01
7.930000E+00 3.866551E-01 1.191506E+01
8.029000E+00 3.897783E-01 1.190501E+01
8.128000E+00 3.928859E-01 1.189569E+01
8.227000E+00 3.959782E-01 1.188708E+01
8.326000E+00 3.990552E-01 1.187913E+01
8.425000E+00 4.021171E-01 1.187183E+01
8.524000E+00 4.051641E-01 1.186514E+01
8.623000E+00 4.081965E-01 1.185904E+01
8.722000E+00 4.112142E-01 1.185350E+01
8.821000E+00 4.142176E-01 1.184850E+01
8.920000E+00 4.172068E-01 1.184402E+01
9.019000E+00 4.201819E-01 1.184004E+01
9.118000E+00 4.231430E-01 1.181651E+01
9.217000E+00 4.260903E-01 1.181363E+01
9.316000E+00 4.290240E-01 1.181119E+01
9.415000E+00 4.319443E-01 1.180917E+01
9.514000E+00 4.348511E-01 1.180756E+01
9.613000E+00 4.377447E-01 1.178716E+01
9.712000E+00 4.406253E-01 1.178645E+01
9.811000E+00 4.434928E-01 1.178610E+01
9.910000E+00 4.463476E-01 1.178609E+01
1.000900E+01 4.491896E-01 1.176786E+01
1.010800E+01 4.520191E-01 1.176864E+01
1.020700E+01 4.548362E-01 1.176972E+01
1.030600E+01 4.576409E-01 1.175297E+01
1.040500E+01 4.604334E-01 1.175475E+01
1.050400E+01 4.632139E-01 1.175681E+01
1.060300E+01 4.659824E-01 1.174140E+01
1.070200E+01 4.687390E-01 1.174409E+01
1.080100E+01 4.714838E-01 1.172956E+01
1.090000E+01 4.742170E-01 1.173283E+01
1.099900E+01 4.769387E-01 1.173632E+01
1.109800E+01 4.796490E-01 1.172294E+01
1.119700E+01 4.823479E-01 1.172696E+01
1.129600E+01 4.850356E-01 1.171433E+01
1.139500E+01 4.877123E-01 1.171884E+01
1.149400E+01 4.903778E-01 1.170692E+01
1.159300E+01 4.930325E-01 1.171189E+01
1.169200E+01 4.956763E-01 1.170064E+01
1.179100E+01 4.983095E-01 1.170604E+01
1.189000E+01 5.009320E-01 1.169541E+01
1.198900E+01 5.035439E-01 1.170121E+01
1.208800E+01 5.061454E-01 1.169118E+01
1.218700E+01 5.087366E-01 1.169735E+01
1.228600E+01 5.113175E-01 1.168788E+01
1.238500E+01 5.138882E-01 1.167873E+01
1.248400E+01 5.164488E-01 1.168546E+01
1.258300E+01 5.189994E-01 1.167683E+01
1.268200E+01 5.215401E-01 1.168387E+01
1.278100E+01 5.240709E-01 1.167572E+01
1.288000E+01 5.265920E-01 1.166787E+01
1.297900E+01 5.291034E-01 1.167538E+01
1.307800E+01 5.316052E-01 1.166797E+01
1.317700E+01 5.340974E-01 1.166082E+01
1.327600E+01 5.365802E-01 1.166876E+01
1.337500E+01 5.390537E-01 1.166203E+01
1.347400E+01 5.415178E-01 1.165553E+01
1.357300E+01 5.439727E-01 1.166387E+01
1.367200E+01 5.464184E-01 1.165776E+01
1.377100E+01 5.488551E-01 1.165187E+01
1.387000E+01 5.512827E-01 1.166056E+01
1.396900E+01 5.537014E-01 1.165503E+01
1.406800E+01 5.561112E-01 1.164971E+01
1.416700E+01 5.585122E-01 1.164459E+01
1.426600E+01 5.609045E-01 1.165373E+01
1.436500E+01 5.632880E-01 1.164893E+01
1.446400E+01 5.656630E-01 1.164432E+01
1.456300E+01 5.680294E-01 1.163990E+01
1.466200E+01 5.703873E-01 1.163566E+01
1.476100E+01 5.727369E-01 1.164530E+01
1.486000E+01 5.750781E-01 1.164134E+01
1.495900E+01 5.774109E-01 1.163755E+01
1.505800E+01 5.797356E-01 1.163393E+01
1.515700E+01 5.820520E-01 1.163047E+01
1.525600E+01 5.843604E-01 1.164054E+01
1.535500E+01 5.866606E-01 1.163732E+01
1.545400E+01 5.889529E-01 1.163426E+01
1.555300E+01 5.912372E-01 1.163135E+01
1.565200E+01 5.935137E-01 1.162859E+01
1.575100E+01 5.957822E-01 1.162596E+01
1.585000E+01 5.980430E-01 1.162348E+01
1.594900E+01 6.002961E-01 1.162113E+01
1.604800E+01 6.025415E-01 1.163179E+01
1.614700E+01 6.047793E-01 1.162964E+01
1.624600E+01 6.070095E-01 1.162762E+01
1.634500E+01 6.092322E-01 1.162573E+01
1.644400E+01 6.114474E-01 1.162396E+01
1.654300E+01 6.136552E-01 1.162231E+01
1.664200E+01 6.158557E-01 1.162077E+01
1.674100E+01 6.180488E-01 1.161935E+01
1.684000E+01 6.202347E-01 1.161804E+01
1.693900E+01 6.224133E-01 1.161685E+01
1.703800E+01 6.245848E-01 1.161576E+01
1.713700E+01 6.267492E-01 1.161477E+01
1.723600E+01 6.289065E-01 1.161389E+01
1.733500E+01 6.310567E-01 1.161310E+01
1.743400E+01 6.332000E-01 1.161242E+01
1.753300E+01 6.353363E-01 1.161183E+01
1.763200E+01 6.374657E-01 1.161134E+01
1.773100E+01 6.395883E-01 1.161094E+01
1.783000E+01 6.417041E-01 1.161063E+01
1.792900E+01 6.438131E-01 1.161041E+01
1.802800E+01 6.459154E-01 1.161028E+01
1.812700E+01 6.480110E-01 1.161023E+01
1.822600E+01 6.501000E-01 1.161027E+01
1.832500E+01 6.521824E-01 1.161038E+01
1.842400E+01 6.542582E-01 1.161058E+01
1.852300E+01 6.563275E-01 1.161086E+01
1.862200E+01 6.583904E-01 1.161122E+01
1.872100E+01 6.604468E-01 1.161165E+01
1.882000E+01 6.624968E-01 1.160070E+01
1.891900E+01 6.645404E-01 1.160132E+01
1.901800E+01 6.665778E-01 1.160201E+01
1.911700E+01 6.686089E-01 1.160277E+01
1.921600E+01 6.706337E-01 1.160360E+01
1.931500E+01 6.726523E-01 1.160449E+01
1.941400E+01 6.746648E-01 1.160545E+01
1.951300E+01 6.766711E-01 1.160648E+01
1.961200E+01 6.786713E-01 1.160757E+01
1.971100E+01 6.806655E-01 1.159764E+01
1.981000E+01 6.826536E-01 1.159889E+01
1.990900E+01 6.846358E-01 1.160020E+01
2.000800E+01 6.866120E-01 1.160157E+01
2.010700E+01 6.885823E-01 1.160300E+01
2.020600E+01 6.905467E-01 1.160448E+01
2.030500E+01 6.925053E-01 1.159517E+01
2.040400E+01 6.944580E-01 1.159680E+01
2.050300E+01 6.964050E-01 1.159848E+01
2.060200E+01 6.983462E-01 1.160021E+01
2.070100E+01 7.002817E-01 1.160199E+01
2.080000E+01 7.022115E-01 1.160383E+01
2.089900E+01 7.041356E-01 1.159508E+01
2.099800E+01 7.060542E-01 1.159705E+01
2.109700E+01 7.079671E-01 1.159906E+01
2.119600E+01 7.098745E-01 1.160112E+01
2.129500E+01 7.117764E-01 1.159274E+01
2.139400E+01 7.136728E-01 1.159492E+01
2.149300E+01 7.155637E-01 1.159714E+01
2.159200E+01 7.174491E-01 1.159940E+01
2.169100E+01 7.193292E-01 1.159137E+01
2.179000E+01 7.212039E-01 1.159375E+01
2.188900E+01 7.230733E-01 1.159617E+01
2.198800E+01 7.249373E-01 1.159863E+01
2.208700E+01 7.267960E-01 1.159092E+01
2.218600E+01 7.286495E-01 1.159348E+01
2.228500E+01 7.304977E-01 1.159609E+01
2.238400E+01 7.323408E-01 1.159873E+01
2.248300E+01 7.341786E-01 1.159132E+01
2.258200E+01 7.360113E-01 1.159406E+01
2.268100E+01 7.378389E-01 1.159683E+01
2.278000E+01 7.396614E-01 1.158965E+01
2.287900E+01 7.414788E-01 1.159252E+01
2.297800E+01 7.432912E-01 1.159543E+01
2.307700E+01 7.450986E-01 1.159836E+01
2.317600E+01 7.469010E-01 1.159146E+01
2.327500E+01 7.486984E-01 1.159448E+01
2.337400E+01 7.504909E-01 1.159754E+01
2.347300E+01 7.522785E-01 1.159084E+01
2.357200E+01 7.540612E-01 1.159398E+01
2.367100E+01 7.558390E-01 1.159715E+01
2.377000E+01 7.576120E-01 1.159065E+01
2.386900E+01 7.593802E-01 1.159390E+01
2.396800E+01 7.611436E-01 1.159718E+01
2.406700E+01 7.629023E-01 1.159086E+01
2.416600E+01 7.646562E-01 1.159422E+01
2.426500E+01 7.664053E-01 1.158804E+01
2.436400E+01 7.681498E-01 1.159147E+01
2.446300E+01 7.698897E-01 1.159493E+01
2.456200E+01 7.716248E-01 1.158893E+01
2.466100E+01 7.733554E-01 1.159245E+01
2.476000E+01 7.750813E-01 1.159600E+01
2.485900E+01 7.768027E-01 1.159017E+01
2.495800E+01 7.785195E-01 1.159379E+01
2.505700E+01 7.802318E-01 1.158808E+01
2.515600E+01 7.819396E-01 1.159176E+01
2.525500E+01 7.836429E-01 1.159547E+01
2.535400E+01 7.853418E-01 1.158992E+01
2.545300E+01 7.870362E-01 1.159369E+01
2.555200E+01 7.887261E-01 1.158825E+01
2.565100E+01 7.904117E-01 1.159208E+01
2.575000E+01 7.920929E-01 1.158676E+01
2.584900E+01 7.937697E-01 1.159064E+01
2.594800E+01 7.954422E-01 1.159455E+01
2.604700E+01 7.971104E-01 1.158937E+01
2.614600E+01 7.987743E-01 1.159334E+01
2.624500E+01 8.004339E-01 1.158826E+01
2.634400E+01 8.020893E-01 1.159228E+01
2.644300E+01 8.037404E-01 1.158731E+01
2.654200E+01 8.053873E-01 1.159138E+01
2.664100E+01 8.070300E-01 1.158651E+01
2.674000E+01 8.086685E-01 1.159063E+01
2.683900E+01 8.103029E-01 1.158585E+01
2.693800E+01 8.119331E-01 1.159002E+01
2.703700E+01 8.135592E-01 1.159421E+01
2.713600E+01 8.151813E-01 1.158956E+01
2.723500E+01 8.167992E-01 1.159379E+01
2.733400E+01 8.184131E-01 1.158924E+01
2.743300E+01 8.200229E-01 1.159352E+01
2.753200E+01 8.216287E-01 1.158905E+01
2.763100E+01 8.232305E-01 1.159337E+01
2.773000E+01 8.248283E-01 1.158899E+01
2.782900E+01 8.264222E-01 1.159336E+01
2.792800E+01 8.280121E-01 1.158907E+01
2.802700E+01 8.295981E-01 1.159348E+01
2.812600E+01 8.311801E-01 1.158926E+01
2.822500E+01 8.327583E-01 1.159372E+01
2.832400E+01 8.343325E-01 1.158958E+01
2.842300E+01 8.359030E-01 1.158551E+01
2.852200E+01 8.374695E-01 1.159002E+01
2.862100E+01 8.390323E-01 1.158603E+01
2.872000E+01 8.405912E-01 1.159058E+01
2.881900E+01 8.421463E-01 1.158666E+01
2.891800E+01 8.436977E-01 1.159125E+01
2.901700E+01 8.452453E-01 1.158740E+01
2.911600E+01 8.467891E-01 1.159203E+01
2.921500E+01 8.483292E-01 1.158825E+01
2.931400E+01 8.498657E-01 1.159292E+01
2.941300E+01 8.513984E-01 1.158921E+01
2.951200E+01 8.529274E-01 1.158556E+01
2.961100E+01 8.544527E-01 1.159028E+01
2.971000E+01 8.559744E-01 1.158669E+01
2.980900E+01 8.574925E-01 1.159144E+01
2.990800E+01 8.590070E-01 1.158792E+01
3.000700E+01 8.605178E-01 1.159270E+01
3.010600E+01 8.620251E-01 1.158925E+01
3.020500E+01 8.635288E-01 1.158584E+01
3.030400E+01 8.650289E-01 1.159068E+01
3.040300E+01 8.665255E-01 1.158733E+01
3.050200E+01 8.680186E-01 1.159219E+01
3.060100E+01 8.695082E-01 1.158891E+01
3.070000E+01 8.709942E-01 1.158567E+01
3.079900E+01 8.724768E-01 1.159058E+01
3.089800E+01 8.739559E-01 1.158740E+01
3.099700E+01 8.754316E-01 1.159234E+01
3.109600E+01 8.769039E-01 1.158922E+01
3.119500E+01 8.783727E-01 1.158614E+01
3.129400E+01 8.798381E-01 1.159112E+01
3.139300E+01 8.813001E-01 1.158810E+01
3.149200E+01 8.827587E-01 1.158512E+01
3.159100E+01 8.842140E-01 1.159014E+01
3.169000E+01 8.856659E-01 1.158721E+01
3.178900E+01 8.871145E-01 1.159226E+01
3.188800E+01 8.885597E-01 1.158938E+01
3.198700E+01 8.900016E-01 1.158655E+01
3.208600E+01 8.914403E-01 1.159163E+01
3.218500E+01 8.928756E-01 1.158885E+01
3.228400E+01 8.943077E-01 1.158610E+01
3.238300E+01 8.957365E-01 1.159122E+01
3.248200E+01 8.971621E-01 1.158853E+01
3.258100E+01 8.985844E-01 1.158586E+01
3.268000E+01 9.000035E-01 1.159102E+01
3.277900E+01 9.014194E-01 1.158841E+01
3.287800E+01 9.028322E-01 1.158583E+01
3.297700E+01 9.042417E-01 1.159103E+01
3.307600E+01 9.056481E-01 1.158850E+01
3.317500E+01 9.070513E-01 1.158600E+01
3.327400E+01 9.084513E-01 1.159123E+01
3.337300E+01 9.098483E-01 1.158878E+01
3.347200E+01 9.112421E-01 1.158636E+01
3.357100E+01 9.126328E-01 1.159162E+01
3.367000E+01 9.140204E-01 1.158924E+01
3.376900E+01 9.154049E-01 1.158690E+01
3.386800E+01 9.167864E-01 1.158459E+01
3.396700E+01 9.181648E-01 1.158989E+01
3.406600E+01 9.195402E-01 1.158762E+01
3.416500E+01 9.209125E-01 1.158538E+01
3.426400E+01 9.222818E-01 1.159071E+01
3.436300E+01 9.236481E-01 1.158852E+01
3.446200E+01 9.250113E-01 1.158635E+01
3.456100E+01 9.263716E-01 1.158421E+01
3.466000E+01 9.277290E-01 1.158958E+01
3.475900E+01 9.290833E-01 1.158748E+01
3.485800E+01 9.304347E-01 1.158541E+01
3.495700E+01 9.317832E-01 1.159081E+01
3.505600E+01 9.331287E-01 1.158878E+01
3.515500E+01 9.344713E-01 1.158677E+01
3.525400E+01 9.358110E-01 1.158479E+01
3.535300E+01 9.371478E-01 1.159023E+01
3.545200E+01 9.384818E-01 1.158829E+01
3.555100E+01 9.398128E-01 1.158637E+01
3.565000E+01 9.411410E-01 1.158449E+01
3.574900E+01 9.424663E-01 1.158996E+01
3.584800E+01 9.437888E-01 1.158810E+01
3.594700E+01 9.451085E-01 1.158628E+01
3.604600E+01 9.464253E-01 1.158448E+01
3.614500E+01 9.477393E-01 1.158998E+01
3.624400E+01 9.490505E-01 1.158821E+01
3.634300E+01 9.503590E-01 1.158647E+01
3.644200E+01 9.516646E-01 1.158475E+01
3.654100E+01 9.529675E-01 1.159028E+01
3.664000E+01 9.542676E-01 1.158860E+01
3.673900E+01 9.555650E-01 1.158694E+01
3.683800E+01 9.568596E-01 1.158530E+01
3.693700E+01 9.581515E-01 1.158369E+01
3.703600E+01 9.594407E-01 1.158926E+01
3.713500E+01 9.607272E-01 1.158768E+01
3.723400E+01 9.620110E-01 1.158612E+01
3.733300E+01 9.632921E-01 1.158458E+01
3.743200E+01 9.645705E-01 1.159018E+01
3.753100E+01 9.658462E-01 1.158867E+01
3.763000E+01 9.671193E-01 1.158719E+01
3.772900E+01 9.683897E-01 1.158572E+01
3.782800E+01 9.696575E-01 1.158428E+01
3.792700E+01 9.709226E-01 1.158991E+01
3.802600E+01 9.721852E-01 1.158850E+01
3.812500E+01 9.734451E-01 1.158711E+01
3.822400E+01 9.747024E-01 1.158574E+01
3.832300E+01 9.759571E-01 1.158439E+01
3.842200E+01 9.772092E-01 1.158307E+01
3.852100E+01 9.784588E-01 1.158873E+01
3.862000E+01 9.797058E-01 1.158743E+01
3.871900E+01 9.809502E-01 1.158615E+01
3.881800E+01 9.821921E-01 1.158489E+01
3.891700E+01 9.834314E-01 1.158365E+01
3.901600E+01 9.846682E-01 1.158935E+01
3.911500E+01 9.859025E-01 1.158813E+01
3.921400E+01 9.871343E-01 1.158694E+01
3.931300E+01 9.883635E-01 1.158576E+01
3.941200E+01 9.895903E-01 1.158460E+01
3.951100E+01 9.908146E-01 1.158346E+01
3.961000E+01 9.920364E-01 1.158234E+01
3.970900E+01 9.932558E-01 1.158808E+01
3.980800E+01 9.944727E-01 1.158698E+01
3.990700E+01 9.956871E-01 1.158590E+01
4.000600E+01 9.968991E-01 1.158484E+01
4.010500E+01 9.981086E-01 1.158380E+01
4.020400E+01 9.993158E-01 1.158278E+01
4.030300E+01 1.000520E+00 1.158854E+01
4.040200E+01 1.001723E+00 1.158754E+01
4.050100E+01 1.002923E+00 1.158656E+01
4.060000E+01 1.004120E+00 1.158559E+01
4.069900E+01 1.005315E+00 1.158465E+01
4.079800E+01 1.006508E+00 1.158371E+01
4.089700E+01 1.007698E+00 1.158280E+01
4.099600E+01 1.008886E+00 1.158190E+01
4.109500E+01 1.010072E+00 1.158770E+01
4.119400E+01 1.011255E+00 1.158682E+01
4.129300E+01 1.012436E+00 1.158596E+01
4.139200E+01 1.013615E+00 1.158512E+01
4.149100E+01 1.014791E+00 1.158429E+01
4.159000E+01 1.015965E+00 1.158348E+01
4.168900E+01 1.017137E+00 1.158268E+01
4.178800E+01 1.018306E+00 1.158190E+01
4.188700E+01 1.019474E+00 1.158113E+01
4.198600E+01 1.020638E+00 1.158697E+01
4.208500E+01 1.021801E+00 1.158622E+01
4.218400E+01 1.022961E+00 1.158549E+01
4.228300E+01 1.024119E+00 1.158478E+01
4.238200E+01 1.025275E+00 1.158408E+01
4.248100E+01 1.026429E+00 1.158339E+01
4.258000E+01 1.027580E+00 1.158272E+01
4.267900E+01 1.028729E+00 1.158206E+01
4.277800E+01 1.029876E+00 1.158142E+01
4.287700E+01 1.031020E+00 1.158079E+01
4.297600E+01 1.032163E+00 1.158667E+01
4.307500E+01 1.033303E+00 1.158606E+01
4.317400E+01 1.034441E+00 1.158546E+01
4.327300E+01 1.035577E+00 1.158488E+01
4.337200E+01 1.036710E+00 1.158431E+01
4.347100E+01 1.037842E+00 1.158376E+01
4.357000E+01 1.038971E+00 1.158322E+01
4.366900E+01 1.040098E+00 1.158269E+01
4.376800E+01 1.041223E+00 1.158217E+01
4.386700E+01 1.042346E+00 1.158167E+01
4.396600E+01 1.043467E+00 1.158119E+01
4.406500E+01 1.044585E+00 1.158071E+01
4.416400E+01 1.045702E+00 1.158025E+01
4.426300E+01 1.046816E+00 1.157980E+01
4.436200E+01 1.047929E+00 1.157937E+01
4.446100E+01 1.049039E+00 1.158529E+01
4.456000E+01 1.050147E+00 1.158487E+01
4.465900E+01 1.051253E+00 1.158446E+01
4.475800E+01 1.052356E+00 1.158407E+01
4.485700E+01 1.053458E+00 1.158368E+01
4.495600E+01 1.054558E+00 1.158331E+01
4.505500E+01 1.055656E+00 1.158296E+01
4.515400E+01 1.056751E+00 1.158261E+01
4.525300E+01 1.057845E+00 1.158228E+01
4.535200E+01 1.058936E+00 1.158195E+01
4.545100E+01 1.060026E+00 1.158164E+01
4.555000E+01 1.061113E+00 1.158134E+01
4.564900E+01 1.062199E+00 1.158106E+01
4.574800E+01 1.063282E+00 1.158078E+01
4.584700E+01 1.064363E+00 1.158052E+01
4.594600E+01 1.065443E+00 1.158026E+01
4.604500E+01 1.066520E+00 1.158002E+01
4.614400E+01 1.067595E+00 1.157979E+01
4.624300E+01 1.068669E+00 1.157957E+01
4.634200E+01 1.069740E+00 1.157937E+01
4.644100E+01 1.070810E+00 1.157917E+01
4.654000E+01 1.071877E+00 1.157898E+01
4.663900E+01 1.072942E+00 1.157881E+01
4.673800E+01 1.074006E+00 1.157864E+01
4.683700E+01 1.075068E+00 1.157849E+01
4.693600E+01 1.076127E+00 1.157835E+01
4.703500E+01 1.077185E+00 1.157821E+01
4.713400E+01 1.078241E+00 1.157809E+01
4.723300E+01 1.079295E+00 1.157798E+01
4.733200E+01 1.080346E+00 1.157788E+01
4.743100E+01 1.081396E+00 1.157778E+01
4.753000E+01 1.082445E+00 1.157770E+01
4.762900E+01 1.083491E+00 1.157763E+01
4.772800E+01 1.084535E+00 1.157757E+01
4.782700E+01 1.085577E+00 1.157752E+01
4.792600E+01 1.086618E+00 1.157748E+01
4.802500E+01 1.087656E+00 1.157744E+01
4.812400E+01 1.088693E+00 1.157742E+01
4.822300E+01 1.089728E+00 1.157741E+01
4.832200E+01 1.090761E+00 1.157740E+01
4.842100E+01 1.091792E+00 1.157741E+01
4.852000E+01 1.092822E+00 1.157743E+01
4.861900E+01 1.093849E+00 1.157745E+01
4.871800E+01 1.094875E+00 1.157749E+01
4.881700E+01 1.095898E+00 1.157753E+01
4.891600E+01 1.096920E+00 1.157758E+01
4.901500E+01 1.097940E+00 1.157764E+01
4.911400E+01 1.098959E+00 1.157772E+01
4.921300E+01 1.099975E+00 1.157780E+01
4.931200E+01 1.100990E+00 1.157788E+01
4.941100E+01 1.102003E+00 1.157798E+01
4.951000E+01 1.103014E+00 1.157809E+01
4.960900E+01 1.104023E+00 1.157820E+01
4.970800E+01 1.105031E+00 1.157833E+01
4.980700E+01 1.106036E+00 1.157846E+01
4.990600E+01 1.107040E+00 1.157860E+01
5.000500E+01 1.108042E+00 1.157875E+01
5.010400E+01 1.109043E+00 1.157891E+01
5.020300E+01 1.110041E+00 1.157321E+01
5.030200E+01 1.111038E+00 1.157339E+01
5.040100E+01 1.112033E+00 1.157358E+01
5.050000E+01 1.113027E+00 1.157378E+01
5.059900E+01 1.114018E+00 1.157399E+01
5.069800E+01 1.115008E+00 1.157420E+01
5.079700E+01 1.115997E+00 1.157443E+01
5.089600E+01 1.116983E+00 1.157466E+01
5.099500E+01 1.117968E+00 1.157490E+01
5.109400E+01 1.118951E+00 1.157514E+01
5.119300E+01 1.119932E+00 1.157540E+01
5.129200E+01 1.120912E+00 1.157566E+01
5.139100E+01 1.121889E+00 1.157593E+01
5.149000E+01 1.122866E+00 1.157621E+01
5.158900E+01 1.123840E+00 1.157649E+01
5.168800E+01 1.124813E+00 1.157103E+01
5.178700E+01 1.125784E+00 1.157134E+01
5.188600E+01 1.126754E+00 1.157165E+01
5.198500E+01 1.127721E+00 1.157197E+01
5.208400E+01 1.128687E+00 1.157230E+01
5.218300E+01 1.129652E+00 1.157264E+01
5.228200E+01 1.130615E+00 1.157298E+01
5.238100E+01 1.131576E+00 1.157333E+01
5.248000E+01 1.132535E+00 1.157369E+01
5.257900E+01 1.133493E+00 1.157405E+01
5.267800E+01 1.134449E+00 1.157443E+01
5.277700E+01 1.135404E+00 1.157481E+01
5.287600E+01 1.136357E+00 1.156952E+01
5.297500E+01 1.137308E+00 1.156992E+01
5.307400E+01 1.138258E+00 1.157033E+01
5.317300E+01 1.139206E+00 1.157074E+01
5.327200E+01 1.140152E+00 1.157116E+01
5.337100E+01 1.141097E+00 1.157159E+01
5.347000E+01 1.142041E+00 1.157202E+01
5.356900E+01 1.142982E+00 1.157246E+01
5.366800E+01 1.143922E+00 1.157291E+01
5.376700E+01 1.144861E+00 1.157336E+01
5.386600E+01 1.145798E+00 1.156822E+01
5.396500E+01 1.146733E+00 1.156869E+01
5.406400E+01 1.147667E+00 1.156917E+01
5.416300E+01 1.148599E+00 1.156965E+01
5.426200E+01 1.149529E+00 1.157015E+01
5.436100E+01 1.150458E+00 1.157064E+01
5.446000E+01 1.151386E+00 1.157115E+01
5.455900E+01 1.152312E+00 1.157166E+01
5.465800E+01 1.153236E+00 1.157217E+01
5.475700E+01 1.154159E+00 1.156715E+01
5.485600E+01 1.155080E+00 1.156769E+01
5.495500E+01 1.156000E+00 1.156823E+01
5.505400E+01 1.156918E+00 1.156877E+01
5.515300E+01 1.157835E+00 1.156933E+01
5.525200E+01 1.158750E+00 1.156989E+01
5.535100E+01 1.159663E+00 1.157045E+01
5.545000E+01 1.160576E+00 1.156552E+01
5.554900E+01 1.161486E+00 1.156610E+01
5.564800E+01 1.162395E+00 1.156669E+01
5.574700E+01 1.163303E+00 1.156729E+01
5.584600E+01 1.164209E+00 1.156788E+01
5.594500E+01 1.165113E+00 1.156849E+01
5.604400E+01 1.166017E+00 1.156910E+01
5.614300E+01 1.166918E+00 1.156972E+01
5.624200E+01 1.167818E+00 1.156489E+01
5.634100E+01 1.168717E+00 1.156552E+01
5.644000E+01 1.169614E+00 1.156616E+01
5.653900E+01 1.170510E+00 1.156680E+01
5.663800E+01 1.171404E+00 1.156745E+01
5.673700E+01 1.172297E+00 1.156811E+01
5.683600E+01 1.173188E+00 1.156336E+01
5.693500E+01 1.174078E+00 1.156403E+01
5.703400E+01 1.174966E+00 1.156470E+01
5.713300E+01 1.175853E+00 1.156538E+01
5.723200E+01 1.176738E+00 1.156607E+01
5.733100E+01 1.177623E+00 1.156676E+01
5.743000E+01 1.178505E+00 1.156746E+01
5.752900E+01 1.179386E+00 1.156279E+01
5.762800E+01 1.180266E+00 1.156350E+01
5.772700E+01 1.181144E+00 1.156422E+01
5.782600E+01 1.182021E+00 1.156494E+01
5.792500E+01 1.182897E+00 1.156567E+01
5.802400E+01 1.183771E+00 1.156640E+01
5.812300E+01 1.184643E+00 1.156180E+01
5.822200E+01 1.185515E+00 1.156255E+01
5.832100E+01 1.186384E+00 1.156330E+01
5.842000E+01 1.187253E+00 1.156406E+01
5.851900E+01 1.188120E+00 1.156482E+01
5.861800E+01 1.188986E+00 1.156028E+01
5.871700E+01 1.189850E+00 1.156105E+01
5.881600E+01 1.190713E+00 1.156184E+01
5.891500E+01 1.191574E+00 1.156262E+01
5.901400E+01 1.192434E+00 1.156341E+01
5.911300E+01 1.193293E+00 1.156421E+01
5.921200E+01 1.194150E+00 1.155973E+01
5.931100E+01 1.195006E+00 1.156054E+01
5.941000E+01 1.195861E+00 1.156136E+01
5.950900E+01 1.196714E+00 1.156217E+01
5.960800E+01 1.197566E+00 1.156300E+01
5.970700E+01 1.198417E+00 1.155858E+01
5.980600E+01 1.199266E+00 1.155941E+01
5.990500E+01 1.200114E+00 1.156026E+01
6.000400E+01 1.200960E+00 1.156110E+01
6.010300E+01 1.201805E+00 1.156195E+01
6.020200E+01 1.202649E+00 1.155759E+01
6.030100E+01 1.203492E+00 1.155845E+01
6.040000E+01 1.204333E+00 1.155932E+01
6.049900E+01 1.205173E+00 1.156019E+01
6.059800E+01 1.206011E+00 1.156106E+01
6.069700E+01 1.206848E+00 1.155675E+01
6.079600E+01 1.207684E+00 1.155764E+01
6.089500E+01 1.208519E+00 1.155853E+01
6.099400E+01 1.209352E+00 1.155943E+01
6.109300E+01 1.210184E+00 1.156033E+01
6.119200E+01 1.211015E+00 1.155607E+01
6.129100E+01 1.211844E+00 1.155699E+01
6.139000E+01 1.212672E+00 1.155790E+01
6.148900E+01 1.213499E+00 1.155882E+01
6.158800E+01 1.214324E+00 1.155461E+01
6.168700E+01 1.215148E+00 1.155554E+01
6.178600E+01 1.215971E+00 1.155648E+01
6.188500E+01 1.216793E+00 1.155742E+01
6.198400E+01 1.217613E+00 1.155836E+01
6.208300E+01 1.218432E+00 1.155420E+01
6.218200E+01 1.219250E+00 1.155516E+01
6.228100E+01 1.220067E+00 1.155612E+01
6.238000E+01 1.220882E+00 1.155708E+01
6.247900E+01 1.221696E+00 1.155296E+01
6.257800E+01 1.222509E+00 1.155393E+01
6.267700E+01 1.223320E+00 1.155491E+01
6.277600E+01 1.224130E+00 1.155590E+01
6.287500E+01 1.224939E+00 1.155688E+01
6.297400E+01 1.225747E+00 1.155281E+01
6.307300E+01 1.226554E+00 1.155380E+01
6.317200E+01 1.227359E+00 1.155481E+01
6.327100E+01 1.228163E+00 1.155581E+01
6.337000E+01 1.228966E+00 1.155177E+01
6.346900E+01 1.229767E+00 1.155279E+01
6.356800E+01 1.230568E+00 1.155381E+01
6.366700E+01 1.231367E+00 1.155484E+01
6.376600E+01 1.232165E+00 1.155084E+01
6.386500E+01 1.232961E+00 1.155187E+01
6.396400E+01 1.233757E+00 1.155291E+01
6.406300E+01 1.234551E+00 1.155395E+01
6.416200E+01 1.235344E+00 1.154999E+01
6.426100E+01 1.236136E+00 1.155104E+01
6.436000E+01 1.236927E+00 1.155210E+01
6.445900E+01 1.237716E+00 1.155316E+01
6.455800E+01 1.238504E+00 1.154923E+01
6.465700E+01 1.239291E+00 1.155030E+01
6.475600E+01 1.240077E+00 1.155137E+01
6.485500E+01 1.240862E+00 1.155245E+01
6.495400E+01 1.241645E+00 1.154856E+01
6.505300E+01 1.242427E+00 1.154965E+01
6.515200E+01 1.243209E+00 1.155074E+01
6.525100E+01 1.243988E+00 1.155183E+01
6.535000E+01 1.244767E+00 1.154797E+01
6.544900E+01 1.245545E+00 1.154908E+01
6.554800E+01 1.246321E+00 1.155018E+01
6.564700E+01 1.247096E+00 1.155129E+01
6.574600E+01 1.247870E+00 1.154747E+01
6.584500E+01 1.248643E+00 1.154859E+01
6.594400E+01 1.249415E+00 1.154971E+01
6.604300E+01 1.250186E+00 1.154592E+01
6.614200E+01 1.250955E+00 1.154705E+01
6.624100E+01 1.251723E+00 1.154819E+01
6.634000E+01 1.252491E+00 1.154933E+01
6.643900E+01 1.253257E+00 1.154557E+01
6.653800E+01 1.254021E+00 1.154672E+01
6.663700E+01 1.254785E+00 1.154787E+01
6.673600E+01 1.255548E+00 1.154414E+01
6.683500E+01 1.256309E+00 1.154530E+01
6.693400E+01 1.257070E+00 1.154646E+01
6.703300E+01 1.257829E+00 1.154762E+01
6.713200E+01 1.258587E+00 1.154393E+01
6.723100E+01 1.259344E+00 1.154510E+01
6.733000E+01 1.260100E+00 1.154628E+01
6.742900E+01 1.260854E+00 1.154261E+01
6.752800E+01 1.261608E+00 1.154379E+01
6.762700E+01 1.262360E+00 1.154498E+01
6.772600E+01 1.263112E+00 1.154617E+01
6.782500E+01 1.263862E+00 1.154253E+01
6.792400E+01 1.264611E+00 1.154373E+01
6.802300E+01 1.265359E+00 1.154494E+01
6.812200E+01 1.266106E+00 1.154132E+01
6.822100E+01 1.266852E+00 1.154253E+01
6.832000E+01 1.267597E+00 1.154375E+01
6.841900E+01 1.268341E+00 1.154497E+01
6.851800E+01 1.269083E+00 1.154138E+01
6.861700E+01 1.269825E+00 1.154261E+01
6.871600E+01 1.270565E+00 1.154384E+01
6.881500E+01 1.271304E+00 1.154028E+01
6.891400E+01 1.272043E+00 1.154151E+01
6.901300E+01 1.272780E+00 1.154275E+01
6.911200E+01 1.273516E+00 1.153922E+01
6.921100E+01 1.274251E+00 1.154047E+01
6.931000E+01 1.274985E+00 1.154172E+01
6.940900E+01 1.275718E+00 1.153820E+01
6.950800E+01 1.276450E+00 1.153946E+01
6.960700E+01 1.277181E+00 1.154072E+01
6.970600E+01 1.277910E+00 1.154199E+01
6.980500E+01 1.278639E+00 1.153851E+01
6.990400E+01 1.279367E+00 1.153978E+01
7.000300E+01 1.280093E+00 1.154105E+01
7.010200E+01 1.280819E+00 1.153759E+01
7.020100E+01 1.281543E+00 1.153887E+01
7.030000E+01 1.282266E+00 1.154016E+01
7.039900E+01 1.282989E+00 1.153672E+01
7.049800E+01 1.283710E+00 1.153801E+01
7.059700E+01 1.284430E+00 1.153931E+01
7.069600E+01 1.285150E+00 1.153589E+01
7.079500E+01 1.285868E+00 1.153720E+01
7.089400E+01 1.286585E+00 1.153850E+01
7.099300E+01 1.287301E+00 1.153511E+01
7.109200E+01 1.288016E+00 1.153642E+01
7.119100E+01 1.288731E+00 1.153774E+01
7.129000E+01 1.289444E+00 1.153437E+01
7.138900E+01 1.290156E+00 1.153569E+01
7.148800E+01 1.290867E+00 1.153701E+01
7.158700E+01 1.291577E+00 1.153366E+01
7.168600E+01 1.292286E+00 1.153500E+01
7.178500E+01 1.292994E+00 1.153633E+01
7.188400E+01 1.293701E+00 1.153300E+01
7.198300E+01 1.294407E+00 1.153434E+01
7.208200E+01 1.295112E+00 1.153569E+01
7.218100E+01 1.295816E+00 1.153238E+01
7.228000E+01 1.296519E+00 1.153373E+01
7.237900E+01 1.297221E+00 1.153508E+01
7.247800E+01 1.297922E+00 1.153180E+01
7.257700E+01 1.298622E+00 1.153316E+01
7.267600E+01 1.299321E+00 1.153452E+01
7.277500E+01 1.300019E+00 1.153126E+01
7.287400E+01 1.300716E+00 1.153263E+01
7.297300E+01 1.301412E+00 1.153400E+01
7.307200E+01 1.302107E+00 1.153076E+01
7.317100E+01 1.302801E+00 1.153213E+01
7.327000E+01 1.303495E+00 1.153351E+01
7.336900E+01 1.304187E+00 1.153029E+01
7.346800E+01 1.304878E+00 1.153167E+01
7.356700E+01 1.305568E+00 1.152847E+01
7.366600E+01 1.306257E+00 1.152986E+01
7.376500E+01 1.306946E+00 1.153126E+01
7.386400E+01 1.307633E+00 1.152807E+01
7.396300E+01 1.308319E+00 1.152947E+01
7.406200E+01 1.309005E+00 1.153087E+01
7.416100E+01 1.309689E+00 1.152771E+01
7.426000E+01 1.310373E+00 1.152912E+01
7.435900E+01 1.311055E+00 1.153053E+01
7.445800E+01 1.311737E+00 1.152738E+01
7.455700E+01 1.312418E+00 1.152880E+01
7.465600E+01 1.313097E+00 1.153022E+01
7.475500E+01 1.313776E+00 1.152709E+01
7.485400E+01 1.314454E+00 1.152851E+01
7.495300E+01 1.315131E+00 1.152540E+01
7.505200E+01 1.315807E+00 1.152683E+01
7.515100E+01 1.316482E+00 1.152827E+01
7.525000E+01 1.317156E+00 1.152517E+01
7.534900E+01 1.317829E+00 1.152661E+01
7.544800E+01 1.318501E+00 1.152805E+01
7.554700E+01 1.319172E+00 1.152498E+01
7.564600E+01 1.319843E+00 1.152643E+01
7.574500E+01 1.320512E+00 1.152337E+01
7.584400E+01 1.321181E+00 1.152482E+01
7.594300E+01 1.321848E+00 1.152627E+01
7.604200E+01 1.322515E+00 1.152323E+01
7.614100E+01 1.323181E+00 1.152469E+01
7.624000E+01 1.323845E+00 1.152616E+01
7.633900E+01 1.324509E+00 1.152313E+01
7.643800E+01 1.325172E+00 1.152460E+01
7.653700E+01 1.325834E+00 1.152159E+01
7.663600E+01 1.326496E+00 1.152306E+01
7.673500E+01 1.327156E+00 1.152454E+01
7.683400E+01 1.327815E+00 1.152155E+01
7.693300E+01 1.328474E+00 1.152303E+01
7.703200E+01 1.329131E+00 1.152005E+01
7.713100E+01 1.329788E+00 1.152154E+01
7.723000E+01 1.330444E+00 1.152303E+01
7.732900E+01 1.331099E+00 1.152006E+01
7.742800E+01 1.331753E+00 1.152156E+01
7.752700E+01 1.332406E+00 1.151861E+01
7.762600E+01 1.333058E+00 1.152011E+01
7.772500E+01 1.333709E+00 1.152161E+01
7.782400E+01 1.334360E+00 1.151868E+01
7.792300E+01 1.335009E+00 1.152019E+01
7.802200E+01 1.335658E+00 1.152170E+01
7.812100E+01 1.336306E+00 1.151878E+01
7.822000E+01 1.336953E+00 1.152030E+01
7.831900E+01 1.337599E+00 1.151739E+01
7.841800E+01 1.338244E+00 1.151891E+01
7.851700E+01 1.338888E+00 1.152043E+01
7.861600E+01 1.339532E+00 1.151755E+01
7.871500E+01 1.340175E+00 1.151908E+01
7.881400E+01 1.340816E+00 1.151620E+01
7.891300E+01 1.341457E+00 1.151773E+01
7.901200E+01 1.342097E+00 1.151488E+01
7.911100E+01 1.342736E+00 1.151641E+01
7.921000E+01 1.343375E+00 1.151795E+01
7.930900E+01 1.344012E+00 1.151511E+01
7.940800E+01 1.344649E+00 1.151665E+01
7.950700E+01 1.345284E+00 1.151382E+01
7.960600E+01 1.345919E+00 1.151537E+01
7.970500E+01 1.346553E+00 1.151692E+01
7.980400E+01 1.347186E+00 1.151410E+01
7.990300E+01 1.347819E+00 1.151565E+01
8.000200E+01 1.348450E+00 1.151285E+01
8.010100E+01 1.349081E+00 1.151441E+01
8.020000E+01 1.349711E+00 1.151597E+01
8.029900E+01 1.350339E+00 1.151318E+01
8.039800E+01 1.350968E+00 1.151475E+01
8.049700E+01 1.351595E+00 1.151197E+01
8.059600E+01 1.352221E+00 1.151354E+01
8.069500E+01 1.352847E+00 1.151078E+01
8.079400E+01 1.353472E+00 1.151236E+01
8.089300E+01 1.354096E+00 1.151393E+01
8.099200E+01 1.354719E+00 1.151118E+01
8.109100E+01 1.355341E+00 1.151277E+01
8.119000E+01 1.355963E+00 1.151003E+01
8.128900E+01 1.356583E+00 1.151161E+01
8.138800E+01 1.357203E+00 1.150889E+01
8.148700E+01 1.357822E+00 1.151048E+01
8.158600E+01 1.358440E+00 1.151207E+01
8.168500E+01 1.359058E+00 1.150936E+01
8.178400E+01 1.359674E+00 1.151096E+01
8.188300E+01 1.360290E+00 1.150826E+01
8.198200E+01 1.360905E+00 1.150986E+01
8.208100E+01 1.361519E+00 1.150717E+01
8.218000E+01 1.362133E+00 1.150878E+01
8.227900E+01 1.362745E+00 1.151038E+01
8.237800E+01 1.363357E+00 1.150771E+01
8.247700E+01 1.363968E+00 1.150932E+01
8.257600E+01 1.364578E+00 1.150666E+01
8.267500E+01 1.365187E+00 1.150827E+01
8.277400E+01 1.365796E+00 1.150562E+01
8.287300E+01 1.366404E+00 1.150724E+01
8.297200E+01 1.367010E+00 1.150460E+01
8.307100E+01 1.367617E+00 1.150623E+01
8.317000E+01 1.368222E+00 1.150785E+01
8.326900E+01 1.368827E+00 1.150523E+01
8.336800E+01 1.369430E+00 1.150686E+01
8.346700E+01 1.370033E+00 1.150424E+01
8.356600E+01 1.370636E+00 1.150587E+01
8.366500E+01 1.371237E+00 1.150327E+01
8.376400E+01 1.371838E+00 1.150491E+01
8.386300E+01 1.372438E+00 1.150231E+01
8.396200E+01 1.373037E+00 1.150396E+01
8.406100E+01 1.373635E+00 1.150560E+01
8.416000E+01 1.374233E+00 1.150302E+01
8.425900E+01 1.374829E+00 1.150467E+01
8.435800E+01 1.375425E+00 1.150210E+01
8.445700E+01 1.376021E+00 1.150375E+01
8.455600E+01 1.376615E+00 1.150119E+01
8.465500E+01 1.377209E+00 1.150284E+01
8.475400E+01 1.377802E+00 1.150029E+01
8.485300E+01 1.378394E+00 1.150195E+01
8.495200E+01 1.378985E+00 1.149941E+01
8.505100E+01 1.379576E+00 1.150108E+01
8.515000E+01 1.380166E+00 1.149855E+01
8.524900E+01 1.380755E+00 1.150022E+01
8.534800E+01 1.381343E+00 1.150188E+01
8.544700E+01 1.381931E+00 1.149937E+01
8.554600E+01 1.382518E+00 1.150104E+01
8.564500E+01 1.383104E+00 1.149853E+01
8.574400E+01 1.383689E+00 1.150021E+01
8.584300E+01 1.384274E+00 1.149771E+01
8.594200E+01 1.384858E+00 1.149939E+01
8.604100E+01 1.385441E+00 1.149691E+01
8.614000E+01 1.386023E+00 1.149859E+01
8.623900E+01 1.386605E+00 1.149612E+01
8.633800E+01 1.387186E+00 1.149780E+01
8.643700E+01 1.387766E+00 1.149534E+01
8.653600E+01 1.388345E+00 1.149703E+01
8.663500E+01 1.388924E+00 1.149457E+01
8.673400E+01 1.389502E+00 1.149626E+01
8.683300E+01 1.390079E+00 1.149796E+01
8.693200E+01 1.390656E+00 1.149551E+01
8.703100E+01 1.391231E+00 1.149721E+01
8.713000E+01 1.391807E+00 1.149478E+01
8.722900E+01 1.392381E+00 1.149648E+01
8.732800E+01 1.392954E+00 1.149406E+01
8.742700E+01 1.393527E+00 1.149576E+01
8.752600E+01 1.394099E+00 1.149335E+01
8.762500E+01 1.394671E+00 1.149506E+01
8.772400E+01 1.395241E+00 1.149265E+01
8.782300E+01 1.395811E+00 1.149436E+01
8.792200E+01 1.396381E+00 1.149197E+01
8.802100E+01 1.396949E+00 1.149368E+01
8.812000E+01 1.397517E+00 1.149129E+01
8.821900E+01 1.398084E+00 1.149301E+01
8.831800E+01 1.398650E+00 1.149064E+01
8.841700E+01 1.399216E+00 1.149236E+01
8.851600E+01 1.399781E+00 1.148999E+01
8.861500E+01 1.400345E+00 1.149172E+01
8.871400E+01 1.400909E+00 1.148936E+01
8.881300E+01 1.401471E+00 1.149108E+01
8.891200E+01 1.402034E+00 1.148873E+01
8.901100E+01 1.402595E+00 1.149047E+01
8.911000E+01 1.403156E+00 1.148812E+01
8.920900E+01 1.403716E+00 1.148986E+01
8.930800E+01 1.404275E+00 1.148753E+01
8.940700E+01 1.404834E+00 1.148927E+01
8.950600E+01 1.405392E+00 1.148694E+01
8.960500E+01 1.405949E+00 1.148868E+01
8.970400E+01 1.406505E+00 1.148637E+01
8.980300E+01 1.407061E+00 1.148812E+01
8.990200E+01 1.407616E+00 1.148581E+01
9.000100E+01 1.408171E+00 1.148756E+01
9.010000E+01 1.408724E+00 1.148526E+01
9.019900E+01 1.409278E+00 1.148701E+01
9.029800E+01 1.409830E+00 1.148472E+01
9.039700E+01 1.410382E+00 1.148648E+01
9.049600E+01 1.410933E+00 1.148420E+01
9.059500E+01 1.411483E+00 1.148595E+01
9.069400E+01 1.412033E+00 1.148368E+01
9.079300E+01 1.412582E+00 1.148544E+01
9.089200E+01 1.413130E+00 1.148318E+01
9.099100E+01 1.413678E+00 1.148494E+01
9.109000E+01 1.414224E+00 1.148269E+01
9.118900E+01 1.414771E+00 1.148445E+01
9.128800E+01 1.415316E+00 1.148221E+01
9.138700E+01 1.415861E+00 1.148398E+01
9.148600E+01 1.416406E+00 1.148174E+01
9.158500E+01 1.416949E+00 1.148351E+01
9.168400E+01 1.417492E+00 1.148128E+01
9.178300E+01 1.418034E+00 1.148306E+01
9.188200E+01 1.418576E+00 1.148083E+01
9.198100E+01 1.419117E+00 1.148261E+01
9.208000E+01 1.419657E+00 1.148040E+01
9.217900E+01 1.420197E+00 1.148218E+01
9.227800E+01 1.420736E+00 1.147997E+01
9.237700E+01 1.421274E+00 1.148176E+01
9.247600E+01 1.421811E+00 1.147956E+01
9.257500E+01 1.422348E+00 1.148135E+01
9.267400E+01 1.422885E+00 1.147916E+01
9.277300E+01 1.423420E+00 1.148095E+01
9.287200E+01 1.423955E+00 1.147877E+01
9.297100E+01 1.424490E+00 1.148056E+01
9.307000E+01 1.425023E+00 1.147839E+01
9.316900E+01 1.425556E+00 1.147622E+01
9.326800E+01 1.426089E+00 1.147802E+01
9.336700E+01 1.426621E+00 1.147585E+01
9.346600E+01 1.427152E+00 1.147766E+01
9.356500E+01 1.427682E+00 1.147550E+01
9.366400E+01 1.428212E+00 1.147731E+01
9.376300E+01 1.428741E+00 1.147516E+01
9.386200E+01 1.429270E+00 1.147697E+01
9.396100E+01 1.429797E+00 1.147483E+01
9.406000E+01 1.430325E+00 1.147664E+01
9.415900E+01 1.430851E+00 1.147451E+01
9.425800E+01 1.431377E+00 1.147632E+01
9.435700E+01 1.431903E+00 1.147420E+01
9.445600E+01 1.432427E+00 1.147601E+01
9.455500E+01 1.432951E+00 1.147390E+01
9.465400E+01 1.433475E+00 1.147179E+01
9.475300E+01 1.433998E+00 1.147361E+01
9.485200E+01 1.434520E+00 1.147150E+01
9.495100E+01 1.435041E+00 1.147332E+01
9.505000E+01 1.435562E+00 1.147123E+01
9.514900E+01 1.436082E+00 1.147305E+01
9.524800E+01 1.436602E+00 1.147097E+01
9.534700E+01 1.437121E+00 1.147279E+01
9.544600E+01 1.437640E+00 1.147071E+01
9.554500E+01 1.438157E+00 1.147254E+01
9.564400E+01 1.438675E+00 1.147047E+01
9.574300E+01 1.439191E+00 1.147230E+01
9.584200E+01 1.439707E+00 1.147024E+01
9.594100E+01 1.440222E+00 1.146818E+01
9.604000E+01 1.440737E+00 1.147001E+01
9.613900E+01 1.441251E+00 1.146796E+01
9.623800E+01 1.441765E+00 1.146980E+01
9.633700E+01 1.442277E+00 1.146775E+01
9.643600E+01 1.442790E+00 1.146959E+01
9.653500E+01 1.443301E+00 1.146755E+01
9.663400E+01 1.443812E+00 1.146940E+01
9.673300E+01 1.444323E+00 1.146736E+01
9.683200E+01 1.444833E+00 1.146921E+01
9.693100E+01 1.445342E+00 1.146718E+01
9.703000E+01 1.445850E+00 1.146517E+01
9.712900E+01 1.446358E+00 1.146701E+01
9.722800E+01 1.446866E+00 1.146500E+01
9.732700E+01 1.447373E+00 1.146685E+01
9.742600E+01 1.447879E+00 1.146485E+01
9.752500E+01 1.448384E+00 1.146670E+01
9.762400E+01 1.448889E+00 1.146470E+01
9.772300E+01 1.449394E+00 1.146656E+01
9.782200E+01 1.449898E+00 1.146457E+01
9.792100E+01 1.450401E+00 1.146258E+01
9.802000E+01 1.450903E+00 1.146444E+01
9.811900E+01 1.451405E+00 1.146246E+01
9.821800E+01 1.451907E+00 1.146433E+01
9.831700E+01 1.452408E+00 1.146235E+01
9.841600E+01 1.452908E+00 1.146422E+01
9.851500E+01 1.453408E+00 1.146225E+01
9.861400E+01 1.453907E+00 1.146029E+01
9.871300E+01 1.454405E+00 1.146216E+01
9.881200E+01 1.454903E+00 1.146020E+01
9.891100E+01 1.455400E+00 1.146207E+01
9.901000E+01 1.455897E+00 1.146012E+01
9.910900E+01 1.456393E+00 1.146200E+01
9.920800E+01 1.456889E+00 1.146006E+01
9.930700E+01 1.457384E+00 1.146193E+01
9.940600E+01 1.457878E+00 1.146000E+01
9.950500E+01 1.458372E+00 1.145807E+01
9.960400E+01 1.458865E+00 1.145994E+01
9.970300E+01 1.459358E+00 1.145802E+01
9.980200E+01 1.459850E+00 1.145990E+01
9.990100E+01 1.460342E+00 1.145798E+01
