1.000000E+00 NAN NAN
1.099000E+00 1.124301E-01 2.727159E+01
1.198000E+00 1.162432E-01 2.276911E+01
1.297000E+00 1.200619E-01 2.024558E+01
1.396000E+00 1.238784E-01 1.935265E+01
1.495000E+00 1.276812E-01 1.863274E+01
1.594000E+00 1.314646E-01 1.804397E+01
1.693000E+00 1.352242E-01 1.755694E+01
1.792000E+00 1.389568E-01 1.701155E+01
1.891000E+00 1.426611E-01 1.667875E+01
1.990000E+00 1.463350E-01 1.627712E+01
2.089000E+00 1.499779E-01 1.593251E+01
2.188000E+00 1.535893E-01 1.563494E+01
2.287000E+00 1.571687E-01 1.537663E+01
2.386000E+00 1.607162E-01 1.515143E+01
2.485000E+00 1.642316E-01 1.486568E+01
2.584000E+00 1.677154E-01 1.469671E+01
2.683000E+00 1.711677E-01 1.454819E+01
2.782000E+00 1.745887E-01 1.434011E+01
2.881000E+00 1.779789E-01 1.415389E+01
2.980000E+00 1.813388E-01 1.405736E+01
3.079000E+00 1.846688E-01 1.390404E+01
3.178000E+00 1.879692E-01 1.376572E+01
3.277000E+00 1.912407E-01 1.364067E+01
3.376000E+00 1.944836E-01 1.352743E+01
3.475000E+00 1.976984E-01 1.342475E+01
3.574000E+00 2.008857E-01 1.333153E+01
3.673000E+00 2.040458E-01 1.324683E+01
3.772000E+00 2.071794E-01 1.316984E+01
3.871000E+00 2.102866E-01 1.304738E+01
3.970000E+00 2.133682E-01 1.298501E+01
4.069000E+00 2.164245E-01 1.292835E+01
4.168000E+00 2.194559E-01 1.282847E+01
4.267000E+00 2.224630E-01 1.278283E+01
4.366000E+00 2.254460E-01 1.269546E+01
4.465000E+00 2.284054E-01 1.265903E+01
4.564000E+00 2.313417E-01 1.258223E+01
4.663000E+00 2.342552E-01 1.255356E+01
4.762000E+00 2.371462E-01 1.248579E+01
4.861000E+00 2.400152E-01 1.242251E+01
4.960000E+00 2.428626E-01 1.240371E+01
5.059000E+00 2.456886E-01 1.234761E+01
5.158000E+00 2.484936E-01 1.229514E+01
5.257000E+00 2.512779E-01 1.224605E+01
5.356000E+00 2.540420E-01 1.223748E+01
5.455000E+00 2.567860E-01 1.219378E+01
5.554000E+00 2.595104E-01 1.215286E+01
5.653000E+00 2.622154E-01 1.211453E+01
5.752000E+00 2.649013E-01 1.207865E+01
5.851000E+00 2.675683E-01 1.204505E+01
5.950000E+00 2.702169E-01 1.201359E+01
6.049000E+00 2.728472E-01 1.198416E+01
6.148000E+00 2.754596E-01 1.195663E+01
6.247000E+00 2.780543E-01 1.193088E+01
6.346000E+00 2.806315E-01 1.190684E+01
6.445000E+00 2.831915E-01 1.185306E+01
6.544000E+00 2.857345E-01 1.183254E+01
6.643000E+00 2.882608E-01 1.181343E+01
6.742000E+00 2.907706E-01 1.179566E+01
6.841000E+00 2.932642E-01 1.177916E+01
6.940000E+00 2.957416E-01 1.173460E+01
7.039000E+00 2.982033E-01 1.172079E+01
7.138000E+00 3.006493E-01 1.170807E+01
7.237000E+00 3.030799E-01 1.169636E+01
7.336000E+00 3.054953E-01 1.165777E+01
7.435000E+00 3.078957E-01 1.164827E+01
7.534000E+00 3.102812E-01 1.161246E+01
7.633000E+00 3.126522E-01 1.160494E+01
7.732000E+00 3.150087E-01 1.159821E+01
7.831000E+00 3.173509E-01 1.156595E+01
7.930000E+00 3.196790E-01 1.156094E+01
8.029000E+00 3.219932E-01 1.153090E+01
8.128000E+00 3.242937E-01 1.152746E+01
8.227000E+00 3.265805E-01 1.149947E+01
8.326000E+00 3.288540E-01 1.149746E+01
8.425000E+00 3.311142E-01 1.147134E+01
8.524000E+00 3.333613E-01 1.147064E+01
8.623000E+00 3.355954E-01 1.144625E+01
8.722000E+00 3.378168E-01 1.142281E+01
8.821000E+00 3.400255E-01 1.142395E+01
8.920000E+00 3.422217E-01 1.140204E+01
9.019000E+00 3.444056E-01 1.140423E+01
9.118000E+00 3.465772E-01 1.138374E+01
9.217000E+00 3.487367E-01 1.136403E+01
9.316000E+00 3.508842E-01 1.134509E+01
9.415000E+00 3.530199E-01 1.134927E+01
9.514000E+00 3.551440E-01 1.133154E+01
9.613000E+00 3.572564E-01 1.131449E+01
9.712000E+00 3.593575E-01 1.131994E+01
9.811000E+00 3.614471E-01 1.130397E+01
9.910000E+00 3.635256E-01 1.128862E+01
1.000900E+01 3.655930E-01 1.127386E+01
1.010800E+01 3.676494E-01 1.125968E+01
1.020700E+01 3.696949E-01 1.126701E+01
1.030600E+01 3.717297E-01 1.125372E+01
1.040500E+01 3.737539E-01 1.124096E+01
1.050400E+01 3.757675E-01 1.122870E+01
1.060300E+01 3.777707E-01 1.121692E+01
1.070200E+01 3.797636E-01 1.120561E+01
1.080100E+01 3.817463E-01 1.119475E+01
1.090000E+01 3.837189E-01 1.120422E+01
1.099900E+01 3.856815E-01 1.119407E+01
1.109800E+01 3.876341E-01 1.118434E+01
1.119700E+01 3.895769E-01 1.117501E+01
1.129600E+01 3.915100E-01 1.116607E+01
1.139500E+01 3.934334E-01 1.115751E+01
1.149400E+01 3.953473E-01 1.114931E+01
1.159300E+01 3.972517E-01 1.114146E+01
1.169200E+01 3.991467E-01 1.113396E+01
1.179100E+01 4.010325E-01 1.112679E+01
1.189000E+01 4.029091E-01 1.111995E+01
1.198900E+01 4.047766E-01 1.111342E+01
1.208800E+01 4.066351E-01 1.110719E+01
1.218700E+01 4.084847E-01 1.110126E+01
1.228600E+01 4.103253E-01 1.109562E+01
1.238500E+01 4.121572E-01 1.109026E+01
1.248400E+01 4.139804E-01 1.108518E+01
1.258300E+01 4.157950E-01 1.106260E+01
1.268200E+01 4.176010E-01 1.105813E+01
1.278100E+01 4.193985E-01 1.105392E+01
1.288000E+01 4.211877E-01 1.104995E+01
1.297900E+01 4.229685E-01 1.104621E+01
1.307800E+01 4.247411E-01 1.104270E+01
1.317700E+01 4.265055E-01 1.103942E+01
1.327600E+01 4.282618E-01 1.103635E+01
1.337500E+01 4.300100E-01 1.101655E+01
1.347400E+01 4.317503E-01 1.101399E+01
1.357300E+01 4.334826E-01 1.101163E+01
1.367200E+01 4.352071E-01 1.100947E+01
1.377100E+01 4.369239E-01 1.100749E+01
1.387000E+01 4.386329E-01 1.098922E+01
1.396900E+01 4.403343E-01 1.098769E+01
1.406800E+01 4.420280E-01 1.098634E+01
1.416700E+01 4.437143E-01 1.098515E+01
1.426600E+01 4.453931E-01 1.096801E+01
1.436500E+01 4.470645E-01 1.096723E+01
1.446400E+01 4.487286E-01 1.096661E+01
1.456300E+01 4.503853E-01 1.096614E+01
1.466200E+01 4.520349E-01 1.095002E+01
1.476100E+01 4.536773E-01 1.094992E+01
1.486000E+01 4.553126E-01 1.094996E+01
1.495900E+01 4.569408E-01 1.093458E+01
1.505800E+01 4.585621E-01 1.093496E+01
1.515700E+01 4.601764E-01 1.093547E+01
1.525600E+01 4.617838E-01 1.092079E+01
1.535500E+01 4.633844E-01 1.092162E+01
1.545400E+01 4.649782E-01 1.092257E+01
1.555300E+01 4.665653E-01 1.090853E+01
1.565200E+01 4.681457E-01 1.090978E+01
1.575100E+01 4.697194E-01 1.091115E+01
1.585000E+01 4.712866E-01 1.089771E+01
1.594900E+01 4.728473E-01 1.089936E+01
1.604800E+01 4.744015E-01 1.090111E+01
1.614700E+01 4.759493E-01 1.088825E+01
1.624600E+01 4.774907E-01 1.089025E+01
1.634500E+01 4.790258E-01 1.087779E+01
1.644400E+01 4.805546E-01 1.088004E+01
1.654300E+01 4.820771E-01 1.086795E+01
1.664200E+01 4.835935E-01 1.087044E+01
1.674100E+01 4.851037E-01 1.087303E+01
1.684000E+01 4.866077E-01 1.086143E+01
1.693900E+01 4.881058E-01 1.086424E+01
1.703800E+01 4.895978E-01 1.085298E+01
1.713700E+01 4.910839E-01 1.085600E+01
1.723600E+01 4.925640E-01 1.084508E+01
1.733500E+01 4.940383E-01 1.084830E+01
1.743400E+01 4.955067E-01 1.083769E+01
1.753300E+01 4.969693E-01 1.084111E+01
1.763200E+01 4.984262E-01 1.083080E+01
1.773100E+01 4.998773E-01 1.083441E+01
1.783000E+01 5.013228E-01 1.082440E+01
1.792900E+01 5.027627E-01 1.082818E+01
1.802800E+01 5.041969E-01 1.081846E+01
1.812700E+01 5.056256E-01 1.082241E+01
1.822600E+01 5.070488E-01 1.081296E+01
1.832500E+01 5.084665E-01 1.081708E+01
1.842400E+01 5.098788E-01 1.080789E+01
1.852300E+01 5.112856E-01 1.081217E+01
1.862200E+01 5.126871E-01 1.080324E+01
1.872100E+01 5.140833E-01 1.079446E+01
1.882000E+01 5.154742E-01 1.079898E+01
1.891900E+01 5.168598E-01 1.079045E+01
1.901800E+01 5.182402E-01 1.079512E+01
1.911700E+01 5.196154E-01 1.078681E+01
1.921600E+01 5.209854E-01 1.079162E+01
1.931500E+01 5.223504E-01 1.078354E+01
1.941400E+01 5.237102E-01 1.077560E+01
1.951300E+01 5.250650E-01 1.078062E+01
1.961200E+01 5.264148E-01 1.077289E+01
1.971100E+01 5.277597E-01 1.076530E+01
1.981000E+01 5.290996E-01 1.077051E+01
1.990900E+01 5.304345E-01 1.076312E+01
2.000800E+01 5.317646E-01 1.076846E+01
2.010700E+01 5.330899E-01 1.076127E+01
2.020600E+01 5.344103E-01 1.075419E+01
2.030500E+01 5.357260E-01 1.075971E+01
2.040400E+01 5.370369E-01 1.075283E+01
2.050300E+01 5.383430E-01 1.074606E+01
2.060200E+01 5.396445E-01 1.075175E+01
2.070100E+01 5.409414E-01 1.074516E+01
2.080000E+01 5.422335E-01 1.073868E+01
2.089900E+01 5.435211E-01 1.074454E+01
2.099800E+01 5.448042E-01 1.073823E+01
2.109700E+01 5.460826E-01 1.073203E+01
2.119600E+01 5.473566E-01 1.072593E+01
2.129500E+01 5.486261E-01 1.073200E+01
2.139400E+01 5.498911E-01 1.072606E+01
2.149300E+01 5.511517E-01 1.072022E+01
2.159200E+01 5.524080E-01 1.072643E+01
2.169100E+01 5.536598E-01 1.072075E+01
2.179000E+01 5.549073E-01 1.071516E+01
2.188900E+01 5.561505E-01 1.070966E+01
2.198800E+01 5.573894E-01 1.071606E+01
2.208700E+01 5.586241E-01 1.071071E+01
2.218600E+01 5.598545E-01 1.070545E+01
2.228500E+01 5.610807E-01 1.070027E+01
2.238400E+01 5.623028E-01 1.070684E+01
2.248300E+01 5.635207E-01 1.070181E+01
2.258200E+01 5.647345E-01 1.069685E+01
2.268100E+01 5.659441E-01 1.069199E+01
2.278000E+01 5.671497E-01 1.069872E+01
2.287900E+01 5.683513E-01 1.069398E+01
2.297800E+01 5.695488E-01 1.068932E+01
2.307700E+01 5.707423E-01 1.068473E+01
2.317600E+01 5.719319E-01 1.068023E+01
2.327500E+01 5.731175E-01 1.068716E+01
2.337400E+01 5.742992E-01 1.068277E+01
2.347300E+01 5.754769E-01 1.067846E+01
2.357200E+01 5.766508E-01 1.067423E+01
2.367100E+01 5.778209E-01 1.067007E+01
2.377000E+01 5.789871E-01 1.067717E+01
2.386900E+01 5.801495E-01 1.067311E+01
2.396800E+01 5.813081E-01 1.066913E+01
2.406700E+01 5.824630E-01 1.066522E+01
2.416600E+01 5.836141E-01 1.066138E+01
2.426500E+01 5.847615E-01 1.065760E+01
2.436400E+01 5.859053E-01 1.066490E+01
2.446300E+01 5.870453E-01 1.066122E+01
2.456200E+01 5.881817E-01 1.065761E+01
2.466100E+01 5.893145E-01 1.065407E+01
2.476000E+01 5.904436E-01 1.065059E+01
2.485900E+01 5.915692E-01 1.064717E+01
2.495800E+01 5.926912E-01 1.064381E+01
2.505700E+01 5.938097E-01 1.064051E+01
2.515600E+01 5.949247E-01 1.064805E+01
2.525500E+01 5.960361E-01 1.064484E+01
2.535400E+01 5.971441E-01 1.064169E+01
2.545300E+01 5.982486E-01 1.063860E+01
2.555200E+01 5.993497E-01 1.063557E+01
2.565100E+01 6.004474E-01 1.063259E+01
2.575000E+01 6.015416E-01 1.062967E+01
2.584900E+01 6.026325E-01 1.062680E+01
2.594800E+01 6.037201E-01 1.062399E+01
2.604700E+01 6.048043E-01 1.062124E+01
2.614600E+01 6.058852E-01 1.062903E+01
2.624500E+01 6.069627E-01 1.062635E+01
2.634400E+01 6.080370E-01 1.062372E+01
2.644300E+01 6.091081E-01 1.062114E+01
2.654200E+01 6.101759E-01 1.061862E+01
2.664100E+01 6.112405E-01 1.061614E+01
2.674000E+01 6.123019E-01 1.061372E+01
2.683900E+01 6.133600E-01 1.061134E+01
2.693800E+01 6.144151E-01 1.060901E+01
2.703700E+01 6.154670E-01 1.060673E+01
2.713600E+01 6.165157E-01 1.060449E+01
2.723500E+01 6.175614E-01 1.060230E+01
2.733400E+01 6.186039E-01 1.060016E+01
2.743300E+01 6.196434E-01 1.059806E+01
2.753200E+01 6.206798E-01 1.059601E+01
2.763100E+01 6.217132E-01 1.059400E+01
2.773000E+01 6.227435E-01 1.059204E+01
2.782900E+01 6.237709E-01 1.059012E+01
2.792800E+01 6.247952E-01 1.058824E+01
2.802700E+01 6.258166E-01 1.058640E+01
2.812600E+01 6.268350E-01 1.058460E+01
2.822500E+01 6.278505E-01 1.058285E+01
2.832400E+01 6.288631E-01 1.058114E+01
2.842300E+01 6.298728E-01 1.057946E+01
2.852200E+01 6.308795E-01 1.057783E+01
2.862100E+01 6.318834E-01 1.057623E+01
2.872000E+01 6.328845E-01 1.057468E+01
2.881900E+01 6.338827E-01 1.057316E+01
2.891800E+01 6.348780E-01 1.057168E+01
2.901700E+01 6.358706E-01 1.057024E+01
2.911600E+01 6.368604E-01 1.056883E+01
2.921500E+01 6.378474E-01 1.056747E+01
2.931400E+01 6.388316E-01 1.056613E+01
2.941300E+01 6.398131E-01 1.056484E+01
2.951200E+01 6.407919E-01 1.056358E+01
2.961100E+01 6.417679E-01 1.056235E+01
2.971000E+01 6.427413E-01 1.056116E+01
2.980900E+01 6.437119E-01 1.056000E+01
2.990800E+01 6.446799E-01 1.055888E+01
3.000700E+01 6.456452E-01 1.055779E+01
3.010600E+01 6.466079E-01 1.055673E+01
3.020500E+01 6.475680E-01 1.055571E+01
3.030400E+01 6.485254E-01 1.055472E+01
3.040300E+01 6.494803E-01 1.055376E+01
3.050200E+01 6.504325E-01 1.055283E+01
3.060100E+01 6.513822E-01 1.055193E+01
3.070000E+01 6.523294E-01 1.055107E+01
3.079900E+01 6.532740E-01 1.054081E+01
3.089800E+01 6.542160E-01 1.054002E+01
3.099700E+01 6.551556E-01 1.053927E+01
3.109600E+01 6.560926E-01 1.053854E+01
3.119500E+01 6.570272E-01 1.053785E+01
3.129400E+01 6.579593E-01 1.053718E+01
3.139300E+01 6.588889E-01 1.053654E+01
3.149200E+01 6.598161E-01 1.053593E+01
3.159100E+01 6.607409E-01 1.053534E+01
3.169000E+01 6.616632E-01 1.053479E+01
3.178900E+01 6.625831E-01 1.053426E+01
3.188800E+01 6.635006E-01 1.052455E+01
3.198700E+01 6.644158E-01 1.052409E+01
3.208600E+01 6.653286E-01 1.052366E+01
3.218500E+01 6.662390E-01 1.052326E+01
3.228400E+01 6.671471E-01 1.052288E+01
3.238300E+01 6.680528E-01 1.052253E+01
3.248200E+01 6.689563E-01 1.052221E+01
3.258100E+01 6.698574E-01 1.052191E+01
3.268000E+01 6.707562E-01 1.051256E+01
3.277900E+01 6.716528E-01 1.051233E+01
3.287800E+01 6.725470E-01 1.051212E+01
3.297700E+01 6.734391E-01 1.051193E+01
3.307600E+01 6.743288E-01 1.051177E+01
3.317500E+01 6.752164E-01 1.051163E+01
3.327400E+01 6.761017E-01 1.051151E+01
3.337300E+01 6.769848E-01 1.050248E+01
3.347200E+01 6.778657E-01 1.050242E+01
3.357100E+01 6.787444E-01 1.050239E+01
3.367000E+01 6.796210E-01 1.050238E+01
3.376900E+01 6.804954E-01 1.050239E+01
3.386800E+01 6.813676E-01 1.050243E+01
3.396700E+01 6.822377E-01 1.050249E+01
3.406600E+01 6.831056E-01 1.049374E+01
3.416500E+01 6.839714E-01 1.049385E+01
3.426400E+01 6.848352E-01 1.049399E+01
3.436300E+01 6.856968E-01 1.049414E+01
3.446200E+01 6.865563E-01 1.049432E+01
3.456100E+01 6.874138E-01 1.048577E+01
3.466000E+01 6.882692E-01 1.048600E+01
3.475900E+01 6.891225E-01 1.048626E+01
3.485800E+01 6.899738E-01 1.048653E+01
3.495700E+01 6.908231E-01 1.048682E+01
3.505600E+01 6.916703E-01 1.048713E+01
3.515500E+01 6.925155E-01 1.047881E+01
3.525400E+01 6.933587E-01 1.047917E+01
3.535300E+01 6.941999E-01 1.047955E+01
3.545200E+01 6.950392E-01 1.047995E+01
3.555100E+01 6.958764E-01 1.048037E+01
3.565000E+01 6.967117E-01 1.047223E+01
3.574900E+01 6.975451E-01 1.047270E+01
3.584800E+01 6.983765E-01 1.047319E+01
3.594700E+01 6.992060E-01 1.047369E+01
3.604600E+01 7.000335E-01 1.046570E+01
3.614500E+01 7.008591E-01 1.046625E+01
3.624400E+01 7.016829E-01 1.046682E+01
3.634300E+01 7.025047E-01 1.046741E+01
3.644200E+01 7.033246E-01 1.046801E+01
3.654100E+01 7.041427E-01 1.046019E+01
3.664000E+01 7.049589E-01 1.046084E+01
3.673900E+01 7.057733E-01 1.046150E+01
3.683800E+01 7.065858E-01 1.046218E+01
3.693700E+01 7.073964E-01 1.045450E+01
3.703600E+01 7.082052E-01 1.045522E+01
3.713500E+01 7.090122E-01 1.045596E+01
3.723400E+01 7.098174E-01 1.045672E+01
3.733300E+01 7.106208E-01 1.044917E+01
3.743200E+01 7.114224E-01 1.044997E+01
3.753100E+01 7.122222E-01 1.045078E+01
3.763000E+01 7.130202E-01 1.045161E+01
3.772900E+01 7.138165E-01 1.044418E+01
3.782800E+01 7.146110E-01 1.044505E+01
3.792700E+01 7.154037E-01 1.044594E+01
3.802600E+01 7.161948E-01 1.044684E+01
3.812500E+01 7.169840E-01 1.043953E+01
3.822400E+01 7.177716E-01 1.044047E+01
3.832300E+01 7.185574E-01 1.044142E+01
3.842200E+01 7.193415E-01 1.044239E+01
3.852100E+01 7.201239E-01 1.043521E+01
3.862000E+01 7.209047E-01 1.043621E+01
3.871900E+01 7.216837E-01 1.043723E+01
3.881800E+01 7.224611E-01 1.043826E+01
3.891700E+01 7.232368E-01 1.043120E+01
3.901600E+01 7.240108E-01 1.043226E+01
3.911500E+01 7.247832E-01 1.043335E+01
3.921400E+01 7.255539E-01 1.042637E+01
3.931300E+01 7.263230E-01 1.042749E+01
3.941200E+01 7.270905E-01 1.042862E+01
3.951100E+01 7.278563E-01 1.042976E+01
3.961000E+01 7.286205E-01 1.042289E+01
3.970900E+01 7.293832E-01 1.042407E+01
3.980800E+01 7.301442E-01 1.042526E+01
3.990700E+01 7.309036E-01 1.041848E+01
4.000600E+01 7.316615E-01 1.041970E+01
4.010500E+01 7.324177E-01 1.042094E+01
4.020400E+01 7.331724E-01 1.041424E+01
4.030300E+01 7.339256E-01 1.041551E+01
4.040200E+01 7.346772E-01 1.041679E+01
4.050100E+01 7.354272E-01 1.041017E+01
4.060000E+01 7.361757E-01 1.041148E+01
4.069900E+01 7.369226E-01 1.041281E+01
4.079800E+01 7.376681E-01 1.041414E+01
4.089700E+01 7.384120E-01 1.040762E+01
4.099600E+01 7.391544E-01 1.040899E+01
4.109500E+01 7.398953E-01 1.041036E+01
4.119400E+01 7.406347E-01 1.040393E+01
4.129300E+01 7.413726E-01 1.040533E+01
4.139200E+01 7.421090E-01 1.040675E+01
4.149100E+01 7.428439E-01 1.040039E+01
4.159000E+01 7.435774E-01 1.040183E+01
4.168900E+01 7.443094E-01 1.040329E+01
4.178800E+01 7.450399E-01 1.039700E+01
4.188700E+01 7.457690E-01 1.039849E+01
4.198600E+01 7.464966E-01 1.039998E+01
4.208500E+01 7.472228E-01 1.039377E+01
4.218400E+01 7.479475E-01 1.039529E+01
4.228300E+01 7.486709E-01 1.039682E+01
4.238200E+01 7.493928E-01 1.039068E+01
4.248100E+01 7.501133E-01 1.039224E+01
4.258000E+01 7.508324E-01 1.038615E+01
4.267900E+01 7.515500E-01 1.038774E+01
4.277800E+01 7.522663E-01 1.038933E+01
4.287700E+01 7.529813E-01 1.038331E+01
4.297600E+01 7.536948E-01 1.038493E+01
4.307500E+01 7.544069E-01 1.038656E+01
4.317400E+01 7.551177E-01 1.038061E+01
4.327300E+01 7.558271E-01 1.038227E+01
4.337200E+01 7.565352E-01 1.038393E+01
4.347100E+01 7.572419E-01 1.037804E+01
4.357000E+01 7.579472E-01 1.037974E+01
4.366900E+01 7.586512E-01 1.037390E+01
4.376800E+01 7.593538E-01 1.037561E+01
4.386700E+01 7.600551E-01 1.037734E+01
4.396600E+01 7.607550E-01 1.037156E+01
4.406500E+01 7.614536E-01 1.037331E+01
4.416400E+01 7.621509E-01 1.037507E+01
4.426300E+01 7.628469E-01 1.036935E+01
4.436200E+01 7.635416E-01 1.037113E+01
4.446100E+01 7.642351E-01 1.036547E+01
4.456000E+01 7.649273E-01 1.036727E+01
4.465900E+01 7.656182E-01 1.036908E+01
4.475800E+01 7.663080E-01 1.036347E+01
4.485700E+01 7.669965E-01 1.036530E+01
4.495600E+01 7.676839E-01 1.035974E+01
4.505500E+01 7.683701E-01 1.036159E+01
4.515400E+01 7.690551E-01 1.036346E+01
4.525300E+01 7.697390E-01 1.035795E+01
4.535200E+01 7.704217E-01 1.035983E+01
4.545100E+01 7.711033E-01 1.035437E+01
4.555000E+01 7.717837E-01 1.035627E+01
4.564900E+01 7.724630E-01 1.035818E+01
4.574800E+01 7.731412E-01 1.035277E+01
4.584700E+01 7.738181E-01 1.035470E+01
4.594600E+01 7.744940E-01 1.034933E+01
4.604500E+01 7.751687E-01 1.035128E+01
4.614400E+01 7.758423E-01 1.035324E+01
4.624300E+01 7.765147E-01 1.034792E+01
4.634200E+01 7.771860E-01 1.034990E+01
4.644100E+01 7.778562E-01 1.034463E+01
4.654000E+01 7.785252E-01 1.034662E+01
4.663900E+01 7.791932E-01 1.034862E+01
4.673800E+01 7.798600E-01 1.034340E+01
4.683700E+01 7.805257E-01 1.034542E+01
4.693600E+01 7.811903E-01 1.034024E+01
4.703500E+01 7.818538E-01 1.034228E+01
4.713400E+01 7.825162E-01 1.033713E+01
4.723300E+01 7.831775E-01 1.033919E+01
4.733200E+01 7.838377E-01 1.034125E+01
4.743100E+01 7.844968E-01 1.033616E+01
4.753000E+01 7.851548E-01 1.033824E+01
4.762900E+01 7.858118E-01 1.033319E+01
4.772800E+01 7.864677E-01 1.033528E+01
4.782700E+01 7.871225E-01 1.033027E+01
4.792600E+01 7.877762E-01 1.033238E+01
4.802500E+01 7.884289E-01 1.032740E+01
4.812400E+01 7.890805E-01 1.032953E+01
4.822300E+01 7.897310E-01 1.033167E+01
4.832200E+01 7.903805E-01 1.032674E+01
4.842100E+01 7.910289E-01 1.032889E+01
4.852000E+01 7.916762E-01 1.032399E+01
4.861900E+01 7.923226E-01 1.032617E+01
4.871800E+01 7.929678E-01 1.032130E+01
4.881700E+01 7.936120E-01 1.032349E+01
4.891600E+01 7.942552E-01 1.031866E+01
4.901500E+01 7.948974E-01 1.032087E+01
4.911400E+01 7.955385E-01 1.032308E+01
4.921300E+01 7.961786E-01 1.031829E+01
4.931200E+01 7.968176E-01 1.032052E+01
4.941100E+01 7.974556E-01 1.031577E+01
4.951000E+01 7.980927E-01 1.031801E+01
4.960900E+01 7.987286E-01 1.031329E+01
4.970800E+01 7.993636E-01 1.031555E+01
4.980700E+01 7.999976E-01 1.031087E+01
4.990600E+01 8.006305E-01 1.031314E+01
5.000500E+01 8.012625E-01 1.030849E+01
5.010400E+01 8.018934E-01 1.031077E+01
5.020300E+01 8.025233E-01 1.030616E+01
5.030200E+01 8.031523E-01 1.030846E+01
5.040100E+01 8.037802E-01 1.030387E+01
5.050000E+01 8.044072E-01 1.030619E+01
5.059900E+01 8.050331E-01 1.030163E+01
5.069800E+01 8.056581E-01 1.030396E+01
5.079700E+01 8.062821E-01 1.030630E+01
5.089600E+01 8.069051E-01 1.030178E+01
5.099500E+01 8.075272E-01 1.030413E+01
5.109400E+01 8.081482E-01 1.029965E+01
5.119300E+01 8.087683E-01 1.030201E+01
5.129200E+01 8.093874E-01 1.029756E+01
5.139100E+01 8.100055E-01 1.029994E+01
5.149000E+01 8.106227E-01 1.029552E+01
5.158900E+01 8.112390E-01 1.029791E+01
5.168800E+01 8.118542E-01 1.029351E+01
5.178700E+01 8.124685E-01 1.029592E+01
5.188600E+01 8.130819E-01 1.029155E+01
5.198500E+01 8.136943E-01 1.029397E+01
5.208400E+01 8.143057E-01 1.028964E+01
5.218300E+01 8.149162E-01 1.029207E+01
5.228200E+01 8.155258E-01 1.028776E+01
5.238100E+01 8.161344E-01 1.029020E+01
5.248000E+01 8.167421E-01 1.028593E+01
5.257900E+01 8.173489E-01 1.028838E+01
5.267800E+01 8.179547E-01 1.028413E+01
5.277700E+01 8.185596E-01 1.028660E+01
5.287600E+01 8.191635E-01 1.028238E+01
5.297500E+01 8.197666E-01 1.028486E+01
5.307400E+01 8.203687E-01 1.028067E+01
5.317300E+01 8.209699E-01 1.028316E+01
5.327200E+01 8.215701E-01 1.027899E+01
5.337100E+01 8.221695E-01 1.028150E+01
5.347000E+01 8.227679E-01 1.027736E+01
5.356900E+01 8.233655E-01 1.027988E+01
5.366800E+01 8.239621E-01 1.027576E+01
5.376700E+01 8.245578E-01 1.027167E+01
5.386600E+01 8.251527E-01 1.027421E+01
5.396500E+01 8.257466E-01 1.027014E+01
5.406400E+01 8.263396E-01 1.027269E+01
5.416300E+01 8.269317E-01 1.026865E+01
5.426200E+01 8.275230E-01 1.027120E+01
5.436100E+01 8.281133E-01 1.026719E+01
5.446000E+01 8.287028E-01 1.026976E+01
5.455900E+01 8.292913E-01 1.026577E+01
5.465800E+01 8.298790E-01 1.026835E+01
5.475700E+01 8.304658E-01 1.026439E+01
5.485600E+01 8.310518E-01 1.026698E+01
5.495500E+01 8.316368E-01 1.026304E+01
5.505400E+01 8.322210E-01 1.026564E+01
5.515300E+01 8.328043E-01 1.026173E+01
5.525200E+01 8.333868E-01 1.025783E+01
5.535100E+01 8.339683E-01 1.026045E+01
5.545000E+01 8.345491E-01 1.025658E+01
5.554900E+01 8.351289E-01 1.025920E+01
5.564800E+01 8.357079E-01 1.025536E+01
5.574700E+01 8.362860E-01 1.025800E+01
5.584600E+01 8.368633E-01 1.025417E+01
5.594500E+01 8.374397E-01 1.025682E+01
5.604400E+01 8.380153E-01 1.025302E+01
5.614300E+01 8.385900E-01 1.025568E+01
5.624200E+01 8.391639E-01 1.025190E+01
5.634100E+01 8.397369E-01 1.024814E+01
5.644000E+01 8.403091E-01 1.025082E+01
5.653900E+01 8.408804E-01 1.024708E+01
5.663800E+01 8.414509E-01 1.024977E+01
5.673700E+01 8.420206E-01 1.024605E+01
5.683600E+01 8.425895E-01 1.024875E+01
5.693500E+01 8.431575E-01 1.024506E+01
5.703400E+01 8.437246E-01 1.024776E+01
5.713300E+01 8.442910E-01 1.024409E+01
5.723200E+01 8.448565E-01 1.024044E+01
5.733100E+01 8.454212E-01 1.024315E+01
5.743000E+01 8.459851E-01 1.023952E+01
5.752900E+01 8.465482E-01 1.024225E+01
5.762800E+01 8.471104E-01 1.023864E+01
5.772700E+01 8.476718E-01 1.024138E+01
5.782600E+01 8.482325E-01 1.023779E+01
5.792500E+01 8.487923E-01 1.023422E+01
5.802400E+01 8.493513E-01 1.023697E+01
5.812300E+01 8.499095E-01 1.023342E+01
5.822200E+01 8.504669E-01 1.023618E+01
5.832100E+01 8.510235E-01 1.023265E+01
5.842000E+01 8.515792E-01 1.023542E+01
5.851900E+01 8.521342E-01 1.023191E+01
5.861800E+01 8.526884E-01 1.022841E+01
5.871700E+01 8.532418E-01 1.023120E+01
5.881600E+01 8.537944E-01 1.022772E+01
5.891500E+01 8.543463E-01 1.023051E+01
5.901400E+01 8.548973E-01 1.022706E+01
5.911300E+01 8.554475E-01 1.022986E+01
5.921200E+01 8.559970E-01 1.022642E+01
5.931100E+01 8.565457E-01 1.022301E+01
5.941000E+01 8.570936E-01 1.022582E+01
5.950900E+01 8.576407E-01 1.022242E+01
5.960800E+01 8.581870E-01 1.022524E+01
5.970700E+01 8.587326E-01 1.022186E+01
5.980600E+01 8.592774E-01 1.021850E+01
5.990500E+01 8.598214E-01 1.022133E+01
6.000400E+01 8.603647E-01 1.021798E+01
6.010300E+01 8.609072E-01 1.022082E+01
6.020200E+01 8.614489E-01 1.021750E+01
6.030100E+01 8.619899E-01 1.021418E+01
6.040000E+01 8.625301E-01 1.021704E+01
6.049900E+01 8.630695E-01 1.021374E+01
6.059800E+01 8.636082E-01 1.021660E+01
6.069700E+01 8.641461E-01 1.021333E+01
6.079600E+01 8.646833E-01 1.021007E+01
6.089500E+01 8.652197E-01 1.021294E+01
6.099400E+01 8.657554E-01 1.020970E+01
6.109300E+01 8.662903E-01 1.021258E+01
6.119200E+01 8.668245E-01 1.020935E+01
6.129100E+01 8.673579E-01 1.020614E+01
6.139000E+01 8.678906E-01 1.020903E+01
6.148900E+01 8.684225E-01 1.020584E+01
6.158800E+01 8.689537E-01 1.020874E+01
6.168700E+01 8.694842E-01 1.020556E+01
6.178600E+01 8.700139E-01 1.020240E+01
6.188500E+01 8.705429E-01 1.020531E+01
6.198400E+01 8.710712E-01 1.020217E+01
6.208300E+01 8.715987E-01 1.019903E+01
6.218200E+01 8.721255E-01 1.020195E+01
6.228100E+01 8.726516E-01 1.019884E+01
6.238000E+01 8.731770E-01 1.020177E+01
6.247900E+01 8.737016E-01 1.019867E+01
6.257800E+01 8.742255E-01 1.019559E+01
6.267700E+01 8.747487E-01 1.019852E+01
6.277600E+01 8.752712E-01 1.019546E+01
6.287500E+01 8.757929E-01 1.019840E+01
6.297400E+01 8.763140E-01 1.019535E+01
6.307300E+01 8.768343E-01 1.019231E+01
6.317200E+01 8.773539E-01 1.019527E+01
6.327100E+01 8.778728E-01 1.019224E+01
6.337000E+01 8.783910E-01 1.018923E+01
6.346900E+01 8.789085E-01 1.019220E+01
6.356800E+01 8.794253E-01 1.018920E+01
6.366700E+01 8.799413E-01 1.018622E+01
6.376600E+01 8.804567E-01 1.018920E+01
6.386500E+01 8.809714E-01 1.018623E+01
6.396400E+01 8.814854E-01 1.018921E+01
6.406300E+01 8.819987E-01 1.018626E+01
6.416200E+01 8.825112E-01 1.018333E+01
6.426100E+01 8.830231E-01 1.018632E+01
6.436000E+01 8.835343E-01 1.018340E+01
6.445900E+01 8.840449E-01 1.018048E+01
6.455800E+01 8.845547E-01 1.018349E+01
6.465700E+01 8.850638E-01 1.018059E+01
6.475600E+01 8.855723E-01 1.017771E+01
6.485500E+01 8.860800E-01 1.018072E+01
6.495400E+01 8.865871E-01 1.017785E+01
6.505300E+01 8.870935E-01 1.018087E+01
6.515200E+01 8.875992E-01 1.017801E+01
6.525100E+01 8.881043E-01 1.017517E+01
6.535000E+01 8.886087E-01 1.017819E+01
6.544900E+01 8.891124E-01 1.017537E+01
6.554800E+01 8.896154E-01 1.017255E+01
6.564700E+01 8.901177E-01 1.017559E+01
6.574600E+01 8.906194E-01 1.017278E+01
6.584500E+01 8.911204E-01 1.016999E+01
6.594400E+01 8.916208E-01 1.017304E+01
6.604300E+01 8.921205E-01 1.017026E+01
6.614200E+01 8.926195E-01 1.016749E+01
6.624100E+01 8.931178E-01 1.017055E+01
6.634000E+01 8.936155E-01 1.016780E+01
6.643900E+01 8.941126E-01 1.016506E+01
6.653800E+01 8.946089E-01 1.016812E+01
6.663700E+01 8.951047E-01 1.016539E+01
6.673600E+01 8.955997E-01 1.016267E+01
6.683500E+01 8.960941E-01 1.016574E+01
6.693400E+01 8.965879E-01 1.016304E+01
6.703300E+01 8.970810E-01 1.016035E+01
6.713200E+01 8.975735E-01 1.016343E+01
6.723100E+01 8.980653E-01 1.016075E+01
6.733000E+01 8.985565E-01 1.015808E+01
6.742900E+01 8.990470E-01 1.016117E+01
6.752800E+01 8.995369E-01 1.015851E+01
6.762700E+01 9.000261E-01 1.015587E+01
6.772600E+01 9.005147E-01 1.015896E+01
6.782500E+01 9.010027E-01 1.015633E+01
6.792400E+01 9.014900E-01 1.015371E+01
6.802300E+01 9.019767E-01 1.015682E+01
6.812200E+01 9.024627E-01 1.015421E+01
6.822100E+01 9.029481E-01 1.015161E+01
6.832000E+01 9.034329E-01 1.015472E+01
6.841900E+01 9.039171E-01 1.015214E+01
6.851800E+01 9.044006E-01 1.014956E+01
6.861700E+01 9.048835E-01 1.015268E+01
6.871600E+01 9.053658E-01 1.015012E+01
6.881500E+01 9.058474E-01 1.014757E+01
6.891400E+01 9.063285E-01 1.015069E+01
6.901300E+01 9.068089E-01 1.014815E+01
6.911200E+01 9.072887E-01 1.014562E+01
6.921100E+01 9.077678E-01 1.014310E+01
6.931000E+01 9.082464E-01 1.014624E+01
6.940900E+01 9.087243E-01 1.014373E+01
6.950800E+01 9.092016E-01 1.014123E+01
6.960700E+01 9.096783E-01 1.014437E+01
6.970600E+01 9.101544E-01 1.014189E+01
6.980500E+01 9.106299E-01 1.013941E+01
6.990400E+01 9.111048E-01 1.014256E+01
7.000300E+01 9.115790E-01 1.014009E+01
7.010200E+01 9.120527E-01 1.013764E+01
7.020100E+01 9.125257E-01 1.014079E+01
7.030000E+01 9.129981E-01 1.013835E+01
7.039900E+01 9.134700E-01 1.013592E+01
7.049800E+01 9.139412E-01 1.013349E+01
7.059700E+01 9.144118E-01 1.013666E+01
7.069600E+01 9.148819E-01 1.013424E+01
7.079500E+01 9.153513E-01 1.013184E+01
7.089400E+01 9.158202E-01 1.013501E+01
7.099300E+01 9.162884E-01 1.013262E+01
7.109200E+01 9.167560E-01 1.013023E+01
7.119100E+01 9.172231E-01 1.013341E+01
7.129000E+01 9.176896E-01 1.013104E+01
7.138900E+01 9.181554E-01 1.012868E+01
7.148800E+01 9.186207E-01 1.012632E+01
7.158700E+01 9.190854E-01 1.012951E+01
7.168600E+01 9.195495E-01 1.012717E+01
7.178500E+01 9.200131E-01 1.012483E+01
7.188400E+01 9.204760E-01 1.012802E+01
7.198300E+01 9.209384E-01 1.012570E+01
7.208200E+01 9.214001E-01 1.012338E+01
7.218100E+01 9.218613E-01 1.012658E+01
7.228000E+01 9.223220E-01 1.012428E+01
7.237900E+01 9.227820E-01 1.012198E+01
7.247800E+01 9.232415E-01 1.011970E+01
7.257700E+01 9.237003E-01 1.012290E+01
7.267600E+01 9.241587E-01 1.012063E+01
7.277500E+01 9.246164E-01 1.011836E+01
7.287400E+01 9.250736E-01 1.012157E+01
7.297300E+01 9.255302E-01 1.011932E+01
7.307200E+01 9.259862E-01 1.011707E+01
7.317100E+01 9.264416E-01 1.011482E+01
7.327000E+01 9.268965E-01 1.011805E+01
7.336900E+01 9.273509E-01 1.011582E+01
7.346800E+01 9.278046E-01 1.011359E+01
7.356700E+01 9.282578E-01 1.011138E+01
7.366600E+01 9.287105E-01 1.011461E+01
7.376500E+01 9.291625E-01 1.011240E+01
7.386400E+01 9.296140E-01 1.011021E+01
7.396300E+01 9.300650E-01 1.011344E+01
7.406200E+01 9.305154E-01 1.011126E+01
7.416100E+01 9.309652E-01 1.010908E+01
7.426000E+01 9.314145E-01 1.010691E+01
7.435900E+01 9.318633E-01 1.011015E+01
7.445800E+01 9.323114E-01 1.010799E+01
7.455700E+01 9.327591E-01 1.010584E+01
7.465600E+01 9.332061E-01 1.010369E+01
7.475500E+01 9.336527E-01 1.010694E+01
7.485400E+01 9.340986E-01 1.010481E+01
7.495300E+01 9.345441E-01 1.010268E+01
7.505200E+01 9.349890E-01 1.010594E+01
7.515100E+01 9.354333E-01 1.010382E+01
7.525000E+01 9.358771E-01 1.010171E+01
7.534900E+01 9.363203E-01 1.009961E+01
7.544800E+01 9.367631E-01 1.010287E+01
7.554700E+01 9.372052E-01 1.010078E+01
7.564600E+01 9.376469E-01 1.009869E+01
7.574500E+01 9.380879E-01 1.009661E+01
7.584400E+01 9.385285E-01 1.009988E+01
7.594300E+01 9.389685E-01 1.009781E+01
7.604200E+01 9.394080E-01 1.009575E+01
7.614100E+01 9.398470E-01 1.009370E+01
7.624000E+01 9.402854E-01 1.009697E+01
7.633900E+01 9.407233E-01 1.009493E+01
7.643800E+01 9.411606E-01 1.009289E+01
7.653700E+01 9.415974E-01 1.009086E+01
7.663600E+01 9.420337E-01 1.009414E+01
7.673500E+01 9.424695E-01 1.009212E+01
7.683400E+01 9.429047E-01 1.009011E+01
7.693300E+01 9.433394E-01 1.008810E+01
7.703200E+01 9.437736E-01 1.009139E+01
7.713100E+01 9.442073E-01 1.008939E+01
7.723000E+01 9.446405E-01 1.008740E+01
7.732900E+01 9.450731E-01 1.008542E+01
7.742800E+01 9.455052E-01 1.008871E+01
7.752700E+01 9.459368E-01 1.008674E+01
7.762600E+01 9.463678E-01 1.008477E+01
7.772500E+01 9.467984E-01 1.008281E+01
7.782400E+01 9.472284E-01 1.008611E+01
7.792300E+01 9.476579E-01 1.008416E+01
7.802200E+01 9.480869E-01 1.008221E+01
7.812100E+01 9.485154E-01 1.008028E+01
7.822000E+01 9.489434E-01 1.008358E+01
7.831900E+01 9.493709E-01 1.008165E+01
7.841800E+01 9.497978E-01 1.007973E+01
7.851700E+01 9.502243E-01 1.007781E+01
7.861600E+01 9.506502E-01 1.008113E+01
7.871500E+01 9.510757E-01 1.007922E+01
7.881400E+01 9.515006E-01 1.007732E+01
7.891300E+01 9.519250E-01 1.007542E+01
7.901200E+01 9.523489E-01 1.007353E+01
7.911100E+01 9.527724E-01 1.007685E+01
7.921000E+01 9.531953E-01 1.007497E+01
7.930900E+01 9.536177E-01 1.007310E+01
7.940800E+01 9.540396E-01 1.007123E+01
7.950700E+01 9.544610E-01 1.007456E+01
7.960600E+01 9.548819E-01 1.007270E+01
7.970500E+01 9.553023E-01 1.007085E+01
7.980400E+01 9.557223E-01 1.006900E+01
7.990300E+01 9.561417E-01 1.007233E+01
8.000200E+01 9.565606E-01 1.007049E+01
8.010100E+01 9.569791E-01 1.006866E+01
8.020000E+01 9.573970E-01 1.006684E+01
8.029900E+01 9.578145E-01 1.006502E+01
8.039800E+01 9.582315E-01 1.006836E+01
8.049700E+01 9.586479E-01 1.006655E+01
8.059600E+01 9.590639E-01 1.006474E+01
8.069500E+01 9.594794E-01 1.006294E+01
8.079400E+01 9.598945E-01 1.006629E+01
8.089300E+01 9.603090E-01 1.006449E+01
8.099200E+01 9.607230E-01 1.006271E+01
8.109100E+01 9.611366E-01 1.006093E+01
8.119000E+01 9.615497E-01 1.005916E+01
8.128900E+01 9.619623E-01 1.006251E+01
8.138800E+01 9.623744E-01 1.006074E+01
8.148700E+01 9.627860E-01 1.005899E+01
8.158600E+01 9.631972E-01 1.005723E+01
8.168500E+01 9.636079E-01 1.006059E+01
8.178400E+01 9.640181E-01 1.005884E+01
8.188300E+01 9.644278E-01 1.005710E+01
8.198200E+01 9.648371E-01 1.005537E+01
8.208100E+01 9.652459E-01 1.005364E+01
8.218000E+01 9.656542E-01 1.005700E+01
8.227900E+01 9.660620E-01 1.005528E+01
8.237800E+01 9.664694E-01 1.005357E+01
8.247700E+01 9.668763E-01 1.005186E+01
8.257600E+01 9.672827E-01 1.005016E+01
8.267500E+01 9.676886E-01 1.005352E+01
8.277400E+01 9.680941E-01 1.005183E+01
8.287300E+01 9.684991E-01 1.005014E+01
8.297200E+01 9.689037E-01 1.004845E+01
8.307100E+01 9.693078E-01 1.004678E+01
8.317000E+01 9.697114E-01 1.005015E+01
8.326900E+01 9.701145E-01 1.004848E+01
8.336800E+01 9.705172E-01 1.004681E+01
8.346700E+01 9.709195E-01 1.004515E+01
8.356600E+01 9.713212E-01 1.004350E+01
8.366500E+01 9.717226E-01 1.004688E+01
8.376400E+01 9.721234E-01 1.004523E+01
8.386300E+01 9.725238E-01 1.004359E+01
8.396200E+01 9.729237E-01 1.004195E+01
8.406100E+01 9.733232E-01 1.004032E+01
8.416000E+01 9.737223E-01 1.004370E+01
8.425900E+01 9.741208E-01 1.004208E+01
8.435800E+01 9.745189E-01 1.004046E+01
8.445700E+01 9.749166E-01 1.003885E+01
8.455600E+01 9.753138E-01 1.003724E+01
8.465500E+01 9.757106E-01 1.004063E+01
8.475400E+01 9.761069E-01 1.003903E+01
8.485300E+01 9.765027E-01 1.003744E+01
8.495200E+01 9.768982E-01 1.003585E+01
8.505100E+01 9.772931E-01 1.003426E+01
8.515000E+01 9.776876E-01 1.003765E+01
8.524900E+01 9.780817E-01 1.003608E+01
8.534800E+01 9.784753E-01 1.003450E+01
8.544700E+01 9.788685E-01 1.003294E+01
8.554600E+01 9.792612E-01 1.003138E+01
8.564500E+01 9.796535E-01 1.003477E+01
8.574400E+01 9.800454E-01 1.003322E+01
8.584300E+01 9.804368E-01 1.003167E+01
8.594200E+01 9.808278E-01 1.003012E+01
8.604100E+01 9.812183E-01 1.002858E+01
8.614000E+01 9.816084E-01 1.002705E+01
8.623900E+01 9.819980E-01 1.003045E+01
8.633800E+01 9.823872E-01 1.002892E+01
8.643700E+01 9.827760E-01 1.002740E+01
8.653600E+01 9.831644E-01 1.002588E+01
8.663500E+01 9.835523E-01 1.002437E+01
8.673400E+01 9.839397E-01 1.002778E+01
8.683300E+01 9.843268E-01 1.002627E+01
8.693200E+01 9.847134E-01 1.002477E+01
8.703100E+01 9.850996E-01 1.002327E+01
8.713000E+01 9.854853E-01 1.002178E+01
8.722900E+01 9.858706E-01 1.002029E+01
8.732800E+01 9.862555E-01 1.002371E+01
8.742700E+01 9.866399E-01 1.002223E+01
8.752600E+01 9.870240E-01 1.002075E+01
8.762500E+01 9.874076E-01 1.001928E+01
8.772400E+01 9.877907E-01 1.001781E+01
8.782300E+01 9.881735E-01 1.001635E+01
8.792200E+01 9.885558E-01 1.001977E+01
8.802100E+01 9.889377E-01 1.001832E+01
8.812000E+01 9.893192E-01 1.001687E+01
8.821900E+01 9.897002E-01 1.001542E+01
8.831800E+01 9.900809E-01 1.001398E+01
8.841700E+01 9.904611E-01 1.001740E+01
8.851600E+01 9.908409E-01 1.001597E+01
8.861500E+01 9.912202E-01 1.001454E+01
8.871400E+01 9.915992E-01 1.001311E+01
8.881300E+01 9.919777E-01 1.001169E+01
8.891200E+01 9.923558E-01 1.001028E+01
8.901100E+01 9.927335E-01 1.001370E+01
8.911000E+01 9.931108E-01 1.001229E+01
8.920900E+01 9.934877E-01 1.001089E+01
8.930800E+01 9.938641E-01 1.000949E+01
8.940700E+01 9.942402E-01 1.000809E+01
8.950600E+01 9.946158E-01 1.000670E+01
8.960500E+01 9.949910E-01 1.001013E+01
8.970400E+01 9.953659E-01 1.000875E+01
8.980300E+01 9.957402E-01 1.000737E+01
8.990200E+01 9.961142E-01 1.000599E+01
9.000100E+01 9.964878E-01 1.000462E+01
9.010000E+01 9.968610E-01 1.000325E+01
9.019900E+01 9.972337E-01 1.000189E+01
9.029800E+01 9.976061E-01 1.000532E+01
9.039700E+01 9.979781E-01 1.000397E+01
9.049600E+01 9.983496E-01 1.000261E+01
9.059500E+01 9.987207E-01 1.000127E+01
9.069400E+01 9.990915E-01 9.999922E+00
9.079300E+01 9.994618E-01 9.998583E+00
9.089200E+01 9.998317E-01 1.000202E+01
9.099100E+01 1.000201E+00 1.000069E+01
9.109000E+01 1.000570E+00 9.999359E+00
9.118900E+01 1.000939E+00 9.998034E+00
9.128800E+01 1.001307E+00 9.996713E+00
9.138700E+01 1.001675E+00 9.995397E+00
9.148600E+01 1.002043E+00 9.994085E+00
9.158500E+01 1.002410E+00 9.997530E+00
9.168400E+01 1.002777E+00 9.996223E+00
9.178300E+01 1.003143E+00 9.994920E+00
9.188200E+01 1.003509E+00 9.993622E+00
9.198100E+01 1.003875E+00 9.992328E+00
9.208000E+01 1.004240E+00 9.991038E+00
9.217900E+01 1.004605E+00 9.989753E+00
9.227800E+01 1.004969E+00 9.993202E+00
9.237700E+01 1.005333E+00 9.991922E+00
9.247600E+01 1.005696E+00 9.990646E+00
9.257500E+01 1.006060E+00 9.989374E+00
9.267400E+01 1.006422E+00 9.988106E+00
9.277300E+01 1.006785E+00 9.986843E+00
9.287200E+01 1.007147E+00 9.990296E+00
9.297100E+01 1.007509E+00 9.989037E+00
9.307000E+01 1.007870E+00 9.987783E+00
9.316900E+01 1.008231E+00 9.986533E+00
9.326800E+01 1.008591E+00 9.985287E+00
9.336700E+01 1.008951E+00 9.984045E+00
9.346600E+01 1.009311E+00 9.982807E+00
9.356500E+01 1.009670E+00 9.981573E+00
9.366400E+01 1.010029E+00 9.985031E+00
9.376300E+01 1.010388E+00 9.983802E+00
9.386200E+01 1.010746E+00 9.982577E+00
9.396100E+01 1.011104E+00 9.981356E+00
9.406000E+01 1.011461E+00 9.980139E+00
9.415900E+01 1.011818E+00 9.978926E+00
9.425800E+01 1.012175E+00 9.977718E+00
9.435700E+01 1.012531E+00 9.981179E+00
9.445600E+01 1.012887E+00 9.979975E+00
9.455500E+01 1.013243E+00 9.978775E+00
9.465400E+01 1.013598E+00 9.977579E+00
9.475300E+01 1.013953E+00 9.976386E+00
9.485200E+01 1.014307E+00 9.975198E+00
9.495100E+01 1.014661E+00 9.974014E+00
9.505000E+01 1.015015E+00 9.972834E+00
9.514900E+01 1.015368E+00 9.976299E+00
9.524800E+01 1.015721E+00 9.975123E+00
9.534700E+01 1.016073E+00 9.973951E+00
9.544600E+01 1.016425E+00 9.972783E+00
9.554500E+01 1.016777E+00 9.971619E+00
9.564400E+01 1.017129E+00 9.970458E+00
9.574300E+01 1.017480E+00 9.969302E+00
9.584200E+01 1.017830E+00 9.968149E+00
9.594100E+01 1.018181E+00 9.971619E+00
9.604000E+01 1.018531E+00 9.970470E+00
9.613900E+01 1.018880E+00 9.969326E+00
9.623800E+01 1.019229E+00 9.968185E+00
9.633700E+01 1.019578E+00 9.967048E+00
9.643600E+01 1.019927E+00 9.965915E+00
9.653500E+01 1.020275E+00 9.964785E+00
9.663400E+01 1.020623E+00 9.963660E+00
9.673300E+01 1.020970E+00 9.967133E+00
9.683200E+01 1.021317E+00 9.966012E+00
9.693100E+01 1.021664E+00 9.964894E+00
9.703000E+01 1.022010E+00 9.963780E+00
9.712900E+01 1.022356E+00 9.962669E+00
9.722800E+01 1.022702E+00 9.961563E+00
9.732700E+01 1.023047E+00 9.960460E+00
9.742600E+01 1.023392E+00 9.959360E+00
9.752500E+01 1.023736E+00 9.962837E+00
9.762400E+01 1.024080E+00 9.961742E+00
9.772300E+01 1.024424E+00 9.960650E+00
9.782200E+01 1.024768E+00 9.959562E+00
9.792100E+01 1.025111E+00 9.958478E+00
9.802000E+01 1.025453E+00 9.957397E+00
9.811900E+01 1.025796E+00 9.956320E+00
9.821800E+01 1.026138E+00 9.955246E+00
9.831700E+01 1.026479E+00 9.954176E+00
9.841600E+01 1.026821E+00 9.957657E+00
9.851500E+01 1.027162E+00 9.956591E+00
9.861400E+01 1.027502E+00 9.955528E+00
9.871300E+01 1.027842E+00 9.954469E+00
9.881200E+01 1.028182E+00 9.953413E+00
9.891100E+01 1.028522E+00 9.952361E+00
9.901000E+01 1.028861E+00 9.951313E+00
9.910900E+01 1.029200E+00 9.950268E+00
9.920800E+01 1.029538E+00 9.949226E+00
9.930700E+01 1.029877E+00 9.948188E+00
9.940600E+01 1.030214E+00 9.951673E+00
9.950500E+01 1.030552E+00 9.950638E+00
9.960400E+01 1.030889E+00 9.949607E+00
9.970300E+01 1.031226E+00 9.948580E+00
9.980200E+01 1.031562E+00 9.947556E+00
9.990100E+01 1.031898E+00 9.946535E+00
