1.000000E+00 NAN NAN
1.099000E+00 1.300716E-01 2.135080E+01
1.198000E+00 1.357253E-01 1.883814E+01
1.297000E+00 1.413415E-01 1.821933E+01
1.396000E+00 1.469102E-01 1.759226E+01
1.495000E+00 1.524282E-01 1.708897E+01
1.594000E+00 1.578932E-01 1.668003E+01
1.693000E+00 1.633041E-01 1.634459E+01
1.792000E+00 1.686601E-01 1.596769E+01
1.891000E+00 1.739619E-01 1.565080E+01
1.990000E+00 1.792099E-01 1.546932E+01
2.089000E+00 1.844044E-01 1.523570E+01
2.188000E+00 1.895467E-01 1.503580E+01
2.287000E+00 1.946376E-01 1.479061E+01
2.386000E+00 1.996782E-01 1.464624E+01
2.485000E+00 2.046697E-01 1.452188E+01
2.584000E+00 2.096130E-01 1.435076E+01
2.683000E+00 2.145092E-01 1.419976E+01
2.782000E+00 2.193595E-01 1.412469E+01
2.881000E+00 2.241648E-01 1.400392E+01
2.980000E+00 2.289263E-01 1.389664E+01
3.079000E+00 2.336449E-01 1.380121E+01
3.178000E+00 2.383217E-01 1.371628E+01
3.277000E+00 2.429575E-01 1.364067E+01
3.376000E+00 2.475535E-01 1.357337E+01
3.475000E+00 2.521103E-01 1.351352E+01
3.574000E+00 2.566288E-01 1.341540E+01
3.673000E+00 2.611100E-01 1.336942E+01
3.772000E+00 2.655547E-01 1.332883E+01
3.871000E+00 2.699635E-01 1.325159E+01
3.970000E+00 2.743373E-01 1.322124E+01
4.069000E+00 2.786768E-01 1.315535E+01
4.168000E+00 2.829827E-01 1.313345E+01
4.267000E+00 2.872557E-01 1.307705E+01
4.366000E+00 2.914964E-01 1.302527E+01
4.465000E+00 2.957055E-01 1.301383E+01
4.564000E+00 2.998835E-01 1.296940E+01
4.663000E+00 3.040312E-01 1.292862E+01
4.762000E+00 3.081489E-01 1.289120E+01
4.861000E+00 3.122374E-01 1.285689E+01
4.960000E+00 3.162971E-01 1.282545E+01
5.059000E+00 3.203285E-01 1.279669E+01
5.158000E+00 3.243323E-01 1.277042E+01
5.257000E+00 3.283087E-01 1.274647E+01
5.356000E+00 3.322584E-01 1.272467E+01
5.455000E+00 3.361817E-01 1.270490E+01
5.554000E+00 3.400791E-01 1.268701E+01
5.653000E+00 3.439512E-01 1.267088E+01
5.752000E+00 3.477981E-01 1.265642E+01
5.851000E+00 3.516204E-01 1.261531E+01
5.950000E+00 3.554186E-01 1.260425E+01
6.049000E+00 3.591928E-01 1.259454E+01
6.148000E+00 3.629436E-01 1.258612E+01
6.247000E+00 3.666712E-01 1.255226E+01
6.346000E+00 3.703761E-01 1.254650E+01
6.445000E+00 3.740585E-01 1.251590E+01
6.544000E+00 3.777189E-01 1.251251E+01
6.643000E+00 3.813575E-01 1.248483E+01
6.742000E+00 3.849746E-01 1.248355E+01
6.841000E+00 3.885707E-01 1.248311E+01
6.940000E+00 3.921458E-01 1.245909E+01
7.039000E+00 3.957004E-01 1.243640E+01
7.138000E+00 3.992347E-01 1.243869E+01
7.237000E+00 4.027491E-01 1.241815E+01
7.336000E+00 4.062437E-01 1.242195E+01
7.435000E+00 4.097189E-01 1.240335E+01
7.534000E+00 4.131749E-01 1.238580E+01
7.633000E+00 4.166119E-01 1.239170E+01
7.732000E+00 4.200303E-01 1.237583E+01
7.831000E+00 4.234301E-01 1.236088E+01
7.930000E+00 4.268118E-01 1.234681E+01
8.029000E+00 4.301755E-01 1.235509E+01
8.128000E+00 4.335214E-01 1.234241E+01
8.227000E+00 4.368498E-01 1.233050E+01
8.326000E+00 4.401608E-01 1.231932E+01
8.425000E+00 4.434547E-01 1.230885E+01
8.524000E+00 4.467317E-01 1.229905E+01
8.623000E+00 4.499920E-01 1.231021E+01
8.722000E+00 4.532357E-01 1.230148E+01
8.821000E+00 4.564631E-01 1.229335E+01
8.920000E+00 4.596743E-01 1.228579E+01
9.019000E+00 4.628697E-01 1.227879E+01
9.118000E+00 4.660492E-01 1.227231E+01
9.217000E+00 4.692131E-01 1.226634E+01
9.316000E+00 4.723617E-01 1.226087E+01
9.415000E+00 4.754950E-01 1.225586E+01
9.514000E+00 4.786132E-01 1.225130E+01
9.613000E+00 4.817164E-01 1.224719E+01
9.712000E+00 4.848050E-01 1.224349E+01
9.811000E+00 4.878789E-01 1.224019E+01
9.910000E+00 4.909384E-01 1.223729E+01
1.000900E+01 4.939835E-01 1.221671E+01
1.010800E+01 4.970146E-01 1.221467E+01
1.020700E+01 5.000317E-01 1.221298E+01
1.030600E+01 5.030349E-01 1.221163E+01
1.040500E+01 5.060244E-01 1.221060E+01
1.050400E+01 5.090003E-01 1.220988E+01
1.060300E+01 5.119628E-01 1.219220E+01
1.070200E+01 5.149120E-01 1.219219E+01
1.080100E+01 5.178480E-01 1.219246E+01
1.090000E+01 5.207710E-01 1.219299E+01
1.099900E+01 5.236810E-01 1.217702E+01
1.109800E+01 5.265782E-01 1.217817E+01
1.119700E+01 5.294628E-01 1.217957E+01
1.129600E+01 5.323348E-01 1.218120E+01
1.139500E+01 5.351944E-01 1.216673E+01
1.149400E+01 5.380417E-01 1.216891E+01
1.159300E+01 5.408768E-01 1.217129E+01
1.169200E+01 5.436997E-01 1.215788E+01
1.179100E+01 5.465108E-01 1.216075E+01
1.189000E+01 5.493099E-01 1.216382E+01
1.198900E+01 5.520974E-01 1.215136E+01
1.208800E+01 5.548731E-01 1.215488E+01
1.218700E+01 5.576374E-01 1.215857E+01
1.228600E+01 5.603902E-01 1.214700E+01
1.238500E+01 5.631316E-01 1.215110E+01
1.248400E+01 5.658618E-01 1.214012E+01
1.258300E+01 5.685809E-01 1.214460E+01
1.268200E+01 5.712889E-01 1.213417E+01
1.278100E+01 5.739859E-01 1.213901E+01
1.288000E+01 5.766721E-01 1.212912E+01
1.297900E+01 5.793475E-01 1.213430E+01
1.307800E+01 5.820122E-01 1.212490E+01
1.317700E+01 5.846664E-01 1.213040E+01
1.327600E+01 5.873100E-01 1.212148E+01
1.337500E+01 5.899433E-01 1.212728E+01
1.347400E+01 5.925662E-01 1.211881E+01
1.357300E+01 5.951788E-01 1.212490E+01
1.367200E+01 5.977813E-01 1.211685E+01
1.377100E+01 6.003738E-01 1.212321E+01
1.387000E+01 6.029562E-01 1.211557E+01
1.396900E+01 6.055288E-01 1.212218E+01
1.406800E+01 6.080915E-01 1.211493E+01
1.416700E+01 6.106444E-01 1.210792E+01
1.426600E+01 6.131876E-01 1.211490E+01
1.436500E+01 6.157213E-01 1.210825E+01
1.446400E+01 6.182454E-01 1.211545E+01
1.456300E+01 6.207600E-01 1.210914E+01
1.466200E+01 6.232653E-01 1.210304E+01
1.476100E+01 6.257613E-01 1.211057E+01
1.486000E+01 6.282480E-01 1.210478E+01
1.495900E+01 6.307255E-01 1.209919E+01
1.505800E+01 6.331939E-01 1.210703E+01
1.515700E+01 6.356533E-01 1.210173E+01
1.525600E+01 6.381038E-01 1.209661E+01
1.535500E+01 6.405453E-01 1.210473E+01
1.545400E+01 6.429780E-01 1.209989E+01
1.555300E+01 6.454019E-01 1.209522E+01
1.565200E+01 6.478172E-01 1.209071E+01
1.575100E+01 6.502238E-01 1.209918E+01
1.585000E+01 6.526218E-01 1.209493E+01
1.594900E+01 6.550112E-01 1.209083E+01
1.604800E+01 6.573923E-01 1.208688E+01
1.614700E+01 6.597649E-01 1.209567E+01
1.624600E+01 6.621292E-01 1.209195E+01
1.634500E+01 6.644852E-01 1.208837E+01
1.644400E+01 6.668330E-01 1.208494E+01
1.654300E+01 6.691726E-01 1.208164E+01
1.664200E+01 6.715041E-01 1.209078E+01
1.674100E+01 6.738276E-01 1.208769E+01
1.684000E+01 6.761431E-01 1.208472E+01
1.693900E+01 6.784506E-01 1.208188E+01
1.703800E+01 6.807502E-01 1.207916E+01
1.713700E+01 6.830420E-01 1.207656E+01
1.723600E+01 6.853260E-01 1.208609E+01
1.733500E+01 6.876023E-01 1.208368E+01
1.743400E+01 6.898709E-01 1.208137E+01
1.753300E+01 6.921319E-01 1.207918E+01
1.763200E+01 6.943853E-01 1.207710E+01
1.773100E+01 6.966312E-01 1.207512E+01
1.783000E+01 6.988696E-01 1.207325E+01
1.792900E+01 7.011006E-01 1.207148E+01
1.802800E+01 7.033243E-01 1.208144E+01
1.812700E+01 7.055406E-01 1.207983E+01
1.822600E+01 7.077496E-01 1.207831E+01
1.832500E+01 7.099514E-01 1.207689E+01
1.842400E+01 7.121459E-01 1.207556E+01
1.852300E+01 7.143334E-01 1.207432E+01
1.862200E+01 7.165137E-01 1.207317E+01
1.872100E+01 7.186870E-01 1.207211E+01
1.882000E+01 7.208533E-01 1.207114E+01
1.891900E+01 7.230126E-01 1.207025E+01
1.901800E+01 7.251650E-01 1.206944E+01
1.911700E+01 7.273105E-01 1.206872E+01
1.921600E+01 7.294492E-01 1.206808E+01
1.931500E+01 7.315811E-01 1.206752E+01
1.941400E+01 7.337062E-01 1.206703E+01
1.951300E+01 7.358247E-01 1.206662E+01
1.961200E+01 7.379364E-01 1.206628E+01
1.971100E+01 7.400416E-01 1.206602E+01
1.981000E+01 7.421401E-01 1.206583E+01
1.990900E+01 7.442321E-01 1.206571E+01
2.000800E+01 7.463176E-01 1.206566E+01
2.010700E+01 7.483967E-01 1.206568E+01
2.020600E+01 7.504692E-01 1.206576E+01
2.030500E+01 7.525354E-01 1.206591E+01
2.040400E+01 7.545953E-01 1.206613E+01
2.050300E+01 7.566488E-01 1.206641E+01
2.060200E+01 7.586961E-01 1.206675E+01
2.070100E+01 7.607370E-01 1.206715E+01
2.080000E+01 7.627718E-01 1.206762E+01
2.089900E+01 7.648004E-01 1.206814E+01
2.099800E+01 7.668229E-01 1.205828E+01
2.109700E+01 7.688393E-01 1.205895E+01
2.119600E+01 7.708496E-01 1.205967E+01
2.129500E+01 7.728539E-01 1.206045E+01
2.139400E+01 7.748521E-01 1.206129E+01
2.149300E+01 7.768444E-01 1.206218E+01
2.159200E+01 7.788308E-01 1.206312E+01
2.169100E+01 7.808113E-01 1.206411E+01
2.179000E+01 7.827859E-01 1.206515E+01
2.188900E+01 7.847547E-01 1.205610E+01
2.198800E+01 7.867177E-01 1.205727E+01
2.208700E+01 7.886749E-01 1.205849E+01
2.218600E+01 7.906264E-01 1.205976E+01
2.228500E+01 7.925722E-01 1.206107E+01
2.238400E+01 7.945123E-01 1.206243E+01
2.248300E+01 7.964467E-01 1.206383E+01
2.258200E+01 7.983756E-01 1.205535E+01
2.268100E+01 8.002988E-01 1.205687E+01
2.278000E+01 8.022166E-01 1.205843E+01
2.287900E+01 8.041288E-01 1.206004E+01
2.297800E+01 8.060355E-01 1.206168E+01
2.307700E+01 8.079367E-01 1.205359E+01
2.317600E+01 8.098325E-01 1.205534E+01
2.327500E+01 8.117229E-01 1.205713E+01
2.337400E+01 8.136080E-01 1.205896E+01
2.347300E+01 8.154877E-01 1.206082E+01
2.357200E+01 8.173620E-01 1.205309E+01
2.367100E+01 8.192311E-01 1.205505E+01
2.377000E+01 8.210950E-01 1.205705E+01
2.386900E+01 8.229536E-01 1.205909E+01
2.396800E+01 8.248070E-01 1.205164E+01
2.406700E+01 8.266552E-01 1.205377E+01
2.416600E+01 8.284983E-01 1.205593E+01
2.426500E+01 8.303362E-01 1.205813E+01
2.436400E+01 8.321690E-01 1.205094E+01
2.446300E+01 8.339968E-01 1.205322E+01
2.456200E+01 8.358195E-01 1.205554E+01
2.466100E+01 8.376372E-01 1.205788E+01
2.476000E+01 8.394499E-01 1.205094E+01
2.485900E+01 8.412577E-01 1.205337E+01
2.495800E+01 8.430605E-01 1.205583E+01
2.505700E+01 8.448583E-01 1.205832E+01
2.515600E+01 8.466513E-01 1.205162E+01
2.525500E+01 8.484394E-01 1.205419E+01
2.535400E+01 8.502226E-01 1.205678E+01
2.545300E+01 8.520010E-01 1.205026E+01
2.555200E+01 8.537746E-01 1.205293E+01
2.565100E+01 8.555435E-01 1.205563E+01
2.575000E+01 8.573075E-01 1.204928E+01
2.584900E+01 8.590669E-01 1.205205E+01
2.594800E+01 8.608216E-01 1.205484E+01
2.604700E+01 8.625715E-01 1.204866E+01
2.614600E+01 8.643168E-01 1.205152E+01
2.624500E+01 8.660575E-01 1.205440E+01
2.634400E+01 8.677935E-01 1.204838E+01
2.644300E+01 8.695250E-01 1.205133E+01
2.654200E+01 8.712519E-01 1.205431E+01
2.664100E+01 8.729742E-01 1.204844E+01
2.674000E+01 8.746920E-01 1.205148E+01
2.683900E+01 8.764053E-01 1.205453E+01
2.693800E+01 8.781141E-01 1.204882E+01
2.703700E+01 8.798185E-01 1.205194E+01
2.713600E+01 8.815184E-01 1.205508E+01
2.723500E+01 8.832139E-01 1.204950E+01
2.733400E+01 8.849050E-01 1.205270E+01
2.743300E+01 8.865917E-01 1.204723E+01
2.753200E+01 8.882740E-01 1.205049E+01
2.763100E+01 8.899520E-01 1.205376E+01
2.773000E+01 8.916257E-01 1.204843E+01
2.782900E+01 8.932951E-01 1.205175E+01
2.792800E+01 8.949602E-01 1.204652E+01
2.802700E+01 8.966211E-01 1.204990E+01
2.812600E+01 8.982777E-01 1.205329E+01
2.822500E+01 8.999301E-01 1.204819E+01
2.832400E+01 9.015783E-01 1.205163E+01
2.842300E+01 9.032223E-01 1.204662E+01
2.852200E+01 9.048621E-01 1.205011E+01
2.862100E+01 9.064978E-01 1.204519E+01
2.872000E+01 9.081294E-01 1.204873E+01
2.881900E+01 9.097568E-01 1.205229E+01
2.891800E+01 9.113802E-01 1.204748E+01
2.901700E+01 9.129995E-01 1.205109E+01
2.911600E+01 9.146148E-01 1.204637E+01
2.921500E+01 9.162260E-01 1.205002E+01
2.931400E+01 9.178332E-01 1.204538E+01
2.941300E+01 9.194364E-01 1.204907E+01
2.951200E+01 9.210357E-01 1.204452E+01
2.961100E+01 9.226310E-01 1.204825E+01
2.971000E+01 9.242223E-01 1.205200E+01
2.980900E+01 9.258097E-01 1.204755E+01
2.990800E+01 9.273932E-01 1.205134E+01
3.000700E+01 9.289728E-01 1.204697E+01
3.010600E+01 9.305485E-01 1.205080E+01
3.020500E+01 9.321204E-01 1.204650E+01
3.030400E+01 9.336884E-01 1.205037E+01
3.040300E+01 9.352526E-01 1.204615E+01
3.050200E+01 9.368130E-01 1.205005E+01
3.060100E+01 9.383696E-01 1.204590E+01
3.070000E+01 9.399224E-01 1.204984E+01
3.079900E+01 9.414715E-01 1.204576E+01
3.089800E+01 9.430168E-01 1.204974E+01
3.099700E+01 9.445584E-01 1.204573E+01
3.109600E+01 9.460962E-01 1.204975E+01
3.119500E+01 9.476304E-01 1.204580E+01
3.129400E+01 9.491609E-01 1.204985E+01
3.139300E+01 9.506877E-01 1.204597E+01
3.149200E+01 9.522109E-01 1.204214E+01
3.159100E+01 9.537304E-01 1.204624E+01
3.169000E+01 9.552464E-01 1.204247E+01
3.178900E+01 9.567587E-01 1.204661E+01
3.188800E+01 9.582674E-01 1.204290E+01
3.198700E+01 9.597725E-01 1.204707E+01
3.208600E+01 9.612741E-01 1.204342E+01
3.218500E+01 9.627722E-01 1.204762E+01
3.228400E+01 9.642667E-01 1.204404E+01
3.238300E+01 9.657577E-01 1.204826E+01
3.248200E+01 9.672452E-01 1.204474E+01
3.258100E+01 9.687292E-01 1.204125E+01
3.268000E+01 9.702098E-01 1.204552E+01
3.277900E+01 9.716868E-01 1.204210E+01
3.287800E+01 9.731605E-01 1.204640E+01
3.297700E+01 9.746307E-01 1.204303E+01
3.307600E+01 9.760975E-01 1.204735E+01
3.317500E+01 9.775609E-01 1.204404E+01
3.327400E+01 9.790209E-01 1.204076E+01
3.337300E+01 9.804775E-01 1.204513E+01
3.347200E+01 9.819308E-01 1.204191E+01
3.357100E+01 9.833807E-01 1.204630E+01
3.367000E+01 9.848273E-01 1.204313E+01
3.376900E+01 9.862706E-01 1.204000E+01
3.386800E+01 9.877105E-01 1.204443E+01
3.396700E+01 9.891472E-01 1.204135E+01
3.406600E+01 9.905806E-01 1.204581E+01
3.416500E+01 9.920107E-01 1.204278E+01
3.426400E+01 9.934375E-01 1.203978E+01
3.436300E+01 9.948611E-01 1.204427E+01
3.446200E+01 9.962815E-01 1.204132E+01
3.456100E+01 9.976987E-01 1.203841E+01
3.466000E+01 9.991126E-01 1.204294E+01
3.475900E+01 1.000523E+00 1.204007E+01
3.485800E+01 1.001931E+00 1.204463E+01
3.495700E+01 1.003335E+00 1.204180E+01
3.505600E+01 1.004737E+00 1.203901E+01
3.515500E+01 1.006135E+00 1.204360E+01
3.525400E+01 1.007530E+00 1.204085E+01
3.535300E+01 1.008922E+00 1.203814E+01
3.545200E+01 1.010310E+00 1.204276E+01
3.555100E+01 1.011696E+00 1.204009E+01
3.565000E+01 1.013079E+00 1.203745E+01
3.574900E+01 1.014458E+00 1.204210E+01
3.584800E+01 1.015835E+00 1.203951E+01
3.594700E+01 1.017208E+00 1.203693E+01
3.604600E+01 1.018578E+00 1.204162E+01
3.614500E+01 1.019946E+00 1.203909E+01
3.624400E+01 1.021310E+00 1.203659E+01
3.634300E+01 1.022672E+00 1.204131E+01
3.644200E+01 1.024030E+00 1.203885E+01
3.654100E+01 1.025385E+00 1.203642E+01
3.664000E+01 1.026738E+00 1.204117E+01
3.673900E+01 1.028087E+00 1.203877E+01
3.683800E+01 1.029434E+00 1.203641E+01
3.693700E+01 1.030777E+00 1.204118E+01
3.703600E+01 1.032118E+00 1.203885E+01
3.713500E+01 1.033456E+00 1.203655E+01
3.723400E+01 1.034790E+00 1.204136E+01
3.733300E+01 1.036122E+00 1.203909E+01
3.743200E+01 1.037451E+00 1.203685E+01
3.753100E+01 1.038777E+00 1.203464E+01
3.763000E+01 1.040101E+00 1.203948E+01
3.772900E+01 1.041421E+00 1.203730E+01
3.782800E+01 1.042739E+00 1.203515E+01
3.792700E+01 1.044054E+00 1.204001E+01
3.802600E+01 1.045366E+00 1.203790E+01
3.812500E+01 1.046675E+00 1.203580E+01
3.822400E+01 1.047981E+00 1.203373E+01
3.832300E+01 1.049285E+00 1.203863E+01
3.842200E+01 1.050586E+00 1.203660E+01
3.852100E+01 1.051884E+00 1.203458E+01
3.862000E+01 1.053179E+00 1.203950E+01
3.871900E+01 1.054472E+00 1.203752E+01
3.881800E+01 1.055761E+00 1.203557E+01
3.891700E+01 1.057049E+00 1.203363E+01
3.901600E+01 1.058333E+00 1.203859E+01
3.911500E+01 1.059615E+00 1.203668E+01
3.921400E+01 1.060894E+00 1.203480E+01
3.931300E+01 1.062170E+00 1.203295E+01
3.941200E+01 1.063443E+00 1.203793E+01
3.951100E+01 1.064714E+00 1.203610E+01
3.961000E+01 1.065983E+00 1.203430E+01
3.970900E+01 1.067248E+00 1.203251E+01
3.980800E+01 1.068511E+00 1.203752E+01
3.990700E+01 1.069772E+00 1.203577E+01
4.000600E+01 1.071029E+00 1.203403E+01
4.010500E+01 1.072284E+00 1.203232E+01
4.020400E+01 1.073537E+00 1.203736E+01
4.030300E+01 1.074787E+00 1.203567E+01
4.040200E+01 1.076034E+00 1.203401E+01
4.050100E+01 1.077279E+00 1.203236E+01
4.060000E+01 1.078521E+00 1.203074E+01
4.069900E+01 1.079761E+00 1.203581E+01
4.079800E+01 1.080998E+00 1.203421E+01
4.089700E+01 1.082232E+00 1.203264E+01
4.099600E+01 1.083464E+00 1.203108E+01
4.109500E+01 1.084694E+00 1.202954E+01
4.119400E+01 1.085921E+00 1.203464E+01
4.129300E+01 1.087145E+00 1.203313E+01
4.139200E+01 1.088367E+00 1.203163E+01
4.149100E+01 1.089587E+00 1.203016E+01
4.159000E+01 1.090804E+00 1.202870E+01
4.168900E+01 1.092018E+00 1.203383E+01
4.178800E+01 1.093230E+00 1.203240E+01
4.188700E+01 1.094440E+00 1.203098E+01
4.198600E+01 1.095647E+00 1.202959E+01
4.208500E+01 1.096852E+00 1.202821E+01
4.218400E+01 1.098054E+00 1.203337E+01
4.228300E+01 1.099254E+00 1.203202E+01
4.238200E+01 1.100451E+00 1.203068E+01
4.248100E+01 1.101646E+00 1.202936E+01
4.258000E+01 1.102839E+00 1.202805E+01
4.267900E+01 1.104029E+00 1.202677E+01
4.277800E+01 1.105217E+00 1.203196E+01
4.287700E+01 1.106403E+00 1.203070E+01
4.297600E+01 1.107586E+00 1.202945E+01
4.307500E+01 1.108766E+00 1.202822E+01
4.317400E+01 1.109945E+00 1.202701E+01
4.327300E+01 1.111121E+00 1.202581E+01
4.337200E+01 1.112295E+00 1.203103E+01
4.347100E+01 1.113466E+00 1.202986E+01
4.357000E+01 1.114635E+00 1.202870E+01
4.366900E+01 1.115802E+00 1.202755E+01
4.376800E+01 1.116966E+00 1.202643E+01
4.386700E+01 1.118129E+00 1.202531E+01
4.396600E+01 1.119289E+00 1.203056E+01
4.406500E+01 1.120446E+00 1.202947E+01
4.416400E+01 1.121602E+00 1.202840E+01
4.426300E+01 1.122755E+00 1.202733E+01
4.436200E+01 1.123905E+00 1.202629E+01
4.446100E+01 1.125054E+00 1.202525E+01
4.456000E+01 1.126200E+00 1.202424E+01
4.465900E+01 1.127344E+00 1.202323E+01
4.475800E+01 1.128486E+00 1.202852E+01
4.485700E+01 1.129626E+00 1.202754E+01
4.495600E+01 1.130763E+00 1.202657E+01
4.505500E+01 1.131898E+00 1.202562E+01
4.515400E+01 1.133031E+00 1.202468E+01
4.525300E+01 1.134162E+00 1.202375E+01
4.535200E+01 1.135291E+00 1.202284E+01
4.545100E+01 1.136417E+00 1.202194E+01
4.555000E+01 1.137542E+00 1.202726E+01
4.564900E+01 1.138664E+00 1.202638E+01
4.574800E+01 1.139784E+00 1.202551E+01
4.584700E+01 1.140901E+00 1.202466E+01
4.594600E+01 1.142017E+00 1.202382E+01
4.604500E+01 1.143131E+00 1.202299E+01
4.614400E+01 1.144242E+00 1.202218E+01
4.624300E+01 1.145351E+00 1.202138E+01
4.634200E+01 1.146458E+00 1.202059E+01
4.644100E+01 1.147563E+00 1.201982E+01
4.654000E+01 1.148666E+00 1.202518E+01
4.663900E+01 1.149767E+00 1.202442E+01
4.673800E+01 1.150866E+00 1.202367E+01
4.683700E+01 1.151962E+00 1.202294E+01
4.693600E+01 1.153057E+00 1.202222E+01
4.703500E+01 1.154149E+00 1.202152E+01
4.713400E+01 1.155240E+00 1.202082E+01
4.723300E+01 1.156328E+00 1.202014E+01
4.733200E+01 1.157414E+00 1.201947E+01
4.743100E+01 1.158499E+00 1.201881E+01
4.753000E+01 1.159581E+00 1.201816E+01
4.762900E+01 1.160661E+00 1.201753E+01
4.772800E+01 1.161739E+00 1.202293E+01
4.782700E+01 1.162815E+00 1.202231E+01
4.792600E+01 1.163889E+00 1.202170E+01
4.802500E+01 1.164961E+00 1.202110E+01
4.812400E+01 1.166031E+00 1.202052E+01
4.822300E+01 1.167100E+00 1.201995E+01
4.832200E+01 1.168166E+00 1.201939E+01
4.842100E+01 1.169230E+00 1.201884E+01
4.852000E+01 1.170292E+00 1.201830E+01
4.861900E+01 1.171352E+00 1.201777E+01
4.871800E+01 1.172410E+00 1.201725E+01
4.881700E+01 1.173466E+00 1.201675E+01
4.891600E+01 1.174521E+00 1.201625E+01
4.901500E+01 1.175573E+00 1.201577E+01
4.911400E+01 1.176623E+00 1.201529E+01
4.921300E+01 1.177672E+00 1.201483E+01
4.931200E+01 1.178718E+00 1.201438E+01
4.941100E+01 1.179763E+00 1.201394E+01
4.951000E+01 1.180806E+00 1.201351E+01
4.960900E+01 1.181846E+00 1.201309E+01
4.970800E+01 1.182885E+00 1.201854E+01
4.980700E+01 1.183922E+00 1.201813E+01
4.990600E+01 1.184957E+00 1.201774E+01
5.000500E+01 1.185990E+00 1.201735E+01
5.010400E+01 1.187022E+00 1.201697E+01
5.020300E+01 1.188051E+00 1.201661E+01
5.030200E+01 1.189079E+00 1.201625E+01
5.040100E+01 1.190104E+00 1.201590E+01
5.050000E+01 1.191128E+00 1.201556E+01
5.059900E+01 1.192150E+00 1.201524E+01
5.069800E+01 1.193170E+00 1.201492E+01
5.079700E+01 1.194188E+00 1.201461E+01
5.089600E+01 1.195205E+00 1.201431E+01
5.099500E+01 1.196219E+00 1.201402E+01
5.109400E+01 1.197232E+00 1.201374E+01
5.119300E+01 1.198243E+00 1.201347E+01
5.129200E+01 1.199252E+00 1.201321E+01
5.139100E+01 1.200259E+00 1.201296E+01
5.149000E+01 1.201265E+00 1.201272E+01
5.158900E+01 1.202268E+00 1.201249E+01
5.168800E+01 1.203270E+00 1.201226E+01
5.178700E+01 1.204270E+00 1.201205E+01
5.188600E+01 1.205268E+00 1.201184E+01
5.198500E+01 1.206265E+00 1.201164E+01
5.208400E+01 1.207259E+00 1.201146E+01
5.218300E+01 1.208252E+00 1.201128E+01
5.228200E+01 1.209244E+00 1.201111E+01
5.238100E+01 1.210233E+00 1.201094E+01
5.248000E+01 1.211221E+00 1.201079E+01
5.257900E+01 1.212206E+00 1.201065E+01
5.267800E+01 1.213191E+00 1.201051E+01
5.277700E+01 1.214173E+00 1.201038E+01
5.287600E+01 1.215154E+00 1.201026E+01
5.297500E+01 1.216132E+00 1.201015E+01
5.307400E+01 1.217110E+00 1.201005E+01
5.317300E+01 1.218085E+00 1.200996E+01
5.327200E+01 1.219059E+00 1.200987E+01
5.337100E+01 1.220031E+00 1.200979E+01
5.347000E+01 1.221001E+00 1.200413E+01
5.356900E+01 1.221970E+00 1.200407E+01
5.366800E+01 1.222937E+00 1.200402E+01
5.376700E+01 1.223902E+00 1.200398E+01
5.386600E+01 1.224865E+00 1.200395E+01
5.396500E+01 1.225827E+00 1.200393E+01
5.406400E+01 1.226787E+00 1.200391E+01
5.416300E+01 1.227746E+00 1.200391E+01
5.426200E+01 1.228703E+00 1.200391E+01
5.436100E+01 1.229658E+00 1.200391E+01
5.446000E+01 1.230611E+00 1.200393E+01
5.455900E+01 1.231563E+00 1.200395E+01
5.465800E+01 1.232513E+00 1.200398E+01
5.475700E+01 1.233462E+00 1.200402E+01
5.485600E+01 1.234409E+00 1.200406E+01
5.495500E+01 1.235354E+00 1.200412E+01
5.505400E+01 1.236298E+00 1.200418E+01
5.515300E+01 1.237240E+00 1.200424E+01
5.525200E+01 1.238180E+00 1.200432E+01
5.535100E+01 1.239119E+00 1.200440E+01
5.545000E+01 1.240056E+00 1.200449E+01
5.554900E+01 1.240992E+00 1.199912E+01
5.564800E+01 1.241925E+00 1.199923E+01
5.574700E+01 1.242858E+00 1.199935E+01
5.584600E+01 1.243788E+00 1.199947E+01
5.594500E+01 1.244718E+00 1.199960E+01
5.604400E+01 1.245645E+00 1.199974E+01
5.614300E+01 1.246571E+00 1.199988E+01
5.624200E+01 1.247495E+00 1.200003E+01
5.634100E+01 1.248418E+00 1.200019E+01
5.644000E+01 1.249339E+00 1.200035E+01
5.653900E+01 1.250259E+00 1.200053E+01
5.663800E+01 1.251177E+00 1.200070E+01
5.673700E+01 1.252094E+00 1.200089E+01
5.683600E+01 1.253009E+00 1.199570E+01
5.693500E+01 1.253922E+00 1.199590E+01
5.703400E+01 1.254834E+00 1.199611E+01
5.713300E+01 1.255744E+00 1.199632E+01
5.723200E+01 1.256653E+00 1.199655E+01
5.733100E+01 1.257560E+00 1.199677E+01
5.743000E+01 1.258466E+00 1.199701E+01
5.752900E+01 1.259370E+00 1.199725E+01
5.762800E+01 1.260273E+00 1.199750E+01
5.772700E+01 1.261174E+00 1.199775E+01
5.782600E+01 1.262074E+00 1.199801E+01
5.792500E+01 1.262972E+00 1.199296E+01
5.802400E+01 1.263868E+00 1.199324E+01
5.812300E+01 1.264764E+00 1.199352E+01
5.822200E+01 1.265657E+00 1.199381E+01
5.832100E+01 1.266549E+00 1.199411E+01
5.842000E+01 1.267440E+00 1.199441E+01
5.851900E+01 1.268329E+00 1.199472E+01
5.861800E+01 1.269217E+00 1.199503E+01
5.871700E+01 1.270103E+00 1.199535E+01
5.881600E+01 1.270988E+00 1.199568E+01
5.891500E+01 1.271871E+00 1.199075E+01
5.901400E+01 1.272753E+00 1.199109E+01
5.911300E+01 1.273633E+00 1.199144E+01
5.921200E+01 1.274512E+00 1.199179E+01
5.931100E+01 1.275390E+00 1.199215E+01
5.941000E+01 1.276265E+00 1.199252E+01
5.950900E+01 1.277140E+00 1.199289E+01
5.960800E+01 1.278013E+00 1.199326E+01
5.970700E+01 1.278885E+00 1.198843E+01
5.980600E+01 1.279755E+00 1.198882E+01
5.990500E+01 1.280624E+00 1.198922E+01
6.000400E+01 1.281491E+00 1.198962E+01
6.010300E+01 1.282357E+00 1.199003E+01
6.020200E+01 1.283221E+00 1.199044E+01
6.030100E+01 1.284085E+00 1.199086E+01
6.040000E+01 1.284946E+00 1.198611E+01
6.049900E+01 1.285806E+00 1.198654E+01
6.059800E+01 1.286665E+00 1.198698E+01
6.069700E+01 1.287523E+00 1.198743E+01
6.079600E+01 1.288379E+00 1.198788E+01
6.089500E+01 1.289233E+00 1.198834E+01
6.099400E+01 1.290087E+00 1.198880E+01
6.109300E+01 1.290939E+00 1.198926E+01
6.119200E+01 1.291789E+00 1.198460E+01
6.129100E+01 1.292638E+00 1.198508E+01
6.139000E+01 1.293486E+00 1.198557E+01
6.148900E+01 1.294332E+00 1.198606E+01
6.158800E+01 1.295177E+00 1.198655E+01
6.168700E+01 1.296021E+00 1.198705E+01
6.178600E+01 1.296863E+00 1.198245E+01
6.188500E+01 1.297704E+00 1.198297E+01
6.198400E+01 1.298544E+00 1.198349E+01
6.208300E+01 1.299382E+00 1.198402E+01
6.218200E+01 1.300219E+00 1.198455E+01
6.228100E+01 1.301054E+00 1.198508E+01
6.238000E+01 1.301888E+00 1.198054E+01
6.247900E+01 1.302721E+00 1.198109E+01
6.257800E+01 1.303553E+00 1.198165E+01
6.267700E+01 1.304383E+00 1.198220E+01
6.277600E+01 1.305212E+00 1.198277E+01
6.287500E+01 1.306039E+00 1.198333E+01
6.297400E+01 1.306865E+00 1.197886E+01
6.307300E+01 1.307690E+00 1.197944E+01
6.317200E+01 1.308514E+00 1.198003E+01
6.327100E+01 1.309336E+00 1.198062E+01
6.337000E+01 1.310157E+00 1.198121E+01
6.346900E+01 1.310976E+00 1.198181E+01
6.356800E+01 1.311795E+00 1.197740E+01
6.366700E+01 1.312612E+00 1.197801E+01
6.376600E+01 1.313427E+00 1.197863E+01
6.386500E+01 1.314242E+00 1.197925E+01
6.396400E+01 1.315055E+00 1.197988E+01
6.406300E+01 1.315867E+00 1.198050E+01
6.416200E+01 1.316677E+00 1.197615E+01
6.426100E+01 1.317487E+00 1.197679E+01
6.436000E+01 1.318295E+00 1.197744E+01
6.445900E+01 1.319101E+00 1.197809E+01
6.455800E+01 1.319907E+00 1.197875E+01
6.465700E+01 1.320711E+00 1.197444E+01
6.475600E+01 1.321514E+00 1.197511E+01
6.485500E+01 1.322316E+00 1.197578E+01
6.495400E+01 1.323116E+00 1.197646E+01
6.505300E+01 1.323915E+00 1.197714E+01
6.515200E+01 1.324713E+00 1.197289E+01
6.525100E+01 1.325510E+00 1.197358E+01
6.535000E+01 1.326305E+00 1.197427E+01
6.544900E+01 1.327099E+00 1.197497E+01
6.554800E+01 1.327892E+00 1.197568E+01
6.564700E+01 1.328684E+00 1.197147E+01
6.574600E+01 1.329474E+00 1.197219E+01
6.584500E+01 1.330263E+00 1.197291E+01
6.594400E+01 1.331051E+00 1.197363E+01
6.604300E+01 1.331838E+00 1.197436E+01
6.614200E+01 1.332624E+00 1.197020E+01
6.624100E+01 1.333408E+00 1.197094E+01
6.634000E+01 1.334191E+00 1.197168E+01
6.643900E+01 1.334973E+00 1.197243E+01
6.653800E+01 1.335754E+00 1.196830E+01
6.663700E+01 1.336533E+00 1.196906E+01
6.673600E+01 1.337311E+00 1.196982E+01
6.683500E+01 1.338088E+00 1.197059E+01
6.693400E+01 1.338864E+00 1.197136E+01
6.703300E+01 1.339639E+00 1.196728E+01
6.713200E+01 1.340412E+00 1.196806E+01
6.723100E+01 1.341185E+00 1.196884E+01
6.733000E+01 1.341956E+00 1.196963E+01
6.742900E+01 1.342726E+00 1.196559E+01
6.752800E+01 1.343494E+00 1.196639E+01
6.762700E+01 1.344262E+00 1.196719E+01
6.772600E+01 1.345028E+00 1.196800E+01
6.782500E+01 1.345794E+00 1.196881E+01
6.792400E+01 1.346558E+00 1.196481E+01
6.802300E+01 1.347320E+00 1.196563E+01
6.812200E+01 1.348082E+00 1.196645E+01
6.822100E+01 1.348843E+00 1.196728E+01
6.832000E+01 1.349602E+00 1.196331E+01
6.841900E+01 1.350360E+00 1.196415E+01
6.851800E+01 1.351117E+00 1.196499E+01
6.861700E+01 1.351873E+00 1.196584E+01
6.871600E+01 1.352628E+00 1.196191E+01
6.881500E+01 1.353382E+00 1.196276E+01
6.891400E+01 1.354134E+00 1.196362E+01
6.901300E+01 1.354885E+00 1.196448E+01
6.911200E+01 1.355636E+00 1.196058E+01
6.921100E+01 1.356385E+00 1.196145E+01
6.931000E+01 1.357133E+00 1.196233E+01
6.940900E+01 1.357879E+00 1.196321E+01
6.950800E+01 1.358625E+00 1.195934E+01
6.960700E+01 1.359370E+00 1.196023E+01
6.970600E+01 1.360113E+00 1.196112E+01
6.980500E+01 1.360855E+00 1.196201E+01
6.990400E+01 1.361597E+00 1.195819E+01
7.000300E+01 1.362337E+00 1.195909E+01
7.010200E+01 1.363076E+00 1.195999E+01
7.020100E+01 1.363813E+00 1.196090E+01
7.030000E+01 1.364550E+00 1.195711E+01
7.039900E+01 1.365286E+00 1.195803E+01
7.049800E+01 1.366020E+00 1.195895E+01
7.059700E+01 1.366754E+00 1.195987E+01
7.069600E+01 1.367486E+00 1.195611E+01
7.079500E+01 1.368217E+00 1.195704E+01
7.089400E+01 1.368948E+00 1.195798E+01
7.099300E+01 1.369677E+00 1.195892E+01
7.109200E+01 1.370405E+00 1.195519E+01
7.119100E+01 1.371132E+00 1.195614E+01
7.129000E+01 1.371857E+00 1.195709E+01
7.138900E+01 1.372582E+00 1.195338E+01
7.148800E+01 1.373306E+00 1.195434E+01
7.158700E+01 1.374028E+00 1.195530E+01
7.168600E+01 1.374750E+00 1.195627E+01
7.178500E+01 1.375470E+00 1.195259E+01
7.188400E+01 1.376190E+00 1.195357E+01
7.198300E+01 1.376908E+00 1.195455E+01
7.208200E+01 1.377625E+00 1.195553E+01
7.218100E+01 1.378342E+00 1.195188E+01
7.228000E+01 1.379057E+00 1.195287E+01
7.237900E+01 1.379771E+00 1.195386E+01
7.247800E+01 1.380484E+00 1.195024E+01
7.257700E+01 1.381196E+00 1.195124E+01
7.267600E+01 1.381907E+00 1.195225E+01
7.277500E+01 1.382617E+00 1.195325E+01
7.287400E+01 1.383326E+00 1.194966E+01
7.297300E+01 1.384034E+00 1.195067E+01
7.307200E+01 1.384740E+00 1.195169E+01
7.317100E+01 1.385446E+00 1.194812E+01
7.327000E+01 1.386151E+00 1.194914E+01
7.336900E+01 1.386855E+00 1.195017E+01
7.346800E+01 1.387557E+00 1.194662E+01
7.356700E+01 1.388259E+00 1.194766E+01
7.366600E+01 1.388959E+00 1.194870E+01
7.376500E+01 1.389659E+00 1.194974E+01
7.386400E+01 1.390358E+00 1.194622E+01
7.396300E+01 1.391055E+00 1.194727E+01
7.406200E+01 1.391752E+00 1.194832E+01
7.416100E+01 1.392447E+00 1.194483E+01
7.426000E+01 1.393142E+00 1.194589E+01
7.435900E+01 1.393835E+00 1.194695E+01
7.445800E+01 1.394528E+00 1.194347E+01
7.455700E+01 1.395219E+00 1.194454E+01
7.465600E+01 1.395910E+00 1.194562E+01
7.475500E+01 1.396599E+00 1.194669E+01
7.485400E+01 1.397288E+00 1.194324E+01
7.495300E+01 1.397975E+00 1.194433E+01
7.505200E+01 1.398662E+00 1.194541E+01
7.515100E+01 1.399347E+00 1.194198E+01
7.525000E+01 1.400032E+00 1.194308E+01
7.534900E+01 1.400715E+00 1.194417E+01
7.544800E+01 1.401398E+00 1.194077E+01
7.554700E+01 1.402079E+00 1.194187E+01
7.564600E+01 1.402760E+00 1.194298E+01
7.574500E+01 1.403440E+00 1.193959E+01
7.584400E+01 1.404118E+00 1.194070E+01
7.594300E+01 1.404796E+00 1.194182E+01
7.604200E+01 1.405473E+00 1.193845E+01
7.614100E+01 1.406149E+00 1.193957E+01
7.624000E+01 1.406823E+00 1.194070E+01
7.633900E+01 1.407497E+00 1.193735E+01
7.643800E+01 1.408170E+00 1.193849E+01
7.653700E+01 1.408842E+00 1.193962E+01
7.663600E+01 1.409513E+00 1.193630E+01
7.673500E+01 1.410183E+00 1.193744E+01
7.683400E+01 1.410852E+00 1.193858E+01
7.693300E+01 1.411520E+00 1.193528E+01
7.703200E+01 1.412187E+00 1.193643E+01
7.713100E+01 1.412853E+00 1.193758E+01
7.723000E+01 1.413518E+00 1.193429E+01
7.732900E+01 1.414183E+00 1.193545E+01
7.742800E+01 1.414846E+00 1.193662E+01
7.752700E+01 1.415508E+00 1.193335E+01
7.762600E+01 1.416170E+00 1.193452E+01
7.772500E+01 1.416830E+00 1.193569E+01
7.782400E+01 1.417490E+00 1.193244E+01
7.792300E+01 1.418149E+00 1.193362E+01
7.802200E+01 1.418806E+00 1.193480E+01
7.812100E+01 1.419463E+00 1.193157E+01
7.822000E+01 1.420119E+00 1.193276E+01
7.831900E+01 1.420774E+00 1.193395E+01
7.841800E+01 1.421428E+00 1.193074E+01
7.851700E+01 1.422081E+00 1.193194E+01
7.861600E+01 1.422733E+00 1.193313E+01
7.871500E+01 1.423385E+00 1.192994E+01
7.881400E+01 1.424035E+00 1.193115E+01
7.891300E+01 1.424684E+00 1.193235E+01
7.901200E+01 1.425333E+00 1.192918E+01
7.911100E+01 1.425981E+00 1.193039E+01
7.921000E+01 1.426627E+00 1.193161E+01
7.930900E+01 1.427273E+00 1.192845E+01
7.940800E+01 1.427918E+00 1.192968E+01
7.950700E+01 1.428562E+00 1.193090E+01
7.960600E+01 1.429205E+00 1.192776E+01
7.970500E+01 1.429847E+00 1.192899E+01
7.980400E+01 1.430489E+00 1.192587E+01
7.990300E+01 1.431129E+00 1.192710E+01
8.000200E+01 1.431769E+00 1.192834E+01
8.010100E+01 1.432407E+00 1.192524E+01
8.020000E+01 1.433045E+00 1.192648E+01
8.029900E+01 1.433682E+00 1.192773E+01
8.039800E+01 1.434318E+00 1.192464E+01
8.049700E+01 1.434953E+00 1.192589E+01
8.059600E+01 1.435588E+00 1.192714E+01
8.069500E+01 1.436221E+00 1.192407E+01
8.079400E+01 1.436853E+00 1.192533E+01
8.089300E+01 1.437485E+00 1.192228E+01
8.099200E+01 1.438116E+00 1.192354E+01
8.109100E+01 1.438746E+00 1.192481E+01
8.119000E+01 1.439375E+00 1.192177E+01
8.128900E+01 1.440003E+00 1.192304E+01
8.138800E+01 1.440630E+00 1.192432E+01
8.148700E+01 1.441256E+00 1.192129E+01
8.158600E+01 1.441882E+00 1.192257E+01
8.168500E+01 1.442507E+00 1.191957E+01
8.178400E+01 1.443131E+00 1.192085E+01
8.188300E+01 1.443754E+00 1.192214E+01
8.198200E+01 1.444376E+00 1.191915E+01
8.208100E+01 1.444997E+00 1.192044E+01
8.218000E+01 1.445617E+00 1.191746E+01
8.227900E+01 1.446237E+00 1.191876E+01
8.237800E+01 1.446856E+00 1.192006E+01
8.247700E+01 1.447473E+00 1.191710E+01
8.257600E+01 1.448091E+00 1.191840E+01
8.267500E+01 1.448707E+00 1.191971E+01
8.277400E+01 1.449322E+00 1.191676E+01
8.287300E+01 1.449937E+00 1.191807E+01
8.297200E+01 1.450550E+00 1.191514E+01
8.307100E+01 1.451163E+00 1.191646E+01
8.317000E+01 1.451775E+00 1.191778E+01
8.326900E+01 1.452386E+00 1.191486E+01
8.336800E+01 1.452997E+00 1.191618E+01
8.346700E+01 1.453606E+00 1.191328E+01
8.356600E+01 1.454215E+00 1.191461E+01
8.366500E+01 1.454823E+00 1.191594E+01
8.376400E+01 1.455430E+00 1.191305E+01
8.386300E+01 1.456036E+00 1.191439E+01
8.396200E+01 1.456641E+00 1.191151E+01
8.406100E+01 1.457246E+00 1.191285E+01
8.416000E+01 1.457850E+00 1.191419E+01
8.425900E+01 1.458453E+00 1.191133E+01
8.435800E+01 1.459055E+00 1.191268E+01
8.445700E+01 1.459656E+00 1.190983E+01
8.455600E+01 1.460257E+00 1.191118E+01
8.465500E+01 1.460856E+00 1.191254E+01
8.475400E+01 1.461455E+00 1.190970E+01
8.485300E+01 1.462053E+00 1.191106E+01
8.495200E+01 1.462651E+00 1.190823E+01
8.505100E+01 1.463247E+00 1.190960E+01
8.515000E+01 1.463843E+00 1.191097E+01
8.524900E+01 1.464438E+00 1.190816E+01
8.534800E+01 1.465032E+00 1.190953E+01
8.544700E+01 1.465625E+00 1.190673E+01
8.554600E+01 1.466218E+00 1.190811E+01
8.564500E+01 1.466809E+00 1.190949E+01
8.574400E+01 1.467400E+00 1.190670E+01
8.584300E+01 1.467990E+00 1.190808E+01
8.594200E+01 1.468580E+00 1.190531E+01
8.604100E+01 1.469168E+00 1.190670E+01
8.614000E+01 1.469756E+00 1.190394E+01
8.623900E+01 1.470343E+00 1.190533E+01
8.633800E+01 1.470929E+00 1.190672E+01
8.643700E+01 1.471515E+00 1.190398E+01
8.653600E+01 1.472099E+00 1.190537E+01
8.663500E+01 1.472683E+00 1.190264E+01
8.673400E+01 1.473266E+00 1.190404E+01
8.683300E+01 1.473849E+00 1.190131E+01
8.693200E+01 1.474430E+00 1.190272E+01
8.703100E+01 1.475011E+00 1.190413E+01
8.713000E+01 1.475591E+00 1.190142E+01
8.722900E+01 1.476170E+00 1.190283E+01
8.732800E+01 1.476749E+00 1.190013E+01
8.742700E+01 1.477327E+00 1.190155E+01
8.752600E+01 1.477904E+00 1.189886E+01
8.762500E+01 1.478480E+00 1.190028E+01
8.772400E+01 1.479055E+00 1.190171E+01
8.782300E+01 1.479630E+00 1.189903E+01
8.792200E+01 1.480204E+00 1.190046E+01
8.802100E+01 1.480777E+00 1.189779E+01
8.812000E+01 1.481349E+00 1.189922E+01
8.821900E+01 1.481921E+00 1.189657E+01
8.831800E+01 1.482492E+00 1.189800E+01
8.841700E+01 1.483062E+00 1.189944E+01
8.851600E+01 1.483632E+00 1.189680E+01
8.861500E+01 1.484200E+00 1.189824E+01
8.871400E+01 1.484768E+00 1.189561E+01
8.881300E+01 1.485335E+00 1.189706E+01
8.891200E+01 1.485902E+00 1.189443E+01
8.901100E+01 1.486467E+00 1.189589E+01
8.911000E+01 1.487032E+00 1.189327E+01
8.920900E+01 1.487597E+00 1.189473E+01
8.930800E+01 1.488160E+00 1.189619E+01
8.940700E+01 1.488723E+00 1.189358E+01
8.950600E+01 1.489285E+00 1.189505E+01
8.960500E+01 1.489846E+00 1.189246E+01
8.970400E+01 1.490407E+00 1.189392E+01
8.980300E+01 1.490967E+00 1.189134E+01
8.990200E+01 1.491526E+00 1.189281E+01
9.000100E+01 1.492084E+00 1.189024E+01
9.010000E+01 1.492642E+00 1.189171E+01
9.019900E+01 1.493199E+00 1.189319E+01
9.029800E+01 1.493755E+00 1.189063E+01
9.039700E+01 1.494310E+00 1.189211E+01
9.049600E+01 1.494865E+00 1.188956E+01
9.059500E+01 1.495419E+00 1.189104E+01
9.069400E+01 1.495972E+00 1.188850E+01
9.079300E+01 1.496525E+00 1.188999E+01
9.089200E+01 1.497077E+00 1.188746E+01
9.099100E+01 1.497628E+00 1.188895E+01
9.109000E+01 1.498178E+00 1.188643E+01
9.118900E+01 1.498728E+00 1.188793E+01
9.128800E+01 1.499277E+00 1.188541E+01
9.138700E+01 1.499826E+00 1.188691E+01
9.148600E+01 1.500373E+00 1.188841E+01
9.158500E+01 1.500920E+00 1.188591E+01
9.168400E+01 1.501466E+00 1.188742E+01
9.178300E+01 1.502012E+00 1.188493E+01
9.188200E+01 1.502557E+00 1.188644E+01
9.198100E+01 1.503101E+00 1.188396E+01
9.208000E+01 1.503644E+00 1.188547E+01
9.217900E+01 1.504187E+00 1.188299E+01
9.227800E+01 1.504729E+00 1.188451E+01
9.237700E+01 1.505270E+00 1.188205E+01
9.247600E+01 1.505811E+00 1.188357E+01
9.257500E+01 1.506351E+00 1.188111E+01
9.267400E+01 1.506890E+00 1.188264E+01
9.277300E+01 1.507429E+00 1.188019E+01
9.287200E+01 1.507967E+00 1.188172E+01
9.297100E+01 1.508504E+00 1.188324E+01
9.307000E+01 1.509041E+00 1.188081E+01
9.316900E+01 1.509576E+00 1.188234E+01
9.326800E+01 1.510112E+00 1.187992E+01
9.336700E+01 1.510646E+00 1.188145E+01
9.346600E+01 1.511180E+00 1.187904E+01
9.356500E+01 1.511713E+00 1.188057E+01
9.366400E+01 1.512245E+00 1.187817E+01
9.376300E+01 1.512777E+00 1.187971E+01
9.386200E+01 1.513308E+00 1.187731E+01
9.396100E+01 1.513839E+00 1.187886E+01
9.406000E+01 1.514369E+00 1.187647E+01
9.415900E+01 1.514898E+00 1.187802E+01
9.425800E+01 1.515426E+00 1.187563E+01
9.435700E+01 1.515954E+00 1.187719E+01
9.445600E+01 1.516481E+00 1.187481E+01
9.455500E+01 1.517007E+00 1.187637E+01
9.465400E+01 1.517533E+00 1.187401E+01
9.475300E+01 1.518058E+00 1.187556E+01
9.485200E+01 1.518582E+00 1.187321E+01
9.495100E+01 1.519106E+00 1.187477E+01
9.505000E+01 1.519629E+00 1.187242E+01
9.514900E+01 1.520152E+00 1.187399E+01
9.524800E+01 1.520674E+00 1.187165E+01
9.534700E+01 1.521195E+00 1.187322E+01
9.544600E+01 1.521715E+00 1.187089E+01
9.554500E+01 1.522235E+00 1.187246E+01
9.564400E+01 1.522754E+00 1.187014E+01
9.574300E+01 1.523273E+00 1.187171E+01
9.584200E+01 1.523791E+00 1.186940E+01
9.594100E+01 1.524308E+00 1.187098E+01
9.604000E+01 1.524824E+00 1.186867E+01
9.613900E+01 1.525340E+00 1.187025E+01
9.623800E+01 1.525856E+00 1.186796E+01
9.633700E+01 1.526370E+00 1.186954E+01
9.643600E+01 1.526884E+00 1.186725E+01
9.653500E+01 1.527398E+00 1.186884E+01
9.663400E+01 1.527910E+00 1.186656E+01
9.673300E+01 1.528422E+00 1.186815E+01
9.683200E+01 1.528934E+00 1.186588E+01
9.693100E+01 1.529445E+00 1.186747E+01
9.703000E+01 1.529955E+00 1.186520E+01
9.712900E+01 1.530464E+00 1.186680E+01
9.722800E+01 1.530973E+00 1.186454E+01
9.732700E+01 1.531482E+00 1.186614E+01
9.742600E+01 1.531989E+00 1.186389E+01
9.752500E+01 1.532496E+00 1.186550E+01
9.762400E+01 1.533003E+00 1.186326E+01
9.772300E+01 1.533508E+00 1.186486E+01
9.782200E+01 1.534013E+00 1.186263E+01
9.792100E+01 1.534518E+00 1.186424E+01
9.802000E+01 1.535022E+00 1.186201E+01
9.811900E+01 1.535525E+00 1.186362E+01
9.821800E+01 1.536028E+00 1.186140E+01
9.831700E+01 1.536530E+00 1.186302E+01
9.841600E+01 1.537031E+00 1.186081E+01
9.851500E+01 1.537532E+00 1.186243E+01
9.861400E+01 1.538032E+00 1.186022E+01
9.871300E+01 1.538532E+00 1.186184E+01
9.881200E+01 1.539031E+00 1.185965E+01
9.891100E+01 1.539529E+00 1.186127E+01
9.901000E+01 1.540027E+00 1.185908E+01
9.910900E+01 1.540524E+00 1.186071E+01
9.920800E+01 1.541020E+00 1.185853E+01
9.930700E+01 1.541516E+00 1.186016E+01
9.940600E+01 1.542011E+00 1.185798E+01
9.950500E+01 1.542506E+00 1.185581E+01
9.960400E+01 1.543000E+00 1.185745E+01
9.970300E+01 1.543493E+00 1.185528E+01
9.980200E+01 1.543986E+00 1.185692E+01
9.990100E+01 1.544478E+00 1.185477E+01
