1.000000E+00 NAN NAN
1.099000E+00 1.314367E-01 2.096900E+01
1.198000E+00 1.378989E-01 1.863828E+01
1.297000E+00 1.443277E-01 1.796031E+01
1.396000E+00 1.507113E-01 1.729786E+01
1.495000E+00 1.570449E-01 1.688879E+01
1.594000E+00 1.633240E-01 1.645171E+01
1.693000E+00 1.695468E-01 1.609470E+01
1.792000E+00 1.757121E-01 1.580059E+01
1.891000E+00 1.818192E-01 1.547018E+01
1.990000E+00 1.878684E-01 1.527218E+01
2.089000E+00 1.938599E-01 1.503063E+01
2.188000E+00 1.997942E-01 1.482448E+01
2.287000E+00 2.056722E-01 1.471587E+01
2.386000E+00 2.114946E-01 1.456062E+01
2.485000E+00 2.172625E-01 1.442679E+01
2.584000E+00 2.229767E-01 1.425215E+01
2.683000E+00 2.286383E-01 1.415475E+01
2.782000E+00 2.342485E-01 1.407076E+01
2.881000E+00 2.398080E-01 1.394614E+01
2.980000E+00 2.453182E-01 1.388584E+01
3.079000E+00 2.507797E-01 1.378569E+01
3.178000E+00 2.561939E-01 1.374357E+01
3.277000E+00 2.615614E-01 1.366259E+01
3.376000E+00 2.668834E-01 1.359040E+01
3.475000E+00 2.721607E-01 1.352604E+01
3.574000E+00 2.773942E-01 1.346871E+01
3.673000E+00 2.825849E-01 1.341768E+01
3.772000E+00 2.877336E-01 1.337234E+01
3.871000E+00 2.928410E-01 1.333215E+01
3.970000E+00 2.979079E-01 1.329663E+01
4.069000E+00 3.029353E-01 1.326535E+01
4.168000E+00 3.079238E-01 1.323795E+01
4.267000E+00 3.128740E-01 1.317902E+01
4.366000E+00 3.177869E-01 1.315910E+01
4.465000E+00 3.226629E-01 1.314212E+01
4.564000E+00 3.275029E-01 1.309492E+01
4.663000E+00 3.323074E-01 1.308371E+01
4.762000E+00 3.370771E-01 1.304313E+01
4.861000E+00 3.418125E-01 1.303681E+01
4.960000E+00 3.465144E-01 1.300191E+01
5.059000E+00 3.511831E-01 1.296984E+01
5.158000E+00 3.558194E-01 1.296976E+01
5.257000E+00 3.604236E-01 1.294224E+01
5.356000E+00 3.649965E-01 1.291701E+01
5.455000E+00 3.695384E-01 1.289394E+01
5.554000E+00 3.740499E-01 1.290036E+01
5.653000E+00 3.785314E-01 1.288071E+01
5.752000E+00 3.829834E-01 1.286284E+01
5.851000E+00 3.874063E-01 1.284663E+01
5.950000E+00 3.918007E-01 1.283197E+01
6.049000E+00 3.961669E-01 1.281878E+01
6.148000E+00 4.005053E-01 1.280696E+01
6.247000E+00 4.048164E-01 1.279644E+01
6.346000E+00 4.091006E-01 1.278713E+01
6.445000E+00 4.133582E-01 1.277897E+01
6.544000E+00 4.175897E-01 1.277190E+01
6.643000E+00 4.217953E-01 1.276586E+01
6.742000E+00 4.259754E-01 1.273748E+01
6.841000E+00 4.301305E-01 1.273359E+01
6.940000E+00 4.342608E-01 1.273056E+01
7.039000E+00 4.383667E-01 1.272834E+01
7.138000E+00 4.424485E-01 1.270468E+01
7.237000E+00 4.465064E-01 1.270420E+01
7.336000E+00 4.505410E-01 1.270441E+01
7.435000E+00 4.545524E-01 1.270527E+01
7.534000E+00 4.585409E-01 1.268548E+01
7.633000E+00 4.625068E-01 1.268776E+01
7.732000E+00 4.664505E-01 1.266979E+01
7.831000E+00 4.703721E-01 1.267335E+01
7.930000E+00 4.742719E-01 1.265702E+01
8.029000E+00 4.781503E-01 1.266174E+01
8.128000E+00 4.820075E-01 1.264692E+01
8.227000E+00 4.858438E-01 1.265269E+01
8.326000E+00 4.896593E-01 1.263925E+01
8.425000E+00 4.934543E-01 1.264597E+01
8.524000E+00 4.972291E-01 1.263381E+01
8.623000E+00 5.009839E-01 1.264139E+01
8.722000E+00 5.047189E-01 1.263039E+01
8.821000E+00 5.084344E-01 1.262004E+01
8.920000E+00 5.121306E-01 1.262885E+01
9.019000E+00 5.158077E-01 1.261953E+01
9.118000E+00 5.194659E-01 1.262903E+01
9.217000E+00 5.231054E-01 1.262066E+01
9.316000E+00 5.267264E-01 1.261282E+01
9.415000E+00 5.303292E-01 1.260550E+01
9.514000E+00 5.339138E-01 1.261631E+01
9.613000E+00 5.374805E-01 1.260980E+01
9.712000E+00 5.410296E-01 1.260375E+01
9.811000E+00 5.445611E-01 1.259814E+01
9.910000E+00 5.480752E-01 1.259295E+01
1.000900E+01 5.515723E-01 1.260514E+01
1.010800E+01 5.550523E-01 1.260063E+01
1.020700E+01 5.585156E-01 1.259649E+01
1.030600E+01 5.619622E-01 1.259273E+01
1.040500E+01 5.653924E-01 1.258932E+01
1.050400E+01 5.688063E-01 1.258626E+01
1.060300E+01 5.722040E-01 1.258353E+01
1.070200E+01 5.755857E-01 1.258112E+01
1.080100E+01 5.789516E-01 1.257902E+01
1.090000E+01 5.823018E-01 1.257723E+01
1.099900E+01 5.856365E-01 1.257572E+01
1.109800E+01 5.889558E-01 1.259018E+01
1.119700E+01 5.922599E-01 1.258912E+01
1.129600E+01 5.955488E-01 1.257283E+01
1.139500E+01 5.988229E-01 1.257239E+01
1.149400E+01 6.020821E-01 1.257219E+01
1.159300E+01 6.053266E-01 1.257223E+01
1.169200E+01 6.085566E-01 1.257250E+01
1.179100E+01 6.117722E-01 1.257299E+01
1.189000E+01 6.149736E-01 1.257370E+01
1.198900E+01 6.181608E-01 1.257462E+01
1.208800E+01 6.213340E-01 1.257574E+01
1.218700E+01 6.244933E-01 1.257706E+01
1.228600E+01 6.276388E-01 1.257857E+01
1.238500E+01 6.307706E-01 1.256581E+01
1.248400E+01 6.338890E-01 1.256776E+01
1.258300E+01 6.369939E-01 1.256989E+01
1.268200E+01 6.400855E-01 1.257219E+01
1.278100E+01 6.431639E-01 1.257465E+01
1.288000E+01 6.462293E-01 1.257726E+01
1.297900E+01 6.492817E-01 1.256606E+01
1.307800E+01 6.523212E-01 1.256905E+01
1.317700E+01 6.553480E-01 1.257219E+01
1.327600E+01 6.583622E-01 1.257547E+01
1.337500E+01 6.613638E-01 1.256521E+01
1.347400E+01 6.643531E-01 1.256882E+01
1.357300E+01 6.673299E-01 1.257256E+01
1.367200E+01 6.702946E-01 1.256297E+01
1.377100E+01 6.732471E-01 1.256702E+01
1.387000E+01 6.761876E-01 1.257119E+01
1.396900E+01 6.791162E-01 1.256222E+01
1.406800E+01 6.820329E-01 1.256667E+01
1.416700E+01 6.849379E-01 1.257123E+01
1.426600E+01 6.878312E-01 1.256284E+01
1.436500E+01 6.907130E-01 1.256766E+01
1.446400E+01 6.935833E-01 1.257257E+01
1.456300E+01 6.964422E-01 1.256473E+01
1.466200E+01 6.992898E-01 1.256988E+01
1.476100E+01 7.021262E-01 1.257513E+01
1.486000E+01 7.049514E-01 1.256778E+01
1.495900E+01 7.077657E-01 1.257325E+01
1.505800E+01 7.105689E-01 1.256625E+01
1.515700E+01 7.133613E-01 1.257193E+01
1.525600E+01 7.161429E-01 1.256526E+01
1.535500E+01 7.189138E-01 1.257114E+01
1.545400E+01 7.216740E-01 1.256477E+01
1.555300E+01 7.244237E-01 1.257084E+01
1.565200E+01 7.271629E-01 1.256478E+01
1.575100E+01 7.298918E-01 1.257103E+01
1.585000E+01 7.326102E-01 1.256525E+01
1.594900E+01 7.353185E-01 1.257167E+01
1.604800E+01 7.380166E-01 1.256616E+01
1.614700E+01 7.407046E-01 1.257275E+01
1.624600E+01 7.433825E-01 1.256750E+01
1.634500E+01 7.460505E-01 1.257424E+01
1.644400E+01 7.487086E-01 1.256925E+01
1.654300E+01 7.513569E-01 1.257614E+01
1.664200E+01 7.539954E-01 1.257138E+01
1.674100E+01 7.566242E-01 1.257841E+01
1.684000E+01 7.592434E-01 1.257389E+01
1.693900E+01 7.618531E-01 1.256950E+01
1.703800E+01 7.644533E-01 1.257675E+01
1.713700E+01 7.670441E-01 1.257258E+01
1.723600E+01 7.696255E-01 1.257995E+01
1.733500E+01 7.721976E-01 1.257599E+01
1.743400E+01 7.747605E-01 1.257216E+01
1.753300E+01 7.773143E-01 1.257971E+01
1.763200E+01 7.798589E-01 1.257608E+01
1.773100E+01 7.823945E-01 1.257256E+01
1.783000E+01 7.849211E-01 1.258030E+01
1.792900E+01 7.874388E-01 1.257697E+01
1.802800E+01 7.899476E-01 1.257375E+01
1.812700E+01 7.924476E-01 1.258165E+01
1.822600E+01 7.949389E-01 1.257861E+01
1.832500E+01 7.974215E-01 1.257567E+01
1.842400E+01 7.998954E-01 1.258373E+01
1.852300E+01 8.023608E-01 1.258096E+01
1.862200E+01 8.048176E-01 1.257829E+01
1.872100E+01 8.072660E-01 1.257572E+01
1.882000E+01 8.097060E-01 1.258397E+01
1.891900E+01 8.121376E-01 1.258155E+01
1.901800E+01 8.145608E-01 1.257923E+01
1.911700E+01 8.169759E-01 1.257700E+01
1.921600E+01 8.193827E-01 1.258543E+01
1.931500E+01 8.217814E-01 1.258334E+01
1.941400E+01 8.241720E-01 1.258134E+01
1.951300E+01 8.265545E-01 1.257943E+01
1.961200E+01 8.289290E-01 1.258802E+01
1.971100E+01 8.312956E-01 1.258624E+01
1.981000E+01 8.336543E-01 1.258454E+01
1.990900E+01 8.360051E-01 1.258292E+01
2.000800E+01 8.383481E-01 1.258138E+01
2.010700E+01 8.406833E-01 1.259017E+01
2.020600E+01 8.430109E-01 1.258875E+01
2.030500E+01 8.453307E-01 1.258740E+01
2.040400E+01 8.476430E-01 1.258613E+01
2.050300E+01 8.499476E-01 1.258493E+01
2.060200E+01 8.522448E-01 1.258381E+01
2.070100E+01 8.545344E-01 1.259280E+01
2.080000E+01 8.568167E-01 1.259178E+01
2.089900E+01 8.590915E-01 1.259083E+01
2.099800E+01 8.613589E-01 1.258995E+01
2.109700E+01 8.636191E-01 1.258913E+01
2.119600E+01 8.658720E-01 1.258838E+01
2.129500E+01 8.681177E-01 1.258770E+01
2.139400E+01 8.703562E-01 1.258707E+01
2.149300E+01 8.725876E-01 1.258651E+01
2.159200E+01 8.748119E-01 1.259577E+01
2.169100E+01 8.770291E-01 1.259530E+01
2.179000E+01 8.792393E-01 1.259489E+01
2.188900E+01 8.814425E-01 1.259454E+01
2.198800E+01 8.836388E-01 1.259424E+01
2.208700E+01 8.858282E-01 1.259400E+01
2.218600E+01 8.880107E-01 1.259382E+01
2.228500E+01 8.901864E-01 1.259369E+01
2.238400E+01 8.923554E-01 1.259362E+01
2.248300E+01 8.945175E-01 1.259360E+01
2.258200E+01 8.966730E-01 1.259363E+01
2.268100E+01 8.988218E-01 1.259371E+01
2.278000E+01 9.009639E-01 1.259384E+01
2.287900E+01 9.030995E-01 1.259403E+01
2.297800E+01 9.052285E-01 1.259426E+01
2.307700E+01 9.073509E-01 1.259454E+01
2.317600E+01 9.094669E-01 1.259487E+01
2.327500E+01 9.115764E-01 1.259524E+01
2.337400E+01 9.136796E-01 1.259566E+01
2.347300E+01 9.157763E-01 1.259613E+01
2.357200E+01 9.178667E-01 1.259664E+01
2.367100E+01 9.199507E-01 1.259719E+01
2.377000E+01 9.220285E-01 1.259779E+01
2.386900E+01 9.241001E-01 1.259843E+01
2.396800E+01 9.261654E-01 1.259911E+01
2.406700E+01 9.282246E-01 1.259984E+01
2.416600E+01 9.302776E-01 1.260060E+01
2.426500E+01 9.323245E-01 1.260141E+01
2.436400E+01 9.343653E-01 1.260225E+01
2.446300E+01 9.364001E-01 1.260313E+01
2.456200E+01 9.384289E-01 1.260406E+01
2.466100E+01 9.404516E-01 1.260502E+01
2.476000E+01 9.424684E-01 1.260601E+01
2.485900E+01 9.444793E-01 1.260705E+01
2.495800E+01 9.464843E-01 1.260812E+01
2.505700E+01 9.484834E-01 1.260040E+01
2.515600E+01 9.504767E-01 1.260156E+01
2.525500E+01 9.524642E-01 1.260276E+01
2.535400E+01 9.544459E-01 1.260399E+01
2.545300E+01 9.564218E-01 1.260526E+01
2.555200E+01 9.583921E-01 1.260656E+01
2.565100E+01 9.603566E-01 1.260789E+01
2.575000E+01 9.623155E-01 1.260925E+01
2.584900E+01 9.642688E-01 1.261065E+01
2.594800E+01 9.662164E-01 1.260345E+01
2.604700E+01 9.681585E-01 1.260493E+01
2.614600E+01 9.700951E-01 1.260644E+01
2.624500E+01 9.720261E-01 1.260798E+01
2.634400E+01 9.739516E-01 1.260955E+01
2.644300E+01 9.758717E-01 1.261115E+01
2.654200E+01 9.777863E-01 1.261277E+01
2.664100E+01 9.796955E-01 1.260595E+01
2.674000E+01 9.815994E-01 1.260766E+01
2.683900E+01 9.834979E-01 1.260939E+01
2.693800E+01 9.853910E-01 1.261114E+01
2.703700E+01 9.872789E-01 1.261292E+01
2.713600E+01 9.891615E-01 1.261473E+01
2.723500E+01 9.910388E-01 1.260822E+01
2.733400E+01 9.929109E-01 1.261010E+01
2.743300E+01 9.947778E-01 1.261200E+01
2.753200E+01 9.966395E-01 1.261393E+01
2.763100E+01 9.984961E-01 1.261589E+01
2.773000E+01 1.000348E+00 1.260961E+01
2.782900E+01 1.002194E+00 1.261163E+01
2.792800E+01 1.004035E+00 1.261367E+01
2.802700E+01 1.005871E+00 1.261574E+01
2.812600E+01 1.007703E+00 1.260966E+01
2.822500E+01 1.009529E+00 1.261178E+01
2.832400E+01 1.011350E+00 1.261393E+01
2.842300E+01 1.013166E+00 1.261611E+01
2.852200E+01 1.014977E+00 1.261830E+01
2.862100E+01 1.016784E+00 1.261243E+01
2.872000E+01 1.018585E+00 1.261469E+01
2.881900E+01 1.020382E+00 1.261696E+01
2.891800E+01 1.022174E+00 1.261925E+01
2.901700E+01 1.023961E+00 1.261356E+01
2.911600E+01 1.025743E+00 1.261591E+01
2.921500E+01 1.027520E+00 1.261828E+01
2.931400E+01 1.029293E+00 1.261271E+01
2.941300E+01 1.031061E+00 1.261514E+01
2.951200E+01 1.032824E+00 1.261758E+01
2.961100E+01 1.034582E+00 1.262004E+01
2.971000E+01 1.036336E+00 1.261463E+01
2.980900E+01 1.038085E+00 1.261714E+01
2.990800E+01 1.039830E+00 1.261967E+01
3.000700E+01 1.041570E+00 1.261439E+01
3.010600E+01 1.043305E+00 1.261696E+01
3.020500E+01 1.045036E+00 1.261956E+01
3.030400E+01 1.046762E+00 1.262217E+01
3.040300E+01 1.048484E+00 1.261703E+01
3.050200E+01 1.050201E+00 1.261969E+01
3.060100E+01 1.051914E+00 1.262237E+01
3.070000E+01 1.053622E+00 1.261734E+01
3.079900E+01 1.055326E+00 1.262006E+01
3.089800E+01 1.057025E+00 1.262280E+01
3.099700E+01 1.058720E+00 1.261788E+01
3.109600E+01 1.060411E+00 1.262066E+01
3.119500E+01 1.062097E+00 1.262346E+01
3.129400E+01 1.063779E+00 1.261865E+01
3.139300E+01 1.065457E+00 1.262148E+01
3.149200E+01 1.067130E+00 1.261675E+01
3.159100E+01 1.068799E+00 1.261963E+01
3.169000E+01 1.070464E+00 1.262252E+01
3.178900E+01 1.072124E+00 1.261788E+01
3.188800E+01 1.073780E+00 1.262081E+01
3.198700E+01 1.075432E+00 1.262376E+01
3.208600E+01 1.077080E+00 1.261922E+01
3.218500E+01 1.078724E+00 1.262221E+01
3.228400E+01 1.080363E+00 1.262520E+01
3.238300E+01 1.081999E+00 1.262076E+01
3.248200E+01 1.083630E+00 1.262379E+01
3.258100E+01 1.085257E+00 1.261942E+01
3.268000E+01 1.086880E+00 1.262249E+01
3.277900E+01 1.088499E+00 1.262557E+01
3.287800E+01 1.090114E+00 1.262128E+01
3.297700E+01 1.091725E+00 1.262440E+01
3.307600E+01 1.093331E+00 1.262018E+01
3.317500E+01 1.094934E+00 1.262333E+01
3.327400E+01 1.096533E+00 1.262649E+01
3.337300E+01 1.098128E+00 1.262236E+01
3.347200E+01 1.099719E+00 1.262555E+01
3.357100E+01 1.101306E+00 1.262148E+01
3.367000E+01 1.102889E+00 1.262471E+01
3.376900E+01 1.104468E+00 1.262070E+01
3.386800E+01 1.106043E+00 1.262395E+01
3.396700E+01 1.107614E+00 1.262722E+01
3.406600E+01 1.109182E+00 1.262329E+01
3.416500E+01 1.110745E+00 1.262659E+01
3.426400E+01 1.112305E+00 1.262272E+01
3.436300E+01 1.113861E+00 1.262605E+01
3.446200E+01 1.115413E+00 1.262223E+01
3.456100E+01 1.116962E+00 1.262559E+01
3.466000E+01 1.118506E+00 1.262183E+01
3.475900E+01 1.120047E+00 1.262522E+01
3.485800E+01 1.121585E+00 1.262151E+01
3.495700E+01 1.123118E+00 1.262493E+01
3.505600E+01 1.124648E+00 1.262835E+01
3.515500E+01 1.126174E+00 1.262472E+01
3.525400E+01 1.127696E+00 1.262817E+01
3.535300E+01 1.129215E+00 1.262459E+01
3.545200E+01 1.130730E+00 1.262807E+01
3.555100E+01 1.132242E+00 1.262454E+01
3.565000E+01 1.133749E+00 1.262804E+01
3.574900E+01 1.135254E+00 1.262456E+01
3.584800E+01 1.136754E+00 1.262809E+01
3.594700E+01 1.138251E+00 1.262466E+01
3.604600E+01 1.139745E+00 1.262821E+01
3.614500E+01 1.141235E+00 1.262484E+01
3.624400E+01 1.142721E+00 1.262841E+01
3.634300E+01 1.144204E+00 1.262508E+01
3.644200E+01 1.145684E+00 1.262868E+01
3.654100E+01 1.147160E+00 1.262540E+01
3.664000E+01 1.148632E+00 1.262902E+01
3.673900E+01 1.150101E+00 1.262578E+01
3.683800E+01 1.151567E+00 1.262943E+01
3.693700E+01 1.153029E+00 1.262624E+01
3.703600E+01 1.154487E+00 1.262308E+01
3.713500E+01 1.155943E+00 1.262676E+01
3.723400E+01 1.157395E+00 1.262365E+01
3.733300E+01 1.158843E+00 1.262735E+01
3.743200E+01 1.160288E+00 1.262428E+01
3.753100E+01 1.161730E+00 1.262800E+01
3.763000E+01 1.163169E+00 1.262497E+01
3.772900E+01 1.164604E+00 1.262872E+01
3.782800E+01 1.166035E+00 1.262573E+01
3.792700E+01 1.167464E+00 1.262950E+01
3.802600E+01 1.168889E+00 1.262655E+01
3.812500E+01 1.170311E+00 1.262363E+01
3.822400E+01 1.171730E+00 1.262743E+01
3.832300E+01 1.173145E+00 1.262455E+01
3.842200E+01 1.174557E+00 1.262837E+01
3.852100E+01 1.175966E+00 1.262554E+01
3.862000E+01 1.177372E+00 1.262937E+01
3.871900E+01 1.178774E+00 1.262657E+01
3.881800E+01 1.180174E+00 1.262380E+01
3.891700E+01 1.181570E+00 1.262767E+01
3.901600E+01 1.182963E+00 1.262493E+01
3.911500E+01 1.184352E+00 1.262882E+01
3.921400E+01 1.185739E+00 1.262612E+01
3.931300E+01 1.187123E+00 1.262345E+01
3.941200E+01 1.188503E+00 1.262737E+01
3.951100E+01 1.189880E+00 1.262473E+01
3.961000E+01 1.191254E+00 1.262866E+01
3.970900E+01 1.192626E+00 1.262606E+01
3.980800E+01 1.193994E+00 1.262349E+01
3.990700E+01 1.195358E+00 1.262745E+01
4.000600E+01 1.196720E+00 1.262491E+01
4.010500E+01 1.198079E+00 1.262888E+01
4.020400E+01 1.199435E+00 1.262638E+01
4.030300E+01 1.200788E+00 1.262390E+01
4.040200E+01 1.202137E+00 1.262790E+01
4.050100E+01 1.203484E+00 1.262545E+01
4.060000E+01 1.204828E+00 1.262947E+01
4.069900E+01 1.206169E+00 1.262705E+01
4.079800E+01 1.207507E+00 1.262466E+01
4.089700E+01 1.208842E+00 1.262870E+01
4.099600E+01 1.210173E+00 1.262635E+01
4.109500E+01 1.211502E+00 1.262401E+01
4.119400E+01 1.212829E+00 1.262807E+01
4.129300E+01 1.214152E+00 1.262577E+01
4.139200E+01 1.215472E+00 1.262349E+01
4.149100E+01 1.216789E+00 1.262757E+01
4.159000E+01 1.218104E+00 1.262532E+01
4.168900E+01 1.219415E+00 1.262309E+01
4.178800E+01 1.220724E+00 1.262720E+01
4.188700E+01 1.222030E+00 1.262500E+01
4.198600E+01 1.223333E+00 1.262282E+01
4.208500E+01 1.224633E+00 1.262696E+01
4.218400E+01 1.225931E+00 1.262481E+01
4.228300E+01 1.227225E+00 1.262268E+01
4.238200E+01 1.228517E+00 1.262683E+01
4.248100E+01 1.229806E+00 1.262473E+01
4.258000E+01 1.231092E+00 1.262265E+01
4.267900E+01 1.232376E+00 1.262682E+01
4.277800E+01 1.233656E+00 1.262477E+01
4.287700E+01 1.234934E+00 1.262274E+01
4.297600E+01 1.236209E+00 1.262693E+01
4.307500E+01 1.237482E+00 1.262493E+01
4.317400E+01 1.238751E+00 1.262294E+01
4.327300E+01 1.240018E+00 1.262716E+01
4.337200E+01 1.241283E+00 1.262520E+01
4.347100E+01 1.242544E+00 1.262326E+01
4.357000E+01 1.243803E+00 1.262749E+01
4.366900E+01 1.245059E+00 1.262558E+01
4.376800E+01 1.246313E+00 1.262368E+01
4.386700E+01 1.247564E+00 1.262180E+01
4.396600E+01 1.248812E+00 1.262606E+01
4.406500E+01 1.250058E+00 1.262421E+01
4.416400E+01 1.251301E+00 1.262237E+01
4.426300E+01 1.252541E+00 1.262665E+01
4.436200E+01 1.253779E+00 1.262484E+01
4.446100E+01 1.255014E+00 1.262305E+01
4.456000E+01 1.256246E+00 1.262128E+01
4.465900E+01 1.257476E+00 1.262558E+01
4.475800E+01 1.258703E+00 1.262383E+01
4.485700E+01 1.259928E+00 1.262209E+01
4.495600E+01 1.261150E+00 1.262038E+01
4.505500E+01 1.262370E+00 1.262470E+01
4.515400E+01 1.263587E+00 1.262301E+01
4.525300E+01 1.264802E+00 1.262133E+01
4.535200E+01 1.266014E+00 1.262567E+01
4.545100E+01 1.267223E+00 1.262402E+01
4.555000E+01 1.268430E+00 1.262238E+01
4.564900E+01 1.269635E+00 1.262076E+01
4.574800E+01 1.270837E+00 1.262512E+01
4.584700E+01 1.272036E+00 1.262352E+01
4.594600E+01 1.273233E+00 1.262194E+01
4.604500E+01 1.274428E+00 1.262037E+01
4.614400E+01 1.275620E+00 1.262476E+01
4.624300E+01 1.276810E+00 1.262321E+01
4.634200E+01 1.277997E+00 1.262168E+01
4.644100E+01 1.279182E+00 1.262017E+01
4.654000E+01 1.280364E+00 1.261867E+01
4.663900E+01 1.281544E+00 1.262307E+01
4.673800E+01 1.282722E+00 1.262160E+01
4.683700E+01 1.283897E+00 1.262013E+01
4.693600E+01 1.285069E+00 1.261868E+01
4.703500E+01 1.286240E+00 1.262311E+01
4.713400E+01 1.287408E+00 1.262168E+01
4.723300E+01 1.288573E+00 1.262027E+01
4.733200E+01 1.289736E+00 1.261887E+01
4.743100E+01 1.290897E+00 1.261748E+01
4.753000E+01 1.292056E+00 1.262193E+01
4.762900E+01 1.293212E+00 1.262057E+01
4.772800E+01 1.294366E+00 1.261922E+01
4.782700E+01 1.295517E+00 1.261788E+01
4.792600E+01 1.296666E+00 1.262235E+01
4.802500E+01 1.297813E+00 1.262103E+01
4.812400E+01 1.298958E+00 1.261972E+01
4.822300E+01 1.300100E+00 1.261843E+01
4.832200E+01 1.301240E+00 1.261715E+01
4.842100E+01 1.302378E+00 1.262164E+01
4.852000E+01 1.303513E+00 1.262038E+01
4.861900E+01 1.304646E+00 1.261914E+01
4.871800E+01 1.305777E+00 1.261790E+01
4.881700E+01 1.306906E+00 1.261668E+01
4.891600E+01 1.308032E+00 1.261547E+01
4.901500E+01 1.309156E+00 1.261999E+01
4.911400E+01 1.310278E+00 1.261880E+01
4.921300E+01 1.311398E+00 1.261763E+01
4.931200E+01 1.312515E+00 1.261646E+01
4.941100E+01 1.313630E+00 1.261531E+01
4.951000E+01 1.314743E+00 1.261985E+01
4.960900E+01 1.315854E+00 1.261871E+01
4.970800E+01 1.316963E+00 1.261759E+01
4.980700E+01 1.318069E+00 1.261648E+01
4.990600E+01 1.319173E+00 1.261538E+01
5.000500E+01 1.320275E+00 1.261429E+01
5.010400E+01 1.321375E+00 1.261886E+01
5.020300E+01 1.322473E+00 1.261779E+01
5.030200E+01 1.323569E+00 1.261673E+01
5.040100E+01 1.324662E+00 1.261568E+01
5.050000E+01 1.325753E+00 1.261465E+01
5.059900E+01 1.326843E+00 1.261363E+01
5.069800E+01 1.327930E+00 1.261261E+01
5.079700E+01 1.329015E+00 1.261720E+01
5.089600E+01 1.330097E+00 1.261621E+01
5.099500E+01 1.331178E+00 1.261522E+01
5.109400E+01 1.332257E+00 1.261425E+01
5.119300E+01 1.333333E+00 1.261329E+01
5.129200E+01 1.334408E+00 1.261234E+01
5.139100E+01 1.335480E+00 1.261140E+01
5.149000E+01 1.336550E+00 1.261601E+01
5.158900E+01 1.337619E+00 1.261509E+01
5.168800E+01 1.338685E+00 1.261418E+01
5.178700E+01 1.339749E+00 1.261327E+01
5.188600E+01 1.340811E+00 1.261238E+01
5.198500E+01 1.341871E+00 1.261150E+01
5.208400E+01 1.342929E+00 1.261063E+01
5.218300E+01 1.343985E+00 1.260977E+01
5.228200E+01 1.345039E+00 1.261441E+01
5.238100E+01 1.346091E+00 1.261356E+01
5.248000E+01 1.347141E+00 1.261273E+01
5.257900E+01 1.348189E+00 1.261190E+01
5.267800E+01 1.349235E+00 1.261109E+01
5.277700E+01 1.350278E+00 1.261029E+01
5.287600E+01 1.351320E+00 1.260949E+01
5.297500E+01 1.352360E+00 1.260871E+01
5.307400E+01 1.353398E+00 1.260793E+01
5.317300E+01 1.354434E+00 1.261260E+01
5.327200E+01 1.355468E+00 1.261184E+01
5.337100E+01 1.356500E+00 1.261109E+01
5.347000E+01 1.357531E+00 1.261035E+01
5.356900E+01 1.358559E+00 1.260962E+01
5.366800E+01 1.359585E+00 1.260890E+01
5.376700E+01 1.360609E+00 1.260819E+01
5.386600E+01 1.361632E+00 1.260748E+01
5.396500E+01 1.362652E+00 1.260679E+01
5.406400E+01 1.363671E+00 1.260611E+01
5.416300E+01 1.364687E+00 1.260543E+01
5.426200E+01 1.365702E+00 1.261013E+01
5.436100E+01 1.366715E+00 1.260947E+01
5.446000E+01 1.367726E+00 1.260882E+01
5.455900E+01 1.368735E+00 1.260818E+01
5.465800E+01 1.369742E+00 1.260754E+01
5.475700E+01 1.370747E+00 1.260692E+01
5.485600E+01 1.371750E+00 1.260630E+01
5.495500E+01 1.372752E+00 1.260570E+01
5.505400E+01 1.373752E+00 1.260510E+01
5.515300E+01 1.374749E+00 1.260451E+01
5.525200E+01 1.375745E+00 1.260393E+01
5.535100E+01 1.376740E+00 1.260336E+01
5.545000E+01 1.377732E+00 1.260280E+01
5.554900E+01 1.378722E+00 1.260225E+01
5.564800E+01 1.379711E+00 1.260698E+01
5.574700E+01 1.380698E+00 1.260644E+01
5.584600E+01 1.381683E+00 1.260591E+01
5.594500E+01 1.382666E+00 1.260538E+01
5.604400E+01 1.383647E+00 1.260486E+01
5.614300E+01 1.384627E+00 1.260436E+01
5.624200E+01 1.385604E+00 1.260386E+01
5.634100E+01 1.386580E+00 1.260337E+01
5.644000E+01 1.387554E+00 1.260288E+01
5.653900E+01 1.388527E+00 1.260241E+01
5.663800E+01 1.389497E+00 1.260194E+01
5.673700E+01 1.390466E+00 1.260148E+01
5.683600E+01 1.391433E+00 1.260103E+01
5.693500E+01 1.392398E+00 1.260059E+01
5.703400E+01 1.393362E+00 1.260016E+01
5.713300E+01 1.394324E+00 1.259973E+01
5.723200E+01 1.395284E+00 1.259931E+01
5.733100E+01 1.396242E+00 1.259890E+01
5.743000E+01 1.397199E+00 1.259850E+01
5.752900E+01 1.398153E+00 1.259810E+01
5.762800E+01 1.399107E+00 1.259772E+01
5.772700E+01 1.400058E+00 1.259734E+01
5.782600E+01 1.401008E+00 1.259697E+01
5.792500E+01 1.401955E+00 1.259660E+01
5.802400E+01 1.402902E+00 1.259624E+01
5.812300E+01 1.403846E+00 1.259590E+01
5.822200E+01 1.404789E+00 1.260069E+01
5.832100E+01 1.405730E+00 1.260035E+01
5.842000E+01 1.406670E+00 1.260002E+01
5.851900E+01 1.407607E+00 1.259969E+01
5.861800E+01 1.408543E+00 1.259937E+01
5.871700E+01 1.409478E+00 1.259906E+01
5.881600E+01 1.410410E+00 1.259876E+01
5.891500E+01 1.411341E+00 1.259847E+01
5.901400E+01 1.412271E+00 1.259818E+01
5.911300E+01 1.413199E+00 1.259790E+01
5.921200E+01 1.414125E+00 1.259762E+01
5.931100E+01 1.415049E+00 1.259736E+01
5.941000E+01 1.415972E+00 1.259710E+01
5.950900E+01 1.416893E+00 1.259684E+01
5.960800E+01 1.417813E+00 1.259660E+01
5.970700E+01 1.418730E+00 1.259636E+01
5.980600E+01 1.419647E+00 1.259613E+01
5.990500E+01 1.420561E+00 1.259590E+01
6.000400E+01 1.421474E+00 1.259568E+01
6.010300E+01 1.422386E+00 1.259547E+01
6.020200E+01 1.423296E+00 1.259527E+01
6.030100E+01 1.424204E+00 1.259507E+01
6.040000E+01 1.425110E+00 1.258986E+01
6.049900E+01 1.426015E+00 1.258968E+01
6.059800E+01 1.426919E+00 1.258950E+01
6.069700E+01 1.427821E+00 1.258934E+01
6.079600E+01 1.428721E+00 1.258918E+01
6.089500E+01 1.429619E+00 1.258902E+01
6.099400E+01 1.430517E+00 1.258888E+01
6.109300E+01 1.431412E+00 1.258874E+01
6.119200E+01 1.432306E+00 1.258860E+01
6.129100E+01 1.433198E+00 1.258847E+01
6.139000E+01 1.434089E+00 1.258835E+01
6.148900E+01 1.434979E+00 1.258824E+01
6.158800E+01 1.435866E+00 1.258813E+01
6.168700E+01 1.436752E+00 1.258802E+01
6.178600E+01 1.437637E+00 1.258793E+01
6.188500E+01 1.438520E+00 1.258784E+01
6.198400E+01 1.439402E+00 1.258775E+01
6.208300E+01 1.440282E+00 1.258767E+01
6.218200E+01 1.441160E+00 1.258760E+01
6.228100E+01 1.442037E+00 1.258753E+01
6.238000E+01 1.442913E+00 1.258747E+01
6.247900E+01 1.443787E+00 1.258742E+01
6.257800E+01 1.444659E+00 1.258737E+01
6.267700E+01 1.445530E+00 1.258733E+01
6.277600E+01 1.446400E+00 1.258729E+01
6.287500E+01 1.447268E+00 1.258726E+01
6.297400E+01 1.448134E+00 1.258724E+01
6.307300E+01 1.448999E+00 1.258233E+01
6.317200E+01 1.449863E+00 1.258232E+01
6.327100E+01 1.450725E+00 1.258232E+01
6.337000E+01 1.451585E+00 1.258232E+01
6.346900E+01 1.452445E+00 1.258233E+01
6.356800E+01 1.453302E+00 1.258234E+01
6.366700E+01 1.454158E+00 1.258236E+01
6.376600E+01 1.455013E+00 1.258239E+01
6.386500E+01 1.455866E+00 1.258242E+01
6.396400E+01 1.456718E+00 1.258245E+01
6.406300E+01 1.457568E+00 1.258250E+01
6.416200E+01 1.458417E+00 1.258254E+01
6.426100E+01 1.459265E+00 1.258260E+01
6.436000E+01 1.460111E+00 1.258265E+01
6.445900E+01 1.460955E+00 1.258272E+01
6.455800E+01 1.461799E+00 1.257797E+01
6.465700E+01 1.462640E+00 1.257805E+01
6.475600E+01 1.463481E+00 1.257813E+01
6.485500E+01 1.464319E+00 1.257822E+01
6.495400E+01 1.465157E+00 1.257831E+01
6.505300E+01 1.465993E+00 1.257841E+01
6.515200E+01 1.466828E+00 1.257852E+01
6.525100E+01 1.467661E+00 1.257863E+01
6.535000E+01 1.468493E+00 1.257874E+01
6.544900E+01 1.469323E+00 1.257886E+01
6.554800E+01 1.470152E+00 1.257899E+01
6.564700E+01 1.470980E+00 1.257435E+01
6.574600E+01 1.471806E+00 1.257449E+01
6.584500E+01 1.472631E+00 1.257464E+01
6.594400E+01 1.473455E+00 1.257479E+01
6.604300E+01 1.474277E+00 1.257494E+01
6.614200E+01 1.475098E+00 1.257510E+01
6.624100E+01 1.475917E+00 1.257526E+01
6.634000E+01 1.476735E+00 1.257543E+01
6.643900E+01 1.477552E+00 1.257561E+01
6.653800E+01 1.478367E+00 1.257579E+01
6.663700E+01 1.479181E+00 1.257125E+01
6.673600E+01 1.479994E+00 1.257144E+01
6.683500E+01 1.480805E+00 1.257164E+01
6.693400E+01 1.481615E+00 1.257184E+01
6.703300E+01 1.482423E+00 1.257205E+01
6.713200E+01 1.483231E+00 1.257226E+01
6.723100E+01 1.484036E+00 1.257247E+01
6.733000E+01 1.484841E+00 1.257270E+01
6.742900E+01 1.485644E+00 1.257292E+01
6.752800E+01 1.486446E+00 1.256846E+01
6.762700E+01 1.487247E+00 1.256870E+01
6.772600E+01 1.488046E+00 1.256895E+01
6.782500E+01 1.488844E+00 1.256919E+01
6.792400E+01 1.489641E+00 1.256945E+01
6.802300E+01 1.490436E+00 1.256970E+01
6.812200E+01 1.491230E+00 1.256997E+01
6.822100E+01 1.492023E+00 1.257023E+01
6.832000E+01 1.492814E+00 1.256585E+01
6.841900E+01 1.493604E+00 1.256613E+01
6.851800E+01 1.494393E+00 1.256641E+01
6.861700E+01 1.495181E+00 1.256670E+01
6.871600E+01 1.495967E+00 1.256699E+01
6.881500E+01 1.496752E+00 1.256729E+01
6.891400E+01 1.497536E+00 1.256759E+01
6.901300E+01 1.498318E+00 1.256789E+01
6.911200E+01 1.499099E+00 1.256358E+01
6.921100E+01 1.499879E+00 1.256390E+01
6.931000E+01 1.500658E+00 1.256422E+01
6.940900E+01 1.501435E+00 1.256454E+01
6.950800E+01 1.502211E+00 1.256487E+01
6.960700E+01 1.502986E+00 1.256521E+01
6.970600E+01 1.503760E+00 1.256555E+01
6.980500E+01 1.504532E+00 1.256129E+01
6.990400E+01 1.505303E+00 1.256164E+01
7.000300E+01 1.506073E+00 1.256200E+01
7.010200E+01 1.506842E+00 1.256236E+01
7.020100E+01 1.507609E+00 1.256272E+01
7.030000E+01 1.508375E+00 1.256308E+01
7.039900E+01 1.509140E+00 1.255888E+01
7.049800E+01 1.509904E+00 1.255926E+01
7.059700E+01 1.510666E+00 1.255964E+01
7.069600E+01 1.511427E+00 1.256003E+01
7.079500E+01 1.512187E+00 1.256042E+01
7.089400E+01 1.512946E+00 1.256081E+01
7.099300E+01 1.513704E+00 1.256121E+01
7.109200E+01 1.514460E+00 1.255707E+01
7.119100E+01 1.515215E+00 1.255748E+01
7.129000E+01 1.515969E+00 1.255789E+01
7.138900E+01 1.516722E+00 1.255831E+01
7.148800E+01 1.517473E+00 1.255873E+01
7.158700E+01 1.518224E+00 1.255915E+01
7.168600E+01 1.518973E+00 1.255506E+01
7.178500E+01 1.519721E+00 1.255549E+01
7.188400E+01 1.520468E+00 1.255593E+01
7.198300E+01 1.521213E+00 1.255637E+01
7.208200E+01 1.521958E+00 1.255682E+01
7.218100E+01 1.522701E+00 1.255277E+01
7.228000E+01 1.523443E+00 1.255323E+01
7.237900E+01 1.524184E+00 1.255369E+01
7.247800E+01 1.524923E+00 1.255415E+01
7.257700E+01 1.525662E+00 1.255462E+01
7.267600E+01 1.526399E+00 1.255509E+01
7.277500E+01 1.527136E+00 1.255109E+01
7.287400E+01 1.527871E+00 1.255157E+01
7.297300E+01 1.528604E+00 1.255205E+01
7.307200E+01 1.529337E+00 1.255254E+01
7.317100E+01 1.530069E+00 1.255303E+01
7.327000E+01 1.530799E+00 1.254907E+01
7.336900E+01 1.531528E+00 1.254957E+01
7.346800E+01 1.532257E+00 1.255008E+01
7.356700E+01 1.532984E+00 1.255059E+01
7.366600E+01 1.533709E+00 1.255110E+01
7.376500E+01 1.534434E+00 1.254718E+01
7.386400E+01 1.535158E+00 1.254770E+01
7.396300E+01 1.535880E+00 1.254823E+01
7.406200E+01 1.536602E+00 1.254875E+01
7.416100E+01 1.537322E+00 1.254929E+01
7.426000E+01 1.538041E+00 1.254540E+01
7.435900E+01 1.538759E+00 1.254594E+01
7.445800E+01 1.539476E+00 1.254649E+01
7.455700E+01 1.540191E+00 1.254704E+01
7.465600E+01 1.540906E+00 1.254759E+01
7.475500E+01 1.541619E+00 1.254374E+01
7.485400E+01 1.542332E+00 1.254430E+01
7.495300E+01 1.543043E+00 1.254487E+01
7.505200E+01 1.543753E+00 1.254544E+01
7.515100E+01 1.544462E+00 1.254601E+01
7.525000E+01 1.545170E+00 1.254220E+01
7.534900E+01 1.545877E+00 1.254278E+01
7.544800E+01 1.546583E+00 1.254336E+01
7.554700E+01 1.547288E+00 1.254395E+01
7.564600E+01 1.547991E+00 1.254454E+01
7.574500E+01 1.548694E+00 1.254077E+01
7.584400E+01 1.549395E+00 1.254137E+01
7.594300E+01 1.550096E+00 1.254197E+01
7.604200E+01 1.550795E+00 1.254258E+01
7.614100E+01 1.551493E+00 1.253883E+01
7.624000E+01 1.552190E+00 1.253944E+01
7.633900E+01 1.552886E+00 1.254006E+01
7.643800E+01 1.553581E+00 1.254068E+01
7.653700E+01 1.554275E+00 1.254131E+01
7.663600E+01 1.554968E+00 1.253759E+01
7.673500E+01 1.555660E+00 1.253823E+01
7.683400E+01 1.556351E+00 1.253887E+01
7.693300E+01 1.557041E+00 1.253951E+01
7.703200E+01 1.557729E+00 1.253582E+01
7.713100E+01 1.558417E+00 1.253647E+01
7.723000E+01 1.559103E+00 1.253712E+01
7.732900E+01 1.559789E+00 1.253777E+01
7.742800E+01 1.560473E+00 1.253412E+01
7.752700E+01 1.561157E+00 1.253478E+01
7.762600E+01 1.561839E+00 1.253544E+01
7.772500E+01 1.562521E+00 1.253611E+01
7.782400E+01 1.563201E+00 1.253248E+01
7.792300E+01 1.563880E+00 1.253316E+01
7.802200E+01 1.564559E+00 1.253384E+01
7.812100E+01 1.565236E+00 1.253452E+01
7.822000E+01 1.565912E+00 1.253092E+01
7.831900E+01 1.566587E+00 1.253161E+01
7.841800E+01 1.567261E+00 1.253231E+01
7.851700E+01 1.567935E+00 1.253300E+01
7.861600E+01 1.568607E+00 1.253370E+01
7.871500E+01 1.569278E+00 1.253013E+01
7.881400E+01 1.569948E+00 1.253084E+01
7.891300E+01 1.570617E+00 1.253155E+01
7.901200E+01 1.571285E+00 1.252800E+01
7.911100E+01 1.571952E+00 1.252872E+01
7.921000E+01 1.572618E+00 1.252944E+01
7.930900E+01 1.573284E+00 1.253016E+01
7.940800E+01 1.573948E+00 1.252664E+01
7.950700E+01 1.574611E+00 1.252737E+01
7.960600E+01 1.575273E+00 1.252811E+01
7.970500E+01 1.575934E+00 1.252884E+01
7.980400E+01 1.576594E+00 1.252535E+01
7.990300E+01 1.577253E+00 1.252609E+01
8.000200E+01 1.577911E+00 1.252684E+01
8.010100E+01 1.578569E+00 1.252759E+01
8.020000E+01 1.579225E+00 1.252412E+01
8.029900E+01 1.579880E+00 1.252487E+01
8.039800E+01 1.580534E+00 1.252563E+01
8.049700E+01 1.581188E+00 1.252640E+01
8.059600E+01 1.581840E+00 1.252295E+01
8.069500E+01 1.582491E+00 1.252372E+01
8.079400E+01 1.583142E+00 1.252449E+01
8.089300E+01 1.583791E+00 1.252107E+01
8.099200E+01 1.584440E+00 1.252185E+01
8.109100E+01 1.585087E+00 1.252263E+01
8.119000E+01 1.585734E+00 1.252341E+01
8.128900E+01 1.586379E+00 1.252001E+01
8.138800E+01 1.587024E+00 1.252080E+01
8.148700E+01 1.587668E+00 1.252160E+01
8.158600E+01 1.588310E+00 1.251822E+01
8.168500E+01 1.588952E+00 1.251902E+01
8.178400E+01 1.589593E+00 1.251982E+01
8.188300E+01 1.590233E+00 1.252063E+01
8.198200E+01 1.590872E+00 1.251727E+01
8.208100E+01 1.591510E+00 1.251809E+01
8.218000E+01 1.592147E+00 1.251890E+01
8.227900E+01 1.592783E+00 1.251556E+01
8.237800E+01 1.593418E+00 1.251639E+01
8.247700E+01 1.594052E+00 1.251721E+01
8.257600E+01 1.594686E+00 1.251804E+01
8.267500E+01 1.595318E+00 1.251472E+01
8.277400E+01 1.595950E+00 1.251556E+01
8.287300E+01 1.596580E+00 1.251640E+01
8.297200E+01 1.597210E+00 1.251310E+01
8.307100E+01 1.597839E+00 1.251394E+01
8.317000E+01 1.598467E+00 1.251479E+01
8.326900E+01 1.599093E+00 1.251564E+01
8.336800E+01 1.599719E+00 1.251236E+01
8.346700E+01 1.600345E+00 1.251322E+01
8.356600E+01 1.600969E+00 1.251408E+01
8.366500E+01 1.601592E+00 1.251082E+01
8.376400E+01 1.602214E+00 1.251168E+01
8.386300E+01 1.602836E+00 1.251255E+01
8.396200E+01 1.603456E+00 1.250931E+01
8.406100E+01 1.604076E+00 1.251018E+01
8.416000E+01 1.604695E+00 1.251106E+01
8.425900E+01 1.605313E+00 1.250784E+01
8.435800E+01 1.605930E+00 1.250872E+01
8.445700E+01 1.606546E+00 1.250960E+01
8.455600E+01 1.607161E+00 1.251049E+01
8.465500E+01 1.607775E+00 1.250729E+01
8.475400E+01 1.608389E+00 1.250818E+01
8.485300E+01 1.609001E+00 1.250908E+01
8.495200E+01 1.609613E+00 1.250590E+01
8.505100E+01 1.610224E+00 1.250680E+01
8.515000E+01 1.610833E+00 1.250770E+01
8.524900E+01 1.611442E+00 1.250454E+01
8.534800E+01 1.612051E+00 1.250545E+01
8.544700E+01 1.612658E+00 1.250636E+01
8.554600E+01 1.613264E+00 1.250321E+01
8.564500E+01 1.613870E+00 1.250413E+01
8.574400E+01 1.614474E+00 1.250505E+01
8.584300E+01 1.615078E+00 1.250192E+01
8.594200E+01 1.615681E+00 1.250284E+01
8.604100E+01 1.616283E+00 1.250377E+01
8.614000E+01 1.616884E+00 1.250065E+01
8.623900E+01 1.617485E+00 1.250159E+01
8.633800E+01 1.618084E+00 1.250253E+01
8.643700E+01 1.618683E+00 1.249943E+01
8.653600E+01 1.619281E+00 1.250037E+01
8.663500E+01 1.619878E+00 1.250132E+01
8.673400E+01 1.620474E+00 1.249823E+01
8.683300E+01 1.621069E+00 1.249918E+01
8.693200E+01 1.621663E+00 1.250014E+01
8.703100E+01 1.622257E+00 1.249707E+01
8.713000E+01 1.622850E+00 1.249803E+01
8.722900E+01 1.623442E+00 1.249899E+01
8.732800E+01 1.624033E+00 1.249594E+01
8.742700E+01 1.624623E+00 1.249690E+01
8.752600E+01 1.625212E+00 1.249787E+01
8.762500E+01 1.625801E+00 1.249484E+01
8.772400E+01 1.626388E+00 1.249581E+01
8.782300E+01 1.626975E+00 1.249679E+01
8.792200E+01 1.627561E+00 1.249377E+01
8.802100E+01 1.628146E+00 1.249475E+01
8.812000E+01 1.628731E+00 1.249573E+01
8.821900E+01 1.629314E+00 1.249273E+01
8.831800E+01 1.629897E+00 1.249372E+01
8.841700E+01 1.630479E+00 1.249471E+01
8.851600E+01 1.631060E+00 1.249172E+01
8.861500E+01 1.631640E+00 1.249272E+01
8.871400E+01 1.632220E+00 1.249372E+01
8.881300E+01 1.632799E+00 1.249074E+01
8.891200E+01 1.633376E+00 1.249175E+01
8.901100E+01 1.633953E+00 1.249275E+01
8.911000E+01 1.634530E+00 1.248980E+01
8.920900E+01 1.635105E+00 1.249081E+01
8.930800E+01 1.635680E+00 1.248786E+01
8.940700E+01 1.636254E+00 1.248888E+01
8.950600E+01 1.636827E+00 1.248990E+01
8.960500E+01 1.637399E+00 1.248696E+01
8.970400E+01 1.637970E+00 1.248799E+01
8.980300E+01 1.638541E+00 1.248901E+01
8.990200E+01 1.639111E+00 1.248610E+01
9.000100E+01 1.639680E+00 1.248713E+01
9.010000E+01 1.640248E+00 1.248816E+01
9.019900E+01 1.640815E+00 1.248526E+01
9.029800E+01 1.641382E+00 1.248630E+01
9.039700E+01 1.641948E+00 1.248340E+01
9.049600E+01 1.642513E+00 1.248445E+01
9.059500E+01 1.643077E+00 1.248549E+01
9.069400E+01 1.643641E+00 1.248261E+01
9.079300E+01 1.644204E+00 1.248366E+01
9.089200E+01 1.644766E+00 1.248472E+01
9.099100E+01 1.645327E+00 1.248185E+01
9.109000E+01 1.645887E+00 1.248291E+01
9.118900E+01 1.646447E+00 1.248397E+01
9.128800E+01 1.647006E+00 1.248112E+01
9.138700E+01 1.647564E+00 1.248218E+01
9.148600E+01 1.648121E+00 1.247934E+01
9.158500E+01 1.648678E+00 1.248041E+01
9.168400E+01 1.649233E+00 1.248148E+01
9.178300E+01 1.649788E+00 1.247866E+01
9.188200E+01 1.650343E+00 1.247973E+01
9.198100E+01 1.650896E+00 1.248081E+01
9.208000E+01 1.651449E+00 1.247800E+01
9.217900E+01 1.652001E+00 1.247908E+01
9.227800E+01 1.652552E+00 1.247628E+01
9.237700E+01 1.653103E+00 1.247737E+01
9.247600E+01 1.653652E+00 1.247846E+01
9.257500E+01 1.654201E+00 1.247567E+01
9.267400E+01 1.654750E+00 1.247676E+01
9.277300E+01 1.655297E+00 1.247399E+01
9.287200E+01 1.655844E+00 1.247508E+01
9.297100E+01 1.656390E+00 1.247619E+01
9.307000E+01 1.656935E+00 1.247342E+01
9.316900E+01 1.657479E+00 1.247453E+01
9.326800E+01 1.658023E+00 1.247177E+01
9.336700E+01 1.658566E+00 1.247288E+01
9.346600E+01 1.659108E+00 1.247399E+01
9.356500E+01 1.659650E+00 1.247125E+01
9.366400E+01 1.660191E+00 1.247237E+01
9.376300E+01 1.660731E+00 1.247348E+01
9.386200E+01 1.661270E+00 1.247076E+01
9.396100E+01 1.661809E+00 1.247188E+01
9.406000E+01 1.662347E+00 1.246916E+01
9.415900E+01 1.662884E+00 1.247029E+01
9.425800E+01 1.663420E+00 1.247142E+01
9.435700E+01 1.663956E+00 1.246871E+01
9.445600E+01 1.664491E+00 1.246984E+01
9.455500E+01 1.665025E+00 1.246715E+01
9.465400E+01 1.665558E+00 1.246828E+01
9.475300E+01 1.666091E+00 1.246560E+01
9.485200E+01 1.666623E+00 1.246674E+01
9.495100E+01 1.667155E+00 1.246788E+01
9.505000E+01 1.667685E+00 1.246521E+01
9.514900E+01 1.668215E+00 1.246636E+01
9.524800E+01 1.668744E+00 1.246369E+01
9.534700E+01 1.669273E+00 1.246484E+01
9.544600E+01 1.669801E+00 1.246600E+01
9.554500E+01 1.670328E+00 1.246334E+01
9.564400E+01 1.670854E+00 1.246450E+01
9.574300E+01 1.671380E+00 1.246186E+01
9.584200E+01 1.671905E+00 1.246302E+01
9.594100E+01 1.672429E+00 1.246419E+01
9.604000E+01 1.672953E+00 1.246156E+01
9.613900E+01 1.673475E+00 1.246272E+01
9.623800E+01 1.673998E+00 1.246010E+01
9.633700E+01 1.674519E+00 1.246127E+01
9.643600E+01 1.675040E+00 1.245866E+01
9.653500E+01 1.675560E+00 1.245984E+01
9.663400E+01 1.676079E+00 1.246102E+01
9.673300E+01 1.676598E+00 1.245842E+01
9.683200E+01 1.677116E+00 1.245960E+01
9.693100E+01 1.677633E+00 1.245701E+01
9.703000E+01 1.678150E+00 1.245819E+01
9.712900E+01 1.678666E+00 1.245938E+01
9.722800E+01 1.679181E+00 1.245680E+01
9.732700E+01 1.679695E+00 1.245800E+01
9.742600E+01 1.680209E+00 1.245542E+01
9.752500E+01 1.680722E+00 1.245662E+01
9.762400E+01 1.681235E+00 1.245406E+01
9.772300E+01 1.681747E+00 1.245526E+01
9.782200E+01 1.682258E+00 1.245646E+01
9.792100E+01 1.682768E+00 1.245391E+01
9.802000E+01 1.683278E+00 1.245512E+01
9.811900E+01 1.683787E+00 1.245257E+01
9.821800E+01 1.684296E+00 1.245378E+01
9.831700E+01 1.684803E+00 1.245125E+01
9.841600E+01 1.685311E+00 1.245246E+01
9.851500E+01 1.685817E+00 1.245368E+01
9.861400E+01 1.686323E+00 1.245116E+01
9.871300E+01 1.686828E+00 1.245238E+01
9.881200E+01 1.687332E+00 1.244986E+01
9.891100E+01 1.687836E+00 1.245109E+01
9.901000E+01 1.688339E+00 1.244858E+01
9.910900E+01 1.688842E+00 1.244981E+01
9.920800E+01 1.689343E+00 1.244731E+01
9.930700E+01 1.689844E+00 1.244854E+01
9.940600E+01 1.690345E+00 1.244977E+01
9.950500E+01 1.690845E+00 1.244729E+01
9.960400E+01 1.691344E+00 1.244853E+01
9.970300E+01 1.691842E+00 1.244605E+01
9.980200E+01 1.692340E+00 1.244729E+01
9.990100E+01 1.692837E+00 1.244482E+01
