1.000000E+00 NAN NAN
1.099000E+00 1.326837E-01 2.076595E+01
1.198000E+00 1.389709E-01 1.836655E+01
1.297000E+00 1.452118E-01 1.774552E+01
1.396000E+00 1.513974E-01 1.712974E+01
1.495000E+00 1.575244E-01 1.675398E+01
1.594000E+00 1.635899E-01 1.634537E+01
1.693000E+00 1.695933E-01 1.601109E+01
1.792000E+00 1.755341E-01 1.564362E+01
1.891000E+00 1.814131E-01 1.542075E+01
1.990000E+00 1.872303E-01 1.515491E+01
2.089000E+00 1.929871E-01 1.500459E+01
2.188000E+00 1.986842E-01 1.480742E+01
2.287000E+00 2.043227E-01 1.463834E+01
2.386000E+00 2.099040E-01 1.449296E+01
2.485000E+00 2.154292E-01 1.436773E+01
2.584000E+00 2.208997E-01 1.425977E+01
2.683000E+00 2.263164E-01 1.410973E+01
2.782000E+00 2.316809E-01 1.403168E+01
2.881000E+00 2.369941E-01 1.391202E+01
2.980000E+00 2.422574E-01 1.385653E+01
3.079000E+00 2.474718E-01 1.376029E+01
3.178000E+00 2.526384E-01 1.367463E+01
3.277000E+00 2.577584E-01 1.359834E+01
3.376000E+00 2.628328E-01 1.353041E+01
3.475000E+00 2.678625E-01 1.346993E+01
3.574000E+00 2.728486E-01 1.341615E+01
3.673000E+00 2.777920E-01 1.336839E+01
3.772000E+00 2.826937E-01 1.332608E+01
3.871000E+00 2.875544E-01 1.328871E+01
3.970000E+00 2.923750E-01 1.325581E+01
4.069000E+00 2.971564E-01 1.318987E+01
4.168000E+00 3.018994E-01 1.316556E+01
4.267000E+00 3.066047E-01 1.314462E+01
4.366000E+00 3.112731E-01 1.309199E+01
4.465000E+00 3.159052E-01 1.307761E+01
4.564000E+00 3.205019E-01 1.303244E+01
4.663000E+00 3.250637E-01 1.302359E+01
4.762000E+00 3.295913E-01 1.298479E+01
4.861000E+00 3.340852E-01 1.294914E+01
4.960000E+00 3.385463E-01 1.294730E+01
5.059000E+00 3.429749E-01 1.291671E+01
5.158000E+00 3.473718E-01 1.288868E+01
5.257000E+00 3.517374E-01 1.286301E+01
5.356000E+00 3.560722E-01 1.283955E+01
5.455000E+00 3.603769E-01 1.284654E+01
5.554000E+00 3.646519E-01 1.282662E+01
5.653000E+00 3.688977E-01 1.280852E+01
5.752000E+00 3.731147E-01 1.279212E+01
5.851000E+00 3.773035E-01 1.277733E+01
5.950000E+00 3.814644E-01 1.276403E+01
6.049000E+00 3.855980E-01 1.275215E+01
6.148000E+00 3.897046E-01 1.271599E+01
6.247000E+00 3.937847E-01 1.270702E+01
6.346000E+00 3.978386E-01 1.269922E+01
6.445000E+00 4.018668E-01 1.269253E+01
6.544000E+00 4.058696E-01 1.268687E+01
6.643000E+00 4.098473E-01 1.265820E+01
6.742000E+00 4.138005E-01 1.265473E+01
6.841000E+00 4.177294E-01 1.265214E+01
6.940000E+00 4.216342E-01 1.262724E+01
7.039000E+00 4.255156E-01 1.262650E+01
7.138000E+00 4.293736E-01 1.262649E+01
7.237000E+00 4.332087E-01 1.260483E+01
7.336000E+00 4.370211E-01 1.260641E+01
7.435000E+00 4.408111E-01 1.258675E+01
7.534000E+00 4.445792E-01 1.258975E+01
7.633000E+00 4.483254E-01 1.259332E+01
7.732000E+00 4.520502E-01 1.257620E+01
7.831000E+00 4.557538E-01 1.256002E+01
7.930000E+00 4.594364E-01 1.256548E+01
8.029000E+00 4.630983E-01 1.255082E+01
8.128000E+00 4.667399E-01 1.255733E+01
8.227000E+00 4.703612E-01 1.254406E+01
8.326000E+00 4.739627E-01 1.253156E+01
8.425000E+00 4.775445E-01 1.253954E+01
8.524000E+00 4.811069E-01 1.252826E+01
8.623000E+00 4.846500E-01 1.251764E+01
8.722000E+00 4.881742E-01 1.252691E+01
8.821000E+00 4.916796E-01 1.251738E+01
8.920000E+00 4.951664E-01 1.250844E+01
9.019000E+00 4.986350E-01 1.250007E+01
9.118000E+00 5.020854E-01 1.251084E+01
9.217000E+00 5.055179E-01 1.250338E+01
9.316000E+00 5.089327E-01 1.249644E+01
9.415000E+00 5.123300E-01 1.248999E+01
9.514000E+00 5.157100E-01 1.248401E+01
9.613000E+00 5.190729E-01 1.247849E+01
9.712000E+00 5.224188E-01 1.249111E+01
9.811000E+00 5.257479E-01 1.248631E+01
9.910000E+00 5.290605E-01 1.248192E+01
1.000900E+01 5.323567E-01 1.247792E+01
1.010800E+01 5.356366E-01 1.247430E+01
1.020700E+01 5.389004E-01 1.247105E+01
1.030600E+01 5.421483E-01 1.246816E+01
1.040500E+01 5.453805E-01 1.246561E+01
1.050400E+01 5.485972E-01 1.246339E+01
1.060300E+01 5.517984E-01 1.246149E+01
1.070200E+01 5.549843E-01 1.245989E+01
1.080100E+01 5.581552E-01 1.245860E+01
1.090000E+01 5.613111E-01 1.245759E+01
1.099900E+01 5.644522E-01 1.245687E+01
1.109800E+01 5.675786E-01 1.244041E+01
1.119700E+01 5.706905E-01 1.244031E+01
1.129600E+01 5.737880E-01 1.244047E+01
1.139500E+01 5.768713E-01 1.244086E+01
1.149400E+01 5.799405E-01 1.244150E+01
1.159300E+01 5.829956E-01 1.244236E+01
1.169200E+01 5.860369E-01 1.244344E+01
1.179100E+01 5.890645E-01 1.242944E+01
1.189000E+01 5.920785E-01 1.243103E+01
1.198900E+01 5.950791E-01 1.243282E+01
1.208800E+01 5.980663E-01 1.243480E+01
1.218700E+01 6.010403E-01 1.243697E+01
1.228600E+01 6.040011E-01 1.242448E+01
1.238500E+01 6.069490E-01 1.242709E+01
1.248400E+01 6.098840E-01 1.242986E+01
1.258300E+01 6.128063E-01 1.241823E+01
1.268200E+01 6.157159E-01 1.242140E+01
1.278100E+01 6.186130E-01 1.242474E+01
1.288000E+01 6.214976E-01 1.242822E+01
1.297900E+01 6.243699E-01 1.241759E+01
1.307800E+01 6.272300E-01 1.242143E+01
1.317700E+01 6.300780E-01 1.242541E+01
1.327600E+01 6.329139E-01 1.241549E+01
1.337500E+01 6.357380E-01 1.241979E+01
1.347400E+01 6.385502E-01 1.241035E+01
1.357300E+01 6.413508E-01 1.241496E+01
1.367200E+01 6.441397E-01 1.241969E+01
1.377100E+01 6.469171E-01 1.241088E+01
1.387000E+01 6.496831E-01 1.241589E+01
1.396900E+01 6.524377E-01 1.240750E+01
1.406800E+01 6.551812E-01 1.241278E+01
1.416700E+01 6.579134E-01 1.240479E+01
1.426600E+01 6.606346E-01 1.241032E+01
1.436500E+01 6.633449E-01 1.241596E+01
1.446400E+01 6.660443E-01 1.240849E+01
1.456300E+01 6.687329E-01 1.241436E+01
1.466200E+01 6.714107E-01 1.240725E+01
1.476100E+01 6.740780E-01 1.241334E+01
1.486000E+01 6.767346E-01 1.240658E+01
1.495900E+01 6.793809E-01 1.241288E+01
1.505800E+01 6.820167E-01 1.240644E+01
1.515700E+01 6.846422E-01 1.240019E+01
1.525600E+01 6.872575E-01 1.240681E+01
1.535500E+01 6.898626E-01 1.240086E+01
1.545400E+01 6.924577E-01 1.240767E+01
1.555300E+01 6.950428E-01 1.240202E+01
1.565200E+01 6.976179E-01 1.240899E+01
1.575100E+01 7.001832E-01 1.240362E+01
1.585000E+01 7.027388E-01 1.239841E+01
1.594900E+01 7.052846E-01 1.240566E+01
1.604800E+01 7.078208E-01 1.240071E+01
1.614700E+01 7.103474E-01 1.239592E+01
1.624600E+01 7.128646E-01 1.240341E+01
1.634500E+01 7.153723E-01 1.239886E+01
1.644400E+01 7.178706E-01 1.240649E+01
1.654300E+01 7.203597E-01 1.240218E+01
1.664200E+01 7.228395E-01 1.239801E+01
1.674100E+01 7.253102E-01 1.240586E+01
1.684000E+01 7.277718E-01 1.240191E+01
1.693900E+01 7.302244E-01 1.239809E+01
1.703800E+01 7.326680E-01 1.239440E+01
1.713700E+01 7.351027E-01 1.240253E+01
1.723600E+01 7.375285E-01 1.239904E+01
1.733500E+01 7.399455E-01 1.239568E+01
1.743400E+01 7.423539E-01 1.240399E+01
1.753300E+01 7.447535E-01 1.240082E+01
1.763200E+01 7.471445E-01 1.239777E+01
1.773100E+01 7.495270E-01 1.239483E+01
1.783000E+01 7.519010E-01 1.240337E+01
1.792900E+01 7.542666E-01 1.240060E+01
1.802800E+01 7.566238E-01 1.239795E+01
1.812700E+01 7.589726E-01 1.239540E+01
1.822600E+01 7.613132E-01 1.239295E+01
1.832500E+01 7.636456E-01 1.240176E+01
1.842400E+01 7.659699E-01 1.239947E+01
1.852300E+01 7.682860E-01 1.239728E+01
1.862200E+01 7.705940E-01 1.239519E+01
1.872100E+01 7.728941E-01 1.239320E+01
1.882000E+01 7.751862E-01 1.240224E+01
1.891900E+01 7.774705E-01 1.240039E+01
1.901800E+01 7.797468E-01 1.239863E+01
1.911700E+01 7.820154E-01 1.239695E+01
1.921600E+01 7.842763E-01 1.239536E+01
1.931500E+01 7.865294E-01 1.239386E+01
1.941400E+01 7.887749E-01 1.239245E+01
1.951300E+01 7.910128E-01 1.240179E+01
1.961200E+01 7.932431E-01 1.240050E+01
1.971100E+01 7.954659E-01 1.239929E+01
1.981000E+01 7.976813E-01 1.239815E+01
1.990900E+01 7.998892E-01 1.239709E+01
2.000800E+01 8.020898E-01 1.239611E+01
2.010700E+01 8.042831E-01 1.239521E+01
2.020600E+01 8.064691E-01 1.239437E+01
2.030500E+01 8.086478E-01 1.239361E+01
2.040400E+01 8.108194E-01 1.239292E+01
2.050300E+01 8.129838E-01 1.239230E+01
2.060200E+01 8.151411E-01 1.239174E+01
2.070100E+01 8.172913E-01 1.239126E+01
2.080000E+01 8.194346E-01 1.240106E+01
2.089900E+01 8.215708E-01 1.240067E+01
2.099800E+01 8.237001E-01 1.240034E+01
2.109700E+01 8.258226E-01 1.240008E+01
2.119600E+01 8.279381E-01 1.239988E+01
2.129500E+01 8.300469E-01 1.239974E+01
2.139400E+01 8.321488E-01 1.239966E+01
2.149300E+01 8.342441E-01 1.239964E+01
2.159200E+01 8.363326E-01 1.239968E+01
2.169100E+01 8.384145E-01 1.239977E+01
2.179000E+01 8.404898E-01 1.239992E+01
2.188900E+01 8.425585E-01 1.240013E+01
2.198800E+01 8.446206E-01 1.240039E+01
2.208700E+01 8.466763E-01 1.240070E+01
2.218600E+01 8.487255E-01 1.239128E+01
2.228500E+01 8.507682E-01 1.239173E+01
2.238400E+01 8.528046E-01 1.239222E+01
2.248300E+01 8.548346E-01 1.239277E+01
2.258200E+01 8.568583E-01 1.239336E+01
2.268100E+01 8.588756E-01 1.239401E+01
2.278000E+01 8.608868E-01 1.239470E+01
2.287900E+01 8.628917E-01 1.239544E+01
2.297800E+01 8.648905E-01 1.239622E+01
2.307700E+01 8.668830E-01 1.239705E+01
2.317600E+01 8.688695E-01 1.239792E+01
2.327500E+01 8.708499E-01 1.239884E+01
2.337400E+01 8.728243E-01 1.239980E+01
2.347300E+01 8.747926E-01 1.239139E+01
2.357200E+01 8.767549E-01 1.239246E+01
2.367100E+01 8.787113E-01 1.239357E+01
2.377000E+01 8.806618E-01 1.239472E+01
2.386900E+01 8.826064E-01 1.239592E+01
2.396800E+01 8.845451E-01 1.239715E+01
2.406700E+01 8.864780E-01 1.239842E+01
2.416600E+01 8.884051E-01 1.239973E+01
2.426500E+01 8.903265E-01 1.239187E+01
2.436400E+01 8.922421E-01 1.239327E+01
2.446300E+01 8.941520E-01 1.239472E+01
2.456200E+01 8.960563E-01 1.239620E+01
2.466100E+01 8.979549E-01 1.239771E+01
2.476000E+01 8.998479E-01 1.239926E+01
2.485900E+01 9.017353E-01 1.239178E+01
2.495800E+01 9.036172E-01 1.239342E+01
2.505700E+01 9.054936E-01 1.239510E+01
2.515600E+01 9.073644E-01 1.239680E+01
2.525500E+01 9.092298E-01 1.239854E+01
2.535400E+01 9.110898E-01 1.240031E+01
2.545300E+01 9.129443E-01 1.239319E+01
2.555200E+01 9.147935E-01 1.239504E+01
2.565100E+01 9.166373E-01 1.239693E+01
2.575000E+01 9.184757E-01 1.239884E+01
2.584900E+01 9.203089E-01 1.239195E+01
2.594800E+01 9.221368E-01 1.239394E+01
2.604700E+01 9.239595E-01 1.239596E+01
2.614600E+01 9.257769E-01 1.239801E+01
2.624500E+01 9.275892E-01 1.240009E+01
2.634400E+01 9.293962E-01 1.239347E+01
2.644300E+01 9.311982E-01 1.239562E+01
2.654200E+01 9.329950E-01 1.239780E+01
2.664100E+01 9.347867E-01 1.240000E+01
2.674000E+01 9.365733E-01 1.239360E+01
2.683900E+01 9.383549E-01 1.239587E+01
2.693800E+01 9.401315E-01 1.239817E+01
2.703700E+01 9.419031E-01 1.239192E+01
2.713600E+01 9.436697E-01 1.239428E+01
2.723500E+01 9.454314E-01 1.239667E+01
2.733400E+01 9.471882E-01 1.239908E+01
2.743300E+01 9.489400E-01 1.239303E+01
2.753200E+01 9.506870E-01 1.239551E+01
2.763100E+01 9.524292E-01 1.239800E+01
2.773000E+01 9.541665E-01 1.239210E+01
2.782900E+01 9.558990E-01 1.239466E+01
2.792800E+01 9.576267E-01 1.239724E+01
2.802700E+01 9.593497E-01 1.239147E+01
2.812600E+01 9.610679E-01 1.239411E+01
2.822500E+01 9.627815E-01 1.239677E+01
2.832400E+01 9.644903E-01 1.239945E+01
2.842300E+01 9.661945E-01 1.239386E+01
2.852200E+01 9.678940E-01 1.239660E+01
2.862100E+01 9.695889E-01 1.239935E+01
2.872000E+01 9.712792E-01 1.239389E+01
2.881900E+01 9.729649E-01 1.239670E+01
2.891800E+01 9.746461E-01 1.239133E+01
2.901700E+01 9.763227E-01 1.239419E+01
2.911600E+01 9.779948E-01 1.239708E+01
2.921500E+01 9.796625E-01 1.239183E+01
2.931400E+01 9.813256E-01 1.239476E+01
2.941300E+01 9.829843E-01 1.239771E+01
2.951200E+01 9.846386E-01 1.239259E+01
2.961100E+01 9.862884E-01 1.239558E+01
2.971000E+01 9.879339E-01 1.239860E+01
2.980900E+01 9.895749E-01 1.239359E+01
2.990800E+01 9.912117E-01 1.239665E+01
3.000700E+01 9.928441E-01 1.239172E+01
3.010600E+01 9.944721E-01 1.239483E+01
3.020500E+01 9.960959E-01 1.239796E+01
3.030400E+01 9.977154E-01 1.239314E+01
3.040300E+01 9.993307E-01 1.239631E+01
3.050200E+01 1.000942E+00 1.239157E+01
3.060100E+01 1.002548E+00 1.239478E+01
3.070000E+01 1.004151E+00 1.239800E+01
3.079900E+01 1.005749E+00 1.239337E+01
3.089800E+01 1.007344E+00 1.239664E+01
3.099700E+01 1.008934E+00 1.239208E+01
3.109600E+01 1.010520E+00 1.239539E+01
3.119500E+01 1.012102E+00 1.239090E+01
3.129400E+01 1.013679E+00 1.239425E+01
3.139300E+01 1.015253E+00 1.239761E+01
3.149200E+01 1.016823E+00 1.239322E+01
3.159100E+01 1.018388E+00 1.239662E+01
3.169000E+01 1.019950E+00 1.239230E+01
3.178900E+01 1.021508E+00 1.239574E+01
3.188800E+01 1.023061E+00 1.239149E+01
3.198700E+01 1.024611E+00 1.239496E+01
3.208600E+01 1.026157E+00 1.239078E+01
3.218500E+01 1.027698E+00 1.239428E+01
3.228400E+01 1.029236E+00 1.239017E+01
3.238300E+01 1.030770E+00 1.239371E+01
3.248200E+01 1.032300E+00 1.238966E+01
3.258100E+01 1.033826E+00 1.239323E+01
3.268000E+01 1.035349E+00 1.238925E+01
3.277900E+01 1.036867E+00 1.239285E+01
3.287800E+01 1.038382E+00 1.238893E+01
3.297700E+01 1.039893E+00 1.239257E+01
3.307600E+01 1.041400E+00 1.238871E+01
3.317500E+01 1.042904E+00 1.239238E+01
3.327400E+01 1.044403E+00 1.238857E+01
3.337300E+01 1.045899E+00 1.239227E+01
3.347200E+01 1.047391E+00 1.238853E+01
3.357100E+01 1.048880E+00 1.239226E+01
3.367000E+01 1.050364E+00 1.238858E+01
3.376900E+01 1.051846E+00 1.239234E+01
3.386800E+01 1.053323E+00 1.238871E+01
3.396700E+01 1.054797E+00 1.239249E+01
3.406600E+01 1.056267E+00 1.238892E+01
3.416500E+01 1.057733E+00 1.239274E+01
3.426400E+01 1.059196E+00 1.238922E+01
3.436300E+01 1.060656E+00 1.239306E+01
3.446200E+01 1.062111E+00 1.238960E+01
3.456100E+01 1.063564E+00 1.239347E+01
3.466000E+01 1.065012E+00 1.239005E+01
3.475900E+01 1.066458E+00 1.239395E+01
3.485800E+01 1.067899E+00 1.239059E+01
3.495700E+01 1.069337E+00 1.238726E+01
3.505600E+01 1.070772E+00 1.239120E+01
3.515500E+01 1.072203E+00 1.238792E+01
3.525400E+01 1.073631E+00 1.239189E+01
3.535300E+01 1.075055E+00 1.238866E+01
3.545200E+01 1.076476E+00 1.239265E+01
3.555100E+01 1.077894E+00 1.238947E+01
3.565000E+01 1.079308E+00 1.238632E+01
3.574900E+01 1.080718E+00 1.239035E+01
3.584800E+01 1.082126E+00 1.238725E+01
3.594700E+01 1.083530E+00 1.239129E+01
3.604600E+01 1.084930E+00 1.238824E+01
3.614500E+01 1.086327E+00 1.238522E+01
3.624400E+01 1.087721E+00 1.238930E+01
3.634300E+01 1.089112E+00 1.238633E+01
3.644200E+01 1.090499E+00 1.239043E+01
3.654100E+01 1.091883E+00 1.238750E+01
3.664000E+01 1.093264E+00 1.238460E+01
3.673900E+01 1.094642E+00 1.238874E+01
3.683800E+01 1.096016E+00 1.238588E+01
3.693700E+01 1.097387E+00 1.239004E+01
3.703600E+01 1.098755E+00 1.238722E+01
3.713500E+01 1.100119E+00 1.238443E+01
3.723400E+01 1.101481E+00 1.238863E+01
3.733300E+01 1.102839E+00 1.238588E+01
3.743200E+01 1.104194E+00 1.239009E+01
3.753100E+01 1.105546E+00 1.238739E+01
3.763000E+01 1.106895E+00 1.238471E+01
3.772900E+01 1.108241E+00 1.238895E+01
3.782800E+01 1.109583E+00 1.238631E+01
3.792700E+01 1.110923E+00 1.238370E+01
3.802600E+01 1.112259E+00 1.238797E+01
3.812500E+01 1.113592E+00 1.238540E+01
3.822400E+01 1.114922E+00 1.238285E+01
3.832300E+01 1.116249E+00 1.238715E+01
3.842200E+01 1.117573E+00 1.238464E+01
3.852100E+01 1.118894E+00 1.238215E+01
3.862000E+01 1.120212E+00 1.238649E+01
3.871900E+01 1.121527E+00 1.238404E+01
3.881800E+01 1.122839E+00 1.238161E+01
3.891700E+01 1.124148E+00 1.238597E+01
3.901600E+01 1.125454E+00 1.238358E+01
3.911500E+01 1.126757E+00 1.238122E+01
3.921400E+01 1.128057E+00 1.238561E+01
3.931300E+01 1.129354E+00 1.238327E+01
3.941200E+01 1.130649E+00 1.238097E+01
3.951100E+01 1.131940E+00 1.238538E+01
3.961000E+01 1.133228E+00 1.238311E+01
3.970900E+01 1.134514E+00 1.238086E+01
3.980800E+01 1.135796E+00 1.238530E+01
3.990700E+01 1.137076E+00 1.238308E+01
4.000600E+01 1.138353E+00 1.238089E+01
4.010500E+01 1.139626E+00 1.237871E+01
4.020400E+01 1.140897E+00 1.238319E+01
4.030300E+01 1.142166E+00 1.238105E+01
4.040200E+01 1.143431E+00 1.237893E+01
4.050100E+01 1.144694E+00 1.238343E+01
4.060000E+01 1.145953E+00 1.238134E+01
4.069900E+01 1.147210E+00 1.237927E+01
4.079800E+01 1.148464E+00 1.237723E+01
4.089700E+01 1.149716E+00 1.238176E+01
4.099600E+01 1.150964E+00 1.237974E+01
4.109500E+01 1.152210E+00 1.237775E+01
4.119400E+01 1.153453E+00 1.238230E+01
4.129300E+01 1.154694E+00 1.238034E+01
4.139200E+01 1.155931E+00 1.237839E+01
4.149100E+01 1.157166E+00 1.237647E+01
4.159000E+01 1.158398E+00 1.238105E+01
4.168900E+01 1.159628E+00 1.237916E+01
4.178800E+01 1.160855E+00 1.237728E+01
4.188700E+01 1.162079E+00 1.237543E+01
4.198600E+01 1.163300E+00 1.238004E+01
4.208500E+01 1.164519E+00 1.237821E+01
4.218400E+01 1.165735E+00 1.237640E+01
4.228300E+01 1.166949E+00 1.237461E+01
4.238200E+01 1.168159E+00 1.237925E+01
4.248100E+01 1.169368E+00 1.237748E+01
4.258000E+01 1.170573E+00 1.237574E+01
4.267900E+01 1.171776E+00 1.237401E+01
4.277800E+01 1.172977E+00 1.237868E+01
4.287700E+01 1.174174E+00 1.237698E+01
4.297600E+01 1.175370E+00 1.237530E+01
4.307500E+01 1.176562E+00 1.237363E+01
4.317400E+01 1.177752E+00 1.237832E+01
4.327300E+01 1.178940E+00 1.237668E+01
4.337200E+01 1.180125E+00 1.237506E+01
4.347100E+01 1.181307E+00 1.237346E+01
4.357000E+01 1.182487E+00 1.237187E+01
4.366900E+01 1.183664E+00 1.237659E+01
4.376800E+01 1.184839E+00 1.237503E+01
4.386700E+01 1.186012E+00 1.237349E+01
4.396600E+01 1.187182E+00 1.237196E+01
4.406500E+01 1.188349E+00 1.237045E+01
4.416400E+01 1.189514E+00 1.237520E+01
4.426300E+01 1.190676E+00 1.237371E+01
4.436200E+01 1.191836E+00 1.237224E+01
4.446100E+01 1.192994E+00 1.237078E+01
4.456000E+01 1.194149E+00 1.236934E+01
4.465900E+01 1.195302E+00 1.237412E+01
4.475800E+01 1.196452E+00 1.237270E+01
4.485700E+01 1.197600E+00 1.237130E+01
4.495600E+01 1.198745E+00 1.236992E+01
4.505500E+01 1.199888E+00 1.236855E+01
4.515400E+01 1.201029E+00 1.237335E+01
4.525300E+01 1.202167E+00 1.237201E+01
4.535200E+01 1.203303E+00 1.237068E+01
4.545100E+01 1.204436E+00 1.236936E+01
4.555000E+01 1.205567E+00 1.236806E+01
4.564900E+01 1.206696E+00 1.236677E+01
4.574800E+01 1.207822E+00 1.237161E+01
4.584700E+01 1.208946E+00 1.237034E+01
4.594600E+01 1.210068E+00 1.236909E+01
4.604500E+01 1.211187E+00 1.236785E+01
4.614400E+01 1.212305E+00 1.236663E+01
4.624300E+01 1.213419E+00 1.236542E+01
4.634200E+01 1.214532E+00 1.237029E+01
4.644100E+01 1.215642E+00 1.236910E+01
4.654000E+01 1.216750E+00 1.236793E+01
4.663900E+01 1.217856E+00 1.236677E+01
4.673800E+01 1.218959E+00 1.236562E+01
4.683700E+01 1.220060E+00 1.236449E+01
4.693600E+01 1.221159E+00 1.236337E+01
4.703500E+01 1.222255E+00 1.236827E+01
4.713400E+01 1.223350E+00 1.236717E+01
4.723300E+01 1.224442E+00 1.236609E+01
4.733200E+01 1.225532E+00 1.236501E+01
4.743100E+01 1.226619E+00 1.236395E+01
4.753000E+01 1.227705E+00 1.236291E+01
4.762900E+01 1.228788E+00 1.236188E+01
4.772800E+01 1.229869E+00 1.236086E+01
4.782700E+01 1.230948E+00 1.236579E+01
4.792600E+01 1.232025E+00 1.236479E+01
4.802500E+01 1.233099E+00 1.236380E+01
4.812400E+01 1.234171E+00 1.236282E+01
4.822300E+01 1.235242E+00 1.236186E+01
4.832200E+01 1.236310E+00 1.236091E+01
4.842100E+01 1.237375E+00 1.235997E+01
4.852000E+01 1.238439E+00 1.235905E+01
4.861900E+01 1.239501E+00 1.235813E+01
4.871800E+01 1.240560E+00 1.236310E+01
4.881700E+01 1.241617E+00 1.236220E+01
4.891600E+01 1.242673E+00 1.236132E+01
4.901500E+01 1.243726E+00 1.236045E+01
4.911400E+01 1.244777E+00 1.235959E+01
4.921300E+01 1.245826E+00 1.235874E+01
4.931200E+01 1.246872E+00 1.235790E+01
4.941100E+01 1.247917E+00 1.235707E+01
4.951000E+01 1.248960E+00 1.235626E+01
4.960900E+01 1.250000E+00 1.235546E+01
4.970800E+01 1.251039E+00 1.236047E+01
4.980700E+01 1.252075E+00 1.235968E+01
4.990600E+01 1.253110E+00 1.235890E+01
5.000500E+01 1.254142E+00 1.235814E+01
5.010400E+01 1.255173E+00 1.235739E+01
5.020300E+01 1.256201E+00 1.235664E+01
5.030200E+01 1.257227E+00 1.235591E+01
5.040100E+01 1.258251E+00 1.235519E+01
5.050000E+01 1.259274E+00 1.235449E+01
5.059900E+01 1.260294E+00 1.235379E+01
5.069800E+01 1.261312E+00 1.235310E+01
5.079700E+01 1.262328E+00 1.235243E+01
5.089600E+01 1.263343E+00 1.235176E+01
5.099500E+01 1.264355E+00 1.235110E+01
5.109400E+01 1.265365E+00 1.235616E+01
5.119300E+01 1.266373E+00 1.235552E+01
5.129200E+01 1.267380E+00 1.235489E+01
5.139100E+01 1.268384E+00 1.235427E+01
5.149000E+01 1.269387E+00 1.235366E+01
5.158900E+01 1.270387E+00 1.235306E+01
5.168800E+01 1.271386E+00 1.235247E+01
5.178700E+01 1.272382E+00 1.235189E+01
5.188600E+01 1.273377E+00 1.235132E+01
5.198500E+01 1.274370E+00 1.235076E+01
5.208400E+01 1.275361E+00 1.235021E+01
5.218300E+01 1.276350E+00 1.234967E+01
5.228200E+01 1.277337E+00 1.234914E+01
5.238100E+01 1.278322E+00 1.234862E+01
5.248000E+01 1.279305E+00 1.234811E+01
5.257900E+01 1.280287E+00 1.234761E+01
5.267800E+01 1.281266E+00 1.234712E+01
5.277700E+01 1.282244E+00 1.234664E+01
5.287600E+01 1.283220E+00 1.234617E+01
5.297500E+01 1.284193E+00 1.234570E+01
5.307400E+01 1.285166E+00 1.234525E+01
5.317300E+01 1.286136E+00 1.234481E+01
5.327200E+01 1.287104E+00 1.234437E+01
5.337100E+01 1.288071E+00 1.234395E+01
5.347000E+01 1.289035E+00 1.234353E+01
5.356900E+01 1.289998E+00 1.234312E+01
5.366800E+01 1.290959E+00 1.234272E+01
5.376700E+01 1.291918E+00 1.234234E+01
5.386600E+01 1.292876E+00 1.234195E+01
5.396500E+01 1.293831E+00 1.234158E+01
5.406400E+01 1.294785E+00 1.234122E+01
5.416300E+01 1.295737E+00 1.234087E+01
5.426200E+01 1.296687E+00 1.234052E+01
5.436100E+01 1.297635E+00 1.234018E+01
5.446000E+01 1.298582E+00 1.233986E+01
5.455900E+01 1.299527E+00 1.233954E+01
5.465800E+01 1.300470E+00 1.233922E+01
5.475700E+01 1.301411E+00 1.233892E+01
5.485600E+01 1.302350E+00 1.233863E+01
5.495500E+01 1.303288E+00 1.233834E+01
5.505400E+01 1.304224E+00 1.233806E+01
5.515300E+01 1.305158E+00 1.233779E+01
5.525200E+01 1.306091E+00 1.233753E+01
5.535100E+01 1.307022E+00 1.233728E+01
5.545000E+01 1.307951E+00 1.233703E+01
5.554900E+01 1.308878E+00 1.233680E+01
5.564800E+01 1.309803E+00 1.233657E+01
5.574700E+01 1.310727E+00 1.233635E+01
5.584600E+01 1.311649E+00 1.233613E+01
5.594500E+01 1.312570E+00 1.233593E+01
5.604400E+01 1.313489E+00 1.233573E+01
5.614300E+01 1.314406E+00 1.233554E+01
5.624200E+01 1.315321E+00 1.233536E+01
5.634100E+01 1.316235E+00 1.233519E+01
5.644000E+01 1.317147E+00 1.233502E+01
5.653900E+01 1.318057E+00 1.233486E+01
5.663800E+01 1.318965E+00 1.233471E+01
5.673700E+01 1.319872E+00 1.233457E+01
5.683600E+01 1.320778E+00 1.233443E+01
5.693500E+01 1.321681E+00 1.233430E+01
5.703400E+01 1.322583E+00 1.233418E+01
5.713300E+01 1.323484E+00 1.233407E+01
5.723200E+01 1.324382E+00 1.233396E+01
5.733100E+01 1.325279E+00 1.233386E+01
5.743000E+01 1.326175E+00 1.233377E+01
5.752900E+01 1.327068E+00 1.233368E+01
5.762800E+01 1.327960E+00 1.233361E+01
5.772700E+01 1.328851E+00 1.233354E+01
5.782600E+01 1.329740E+00 1.232819E+01
5.792500E+01 1.330627E+00 1.232814E+01
5.802400E+01 1.331513E+00 1.232810E+01
5.812300E+01 1.332397E+00 1.232806E+01
5.822200E+01 1.333279E+00 1.232803E+01
5.832100E+01 1.334160E+00 1.232801E+01
5.842000E+01 1.335039E+00 1.232799E+01
5.851900E+01 1.335917E+00 1.232798E+01
5.861800E+01 1.336793E+00 1.232798E+01
5.871700E+01 1.337668E+00 1.232798E+01
5.881600E+01 1.338541E+00 1.232799E+01
5.891500E+01 1.339412E+00 1.232801E+01
5.901400E+01 1.340282E+00 1.232803E+01
5.911300E+01 1.341150E+00 1.232806E+01
5.921200E+01 1.342017E+00 1.232810E+01
5.931100E+01 1.342882E+00 1.232295E+01
5.941000E+01 1.343746E+00 1.232300E+01
5.950900E+01 1.344608E+00 1.232306E+01
5.960800E+01 1.345468E+00 1.232313E+01
5.970700E+01 1.346327E+00 1.232320E+01
5.980600E+01 1.347185E+00 1.232328E+01
5.990500E+01 1.348041E+00 1.232337E+01
6.000400E+01 1.348895E+00 1.232346E+01
6.010300E+01 1.349748E+00 1.232356E+01
6.020200E+01 1.350599E+00 1.232367E+01
6.030100E+01 1.351449E+00 1.232378E+01
6.040000E+01 1.352297E+00 1.231876E+01
6.049900E+01 1.353144E+00 1.231889E+01
6.059800E+01 1.353990E+00 1.231902E+01
6.069700E+01 1.354833E+00 1.231916E+01
6.079600E+01 1.355676E+00 1.231931E+01
6.089500E+01 1.356517E+00 1.231946E+01
6.099400E+01 1.357356E+00 1.231962E+01
6.109300E+01 1.358194E+00 1.231979E+01
6.119200E+01 1.359030E+00 1.231996E+01
6.129100E+01 1.359865E+00 1.232013E+01
6.139000E+01 1.360699E+00 1.231523E+01
6.148900E+01 1.361531E+00 1.231542E+01
6.158800E+01 1.362362E+00 1.231562E+01
6.168700E+01 1.363191E+00 1.231582E+01
6.178600E+01 1.364018E+00 1.231603E+01
6.188500E+01 1.364845E+00 1.231625E+01
6.198400E+01 1.365669E+00 1.231647E+01
6.208300E+01 1.366493E+00 1.231670E+01
6.218200E+01 1.367315E+00 1.231693E+01
6.228100E+01 1.368135E+00 1.231212E+01
6.238000E+01 1.368954E+00 1.231237E+01
6.247900E+01 1.369772E+00 1.231262E+01
6.257800E+01 1.370588E+00 1.231288E+01
6.267700E+01 1.371403E+00 1.231315E+01
6.277600E+01 1.372216E+00 1.231342E+01
6.287500E+01 1.373028E+00 1.231369E+01
6.297400E+01 1.373839E+00 1.230896E+01
6.307300E+01 1.374648E+00 1.230925E+01
6.317200E+01 1.375456E+00 1.230955E+01
6.327100E+01 1.376262E+00 1.230985E+01
6.337000E+01 1.377067E+00 1.231015E+01
6.346900E+01 1.377871E+00 1.231046E+01
6.356800E+01 1.378673E+00 1.231078E+01
6.366700E+01 1.379474E+00 1.231110E+01
6.376600E+01 1.380273E+00 1.230645E+01
6.386500E+01 1.381071E+00 1.230679E+01
6.396400E+01 1.381868E+00 1.230713E+01
6.406300E+01 1.382664E+00 1.230748E+01
6.416200E+01 1.383458E+00 1.230783E+01
6.426100E+01 1.384250E+00 1.230818E+01
6.436000E+01 1.385041E+00 1.230360E+01
6.445900E+01 1.385831E+00 1.230397E+01
6.455800E+01 1.386620E+00 1.230435E+01
6.465700E+01 1.387407E+00 1.230473E+01
6.475600E+01 1.388193E+00 1.230511E+01
6.485500E+01 1.388978E+00 1.230550E+01
6.495400E+01 1.389761E+00 1.230589E+01
6.505300E+01 1.390543E+00 1.230138E+01
6.515200E+01 1.391323E+00 1.230179E+01
6.525100E+01 1.392103E+00 1.230220E+01
6.535000E+01 1.392881E+00 1.230262E+01
6.544900E+01 1.393657E+00 1.230304E+01
6.554800E+01 1.394433E+00 1.230347E+01
6.564700E+01 1.395207E+00 1.229901E+01
6.574600E+01 1.395979E+00 1.229945E+01
6.584500E+01 1.396751E+00 1.229990E+01
6.594400E+01 1.397521E+00 1.230035E+01
6.604300E+01 1.398289E+00 1.230080E+01
6.614200E+01 1.399057E+00 1.229640E+01
6.624100E+01 1.399823E+00 1.229686E+01
6.634000E+01 1.400588E+00 1.229733E+01
6.643900E+01 1.401352E+00 1.229781E+01
6.653800E+01 1.402114E+00 1.229829E+01
6.663700E+01 1.402875E+00 1.229877E+01
6.673600E+01 1.403635E+00 1.229443E+01
6.683500E+01 1.404393E+00 1.229492E+01
6.693400E+01 1.405151E+00 1.229542E+01
6.703300E+01 1.405907E+00 1.229593E+01
6.713200E+01 1.406661E+00 1.229644E+01
6.723100E+01 1.407415E+00 1.229214E+01
6.733000E+01 1.408167E+00 1.229266E+01
6.742900E+01 1.408918E+00 1.229319E+01
6.752800E+01 1.409668E+00 1.229372E+01
6.762700E+01 1.410416E+00 1.229426E+01
6.772600E+01 1.411164E+00 1.229000E+01
6.782500E+01 1.411910E+00 1.229055E+01
6.792400E+01 1.412654E+00 1.229110E+01
6.802300E+01 1.413398E+00 1.229165E+01
6.812200E+01 1.414140E+00 1.229221E+01
6.822100E+01 1.414881E+00 1.228800E+01
6.832000E+01 1.415621E+00 1.228857E+01
6.841900E+01 1.416360E+00 1.228915E+01
6.851800E+01 1.417097E+00 1.228973E+01
6.861700E+01 1.417833E+00 1.229031E+01
6.871600E+01 1.418568E+00 1.228615E+01
6.881500E+01 1.419302E+00 1.228674E+01
6.891400E+01 1.420035E+00 1.228734E+01
6.901300E+01 1.420766E+00 1.228794E+01
6.911200E+01 1.421496E+00 1.228855E+01
6.921100E+01 1.422225E+00 1.228443E+01
6.931000E+01 1.422953E+00 1.228505E+01
6.940900E+01 1.423680E+00 1.228567E+01
6.950800E+01 1.424405E+00 1.228629E+01
6.960700E+01 1.425129E+00 1.228692E+01
6.970600E+01 1.425852E+00 1.228284E+01
6.980500E+01 1.426574E+00 1.228348E+01
6.990400E+01 1.427295E+00 1.228413E+01
7.000300E+01 1.428014E+00 1.228478E+01
7.010200E+01 1.428733E+00 1.228073E+01
7.020100E+01 1.429450E+00 1.228139E+01
7.030000E+01 1.430166E+00 1.228205E+01
7.039900E+01 1.430881E+00 1.228272E+01
7.049800E+01 1.431595E+00 1.227871E+01
7.059700E+01 1.432307E+00 1.227938E+01
7.069600E+01 1.433018E+00 1.228006E+01
7.079500E+01 1.433729E+00 1.228075E+01
7.089400E+01 1.434438E+00 1.228144E+01
7.099300E+01 1.435146E+00 1.227747E+01
7.109200E+01 1.435852E+00 1.227816E+01
7.119100E+01 1.436558E+00 1.227886E+01
7.129000E+01 1.437263E+00 1.227957E+01
7.138900E+01 1.437966E+00 1.227563E+01
7.148800E+01 1.438668E+00 1.227635E+01
7.158700E+01 1.439369E+00 1.227707E+01
7.168600E+01 1.440069E+00 1.227779E+01
7.178500E+01 1.440768E+00 1.227388E+01
7.188400E+01 1.441466E+00 1.227462E+01
7.198300E+01 1.442163E+00 1.227535E+01
7.208200E+01 1.442858E+00 1.227609E+01
7.218100E+01 1.443552E+00 1.227222E+01
7.228000E+01 1.444246E+00 1.227297E+01
7.237900E+01 1.444938E+00 1.227372E+01
7.247800E+01 1.445629E+00 1.227447E+01
7.257700E+01 1.446319E+00 1.227063E+01
7.267600E+01 1.447008E+00 1.227140E+01
7.277500E+01 1.447696E+00 1.227217E+01
7.287400E+01 1.448382E+00 1.227294E+01
7.297300E+01 1.449068E+00 1.226913E+01
7.307200E+01 1.449752E+00 1.226991E+01
7.317100E+01 1.450436E+00 1.227069E+01
7.327000E+01 1.451118E+00 1.226691E+01
7.336900E+01 1.451799E+00 1.226770E+01
7.346800E+01 1.452480E+00 1.226850E+01
7.356700E+01 1.453159E+00 1.226930E+01
7.366600E+01 1.453837E+00 1.226554E+01
7.376500E+01 1.454514E+00 1.226635E+01
7.386400E+01 1.455190E+00 1.226716E+01
7.396300E+01 1.455864E+00 1.226798E+01
7.406200E+01 1.456538E+00 1.226425E+01
7.416100E+01 1.457211E+00 1.226508E+01
7.426000E+01 1.457882E+00 1.226590E+01
7.435900E+01 1.458553E+00 1.226220E+01
7.445800E+01 1.459223E+00 1.226304E+01
7.455700E+01 1.459891E+00 1.226388E+01
7.465600E+01 1.460558E+00 1.226472E+01
7.475500E+01 1.461225E+00 1.226105E+01
7.485400E+01 1.461890E+00 1.226190E+01
7.495300E+01 1.462554E+00 1.226275E+01
7.505200E+01 1.463218E+00 1.226361E+01
7.515100E+01 1.463880E+00 1.225997E+01
7.525000E+01 1.464541E+00 1.226083E+01
7.534900E+01 1.465201E+00 1.226170E+01
7.544800E+01 1.465860E+00 1.225808E+01
7.554700E+01 1.466518E+00 1.225896E+01
7.564600E+01 1.467176E+00 1.225984E+01
7.574500E+01 1.467832E+00 1.225624E+01
7.584400E+01 1.468487E+00 1.225712E+01
7.594300E+01 1.469141E+00 1.225802E+01
7.604200E+01 1.469794E+00 1.225891E+01
7.614100E+01 1.470446E+00 1.225534E+01
7.624000E+01 1.471097E+00 1.225624E+01
7.633900E+01 1.471746E+00 1.225715E+01
7.643800E+01 1.472395E+00 1.225360E+01
7.653700E+01 1.473043E+00 1.225451E+01
7.663600E+01 1.473690E+00 1.225543E+01
7.673500E+01 1.474336E+00 1.225190E+01
7.683400E+01 1.474981E+00 1.225282E+01
7.693300E+01 1.475625E+00 1.225375E+01
7.703200E+01 1.476268E+00 1.225468E+01
7.713100E+01 1.476910E+00 1.225117E+01
7.723000E+01 1.477551E+00 1.225211E+01
7.732900E+01 1.478191E+00 1.225305E+01
7.742800E+01 1.478830E+00 1.224957E+01
7.752700E+01 1.479468E+00 1.225052E+01
7.762600E+01 1.480105E+00 1.225147E+01
7.772500E+01 1.480741E+00 1.224801E+01
7.782400E+01 1.481376E+00 1.224897E+01
7.792300E+01 1.482010E+00 1.224993E+01
7.802200E+01 1.482644E+00 1.224649E+01
7.812100E+01 1.483276E+00 1.224746E+01
7.822000E+01 1.483907E+00 1.224843E+01
7.831900E+01 1.484537E+00 1.224501E+01
7.841800E+01 1.485167E+00 1.224599E+01
7.851700E+01 1.485795E+00 1.224697E+01
7.861600E+01 1.486422E+00 1.224795E+01
7.871500E+01 1.487049E+00 1.224456E+01
7.881400E+01 1.487674E+00 1.224555E+01
7.891300E+01 1.488299E+00 1.224654E+01
7.901200E+01 1.488922E+00 1.224317E+01
7.911100E+01 1.489545E+00 1.224417E+01
7.921000E+01 1.490167E+00 1.224517E+01
7.930900E+01 1.490787E+00 1.224182E+01
7.940800E+01 1.491407E+00 1.224283E+01
7.950700E+01 1.492026E+00 1.224384E+01
7.960600E+01 1.492644E+00 1.224051E+01
7.970500E+01 1.493261E+00 1.224153E+01
7.980400E+01 1.493877E+00 1.224255E+01
7.990300E+01 1.494492E+00 1.223923E+01
8.000200E+01 1.495106E+00 1.224026E+01
8.010100E+01 1.495720E+00 1.224130E+01
8.020000E+01 1.496332E+00 1.223800E+01
8.029900E+01 1.496943E+00 1.223904E+01
8.039800E+01 1.497554E+00 1.223575E+01
8.049700E+01 1.498164E+00 1.223680E+01
8.059600E+01 1.498772E+00 1.223785E+01
8.069500E+01 1.499380E+00 1.223458E+01
8.079400E+01 1.499987E+00 1.223564E+01
8.089300E+01 1.500593E+00 1.223670E+01
8.099200E+01 1.501198E+00 1.223345E+01
8.109100E+01 1.501802E+00 1.223452E+01
8.119000E+01 1.502405E+00 1.223558E+01
8.128900E+01 1.503008E+00 1.223235E+01
8.138800E+01 1.503609E+00 1.223343E+01
8.148700E+01 1.504210E+00 1.223450E+01
8.158600E+01 1.504809E+00 1.223129E+01
8.168500E+01 1.505408E+00 1.223238E+01
8.178400E+01 1.506006E+00 1.223346E+01
8.188300E+01 1.506603E+00 1.223027E+01
8.198200E+01 1.507199E+00 1.223136E+01
8.208100E+01 1.507794E+00 1.223245E+01
8.218000E+01 1.508388E+00 1.222928E+01
8.227900E+01 1.508982E+00 1.223038E+01
8.237800E+01 1.509574E+00 1.222722E+01
8.247700E+01 1.510166E+00 1.222832E+01
8.257600E+01 1.510757E+00 1.222943E+01
8.267500E+01 1.511347E+00 1.222629E+01
8.277400E+01 1.511936E+00 1.222740E+01
8.287300E+01 1.512524E+00 1.222852E+01
8.297200E+01 1.513111E+00 1.222539E+01
8.307100E+01 1.513698E+00 1.222652E+01
8.317000E+01 1.514283E+00 1.222340E+01
8.326900E+01 1.514868E+00 1.222453E+01
8.336800E+01 1.515452E+00 1.222566E+01
8.346700E+01 1.516035E+00 1.222257E+01
8.356600E+01 1.516617E+00 1.222370E+01
8.366500E+01 1.517198E+00 1.222485E+01
8.376400E+01 1.517778E+00 1.222176E+01
8.386300E+01 1.518358E+00 1.222291E+01
8.396200E+01 1.518937E+00 1.221984E+01
8.406100E+01 1.519515E+00 1.222099E+01
8.416000E+01 1.520092E+00 1.222215E+01
8.425900E+01 1.520668E+00 1.221910E+01
8.435800E+01 1.521243E+00 1.222026E+01
8.445700E+01 1.521818E+00 1.222142E+01
8.455600E+01 1.522391E+00 1.221838E+01
8.465500E+01 1.522964E+00 1.221955E+01
8.475400E+01 1.523536E+00 1.221653E+01
8.485300E+01 1.524107E+00 1.221770E+01
8.495200E+01 1.524677E+00 1.221888E+01
8.505100E+01 1.525247E+00 1.221587E+01
8.515000E+01 1.525816E+00 1.221705E+01
8.524900E+01 1.526383E+00 1.221406E+01
8.534800E+01 1.526950E+00 1.221525E+01
8.544700E+01 1.527517E+00 1.221644E+01
8.554600E+01 1.528082E+00 1.221346E+01
8.564500E+01 1.528646E+00 1.221465E+01
8.574400E+01 1.529210E+00 1.221168E+01
8.584300E+01 1.529773E+00 1.221289E+01
8.594200E+01 1.530335E+00 1.221409E+01
8.604100E+01 1.530896E+00 1.221114E+01
8.614000E+01 1.531457E+00 1.221234E+01
8.623900E+01 1.532016E+00 1.221356E+01
8.633800E+01 1.532575E+00 1.221062E+01
8.643700E+01 1.533133E+00 1.221183E+01
8.653600E+01 1.533691E+00 1.220891E+01
8.663500E+01 1.534247E+00 1.221013E+01
8.673400E+01 1.534803E+00 1.220722E+01
8.683300E+01 1.535357E+00 1.220844E+01
8.693200E+01 1.535911E+00 1.220967E+01
8.703100E+01 1.536465E+00 1.220677E+01
8.713000E+01 1.537017E+00 1.220801E+01
8.722900E+01 1.537569E+00 1.220512E+01
8.732800E+01 1.538120E+00 1.220636E+01
8.742700E+01 1.538670E+00 1.220760E+01
8.752600E+01 1.539219E+00 1.220473E+01
8.762500E+01 1.539767E+00 1.220597E+01
8.772400E+01 1.540315E+00 1.220311E+01
8.782300E+01 1.540862E+00 1.220436E+01
8.792200E+01 1.541408E+00 1.220562E+01
8.802100E+01 1.541954E+00 1.220277E+01
8.812000E+01 1.542498E+00 1.220403E+01
8.821900E+01 1.543042E+00 1.220119E+01
8.831800E+01 1.543585E+00 1.220246E+01
8.841700E+01 1.544127E+00 1.219963E+01
8.851600E+01 1.544669E+00 1.220090E+01
8.861500E+01 1.545209E+00 1.220217E+01
8.871400E+01 1.545749E+00 1.219936E+01
8.881300E+01 1.546288E+00 1.220064E+01
8.891200E+01 1.546827E+00 1.219784E+01
8.901100E+01 1.547365E+00 1.219912E+01
8.911000E+01 1.547901E+00 1.220040E+01
8.920900E+01 1.548438E+00 1.219761E+01
8.930800E+01 1.548973E+00 1.219890E+01
8.940700E+01 1.549507E+00 1.219613E+01
8.950600E+01 1.550041E+00 1.219742E+01
8.960500E+01 1.550574E+00 1.219465E+01
8.970400E+01 1.551107E+00 1.219595E+01
8.980300E+01 1.551638E+00 1.219320E+01
8.990200E+01 1.552169E+00 1.219450E+01
9.000100E+01 1.552699E+00 1.219580E+01
9.010000E+01 1.553229E+00 1.219306E+01
9.019900E+01 1.553757E+00 1.219437E+01
9.029800E+01 1.554285E+00 1.219164E+01
9.039700E+01 1.554812E+00 1.219295E+01
9.049600E+01 1.555338E+00 1.219023E+01
9.059500E+01 1.555864E+00 1.219155E+01
9.069400E+01 1.556389E+00 1.219287E+01
9.079300E+01 1.556913E+00 1.219016E+01
9.089200E+01 1.557437E+00 1.219149E+01
9.099100E+01 1.557959E+00 1.218879E+01
9.109000E+01 1.558481E+00 1.219012E+01
9.118900E+01 1.559002E+00 1.218743E+01
9.128800E+01 1.559523E+00 1.218876E+01
9.138700E+01 1.560043E+00 1.218609E+01
9.148600E+01 1.560562E+00 1.218742E+01
9.158500E+01 1.561080E+00 1.218876E+01
9.168400E+01 1.561598E+00 1.218610E+01
9.178300E+01 1.562114E+00 1.218744E+01
9.188200E+01 1.562631E+00 1.218479E+01
9.198100E+01 1.563146E+00 1.218614E+01
9.208000E+01 1.563661E+00 1.218349E+01
9.217900E+01 1.564175E+00 1.218485E+01
9.227800E+01 1.564688E+00 1.218221E+01
9.237700E+01 1.565201E+00 1.218357E+01
9.247600E+01 1.565712E+00 1.218094E+01
9.257500E+01 1.566224E+00 1.218231E+01
9.267400E+01 1.566734E+00 1.218367E+01
9.277300E+01 1.567244E+00 1.218106E+01
9.287200E+01 1.567753E+00 1.218243E+01
9.297100E+01 1.568261E+00 1.217982E+01
9.307000E+01 1.568769E+00 1.218119E+01
9.316900E+01 1.569276E+00 1.217860E+01
9.326800E+01 1.569782E+00 1.217998E+01
9.336700E+01 1.570287E+00 1.217739E+01
9.346600E+01 1.570792E+00 1.217877E+01
9.356500E+01 1.571296E+00 1.217620E+01
9.366400E+01 1.571800E+00 1.217758E+01
9.376300E+01 1.572302E+00 1.217502E+01
9.386200E+01 1.572804E+00 1.217641E+01
9.396100E+01 1.573306E+00 1.217780E+01
9.406000E+01 1.573806E+00 1.217524E+01
9.415900E+01 1.574306E+00 1.217664E+01
9.425800E+01 1.574806E+00 1.217409E+01
9.435700E+01 1.575304E+00 1.217549E+01
9.445600E+01 1.575802E+00 1.217296E+01
9.455500E+01 1.576299E+00 1.217436E+01
9.465400E+01 1.576796E+00 1.217183E+01
9.475300E+01 1.577292E+00 1.217324E+01
9.485200E+01 1.577787E+00 1.217072E+01
9.495100E+01 1.578282E+00 1.217213E+01
9.505000E+01 1.578775E+00 1.216963E+01
9.514900E+01 1.579269E+00 1.217104E+01
9.524800E+01 1.579761E+00 1.216854E+01
9.534700E+01 1.580253E+00 1.216996E+01
9.544600E+01 1.580744E+00 1.216747E+01
9.554500E+01 1.581234E+00 1.216889E+01
9.564400E+01 1.581724E+00 1.216641E+01
9.574300E+01 1.582213E+00 1.216784E+01
9.584200E+01 1.582702E+00 1.216536E+01
9.594100E+01 1.583190E+00 1.216680E+01
9.604000E+01 1.583677E+00 1.216823E+01
9.613900E+01 1.584163E+00 1.216577E+01
9.623800E+01 1.584649E+00 1.216720E+01
9.633700E+01 1.585134E+00 1.216475E+01
9.643600E+01 1.585619E+00 1.216619E+01
9.653500E+01 1.586103E+00 1.216374E+01
9.663400E+01 1.586586E+00 1.216519E+01
9.673300E+01 1.587068E+00 1.216275E+01
9.683200E+01 1.587550E+00 1.216420E+01
9.693100E+01 1.588032E+00 1.216177E+01
9.703000E+01 1.588512E+00 1.216322E+01
9.712900E+01 1.588992E+00 1.216080E+01
9.722800E+01 1.589471E+00 1.216226E+01
9.732700E+01 1.589950E+00 1.215985E+01
9.742600E+01 1.590428E+00 1.216131E+01
9.752500E+01 1.590905E+00 1.215890E+01
9.762400E+01 1.591382E+00 1.216037E+01
9.772300E+01 1.591858E+00 1.215797E+01
9.782200E+01 1.592334E+00 1.215944E+01
9.792100E+01 1.592808E+00 1.215705E+01
9.802000E+01 1.593282E+00 1.215852E+01
9.811900E+01 1.593756E+00 1.215614E+01
9.821800E+01 1.594229E+00 1.215762E+01
9.831700E+01 1.594701E+00 1.215525E+01
9.841600E+01 1.595173E+00 1.215673E+01
9.851500E+01 1.595644E+00 1.215436E+01
9.861400E+01 1.596114E+00 1.215584E+01
9.871300E+01 1.596584E+00 1.215349E+01
9.881200E+01 1.597053E+00 1.215498E+01
9.891100E+01 1.597521E+00 1.215263E+01
9.901000E+01 1.597989E+00 1.215412E+01
9.910900E+01 1.598456E+00 1.215178E+01
9.920800E+01 1.598923E+00 1.215327E+01
9.930700E+01 1.599389E+00 1.215094E+01
9.940600E+01 1.599854E+00 1.215244E+01
9.950500E+01 1.600319E+00 1.215011E+01
9.960400E+01 1.600783E+00 1.214780E+01
9.970300E+01 1.601247E+00 1.214930E+01
9.980200E+01 1.601709E+00 1.214699E+01
9.990100E+01 1.602172E+00 1.214849E+01
