1.000000E+00 9.560887E-02 3.102300E+01
1.999000E+00 1.536023E-01 1.634000E+01
2.998000E+00 2.061866E-01 1.400800E+01
3.997000E+00 2.541378E-01 1.312600E+01
4.996000E+00 2.983849E-01 1.268800E+01
5.995000E+00 3.395845E-01 1.244000E+01
6.994000E+00 3.782100E-01 1.228700E+01
7.993000E+00 4.146162E-01 1.218800E+01
8.992000E+00 4.490784E-01 1.212200E+01
9.991000E+00 4.818165E-01 1.207700E+01
1.099000E+01 5.130095E-01 1.204500E+01
1.198900E+01 5.428066E-01 1.202400E+01
1.298800E+01 5.713336E-01 1.200900E+01
1.398700E+01 5.986977E-01 1.199800E+01
1.498600E+01 6.249917E-01 1.199100E+01
1.598500E+01 6.502968E-01 1.198700E+01
1.698400E+01 6.746839E-01 1.198400E+01
1.798300E+01 6.982162E-01 1.198300E+01
1.898200E+01 7.209499E-01 1.198300E+01
1.998100E+01 7.429353E-01 1.198300E+01
2.098000E+01 7.642180E-01 1.198400E+01
2.197900E+01 7.848388E-01 1.198500E+01
2.297800E+01 8.048353E-01 1.198700E+01
2.397700E+01 8.242413E-01 1.198800E+01
2.497600E+01 8.430883E-01 1.199000E+01
2.597500E+01 8.614048E-01 1.199200E+01
2.697400E+01 8.792172E-01 1.199300E+01
2.797300E+01 8.965500E-01 1.199500E+01
2.897200E+01 9.134256E-01 1.199600E+01
2.997100E+01 9.298650E-01 1.199700E+01
3.097000E+01 9.458878E-01 1.199800E+01
3.196900E+01 9.615122E-01 1.199900E+01
3.296800E+01 9.767552E-01 1.200000E+01
3.396700E+01 9.916325E-01 1.200100E+01
3.496600E+01 1.006159E+00 1.200100E+01
3.596500E+01 1.020349E+00 1.200200E+01
3.696400E+01 1.034216E+00 1.200200E+01
3.796300E+01 1.047771E+00 1.200200E+01
3.896200E+01 1.061027E+00 1.200200E+01
3.996100E+01 1.073994E+00 1.200200E+01
4.096000E+01 1.086684E+00 1.200100E+01
4.195900E+01 1.099105E+00 1.200100E+01
4.295800E+01 1.111268E+00 1.200000E+01
4.395700E+01 1.123180E+00 1.200000E+01
4.495600E+01 1.134851E+00 1.199900E+01
4.595500E+01 1.146289E+00 1.199800E+01
4.695400E+01 1.157501E+00 1.199700E+01
4.795300E+01 1.168494E+00 1.199600E+01
4.895200E+01 1.179275E+00 1.199400E+01
4.995100E+01 1.189851E+00 1.199300E+01
5.095000E+01 1.200229E+00 1.199100E+01
5.194900E+01 1.210413E+00 1.199000E+01
5.294800E+01 1.220411E+00 1.198800E+01
5.394700E+01 1.230227E+00 1.198600E+01
5.494600E+01 1.239866E+00 1.198400E+01
5.594500E+01 1.249335E+00 1.198200E+01
5.694400E+01 1.258636E+00 1.198000E+01
5.794300E+01 1.267776E+00 1.197800E+01
5.894200E+01 1.276759E+00 1.197600E+01
5.994100E+01 1.285589E+00 1.197400E+01
6.094000E+01 1.294270E+00 1.197200E+01
6.193900E+01 1.302805E+00 1.196900E+01
6.293800E+01 1.311200E+00 1.196700E+01
6.393700E+01 1.319457E+00 1.196400E+01
6.493600E+01 1.327579E+00 1.196200E+01
6.593500E+01 1.335572E+00 1.195900E+01
6.693400E+01 1.343437E+00 1.195600E+01
6.793300E+01 1.351177E+00 1.195400E+01
6.893200E+01 1.358797E+00 1.195100E+01
6.993100E+01 1.366298E+00 1.194800E+01
7.093000E+01 1.373684E+00 1.194500E+01
7.192900E+01 1.380957E+00 1.194200E+01
7.292800E+01 1.388120E+00 1.193900E+01
7.392700E+01 1.395175E+00 1.193600E+01
7.492600E+01 1.402126E+00 1.193300E+01
7.592500E+01 1.408974E+00 1.193000E+01
7.692400E+01 1.415722E+00 1.192700E+01
7.792300E+01 1.422371E+00 1.192400E+01
7.892200E+01 1.428925E+00 1.192100E+01
7.992100E+01 1.435385E+00 1.191800E+01
8.092000E+01 1.441753E+00 1.191400E+01
8.191900E+01 1.448032E+00 1.191100E+01
8.291800E+01 1.454222E+00 1.190800E+01
8.391700E+01 1.460327E+00 1.190400E+01
8.491600E+01 1.466347E+00 1.190100E+01
8.591500E+01 1.472285E+00 1.189800E+01
8.691400E+01 1.478142E+00 1.189400E+01
8.791300E+01 1.483920E+00 1.189100E+01
8.891200E+01 1.489621E+00 1.188800E+01
8.991100E+01 1.495246E+00 1.188400E+01
9.091000E+01 1.500796E+00 1.188100E+01
9.190900E+01 1.506273E+00 1.187700E+01
9.290800E+01 1.511679E+00 1.187400E+01
9.390700E+01 1.517015E+00 1.187000E+01
9.490600E+01 1.522282E+00 1.186700E+01
9.590500E+01 1.527481E+00 1.186300E+01
9.690400E+01 1.532615E+00 1.185900E+01
9.790300E+01 1.537683E+00 1.185600E+01
9.890200E+01 1.542688E+00 1.185200E+01
9.990100E+01 1.547630E+00 1.184900E+01
1.009000E+02 1.552510E+00 1.184500E+01
1.018990E+02 1.557331E+00 1.184200E+01
1.028980E+02 1.562092E+00 1.183800E+01
1.038970E+02 1.566795E+00 1.183400E+01
1.048960E+02 1.571442E+00 1.183100E+01
1.058950E+02 1.576032E+00 1.182700E+01
1.068940E+02 1.580567E+00 1.182300E+01
1.078930E+02 1.585048E+00 1.182000E+01
1.088920E+02 1.589476E+00 1.181600E+01
1.098910E+02 1.593851E+00 1.181200E+01
1.108900E+02 1.598175E+00 1.180900E+01
1.118890E+02 1.602449E+00 1.180500E+01
1.128880E+02 1.606674E+00 1.180100E+01
1.138870E+02 1.610849E+00 1.179700E+01
1.148860E+02 1.614977E+00 1.179400E+01
1.158850E+02 1.619057E+00 1.179000E+01
1.168840E+02 1.623091E+00 1.178600E+01
1.178830E+02 1.627080E+00 1.178300E+01
1.188820E+02 1.631023E+00 1.177900E+01
1.198810E+02 1.634923E+00 1.177500E+01
1.208800E+02 1.638779E+00 1.177100E+01
1.218790E+02 1.642592E+00 1.176800E+01
1.228780E+02 1.646363E+00 1.176400E+01
1.238770E+02 1.650093E+00 1.176000E+01
1.248760E+02 1.653782E+00 1.175700E+01
1.258750E+02 1.657431E+00 1.175300E+01
1.268740E+02 1.661041E+00 1.174900E+01
1.278730E+02 1.664612E+00 1.174500E+01
1.288720E+02 1.668144E+00 1.174200E+01
1.298710E+02 1.671639E+00 1.173800E+01
1.308700E+02 1.675097E+00 1.173400E+01
1.318690E+02 1.678518E+00 1.173000E+01
1.328680E+02 1.681903E+00 1.172700E+01
1.338670E+02 1.685253E+00 1.172300E+01
1.348660E+02 1.688568E+00 1.171900E+01
1.358650E+02 1.691848E+00 1.171500E+01
1.368640E+02 1.695094E+00 1.171200E+01
1.378630E+02 1.698307E+00 1.170800E+01
1.388620E+02 1.701487E+00 1.170400E+01
1.398610E+02 1.704635E+00 1.170100E+01
1.408600E+02 1.707751E+00 1.169700E+01
1.418590E+02 1.710835E+00 1.169300E+01
1.428580E+02 1.713888E+00 1.168900E+01
1.438570E+02 1.716910E+00 1.168600E+01
1.448560E+02 1.719902E+00 1.168200E+01
1.458550E+02 1.722865E+00 1.167800E+01
1.468540E+02 1.725798E+00 1.167500E+01
1.478530E+02 1.728702E+00 1.167100E+01
1.488520E+02 1.731577E+00 1.166700E+01
1.498510E+02 1.734425E+00 1.166400E+01
1.508500E+02 1.737244E+00 1.166000E+01
1.518490E+02 1.740036E+00 1.165600E+01
1.528480E+02 1.742801E+00 1.165300E+01
1.538470E+02 1.745540E+00 1.164900E+01
1.548460E+02 1.748252E+00 1.164500E+01
1.558450E+02 1.750938E+00 1.164100E+01
1.568440E+02 1.753598E+00 1.163800E+01
1.578430E+02 1.756234E+00 1.163400E+01
1.588420E+02 1.758844E+00 1.163100E+01
1.598410E+02 1.761429E+00 1.162700E+01
1.608400E+02 1.763991E+00 1.162300E+01
1.618390E+02 1.766528E+00 1.162000E+01
1.628380E+02 1.769042E+00 1.161600E+01
1.638370E+02 1.771532E+00 1.161200E+01
1.648360E+02 1.773999E+00 1.160900E+01
1.658350E+02 1.776443E+00 1.160500E+01
1.668340E+02 1.778865E+00 1.160100E+01
1.678330E+02 1.781265E+00 1.159800E+01
1.688320E+02 1.783643E+00 1.159400E+01
1.698310E+02 1.785999E+00 1.159100E+01
1.708300E+02 1.788334E+00 1.158700E+01
1.718290E+02 1.790647E+00 1.158300E+01
1.728280E+02 1.792940E+00 1.158000E+01
1.738270E+02 1.795212E+00 1.157600E+01
1.748260E+02 1.797464E+00 1.157300E+01
1.758250E+02 1.799695E+00 1.156900E+01
1.768240E+02 1.801907E+00 1.156600E+01
1.778230E+02 1.804099E+00 1.156200E+01
1.788220E+02 1.806272E+00 1.155900E+01
1.798210E+02 1.808425E+00 1.155500E+01
1.808200E+02 1.810560E+00 1.155100E+01
1.818190E+02 1.812676E+00 1.154800E+01
1.828180E+02 1.814773E+00 1.154400E+01
1.838170E+02 1.816852E+00 1.154100E+01
1.848160E+02 1.818914E+00 1.153700E+01
1.858150E+02 1.820957E+00 1.153400E+01
1.868140E+02 1.822982E+00 1.153000E+01
1.878130E+02 1.824991E+00 1.152700E+01
1.888120E+02 1.826982E+00 1.152300E+01
1.898110E+02 1.828956E+00 1.152000E+01
1.908100E+02 1.830913E+00 1.151600E+01
1.918090E+02 1.832853E+00 1.151300E+01
1.928080E+02 1.834777E+00 1.150900E+01
1.938070E+02 1.836685E+00 1.150600E+01
1.948060E+02 1.838577E+00 1.150300E+01
1.958050E+02 1.840452E+00 1.149900E+01
1.968040E+02 1.842312E+00 1.149600E+01
1.978030E+02 1.844157E+00 1.149200E+01
1.988020E+02 1.845986E+00 1.148900E+01
1.998010E+02 1.847800E+00 1.148500E+01
2.008000E+02 1.849599E+00 1.148200E+01
2.017990E+02 1.851383E+00 1.147900E+01
2.027980E+02 1.853152E+00 1.147500E+01
2.037970E+02 1.854907E+00 1.147200E+01
2.047960E+02 1.856647E+00 1.146800E+01
2.057950E+02 1.858373E+00 1.146500E+01
2.067940E+02 1.860085E+00 1.146200E+01
2.077930E+02 1.861783E+00 1.145800E+01
2.087920E+02 1.863467E+00 1.145500E+01
2.097910E+02 1.865138E+00 1.145200E+01
2.107900E+02 1.866795E+00 1.144800E+01
2.117890E+02 1.868439E+00 1.144500E+01
2.127880E+02 1.870070E+00 1.144100E+01
2.137870E+02 1.871687E+00 1.143800E+01
2.147860E+02 1.873292E+00 1.143500E+01
2.157850E+02 1.874884E+00 1.143100E+01
2.167840E+02 1.876463E+00 1.142800E+01
2.177830E+02 1.878029E+00 1.142500E+01
2.187820E+02 1.879584E+00 1.142200E+01
2.197810E+02 1.881126E+00 1.141800E+01
2.207800E+02 1.882655E+00 1.141500E+01
2.217790E+02 1.884173E+00 1.141200E+01
2.227780E+02 1.885679E+00 1.140800E+01
2.237770E+02 1.887173E+00 1.140500E+01
2.247760E+02 1.888655E+00 1.140200E+01
2.257750E+02 1.890126E+00 1.139900E+01
2.267740E+02 1.891586E+00 1.139500E+01
2.277730E+02 1.893034E+00 1.139200E+01
2.287720E+02 1.894471E+00 1.138900E+01
2.297710E+02 1.895897E+00 1.138600E+01
2.307700E+02 1.897311E+00 1.138200E+01
2.317690E+02 1.898715E+00 1.137900E+01
2.327680E+02 1.900109E+00 1.137600E+01
2.337670E+02 1.901491E+00 1.137300E+01
2.347660E+02 1.902863E+00 1.137000E+01
2.357650E+02 1.904225E+00 1.136600E+01
2.367640E+02 1.905576E+00 1.136300E+01
2.377630E+02 1.906917E+00 1.136000E+01
2.387620E+02 1.908248E+00 1.135700E+01
2.397610E+02 1.909569E+00 1.135400E+01
2.407600E+02 1.910879E+00 1.135100E+01
2.417590E+02 1.912180E+00 1.134700E+01
2.427580E+02 1.913471E+00 1.134400E+01
2.437570E+02 1.914753E+00 1.134100E+01
2.447560E+02 1.916025E+00 1.133800E+01
2.457550E+02 1.917287E+00 1.133500E+01
2.467540E+02 1.918540E+00 1.133200E+01
2.477530E+02 1.919784E+00 1.132900E+01
2.487520E+02 1.921019E+00 1.132500E+01
2.497510E+02 1.922244E+00 1.132200E+01
2.507500E+02 1.923460E+00 1.131900E+01
2.517490E+02 1.924668E+00 1.131600E+01
2.527480E+02 1.925866E+00 1.131300E+01
2.537470E+02 1.927056E+00 1.131000E+01
2.547460E+02 1.928237E+00 1.130700E+01
2.557450E+02 1.929409E+00 1.130400E+01
2.567440E+02 1.930573E+00 1.130100E+01
2.577430E+02 1.931728E+00 1.129800E+01
2.587420E+02 1.932875E+00 1.129500E+01
2.597410E+02 1.934014E+00 1.129200E+01
2.607400E+02 1.935144E+00 1.128900E+01
2.617390E+02 1.936266E+00 1.128600E+01
2.627380E+02 1.937380E+00 1.128300E+01
2.637370E+02 1.938486E+00 1.127900E+01
2.647360E+02 1.939584E+00 1.127600E+01
2.657350E+02 1.940674E+00 1.127300E+01
2.667340E+02 1.941757E+00 1.127000E+01
2.677330E+02 1.942831E+00 1.126700E+01
2.687320E+02 1.943898E+00 1.126400E+01
2.697310E+02 1.944957E+00 1.126100E+01
2.707300E+02 1.946009E+00 1.125800E+01
2.717290E+02 1.947053E+00 1.125600E+01
2.727280E+02 1.948090E+00 1.125300E+01
2.737270E+02 1.949120E+00 1.125000E+01
2.747260E+02 1.950142E+00 1.124700E+01
2.757250E+02 1.951157E+00 1.124400E+01
2.767240E+02 1.952165E+00 1.124100E+01
2.777230E+02 1.953166E+00 1.123800E+01
2.787220E+02 1.954159E+00 1.123500E+01
2.797210E+02 1.955146E+00 1.123200E+01
2.807200E+02 1.956126E+00 1.122900E+01
2.817190E+02 1.957099E+00 1.122600E+01
2.827180E+02 1.958065E+00 1.122300E+01
2.837170E+02 1.959024E+00 1.122000E+01
2.847160E+02 1.959977E+00 1.121700E+01
2.857150E+02 1.960923E+00 1.121500E+01
2.867140E+02 1.961863E+00 1.121200E+01
2.877130E+02 1.962796E+00 1.120900E+01
2.887120E+02 1.963722E+00 1.120600E+01
2.897110E+02 1.964643E+00 1.120300E+01
2.907100E+02 1.965556E+00 1.120000E+01
2.917090E+02 1.966464E+00 1.119700E+01
2.927080E+02 1.967365E+00 1.119400E+01
2.937070E+02 1.968260E+00 1.119200E+01
2.947060E+02 1.969149E+00 1.118900E+01
2.957050E+02 1.970032E+00 1.118600E+01
2.967040E+02 1.970909E+00 1.118300E+01
2.977030E+02 1.971780E+00 1.118000E+01
2.987020E+02 1.972645E+00 1.117700E+01
2.997010E+02 1.973504E+00 1.117500E+01
3.007000E+02 1.974357E+00 1.117200E+01
3.016990E+02 1.975204E+00 1.116900E+01
3.026980E+02 1.976046E+00 1.116600E+01
3.036970E+02 1.976882E+00 1.116300E+01
3.046960E+02 1.977712E+00 1.116100E+01
3.056950E+02 1.978536E+00 1.115800E+01
3.066940E+02 1.979355E+00 1.115500E+01
3.076930E+02 1.980169E+00 1.115200E+01
3.086920E+02 1.980977E+00 1.115000E+01
3.096910E+02 1.981780E+00 1.114700E+01
3.106900E+02 1.982577E+00 1.114400E+01
3.116890E+02 1.983369E+00 1.114100E+01
3.126880E+02 1.984155E+00 1.113900E+01
3.136870E+02 1.984937E+00 1.113600E+01
3.146860E+02 1.985713E+00 1.113300E+01
3.156850E+02 1.986483E+00 1.113000E+01
3.166840E+02 1.987249E+00 1.112800E+01
3.176830E+02 1.988010E+00 1.112500E+01
3.186820E+02 1.988765E+00 1.112200E+01
3.196810E+02 1.989516E+00 1.111900E+01
3.206800E+02 1.990262E+00 1.111700E+01
3.216790E+02 1.991002E+00 1.111400E+01
3.226780E+02 1.991738E+00 1.111100E+01
3.236770E+02 1.992469E+00 1.110900E+01
3.246760E+02 1.993195E+00 1.110600E+01
3.256750E+02 1.993916E+00 1.110300E+01
3.266740E+02 1.994632E+00 1.110100E+01
3.276730E+02 1.995344E+00 1.109800E+01
3.286720E+02 1.996051E+00 1.109500E+01
3.296710E+02 1.996754E+00 1.109300E+01
3.306700E+02 1.997451E+00 1.109000E+01
3.316690E+02 1.998145E+00 1.108700E+01
3.326680E+02 1.998833E+00 1.108500E+01
3.336670E+02 1.999517E+00 1.108200E+01
3.346660E+02 2.000197E+00 1.107900E+01
3.356650E+02 2.000872E+00 1.107700E+01
3.366640E+02 2.001543E+00 1.107400E+01
3.376630E+02 2.002210E+00 1.107200E+01
3.386620E+02 2.002872E+00 1.106900E+01
3.396610E+02 2.003530E+00 1.106600E+01
3.406600E+02 2.004183E+00 1.106400E+01
3.416590E+02 2.004832E+00 1.106100E+01
3.426580E+02 2.005478E+00 1.105900E+01
3.436570E+02 2.006118E+00 1.105600E+01
3.446560E+02 2.006755E+00 1.105300E+01
3.456550E+02 2.007388E+00 1.105100E+01
3.466540E+02 2.008016E+00 1.104800E+01
3.476530E+02 2.008641E+00 1.104600E+01
3.486520E+02 2.009261E+00 1.104300E+01
3.496510E+02 2.009878E+00 1.104100E+01
3.506500E+02 2.010490E+00 1.103800E+01
3.516490E+02 2.011099E+00 1.103600E+01
3.526480E+02 2.011703E+00 1.103300E+01
3.536470E+02 2.012304E+00 1.103000E+01
3.546460E+02 2.012901E+00 1.102800E+01
3.556450E+02 2.013494E+00 1.102500E+01
3.566440E+02 2.014083E+00 1.102300E+01
3.576430E+02 2.014668E+00 1.102000E+01
3.586420E+02 2.015250E+00 1.101800E+01
3.596410E+02 2.015828E+00 1.101500E+01
3.606400E+02 2.016402E+00 1.101300E+01
3.616390E+02 2.016973E+00 1.101000E+01
3.626380E+02 2.017540E+00 1.100800E+01
3.636370E+02 2.018103E+00 1.100500E+01
3.646360E+02 2.018663E+00 1.100300E+01
3.656350E+02 2.019219E+00 1.100000E+01
3.666340E+02 2.019772E+00 1.099800E+01
3.676330E+02 2.020321E+00 1.099500E+01
3.686320E+02 2.020866E+00 1.099300E+01
3.696310E+02 2.021408E+00 1.099000E+01
3.706300E+02 2.021947E+00 1.098800E+01
3.716290E+02 2.022482E+00 1.098600E+01
3.726280E+02 2.023014E+00 1.098300E+01
3.736270E+02 2.023543E+00 1.098100E+01
3.746260E+02 2.024068E+00 1.097800E+01
3.756250E+02 2.024590E+00 1.097600E+01
3.766240E+02 2.025108E+00 1.097300E+01
3.776230E+02 2.025624E+00 1.097100E+01
3.786220E+02 2.026136E+00 1.096900E+01
3.796210E+02 2.026644E+00 1.096600E+01
3.806200E+02 2.027150E+00 1.096400E+01
3.816190E+02 2.027652E+00 1.096100E+01
3.826180E+02 2.028151E+00 1.095900E+01
3.836170E+02 2.028647E+00 1.095600E+01
3.846160E+02 2.029140E+00 1.095400E+01
3.856150E+02 2.029630E+00 1.095200E+01
3.866140E+02 2.030117E+00 1.094900E+01
3.876130E+02 2.030600E+00 1.094700E+01
3.886120E+02 2.031081E+00 1.094500E+01
3.896110E+02 2.031559E+00 1.094200E+01
3.906100E+02 2.032033E+00 1.094000E+01
3.916090E+02 2.032505E+00 1.093700E+01
3.926080E+02 2.032973E+00 1.093500E+01
3.936070E+02 2.033439E+00 1.093300E+01
3.946060E+02 2.033902E+00 1.093000E+01
3.956050E+02 2.034362E+00 1.092800E+01
3.966040E+02 2.034819E+00 1.092600E+01
3.976030E+02 2.035273E+00 1.092300E+01
3.986020E+02 2.035724E+00 1.092100E+01
3.996010E+02 2.036173E+00 1.091900E+01
4.006000E+02 2.036618E+00 1.091600E+01
4.015990E+02 2.037061E+00 1.091400E+01
4.025980E+02 2.037501E+00 1.091200E+01
4.035970E+02 2.037939E+00 1.090900E+01
4.045960E+02 2.038373E+00 1.090700E+01
4.055950E+02 2.038805E+00 1.090500E+01
4.065940E+02 2.039234E+00 1.090200E+01
4.075930E+02 2.039661E+00 1.090000E+01
4.085920E+02 2.040085E+00 1.089800E+01
4.095910E+02 2.040506E+00 1.089600E+01
4.105900E+02 2.040925E+00 1.089300E+01
4.115890E+02 2.041341E+00 1.089100E+01
4.125880E+02 2.041754E+00 1.088900E+01
4.135870E+02 2.042165E+00 1.088600E+01
4.145860E+02 2.042573E+00 1.088400E+01
4.155850E+02 2.042979E+00 1.088200E+01
4.165840E+02 2.043382E+00 1.088000E+01
4.175830E+02 2.043783E+00 1.087700E+01
4.185820E+02 2.044181E+00 1.087500E+01
4.195810E+02 2.044576E+00 1.087300E+01
4.205800E+02 2.044970E+00 1.087100E+01
4.215790E+02 2.045360E+00 1.086800E+01
4.225780E+02 2.045749E+00 1.086600E+01
4.235770E+02 2.046135E+00 1.086400E+01
4.245760E+02 2.046518E+00 1.086200E+01
4.255750E+02 2.046899E+00 1.085900E+01
4.265740E+02 2.047278E+00 1.085700E+01
4.275730E+02 2.047654E+00 1.085500E+01
4.285720E+02 2.048028E+00 1.085300E+01
4.295710E+02 2.048400E+00 1.085100E+01
4.305700E+02 2.048770E+00 1.084800E+01
4.315690E+02 2.049137E+00 1.084600E+01
4.325680E+02 2.049502E+00 1.084400E+01
4.335670E+02 2.049864E+00 1.084200E+01
4.345660E+02 2.050224E+00 1.084000E+01
4.355650E+02 2.050582E+00 1.083700E+01
4.365640E+02 2.050938E+00 1.083500E+01
4.375630E+02 2.051292E+00 1.083300E+01
4.385620E+02 2.051643E+00 1.083100E+01
4.395610E+02 2.051993E+00 1.082900E+01
4.405600E+02 2.052340E+00 1.082600E+01
4.415590E+02 2.052685E+00 1.082400E+01
4.425580E+02 2.053027E+00 1.082200E+01
4.435570E+02 2.053368E+00 1.082000E+01
4.445560E+02 2.053707E+00 1.081800E+01
4.455550E+02 2.054043E+00 1.081600E+01
4.465540E+02 2.054377E+00 1.081300E+01
4.475530E+02 2.054709E+00 1.081100E+01
4.485520E+02 2.055040E+00 1.080900E+01
4.495510E+02 2.055368E+00 1.080700E+01
4.505500E+02 2.055694E+00 1.080500E+01
4.515490E+02 2.056018E+00 1.080300E+01
4.525480E+02 2.056340E+00 1.080100E+01
4.535470E+02 2.056660E+00 1.079900E+01
4.545460E+02 2.056978E+00 1.079600E+01
4.555450E+02 2.057294E+00 1.079400E+01
4.565440E+02 2.057608E+00 1.079200E+01
4.575430E+02 2.057920E+00 1.079000E+01
4.585420E+02 2.058230E+00 1.078800E+01
4.595410E+02 2.058539E+00 1.078600E+01
4.605400E+02 2.058845E+00 1.078400E+01
4.615390E+02 2.059149E+00 1.078200E+01
4.625380E+02 2.059452E+00 1.078000E+01
4.635370E+02 2.059752E+00 1.077700E+01
4.645360E+02 2.060051E+00 1.077500E+01
4.655350E+02 2.060348E+00 1.077300E+01
4.665340E+02 2.060643E+00 1.077100E+01
4.675330E+02 2.060936E+00 1.076900E+01
4.685320E+02 2.061227E+00 1.076700E+01
4.695310E+02 2.061517E+00 1.076500E+01
4.705300E+02 2.061805E+00 1.076300E+01
4.715290E+02 2.062091E+00 1.076100E+01
4.725280E+02 2.062375E+00 1.075900E+01
4.735270E+02 2.062657E+00 1.075700E+01
4.745260E+02 2.062938E+00 1.075500E+01
4.755250E+02 2.063216E+00 1.075300E+01
4.765240E+02 2.063493E+00 1.075100E+01
4.775230E+02 2.063769E+00 1.074900E+01
4.785220E+02 2.064042E+00 1.074700E+01
4.795210E+02 2.064314E+00 1.074400E+01
4.805200E+02 2.064584E+00 1.074200E+01
4.815190E+02 2.064853E+00 1.074000E+01
4.825180E+02 2.065120E+00 1.073800E+01
4.835170E+02 2.065385E+00 1.073600E+01
4.845160E+02 2.065648E+00 1.073400E+01
4.855150E+02 2.065910E+00 1.073200E+01
4.865140E+02 2.066170E+00 1.073000E+01
4.875130E+02 2.066428E+00 1.072800E+01
4.885120E+02 2.066685E+00 1.072600E+01
4.895110E+02 2.066940E+00 1.072400E+01
4.905100E+02 2.067194E+00 1.072200E+01
4.915090E+02 2.067446E+00 1.072000E+01
4.925080E+02 2.067696E+00 1.071800E+01
4.935070E+02 2.067945E+00 1.071600E+01
4.945060E+02 2.068193E+00 1.071400E+01
4.955050E+02 2.068438E+00 1.071200E+01
4.965040E+02 2.068682E+00 1.071000E+01
4.975030E+02 2.068925E+00 1.070800E+01
4.985020E+02 2.069166E+00 1.070600E+01
4.995010E+02 2.069405E+00 1.070400E+01
5.005000E+02 2.069643E+00 1.070200E+01
5.014990E+02 2.069880E+00 1.070100E+01
5.024980E+02 2.070115E+00 1.069900E+01
5.034970E+02 2.070348E+00 1.069700E+01
5.044960E+02 2.070580E+00 1.069500E+01
5.054950E+02 2.070811E+00 1.069300E+01
5.064940E+02 2.071040E+00 1.069100E+01
5.074930E+02 2.071267E+00 1.068900E+01
5.084920E+02 2.071493E+00 1.068700E+01
5.094910E+02 2.071718E+00 1.068500E+01
5.104900E+02 2.071941E+00 1.068300E+01
5.114890E+02 2.072163E+00 1.068100E+01
5.124880E+02 2.072383E+00 1.067900E+01
5.134870E+02 2.072602E+00 1.067700E+01
5.144860E+02 2.072820E+00 1.067500E+01
5.154850E+02 2.073036E+00 1.067300E+01
5.164840E+02 2.073251E+00 1.067100E+01
5.174830E+02 2.073464E+00 1.066900E+01
5.184820E+02 2.073676E+00 1.066800E+01
5.194810E+02 2.073887E+00 1.066600E+01
5.204800E+02 2.074096E+00 1.066400E+01
5.214790E+02 2.074304E+00 1.066200E+01
5.224780E+02 2.074511E+00 1.066000E+01
5.234770E+02 2.074716E+00 1.065800E+01
5.244760E+02 2.074920E+00 1.065600E+01
5.254750E+02 2.075122E+00 1.065400E+01
5.264740E+02 2.075323E+00 1.065200E+01
5.274730E+02 2.075523E+00 1.065000E+01
5.284720E+02 2.075722E+00 1.064900E+01
5.294710E+02 2.075919E+00 1.064700E+01
5.304700E+02 2.076115E+00 1.064500E+01
5.314690E+02 2.076310E+00 1.064300E+01
5.324680E+02 2.076504E+00 1.064100E+01
5.334670E+02 2.076696E+00 1.063900E+01
5.344660E+02 2.076887E+00 1.063700E+01
5.354650E+02 2.077076E+00 1.063600E+01
5.364640E+02 2.077265E+00 1.063400E+01
5.374630E+02 2.077452E+00 1.063200E+01
5.384620E+02 2.077638E+00 1.063000E+01
5.394610E+02 2.077823E+00 1.062800E+01
5.404600E+02 2.078006E+00 1.062600E+01
5.414590E+02 2.078189E+00 1.062400E+01
5.424580E+02 2.078370E+00 1.062300E+01
5.434570E+02 2.078550E+00 1.062100E+01
5.444560E+02 2.078728E+00 1.061900E+01
5.454550E+02 2.078906E+00 1.061700E+01
5.464540E+02 2.079082E+00 1.061500E+01
5.474530E+02 2.079258E+00 1.061300E+01
5.484520E+02 2.079432E+00 1.061200E+01
5.494510E+02 2.079604E+00 1.061000E+01
5.504500E+02 2.079776E+00 1.060800E+01
5.514490E+02 2.079947E+00 1.060600E+01
5.524480E+02 2.080116E+00 1.060400E+01
5.534470E+02 2.080284E+00 1.060200E+01
5.544460E+02 2.080451E+00 1.060100E+01
5.554450E+02 2.080617E+00 1.059900E+01
5.564440E+02 2.080782E+00 1.059700E+01
5.574430E+02 2.080946E+00 1.059500E+01
5.584420E+02 2.081109E+00 1.059300E+01
5.594410E+02 2.081270E+00 1.059200E+01
5.604400E+02 2.081430E+00 1.059000E+01
5.614390E+02 2.081590E+00 1.058800E+01
5.624380E+02 2.081748E+00 1.058600E+01
5.634370E+02 2.081905E+00 1.058400E+01
5.644360E+02 2.082061E+00 1.058300E+01
5.654350E+02 2.082216E+00 1.058100E+01
5.664340E+02 2.082370E+00 1.057900E+01
5.674330E+02 2.082523E+00 1.057700E+01
5.684320E+02 2.082675E+00 1.057600E+01
5.694310E+02 2.082826E+00 1.057400E+01
5.704300E+02 2.082976E+00 1.057200E+01
5.714290E+02 2.083124E+00 1.057000E+01
5.724280E+02 2.083272E+00 1.056800E+01
5.734270E+02 2.083419E+00 1.056700E+01
5.744260E+02 2.083565E+00 1.056500E+01
5.754250E+02 2.083709E+00 1.056300E+01
5.764240E+02 2.083853E+00 1.056100E+01
5.774230E+02 2.083995E+00 1.056000E+01
5.784220E+02 2.084137E+00 1.055800E+01
5.794210E+02 2.084278E+00 1.055600E+01
5.804200E+02 2.084417E+00 1.055400E+01
5.814190E+02 2.084556E+00 1.055300E+01
5.824180E+02 2.084694E+00 1.055100E+01
5.834170E+02 2.084830E+00 1.054900E+01
5.844160E+02 2.084966E+00 1.054800E+01
5.854150E+02 2.085101E+00 1.054600E+01
5.864140E+02 2.085235E+00 1.054400E+01
5.874130E+02 2.085368E+00 1.054200E+01
5.884120E+02 2.085499E+00 1.054100E+01
5.894110E+02 2.085630E+00 1.053900E+01
5.904100E+02 2.085760E+00 1.053700E+01
5.914090E+02 2.085890E+00 1.053500E+01
5.924080E+02 2.086018E+00 1.053400E+01
5.934070E+02 2.086145E+00 1.053200E+01
5.944060E+02 2.086271E+00 1.053000E+01
5.954050E+02 2.086397E+00 1.052900E+01
5.964040E+02 2.086521E+00 1.052700E+01
5.974030E+02 2.086645E+00 1.052500E+01
5.984020E+02 2.086767E+00 1.052300E+01
5.994010E+02 2.086889E+00 1.052200E+01
6.004000E+02 2.087010E+00 1.052000E+01
6.013990E+02 2.087130E+00 1.051800E+01
6.023980E+02 2.087249E+00 1.051700E+01
6.033970E+02 2.087367E+00 1.051500E+01
6.043960E+02 2.087485E+00 1.051300E+01
6.053950E+02 2.087601E+00 1.051200E+01
6.063940E+02 2.087717E+00 1.051000E+01
6.073930E+02 2.087832E+00 1.050800E+01
6.083920E+02 2.087946E+00 1.050700E+01
6.093910E+02 2.088059E+00 1.050500E+01
6.103900E+02 2.088171E+00 1.050300E+01
6.113890E+02 2.088282E+00 1.050200E+01
6.123880E+02 2.088393E+00 1.050000E+01
6.133870E+02 2.088502E+00 1.049800E+01
6.143860E+02 2.088611E+00 1.049700E+01
6.153850E+02 2.088719E+00 1.049500E+01
6.163840E+02 2.088826E+00 1.049300E+01
6.173830E+02 2.088933E+00 1.049200E+01
6.183820E+02 2.089038E+00 1.049000E+01
6.193810E+02 2.089143E+00 1.048800E+01
6.203800E+02 2.089247E+00 1.048700E+01
6.213790E+02 2.089350E+00 1.048500E+01
6.223780E+02 2.089452E+00 1.048300E+01
6.233770E+02 2.089554E+00 1.048200E+01
6.243760E+02 2.089655E+00 1.048000E+01
6.253750E+02 2.089755E+00 1.047900E+01
6.263740E+02 2.089854E+00 1.047700E+01
6.273730E+02 2.089952E+00 1.047500E+01
6.283720E+02 2.090050E+00 1.047400E+01
6.293710E+02 2.090147E+00 1.047200E+01
6.303700E+02 2.090243E+00 1.047000E+01
6.313690E+02 2.090338E+00 1.046900E+01
6.323680E+02 2.090432E+00 1.046700E+01
6.333670E+02 2.090526E+00 1.046600E+01
6.343660E+02 2.090619E+00 1.046400E+01
6.353650E+02 2.090711E+00 1.046200E+01
6.363640E+02 2.090803E+00 1.046100E+01
6.373630E+02 2.090894E+00 1.045900E+01
6.383620E+02 2.090984E+00 1.045700E+01
6.393610E+02 2.091073E+00 1.045600E+01
6.403600E+02 2.091162E+00 1.045400E+01
6.413590E+02 2.091249E+00 1.045300E+01
6.423580E+02 2.091336E+00 1.045100E+01
6.433570E+02 2.091423E+00 1.044900E+01
6.443560E+02 2.091508E+00 1.044800E+01
6.453550E+02 2.091593E+00 1.044600E+01
6.463540E+02 2.091678E+00 1.044500E+01
6.473530E+02 2.091761E+00 1.044300E+01
6.483520E+02 2.091844E+00 1.044200E+01
6.493510E+02 2.091926E+00 1.044000E+01
6.503500E+02 2.092007E+00 1.043800E+01
6.513490E+02 2.092088E+00 1.043700E+01
6.523480E+02 2.092168E+00 1.043500E+01
6.533470E+02 2.092248E+00 1.043400E+01
6.543460E+02 2.092326E+00 1.043200E+01
6.553450E+02 2.092404E+00 1.043100E+01
6.563440E+02 2.092481E+00 1.042900E+01
6.573430E+02 2.092558E+00 1.042700E+01
6.583420E+02 2.092634E+00 1.042600E+01
6.593410E+02 2.092709E+00 1.042400E+01
6.603400E+02 2.092784E+00 1.042300E+01
6.613390E+02 2.092858E+00 1.042100E+01
6.623380E+02 2.092931E+00 1.042000E+01
6.633370E+02 2.093004E+00 1.041800E+01
6.643360E+02 2.093076E+00 1.041600E+01
6.653350E+02 2.093147E+00 1.041500E+01
6.663340E+02 2.093218E+00 1.041300E+01
6.673330E+02 2.093288E+00 1.041200E+01
6.683320E+02 2.093357E+00 1.041000E+01
6.693310E+02 2.093426E+00 1.040900E+01
6.703300E+02 2.093494E+00 1.040700E+01
6.713290E+02 2.093561E+00 1.040600E+01
6.723280E+02 2.093628E+00 1.040400E+01
6.733270E+02 2.093694E+00 1.040300E+01
6.743260E+02 2.093760E+00 1.040100E+01
6.753250E+02 2.093825E+00 1.040000E+01
6.763240E+02 2.093889E+00 1.039800E+01
6.773230E+02 2.093953E+00 1.039700E+01
6.783220E+02 2.094016E+00 1.039500E+01
6.793210E+02 2.094079E+00 1.039300E+01
6.803200E+02 2.094141E+00 1.039200E+01
6.813190E+02 2.094202E+00 1.039000E+01
6.823180E+02 2.094263E+00 1.038900E+01
6.833170E+02 2.094323E+00 1.038700E+01
6.843160E+02 2.094382E+00 1.038600E+01
6.853150E+02 2.094441E+00 1.038400E+01
6.863140E+02 2.094499E+00 1.038300E+01
6.873130E+02 2.094557E+00 1.038100E+01
6.883120E+02 2.094614E+00 1.038000E+01
6.893110E+02 2.094671E+00 1.037800E+01
6.903100E+02 2.094727E+00 1.037700E+01
6.913090E+02 2.094782E+00 1.037500E+01
6.923080E+02 2.094837E+00 1.037400E+01
6.933070E+02 2.094891E+00 1.037200E+01
6.943060E+02 2.094945E+00 1.037100E+01
6.953050E+02 2.094998E+00 1.036900E+01
6.963040E+02 2.095051E+00 1.036800E+01
6.973030E+02 2.095103E+00 1.036600E+01
6.983020E+02 2.095154E+00 1.036500E+01
6.993010E+02 2.095205E+00 1.036300E+01
7.003000E+02 2.095256E+00 1.036200E+01
7.012990E+02 2.095305E+00 1.036100E+01
7.022980E+02 2.095355E+00 1.035900E+01
7.032970E+02 2.095403E+00 1.035800E+01
7.042960E+02 2.095451E+00 1.035600E+01
7.052950E+02 2.095499E+00 1.035500E+01
7.062940E+02 2.095546E+00 1.035300E+01
7.072930E+02 2.095593E+00 1.035200E+01
7.082920E+02 2.095639E+00 1.035000E+01
7.092910E+02 2.095684E+00 1.034900E+01
7.102900E+02 2.095729E+00 1.034700E+01
7.112890E+02 2.095774E+00 1.034600E+01
7.122880E+02 2.095817E+00 1.034400E+01
7.132870E+02 2.095861E+00 1.034300E+01
7.142860E+02 2.095904E+00 1.034100E+01
7.152850E+02 2.095946E+00 1.034000E+01
7.162840E+02 2.095988E+00 1.033900E+01
7.172830E+02 2.096029E+00 1.033700E+01
7.182820E+02 2.096070E+00 1.033600E+01
7.192810E+02 2.096110E+00 1.033400E+01
7.202800E+02 2.096150E+00 1.033300E+01
7.212790E+02 2.096189E+00 1.033100E+01
7.222780E+02 2.096228E+00 1.033000E+01
7.232770E+02 2.096266E+00 1.032800E+01
7.242760E+02 2.096304E+00 1.032700E+01
7.252750E+02 2.096342E+00 1.032600E+01
7.262740E+02 2.096378E+00 1.032400E+01
7.272730E+02 2.096415E+00 1.032300E+01
7.282720E+02 2.096451E+00 1.032100E+01
7.292710E+02 2.096486E+00 1.032000E+01
7.302700E+02 2.096521E+00 1.031800E+01
7.312690E+02 2.096555E+00 1.031700E+01
7.322680E+02 2.096589E+00 1.031600E+01
7.332670E+02 2.096623E+00 1.031400E+01
7.342660E+02 2.096656E+00 1.031300E+01
7.352650E+02 2.096688E+00 1.031100E+01
7.362640E+02 2.096720E+00 1.031000E+01
7.372630E+02 2.096752E+00 1.030900E+01
7.382620E+02 2.096783E+00 1.030700E+01
7.392610E+02 2.096813E+00 1.030600E+01
7.402600E+02 2.096843E+00 1.030400E+01
7.412590E+02 2.096873E+00 1.030300E+01
7.422580E+02 2.096902E+00 1.030200E+01
7.432570E+02 2.096931E+00 1.030000E+01
7.442560E+02 2.096960E+00 1.029900E+01
7.452550E+02 2.096987E+00 1.029700E+01
7.462540E+02 2.097015E+00 1.029600E+01
7.472530E+02 2.097042E+00 1.029500E+01
7.482520E+02 2.097068E+00 1.029300E+01
7.492510E+02 2.097095E+00 1.029200E+01
7.502500E+02 2.097120E+00 1.029000E+01
7.512490E+02 2.097145E+00 1.028900E+01
7.522480E+02 2.097170E+00 1.028800E+01
7.532470E+02 2.097195E+00 1.028600E+01
7.542460E+02 2.097218E+00 1.028500E+01
7.552450E+02 2.097242E+00 1.028300E+01
7.562440E+02 2.097265E+00 1.028200E+01
7.572430E+02 2.097288E+00 1.028100E+01
7.582420E+02 2.097310E+00 1.027900E+01
7.592410E+02 2.097332E+00 1.027800E+01
7.602400E+02 2.097353E+00 1.027700E+01
7.612390E+02 2.097374E+00 1.027500E+01
7.622380E+02 2.097394E+00 1.027400E+01
7.632370E+02 2.097414E+00 1.027200E+01
7.642360E+02 2.097434E+00 1.027100E+01
7.652350E+02 2.097453E+00 1.027000E+01
7.662340E+02 2.097472E+00 1.026800E+01
7.672330E+02 2.097491E+00 1.026700E+01
7.682320E+02 2.097509E+00 1.026600E+01
7.692310E+02 2.097526E+00 1.026400E+01
7.702300E+02 2.097544E+00 1.026300E+01
7.712290E+02 2.097560E+00 1.026200E+01
7.722280E+02 2.097577E+00 1.026000E+01
7.732270E+02 2.097593E+00 1.025900E+01
7.742260E+02 2.097609E+00 1.025800E+01
7.752250E+02 2.097624E+00 1.025600E+01
7.762240E+02 2.097639E+00 1.025500E+01
7.772230E+02 2.097653E+00 1.025400E+01
7.782220E+02 2.097667E+00 1.025200E+01
7.792210E+02 2.097681E+00 1.025100E+01
7.802200E+02 2.097694E+00 1.024900E+01
7.812190E+02 2.097707E+00 1.024800E+01
7.822180E+02 2.097719E+00 1.024700E+01
7.832170E+02 2.097732E+00 1.024500E+01
7.842160E+02 2.097743E+00 1.024400E+01
7.852150E+02 2.097755E+00 1.024300E+01
7.862140E+02 2.097766E+00 1.024100E+01
7.872130E+02 2.097776E+00 1.024000E+01
7.882120E+02 2.097787E+00 1.023900E+01
7.892110E+02 2.097796E+00 1.023800E+01
7.902100E+02 2.097806E+00 1.023600E+01
7.912090E+02 2.097815E+00 1.023500E+01
7.922080E+02 2.097824E+00 1.023400E+01
7.932070E+02 2.097832E+00 1.023200E+01
7.942060E+02 2.097840E+00 1.023100E+01
7.952050E+02 2.097848E+00 1.023000E+01
7.962040E+02 2.097855E+00 1.022800E+01
7.972030E+02 2.097862E+00 1.022700E+01
7.982020E+02 2.097869E+00 1.022600E+01
7.992010E+02 2.097875E+00 1.022400E+01
8.002000E+02 2.097881E+00 1.022300E+01
8.011990E+02 2.097886E+00 1.022200E+01
8.021980E+02 2.097892E+00 1.022000E+01
8.031970E+02 2.097896E+00 1.021900E+01
8.041960E+02 2.097901E+00 1.021800E+01
8.051950E+02 2.097905E+00 1.021700E+01
8.061940E+02 2.097909E+00 1.021500E+01
8.071930E+02 2.097912E+00 1.021400E+01
8.081920E+02 2.097915E+00 1.021300E+01
8.091910E+02 2.097918E+00 1.021100E+01
8.101900E+02 2.097920E+00 1.021000E+01
8.111890E+02 2.097922E+00 1.020900E+01
8.121880E+02 2.097924E+00 1.020700E+01
8.131870E+02 2.097926E+00 1.020600E+01
8.141860E+02 2.097927E+00 1.020500E+01
8.151850E+02 2.097927E+00 1.020400E+01
8.161840E+02 2.097928E+00 1.020200E+01
8.171830E+02 2.097928E+00 1.020100E+01
8.181820E+02 2.097928E+00 1.020000E+01
8.191810E+02 2.097927E+00 1.019800E+01
8.201800E+02 2.097926E+00 1.019700E+01
8.211790E+02 2.097925E+00 1.019600E+01
8.221780E+02 2.097923E+00 1.019500E+01
8.231770E+02 2.097921E+00 1.019300E+01
8.241760E+02 2.097919E+00 1.019200E+01
8.251750E+02 2.097917E+00 1.019100E+01
8.261740E+02 2.097914E+00 1.019000E+01
8.271730E+02 2.097911E+00 1.018800E+01
8.281720E+02 2.097907E+00 1.018700E+01
8.291710E+02 2.097903E+00 1.018600E+01
8.301700E+02 2.097899E+00 1.018500E+01
8.311690E+02 2.097895E+00 1.018300E+01
8.321680E+02 2.097890E+00 1.018200E+01
8.331670E+02 2.097885E+00 1.018100E+01
8.341660E+02 2.097880E+00 1.017900E+01
8.351650E+02 2.097874E+00 1.017800E+01
8.361640E+02 2.097868E+00 1.017700E+01
8.371630E+02 2.097862E+00 1.017600E+01
8.381620E+02 2.097855E+00 1.017400E+01
8.391610E+02 2.097849E+00 1.017300E+01
8.401600E+02 2.097841E+00 1.017200E+01
8.411590E+02 2.097834E+00 1.017100E+01
8.421580E+02 2.097826E+00 1.016900E+01
8.431570E+02 2.097818E+00 1.016800E+01
8.441560E+02 2.097810E+00 1.016700E+01
8.451550E+02 2.097801E+00 1.016600E+01
8.461540E+02 2.097792E+00 1.016500E+01
8.471530E+02 2.097783E+00 1.016300E+01
8.481520E+02 2.097773E+00 1.016200E+01
8.491510E+02 2.097764E+00 1.016100E+01
8.501500E+02 2.097754E+00 1.016000E+01
8.511490E+02 2.097743E+00 1.015800E+01
8.521480E+02 2.097733E+00 1.015700E+01
8.531470E+02 2.097722E+00 1.015600E+01
8.541460E+02 2.097710E+00 1.015500E+01
8.551450E+02 2.097699E+00 1.015300E+01
8.561440E+02 2.097687E+00 1.015200E+01
8.571430E+02 2.097675E+00 1.015100E+01
8.581420E+02 2.097663E+00 1.015000E+01
8.591410E+02 2.097650E+00 1.014900E+01
8.601400E+02 2.097637E+00 1.014700E+01
8.611390E+02 2.097624E+00 1.014600E+01
8.621380E+02 2.097611E+00 1.014500E+01
8.631370E+02 2.097597E+00 1.014400E+01
8.641360E+02 2.097583E+00 1.014200E+01
8.651350E+02 2.097569E+00 1.014100E+01
8.661340E+02 2.097554E+00 1.014000E+01
8.671330E+02 2.097539E+00 1.013900E+01
8.681320E+02 2.097524E+00 1.013800E+01
8.691310E+02 2.097509E+00 1.013600E+01
8.701300E+02 2.097493E+00 1.013500E+01
8.711290E+02 2.097477E+00 1.013400E+01
8.721280E+02 2.097461E+00 1.013300E+01
8.731270E+02 2.097445E+00 1.013200E+01
8.741260E+02 2.097428E+00 1.013000E+01
8.751250E+02 2.097411E+00 1.012900E+01
8.761240E+02 2.097394E+00 1.012800E+01
8.771230E+02 2.097377E+00 1.012700E+01
8.781220E+02 2.097359E+00 1.012600E+01
8.791210E+02 2.097341E+00 1.012400E+01
8.801200E+02 2.097323E+00 1.012300E+01
8.811190E+02 2.097305E+00 1.012200E+01
8.821180E+02 2.097286E+00 1.012100E+01
8.831170E+02 2.097267E+00 1.012000E+01
8.841160E+02 2.097248E+00 1.011800E+01
8.851150E+02 2.097229E+00 1.011700E+01
8.861140E+02 2.097209E+00 1.011600E+01
8.871130E+02 2.097189E+00 1.011500E+01
8.881120E+02 2.097169E+00 1.011400E+01
8.891110E+02 2.097148E+00 1.011200E+01
8.901100E+02 2.097128E+00 1.011100E+01
8.911090E+02 2.097107E+00 1.011000E+01
8.921080E+02 2.097086E+00 1.010900E+01
8.931070E+02 2.097064E+00 1.010800E+01
8.941060E+02 2.097043E+00 1.010700E+01
8.951050E+02 2.097021E+00 1.010500E+01
8.961040E+02 2.096999E+00 1.010400E+01
8.971030E+02 2.096976E+00 1.010300E+01
8.981020E+02 2.096954E+00 1.010200E+01
8.991010E+02 2.096931E+00 1.010100E+01
9.001000E+02 2.096908E+00 1.010000E+01
9.010990E+02 2.096885E+00 1.009800E+01
9.020980E+02 2.096861E+00 1.009700E+01
9.030970E+02 2.096837E+00 1.009600E+01
9.040960E+02 2.096813E+00 1.009500E+01
9.050950E+02 2.096789E+00 1.009400E+01
9.060940E+02 2.096765E+00 1.009300E+01
9.070930E+02 2.096740E+00 1.009100E+01
9.080920E+02 2.096715E+00 1.009000E+01
9.090910E+02 2.096690E+00 1.008900E+01
9.100900E+02 2.096665E+00 1.008800E+01
9.110890E+02 2.096639E+00 1.008700E+01
9.120880E+02 2.096614E+00 1.008600E+01
9.130870E+02 2.096588E+00 1.008400E+01
9.140860E+02 2.096561E+00 1.008300E+01
9.150850E+02 2.096535E+00 1.008200E+01
9.160840E+02 2.096508E+00 1.008100E+01
9.170830E+02 2.096481E+00 1.008000E+01
9.180820E+02 2.096454E+00 1.007900E+01
9.190810E+02 2.096427E+00 1.007800E+01
9.200800E+02 2.096400E+00 1.007600E+01
9.210790E+02 2.096372E+00 1.007500E+01
9.220780E+02 2.096344E+00 1.007400E+01
9.230770E+02 2.096316E+00 1.007300E+01
9.240760E+02 2.096287E+00 1.007200E+01
9.250750E+02 2.096259E+00 1.007100E+01
9.260740E+02 2.096230E+00 1.007000E+01
9.270730E+02 2.096201E+00 1.006800E+01
9.280720E+02 2.096172E+00 1.006700E+01
9.290710E+02 2.096142E+00 1.006600E+01
9.300700E+02 2.096113E+00 1.006500E+01
9.310690E+02 2.096083E+00 1.006400E+01
9.320680E+02 2.096053E+00 1.006300E+01
9.330670E+02 2.096023E+00 1.006200E+01
9.340660E+02 2.095992E+00 1.006100E+01
9.350650E+02 2.095962E+00 1.005900E+01
9.360640E+02 2.095931E+00 1.005800E+01
9.370630E+02 2.095900E+00 1.005700E+01
9.380620E+02 2.095868E+00 1.005600E+01
9.390610E+02 2.095837E+00 1.005500E+01
9.400600E+02 2.095805E+00 1.005400E+01
9.410590E+02 2.095773E+00 1.005300E+01
9.420580E+02 2.095741E+00 1.005200E+01
9.430570E+02 2.095709E+00 1.005100E+01
9.440560E+02 2.095677E+00 1.004900E+01
9.450550E+02 2.095644E+00 1.004800E+01
9.460540E+02 2.095611E+00 1.004700E+01
9.470530E+02 2.095578E+00 1.004600E+01
9.480520E+02 2.095545E+00 1.004500E+01
9.490510E+02 2.095512E+00 1.004400E+01
9.500500E+02 2.095478E+00 1.004300E+01
9.510490E+02 2.095444E+00 1.004200E+01
9.520480E+02 2.095410E+00 1.004100E+01
9.530470E+02 2.095376E+00 1.003900E+01
9.540460E+02 2.095342E+00 1.003800E+01
9.550450E+02 2.095307E+00 1.003700E+01
9.560440E+02 2.095273E+00 1.003600E+01
9.570430E+02 2.095238E+00 1.003500E+01
9.580420E+02 2.095203E+00 1.003400E+01
9.590410E+02 2.095167E+00 1.003300E+01
9.600400E+02 2.095132E+00 1.003200E+01
9.610390E+02 2.095096E+00 1.003100E+01
9.620380E+02 2.095060E+00 1.003000E+01
9.630370E+02 2.095024E+00 1.002800E+01
9.640360E+02 2.094988E+00 1.002700E+01
9.650350E+02 2.094952E+00 1.002600E+01
9.660340E+02 2.094915E+00 1.002500E+01
9.670330E+02 2.094879E+00 1.002400E+01
9.680320E+02 2.094842E+00 1.002300E+01
9.690310E+02 2.094805E+00 1.002200E+01
9.700300E+02 2.094767E+00 1.002100E+01
9.710290E+02 2.094730E+00 1.002000E+01
9.720280E+02 2.094692E+00 1.001900E+01
9.730270E+02 2.094655E+00 1.001800E+01
9.740260E+02 2.094617E+00 1.001600E+01
9.750250E+02 2.094579E+00 1.001500E+01
9.760240E+02 2.094540E+00 1.001400E+01
9.770230E+02 2.094502E+00 1.001300E+01
9.780220E+02 2.094463E+00 1.001200E+01
9.790210E+02 2.094424E+00 1.001100E+01
9.800200E+02 2.094385E+00 1.001000E+01
9.810190E+02 2.094346E+00 1.000900E+01
9.820180E+02 2.094307E+00 1.000800E+01
9.830170E+02 2.094267E+00 1.000700E+01
9.840160E+02 2.094228E+00 1.000600E+01
9.850150E+02 2.094188E+00 1.000500E+01
9.860140E+02 2.094148E+00 1.000400E+01
9.870130E+02 2.094108E+00 1.000300E+01
9.880120E+02 2.094068E+00 1.000100E+01
9.890110E+02 2.094027E+00 1.000000E+01
9.900100E+02 2.093986E+00 9.999000E+00
9.910090E+02 2.093946E+00 9.998000E+00
9.920080E+02 2.093905E+00 9.997000E+00
9.930070E+02 2.093864E+00 9.996000E+00
9.940060E+02 2.093822E+00 9.995000E+00
9.950050E+02 2.093781E+00 9.994000E+00
9.960040E+02 2.093739E+00 9.993000E+00
9.970030E+02 2.093698E+00 9.992000E+00
9.980020E+02 2.093656E+00 9.991000E+00
9.990010E+02 2.093614E+00 9.990000E+00
