1.000000E+00 1.097623E-01 2.787200E+01
1.999000E+00 1.697943E-01 1.669000E+01
2.998000E+00 2.235740E-01 1.449500E+01
3.997000E+00 2.723668E-01 1.360900E+01
4.996000E+00 3.172423E-01 1.315000E+01
5.995000E+00 3.589263E-01 1.287900E+01
6.994000E+00 3.979326E-01 1.270600E+01
7.993000E+00 4.346419E-01 1.258900E+01
8.992000E+00 4.693474E-01 1.250700E+01
9.991000E+00 5.022813E-01 1.244700E+01
1.099000E+01 5.336316E-01 1.240400E+01
1.198900E+01 5.635544E-01 1.237100E+01
1.298800E+01 5.921809E-01 1.234500E+01
1.398700E+01 6.196224E-01 1.232600E+01
1.498600E+01 6.459755E-01 1.231000E+01
1.598500E+01 6.713232E-01 1.229800E+01
1.698400E+01 6.957392E-01 1.228800E+01
1.798300E+01 7.192888E-01 1.228100E+01
1.898200E+01 7.420293E-01 1.227400E+01
1.998100E+01 7.640121E-01 1.226900E+01
2.098000E+01 7.852842E-01 1.226400E+01
2.197900E+01 8.058874E-01 1.226000E+01
2.297800E+01 8.258600E-01 1.225700E+01
2.397700E+01 8.452368E-01 1.225400E+01
2.497600E+01 8.640493E-01 1.225100E+01
2.597500E+01 8.823269E-01 1.224800E+01
2.697400E+01 9.000964E-01 1.224600E+01
2.797300E+01 9.173826E-01 1.224400E+01
2.897200E+01 9.342085E-01 1.224100E+01
2.997100E+01 9.505954E-01 1.223900E+01
3.097000E+01 9.665630E-01 1.223700E+01
3.196900E+01 9.821297E-01 1.223500E+01
3.296800E+01 9.973129E-01 1.223300E+01
3.396700E+01 1.012129E+00 1.223100E+01
3.496600E+01 1.026592E+00 1.222800E+01
3.596500E+01 1.040717E+00 1.222600E+01
3.696400E+01 1.054517E+00 1.222400E+01
3.796300E+01 1.068005E+00 1.222200E+01
3.896200E+01 1.081192E+00 1.221900E+01
3.996100E+01 1.094089E+00 1.221700E+01
4.096000E+01 1.106708E+00 1.221400E+01
4.195900E+01 1.119058E+00 1.221100E+01
4.295800E+01 1.131148E+00 1.220900E+01
4.395700E+01 1.142987E+00 1.220600E+01
4.495600E+01 1.154584E+00 1.220300E+01
4.595500E+01 1.165947E+00 1.220000E+01
4.695400E+01 1.177084E+00 1.219700E+01
4.795300E+01 1.188002E+00 1.219400E+01
4.895200E+01 1.198708E+00 1.219100E+01
4.995100E+01 1.209208E+00 1.218800E+01
5.095000E+01 1.219509E+00 1.218500E+01
5.194900E+01 1.229617E+00 1.218200E+01
5.294800E+01 1.239537E+00 1.217800E+01
5.394700E+01 1.249276E+00 1.217500E+01
5.494600E+01 1.258838E+00 1.217200E+01
5.594500E+01 1.268229E+00 1.216800E+01
5.694400E+01 1.277454E+00 1.216500E+01
5.794300E+01 1.286516E+00 1.216100E+01
5.894200E+01 1.295421E+00 1.215800E+01
5.994100E+01 1.304173E+00 1.215400E+01
6.094000E+01 1.312776E+00 1.215100E+01
6.193900E+01 1.321234E+00 1.214700E+01
6.293800E+01 1.329551E+00 1.214300E+01
6.393700E+01 1.337730E+00 1.213900E+01
6.493600E+01 1.345776E+00 1.213600E+01
6.593500E+01 1.353690E+00 1.213200E+01
6.693400E+01 1.361478E+00 1.212800E+01
6.793300E+01 1.369141E+00 1.212400E+01
6.893200E+01 1.376683E+00 1.212000E+01
6.993100E+01 1.384107E+00 1.211600E+01
7.093000E+01 1.391416E+00 1.211300E+01
7.192900E+01 1.398612E+00 1.210900E+01
7.292800E+01 1.405699E+00 1.210500E+01
7.392700E+01 1.412678E+00 1.210100E+01
7.492600E+01 1.419552E+00 1.209700E+01
7.592500E+01 1.426323E+00 1.209200E+01
7.692400E+01 1.432995E+00 1.208800E+01
7.792300E+01 1.439569E+00 1.208400E+01
7.892200E+01 1.446047E+00 1.208000E+01
7.992100E+01 1.452431E+00 1.207600E+01
8.092000E+01 1.458724E+00 1.207200E+01
8.191900E+01 1.464927E+00 1.206800E+01
8.291800E+01 1.471043E+00 1.206400E+01
8.391700E+01 1.477072E+00 1.206000E+01
8.491600E+01 1.483018E+00 1.205500E+01
8.591500E+01 1.488882E+00 1.205100E+01
8.691400E+01 1.494665E+00 1.204700E+01
8.791300E+01 1.500369E+00 1.204300E+01
8.891200E+01 1.505996E+00 1.203900E+01
8.991100E+01 1.511547E+00 1.203400E+01
9.091000E+01 1.517024E+00 1.203000E+01
9.190900E+01 1.522428E+00 1.202600E+01
9.290800E+01 1.527761E+00 1.202200E+01
9.390700E+01 1.533024E+00 1.201700E+01
9.490600E+01 1.538219E+00 1.201300E+01
9.590500E+01 1.543346E+00 1.200900E+01
9.690400E+01 1.548407E+00 1.200500E+01
9.790300E+01 1.553404E+00 1.200000E+01
9.890200E+01 1.558337E+00 1.199600E+01
9.990100E+01 1.563208E+00 1.199200E+01
1.009000E+02 1.568017E+00 1.198800E+01
1.018990E+02 1.572767E+00 1.198300E+01
1.028980E+02 1.577458E+00 1.197900E+01
1.038970E+02 1.582091E+00 1.197500E+01
1.048960E+02 1.586667E+00 1.197100E+01
1.058950E+02 1.591187E+00 1.196600E+01
1.068940E+02 1.595652E+00 1.196200E+01
1.078930E+02 1.600064E+00 1.195800E+01
1.088920E+02 1.604423E+00 1.195300E+01
1.098910E+02 1.608729E+00 1.194900E+01
1.108900E+02 1.612985E+00 1.194500E+01
1.118890E+02 1.617190E+00 1.194100E+01
1.128880E+02 1.621346E+00 1.193600E+01
1.138870E+02 1.625454E+00 1.193200E+01
1.148860E+02 1.629514E+00 1.192800E+01
1.158850E+02 1.633527E+00 1.192400E+01
1.168840E+02 1.637493E+00 1.191900E+01
1.178830E+02 1.641415E+00 1.191500E+01
1.188820E+02 1.645291E+00 1.191100E+01
1.198810E+02 1.649124E+00 1.190600E+01
1.208800E+02 1.652914E+00 1.190200E+01
1.218790E+02 1.656661E+00 1.189800E+01
1.228780E+02 1.660367E+00 1.189400E+01
1.238770E+02 1.664031E+00 1.189000E+01
1.248760E+02 1.667654E+00 1.188500E+01
1.258750E+02 1.671238E+00 1.188100E+01
1.268740E+02 1.674783E+00 1.187700E+01
1.278730E+02 1.678289E+00 1.187300E+01
1.288720E+02 1.681757E+00 1.186800E+01
1.298710E+02 1.685187E+00 1.186400E+01
1.308700E+02 1.688581E+00 1.186000E+01
1.318690E+02 1.691938E+00 1.185600E+01
1.328680E+02 1.695260E+00 1.185200E+01
1.338670E+02 1.698546E+00 1.184700E+01
1.348660E+02 1.701798E+00 1.184300E+01
1.358650E+02 1.705015E+00 1.183900E+01
1.368640E+02 1.708199E+00 1.183500E+01
1.378630E+02 1.711349E+00 1.183100E+01
1.388620E+02 1.714467E+00 1.182700E+01
1.398610E+02 1.717552E+00 1.182200E+01
1.408600E+02 1.720606E+00 1.181800E+01
1.418590E+02 1.723629E+00 1.181400E+01
1.428580E+02 1.726620E+00 1.181000E+01
1.438570E+02 1.729581E+00 1.180600E+01
1.448560E+02 1.732512E+00 1.180200E+01
1.458550E+02 1.735414E+00 1.179800E+01
1.468540E+02 1.738286E+00 1.179400E+01
1.478530E+02 1.741130E+00 1.179000E+01
1.488520E+02 1.743945E+00 1.178500E+01
1.498510E+02 1.746733E+00 1.178100E+01
1.508500E+02 1.749492E+00 1.177700E+01
1.518490E+02 1.752225E+00 1.177300E+01
1.528480E+02 1.754931E+00 1.176900E+01
1.538470E+02 1.757610E+00 1.176500E+01
1.548460E+02 1.760263E+00 1.176100E+01
1.558450E+02 1.762890E+00 1.175700E+01
1.568440E+02 1.765492E+00 1.175300E+01
1.578430E+02 1.768069E+00 1.174900E+01
1.588420E+02 1.770621E+00 1.174500E+01
1.598410E+02 1.773149E+00 1.174100E+01
1.608400E+02 1.775652E+00 1.173700E+01
1.618390E+02 1.778132E+00 1.173300E+01
1.628380E+02 1.780588E+00 1.172900E+01
1.638370E+02 1.783021E+00 1.172500E+01
1.648360E+02 1.785431E+00 1.172100E+01
1.658350E+02 1.787819E+00 1.171700E+01
1.668340E+02 1.790184E+00 1.171300E+01
1.678330E+02 1.792528E+00 1.170900E+01
1.688320E+02 1.794849E+00 1.170500E+01
1.698310E+02 1.797149E+00 1.170100E+01
1.708300E+02 1.799428E+00 1.169700E+01
1.718290E+02 1.801686E+00 1.169300E+01
1.728280E+02 1.803923E+00 1.169000E+01
1.738270E+02 1.806140E+00 1.168600E+01
1.748260E+02 1.808337E+00 1.168200E+01
1.758250E+02 1.810513E+00 1.167800E+01
1.768240E+02 1.812670E+00 1.167400E+01
1.778230E+02 1.814808E+00 1.167000E+01
1.788220E+02 1.816926E+00 1.166600E+01
1.798210E+02 1.819026E+00 1.166200E+01
1.808200E+02 1.821106E+00 1.165900E+01
1.818190E+02 1.823168E+00 1.165500E+01
1.828180E+02 1.825212E+00 1.165100E+01
1.838170E+02 1.827238E+00 1.164700E+01
1.848160E+02 1.829246E+00 1.164300E+01
1.858150E+02 1.831236E+00 1.164000E+01
1.868140E+02 1.833209E+00 1.163600E+01
1.878130E+02 1.835164E+00 1.163200E+01
1.888120E+02 1.837103E+00 1.162800E+01
1.898110E+02 1.839024E+00 1.162400E+01
1.908100E+02 1.840929E+00 1.162100E+01
1.918090E+02 1.842818E+00 1.161700E+01
1.928080E+02 1.844690E+00 1.161300E+01
1.938070E+02 1.846546E+00 1.160900E+01
1.948060E+02 1.848386E+00 1.160600E+01
1.958050E+02 1.850210E+00 1.160200E+01
1.968040E+02 1.852019E+00 1.159800E+01
1.978030E+02 1.853812E+00 1.159500E+01
1.988020E+02 1.855591E+00 1.159100E+01
1.998010E+02 1.857354E+00 1.158700E+01
2.008000E+02 1.859102E+00 1.158400E+01
2.017990E+02 1.860836E+00 1.158000E+01
2.027980E+02 1.862555E+00 1.157600E+01
2.037970E+02 1.864259E+00 1.157300E+01
2.047960E+02 1.865950E+00 1.156900E+01
2.057950E+02 1.867626E+00 1.156500E+01
2.067940E+02 1.869289E+00 1.156200E+01
2.077930E+02 1.870937E+00 1.155800E+01
2.087920E+02 1.872572E+00 1.155400E+01
2.097910E+02 1.874194E+00 1.155100E+01
2.107900E+02 1.875802E+00 1.154700E+01
2.117890E+02 1.877397E+00 1.154400E+01
2.127880E+02 1.878979E+00 1.154000E+01
2.137870E+02 1.880548E+00 1.153600E+01
2.147860E+02 1.882104E+00 1.153300E+01
2.157850E+02 1.883648E+00 1.152900E+01
2.167840E+02 1.885179E+00 1.152600E+01
2.177830E+02 1.886698E+00 1.152200E+01
2.187820E+02 1.888204E+00 1.151900E+01
2.197810E+02 1.889699E+00 1.151500E+01
2.207800E+02 1.891181E+00 1.151200E+01
2.217790E+02 1.892652E+00 1.150800E+01
2.227780E+02 1.894110E+00 1.150500E+01
2.237770E+02 1.895557E+00 1.150100E+01
2.247760E+02 1.896993E+00 1.149800E+01
2.257750E+02 1.898417E+00 1.149400E+01
2.267740E+02 1.899830E+00 1.149100E+01
2.277730E+02 1.901232E+00 1.148700E+01
2.287720E+02 1.902622E+00 1.148400E+01
2.297710E+02 1.904002E+00 1.148000E+01
2.307700E+02 1.905371E+00 1.147700E+01
2.317690E+02 1.906729E+00 1.147300E+01
2.327680E+02 1.908077E+00 1.147000E+01
2.337670E+02 1.909414E+00 1.146700E+01
2.347660E+02 1.910740E+00 1.146300E+01
2.357650E+02 1.912057E+00 1.146000E+01
2.367640E+02 1.913363E+00 1.145600E+01
2.377630E+02 1.914659E+00 1.145300E+01
2.387620E+02 1.915945E+00 1.145000E+01
2.397610E+02 1.917221E+00 1.144600E+01
2.407600E+02 1.918487E+00 1.144300E+01
2.417590E+02 1.919743E+00 1.143900E+01
2.427580E+02 1.920990E+00 1.143600E+01
2.437570E+02 1.922228E+00 1.143300E+01
2.447560E+02 1.923456E+00 1.142900E+01
2.457550E+02 1.924674E+00 1.142600E+01
2.467540E+02 1.925883E+00 1.142300E+01
2.477530E+02 1.927084E+00 1.141900E+01
2.487520E+02 1.928275E+00 1.141600E+01
2.497510E+02 1.929457E+00 1.141300E+01
2.507500E+02 1.930630E+00 1.140900E+01
2.517490E+02 1.931794E+00 1.140600E+01
2.527480E+02 1.932949E+00 1.140300E+01
2.537470E+02 1.934096E+00 1.140000E+01
2.547460E+02 1.935235E+00 1.139600E+01
2.557450E+02 1.936364E+00 1.139300E+01
2.567440E+02 1.937486E+00 1.139000E+01
2.577430E+02 1.938598E+00 1.138700E+01
2.587420E+02 1.939703E+00 1.138300E+01
2.597410E+02 1.940800E+00 1.138000E+01
2.607400E+02 1.941888E+00 1.137700E+01
2.617390E+02 1.942968E+00 1.137400E+01
2.627380E+02 1.944040E+00 1.137100E+01
2.637370E+02 1.945105E+00 1.136700E+01
2.647360E+02 1.946161E+00 1.136400E+01
2.657350E+02 1.947210E+00 1.136100E+01
2.667340E+02 1.948251E+00 1.135800E+01
2.677330E+02 1.949285E+00 1.135500E+01
2.687320E+02 1.950311E+00 1.135100E+01
2.697310E+02 1.951329E+00 1.134800E+01
2.707300E+02 1.952340E+00 1.134500E+01
2.717290E+02 1.953344E+00 1.134200E+01
2.727280E+02 1.954340E+00 1.133900E+01
2.737270E+02 1.955329E+00 1.133600E+01
2.747260E+02 1.956311E+00 1.133300E+01
2.757250E+02 1.957286E+00 1.132900E+01
2.767240E+02 1.958254E+00 1.132600E+01
2.777230E+02 1.959214E+00 1.132300E+01
2.787220E+02 1.960168E+00 1.132000E+01
2.797210E+02 1.961115E+00 1.131700E+01
2.807200E+02 1.962056E+00 1.131400E+01
2.817190E+02 1.962989E+00 1.131100E+01
2.827180E+02 1.963916E+00 1.130800E+01
2.837170E+02 1.964836E+00 1.130500E+01
2.847160E+02 1.965750E+00 1.130200E+01
2.857150E+02 1.966657E+00 1.129900E+01
2.867140E+02 1.967557E+00 1.129500E+01
2.877130E+02 1.968452E+00 1.129200E+01
2.887120E+02 1.969339E+00 1.128900E+01
2.897110E+02 1.970221E+00 1.128600E+01
2.907100E+02 1.971096E+00 1.128300E+01
2.917090E+02 1.971965E+00 1.128000E+01
2.927080E+02 1.972828E+00 1.127700E+01
2.937070E+02 1.973685E+00 1.127400E+01
2.947060E+02 1.974536E+00 1.127100E+01
2.957050E+02 1.975381E+00 1.126800E+01
2.967040E+02 1.976220E+00 1.126500E+01
2.977030E+02 1.977053E+00 1.126200E+01
2.987020E+02 1.977881E+00 1.125900E+01
2.997010E+02 1.978702E+00 1.125600E+01
3.007000E+02 1.979518E+00 1.125300E+01
3.016990E+02 1.980328E+00 1.125000E+01
3.026980E+02 1.981132E+00 1.124800E+01
3.036970E+02 1.981931E+00 1.124500E+01
3.046960E+02 1.982724E+00 1.124200E+01
3.056950E+02 1.983512E+00 1.123900E+01
3.066940E+02 1.984294E+00 1.123600E+01
3.076930E+02 1.985071E+00 1.123300E+01
3.086920E+02 1.985842E+00 1.123000E+01
3.096910E+02 1.986608E+00 1.122700E+01
3.106900E+02 1.987369E+00 1.122400E+01
3.116890E+02 1.988125E+00 1.122100E+01
3.126880E+02 1.988875E+00 1.121800E+01
3.136870E+02 1.989620E+00 1.121600E+01
3.146860E+02 1.990361E+00 1.121300E+01
3.156850E+02 1.991096E+00 1.121000E+01
3.166840E+02 1.991825E+00 1.120700E+01
3.176830E+02 1.992550E+00 1.120400E+01
3.186820E+02 1.993270E+00 1.120100E+01
3.196810E+02 1.993985E+00 1.119800E+01
3.206800E+02 1.994696E+00 1.119500E+01
3.216790E+02 1.995401E+00 1.119300E+01
3.226780E+02 1.996101E+00 1.119000E+01
3.236770E+02 1.996797E+00 1.118700E+01
3.246760E+02 1.997488E+00 1.118400E+01
3.256750E+02 1.998175E+00 1.118100E+01
3.266740E+02 1.998856E+00 1.117900E+01
3.276730E+02 1.999533E+00 1.117600E+01
3.286720E+02 2.000206E+00 1.117300E+01
3.296710E+02 2.000873E+00 1.117000E+01
3.306700E+02 2.001537E+00 1.116700E+01
3.316690E+02 2.002196E+00 1.116500E+01
3.326680E+02 2.002850E+00 1.116200E+01
3.336670E+02 2.003500E+00 1.115900E+01
3.346660E+02 2.004146E+00 1.115600E+01
3.356650E+02 2.004787E+00 1.115400E+01
3.366640E+02 2.005424E+00 1.115100E+01
3.376630E+02 2.006057E+00 1.114800E+01
3.386620E+02 2.006685E+00 1.114500E+01
3.396610E+02 2.007309E+00 1.114300E+01
3.406600E+02 2.007929E+00 1.114000E+01
3.416590E+02 2.008545E+00 1.113700E+01
3.426580E+02 2.009157E+00 1.113400E+01
3.436570E+02 2.009764E+00 1.113200E+01
3.446560E+02 2.010368E+00 1.112900E+01
3.456550E+02 2.010967E+00 1.112600E+01
3.466540E+02 2.011563E+00 1.112400E+01
3.476530E+02 2.012154E+00 1.112100E+01
3.486520E+02 2.012742E+00 1.111800E+01
3.496510E+02 2.013326E+00 1.111600E+01
3.506500E+02 2.013905E+00 1.111300E+01
3.516490E+02 2.014481E+00 1.111000E+01
3.526480E+02 2.015053E+00 1.110800E+01
3.536470E+02 2.015622E+00 1.110500E+01
3.546460E+02 2.016186E+00 1.110200E+01
3.556450E+02 2.016747E+00 1.110000E+01
3.566440E+02 2.017304E+00 1.109700E+01
3.576430E+02 2.017857E+00 1.109400E+01
3.586420E+02 2.018407E+00 1.109200E+01
3.596410E+02 2.018953E+00 1.108900E+01
3.606400E+02 2.019496E+00 1.108600E+01
3.616390E+02 2.020034E+00 1.108400E+01
3.626380E+02 2.020570E+00 1.108100E+01
3.636370E+02 2.021102E+00 1.107900E+01
3.646360E+02 2.021630E+00 1.107600E+01
3.656350E+02 2.022155E+00 1.107300E+01
3.666340E+02 2.022676E+00 1.107100E+01
3.676330E+02 2.023194E+00 1.106800E+01
3.686320E+02 2.023708E+00 1.106600E+01
3.696310E+02 2.024219E+00 1.106300E+01
3.706300E+02 2.024727E+00 1.106000E+01
3.716290E+02 2.025231E+00 1.105800E+01
3.726280E+02 2.025732E+00 1.105500E+01
3.736270E+02 2.026230E+00 1.105300E+01
3.746260E+02 2.026724E+00 1.105000E+01
3.756250E+02 2.027216E+00 1.104800E+01
3.766240E+02 2.027704E+00 1.104500E+01
3.776230E+02 2.028188E+00 1.104300E+01
3.786220E+02 2.028670E+00 1.104000E+01
3.796210E+02 2.029149E+00 1.103800E+01
3.806200E+02 2.029624E+00 1.103500E+01
3.816190E+02 2.030096E+00 1.103200E+01
3.826180E+02 2.030565E+00 1.103000E+01
3.836170E+02 2.031031E+00 1.102700E+01
3.846160E+02 2.031494E+00 1.102500E+01
3.856150E+02 2.031954E+00 1.102200E+01
3.866140E+02 2.032411E+00 1.102000E+01
3.876130E+02 2.032865E+00 1.101700E+01
3.886120E+02 2.033316E+00 1.101500E+01
3.896110E+02 2.033764E+00 1.101200E+01
3.906100E+02 2.034209E+00 1.101000E+01
3.916090E+02 2.034652E+00 1.100800E+01
3.926080E+02 2.035091E+00 1.100500E+01
3.936070E+02 2.035527E+00 1.100300E+01
3.946060E+02 2.035961E+00 1.100000E+01
3.956050E+02 2.036392E+00 1.099800E+01
3.966040E+02 2.036820E+00 1.099500E+01
3.976030E+02 2.037245E+00 1.099300E+01
3.986020E+02 2.037667E+00 1.099000E+01
3.996010E+02 2.038087E+00 1.098800E+01
4.006000E+02 2.038504E+00 1.098500E+01
4.015990E+02 2.038918E+00 1.098300E+01
4.025980E+02 2.039330E+00 1.098100E+01
4.035970E+02 2.039738E+00 1.097800E+01
4.045960E+02 2.040145E+00 1.097600E+01
4.055950E+02 2.040548E+00 1.097300E+01
4.065940E+02 2.040949E+00 1.097100E+01
4.075930E+02 2.041347E+00 1.096900E+01
4.085920E+02 2.041743E+00 1.096600E+01
4.095910E+02 2.042136E+00 1.096400E+01
4.105900E+02 2.042527E+00 1.096100E+01
4.115890E+02 2.042915E+00 1.095900E+01
4.125880E+02 2.043300E+00 1.095700E+01
4.135870E+02 2.043683E+00 1.095400E+01
4.145860E+02 2.044064E+00 1.095200E+01
4.155850E+02 2.044442E+00 1.095000E+01
4.165840E+02 2.044817E+00 1.094700E+01
4.175830E+02 2.045191E+00 1.094500E+01
4.185820E+02 2.045561E+00 1.094200E+01
4.195810E+02 2.045929E+00 1.094000E+01
4.205800E+02 2.046295E+00 1.093800E+01
4.215790E+02 2.046659E+00 1.093500E+01
4.225780E+02 2.047020E+00 1.093300E+01
4.235770E+02 2.047379E+00 1.093100E+01
4.245760E+02 2.047735E+00 1.092800E+01
4.255750E+02 2.048089E+00 1.092600E+01
4.265740E+02 2.048441E+00 1.092400E+01
4.275730E+02 2.048791E+00 1.092100E+01
4.285720E+02 2.049138E+00 1.091900E+01
4.295710E+02 2.049483E+00 1.091700E+01
4.305700E+02 2.049826E+00 1.091500E+01
4.315690E+02 2.050166E+00 1.091200E+01
4.325680E+02 2.050504E+00 1.091000E+01
4.335670E+02 2.050841E+00 1.090800E+01
4.345660E+02 2.051174E+00 1.090500E+01
4.355650E+02 2.051506E+00 1.090300E+01
4.365640E+02 2.051836E+00 1.090100E+01
4.375630E+02 2.052163E+00 1.089900E+01
4.385620E+02 2.052488E+00 1.089600E+01
4.395610E+02 2.052812E+00 1.089400E+01
4.405600E+02 2.053133E+00 1.089200E+01
4.415590E+02 2.053452E+00 1.089000E+01
4.425580E+02 2.053768E+00 1.088700E+01
4.435570E+02 2.054083E+00 1.088500E+01
4.445560E+02 2.054396E+00 1.088300E+01
4.455550E+02 2.054707E+00 1.088100E+01
4.465540E+02 2.055015E+00 1.087800E+01
4.475530E+02 2.055322E+00 1.087600E+01
4.485520E+02 2.055627E+00 1.087400E+01
4.495510E+02 2.055929E+00 1.087200E+01
4.505500E+02 2.056230E+00 1.086900E+01
4.515490E+02 2.056529E+00 1.086700E+01
4.525480E+02 2.056825E+00 1.086500E+01
4.535470E+02 2.057120E+00 1.086300E+01
4.545460E+02 2.057413E+00 1.086000E+01
4.555450E+02 2.057704E+00 1.085800E+01
4.565440E+02 2.057993E+00 1.085600E+01
4.575430E+02 2.058280E+00 1.085400E+01
4.585420E+02 2.058565E+00 1.085200E+01
4.595410E+02 2.058849E+00 1.085000E+01
4.605400E+02 2.059130E+00 1.084700E+01
4.615390E+02 2.059410E+00 1.084500E+01
4.625380E+02 2.059687E+00 1.084300E+01
4.635370E+02 2.059963E+00 1.084100E+01
4.645360E+02 2.060238E+00 1.083900E+01
4.655350E+02 2.060510E+00 1.083600E+01
4.665340E+02 2.060780E+00 1.083400E+01
4.675330E+02 2.061049E+00 1.083200E+01
4.685320E+02 2.061316E+00 1.083000E+01
4.695310E+02 2.061581E+00 1.082800E+01
4.705300E+02 2.061845E+00 1.082600E+01
4.715290E+02 2.062107E+00 1.082400E+01
4.725280E+02 2.062367E+00 1.082100E+01
4.735270E+02 2.062625E+00 1.081900E+01
4.745260E+02 2.062881E+00 1.081700E+01
4.755250E+02 2.063136E+00 1.081500E+01
4.765240E+02 2.063389E+00 1.081300E+01
4.775230E+02 2.063641E+00 1.081100E+01
4.785220E+02 2.063891E+00 1.080900E+01
4.795210E+02 2.064139E+00 1.080600E+01
4.805200E+02 2.064385E+00 1.080400E+01
4.815190E+02 2.064630E+00 1.080200E+01
4.825180E+02 2.064873E+00 1.080000E+01
4.835170E+02 2.065115E+00 1.079800E+01
4.845160E+02 2.065355E+00 1.079600E+01
4.855150E+02 2.065593E+00 1.079400E+01
4.865140E+02 2.065830E+00 1.079200E+01
4.875130E+02 2.066065E+00 1.079000E+01
4.885120E+02 2.066299E+00 1.078800E+01
4.895110E+02 2.066531E+00 1.078600E+01
4.905100E+02 2.066761E+00 1.078300E+01
4.915090E+02 2.066990E+00 1.078100E+01
4.925080E+02 2.067218E+00 1.077900E+01
4.935070E+02 2.067444E+00 1.077700E+01
4.945060E+02 2.067668E+00 1.077500E+01
4.955050E+02 2.067891E+00 1.077300E+01
4.965040E+02 2.068112E+00 1.077100E+01
4.975030E+02 2.068332E+00 1.076900E+01
4.985020E+02 2.068550E+00 1.076700E+01
4.995010E+02 2.068767E+00 1.076500E+01
5.005000E+02 2.068982E+00 1.076300E+01
5.014990E+02 2.069196E+00 1.076100E+01
5.024980E+02 2.069409E+00 1.075900E+01
5.034970E+02 2.069620E+00 1.075700E+01
5.044960E+02 2.069829E+00 1.075500E+01
5.054950E+02 2.070038E+00 1.075300E+01
5.064940E+02 2.070244E+00 1.075100E+01
5.074930E+02 2.070450E+00 1.074900E+01
5.084920E+02 2.070654E+00 1.074700E+01
5.094910E+02 2.070856E+00 1.074500E+01
5.104900E+02 2.071057E+00 1.074300E+01
5.114890E+02 2.071257E+00 1.074100E+01
5.124880E+02 2.071455E+00 1.073900E+01
5.134870E+02 2.071652E+00 1.073700E+01
5.144860E+02 2.071848E+00 1.073500E+01
5.154850E+02 2.072042E+00 1.073300E+01
5.164840E+02 2.072235E+00 1.073100E+01
5.174830E+02 2.072427E+00 1.072900E+01
5.184820E+02 2.072617E+00 1.072700E+01
5.194810E+02 2.072806E+00 1.072500E+01
5.204800E+02 2.072994E+00 1.072300E+01
5.214790E+02 2.073180E+00 1.072100E+01
5.224780E+02 2.073365E+00 1.071900E+01
5.234770E+02 2.073549E+00 1.071700E+01
5.244760E+02 2.073732E+00 1.071500E+01
5.254750E+02 2.073913E+00 1.071300E+01
5.264740E+02 2.074093E+00 1.071100E+01
5.274730E+02 2.074272E+00 1.070900E+01
5.284720E+02 2.074449E+00 1.070700E+01
5.294710E+02 2.074625E+00 1.070500E+01
5.304700E+02 2.074800E+00 1.070300E+01
5.314690E+02 2.074974E+00 1.070100E+01
5.324680E+02 2.075146E+00 1.069900E+01
5.334670E+02 2.075318E+00 1.069700E+01
5.344660E+02 2.075488E+00 1.069500E+01
5.354650E+02 2.075657E+00 1.069300E+01
5.364640E+02 2.075824E+00 1.069100E+01
5.374630E+02 2.075991E+00 1.068900E+01
5.384620E+02 2.076156E+00 1.068800E+01
5.394610E+02 2.076320E+00 1.068600E+01
5.404600E+02 2.076483E+00 1.068400E+01
5.414590E+02 2.076645E+00 1.068200E+01
5.424580E+02 2.076805E+00 1.068000E+01
5.434570E+02 2.076965E+00 1.067800E+01
5.444560E+02 2.077123E+00 1.067600E+01
5.454550E+02 2.077280E+00 1.067400E+01
5.464540E+02 2.077436E+00 1.067200E+01
5.474530E+02 2.077591E+00 1.067000E+01
5.484520E+02 2.077745E+00 1.066800E+01
5.494510E+02 2.077898E+00 1.066700E+01
5.504500E+02 2.078049E+00 1.066500E+01
5.514490E+02 2.078200E+00 1.066300E+01
5.524480E+02 2.078349E+00 1.066100E+01
5.534470E+02 2.078497E+00 1.065900E+01
5.544460E+02 2.078644E+00 1.065700E+01
5.554450E+02 2.078790E+00 1.065500E+01
5.564440E+02 2.078935E+00 1.065300E+01
5.574430E+02 2.079079E+00 1.065200E+01
5.584420E+02 2.079222E+00 1.065000E+01
5.594410E+02 2.079364E+00 1.064800E+01
5.604400E+02 2.079505E+00 1.064600E+01
5.614390E+02 2.079644E+00 1.064400E+01
5.624380E+02 2.079783E+00 1.064200E+01
5.634370E+02 2.079921E+00 1.064000E+01
5.644360E+02 2.080057E+00 1.063900E+01
5.654350E+02 2.080193E+00 1.063700E+01
5.664340E+02 2.080327E+00 1.063500E+01
5.674330E+02 2.080461E+00 1.063300E+01
5.684320E+02 2.080593E+00 1.063100E+01
5.694310E+02 2.080725E+00 1.062900E+01
5.704300E+02 2.080855E+00 1.062800E+01
5.714290E+02 2.080985E+00 1.062600E+01
5.724280E+02 2.081113E+00 1.062400E+01
5.734270E+02 2.081241E+00 1.062200E+01
5.744260E+02 2.081367E+00 1.062000E+01
5.754250E+02 2.081493E+00 1.061800E+01
5.764240E+02 2.081618E+00 1.061700E+01
5.774230E+02 2.081741E+00 1.061500E+01
5.784220E+02 2.081864E+00 1.061300E+01
5.794210E+02 2.081986E+00 1.061100E+01
5.804200E+02 2.082107E+00 1.060900E+01
5.814190E+02 2.082226E+00 1.060800E+01
5.824180E+02 2.082345E+00 1.060600E+01
5.834170E+02 2.082463E+00 1.060400E+01
5.844160E+02 2.082580E+00 1.060200E+01
5.854150E+02 2.082697E+00 1.060000E+01
5.864140E+02 2.082812E+00 1.059900E+01
5.874130E+02 2.082926E+00 1.059700E+01
5.884120E+02 2.083039E+00 1.059500E+01
5.894110E+02 2.083152E+00 1.059300E+01
5.904100E+02 2.083264E+00 1.059100E+01
5.914090E+02 2.083374E+00 1.059000E+01
5.924080E+02 2.083484E+00 1.058800E+01
5.934070E+02 2.083593E+00 1.058600E+01
5.944060E+02 2.083701E+00 1.058400E+01
5.954050E+02 2.083808E+00 1.058300E+01
5.964040E+02 2.083915E+00 1.058100E+01
5.974030E+02 2.084020E+00 1.057900E+01
5.984020E+02 2.084125E+00 1.057700E+01
5.994010E+02 2.084228E+00 1.057600E+01
6.004000E+02 2.084331E+00 1.057400E+01
6.013990E+02 2.084433E+00 1.057200E+01
6.023980E+02 2.084534E+00 1.057000E+01
6.033970E+02 2.084635E+00 1.056900E+01
6.043960E+02 2.084734E+00 1.056700E+01
6.053950E+02 2.084833E+00 1.056500E+01
6.063940E+02 2.084931E+00 1.056300E+01
6.073930E+02 2.085028E+00 1.056200E+01
6.083920E+02 2.085124E+00 1.056000E+01
6.093910E+02 2.085219E+00 1.055800E+01
6.103900E+02 2.085314E+00 1.055600E+01
6.113890E+02 2.085408E+00 1.055500E+01
6.123880E+02 2.085500E+00 1.055300E+01
6.133870E+02 2.085593E+00 1.055100E+01
6.143860E+02 2.085684E+00 1.055000E+01
6.153850E+02 2.085775E+00 1.054800E+01
6.163840E+02 2.085864E+00 1.054600E+01
6.173830E+02 2.085953E+00 1.054400E+01
6.183820E+02 2.086042E+00 1.054300E+01
6.193810E+02 2.086129E+00 1.054100E+01
6.203800E+02 2.086216E+00 1.053900E+01
6.213790E+02 2.086302E+00 1.053800E+01
6.223780E+02 2.086387E+00 1.053600E+01
6.233770E+02 2.086471E+00 1.053400E+01
6.243760E+02 2.086555E+00 1.053300E+01
6.253750E+02 2.086638E+00 1.053100E+01
6.263740E+02 2.086720E+00 1.052900E+01
6.273730E+02 2.086801E+00 1.052700E+01
6.283720E+02 2.086882E+00 1.052600E+01
6.293710E+02 2.086962E+00 1.052400E+01
6.303700E+02 2.087041E+00 1.052200E+01
6.313690E+02 2.087119E+00 1.052100E+01
6.323680E+02 2.087197E+00 1.051900E+01
6.333670E+02 2.087274E+00 1.051700E+01
6.343660E+02 2.087350E+00 1.051600E+01
6.353650E+02 2.087426E+00 1.051400E+01
6.363640E+02 2.087501E+00 1.051200E+01
6.373630E+02 2.087575E+00 1.051100E+01
6.383620E+02 2.087648E+00 1.050900E+01
6.393610E+02 2.087721E+00 1.050700E+01
6.403600E+02 2.087793E+00 1.050600E+01
6.413590E+02 2.087864E+00 1.050400E+01
6.423580E+02 2.087935E+00 1.050200E+01
6.433570E+02 2.088005E+00 1.050100E+01
6.443560E+02 2.088074E+00 1.049900E+01
6.453550E+02 2.088143E+00 1.049800E+01
6.463540E+02 2.088211E+00 1.049600E+01
6.473530E+02 2.088278E+00 1.049400E+01
6.483520E+02 2.088345E+00 1.049300E+01
6.493510E+02 2.088411E+00 1.049100E+01
6.503500E+02 2.088476E+00 1.048900E+01
6.513490E+02 2.088540E+00 1.048800E+01
6.523480E+02 2.088604E+00 1.048600E+01
6.533470E+02 2.088668E+00 1.048400E+01
6.543460E+02 2.088730E+00 1.048300E+01
6.553450E+02 2.088792E+00 1.048100E+01
6.563440E+02 2.088854E+00 1.048000E+01
6.573430E+02 2.088914E+00 1.047800E+01
6.583420E+02 2.088974E+00 1.047600E+01
6.593410E+02 2.089034E+00 1.047500E+01
6.603400E+02 2.089093E+00 1.047300E+01
6.613390E+02 2.089151E+00 1.047200E+01
6.623380E+02 2.089208E+00 1.047000E+01
6.633370E+02 2.089265E+00 1.046800E+01
6.643360E+02 2.089321E+00 1.046700E+01
6.653350E+02 2.089377E+00 1.046500E+01
6.663340E+02 2.089432E+00 1.046400E+01
6.673330E+02 2.089487E+00 1.046200E+01
6.683320E+02 2.089540E+00 1.046000E+01
6.693310E+02 2.089594E+00 1.045900E+01
6.703300E+02 2.089646E+00 1.045700E+01
6.713290E+02 2.089698E+00 1.045600E+01
6.723280E+02 2.089750E+00 1.045400E+01
6.733270E+02 2.089801E+00 1.045200E+01
6.743260E+02 2.089851E+00 1.045100E+01
6.753250E+02 2.089901E+00 1.044900E+01
6.763240E+02 2.089950E+00 1.044800E+01
6.773230E+02 2.089998E+00 1.044600E+01
6.783220E+02 2.090046E+00 1.044500E+01
6.793210E+02 2.090093E+00 1.044300E+01
6.803200E+02 2.090140E+00 1.044100E+01
6.813190E+02 2.090186E+00 1.044000E+01
6.823180E+02 2.090232E+00 1.043800E+01
6.833170E+02 2.090277E+00 1.043700E+01
6.843160E+02 2.090322E+00 1.043500E+01
6.853150E+02 2.090365E+00 1.043400E+01
6.863140E+02 2.090409E+00 1.043200E+01
6.873130E+02 2.090452E+00 1.043000E+01
6.883120E+02 2.090494E+00 1.042900E+01
6.893110E+02 2.090536E+00 1.042700E+01
6.903100E+02 2.090577E+00 1.042600E+01
6.913090E+02 2.090617E+00 1.042400E+01
6.923080E+02 2.090658E+00 1.042300E+01
6.933070E+02 2.090697E+00 1.042100E+01
6.943060E+02 2.090736E+00 1.042000E+01
6.953050E+02 2.090775E+00 1.041800E+01
6.963040E+02 2.090813E+00 1.041700E+01
6.973030E+02 2.090850E+00 1.041500E+01
6.983020E+02 2.090887E+00 1.041400E+01
6.993010E+02 2.090923E+00 1.041200E+01
7.003000E+02 2.090959E+00 1.041000E+01
7.012990E+02 2.090994E+00 1.040900E+01
7.022980E+02 2.091029E+00 1.040700E+01
7.032970E+02 2.091063E+00 1.040600E+01
7.042960E+02 2.091097E+00 1.040400E+01
7.052950E+02 2.091131E+00 1.040300E+01
7.062940E+02 2.091163E+00 1.040100E+01
7.072930E+02 2.091196E+00 1.040000E+01
7.082920E+02 2.091227E+00 1.039800E+01
7.092910E+02 2.091259E+00 1.039700E+01
7.102900E+02 2.091289E+00 1.039500E+01
7.112890E+02 2.091320E+00 1.039400E+01
7.122880E+02 2.091349E+00 1.039200E+01
7.132870E+02 2.091379E+00 1.039100E+01
7.142860E+02 2.091407E+00 1.038900E+01
7.152850E+02 2.091436E+00 1.038800E+01
7.162840E+02 2.091464E+00 1.038600E+01
7.172830E+02 2.091491E+00 1.038500E+01
7.182820E+02 2.091518E+00 1.038300E+01
7.192810E+02 2.091544E+00 1.038200E+01
7.202800E+02 2.091570E+00 1.038000E+01
7.212790E+02 2.091595E+00 1.037900E+01
7.222780E+02 2.091620E+00 1.037700E+01
7.232770E+02 2.091645E+00 1.037600E+01
7.242760E+02 2.091669E+00 1.037400E+01
7.252750E+02 2.091693E+00 1.037300E+01
7.262740E+02 2.091716E+00 1.037100E+01
7.272730E+02 2.091738E+00 1.037000E+01
7.282720E+02 2.091760E+00 1.036900E+01
7.292710E+02 2.091782E+00 1.036700E+01
7.302700E+02 2.091803E+00 1.036600E+01
7.312690E+02 2.091824E+00 1.036400E+01
7.322680E+02 2.091845E+00 1.036300E+01
7.332670E+02 2.091865E+00 1.036100E+01
7.342660E+02 2.091884E+00 1.036000E+01
7.352650E+02 2.091903E+00 1.035800E+01
7.362640E+02 2.091922E+00 1.035700E+01
7.372630E+02 2.091940E+00 1.035500E+01
7.382620E+02 2.091958E+00 1.035400E+01
7.392610E+02 2.091975E+00 1.035200E+01
7.402600E+02 2.091992E+00 1.035100E+01
7.412590E+02 2.092008E+00 1.035000E+01
7.422580E+02 2.092024E+00 1.034800E+01
7.432570E+02 2.092040E+00 1.034700E+01
7.442560E+02 2.092055E+00 1.034500E+01
7.452550E+02 2.092070E+00 1.034400E+01
7.462540E+02 2.092084E+00 1.034200E+01
7.472530E+02 2.092098E+00 1.034100E+01
7.482520E+02 2.092111E+00 1.033900E+01
7.492510E+02 2.092124E+00 1.033800E+01
7.502500E+02 2.092137E+00 1.033700E+01
7.512490E+02 2.092149E+00 1.033500E+01
7.522480E+02 2.092161E+00 1.033400E+01
7.532470E+02 2.092172E+00 1.033200E+01
7.542460E+02 2.092183E+00 1.033100E+01
7.552450E+02 2.092194E+00 1.032900E+01
7.562440E+02 2.092204E+00 1.032800E+01
7.572430E+02 2.092214E+00 1.032700E+01
7.582420E+02 2.092223E+00 1.032500E+01
7.592410E+02 2.092232E+00 1.032400E+01
7.602400E+02 2.092241E+00 1.032200E+01
7.612390E+02 2.092249E+00 1.032100E+01
7.622380E+02 2.092257E+00 1.032000E+01
7.632370E+02 2.092264E+00 1.031800E+01
7.642360E+02 2.092271E+00 1.031700E+01
7.652350E+02 2.092278E+00 1.031500E+01
7.662340E+02 2.092284E+00 1.031400E+01
7.672330E+02 2.092290E+00 1.031300E+01
7.682320E+02 2.092296E+00 1.031100E+01
7.692310E+02 2.092301E+00 1.031000E+01
7.702300E+02 2.092306E+00 1.030800E+01
7.712290E+02 2.092310E+00 1.030700E+01
7.722280E+02 2.092314E+00 1.030600E+01
7.732270E+02 2.092318E+00 1.030400E+01
7.742260E+02 2.092321E+00 1.030300E+01
7.752250E+02 2.092324E+00 1.030100E+01
7.762240E+02 2.092326E+00 1.030000E+01
7.772230E+02 2.092328E+00 1.029900E+01
7.782220E+02 2.092330E+00 1.029700E+01
7.792210E+02 2.092332E+00 1.029600E+01
7.802200E+02 2.092333E+00 1.029400E+01
7.812190E+02 2.092333E+00 1.029300E+01
7.822180E+02 2.092334E+00 1.029200E+01
7.832170E+02 2.092334E+00 1.029000E+01
7.842160E+02 2.092333E+00 1.028900E+01
7.852150E+02 2.092333E+00 1.028800E+01
7.862140E+02 2.092332E+00 1.028600E+01
7.872130E+02 2.092330E+00 1.028500E+01
7.882120E+02 2.092328E+00 1.028400E+01
7.892110E+02 2.092326E+00 1.028200E+01
7.902100E+02 2.092324E+00 1.028100E+01
7.912090E+02 2.092321E+00 1.027900E+01
7.922080E+02 2.092318E+00 1.027800E+01
7.932070E+02 2.092314E+00 1.027700E+01
7.942060E+02 2.092311E+00 1.027500E+01
7.952050E+02 2.092306E+00 1.027400E+01
7.962040E+02 2.092302E+00 1.027300E+01
7.972030E+02 2.092297E+00 1.027100E+01
7.982020E+02 2.092292E+00 1.027000E+01
7.992010E+02 2.092286E+00 1.026900E+01
8.002000E+02 2.092281E+00 1.026700E+01
8.011990E+02 2.092274E+00 1.026600E+01
8.021980E+02 2.092268E+00 1.026500E+01
8.031970E+02 2.092261E+00 1.026300E+01
8.041960E+02 2.092254E+00 1.026200E+01
8.051950E+02 2.092247E+00 1.026100E+01
8.061940E+02 2.092239E+00 1.025900E+01
8.071930E+02 2.092231E+00 1.025800E+01
8.081920E+02 2.092222E+00 1.025700E+01
8.091910E+02 2.092214E+00 1.025500E+01
8.101900E+02 2.092205E+00 1.025400E+01
8.111890E+02 2.092195E+00 1.025300E+01
8.121880E+02 2.092186E+00 1.025100E+01
8.131870E+02 2.092176E+00 1.025000E+01
8.141860E+02 2.092165E+00 1.024900E+01
8.151850E+02 2.092155E+00 1.024700E+01
8.161840E+02 2.092144E+00 1.024600E+01
8.171830E+02 2.092132E+00 1.024500E+01
8.181820E+02 2.092121E+00 1.024300E+01
8.191810E+02 2.092109E+00 1.024200E+01
8.201800E+02 2.092097E+00 1.024100E+01
8.211790E+02 2.092085E+00 1.023900E+01
8.221780E+02 2.092072E+00 1.023800E+01
8.231770E+02 2.092059E+00 1.023700E+01
8.241760E+02 2.092046E+00 1.023500E+01
8.251750E+02 2.092032E+00 1.023400E+01
8.261740E+02 2.092018E+00 1.023300E+01
8.271730E+02 2.092004E+00 1.023100E+01
8.281720E+02 2.091989E+00 1.023000E+01
8.291710E+02 2.091975E+00 1.022900E+01
8.301700E+02 2.091959E+00 1.022800E+01
8.311690E+02 2.091944E+00 1.022600E+01
8.321680E+02 2.091928E+00 1.022500E+01
8.331670E+02 2.091913E+00 1.022400E+01
8.341660E+02 2.091896E+00 1.022200E+01
8.351650E+02 2.091880E+00 1.022100E+01
8.361640E+02 2.091863E+00 1.022000E+01
8.371630E+02 2.091846E+00 1.021900E+01
8.381620E+02 2.091829E+00 1.021700E+01
8.391610E+02 2.091811E+00 1.021600E+01
8.401600E+02 2.091793E+00 1.021500E+01
8.411590E+02 2.091775E+00 1.021300E+01
8.421580E+02 2.091756E+00 1.021200E+01
8.431570E+02 2.091738E+00 1.021100E+01
8.441560E+02 2.091719E+00 1.021000E+01
8.451550E+02 2.091700E+00 1.020800E+01
8.461540E+02 2.091680E+00 1.020700E+01
8.471530E+02 2.091660E+00 1.020600E+01
8.481520E+02 2.091640E+00 1.020400E+01
8.491510E+02 2.091620E+00 1.020300E+01
8.501500E+02 2.091599E+00 1.020200E+01
8.511490E+02 2.091578E+00 1.020100E+01
8.521480E+02 2.091557E+00 1.019900E+01
8.531470E+02 2.091536E+00 1.019800E+01
8.541460E+02 2.091514E+00 1.019700E+01
8.551450E+02 2.091492E+00 1.019600E+01
8.561440E+02 2.091470E+00 1.019400E+01
8.571430E+02 2.091448E+00 1.019300E+01
8.581420E+02 2.091425E+00 1.019200E+01
8.591410E+02 2.091402E+00 1.019100E+01
8.601400E+02 2.091379E+00 1.018900E+01
8.611390E+02 2.091356E+00 1.018800E+01
8.621380E+02 2.091332E+00 1.018700E+01
8.631370E+02 2.091308E+00 1.018600E+01
8.641360E+02 2.091284E+00 1.018400E+01
8.651350E+02 2.091259E+00 1.018300E+01
8.661340E+02 2.091235E+00 1.018200E+01
8.671330E+02 2.091210E+00 1.018100E+01
8.681320E+02 2.091185E+00 1.017900E+01
8.691310E+02 2.091159E+00 1.017800E+01
8.701300E+02 2.091133E+00 1.017700E+01
8.711290E+02 2.091108E+00 1.017600E+01
8.721280E+02 2.091081E+00 1.017400E+01
8.731270E+02 2.091055E+00 1.017300E+01
8.741260E+02 2.091028E+00 1.017200E+01
8.751250E+02 2.091002E+00 1.017100E+01
8.761240E+02 2.090975E+00 1.016900E+01
8.771230E+02 2.090947E+00 1.016800E+01
8.781220E+02 2.090920E+00 1.016700E+01
8.791210E+02 2.090892E+00 1.016600E+01
8.801200E+02 2.090864E+00 1.016400E+01
8.811190E+02 2.090836E+00 1.016300E+01
8.821180E+02 2.090807E+00 1.016200E+01
8.831170E+02 2.090778E+00 1.016100E+01
8.841160E+02 2.090749E+00 1.016000E+01
8.851150E+02 2.090720E+00 1.015800E+01
8.861140E+02 2.090691E+00 1.015700E+01
8.871130E+02 2.090661E+00 1.015600E+01
8.881120E+02 2.090631E+00 1.015500E+01
8.891110E+02 2.090601E+00 1.015300E+01
8.901100E+02 2.090571E+00 1.015200E+01
8.911090E+02 2.090541E+00 1.015100E+01
8.921080E+02 2.090510E+00 1.015000E+01
8.931070E+02 2.090479E+00 1.014900E+01
8.941060E+02 2.090448E+00 1.014700E+01
8.951050E+02 2.090416E+00 1.014600E+01
8.961040E+02 2.090385E+00 1.014500E+01
8.971030E+02 2.090353E+00 1.014400E+01
8.981020E+02 2.090321E+00 1.014300E+01
8.991010E+02 2.090289E+00 1.014100E+01
9.001000E+02 2.090256E+00 1.014000E+01
9.010990E+02 2.090223E+00 1.013900E+01
9.020980E+02 2.090191E+00 1.013800E+01
9.030970E+02 2.090157E+00 1.013700E+01
9.040960E+02 2.090124E+00 1.013500E+01
9.050950E+02 2.090091E+00 1.013400E+01
9.060940E+02 2.090057E+00 1.013300E+01
9.070930E+02 2.090023E+00 1.013200E+01
9.080920E+02 2.089989E+00 1.013100E+01
9.090910E+02 2.089954E+00 1.012900E+01
9.100900E+02 2.089920E+00 1.012800E+01
9.110890E+02 2.089885E+00 1.012700E+01
9.120880E+02 2.089850E+00 1.012600E+01
9.130870E+02 2.089815E+00 1.012500E+01
9.140860E+02 2.089780E+00 1.012300E+01
9.150850E+02 2.089744E+00 1.012200E+01
9.160840E+02 2.089708E+00 1.012100E+01
9.170830E+02 2.089672E+00 1.012000E+01
9.180820E+02 2.089636E+00 1.011900E+01
9.190810E+02 2.089600E+00 1.011800E+01
9.200800E+02 2.089563E+00 1.011600E+01
9.210790E+02 2.089527E+00 1.011500E+01
9.220780E+02 2.089490E+00 1.011400E+01
9.230770E+02 2.089453E+00 1.011300E+01
9.240760E+02 2.089415E+00 1.011200E+01
9.250750E+02 2.089378E+00 1.011100E+01
9.260740E+02 2.089340E+00 1.010900E+01
9.270730E+02 2.089302E+00 1.010800E+01
9.280720E+02 2.089264E+00 1.010700E+01
9.290710E+02 2.089226E+00 1.010600E+01
9.300700E+02 2.089187E+00 1.010500E+01
9.310690E+02 2.089149E+00 1.010400E+01
9.320680E+02 2.089110E+00 1.010200E+01
9.330670E+02 2.089071E+00 1.010100E+01
9.340660E+02 2.089032E+00 1.010000E+01
9.350650E+02 2.088992E+00 1.009900E+01
9.360640E+02 2.088953E+00 1.009800E+01
9.370630E+02 2.088913E+00 1.009700E+01
9.380620E+02 2.088873E+00 1.009500E+01
9.390610E+02 2.088833E+00 1.009400E+01
9.400600E+02 2.088793E+00 1.009300E+01
9.410590E+02 2.088752E+00 1.009200E+01
9.420580E+02 2.088712E+00 1.009100E+01
9.430570E+02 2.088671E+00 1.009000E+01
9.440560E+02 2.088630E+00 1.008900E+01
9.450550E+02 2.088589E+00 1.008700E+01
9.460540E+02 2.088547E+00 1.008600E+01
9.470530E+02 2.088506E+00 1.008500E+01
9.480520E+02 2.088464E+00 1.008400E+01
9.490510E+02 2.088422E+00 1.008300E+01
9.500500E+02 2.088380E+00 1.008200E+01
9.510490E+02 2.088338E+00 1.008100E+01
9.520480E+02 2.088296E+00 1.007900E+01
9.530470E+02 2.088253E+00 1.007800E+01
9.540460E+02 2.088210E+00 1.007700E+01
9.550450E+02 2.088168E+00 1.007600E+01
9.560440E+02 2.088124E+00 1.007500E+01
9.570430E+02 2.088081E+00 1.007400E+01
9.580420E+02 2.088038E+00 1.007300E+01
9.590410E+02 2.087994E+00 1.007200E+01
9.600400E+02 2.087951E+00 1.007000E+01
9.610390E+02 2.087907E+00 1.006900E+01
9.620380E+02 2.087863E+00 1.006800E+01
9.630370E+02 2.087818E+00 1.006700E+01
9.640360E+02 2.087774E+00 1.006600E+01
9.650350E+02 2.087730E+00 1.006500E+01
9.660340E+02 2.087685E+00 1.006400E+01
9.670330E+02 2.087640E+00 1.006300E+01
9.680320E+02 2.087595E+00 1.006100E+01
9.690310E+02 2.087550E+00 1.006000E+01
9.700300E+02 2.087505E+00 1.005900E+01
9.710290E+02 2.087459E+00 1.005800E+01
9.720280E+02 2.087413E+00 1.005700E+01
9.730270E+02 2.087368E+00 1.005600E+01
9.740260E+02 2.087322E+00 1.005500E+01
9.750250E+02 2.087276E+00 1.005400E+01
9.760240E+02 2.087229E+00 1.005300E+01
9.770230E+02 2.087183E+00 1.005100E+01
9.780220E+02 2.087136E+00 1.005000E+01
9.790210E+02 2.087090E+00 1.004900E+01
9.800200E+02 2.087043E+00 1.004800E+01
9.810190E+02 2.086996E+00 1.004700E+01
9.820180E+02 2.086949E+00 1.004600E+01
9.830170E+02 2.086901E+00 1.004500E+01
9.840160E+02 2.086854E+00 1.004400E+01
9.850150E+02 2.086806E+00 1.004300E+01
9.860140E+02 2.086758E+00 1.004200E+01
9.870130E+02 2.086710E+00 1.004000E+01
9.880120E+02 2.086662E+00 1.003900E+01
9.890110E+02 2.086614E+00 1.003800E+01
9.900100E+02 2.086566E+00 1.003700E+01
9.910090E+02 2.086517E+00 1.003600E+01
9.920080E+02 2.086469E+00 1.003500E+01
9.930070E+02 2.086420E+00 1.003400E+01
9.940060E+02 2.086371E+00 1.003300E+01
9.950050E+02 2.086322E+00 1.003200E+01
9.960040E+02 2.086273E+00 1.003100E+01
9.970030E+02 2.086223E+00 1.003000E+01
9.980020E+02 2.086174E+00 1.002800E+01
9.990010E+02 2.086124E+00 1.002700E+01
