1.000000E+00 1.011296E-01 3.427000E+01
1.999000E+00 1.519698E-01 1.764300E+01
2.998000E+00 1.992097E-01 1.472200E+01
3.997000E+00 2.428105E-01 1.357100E+01
4.996000E+00 2.833946E-01 1.297800E+01
5.995000E+00 3.214533E-01 1.262900E+01
6.994000E+00 3.573545E-01 1.240500E+01
7.993000E+00 3.913795E-01 1.225400E+01
8.992000E+00 4.237489E-01 1.214700E+01
9.991000E+00 4.546405E-01 1.207000E+01
1.099000E+01 4.841997E-01 1.201300E+01
1.198900E+01 5.125486E-01 1.197100E+01
1.298800E+01 5.397907E-01 1.193800E+01
1.398700E+01 5.660144E-01 1.191400E+01
1.498600E+01 5.912968E-01 1.189500E+01
1.598500E+01 6.157053E-01 1.188000E+01
1.698400E+01 6.392994E-01 1.186800E+01
1.798300E+01 6.621319E-01 1.185900E+01
1.898200E+01 6.842501E-01 1.185200E+01
1.998100E+01 7.056969E-01 1.184700E+01
2.098000E+01 7.265106E-01 1.184300E+01
2.197900E+01 7.467262E-01 1.184000E+01
2.297800E+01 7.663756E-01 1.183800E+01
2.397700E+01 7.854879E-01 1.183600E+01
2.497600E+01 8.040901E-01 1.183500E+01
2.597500E+01 8.222068E-01 1.183400E+01
2.697400E+01 8.398608E-01 1.183400E+01
2.797300E+01 8.570734E-01 1.183300E+01
2.897200E+01 8.738640E-01 1.183300E+01
2.997100E+01 8.902511E-01 1.183300E+01
3.097000E+01 9.062517E-01 1.183300E+01
3.196900E+01 9.218818E-01 1.183300E+01
3.296800E+01 9.371563E-01 1.183400E+01
3.396700E+01 9.520892E-01 1.183400E+01
3.496600E+01 9.666938E-01 1.183400E+01
3.596500E+01 9.809824E-01 1.183400E+01
3.696400E+01 9.949667E-01 1.183400E+01
3.796300E+01 1.008658E+00 1.183400E+01
3.896200E+01 1.022066E+00 1.183400E+01
3.996100E+01 1.035201E+00 1.183400E+01
4.096000E+01 1.048073E+00 1.183400E+01
4.195900E+01 1.060689E+00 1.183400E+01
4.295800E+01 1.073060E+00 1.183300E+01
4.395700E+01 1.085192E+00 1.183300E+01
4.495600E+01 1.097093E+00 1.183300E+01
4.595500E+01 1.108771E+00 1.183200E+01
4.695400E+01 1.120233E+00 1.183200E+01
4.795300E+01 1.131484E+00 1.183100E+01
4.895200E+01 1.142532E+00 1.183000E+01
4.995100E+01 1.153382E+00 1.183000E+01
5.095000E+01 1.164041E+00 1.182900E+01
5.194900E+01 1.174513E+00 1.182800E+01
5.294800E+01 1.184804E+00 1.182700E+01
5.394700E+01 1.194919E+00 1.182600E+01
5.494600E+01 1.204862E+00 1.182500E+01
5.594500E+01 1.214640E+00 1.182300E+01
5.694400E+01 1.224255E+00 1.182200E+01
5.794300E+01 1.233713E+00 1.182100E+01
5.894200E+01 1.243017E+00 1.182000E+01
5.994100E+01 1.252171E+00 1.181800E+01
6.094000E+01 1.261180E+00 1.181700E+01
6.193900E+01 1.270046E+00 1.181500E+01
6.293800E+01 1.278774E+00 1.181400E+01
6.393700E+01 1.287367E+00 1.181200E+01
6.493600E+01 1.295828E+00 1.181000E+01
6.593500E+01 1.304160E+00 1.180800E+01
6.693400E+01 1.312366E+00 1.180700E+01
6.793300E+01 1.320451E+00 1.180500E+01
6.893200E+01 1.328415E+00 1.180300E+01
6.993100E+01 1.336262E+00 1.180100E+01
7.093000E+01 1.343995E+00 1.179900E+01
7.192900E+01 1.351616E+00 1.179700E+01
7.292800E+01 1.359128E+00 1.179500E+01
7.392700E+01 1.366534E+00 1.179300E+01
7.492600E+01 1.373835E+00 1.179100E+01
7.592500E+01 1.381033E+00 1.178900E+01
7.692400E+01 1.388132E+00 1.178600E+01
7.792300E+01 1.395133E+00 1.178400E+01
7.892200E+01 1.402038E+00 1.178200E+01
7.992100E+01 1.408850E+00 1.177900E+01
8.092000E+01 1.415569E+00 1.177700E+01
8.191900E+01 1.422199E+00 1.177500E+01
8.291800E+01 1.428741E+00 1.177200E+01
8.391700E+01 1.435196E+00 1.177000E+01
8.491600E+01 1.441567E+00 1.176800E+01
8.591500E+01 1.447855E+00 1.176500E+01
8.691400E+01 1.454061E+00 1.176300E+01
8.791300E+01 1.460189E+00 1.176000E+01
8.891200E+01 1.466238E+00 1.175700E+01
8.991100E+01 1.472210E+00 1.175500E+01
9.091000E+01 1.478107E+00 1.175200E+01
9.190900E+01 1.483931E+00 1.175000E+01
9.290800E+01 1.489682E+00 1.174700E+01
9.390700E+01 1.495363E+00 1.174400E+01
9.490600E+01 1.500973E+00 1.174200E+01
9.590500E+01 1.506516E+00 1.173900E+01
9.690400E+01 1.511991E+00 1.173600E+01
9.790300E+01 1.517400E+00 1.173400E+01
9.890200E+01 1.522745E+00 1.173100E+01
9.990100E+01 1.528026E+00 1.172800E+01
1.009000E+02 1.533244E+00 1.172500E+01
1.018990E+02 1.538402E+00 1.172300E+01
1.028980E+02 1.543499E+00 1.172000E+01
1.038970E+02 1.548536E+00 1.171700E+01
1.048960E+02 1.553516E+00 1.171400E+01
1.058950E+02 1.558438E+00 1.171100E+01
1.068940E+02 1.563304E+00 1.170800E+01
1.078930E+02 1.568115E+00 1.170600E+01
1.088920E+02 1.572872E+00 1.170300E+01
1.098910E+02 1.577575E+00 1.170000E+01
1.108900E+02 1.582225E+00 1.169700E+01
1.118890E+02 1.586824E+00 1.169400E+01
1.128880E+02 1.591372E+00 1.169100E+01
1.138870E+02 1.595869E+00 1.168800E+01
1.148860E+02 1.600318E+00 1.168500E+01
1.158850E+02 1.604718E+00 1.168200E+01
1.168840E+02 1.609071E+00 1.167900E+01
1.178830E+02 1.613376E+00 1.167700E+01
1.188820E+02 1.617636E+00 1.167400E+01
1.198810E+02 1.621849E+00 1.167100E+01
1.208800E+02 1.626019E+00 1.166800E+01
1.218790E+02 1.630144E+00 1.166500E+01
1.228780E+02 1.634225E+00 1.166200E+01
1.238770E+02 1.638264E+00 1.165900E+01
1.248760E+02 1.642261E+00 1.165600E+01
1.258750E+02 1.646217E+00 1.165300E+01
1.268740E+02 1.650131E+00 1.165000E+01
1.278730E+02 1.654006E+00 1.164700E+01
1.288720E+02 1.657841E+00 1.164400E+01
1.298710E+02 1.661637E+00 1.164100E+01
1.308700E+02 1.665394E+00 1.163800E+01
1.318690E+02 1.669113E+00 1.163500E+01
1.328680E+02 1.672796E+00 1.163200E+01
1.338670E+02 1.676441E+00 1.162900E+01
1.348660E+02 1.680050E+00 1.162600E+01
1.358650E+02 1.683623E+00 1.162200E+01
1.368640E+02 1.687161E+00 1.161900E+01
1.378630E+02 1.690664E+00 1.161600E+01
1.388620E+02 1.694133E+00 1.161300E+01
1.398610E+02 1.697568E+00 1.161000E+01
1.408600E+02 1.700970E+00 1.160700E+01
1.418590E+02 1.704339E+00 1.160400E+01
1.428580E+02 1.707676E+00 1.160100E+01
1.438570E+02 1.710980E+00 1.159800E+01
1.448560E+02 1.714254E+00 1.159500E+01
1.458550E+02 1.717495E+00 1.159200E+01
1.468540E+02 1.720707E+00 1.158900E+01
1.478530E+02 1.723888E+00 1.158600E+01
1.488520E+02 1.727039E+00 1.158300E+01
1.498510E+02 1.730161E+00 1.158000E+01
1.508500E+02 1.733253E+00 1.157700E+01
1.518490E+02 1.736317E+00 1.157400E+01
1.528480E+02 1.739353E+00 1.157100E+01
1.538470E+02 1.742360E+00 1.156800E+01
1.548460E+02 1.745340E+00 1.156500E+01
1.558450E+02 1.748293E+00 1.156200E+01
1.568440E+02 1.751219E+00 1.155900E+01
1.578430E+02 1.754118E+00 1.155600E+01
1.588420E+02 1.756991E+00 1.155300E+01
1.598410E+02 1.759838E+00 1.154900E+01
1.608400E+02 1.762660E+00 1.154600E+01
1.618390E+02 1.765456E+00 1.154300E+01
1.628380E+02 1.768228E+00 1.154000E+01
1.638370E+02 1.770975E+00 1.153700E+01
1.648360E+02 1.773698E+00 1.153400E+01
1.658350E+02 1.776396E+00 1.153100E+01
1.668340E+02 1.779071E+00 1.152800E+01
1.678330E+02 1.781723E+00 1.152500E+01
1.688320E+02 1.784351E+00 1.152200E+01
1.698310E+02 1.786956E+00 1.151900E+01
1.708300E+02 1.789539E+00 1.151600E+01
1.718290E+02 1.792100E+00 1.151300E+01
1.728280E+02 1.794639E+00 1.151000E+01
1.738270E+02 1.797155E+00 1.150700E+01
1.748260E+02 1.799651E+00 1.150400E+01
1.758250E+02 1.802125E+00 1.150100E+01
1.768240E+02 1.804578E+00 1.149800E+01
1.778230E+02 1.807010E+00 1.149500E+01
1.788220E+02 1.809422E+00 1.149200E+01
1.798210E+02 1.811813E+00 1.148900E+01
1.808200E+02 1.814185E+00 1.148600E+01
1.818190E+02 1.816536E+00 1.148300E+01
1.828180E+02 1.818868E+00 1.148000E+01
1.838170E+02 1.821181E+00 1.147700E+01
1.848160E+02 1.823474E+00 1.147400E+01
1.858150E+02 1.825749E+00 1.147100E+01
1.868140E+02 1.828004E+00 1.146800E+01
1.878130E+02 1.830242E+00 1.146500E+01
1.888120E+02 1.832461E+00 1.146200E+01
1.898110E+02 1.834662E+00 1.145900E+01
1.908100E+02 1.836845E+00 1.145600E+01
1.918090E+02 1.839010E+00 1.145300E+01
1.928080E+02 1.841158E+00 1.145000E+01
1.938070E+02 1.843288E+00 1.144800E+01
1.948060E+02 1.845402E+00 1.144500E+01
1.958050E+02 1.847498E+00 1.144200E+01
1.968040E+02 1.849578E+00 1.143900E+01
1.978030E+02 1.851641E+00 1.143600E+01
1.988020E+02 1.853687E+00 1.143300E+01
1.998010E+02 1.855718E+00 1.143000E+01
2.008000E+02 1.857732E+00 1.142700E+01
2.017990E+02 1.859731E+00 1.142400E+01
2.027980E+02 1.861714E+00 1.142100E+01
2.037970E+02 1.863681E+00 1.141800E+01
2.047960E+02 1.865633E+00 1.141500E+01
2.057950E+02 1.867570E+00 1.141200E+01
2.067940E+02 1.869492E+00 1.141000E+01
2.077930E+02 1.871399E+00 1.140700E+01
2.087920E+02 1.873291E+00 1.140400E+01
2.097910E+02 1.875169E+00 1.140100E+01
2.107900E+02 1.877032E+00 1.139800E+01
2.117890E+02 1.878881E+00 1.139500E+01
2.127880E+02 1.880715E+00 1.139200E+01
2.137870E+02 1.882536E+00 1.138900E+01
2.147860E+02 1.884343E+00 1.138600E+01
2.157850E+02 1.886136E+00 1.138400E+01
2.167840E+02 1.887915E+00 1.138100E+01
2.177830E+02 1.889682E+00 1.137800E+01
2.187820E+02 1.891434E+00 1.137500E+01
2.197810E+02 1.893174E+00 1.137200E+01
2.207800E+02 1.894901E+00 1.136900E+01
2.217790E+02 1.896615E+00 1.136600E+01
2.227780E+02 1.898316E+00 1.136400E+01
2.237770E+02 1.900004E+00 1.136100E+01
2.247760E+02 1.901680E+00 1.135800E+01
2.257750E+02 1.903343E+00 1.135500E+01
2.267740E+02 1.904994E+00 1.135200E+01
2.277730E+02 1.906633E+00 1.135000E+01
2.287720E+02 1.908260E+00 1.134700E+01
2.297710E+02 1.909875E+00 1.134400E+01
2.307700E+02 1.911478E+00 1.134100E+01
2.317690E+02 1.913070E+00 1.133800E+01
2.327680E+02 1.914649E+00 1.133600E+01
2.337670E+02 1.916218E+00 1.133300E+01
2.347660E+02 1.917775E+00 1.133000E+01
2.357650E+02 1.919321E+00 1.132700E+01
2.367640E+02 1.920855E+00 1.132400E+01
2.377630E+02 1.922379E+00 1.132200E+01
2.387620E+02 1.923892E+00 1.131900E+01
2.397610E+02 1.925393E+00 1.131600E+01
2.407600E+02 1.926885E+00 1.131300E+01
2.417590E+02 1.928365E+00 1.131100E+01
2.427580E+02 1.929835E+00 1.130800E+01
2.437570E+02 1.931294E+00 1.130500E+01
2.447560E+02 1.932744E+00 1.130200E+01
2.457550E+02 1.934182E+00 1.130000E+01
2.467540E+02 1.935611E+00 1.129700E+01
2.477530E+02 1.937030E+00 1.129400E+01
2.487520E+02 1.938439E+00 1.129200E+01
2.497510E+02 1.939837E+00 1.128900E+01
2.507500E+02 1.941226E+00 1.128600E+01
2.517490E+02 1.942606E+00 1.128300E+01
2.527480E+02 1.943976E+00 1.128100E+01
2.537470E+02 1.945336E+00 1.127800E+01
2.547460E+02 1.946687E+00 1.127500E+01
2.557450E+02 1.948028E+00 1.127300E+01
2.567440E+02 1.949360E+00 1.127000E+01
2.577430E+02 1.950683E+00 1.126700E+01
2.587420E+02 1.951997E+00 1.126500E+01
2.597410E+02 1.953302E+00 1.126200E+01
2.607400E+02 1.954598E+00 1.125900E+01
2.617390E+02 1.955885E+00 1.125700E+01
2.627380E+02 1.957163E+00 1.125400E+01
2.637370E+02 1.958433E+00 1.125100E+01
2.647360E+02 1.959693E+00 1.124900E+01
2.657350E+02 1.960946E+00 1.124600E+01
2.667340E+02 1.962190E+00 1.124300E+01
2.677330E+02 1.963425E+00 1.124100E+01
2.687320E+02 1.964652E+00 1.123800E+01
2.697310E+02 1.965871E+00 1.123500E+01
2.707300E+02 1.967082E+00 1.123300E+01
2.717290E+02 1.968284E+00 1.123000E+01
2.727280E+02 1.969479E+00 1.122800E+01
2.737270E+02 1.970665E+00 1.122500E+01
2.747260E+02 1.971844E+00 1.122200E+01
2.757250E+02 1.973014E+00 1.122000E+01
2.767240E+02 1.974177E+00 1.121700E+01
2.777230E+02 1.975332E+00 1.121500E+01
2.787220E+02 1.976480E+00 1.121200E+01
2.797210E+02 1.977620E+00 1.120900E+01
2.807200E+02 1.978752E+00 1.120700E+01
2.817190E+02 1.979877E+00 1.120400E+01
2.827180E+02 1.980995E+00 1.120200E+01
2.837170E+02 1.982105E+00 1.119900E+01
2.847160E+02 1.983208E+00 1.119700E+01
2.857150E+02 1.984304E+00 1.119400E+01
2.867140E+02 1.985392E+00 1.119100E+01
2.877130E+02 1.986474E+00 1.118900E+01
2.887120E+02 1.987548E+00 1.118600E+01
2.897110E+02 1.988615E+00 1.118400E+01
2.907100E+02 1.989676E+00 1.118100E+01
2.917090E+02 1.990729E+00 1.117900E+01
2.927080E+02 1.991776E+00 1.117600E+01
2.937070E+02 1.992816E+00 1.117400E+01
2.947060E+02 1.993850E+00 1.117100E+01
2.957050E+02 1.994876E+00 1.116900E+01
2.967040E+02 1.995896E+00 1.116600E+01
2.977030E+02 1.996910E+00 1.116400E+01
2.987020E+02 1.997917E+00 1.116100E+01
2.997010E+02 1.998917E+00 1.115900E+01
3.007000E+02 1.999912E+00 1.115600E+01
3.016990E+02 2.000899E+00 1.115400E+01
3.026980E+02 2.001881E+00 1.115100E+01
3.036970E+02 2.002856E+00 1.114900E+01
3.046960E+02 2.003825E+00 1.114600E+01
3.056950E+02 2.004788E+00 1.114400E+01
3.066940E+02 2.005745E+00 1.114100E+01
3.076930E+02 2.006696E+00 1.113900E+01
3.086920E+02 2.007641E+00 1.113600E+01
3.096910E+02 2.008580E+00 1.113400E+01
3.106900E+02 2.009513E+00 1.113200E+01
3.116890E+02 2.010440E+00 1.112900E+01
3.126880E+02 2.011361E+00 1.112700E+01
3.136870E+02 2.012277E+00 1.112400E+01
3.146860E+02 2.013186E+00 1.112200E+01
3.156850E+02 2.014091E+00 1.111900E+01
3.166840E+02 2.014989E+00 1.111700E+01
3.176830E+02 2.015882E+00 1.111500E+01
3.186820E+02 2.016769E+00 1.111200E+01
3.196810E+02 2.017651E+00 1.111000E+01
3.206800E+02 2.018527E+00 1.110700E+01
3.216790E+02 2.019398E+00 1.110500E+01
3.226780E+02 2.020264E+00 1.110200E+01
3.236770E+02 2.021124E+00 1.110000E+01
3.246760E+02 2.021979E+00 1.109800E+01
3.256750E+02 2.022828E+00 1.109500E+01
3.266740E+02 2.023673E+00 1.109300E+01
3.276730E+02 2.024512E+00 1.109100E+01
3.286720E+02 2.025346E+00 1.108800E+01
3.296710E+02 2.026175E+00 1.108600E+01
3.306700E+02 2.026999E+00 1.108300E+01
3.316690E+02 2.027817E+00 1.108100E+01
3.326680E+02 2.028631E+00 1.107900E+01
3.336670E+02 2.029440E+00 1.107600E+01
3.346660E+02 2.030244E+00 1.107400E+01
3.356650E+02 2.031043E+00 1.107200E+01
3.366640E+02 2.031837E+00 1.106900E+01
3.376630E+02 2.032627E+00 1.106700E+01
3.386620E+02 2.033411E+00 1.106500E+01
3.396610E+02 2.034191E+00 1.106200E+01
3.406600E+02 2.034966E+00 1.106000E+01
3.416590E+02 2.035737E+00 1.105800E+01
3.426580E+02 2.036502E+00 1.105500E+01
3.436570E+02 2.037264E+00 1.105300E+01
3.446560E+02 2.038020E+00 1.105100E+01
3.456550E+02 2.038772E+00 1.104800E+01
3.466540E+02 2.039520E+00 1.104600E+01
3.476530E+02 2.040263E+00 1.104400E+01
3.486520E+02 2.041001E+00 1.104200E+01
3.496510E+02 2.041736E+00 1.103900E+01
3.506500E+02 2.042465E+00 1.103700E+01
3.516490E+02 2.043191E+00 1.103500E+01
3.526480E+02 2.043912E+00 1.103200E+01
3.536470E+02 2.044629E+00 1.103000E+01
3.546460E+02 2.045341E+00 1.102800E+01
3.556450E+02 2.046050E+00 1.102600E+01
3.566440E+02 2.046754E+00 1.102300E+01
3.576430E+02 2.047454E+00 1.102100E+01
3.586420E+02 2.048150E+00 1.101900E+01
3.596410E+02 2.048841E+00 1.101700E+01
3.606400E+02 2.049529E+00 1.101400E+01
3.616390E+02 2.050212E+00 1.101200E+01
3.626380E+02 2.050892E+00 1.101000E+01
3.636370E+02 2.051567E+00 1.100800E+01
3.646360E+02 2.052239E+00 1.100500E+01
3.656350E+02 2.052907E+00 1.100300E+01
3.666340E+02 2.053570E+00 1.100100E+01
3.676330E+02 2.054230E+00 1.099900E+01
3.686320E+02 2.054886E+00 1.099600E+01
3.696310E+02 2.055538E+00 1.099400E+01
3.706300E+02 2.056186E+00 1.099200E+01
3.716290E+02 2.056831E+00 1.099000E+01
3.726280E+02 2.057471E+00 1.098800E+01
3.736270E+02 2.058108E+00 1.098500E+01
3.746260E+02 2.058742E+00 1.098300E+01
3.756250E+02 2.059371E+00 1.098100E+01
3.766240E+02 2.059997E+00 1.097900E+01
3.776230E+02 2.060619E+00 1.097700E+01
3.786220E+02 2.061238E+00 1.097400E+01
3.796210E+02 2.061853E+00 1.097200E+01
3.806200E+02 2.062465E+00 1.097000E+01
3.816190E+02 2.063072E+00 1.096800E+01
3.826180E+02 2.063677E+00 1.096600E+01
3.836170E+02 2.064278E+00 1.096400E+01
3.846160E+02 2.064875E+00 1.096100E+01
3.856150E+02 2.065469E+00 1.095900E+01
3.866140E+02 2.066060E+00 1.095700E+01
3.876130E+02 2.066647E+00 1.095500E+01
3.886120E+02 2.067231E+00 1.095300E+01
3.896110E+02 2.067811E+00 1.095100E+01
3.906100E+02 2.068389E+00 1.094900E+01
3.916090E+02 2.068962E+00 1.094600E+01
3.926080E+02 2.069533E+00 1.094400E+01
3.936070E+02 2.070100E+00 1.094200E+01
3.946060E+02 2.070664E+00 1.094000E+01
3.956050E+02 2.071225E+00 1.093800E+01
3.966040E+02 2.071783E+00 1.093600E+01
3.976030E+02 2.072337E+00 1.093400E+01
3.986020E+02 2.072888E+00 1.093200E+01
3.996010E+02 2.073436E+00 1.093000E+01
4.006000E+02 2.073981E+00 1.092700E+01
4.015990E+02 2.074523E+00 1.092500E+01
4.025980E+02 2.075062E+00 1.092300E+01
4.035970E+02 2.075597E+00 1.092100E+01
4.045960E+02 2.076130E+00 1.091900E+01
4.055950E+02 2.076660E+00 1.091700E+01
4.065940E+02 2.077186E+00 1.091500E+01
4.075930E+02 2.077710E+00 1.091300E+01
4.085920E+02 2.078231E+00 1.091100E+01
4.095910E+02 2.078748E+00 1.090900E+01
4.105900E+02 2.079263E+00 1.090700E+01
4.115890E+02 2.079775E+00 1.090400E+01
4.125880E+02 2.080284E+00 1.090200E+01
4.135870E+02 2.080790E+00 1.090000E+01
4.145860E+02 2.081293E+00 1.089800E+01
4.155850E+02 2.081794E+00 1.089600E+01
4.165840E+02 2.082291E+00 1.089400E+01
4.175830E+02 2.082786E+00 1.089200E+01
4.185820E+02 2.083278E+00 1.089000E+01
4.195810E+02 2.083767E+00 1.088800E+01
4.205800E+02 2.084254E+00 1.088600E+01
4.215790E+02 2.084737E+00 1.088400E+01
4.225780E+02 2.085218E+00 1.088200E+01
4.235770E+02 2.085697E+00 1.088000E+01
4.245760E+02 2.086172E+00 1.087800E+01
4.255750E+02 2.086645E+00 1.087600E+01
4.265740E+02 2.087116E+00 1.087400E+01
4.275730E+02 2.087583E+00 1.087200E+01
4.285720E+02 2.088049E+00 1.087000E+01
4.295710E+02 2.088511E+00 1.086800E+01
4.305700E+02 2.088971E+00 1.086600E+01
4.315690E+02 2.089428E+00 1.086400E+01
4.325680E+02 2.089883E+00 1.086200E+01
4.335670E+02 2.090335E+00 1.086000E+01
4.345660E+02 2.090785E+00 1.085800E+01
4.355650E+02 2.091232E+00 1.085600E+01
4.365640E+02 2.091677E+00 1.085400E+01
4.375630E+02 2.092119E+00 1.085200E+01
4.385620E+02 2.092559E+00 1.085000E+01
4.395610E+02 2.092996E+00 1.084800E+01
4.405600E+02 2.093431E+00 1.084600E+01
4.415590E+02 2.093863E+00 1.084400E+01
4.425580E+02 2.094293E+00 1.084200E+01
4.435570E+02 2.094721E+00 1.084000E+01
4.445560E+02 2.095146E+00 1.083800E+01
4.455550E+02 2.095569E+00 1.083600E+01
4.465540E+02 2.095990E+00 1.083400E+01
4.475530E+02 2.096408E+00 1.083200E+01
4.485520E+02 2.096824E+00 1.083000E+01
4.495510E+02 2.097238E+00 1.082800E+01
4.505500E+02 2.097649E+00 1.082600E+01
4.515490E+02 2.098058E+00 1.082400E+01
4.525480E+02 2.098465E+00 1.082300E+01
4.535470E+02 2.098869E+00 1.082100E+01
4.545460E+02 2.099271E+00 1.081900E+01
4.555450E+02 2.099671E+00 1.081700E+01
4.565440E+02 2.100069E+00 1.081500E+01
4.575430E+02 2.100465E+00 1.081300E+01
4.585420E+02 2.100858E+00 1.081100E+01
4.595410E+02 2.101250E+00 1.080900E+01
4.605400E+02 2.101639E+00 1.080700E+01
4.615390E+02 2.102026E+00 1.080500E+01
4.625380E+02 2.102411E+00 1.080300E+01
4.635370E+02 2.102793E+00 1.080100E+01
4.645360E+02 2.103174E+00 1.080000E+01
4.655350E+02 2.103553E+00 1.079800E+01
4.665340E+02 2.103929E+00 1.079600E+01
4.675330E+02 2.104303E+00 1.079400E+01
4.685320E+02 2.104676E+00 1.079200E+01
4.695310E+02 2.105046E+00 1.079000E+01
4.705300E+02 2.105414E+00 1.078800E+01
4.715290E+02 2.105780E+00 1.078600E+01
4.725280E+02 2.106144E+00 1.078400E+01
4.735270E+02 2.106506E+00 1.078300E+01
4.745260E+02 2.106867E+00 1.078100E+01
4.755250E+02 2.107225E+00 1.077900E+01
4.765240E+02 2.107581E+00 1.077700E+01
4.775230E+02 2.107935E+00 1.077500E+01
4.785220E+02 2.108288E+00 1.077300E+01
4.795210E+02 2.108638E+00 1.077100E+01
4.805200E+02 2.108986E+00 1.077000E+01
4.815190E+02 2.109333E+00 1.076800E+01
4.825180E+02 2.109678E+00 1.076600E+01
4.835170E+02 2.110020E+00 1.076400E+01
4.845160E+02 2.110361E+00 1.076200E+01
4.855150E+02 2.110700E+00 1.076000E+01
4.865140E+02 2.111037E+00 1.075800E+01
4.875130E+02 2.111372E+00 1.075700E+01
4.885120E+02 2.111706E+00 1.075500E+01
4.895110E+02 2.112037E+00 1.075300E+01
4.905100E+02 2.112367E+00 1.075100E+01
4.915090E+02 2.112695E+00 1.074900E+01
4.925080E+02 2.113021E+00 1.074800E+01
4.935070E+02 2.113346E+00 1.074600E+01
4.945060E+02 2.113668E+00 1.074400E+01
4.955050E+02 2.113989E+00 1.074200E+01
4.965040E+02 2.114308E+00 1.074000E+01
4.975030E+02 2.114626E+00 1.073800E+01
4.985020E+02 2.114941E+00 1.073700E+01
4.995010E+02 2.115255E+00 1.073500E+01
5.005000E+02 2.115567E+00 1.073300E+01
5.014990E+02 2.115878E+00 1.073100E+01
5.024980E+02 2.116186E+00 1.072900E+01
5.034970E+02 2.116493E+00 1.072800E+01
5.044960E+02 2.116799E+00 1.072600E+01
5.054950E+02 2.117102E+00 1.072400E+01
5.064940E+02 2.117404E+00 1.072200E+01
5.074930E+02 2.117705E+00 1.072100E+01
5.084920E+02 2.118003E+00 1.071900E+01
5.094910E+02 2.118300E+00 1.071700E+01
5.104900E+02 2.118596E+00 1.071500E+01
5.114890E+02 2.118890E+00 1.071300E+01
5.124880E+02 2.119182E+00 1.071200E+01
5.134870E+02 2.119472E+00 1.071000E+01
5.144860E+02 2.119761E+00 1.070800E+01
5.154850E+02 2.120049E+00 1.070600E+01
5.164840E+02 2.120335E+00 1.070500E+01
5.174830E+02 2.120619E+00 1.070300E+01
5.184820E+02 2.120902E+00 1.070100E+01
5.194810E+02 2.121183E+00 1.069900E+01
5.204800E+02 2.121462E+00 1.069800E+01
5.214790E+02 2.121741E+00 1.069600E+01
5.224780E+02 2.122017E+00 1.069400E+01
5.234770E+02 2.122292E+00 1.069200E+01
5.244760E+02 2.122566E+00 1.069100E+01
5.254750E+02 2.122838E+00 1.068900E+01
5.264740E+02 2.123108E+00 1.068700E+01
5.274730E+02 2.123377E+00 1.068500E+01
5.284720E+02 2.123645E+00 1.068400E+01
5.294710E+02 2.123911E+00 1.068200E+01
5.304700E+02 2.124175E+00 1.068000E+01
5.314690E+02 2.124439E+00 1.067900E+01
5.324680E+02 2.124700E+00 1.067700E+01
5.334670E+02 2.124961E+00 1.067500E+01
5.344660E+02 2.125220E+00 1.067300E+01
5.354650E+02 2.125477E+00 1.067200E+01
5.364640E+02 2.125733E+00 1.067000E+01
5.374630E+02 2.125988E+00 1.066800E+01
5.384620E+02 2.126241E+00 1.066700E+01
5.394610E+02 2.126493E+00 1.066500E+01
5.404600E+02 2.126743E+00 1.066300E+01
5.414590E+02 2.126992E+00 1.066200E+01
5.424580E+02 2.127240E+00 1.066000E+01
5.434570E+02 2.127486E+00 1.065800E+01
5.444560E+02 2.127731E+00 1.065600E+01
5.454550E+02 2.127974E+00 1.065500E+01
5.464540E+02 2.128217E+00 1.065300E+01
5.474530E+02 2.128458E+00 1.065100E+01
5.484520E+02 2.128697E+00 1.065000E+01
5.494510E+02 2.128935E+00 1.064800E+01
5.504500E+02 2.129172E+00 1.064600E+01
5.514490E+02 2.129408E+00 1.064500E+01
5.524480E+02 2.129642E+00 1.064300E+01
5.534470E+02 2.129875E+00 1.064100E+01
5.544460E+02 2.130107E+00 1.064000E+01
5.554450E+02 2.130337E+00 1.063800E+01
5.564440E+02 2.130567E+00 1.063600E+01
5.574430E+02 2.130794E+00 1.063500E+01
5.584420E+02 2.131021E+00 1.063300E+01
5.594410E+02 2.131246E+00 1.063100E+01
5.604400E+02 2.131471E+00 1.063000E+01
5.614390E+02 2.131693E+00 1.062800E+01
5.624380E+02 2.131915E+00 1.062700E+01
5.634370E+02 2.132135E+00 1.062500E+01
5.644360E+02 2.132355E+00 1.062300E+01
5.654350E+02 2.132573E+00 1.062200E+01
5.664340E+02 2.132789E+00 1.062000E+01
5.674330E+02 2.133005E+00 1.061800E+01
5.684320E+02 2.133219E+00 1.061700E+01
5.694310E+02 2.133432E+00 1.061500E+01
5.704300E+02 2.133644E+00 1.061300E+01
5.714290E+02 2.133855E+00 1.061200E+01
5.724280E+02 2.134065E+00 1.061000E+01
5.734270E+02 2.134273E+00 1.060900E+01
5.744260E+02 2.134480E+00 1.060700E+01
5.754250E+02 2.134686E+00 1.060500E+01
5.764240E+02 2.134891E+00 1.060400E+01
5.774230E+02 2.135095E+00 1.060200E+01
5.784220E+02 2.135298E+00 1.060100E+01
5.794210E+02 2.135499E+00 1.059900E+01
5.804200E+02 2.135699E+00 1.059700E+01
5.814190E+02 2.135899E+00 1.059600E+01
5.824180E+02 2.136097E+00 1.059400E+01
5.834170E+02 2.136294E+00 1.059300E+01
5.844160E+02 2.136490E+00 1.059100E+01
5.854150E+02 2.136684E+00 1.058900E+01
5.864140E+02 2.136878E+00 1.058800E+01
5.874130E+02 2.137071E+00 1.058600E+01
5.884120E+02 2.137262E+00 1.058500E+01
5.894110E+02 2.137453E+00 1.058300E+01
5.904100E+02 2.137642E+00 1.058100E+01
5.914090E+02 2.137830E+00 1.058000E+01
5.924080E+02 2.138018E+00 1.057800E+01
5.934070E+02 2.138204E+00 1.057700E+01
5.944060E+02 2.138389E+00 1.057500E+01
5.954050E+02 2.138573E+00 1.057400E+01
5.964040E+02 2.138756E+00 1.057200E+01
5.974030E+02 2.138938E+00 1.057000E+01
5.984020E+02 2.139119E+00 1.056900E+01
5.994010E+02 2.139299E+00 1.056700E+01
6.004000E+02 2.139478E+00 1.056600E+01
6.013990E+02 2.139655E+00 1.056400E+01
6.023980E+02 2.139832E+00 1.056300E+01
6.033970E+02 2.140008E+00 1.056100E+01
6.043960E+02 2.140183E+00 1.055900E+01
6.053950E+02 2.140357E+00 1.055800E+01
6.063940E+02 2.140530E+00 1.055600E+01
6.073930E+02 2.140701E+00 1.055500E+01
6.083920E+02 2.140872E+00 1.055300E+01
6.093910E+02 2.141042E+00 1.055200E+01
6.103900E+02 2.141211E+00 1.055000E+01
6.113890E+02 2.141379E+00 1.054900E+01
6.123880E+02 2.141546E+00 1.054700E+01
6.133870E+02 2.141712E+00 1.054600E+01
6.143860E+02 2.141877E+00 1.054400E+01
6.153850E+02 2.142041E+00 1.054300E+01
6.163840E+02 2.142204E+00 1.054100E+01
6.173830E+02 2.142366E+00 1.053900E+01
6.183820E+02 2.142528E+00 1.053800E+01
6.193810E+02 2.142688E+00 1.053600E+01
6.203800E+02 2.142847E+00 1.053500E+01
6.213790E+02 2.143006E+00 1.053300E+01
6.223780E+02 2.143163E+00 1.053200E+01
6.233770E+02 2.143320E+00 1.053000E+01
6.243760E+02 2.143476E+00 1.052900E+01
6.253750E+02 2.143630E+00 1.052700E+01
6.263740E+02 2.143784E+00 1.052600E+01
6.273730E+02 2.143937E+00 1.052400E+01
6.283720E+02 2.144089E+00 1.052300E+01
6.293710E+02 2.144241E+00 1.052100E+01
6.303700E+02 2.144391E+00 1.052000E+01
6.313690E+02 2.144540E+00 1.051800E+01
6.323680E+02 2.144689E+00 1.051700E+01
6.333670E+02 2.144837E+00 1.051500E+01
6.343660E+02 2.144983E+00 1.051400E+01
6.353650E+02 2.145129E+00 1.051200E+01
6.363640E+02 2.145274E+00 1.051100E+01
6.373630E+02 2.145419E+00 1.050900E+01
6.383620E+02 2.145562E+00 1.050800E+01
6.393610E+02 2.145705E+00 1.050600E+01
6.403600E+02 2.145846E+00 1.050500E+01
6.413590E+02 2.145987E+00 1.050300E+01
6.423580E+02 2.146127E+00 1.050200E+01
6.433570E+02 2.146266E+00 1.050100E+01
6.443560E+02 2.146405E+00 1.049900E+01
6.453550E+02 2.146542E+00 1.049800E+01
6.463540E+02 2.146679E+00 1.049600E+01
6.473530E+02 2.146815E+00 1.049500E+01
6.483520E+02 2.146950E+00 1.049300E+01
6.493510E+02 2.147084E+00 1.049200E+01
6.503500E+02 2.147217E+00 1.049000E+01
6.513490E+02 2.147350E+00 1.048900E+01
6.523480E+02 2.147482E+00 1.048700E+01
6.533470E+02 2.147613E+00 1.048600E+01
6.543460E+02 2.147743E+00 1.048400E+01
6.553450E+02 2.147872E+00 1.048300E+01
6.563440E+02 2.148001E+00 1.048200E+01
6.573430E+02 2.148129E+00 1.048000E+01
6.583420E+02 2.148256E+00 1.047900E+01
6.593410E+02 2.148382E+00 1.047700E+01
6.603400E+02 2.148508E+00 1.047600E+01
6.613390E+02 2.148633E+00 1.047400E+01
6.623380E+02 2.148757E+00 1.047300E+01
6.633370E+02 2.148880E+00 1.047100E+01
6.643360E+02 2.149002E+00 1.047000E+01
6.653350E+02 2.149124E+00 1.046900E+01
6.663340E+02 2.149245E+00 1.046700E+01
6.673330E+02 2.149365E+00 1.046600E+01
6.683320E+02 2.149485E+00 1.046400E+01
6.693310E+02 2.149604E+00 1.046300E+01
6.703300E+02 2.149722E+00 1.046100E+01
6.713290E+02 2.149839E+00 1.046000E+01
6.723280E+02 2.149955E+00 1.045900E+01
6.733270E+02 2.150071E+00 1.045700E+01
6.743260E+02 2.150186E+00 1.045600E+01
6.753250E+02 2.150301E+00 1.045400E+01
6.763240E+02 2.150414E+00 1.045300E+01
6.773230E+02 2.150527E+00 1.045200E+01
6.783220E+02 2.150640E+00 1.045000E+01
6.793210E+02 2.150751E+00 1.044900E+01
6.803200E+02 2.150862E+00 1.044700E+01
6.813190E+02 2.150972E+00 1.044600E+01
6.823180E+02 2.151081E+00 1.044500E+01
6.833170E+02 2.151190E+00 1.044300E+01
6.843160E+02 2.151298E+00 1.044200E+01
6.853150E+02 2.151406E+00 1.044000E+01
6.863140E+02 2.151512E+00 1.043900E+01
6.873130E+02 2.151618E+00 1.043800E+01
6.883120E+02 2.151723E+00 1.043600E+01
6.893110E+02 2.151828E+00 1.043500E+01
6.903100E+02 2.151932E+00 1.043300E+01
6.913090E+02 2.152035E+00 1.043200E+01
6.923080E+02 2.152138E+00 1.043100E+01
6.933070E+02 2.152240E+00 1.042900E+01
6.943060E+02 2.152341E+00 1.042800E+01
6.953050E+02 2.152442E+00 1.042600E+01
6.963040E+02 2.152542E+00 1.042500E+01
6.973030E+02 2.152641E+00 1.042400E+01
6.983020E+02 2.152740E+00 1.042200E+01
6.993010E+02 2.152838E+00 1.042100E+01
7.003000E+02 2.152935E+00 1.042000E+01
7.012990E+02 2.153032E+00 1.041800E+01
7.022980E+02 2.153128E+00 1.041700E+01
7.032970E+02 2.153223E+00 1.041500E+01
7.042960E+02 2.153318E+00 1.041400E+01
7.052950E+02 2.153413E+00 1.041300E+01
7.062940E+02 2.153506E+00 1.041100E+01
7.072930E+02 2.153599E+00 1.041000E+01
7.082920E+02 2.153691E+00 1.040900E+01
7.092910E+02 2.153783E+00 1.040700E+01
7.102900E+02 2.153874E+00 1.040600E+01
7.112890E+02 2.153965E+00 1.040500E+01
7.122880E+02 2.154055E+00 1.040300E+01
7.132870E+02 2.154144E+00 1.040200E+01
7.142860E+02 2.154232E+00 1.040100E+01
7.152850E+02 2.154320E+00 1.039900E+01
7.162840E+02 2.154408E+00 1.039800E+01
7.172830E+02 2.154495E+00 1.039700E+01
7.182820E+02 2.154581E+00 1.039500E+01
7.192810E+02 2.154667E+00 1.039400E+01
7.202800E+02 2.154752E+00 1.039200E+01
7.212790E+02 2.154836E+00 1.039100E+01
7.222780E+02 2.154920E+00 1.039000E+01
7.232770E+02 2.155003E+00 1.038800E+01
7.242760E+02 2.155086E+00 1.038700E+01
7.252750E+02 2.155168E+00 1.038600E+01
7.262740E+02 2.155250E+00 1.038400E+01
7.272730E+02 2.155331E+00 1.038300E+01
7.282720E+02 2.155411E+00 1.038200E+01
7.292710E+02 2.155491E+00 1.038100E+01
7.302700E+02 2.155571E+00 1.037900E+01
7.312690E+02 2.155649E+00 1.037800E+01
7.322680E+02 2.155727E+00 1.037700E+01
7.332670E+02 2.155805E+00 1.037500E+01
7.342660E+02 2.155882E+00 1.037400E+01
7.352650E+02 2.155959E+00 1.037300E+01
7.362640E+02 2.156035E+00 1.037100E+01
7.372630E+02 2.156110E+00 1.037000E+01
7.382620E+02 2.156185E+00 1.036900E+01
7.392610E+02 2.156259E+00 1.036700E+01
7.402600E+02 2.156333E+00 1.036600E+01
7.412590E+02 2.156406E+00 1.036500E+01
7.422580E+02 2.156479E+00 1.036300E+01
7.432570E+02 2.156551E+00 1.036200E+01
7.442560E+02 2.156623E+00 1.036100E+01
7.452550E+02 2.156694E+00 1.036000E+01
7.462540E+02 2.156765E+00 1.035800E+01
7.472530E+02 2.156835E+00 1.035700E+01
7.482520E+02 2.156904E+00 1.035600E+01
7.492510E+02 2.156973E+00 1.035400E+01
7.502500E+02 2.157042E+00 1.035300E+01
7.512490E+02 2.157110E+00 1.035200E+01
7.522480E+02 2.157177E+00 1.035100E+01
7.532470E+02 2.157244E+00 1.034900E+01
7.542460E+02 2.157311E+00 1.034800E+01
7.552450E+02 2.157376E+00 1.034700E+01
7.562440E+02 2.157442E+00 1.034500E+01
7.572430E+02 2.157507E+00 1.034400E+01
7.582420E+02 2.157571E+00 1.034300E+01
7.592410E+02 2.157635E+00 1.034200E+01
7.602400E+02 2.157699E+00 1.034000E+01
7.612390E+02 2.157762E+00 1.033900E+01
7.622380E+02 2.157824E+00 1.033800E+01
7.632370E+02 2.157886E+00 1.033600E+01
7.642360E+02 2.157947E+00 1.033500E+01
7.652350E+02 2.158008E+00 1.033400E+01
7.662340E+02 2.158069E+00 1.033300E+01
7.672330E+02 2.158129E+00 1.033100E+01
7.682320E+02 2.158188E+00 1.033000E+01
7.692310E+02 2.158248E+00 1.032900E+01
7.702300E+02 2.158306E+00 1.032800E+01
7.712290E+02 2.158364E+00 1.032600E+01
7.722280E+02 2.158422E+00 1.032500E+01
7.732270E+02 2.158479E+00 1.032400E+01
7.742260E+02 2.158536E+00 1.032300E+01
7.752250E+02 2.158592E+00 1.032100E+01
7.762240E+02 2.158648E+00 1.032000E+01
7.772230E+02 2.158703E+00 1.031900E+01
7.782220E+02 2.158758E+00 1.031800E+01
7.792210E+02 2.158812E+00 1.031600E+01
7.802200E+02 2.158866E+00 1.031500E+01
7.812190E+02 2.158920E+00 1.031400E+01
7.822180E+02 2.158973E+00 1.031300E+01
7.832170E+02 2.159025E+00 1.031100E+01
7.842160E+02 2.159077E+00 1.031000E+01
7.852150E+02 2.159129E+00 1.030900E+01
7.862140E+02 2.159180E+00 1.030800E+01
7.872130E+02 2.159231E+00 1.030600E+01
7.882120E+02 2.159281E+00 1.030500E+01
7.892110E+02 2.159331E+00 1.030400E+01
7.902100E+02 2.159381E+00 1.030300E+01
7.912090E+02 2.159430E+00 1.030100E+01
7.922080E+02 2.159478E+00 1.030000E+01
7.932070E+02 2.159526E+00 1.029900E+01
7.942060E+02 2.159574E+00 1.029800E+01
7.952050E+02 2.159621E+00 1.029700E+01
7.962040E+02 2.159668E+00 1.029500E+01
7.972030E+02 2.159715E+00 1.029400E+01
7.982020E+02 2.159761E+00 1.029300E+01
7.992010E+02 2.159806E+00 1.029200E+01
8.002000E+02 2.159851E+00 1.029000E+01
8.011990E+02 2.159896E+00 1.028900E+01
8.021980E+02 2.159940E+00 1.028800E+01
8.031970E+02 2.159984E+00 1.028700E+01
8.041960E+02 2.160028E+00 1.028600E+01
8.051950E+02 2.160071E+00 1.028400E+01
8.061940E+02 2.160113E+00 1.028300E+01
8.071930E+02 2.160156E+00 1.028200E+01
8.081920E+02 2.160198E+00 1.028100E+01
8.091910E+02 2.160239E+00 1.028000E+01
8.101900E+02 2.160280E+00 1.027800E+01
8.111890E+02 2.160321E+00 1.027700E+01
8.121880E+02 2.160361E+00 1.027600E+01
8.131870E+02 2.160401E+00 1.027500E+01
8.141860E+02 2.160440E+00 1.027400E+01
8.151850E+02 2.160479E+00 1.027200E+01
8.161840E+02 2.160518E+00 1.027100E+01
8.171830E+02 2.160556E+00 1.027000E+01
8.181820E+02 2.160594E+00 1.026900E+01
8.191810E+02 2.160632E+00 1.026800E+01
8.201800E+02 2.160669E+00 1.026600E+01
8.211790E+02 2.160705E+00 1.026500E+01
8.221780E+02 2.160742E+00 1.026400E+01
8.231770E+02 2.160778E+00 1.026300E+01
8.241760E+02 2.160813E+00 1.026200E+01
8.251750E+02 2.160848E+00 1.026000E+01
8.261740E+02 2.160883E+00 1.025900E+01
8.271730E+02 2.160918E+00 1.025800E+01
8.281720E+02 2.160952E+00 1.025700E+01
8.291710E+02 2.160985E+00 1.025600E+01
8.301700E+02 2.161019E+00 1.025500E+01
8.311690E+02 2.161052E+00 1.025300E+01
8.321680E+02 2.161084E+00 1.025200E+01
8.331670E+02 2.161116E+00 1.025100E+01
8.341660E+02 2.161148E+00 1.025000E+01
8.351650E+02 2.161180E+00 1.024900E+01
8.361640E+02 2.161211E+00 1.024700E+01
8.371630E+02 2.161241E+00 1.024600E+01
8.381620E+02 2.161272E+00 1.024500E+01
8.391610E+02 2.161302E+00 1.024400E+01
8.401600E+02 2.161331E+00 1.024300E+01
8.411590E+02 2.161361E+00 1.024200E+01
8.421580E+02 2.161390E+00 1.024000E+01
8.431570E+02 2.161418E+00 1.023900E+01
8.441560E+02 2.161446E+00 1.023800E+01
8.451550E+02 2.161474E+00 1.023700E+01
8.461540E+02 2.161502E+00 1.023600E+01
8.471530E+02 2.161529E+00 1.023500E+01
8.481520E+02 2.161556E+00 1.023400E+01
8.491510E+02 2.161582E+00 1.023200E+01
8.501500E+02 2.161609E+00 1.023100E+01
8.511490E+02 2.161634E+00 1.023000E+01
8.521480E+02 2.161660E+00 1.022900E+01
8.531470E+02 2.161685E+00 1.022800E+01
8.541460E+02 2.161710E+00 1.022700E+01
8.551450E+02 2.161734E+00 1.022500E+01
8.561440E+02 2.161758E+00 1.022400E+01
8.571430E+02 2.161782E+00 1.022300E+01
8.581420E+02 2.161806E+00 1.022200E+01
8.591410E+02 2.161829E+00 1.022100E+01
8.601400E+02 2.161851E+00 1.022000E+01
8.611390E+02 2.161874E+00 1.021900E+01
8.621380E+02 2.161896E+00 1.021800E+01
8.631370E+02 2.161918E+00 1.021600E+01
8.641360E+02 2.161939E+00 1.021500E+01
8.651350E+02 2.161961E+00 1.021400E+01
8.661340E+02 2.161981E+00 1.021300E+01
8.671330E+02 2.162002E+00 1.021200E+01
8.681320E+02 2.162022E+00 1.021100E+01
8.691310E+02 2.162042E+00 1.021000E+01
8.701300E+02 2.162061E+00 1.020800E+01
8.711290E+02 2.162081E+00 1.020700E+01
8.721280E+02 2.162100E+00 1.020600E+01
8.731270E+02 2.162118E+00 1.020500E+01
8.741260E+02 2.162137E+00 1.020400E+01
8.751250E+02 2.162155E+00 1.020300E+01
8.761240E+02 2.162172E+00 1.020200E+01
8.771230E+02 2.162190E+00 1.020100E+01
8.781220E+02 2.162207E+00 1.019900E+01
8.791210E+02 2.162223E+00 1.019800E+01
8.801200E+02 2.162240E+00 1.019700E+01
8.811190E+02 2.162256E+00 1.019600E+01
8.821180E+02 2.162272E+00 1.019500E+01
8.831170E+02 2.162287E+00 1.019400E+01
8.841160E+02 2.162303E+00 1.019300E+01
8.851150E+02 2.162318E+00 1.019200E+01
8.861140E+02 2.162332E+00 1.019100E+01
8.871130E+02 2.162346E+00 1.018900E+01
8.881120E+02 2.162361E+00 1.018800E+01
8.891110E+02 2.162374E+00 1.018700E+01
8.901100E+02 2.162388E+00 1.018600E+01
8.911090E+02 2.162401E+00 1.018500E+01
8.921080E+02 2.162414E+00 1.018400E+01
8.931070E+02 2.162426E+00 1.018300E+01
8.941060E+02 2.162439E+00 1.018200E+01
8.951050E+02 2.162451E+00 1.018100E+01
8.961040E+02 2.162462E+00 1.018000E+01
8.971030E+02 2.162474E+00 1.017800E+01
8.981020E+02 2.162485E+00 1.017700E+01
8.991010E+02 2.162496E+00 1.017600E+01
9.001000E+02 2.162506E+00 1.017500E+01
9.010990E+02 2.162517E+00 1.017400E+01
9.020980E+02 2.162527E+00 1.017300E+01
9.030970E+02 2.162536E+00 1.017200E+01
9.040960E+02 2.162546E+00 1.017100E+01
9.050950E+02 2.162555E+00 1.017000E+01
9.060940E+02 2.162564E+00 1.016900E+01
9.070930E+02 2.162573E+00 1.016800E+01
9.080920E+02 2.162581E+00 1.016600E+01
9.090910E+02 2.162589E+00 1.016500E+01
9.100900E+02 2.162597E+00 1.016400E+01
9.110890E+02 2.162604E+00 1.016300E+01
9.120880E+02 2.162612E+00 1.016200E+01
9.130870E+02 2.162619E+00 1.016100E+01
9.140860E+02 2.162625E+00 1.016000E+01
9.150850E+02 2.162632E+00 1.015900E+01
9.160840E+02 2.162638E+00 1.015800E+01
9.170830E+02 2.162644E+00 1.015700E+01
9.180820E+02 2.162650E+00 1.015600E+01
9.190810E+02 2.162655E+00 1.015500E+01
9.200800E+02 2.162660E+00 1.015400E+01
9.210790E+02 2.162665E+00 1.015200E+01
9.220780E+02 2.162670E+00 1.015100E+01
9.230770E+02 2.162674E+00 1.015000E+01
9.240760E+02 2.162678E+00 1.014900E+01
9.250750E+02 2.162682E+00 1.014800E+01
9.260740E+02 2.162686E+00 1.014700E+01
9.270730E+02 2.162689E+00 1.014600E+01
9.280720E+02 2.162692E+00 1.014500E+01
9.290710E+02 2.162695E+00 1.014400E+01
9.300700E+02 2.162698E+00 1.014300E+01
9.310690E+02 2.162700E+00 1.014200E+01
9.320680E+02 2.162702E+00 1.014100E+01
9.330670E+02 2.162704E+00 1.014000E+01
9.340660E+02 2.162705E+00 1.013900E+01
9.350650E+02 2.162707E+00 1.013800E+01
9.360640E+02 2.162708E+00 1.013700E+01
9.370630E+02 2.162709E+00 1.013600E+01
9.380620E+02 2.162709E+00 1.013400E+01
9.390610E+02 2.162710E+00 1.013300E+01
9.400600E+02 2.162710E+00 1.013200E+01
9.410590E+02 2.162710E+00 1.013100E+01
9.420580E+02 2.162709E+00 1.013000E+01
9.430570E+02 2.162709E+00 1.012900E+01
9.440560E+02 2.162708E+00 1.012800E+01
9.450550E+02 2.162707E+00 1.012700E+01
9.460540E+02 2.162706E+00 1.012600E+01
9.470530E+02 2.162704E+00 1.012500E+01
9.480520E+02 2.162702E+00 1.012400E+01
9.490510E+02 2.162700E+00 1.012300E+01
9.500500E+02 2.162698E+00 1.012200E+01
9.510490E+02 2.162695E+00 1.012100E+01
9.520480E+02 2.162693E+00 1.012000E+01
9.530470E+02 2.162690E+00 1.011900E+01
9.540460E+02 2.162687E+00 1.011800E+01
9.550450E+02 2.162683E+00 1.011700E+01
9.560440E+02 2.162680E+00 1.011600E+01
9.570430E+02 2.162676E+00 1.011500E+01
9.580420E+02 2.162672E+00 1.011400E+01
9.590410E+02 2.162667E+00 1.011300E+01
9.600400E+02 2.162663E+00 1.011200E+01
9.610390E+02 2.162658E+00 1.011100E+01
9.620380E+02 2.162653E+00 1.011000E+01
9.630370E+02 2.162648E+00 1.010900E+01
9.640360E+02 2.162642E+00 1.010800E+01
9.650350E+02 2.162637E+00 1.010700E+01
9.660340E+02 2.162631E+00 1.010500E+01
9.670330E+02 2.162625E+00 1.010400E+01
9.680320E+02 2.162618E+00 1.010300E+01
9.690310E+02 2.162612E+00 1.010200E+01
9.700300E+02 2.162605E+00 1.010100E+01
9.710290E+02 2.162598E+00 1.010000E+01
9.720280E+02 2.162591E+00 1.009900E+01
9.730270E+02 2.162584E+00 1.009800E+01
9.740260E+02 2.162576E+00 1.009700E+01
9.750250E+02 2.162568E+00 1.009600E+01
9.760240E+02 2.162560E+00 1.009500E+01
9.770230E+02 2.162552E+00 1.009400E+01
9.780220E+02 2.162544E+00 1.009300E+01
9.790210E+02 2.162535E+00 1.009200E+01
9.800200E+02 2.162526E+00 1.009100E+01
9.810190E+02 2.162517E+00 1.009000E+01
9.820180E+02 2.162508E+00 1.008900E+01
9.830170E+02 2.162498E+00 1.008800E+01
9.840160E+02 2.162489E+00 1.008700E+01
9.850150E+02 2.162479E+00 1.008600E+01
9.860140E+02 2.162469E+00 1.008500E+01
9.870130E+02 2.162458E+00 1.008400E+01
9.880120E+02 2.162448E+00 1.008300E+01
9.890110E+02 2.162437E+00 1.008200E+01
9.900100E+02 2.162426E+00 1.008100E+01
9.910090E+02 2.162415E+00 1.008000E+01
9.920080E+02 2.162404E+00 1.007900E+01
9.930070E+02 2.162392E+00 1.007800E+01
9.940060E+02 2.162381E+00 1.007700E+01
9.950050E+02 2.162369E+00 1.007600E+01
9.960040E+02 2.162357E+00 1.007500E+01
9.970030E+02 2.162344E+00 1.007400E+01
9.980020E+02 2.162332E+00 1.007300E+01
9.990010E+02 2.162319E+00 1.007200E+01
