1.000000E+00 1.025929E-01 2.884000E+01
1.999000E+00 1.658783E-01 1.630200E+01
2.998000E+00 2.230371E-01 1.418200E+01
3.997000E+00 2.751054E-01 1.337600E+01
4.996000E+00 3.231157E-01 1.297900E+01
5.995000E+00 3.677892E-01 1.275700E+01
6.994000E+00 4.096442E-01 1.262300E+01
7.993000E+00 4.490695E-01 1.253800E+01
8.992000E+00 4.863662E-01 1.248300E+01
9.991000E+00 5.217754E-01 1.244700E+01
1.099000E+01 5.554934E-01 1.242300E+01
1.198900E+01 5.876840E-01 1.240800E+01
1.298800E+01 6.184844E-01 1.239900E+01
1.398700E+01 6.480128E-01 1.239300E+01
1.498600E+01 6.763709E-01 1.239100E+01
1.598500E+01 7.036478E-01 1.239000E+01
1.698400E+01 7.299215E-01 1.239100E+01
1.798300E+01 7.552613E-01 1.239300E+01
1.898200E+01 7.797288E-01 1.239500E+01
1.998100E+01 8.033794E-01 1.239800E+01
2.098000E+01 8.262631E-01 1.240100E+01
2.197900E+01 8.484246E-01 1.240400E+01
2.297800E+01 8.699052E-01 1.240800E+01
2.397700E+01 8.907422E-01 1.241100E+01
2.497600E+01 9.109700E-01 1.241400E+01
2.597500E+01 9.306198E-01 1.241700E+01
2.697400E+01 9.497207E-01 1.242000E+01
2.797300E+01 9.682993E-01 1.242300E+01
2.897200E+01 9.863806E-01 1.242500E+01
2.997100E+01 1.003987E+00 1.242800E+01
3.097000E+01 1.021141E+00 1.243000E+01
3.196900E+01 1.037862E+00 1.243200E+01
3.296800E+01 1.054168E+00 1.243300E+01
3.396700E+01 1.070077E+00 1.243500E+01
3.496600E+01 1.085605E+00 1.243600E+01
3.596500E+01 1.100768E+00 1.243700E+01
3.696400E+01 1.115580E+00 1.243800E+01
3.796300E+01 1.130054E+00 1.243900E+01
3.896200E+01 1.144204E+00 1.243900E+01
3.996100E+01 1.158041E+00 1.243900E+01
4.096000E+01 1.171577E+00 1.244000E+01
4.195900E+01 1.184822E+00 1.244000E+01
4.295800E+01 1.197787E+00 1.243900E+01
4.395700E+01 1.210481E+00 1.243900E+01
4.495600E+01 1.222915E+00 1.243900E+01
4.595500E+01 1.235095E+00 1.243800E+01
4.695400E+01 1.247031E+00 1.243700E+01
4.795300E+01 1.258731E+00 1.243600E+01
4.895200E+01 1.270202E+00 1.243500E+01
4.995100E+01 1.281452E+00 1.243400E+01
5.095000E+01 1.292486E+00 1.243300E+01
5.194900E+01 1.303313E+00 1.243100E+01
5.294800E+01 1.313937E+00 1.243000E+01
5.394700E+01 1.324366E+00 1.242800E+01
5.494600E+01 1.334604E+00 1.242700E+01
5.594500E+01 1.344657E+00 1.242500E+01
5.694400E+01 1.354532E+00 1.242300E+01
5.794300E+01 1.364231E+00 1.242100E+01
5.894200E+01 1.373761E+00 1.241900E+01
5.994100E+01 1.383127E+00 1.241700E+01
6.094000E+01 1.392331E+00 1.241500E+01
6.193900E+01 1.401380E+00 1.241200E+01
6.293800E+01 1.410277E+00 1.241000E+01
6.393700E+01 1.419025E+00 1.240700E+01
6.493600E+01 1.427630E+00 1.240500E+01
6.593500E+01 1.436093E+00 1.240200E+01
6.693400E+01 1.444420E+00 1.240000E+01
6.793300E+01 1.452613E+00 1.239700E+01
6.893200E+01 1.460676E+00 1.239400E+01
6.993100E+01 1.468612E+00 1.239100E+01
7.093000E+01 1.476424E+00 1.238900E+01
7.192900E+01 1.484115E+00 1.238600E+01
7.292800E+01 1.491688E+00 1.238300E+01
7.392700E+01 1.499146E+00 1.238000E+01
7.492600E+01 1.506490E+00 1.237700E+01
7.592500E+01 1.513725E+00 1.237400E+01
7.692400E+01 1.520852E+00 1.237000E+01
7.792300E+01 1.527874E+00 1.236700E+01
7.892200E+01 1.534793E+00 1.236400E+01
7.992100E+01 1.541612E+00 1.236100E+01
8.092000E+01 1.548332E+00 1.235800E+01
8.191900E+01 1.554956E+00 1.235400E+01
8.291800E+01 1.561486E+00 1.235100E+01
8.391700E+01 1.567924E+00 1.234800E+01
8.491600E+01 1.574272E+00 1.234400E+01
8.591500E+01 1.580531E+00 1.234100E+01
8.691400E+01 1.586704E+00 1.233700E+01
8.791300E+01 1.592793E+00 1.233400E+01
8.891200E+01 1.598798E+00 1.233000E+01
8.991100E+01 1.604722E+00 1.232700E+01
9.091000E+01 1.610567E+00 1.232300E+01
9.190900E+01 1.616334E+00 1.232000E+01
9.290800E+01 1.622024E+00 1.231600E+01
9.390700E+01 1.627639E+00 1.231300E+01
9.490600E+01 1.633181E+00 1.230900E+01
9.590500E+01 1.638651E+00 1.230500E+01
9.690400E+01 1.644050E+00 1.230200E+01
9.790300E+01 1.649380E+00 1.229800E+01
9.890200E+01 1.654641E+00 1.229400E+01
9.990100E+01 1.659836E+00 1.229100E+01
1.009000E+02 1.664966E+00 1.228700E+01
1.018990E+02 1.670031E+00 1.228300E+01
1.028980E+02 1.675033E+00 1.228000E+01
1.038970E+02 1.679973E+00 1.227600E+01
1.048960E+02 1.684852E+00 1.227200E+01
1.058950E+02 1.689672E+00 1.226800E+01
1.068940E+02 1.694433E+00 1.226500E+01
1.078930E+02 1.699136E+00 1.226100E+01
1.088920E+02 1.703783E+00 1.225700E+01
1.098910E+02 1.708373E+00 1.225300E+01
1.108900E+02 1.712910E+00 1.225000E+01
1.118890E+02 1.717392E+00 1.224600E+01
1.128880E+02 1.721822E+00 1.224200E+01
1.138870E+02 1.726200E+00 1.223800E+01
1.148860E+02 1.730526E+00 1.223400E+01
1.158850E+02 1.734803E+00 1.223100E+01
1.168840E+02 1.739030E+00 1.222700E+01
1.178830E+02 1.743209E+00 1.222300E+01
1.188820E+02 1.747340E+00 1.221900E+01
1.198810E+02 1.751424E+00 1.221500E+01
1.208800E+02 1.755462E+00 1.221100E+01
1.218790E+02 1.759454E+00 1.220800E+01
1.228780E+02 1.763402E+00 1.220400E+01
1.238770E+02 1.767306E+00 1.220000E+01
1.248760E+02 1.771166E+00 1.219600E+01
1.258750E+02 1.774984E+00 1.219200E+01
1.268740E+02 1.778760E+00 1.218800E+01
1.278730E+02 1.782495E+00 1.218500E+01
1.288720E+02 1.786189E+00 1.218100E+01
1.298710E+02 1.789843E+00 1.217700E+01
1.308700E+02 1.793457E+00 1.217300E+01
1.318690E+02 1.797033E+00 1.216900E+01
1.328680E+02 1.800571E+00 1.216500E+01
1.338670E+02 1.804071E+00 1.216100E+01
1.348660E+02 1.807534E+00 1.215800E+01
1.358650E+02 1.810960E+00 1.215400E+01
1.368640E+02 1.814351E+00 1.215000E+01
1.378630E+02 1.817706E+00 1.214600E+01
1.388620E+02 1.821026E+00 1.214200E+01
1.398610E+02 1.824312E+00 1.213800E+01
1.408600E+02 1.827563E+00 1.213500E+01
1.418590E+02 1.830782E+00 1.213100E+01
1.428580E+02 1.833967E+00 1.212700E+01
1.438570E+02 1.837120E+00 1.212300E+01
1.448560E+02 1.840241E+00 1.211900E+01
1.458550E+02 1.843331E+00 1.211600E+01
1.468540E+02 1.846389E+00 1.211200E+01
1.478530E+02 1.849417E+00 1.210800E+01
1.488520E+02 1.852414E+00 1.210400E+01
1.498510E+02 1.855382E+00 1.210000E+01
1.508500E+02 1.858320E+00 1.209600E+01
1.518490E+02 1.861229E+00 1.209300E+01
1.528480E+02 1.864110E+00 1.208900E+01
1.538470E+02 1.866962E+00 1.208500E+01
1.548460E+02 1.869786E+00 1.208100E+01
1.558450E+02 1.872583E+00 1.207800E+01
1.568440E+02 1.875353E+00 1.207400E+01
1.578430E+02 1.878096E+00 1.207000E+01
1.588420E+02 1.880813E+00 1.206600E+01
1.598410E+02 1.883504E+00 1.206300E+01
1.608400E+02 1.886169E+00 1.205900E+01
1.618390E+02 1.888809E+00 1.205500E+01
1.628380E+02 1.891423E+00 1.205100E+01
1.638370E+02 1.894013E+00 1.204800E+01
1.648360E+02 1.896579E+00 1.204400E+01
1.658350E+02 1.899120E+00 1.204000E+01
1.668340E+02 1.901638E+00 1.203600E+01
1.678330E+02 1.904132E+00 1.203300E+01
1.688320E+02 1.906603E+00 1.202900E+01
1.698310E+02 1.909052E+00 1.202500E+01
1.708300E+02 1.911477E+00 1.202100E+01
1.718290E+02 1.913881E+00 1.201800E+01
1.728280E+02 1.916262E+00 1.201400E+01
1.738270E+02 1.918622E+00 1.201000E+01
1.748260E+02 1.920960E+00 1.200700E+01
1.758250E+02 1.923277E+00 1.200300E+01
1.768240E+02 1.925573E+00 1.199900E+01
1.778230E+02 1.927848E+00 1.199600E+01
1.788220E+02 1.930103E+00 1.199200E+01
1.798210E+02 1.932337E+00 1.198800E+01
1.808200E+02 1.934552E+00 1.198500E+01
1.818190E+02 1.936747E+00 1.198100E+01
1.828180E+02 1.938922E+00 1.197800E+01
1.838170E+02 1.941079E+00 1.197400E+01
1.848160E+02 1.943216E+00 1.197000E+01
1.858150E+02 1.945334E+00 1.196700E+01
1.868140E+02 1.947434E+00 1.196300E+01
1.878130E+02 1.949515E+00 1.195900E+01
1.888120E+02 1.951579E+00 1.195600E+01
1.898110E+02 1.953624E+00 1.195200E+01
1.908100E+02 1.955652E+00 1.194900E+01
1.918090E+02 1.957662E+00 1.194500E+01
1.928080E+02 1.959655E+00 1.194200E+01
1.938070E+02 1.961630E+00 1.193800E+01
1.948060E+02 1.963589E+00 1.193400E+01
1.958050E+02 1.965531E+00 1.193100E+01
1.968040E+02 1.967456E+00 1.192700E+01
1.978030E+02 1.969365E+00 1.192400E+01
1.988020E+02 1.971258E+00 1.192000E+01
1.998010E+02 1.973135E+00 1.191700E+01
2.008000E+02 1.974996E+00 1.191300E+01
2.017990E+02 1.976842E+00 1.191000E+01
2.027980E+02 1.978672E+00 1.190600E+01
2.037970E+02 1.980486E+00 1.190300E+01
2.047960E+02 1.982286E+00 1.189900E+01
2.057950E+02 1.984070E+00 1.189600E+01
2.067940E+02 1.985840E+00 1.189200E+01
2.077930E+02 1.987595E+00 1.188900E+01
2.087920E+02 1.989336E+00 1.188500E+01
2.097910E+02 1.991062E+00 1.188200E+01
2.107900E+02 1.992774E+00 1.187800E+01
2.117890E+02 1.994473E+00 1.187500E+01
2.127880E+02 1.996157E+00 1.187100E+01
2.137870E+02 1.997827E+00 1.186800E+01
2.147860E+02 1.999484E+00 1.186500E+01
2.157850E+02 2.001128E+00 1.186100E+01
2.167840E+02 2.002758E+00 1.185800E+01
2.177830E+02 2.004375E+00 1.185400E+01
2.187820E+02 2.005979E+00 1.185100E+01
2.197810E+02 2.007570E+00 1.184800E+01
2.207800E+02 2.009149E+00 1.184400E+01
2.217790E+02 2.010714E+00 1.184100E+01
2.227780E+02 2.012268E+00 1.183700E+01
2.237770E+02 2.013809E+00 1.183400E+01
2.247760E+02 2.015337E+00 1.183100E+01
2.257750E+02 2.016854E+00 1.182700E+01
2.267740E+02 2.018358E+00 1.182400E+01
2.277730E+02 2.019851E+00 1.182100E+01
2.287720E+02 2.021332E+00 1.181700E+01
2.297710E+02 2.022802E+00 1.181400E+01
2.307700E+02 2.024259E+00 1.181100E+01
2.317690E+02 2.025706E+00 1.180700E+01
2.327680E+02 2.027141E+00 1.180400E+01
2.337670E+02 2.028565E+00 1.180100E+01
2.347660E+02 2.029978E+00 1.179800E+01
2.357650E+02 2.031380E+00 1.179400E+01
2.367640E+02 2.032771E+00 1.179100E+01
2.377630E+02 2.034152E+00 1.178800E+01
2.387620E+02 2.035521E+00 1.178400E+01
2.397610E+02 2.036881E+00 1.178100E+01
2.407600E+02 2.038230E+00 1.177800E+01
2.417590E+02 2.039568E+00 1.177500E+01
2.427580E+02 2.040896E+00 1.177100E+01
2.437570E+02 2.042215E+00 1.176800E+01
2.447560E+02 2.043523E+00 1.176500E+01
2.457550E+02 2.044821E+00 1.176200E+01
2.467540E+02 2.046109E+00 1.175900E+01
2.477530E+02 2.047388E+00 1.175500E+01
2.487520E+02 2.048657E+00 1.175200E+01
2.497510E+02 2.049916E+00 1.174900E+01
2.507500E+02 2.051166E+00 1.174600E+01
2.517490E+02 2.052407E+00 1.174300E+01
2.527480E+02 2.053638E+00 1.173900E+01
2.537470E+02 2.054860E+00 1.173600E+01
2.547460E+02 2.056073E+00 1.173300E+01
2.557450E+02 2.057277E+00 1.173000E+01
2.567440E+02 2.058472E+00 1.172700E+01
2.577430E+02 2.059658E+00 1.172400E+01
2.587420E+02 2.060836E+00 1.172000E+01
2.597410E+02 2.062004E+00 1.171700E+01
2.607400E+02 2.063164E+00 1.171400E+01
2.617390E+02 2.064316E+00 1.171100E+01
2.627380E+02 2.065459E+00 1.170800E+01
2.637370E+02 2.066593E+00 1.170500E+01
2.647360E+02 2.067720E+00 1.170200E+01
2.657350E+02 2.068838E+00 1.169900E+01
2.667340E+02 2.069947E+00 1.169600E+01
2.677330E+02 2.071049E+00 1.169200E+01
2.687320E+02 2.072143E+00 1.168900E+01
2.697310E+02 2.073229E+00 1.168600E+01
2.707300E+02 2.074307E+00 1.168300E+01
2.717290E+02 2.075377E+00 1.168000E+01
2.727280E+02 2.076439E+00 1.167700E+01
2.737270E+02 2.077494E+00 1.167400E+01
2.747260E+02 2.078541E+00 1.167100E+01
2.757250E+02 2.079580E+00 1.166800E+01
2.767240E+02 2.080613E+00 1.166500E+01
2.777230E+02 2.081637E+00 1.166200E+01
2.787220E+02 2.082655E+00 1.165900E+01
2.797210E+02 2.083665E+00 1.165600E+01
2.807200E+02 2.084668E+00 1.165300E+01
2.817190E+02 2.085663E+00 1.165000E+01
2.827180E+02 2.086652E+00 1.164700E+01
2.837170E+02 2.087633E+00 1.164400E+01
2.847160E+02 2.088608E+00 1.164100E+01
2.857150E+02 2.089576E+00 1.163800E+01
2.867140E+02 2.090537E+00 1.163500E+01
2.877130E+02 2.091491E+00 1.163200E+01
2.887120E+02 2.092438E+00 1.162900E+01
2.897110E+02 2.093379E+00 1.162600E+01
2.907100E+02 2.094313E+00 1.162300E+01
2.917090E+02 2.095240E+00 1.162000E+01
2.927080E+02 2.096161E+00 1.161700E+01
2.937070E+02 2.097076E+00 1.161400E+01
2.947060E+02 2.097984E+00 1.161200E+01
2.957050E+02 2.098885E+00 1.160900E+01
2.967040E+02 2.099781E+00 1.160600E+01
2.977030E+02 2.100670E+00 1.160300E+01
2.987020E+02 2.101553E+00 1.160000E+01
2.997010E+02 2.102430E+00 1.159700E+01
3.007000E+02 2.103301E+00 1.159400E+01
3.016990E+02 2.104166E+00 1.159100E+01
3.026980E+02 2.105024E+00 1.158800E+01
3.036970E+02 2.105877E+00 1.158600E+01
3.046960E+02 2.106724E+00 1.158300E+01
3.056950E+02 2.107565E+00 1.158000E+01
3.066940E+02 2.108400E+00 1.157700E+01
3.076930E+02 2.109230E+00 1.157400E+01
3.086920E+02 2.110054E+00 1.157100E+01
3.096910E+02 2.110872E+00 1.156800E+01
3.106900E+02 2.111685E+00 1.156600E+01
3.116890E+02 2.112492E+00 1.156300E+01
3.126880E+02 2.113293E+00 1.156000E+01
3.136870E+02 2.114089E+00 1.155700E+01
3.146860E+02 2.114880E+00 1.155400E+01
3.156850E+02 2.115665E+00 1.155200E+01
3.166840E+02 2.116445E+00 1.154900E+01
3.176830E+02 2.117219E+00 1.154600E+01
3.186820E+02 2.117989E+00 1.154300E+01
3.196810E+02 2.118753E+00 1.154000E+01
3.206800E+02 2.119511E+00 1.153800E+01
3.216790E+02 2.120265E+00 1.153500E+01
3.226780E+02 2.121014E+00 1.153200E+01
3.236770E+02 2.121757E+00 1.152900E+01
3.246760E+02 2.122496E+00 1.152700E+01
3.256750E+02 2.123229E+00 1.152400E+01
3.266740E+02 2.123958E+00 1.152100E+01
3.276730E+02 2.124682E+00 1.151800E+01
3.286720E+02 2.125401E+00 1.151600E+01
3.296710E+02 2.126115E+00 1.151300E+01
3.306700E+02 2.126824E+00 1.151000E+01
3.316690E+02 2.127528E+00 1.150800E+01
3.326680E+02 2.128228E+00 1.150500E+01
3.336670E+02 2.128923E+00 1.150200E+01
3.346660E+02 2.129614E+00 1.149900E+01
3.356650E+02 2.130299E+00 1.149700E+01
3.366640E+02 2.130981E+00 1.149400E+01
3.376630E+02 2.131657E+00 1.149100E+01
3.386620E+02 2.132329E+00 1.148900E+01
3.396610E+02 2.132997E+00 1.148600E+01
3.406600E+02 2.133660E+00 1.148300E+01
3.416590E+02 2.134319E+00 1.148100E+01
3.426580E+02 2.134974E+00 1.147800E+01
3.436570E+02 2.135624E+00 1.147500E+01
3.446560E+02 2.136270E+00 1.147300E+01
3.456550E+02 2.136911E+00 1.147000E+01
3.466540E+02 2.137548E+00 1.146700E+01
3.476530E+02 2.138181E+00 1.146500E+01
3.486520E+02 2.138810E+00 1.146200E+01
3.496510E+02 2.139435E+00 1.146000E+01
3.506500E+02 2.140056E+00 1.145700E+01
3.516490E+02 2.140672E+00 1.145400E+01
3.526480E+02 2.141285E+00 1.145200E+01
3.536470E+02 2.141893E+00 1.144900E+01
3.546460E+02 2.142498E+00 1.144700E+01
3.556450E+02 2.143098E+00 1.144400E+01
3.566440E+02 2.143695E+00 1.144100E+01
3.576430E+02 2.144287E+00 1.143900E+01
3.586420E+02 2.144876E+00 1.143600E+01
3.596410E+02 2.145461E+00 1.143400E+01
3.606400E+02 2.146042E+00 1.143100E+01
3.616390E+02 2.146619E+00 1.142800E+01
3.626380E+02 2.147192E+00 1.142600E+01
3.636370E+02 2.147762E+00 1.142300E+01
3.646360E+02 2.148328E+00 1.142100E+01
3.656350E+02 2.148890E+00 1.141800E+01
3.666340E+02 2.149449E+00 1.141600E+01
3.676330E+02 2.150004E+00 1.141300E+01
3.686320E+02 2.150555E+00 1.141100E+01
3.696310E+02 2.151103E+00 1.140800E+01
3.706300E+02 2.151647E+00 1.140600E+01
3.716290E+02 2.152188E+00 1.140300E+01
3.726280E+02 2.152725E+00 1.140100E+01
3.736270E+02 2.153258E+00 1.139800E+01
3.746260E+02 2.153789E+00 1.139600E+01
3.756250E+02 2.154315E+00 1.139300E+01
3.766240E+02 2.154839E+00 1.139100E+01
3.776230E+02 2.155358E+00 1.138800E+01
3.786220E+02 2.155875E+00 1.138600E+01
3.796210E+02 2.156388E+00 1.138300E+01
3.806200E+02 2.156898E+00 1.138100E+01
3.816190E+02 2.157405E+00 1.137800E+01
3.826180E+02 2.157908E+00 1.137600E+01
3.836170E+02 2.158408E+00 1.137300E+01
3.846160E+02 2.158905E+00 1.137100E+01
3.856150E+02 2.159398E+00 1.136800E+01
3.866140E+02 2.159889E+00 1.136600E+01
3.876130E+02 2.160376E+00 1.136300E+01
3.886120E+02 2.160860E+00 1.136100E+01
3.896110E+02 2.161341E+00 1.135900E+01
3.906100E+02 2.161819E+00 1.135600E+01
3.916090E+02 2.162293E+00 1.135400E+01
3.926080E+02 2.162765E+00 1.135100E+01
3.936070E+02 2.163234E+00 1.134900E+01
3.946060E+02 2.163699E+00 1.134700E+01
3.956050E+02 2.164162E+00 1.134400E+01
3.966040E+02 2.164622E+00 1.134200E+01
3.976030E+02 2.165078E+00 1.133900E+01
3.986020E+02 2.165532E+00 1.133700E+01
3.996010E+02 2.165983E+00 1.133500E+01
4.006000E+02 2.166431E+00 1.133200E+01
4.015990E+02 2.166876E+00 1.133000E+01
4.025980E+02 2.167318E+00 1.132700E+01
4.035970E+02 2.167757E+00 1.132500E+01
4.045960E+02 2.168194E+00 1.132300E+01
4.055950E+02 2.168628E+00 1.132000E+01
4.065940E+02 2.169059E+00 1.131800E+01
4.075930E+02 2.169487E+00 1.131600E+01
4.085920E+02 2.169912E+00 1.131300E+01
4.095910E+02 2.170335E+00 1.131100E+01
4.105900E+02 2.170755E+00 1.130900E+01
4.115890E+02 2.171172E+00 1.130600E+01
4.125880E+02 2.171587E+00 1.130400E+01
4.135870E+02 2.171999E+00 1.130200E+01
4.145860E+02 2.172408E+00 1.129900E+01
4.155850E+02 2.172814E+00 1.129700E+01
4.165840E+02 2.173218E+00 1.129500E+01
4.175830E+02 2.173620E+00 1.129200E+01
4.185820E+02 2.174019E+00 1.129000E+01
4.195810E+02 2.174415E+00 1.128800E+01
4.205800E+02 2.174809E+00 1.128500E+01
4.215790E+02 2.175200E+00 1.128300E+01
4.225780E+02 2.175589E+00 1.128100E+01
4.235770E+02 2.175975E+00 1.127800E+01
4.245760E+02 2.176359E+00 1.127600E+01
4.255750E+02 2.176740E+00 1.127400E+01
4.265740E+02 2.177119E+00 1.127200E+01
4.275730E+02 2.177495E+00 1.126900E+01
4.285720E+02 2.177869E+00 1.126700E+01
4.295710E+02 2.178241E+00 1.126500E+01
4.305700E+02 2.178610E+00 1.126300E+01
4.315690E+02 2.178977E+00 1.126000E+01
4.325680E+02 2.179342E+00 1.125800E+01
4.335670E+02 2.179704E+00 1.125600E+01
4.345660E+02 2.180064E+00 1.125300E+01
4.355650E+02 2.180421E+00 1.125100E+01
4.365640E+02 2.180776E+00 1.124900E+01
4.375630E+02 2.181129E+00 1.124700E+01
4.385620E+02 2.181480E+00 1.124500E+01
4.395610E+02 2.181828E+00 1.124200E+01
4.405600E+02 2.182175E+00 1.124000E+01
4.415590E+02 2.182519E+00 1.123800E+01
4.425580E+02 2.182860E+00 1.123600E+01
4.435570E+02 2.183200E+00 1.123300E+01
4.445560E+02 2.183537E+00 1.123100E+01
4.455550E+02 2.183872E+00 1.122900E+01
4.465540E+02 2.184206E+00 1.122700E+01
4.475530E+02 2.184536E+00 1.122500E+01
4.485520E+02 2.184865E+00 1.122200E+01
4.495510E+02 2.185192E+00 1.122000E+01
4.505500E+02 2.185516E+00 1.121800E+01
4.515490E+02 2.185839E+00 1.121600E+01
4.525480E+02 2.186159E+00 1.121400E+01
4.535470E+02 2.186478E+00 1.121200E+01
4.545460E+02 2.186794E+00 1.120900E+01
4.555450E+02 2.187108E+00 1.120700E+01
4.565440E+02 2.187420E+00 1.120500E+01
4.575430E+02 2.187730E+00 1.120300E+01
4.585420E+02 2.188039E+00 1.120100E+01
4.595410E+02 2.188345E+00 1.119900E+01
4.605400E+02 2.188649E+00 1.119600E+01
4.615390E+02 2.188951E+00 1.119400E+01
4.625380E+02 2.189252E+00 1.119200E+01
4.635370E+02 2.189550E+00 1.119000E+01
4.645360E+02 2.189846E+00 1.118800E+01
4.655350E+02 2.190141E+00 1.118600E+01
4.665340E+02 2.190433E+00 1.118400E+01
4.675330E+02 2.190724E+00 1.118100E+01
4.685320E+02 2.191013E+00 1.117900E+01
4.695310E+02 2.191300E+00 1.117700E+01
4.705300E+02 2.191585E+00 1.117500E+01
4.715290E+02 2.191868E+00 1.117300E+01
4.725280E+02 2.192149E+00 1.117100E+01
4.735270E+02 2.192429E+00 1.116900E+01
4.745260E+02 2.192707E+00 1.116700E+01
4.755250E+02 2.192983E+00 1.116500E+01
4.765240E+02 2.193257E+00 1.116300E+01
4.775230E+02 2.193529E+00 1.116000E+01
4.785220E+02 2.193800E+00 1.115800E+01
4.795210E+02 2.194068E+00 1.115600E+01
4.805200E+02 2.194335E+00 1.115400E+01
4.815190E+02 2.194601E+00 1.115200E+01
4.825180E+02 2.194864E+00 1.115000E+01
4.835170E+02 2.195126E+00 1.114800E+01
4.845160E+02 2.195386E+00 1.114600E+01
4.855150E+02 2.195645E+00 1.114400E+01
4.865140E+02 2.195901E+00 1.114200E+01
4.875130E+02 2.196156E+00 1.114000E+01
4.885120E+02 2.196410E+00 1.113800E+01
4.895110E+02 2.196661E+00 1.113600E+01
4.905100E+02 2.196911E+00 1.113400E+01
4.915090E+02 2.197160E+00 1.113200E+01
4.925080E+02 2.197407E+00 1.113000E+01
4.935070E+02 2.197652E+00 1.112700E+01
4.945060E+02 2.197895E+00 1.112500E+01
4.955050E+02 2.198137E+00 1.112300E+01
4.965040E+02 2.198377E+00 1.112100E+01
4.975030E+02 2.198616E+00 1.111900E+01
4.985020E+02 2.198853E+00 1.111700E+01
4.995010E+02 2.199089E+00 1.111500E+01
5.005000E+02 2.199323E+00 1.111300E+01
5.014990E+02 2.199555E+00 1.111100E+01
5.024980E+02 2.199786E+00 1.110900E+01
5.034970E+02 2.200015E+00 1.110700E+01
5.044960E+02 2.200243E+00 1.110500E+01
5.054950E+02 2.200470E+00 1.110300E+01
5.064940E+02 2.200694E+00 1.110100E+01
5.074930E+02 2.200918E+00 1.109900E+01
5.084920E+02 2.201139E+00 1.109700E+01
5.094910E+02 2.201360E+00 1.109500E+01
5.104900E+02 2.201579E+00 1.109300E+01
5.114890E+02 2.201796E+00 1.109100E+01
5.124880E+02 2.202012E+00 1.108900E+01
5.134870E+02 2.202226E+00 1.108700E+01
5.144860E+02 2.202439E+00 1.108600E+01
5.154850E+02 2.202651E+00 1.108400E+01
5.164840E+02 2.202861E+00 1.108200E+01
5.174830E+02 2.203070E+00 1.108000E+01
5.184820E+02 2.203277E+00 1.107800E+01
5.194810E+02 2.203483E+00 1.107600E+01
5.204800E+02 2.203688E+00 1.107400E+01
5.214790E+02 2.203891E+00 1.107200E+01
5.224780E+02 2.204093E+00 1.107000E+01
5.234770E+02 2.204293E+00 1.106800E+01
5.244760E+02 2.204492E+00 1.106600E+01
5.254750E+02 2.204690E+00 1.106400E+01
5.264740E+02 2.204886E+00 1.106200E+01
5.274730E+02 2.205081E+00 1.106000E+01
5.284720E+02 2.205275E+00 1.105800E+01
5.294710E+02 2.205467E+00 1.105600E+01
5.304700E+02 2.205658E+00 1.105400E+01
5.314690E+02 2.205848E+00 1.105300E+01
5.324680E+02 2.206036E+00 1.105100E+01
5.334670E+02 2.206223E+00 1.104900E+01
5.344660E+02 2.206409E+00 1.104700E+01
5.354650E+02 2.206593E+00 1.104500E+01
5.364640E+02 2.206777E+00 1.104300E+01
5.374630E+02 2.206959E+00 1.104100E+01
5.384620E+02 2.207139E+00 1.103900E+01
5.394610E+02 2.207319E+00 1.103700E+01
5.404600E+02 2.207497E+00 1.103500E+01
5.414590E+02 2.207674E+00 1.103400E+01
5.424580E+02 2.207849E+00 1.103200E+01
5.434570E+02 2.208024E+00 1.103000E+01
5.444560E+02 2.208197E+00 1.102800E+01
5.454550E+02 2.208369E+00 1.102600E+01
5.464540E+02 2.208540E+00 1.102400E+01
5.474530E+02 2.208710E+00 1.102200E+01
5.484520E+02 2.208878E+00 1.102000E+01
5.494510E+02 2.209045E+00 1.101900E+01
5.504500E+02 2.209211E+00 1.101700E+01
5.514490E+02 2.209376E+00 1.101500E+01
5.524480E+02 2.209540E+00 1.101300E+01
5.534470E+02 2.209702E+00 1.101100E+01
5.544460E+02 2.209864E+00 1.100900E+01
5.554450E+02 2.210024E+00 1.100700E+01
5.564440E+02 2.210183E+00 1.100600E+01
5.574430E+02 2.210341E+00 1.100400E+01
5.584420E+02 2.210498E+00 1.100200E+01
5.594410E+02 2.210654E+00 1.100000E+01
5.604400E+02 2.210808E+00 1.099800E+01
5.614390E+02 2.210962E+00 1.099600E+01
5.624380E+02 2.211114E+00 1.099500E+01
5.634370E+02 2.211265E+00 1.099300E+01
5.644360E+02 2.211415E+00 1.099100E+01
5.654350E+02 2.211564E+00 1.098900E+01
5.664340E+02 2.211712E+00 1.098700E+01
5.674330E+02 2.211859E+00 1.098500E+01
5.684320E+02 2.212005E+00 1.098400E+01
5.694310E+02 2.212150E+00 1.098200E+01
5.704300E+02 2.212293E+00 1.098000E+01
5.714290E+02 2.212436E+00 1.097800E+01
5.724280E+02 2.212577E+00 1.097600E+01
5.734270E+02 2.212718E+00 1.097500E+01
5.744260E+02 2.212857E+00 1.097300E+01
5.754250E+02 2.212996E+00 1.097100E+01
5.764240E+02 2.213133E+00 1.096900E+01
5.774230E+02 2.213270E+00 1.096700E+01
5.784220E+02 2.213405E+00 1.096600E+01
5.794210E+02 2.213539E+00 1.096400E+01
5.804200E+02 2.213672E+00 1.096200E+01
5.814190E+02 2.213805E+00 1.096000E+01
5.824180E+02 2.213936E+00 1.095900E+01
5.834170E+02 2.214066E+00 1.095700E+01
5.844160E+02 2.214196E+00 1.095500E+01
5.854150E+02 2.214324E+00 1.095300E+01
5.864140E+02 2.214451E+00 1.095200E+01
5.874130E+02 2.214578E+00 1.095000E+01
5.884120E+02 2.214703E+00 1.094800E+01
5.894110E+02 2.214828E+00 1.094600E+01
5.904100E+02 2.214951E+00 1.094400E+01
5.914090E+02 2.215074E+00 1.094300E+01
5.924080E+02 2.215195E+00 1.094100E+01
5.934070E+02 2.215316E+00 1.093900E+01
5.944060E+02 2.215436E+00 1.093800E+01
5.954050E+02 2.215554E+00 1.093600E+01
5.964040E+02 2.215672E+00 1.093400E+01
5.974030E+02 2.215789E+00 1.093200E+01
5.984020E+02 2.215905E+00 1.093100E+01
5.994010E+02 2.216020E+00 1.092900E+01
6.004000E+02 2.216134E+00 1.092700E+01
6.013990E+02 2.216248E+00 1.092500E+01
6.023980E+02 2.216360E+00 1.092400E+01
6.033970E+02 2.216472E+00 1.092200E+01
6.043960E+02 2.216582E+00 1.092000E+01
6.053950E+02 2.216692E+00 1.091900E+01
6.063940E+02 2.216801E+00 1.091700E+01
6.073930E+02 2.216909E+00 1.091500E+01
6.083920E+02 2.217016E+00 1.091300E+01
6.093910E+02 2.217122E+00 1.091200E+01
6.103900E+02 2.217227E+00 1.091000E+01
6.113890E+02 2.217331E+00 1.090800E+01
6.123880E+02 2.217435E+00 1.090700E+01
6.133870E+02 2.217538E+00 1.090500E+01
6.143860E+02 2.217640E+00 1.090300E+01
6.153850E+02 2.217741E+00 1.090100E+01
6.163840E+02 2.217841E+00 1.090000E+01
6.173830E+02 2.217940E+00 1.089800E+01
6.183820E+02 2.218039E+00 1.089600E+01
6.193810E+02 2.218137E+00 1.089500E+01
6.203800E+02 2.218233E+00 1.089300E+01
6.213790E+02 2.218329E+00 1.089100E+01
6.223780E+02 2.218425E+00 1.089000E+01
6.233770E+02 2.218519E+00 1.088800E+01
6.243760E+02 2.218613E+00 1.088600E+01
6.253750E+02 2.218706E+00 1.088500E+01
6.263740E+02 2.218798E+00 1.088300E+01
6.273730E+02 2.218889E+00 1.088100E+01
6.283720E+02 2.218979E+00 1.088000E+01
6.293710E+02 2.219069E+00 1.087800E+01
6.303700E+02 2.219158E+00 1.087600E+01
6.313690E+02 2.219246E+00 1.087500E+01
6.323680E+02 2.219333E+00 1.087300E+01
6.333670E+02 2.219420E+00 1.087100E+01
6.343660E+02 2.219505E+00 1.087000E+01
6.353650E+02 2.219591E+00 1.086800E+01
6.363640E+02 2.219675E+00 1.086700E+01
6.373630E+02 2.219758E+00 1.086500E+01
6.383620E+02 2.219841E+00 1.086300E+01
6.393610E+02 2.219923E+00 1.086200E+01
6.403600E+02 2.220004E+00 1.086000E+01
6.413590E+02 2.220085E+00 1.085800E+01
6.423580E+02 2.220164E+00 1.085700E+01
6.433570E+02 2.220243E+00 1.085500E+01
6.443560E+02 2.220322E+00 1.085300E+01
6.453550E+02 2.220399E+00 1.085200E+01
6.463540E+02 2.220476E+00 1.085000E+01
6.473530E+02 2.220552E+00 1.084900E+01
6.483520E+02 2.220628E+00 1.084700E+01
6.493510E+02 2.220702E+00 1.084500E+01
6.503500E+02 2.220776E+00 1.084400E+01
6.513490E+02 2.220849E+00 1.084200E+01
6.523480E+02 2.220922E+00 1.084100E+01
6.533470E+02 2.220994E+00 1.083900E+01
6.543460E+02 2.221065E+00 1.083700E+01
6.553450E+02 2.221136E+00 1.083600E+01
6.563440E+02 2.221205E+00 1.083400E+01
6.573430E+02 2.221274E+00 1.083300E+01
6.583420E+02 2.221343E+00 1.083100E+01
6.593410E+02 2.221411E+00 1.082900E+01
6.603400E+02 2.221478E+00 1.082800E+01
6.613390E+02 2.221544E+00 1.082600E+01
6.623380E+02 2.221610E+00 1.082500E+01
6.633370E+02 2.221675E+00 1.082300E+01
6.643360E+02 2.221739E+00 1.082100E+01
6.653350E+02 2.221803E+00 1.082000E+01
6.663340E+02 2.221866E+00 1.081800E+01
6.673330E+02 2.221928E+00 1.081700E+01
6.683320E+02 2.221990E+00 1.081500E+01
6.693310E+02 2.222051E+00 1.081400E+01
6.703300E+02 2.222111E+00 1.081200E+01
6.713290E+02 2.222171E+00 1.081000E+01
6.723280E+02 2.222230E+00 1.080900E+01
6.733270E+02 2.222289E+00 1.080700E+01
6.743260E+02 2.222347E+00 1.080600E+01
6.753250E+02 2.222404E+00 1.080400E+01
6.763240E+02 2.222461E+00 1.080300E+01
6.773230E+02 2.222517E+00 1.080100E+01
6.783220E+02 2.222572E+00 1.080000E+01
6.793210E+02 2.222627E+00 1.079800E+01
6.803200E+02 2.222681E+00 1.079600E+01
6.813190E+02 2.222735E+00 1.079500E+01
6.823180E+02 2.222788E+00 1.079300E+01
6.833170E+02 2.222840E+00 1.079200E+01
6.843160E+02 2.222892E+00 1.079000E+01
6.853150E+02 2.222943E+00 1.078900E+01
6.863140E+02 2.222993E+00 1.078700E+01
6.873130E+02 2.223043E+00 1.078600E+01
6.883120E+02 2.223093E+00 1.078400E+01
6.893110E+02 2.223141E+00 1.078300E+01
6.903100E+02 2.223190E+00 1.078100E+01
6.913090E+02 2.223237E+00 1.078000E+01
6.923080E+02 2.223284E+00 1.077800E+01
6.933070E+02 2.223330E+00 1.077700E+01
6.943060E+02 2.223376E+00 1.077500E+01
6.953050E+02 2.223422E+00 1.077300E+01
6.963040E+02 2.223466E+00 1.077200E+01
6.973030E+02 2.223510E+00 1.077000E+01
6.983020E+02 2.223554E+00 1.076900E+01
6.993010E+02 2.223597E+00 1.076700E+01
7.003000E+02 2.223639E+00 1.076600E+01
7.012990E+02 2.223681E+00 1.076400E+01
7.022980E+02 2.223723E+00 1.076300E+01
7.032970E+02 2.223763E+00 1.076100E+01
7.042960E+02 2.223804E+00 1.076000E+01
7.052950E+02 2.223843E+00 1.075800E+01
7.062940E+02 2.223882E+00 1.075700E+01
7.072930E+02 2.223921E+00 1.075500E+01
7.082920E+02 2.223959E+00 1.075400E+01
7.092910E+02 2.223997E+00 1.075200E+01
7.102900E+02 2.224033E+00 1.075100E+01
7.112890E+02 2.224070E+00 1.074900E+01
7.122880E+02 2.224106E+00 1.074800E+01
7.132870E+02 2.224141E+00 1.074700E+01
7.142860E+02 2.224176E+00 1.074500E+01
7.152850E+02 2.224210E+00 1.074400E+01
7.162840E+02 2.224244E+00 1.074200E+01
7.172830E+02 2.224277E+00 1.074100E+01
7.182820E+02 2.224310E+00 1.073900E+01
7.192810E+02 2.224343E+00 1.073800E+01
7.202800E+02 2.224374E+00 1.073600E+01
7.212790E+02 2.224406E+00 1.073500E+01
7.222780E+02 2.224436E+00 1.073300E+01
7.232770E+02 2.224466E+00 1.073200E+01
7.242760E+02 2.224496E+00 1.073000E+01
7.252750E+02 2.224525E+00 1.072900E+01
7.262740E+02 2.224554E+00 1.072700E+01
7.272730E+02 2.224582E+00 1.072600E+01
7.282720E+02 2.224610E+00 1.072500E+01
7.292710E+02 2.224637E+00 1.072300E+01
7.302700E+02 2.224664E+00 1.072200E+01
7.312690E+02 2.224690E+00 1.072000E+01
7.322680E+02 2.224716E+00 1.071900E+01
7.332670E+02 2.224742E+00 1.071700E+01
7.342660E+02 2.224766E+00 1.071600E+01
7.352650E+02 2.224791E+00 1.071400E+01
7.362640E+02 2.224815E+00 1.071300E+01
7.372630E+02 2.224838E+00 1.071200E+01
7.382620E+02 2.224861E+00 1.071000E+01
7.392610E+02 2.224883E+00 1.070900E+01
7.402600E+02 2.224905E+00 1.070700E+01
7.412590E+02 2.224927E+00 1.070600E+01
7.422580E+02 2.224948E+00 1.070400E+01
7.432570E+02 2.224969E+00 1.070300E+01
7.442560E+02 2.224989E+00 1.070200E+01
7.452550E+02 2.225009E+00 1.070000E+01
7.462540E+02 2.225028E+00 1.069900E+01
7.472530E+02 2.225047E+00 1.069700E+01
7.482520E+02 2.225065E+00 1.069600E+01
7.492510E+02 2.225083E+00 1.069400E+01
7.502500E+02 2.225100E+00 1.069300E+01
7.512490E+02 2.225117E+00 1.069200E+01
7.522480E+02 2.225134E+00 1.069000E+01
7.532470E+02 2.225150E+00 1.068900E+01
7.542460E+02 2.225166E+00 1.068700E+01
7.552450E+02 2.225181E+00 1.068600E+01
7.562440E+02 2.225196E+00 1.068500E+01
7.572430E+02 2.225210E+00 1.068300E+01
7.582420E+02 2.225224E+00 1.068200E+01
7.592410E+02 2.225238E+00 1.068000E+01
7.602400E+02 2.225251E+00 1.067900E+01
7.612390E+02 2.225263E+00 1.067800E+01
7.622380E+02 2.225276E+00 1.067600E+01
7.632370E+02 2.225288E+00 1.067500E+01
7.642360E+02 2.225299E+00 1.067300E+01
7.652350E+02 2.225310E+00 1.067200E+01
7.662340E+02 2.225321E+00 1.067100E+01
7.672330E+02 2.225331E+00 1.066900E+01
7.682320E+02 2.225340E+00 1.066800E+01
7.692310E+02 2.225350E+00 1.066600E+01
7.702300E+02 2.225359E+00 1.066500E+01
7.712290E+02 2.225367E+00 1.066400E+01
7.722280E+02 2.225375E+00 1.066200E+01
7.732270E+02 2.225383E+00 1.066100E+01
7.742260E+02 2.225390E+00 1.066000E+01
7.752250E+02 2.225397E+00 1.065800E+01
7.762240E+02 2.225404E+00 1.065700E+01
7.772230E+02 2.225410E+00 1.065500E+01
7.782220E+02 2.225416E+00 1.065400E+01
7.792210E+02 2.225421E+00 1.065300E+01
7.802200E+02 2.225426E+00 1.065100E+01
7.812190E+02 2.225431E+00 1.065000E+01
7.822180E+02 2.225435E+00 1.064900E+01
7.832170E+02 2.225439E+00 1.064700E+01
7.842160E+02 2.225442E+00 1.064600E+01
7.852150E+02 2.225445E+00 1.064500E+01
7.862140E+02 2.225448E+00 1.064300E+01
7.872130E+02 2.225450E+00 1.064200E+01
7.882120E+02 2.225452E+00 1.064100E+01
7.892110E+02 2.225453E+00 1.063900E+01
7.902100E+02 2.225454E+00 1.063800E+01
7.912090E+02 2.225455E+00 1.063700E+01
7.922080E+02 2.225456E+00 1.063500E+01
7.932070E+02 2.225456E+00 1.063400E+01
7.942060E+02 2.225455E+00 1.063200E+01
7.952050E+02 2.225455E+00 1.063100E+01
7.962040E+02 2.225454E+00 1.063000E+01
7.972030E+02 2.225452E+00 1.062800E+01
7.982020E+02 2.225450E+00 1.062700E+01
7.992010E+02 2.225448E+00 1.062600E+01
8.002000E+02 2.225446E+00 1.062400E+01
8.011990E+02 2.225443E+00 1.062300E+01
8.021980E+02 2.225440E+00 1.062200E+01
8.031970E+02 2.225436E+00 1.062100E+01
8.041960E+02 2.225432E+00 1.061900E+01
8.051950E+02 2.225428E+00 1.061800E+01
8.061940E+02 2.225423E+00 1.061700E+01
8.071930E+02 2.225418E+00 1.061500E+01
8.081920E+02 2.225413E+00 1.061400E+01
8.091910E+02 2.225407E+00 1.061300E+01
8.101900E+02 2.225401E+00 1.061100E+01
8.111890E+02 2.225395E+00 1.061000E+01
8.121880E+02 2.225388E+00 1.060900E+01
8.131870E+02 2.225381E+00 1.060700E+01
8.141860E+02 2.225374E+00 1.060600E+01
8.151850E+02 2.225366E+00 1.060500E+01
8.161840E+02 2.225358E+00 1.060300E+01
8.171830E+02 2.225350E+00 1.060200E+01
8.181820E+02 2.225341E+00 1.060100E+01
8.191810E+02 2.225332E+00 1.060000E+01
8.201800E+02 2.225323E+00 1.059800E+01
8.211790E+02 2.225313E+00 1.059700E+01
8.221780E+02 2.225303E+00 1.059600E+01
8.231770E+02 2.225293E+00 1.059400E+01
8.241760E+02 2.225282E+00 1.059300E+01
8.251750E+02 2.225271E+00 1.059200E+01
8.261740E+02 2.225260E+00 1.059000E+01
8.271730E+02 2.225248E+00 1.058900E+01
8.281720E+02 2.225236E+00 1.058800E+01
8.291710E+02 2.225224E+00 1.058700E+01
8.301700E+02 2.225212E+00 1.058500E+01
8.311690E+02 2.225199E+00 1.058400E+01
8.321680E+02 2.225186E+00 1.058300E+01
8.331670E+02 2.225172E+00 1.058100E+01
8.341660E+02 2.225158E+00 1.058000E+01
8.351650E+02 2.225144E+00 1.057900E+01
8.361640E+02 2.225130E+00 1.057800E+01
8.371630E+02 2.225115E+00 1.057600E+01
8.381620E+02 2.225100E+00 1.057500E+01
8.391610E+02 2.225085E+00 1.057400E+01
8.401600E+02 2.225069E+00 1.057300E+01
8.411590E+02 2.225053E+00 1.057100E+01
8.421580E+02 2.225037E+00 1.057000E+01
8.431570E+02 2.225020E+00 1.056900E+01
8.441560E+02 2.225004E+00 1.056700E+01
8.451550E+02 2.224986E+00 1.056600E+01
8.461540E+02 2.224969E+00 1.056500E+01
8.471530E+02 2.224951E+00 1.056400E+01
8.481520E+02 2.224933E+00 1.056200E+01
8.491510E+02 2.224915E+00 1.056100E+01
8.501500E+02 2.224897E+00 1.056000E+01
8.511490E+02 2.224878E+00 1.055900E+01
8.521480E+02 2.224859E+00 1.055700E+01
8.531470E+02 2.224839E+00 1.055600E+01
8.541460E+02 2.224819E+00 1.055500E+01
8.551450E+02 2.224799E+00 1.055400E+01
8.561440E+02 2.224779E+00 1.055200E+01
8.571430E+02 2.224759E+00 1.055100E+01
8.581420E+02 2.224738E+00 1.055000E+01
8.591410E+02 2.224717E+00 1.054900E+01
8.601400E+02 2.224695E+00 1.054700E+01
8.611390E+02 2.224674E+00 1.054600E+01
8.621380E+02 2.224652E+00 1.054500E+01
8.631370E+02 2.224630E+00 1.054400E+01
8.641360E+02 2.224607E+00 1.054300E+01
8.651350E+02 2.224584E+00 1.054100E+01
8.661340E+02 2.224561E+00 1.054000E+01
8.671330E+02 2.224538E+00 1.053900E+01
8.681320E+02 2.224514E+00 1.053800E+01
8.691310E+02 2.224491E+00 1.053600E+01
8.701300E+02 2.224467E+00 1.053500E+01
8.711290E+02 2.224442E+00 1.053400E+01
8.721280E+02 2.224418E+00 1.053300E+01
8.731270E+02 2.224393E+00 1.053100E+01
8.741260E+02 2.224368E+00 1.053000E+01
8.751250E+02 2.224342E+00 1.052900E+01
8.761240E+02 2.224317E+00 1.052800E+01
8.771230E+02 2.224291E+00 1.052700E+01
8.781220E+02 2.224264E+00 1.052500E+01
8.791210E+02 2.224238E+00 1.052400E+01
8.801200E+02 2.224211E+00 1.052300E+01
8.811190E+02 2.224184E+00 1.052200E+01
8.821180E+02 2.224157E+00 1.052100E+01
8.831170E+02 2.224130E+00 1.051900E+01
8.841160E+02 2.224102E+00 1.051800E+01
8.851150E+02 2.224074E+00 1.051700E+01
8.861140E+02 2.224046E+00 1.051600E+01
8.871130E+02 2.224018E+00 1.051500E+01
8.881120E+02 2.223989E+00 1.051300E+01
8.891110E+02 2.223960E+00 1.051200E+01
8.901100E+02 2.223931E+00 1.051100E+01
8.911090E+02 2.223901E+00 1.051000E+01
8.921080E+02 2.223872E+00 1.050900E+01
8.931070E+02 2.223842E+00 1.050700E+01
8.941060E+02 2.223812E+00 1.050600E+01
8.951050E+02 2.223781E+00 1.050500E+01
8.961040E+02 2.223751E+00 1.050400E+01
8.971030E+02 2.223720E+00 1.050300E+01
8.981020E+02 2.223689E+00 1.050100E+01
8.991010E+02 2.223658E+00 1.050000E+01
9.001000E+02 2.223626E+00 1.049900E+01
9.010990E+02 2.223594E+00 1.049800E+01
9.020980E+02 2.223562E+00 1.049700E+01
9.030970E+02 2.223530E+00 1.049500E+01
9.040960E+02 2.223497E+00 1.049400E+01
9.050950E+02 2.223465E+00 1.049300E+01
9.060940E+02 2.223432E+00 1.049200E+01
9.070930E+02 2.223399E+00 1.049100E+01
9.080920E+02 2.223365E+00 1.049000E+01
9.090910E+02 2.223332E+00 1.048800E+01
9.100900E+02 2.223298E+00 1.048700E+01
9.110890E+02 2.223264E+00 1.048600E+01
9.120880E+02 2.223230E+00 1.048500E+01
9.130870E+02 2.223195E+00 1.048400E+01
9.140860E+02 2.223160E+00 1.048300E+01
9.150850E+02 2.223125E+00 1.048100E+01
9.160840E+02 2.223090E+00 1.048000E+01
9.170830E+02 2.223055E+00 1.047900E+01
9.180820E+02 2.223019E+00 1.047800E+01
9.190810E+02 2.222983E+00 1.047700E+01
9.200800E+02 2.222947E+00 1.047600E+01
9.210790E+02 2.222911E+00 1.047400E+01
9.220780E+02 2.222875E+00 1.047300E+01
9.230770E+02 2.222838E+00 1.047200E+01
9.240760E+02 2.222801E+00 1.047100E+01
9.250750E+02 2.222764E+00 1.047000E+01
9.260740E+02 2.222727E+00 1.046900E+01
9.270730E+02 2.222689E+00 1.046700E+01
9.280720E+02 2.222651E+00 1.046600E+01
9.290710E+02 2.222614E+00 1.046500E+01
9.300700E+02 2.222575E+00 1.046400E+01
9.310690E+02 2.222537E+00 1.046300E+01
9.320680E+02 2.222499E+00 1.046200E+01
9.330670E+02 2.222460E+00 1.046100E+01
9.340660E+02 2.222421E+00 1.045900E+01
9.350650E+02 2.222382E+00 1.045800E+01
9.360640E+02 2.222342E+00 1.045700E+01
9.370630E+02 2.222303E+00 1.045600E+01
9.380620E+02 2.222263E+00 1.045500E+01
9.390610E+02 2.222223E+00 1.045400E+01
9.400600E+02 2.222183E+00 1.045300E+01
9.410590E+02 2.222143E+00 1.045100E+01
9.420580E+02 2.222102E+00 1.045000E+01
9.430570E+02 2.222061E+00 1.044900E+01
9.440560E+02 2.222020E+00 1.044800E+01
9.450550E+02 2.221979E+00 1.044700E+01
9.460540E+02 2.221938E+00 1.044600E+01
9.470530E+02 2.221896E+00 1.044500E+01
9.480520E+02 2.221855E+00 1.044400E+01
9.490510E+02 2.221813E+00 1.044200E+01
9.500500E+02 2.221771E+00 1.044100E+01
9.510490E+02 2.221728E+00 1.044000E+01
9.520480E+02 2.221686E+00 1.043900E+01
9.530470E+02 2.221643E+00 1.043800E+01
9.540460E+02 2.221600E+00 1.043700E+01
9.550450E+02 2.221557E+00 1.043600E+01
9.560440E+02 2.221514E+00 1.043500E+01
9.570430E+02 2.221471E+00 1.043300E+01
9.580420E+02 2.221427E+00 1.043200E+01
9.590410E+02 2.221383E+00 1.043100E+01
9.600400E+02 2.221339E+00 1.043000E+01
9.610390E+02 2.221295E+00 1.042900E+01
9.620380E+02 2.221251E+00 1.042800E+01
9.630370E+02 2.221206E+00 1.042700E+01
9.640360E+02 2.221162E+00 1.042600E+01
9.650350E+02 2.221117E+00 1.042500E+01
9.660340E+02 2.221072E+00 1.042300E+01
9.670330E+02 2.221027E+00 1.042200E+01
9.680320E+02 2.220981E+00 1.042100E+01
9.690310E+02 2.220936E+00 1.042000E+01
9.700300E+02 2.220890E+00 1.041900E+01
9.710290E+02 2.220844E+00 1.041800E+01
9.720280E+02 2.220798E+00 1.041700E+01
9.730270E+02 2.220752E+00 1.041600E+01
9.740260E+02 2.220705E+00 1.041500E+01
9.750250E+02 2.220659E+00 1.041400E+01
9.760240E+02 2.220612E+00 1.041200E+01
9.770230E+02 2.220565E+00 1.041100E+01
9.780220E+02 2.220518E+00 1.041000E+01
9.790210E+02 2.220471E+00 1.040900E+01
9.800200E+02 2.220423E+00 1.040800E+01
9.810190E+02 2.220376E+00 1.040700E+01
9.820180E+02 2.220328E+00 1.040600E+01
9.830170E+02 2.220280E+00 1.040500E+01
9.840160E+02 2.220232E+00 1.040400E+01
9.850150E+02 2.220183E+00 1.040300E+01
9.860140E+02 2.220135E+00 1.040200E+01
9.870130E+02 2.220086E+00 1.040100E+01
9.880120E+02 2.220038E+00 1.039900E+01
9.890110E+02 2.219989E+00 1.039800E+01
9.900100E+02 2.219939E+00 1.039700E+01
9.910090E+02 2.219890E+00 1.039600E+01
9.920080E+02 2.219841E+00 1.039500E+01
9.930070E+02 2.219791E+00 1.039400E+01
9.940060E+02 2.219741E+00 1.039300E+01
9.950050E+02 2.219692E+00 1.039200E+01
9.960040E+02 2.219642E+00 1.039100E+01
9.970030E+02 2.219591E+00 1.039000E+01
9.980020E+02 2.219541E+00 1.038900E+01
9.990010E+02 2.219490E+00 1.038800E+01
