1.000000E+00 1.154509E-01 2.730300E+01
1.999000E+00 1.773749E-01 1.685100E+01
2.998000E+00 2.329533E-01 1.469900E+01
3.997000E+00 2.835183E-01 1.382100E+01
4.996000E+00 3.301400E-01 1.336500E+01
5.995000E+00 3.735408E-01 1.309600E+01
6.994000E+00 4.142324E-01 1.292400E+01
7.993000E+00 4.525934E-01 1.280900E+01
8.992000E+00 4.889161E-01 1.272900E+01
9.991000E+00 5.234323E-01 1.267100E+01
1.099000E+01 5.563307E-01 1.263000E+01
1.198900E+01 5.877672E-01 1.259900E+01
1.298800E+01 6.178732E-01 1.257500E+01
1.398700E+01 6.467612E-01 1.255800E+01
1.498600E+01 6.745279E-01 1.254500E+01
1.598500E+01 7.012576E-01 1.253400E+01
1.698400E+01 7.270246E-01 1.252700E+01
1.798300E+01 7.518948E-01 1.252100E+01
1.898200E+01 7.759266E-01 1.251600E+01
1.998100E+01 7.991725E-01 1.251300E+01
2.098000E+01 8.216797E-01 1.251000E+01
2.197900E+01 8.434913E-01 1.250800E+01
2.297800E+01 8.646461E-01 1.250600E+01
2.397700E+01 8.851798E-01 1.250400E+01
2.497600E+01 9.051248E-01 1.250300E+01
2.597500E+01 9.245109E-01 1.250200E+01
2.697400E+01 9.433659E-01 1.250200E+01
2.797300E+01 9.617150E-01 1.250100E+01
2.897200E+01 9.795821E-01 1.250000E+01
2.997100E+01 9.969889E-01 1.249900E+01
3.097000E+01 1.013956E+00 1.249900E+01
3.196900E+01 1.030502E+00 1.249800E+01
3.296800E+01 1.046646E+00 1.249700E+01
3.396700E+01 1.062403E+00 1.249600E+01
3.496600E+01 1.077789E+00 1.249500E+01
3.596500E+01 1.092819E+00 1.249400E+01
3.696400E+01 1.107507E+00 1.249300E+01
3.796300E+01 1.121865E+00 1.249200E+01
3.896200E+01 1.135907E+00 1.249000E+01
3.996100E+01 1.149643E+00 1.248900E+01
4.096000E+01 1.163085E+00 1.248800E+01
4.195900E+01 1.176242E+00 1.248600E+01
4.295800E+01 1.189126E+00 1.248400E+01
4.395700E+01 1.201744E+00 1.248300E+01
4.495600E+01 1.214106E+00 1.248100E+01
4.595500E+01 1.226221E+00 1.247900E+01
4.695400E+01 1.238096E+00 1.247700E+01
4.795300E+01 1.249739E+00 1.247500E+01
4.895200E+01 1.261158E+00 1.247200E+01
4.995100E+01 1.272358E+00 1.247000E+01
5.095000E+01 1.283348E+00 1.246800E+01
5.194900E+01 1.294132E+00 1.246600E+01
5.294800E+01 1.304718E+00 1.246300E+01
5.394700E+01 1.315112E+00 1.246100E+01
5.494600E+01 1.325317E+00 1.245800E+01
5.594500E+01 1.335341E+00 1.245500E+01
5.694400E+01 1.345188E+00 1.245300E+01
5.794300E+01 1.354863E+00 1.245000E+01
5.894200E+01 1.364371E+00 1.244700E+01
5.994100E+01 1.373716E+00 1.244400E+01
6.094000E+01 1.382902E+00 1.244100E+01
6.193900E+01 1.391935E+00 1.243800E+01
6.293800E+01 1.400817E+00 1.243500E+01
6.393700E+01 1.409553E+00 1.243200E+01
6.493600E+01 1.418146E+00 1.242900E+01
6.593500E+01 1.426600E+00 1.242600E+01
6.693400E+01 1.434919E+00 1.242200E+01
6.793300E+01 1.443105E+00 1.241900E+01
6.893200E+01 1.451162E+00 1.241600E+01
6.993100E+01 1.459094E+00 1.241300E+01
7.093000E+01 1.466903E+00 1.240900E+01
7.192900E+01 1.474591E+00 1.240600E+01
7.292800E+01 1.482163E+00 1.240200E+01
7.392700E+01 1.489620E+00 1.239900E+01
7.492600E+01 1.496966E+00 1.239500E+01
7.592500E+01 1.504202E+00 1.239200E+01
7.692400E+01 1.511331E+00 1.238800E+01
7.792300E+01 1.518356E+00 1.238500E+01
7.892200E+01 1.525279E+00 1.238100E+01
7.992100E+01 1.532102E+00 1.237700E+01
8.092000E+01 1.538827E+00 1.237400E+01
8.191900E+01 1.545457E+00 1.237000E+01
8.291800E+01 1.551993E+00 1.236600E+01
8.391700E+01 1.558437E+00 1.236300E+01
8.491600E+01 1.564792E+00 1.235900E+01
8.591500E+01 1.571059E+00 1.235500E+01
8.691400E+01 1.577240E+00 1.235100E+01
8.791300E+01 1.583337E+00 1.234800E+01
8.891200E+01 1.589351E+00 1.234400E+01
8.991100E+01 1.595284E+00 1.234000E+01
9.091000E+01 1.601138E+00 1.233600E+01
9.190900E+01 1.606914E+00 1.233200E+01
9.290800E+01 1.612614E+00 1.232900E+01
9.390700E+01 1.618240E+00 1.232500E+01
9.490600E+01 1.623792E+00 1.232100E+01
9.590500E+01 1.629272E+00 1.231700E+01
9.690400E+01 1.634682E+00 1.231300E+01
9.790300E+01 1.640022E+00 1.230900E+01
9.890200E+01 1.645295E+00 1.230500E+01
9.990100E+01 1.650501E+00 1.230100E+01
1.009000E+02 1.655642E+00 1.229700E+01
1.018990E+02 1.660718E+00 1.229300E+01
1.028980E+02 1.665732E+00 1.228900E+01
1.038970E+02 1.670684E+00 1.228600E+01
1.048960E+02 1.675574E+00 1.228200E+01
1.058950E+02 1.680406E+00 1.227800E+01
1.068940E+02 1.685178E+00 1.227400E+01
1.078930E+02 1.689893E+00 1.227000E+01
1.088920E+02 1.694551E+00 1.226600E+01
1.098910E+02 1.699154E+00 1.226200E+01
1.108900E+02 1.703702E+00 1.225800E+01
1.118890E+02 1.708196E+00 1.225400E+01
1.128880E+02 1.712638E+00 1.225000E+01
1.138870E+02 1.717027E+00 1.224600E+01
1.148860E+02 1.721366E+00 1.224200E+01
1.158850E+02 1.725654E+00 1.223800E+01
1.168840E+02 1.729893E+00 1.223400E+01
1.178830E+02 1.734084E+00 1.223000E+01
1.188820E+02 1.738226E+00 1.222600E+01
1.198810E+02 1.742322E+00 1.222200E+01
1.208800E+02 1.746372E+00 1.221800E+01
1.218790E+02 1.750375E+00 1.221400E+01
1.228780E+02 1.754335E+00 1.221000E+01
1.238770E+02 1.758250E+00 1.220600E+01
1.248760E+02 1.762122E+00 1.220200E+01
1.258750E+02 1.765951E+00 1.219800E+01
1.268740E+02 1.769738E+00 1.219400E+01
1.278730E+02 1.773484E+00 1.219000E+01
1.288720E+02 1.777189E+00 1.218600E+01
1.298710E+02 1.780854E+00 1.218200E+01
1.308700E+02 1.784479E+00 1.217800E+01
1.318690E+02 1.788066E+00 1.217400E+01
1.328680E+02 1.791614E+00 1.217000E+01
1.338670E+02 1.795125E+00 1.216600E+01
1.348660E+02 1.798598E+00 1.216200E+01
1.358650E+02 1.802035E+00 1.215800E+01
1.368640E+02 1.805436E+00 1.215400E+01
1.378630E+02 1.808801E+00 1.215000E+01
1.388620E+02 1.812131E+00 1.214600E+01
1.398610E+02 1.815427E+00 1.214200E+01
1.408600E+02 1.818688E+00 1.213800E+01
1.418590E+02 1.821917E+00 1.213500E+01
1.428580E+02 1.825112E+00 1.213100E+01
1.438570E+02 1.828274E+00 1.212700E+01
1.448560E+02 1.831404E+00 1.212300E+01
1.458550E+02 1.834503E+00 1.211900E+01
1.468540E+02 1.837571E+00 1.211500E+01
1.478530E+02 1.840607E+00 1.211100E+01
1.488520E+02 1.843614E+00 1.210700E+01
1.498510E+02 1.846590E+00 1.210300E+01
1.508500E+02 1.849537E+00 1.209900E+01
1.518490E+02 1.852455E+00 1.209500E+01
1.528480E+02 1.855344E+00 1.209200E+01
1.538470E+02 1.858204E+00 1.208800E+01
1.548460E+02 1.861037E+00 1.208400E+01
1.558450E+02 1.863842E+00 1.208000E+01
1.568440E+02 1.866620E+00 1.207600E+01
1.578430E+02 1.869371E+00 1.207200E+01
1.588420E+02 1.872096E+00 1.206800E+01
1.598410E+02 1.874794E+00 1.206400E+01
1.608400E+02 1.877466E+00 1.206100E+01
1.618390E+02 1.880114E+00 1.205700E+01
1.628380E+02 1.882736E+00 1.205300E+01
1.638370E+02 1.885333E+00 1.204900E+01
1.648360E+02 1.887905E+00 1.204500E+01
1.658350E+02 1.890454E+00 1.204200E+01
1.668340E+02 1.892978E+00 1.203800E+01
1.678330E+02 1.895479E+00 1.203400E+01
1.688320E+02 1.897957E+00 1.203000E+01
1.698310E+02 1.900412E+00 1.202600E+01
1.708300E+02 1.902844E+00 1.202300E+01
1.718290E+02 1.905254E+00 1.201900E+01
1.728280E+02 1.907641E+00 1.201500E+01
1.738270E+02 1.910007E+00 1.201100E+01
1.748260E+02 1.912351E+00 1.200800E+01
1.758250E+02 1.914673E+00 1.200400E+01
1.768240E+02 1.916975E+00 1.200000E+01
1.778230E+02 1.919256E+00 1.199600E+01
1.788220E+02 1.921516E+00 1.199300E+01
1.798210E+02 1.923756E+00 1.198900E+01
1.808200E+02 1.925976E+00 1.198500E+01
1.818190E+02 1.928176E+00 1.198100E+01
1.828180E+02 1.930357E+00 1.197800E+01
1.838170E+02 1.932518E+00 1.197400E+01
1.848160E+02 1.934660E+00 1.197000E+01
1.858150E+02 1.936783E+00 1.196700E+01
1.868140E+02 1.938887E+00 1.196300E+01
1.878130E+02 1.940973E+00 1.195900E+01
1.888120E+02 1.943041E+00 1.195600E+01
1.898110E+02 1.945090E+00 1.195200E+01
1.908100E+02 1.947122E+00 1.194800E+01
1.918090E+02 1.949136E+00 1.194500E+01
1.928080E+02 1.951133E+00 1.194100E+01
1.938070E+02 1.953113E+00 1.193800E+01
1.948060E+02 1.955075E+00 1.193400E+01
1.958050E+02 1.957021E+00 1.193000E+01
1.968040E+02 1.958950E+00 1.192700E+01
1.978030E+02 1.960863E+00 1.192300E+01
1.988020E+02 1.962759E+00 1.192000E+01
1.998010E+02 1.964639E+00 1.191600E+01
2.008000E+02 1.966504E+00 1.191200E+01
2.017990E+02 1.968352E+00 1.190900E+01
2.027980E+02 1.970185E+00 1.190500E+01
2.037970E+02 1.972003E+00 1.190200E+01
2.047960E+02 1.973805E+00 1.189800E+01
2.057950E+02 1.975592E+00 1.189500E+01
2.067940E+02 1.977365E+00 1.189100E+01
2.077930E+02 1.979123E+00 1.188800E+01
2.087920E+02 1.980866E+00 1.188400E+01
2.097910E+02 1.982594E+00 1.188100E+01
2.107900E+02 1.984309E+00 1.187700E+01
2.117890E+02 1.986009E+00 1.187400E+01
2.127880E+02 1.987696E+00 1.187000E+01
2.137870E+02 1.989368E+00 1.186700E+01
2.147860E+02 1.991027E+00 1.186300E+01
2.157850E+02 1.992673E+00 1.186000E+01
2.167840E+02 1.994305E+00 1.185600E+01
2.177830E+02 1.995923E+00 1.185300E+01
2.187820E+02 1.997529E+00 1.184900E+01
2.197810E+02 1.999122E+00 1.184600E+01
2.207800E+02 2.000702E+00 1.184200E+01
2.217790E+02 2.002269E+00 1.183900E+01
2.227780E+02 2.003823E+00 1.183600E+01
2.237770E+02 2.005366E+00 1.183200E+01
2.247760E+02 2.006896E+00 1.182900E+01
2.257750E+02 2.008413E+00 1.182500E+01
2.267740E+02 2.009919E+00 1.182200E+01
2.277730E+02 2.011413E+00 1.181900E+01
2.287720E+02 2.012894E+00 1.181500E+01
2.297710E+02 2.014365E+00 1.181200E+01
2.307700E+02 2.015823E+00 1.180800E+01
2.317690E+02 2.017270E+00 1.180500E+01
2.327680E+02 2.018706E+00 1.180200E+01
2.337670E+02 2.020131E+00 1.179800E+01
2.347660E+02 2.021544E+00 1.179500E+01
2.357650E+02 2.022946E+00 1.179200E+01
2.367640E+02 2.024338E+00 1.178800E+01
2.377630E+02 2.025719E+00 1.178500E+01
2.387620E+02 2.027089E+00 1.178200E+01
2.397610E+02 2.028448E+00 1.177800E+01
2.407600E+02 2.029797E+00 1.177500E+01
2.417590E+02 2.031135E+00 1.177200E+01
2.427580E+02 2.032464E+00 1.176900E+01
2.437570E+02 2.033782E+00 1.176500E+01
2.447560E+02 2.035090E+00 1.176200E+01
2.457550E+02 2.036388E+00 1.175900E+01
2.467540E+02 2.037676E+00 1.175600E+01
2.477530E+02 2.038954E+00 1.175200E+01
2.487520E+02 2.040223E+00 1.174900E+01
2.497510E+02 2.041482E+00 1.174600E+01
2.507500E+02 2.042731E+00 1.174300E+01
2.517490E+02 2.043971E+00 1.173900E+01
2.527480E+02 2.045202E+00 1.173600E+01
2.537470E+02 2.046423E+00 1.173300E+01
2.547460E+02 2.047635E+00 1.173000E+01
2.557450E+02 2.048838E+00 1.172700E+01
2.567440E+02 2.050032E+00 1.172300E+01
2.577430E+02 2.051218E+00 1.172000E+01
2.587420E+02 2.052394E+00 1.171700E+01
2.597410E+02 2.053562E+00 1.171400E+01
2.607400E+02 2.054720E+00 1.171100E+01
2.617390E+02 2.055871E+00 1.170700E+01
2.627380E+02 2.057013E+00 1.170400E+01
2.637370E+02 2.058146E+00 1.170100E+01
2.647360E+02 2.059271E+00 1.169800E+01
2.657350E+02 2.060388E+00 1.169500E+01
2.667340E+02 2.061496E+00 1.169200E+01
2.677330E+02 2.062596E+00 1.168900E+01
2.687320E+02 2.063689E+00 1.168600E+01
2.697310E+02 2.064773E+00 1.168200E+01
2.707300E+02 2.065849E+00 1.167900E+01
2.717290E+02 2.066918E+00 1.167600E+01
2.727280E+02 2.067979E+00 1.167300E+01
2.737270E+02 2.069032E+00 1.167000E+01
2.747260E+02 2.070077E+00 1.166700E+01
2.757250E+02 2.071115E+00 1.166400E+01
2.767240E+02 2.072145E+00 1.166100E+01
2.777230E+02 2.073168E+00 1.165800E+01
2.787220E+02 2.074183E+00 1.165500E+01
2.797210E+02 2.075191E+00 1.165200E+01
2.807200E+02 2.076192E+00 1.164900E+01
2.817190E+02 2.077186E+00 1.164600E+01
2.827180E+02 2.078172E+00 1.164300E+01
2.837170E+02 2.079152E+00 1.164000E+01
2.847160E+02 2.080124E+00 1.163700E+01
2.857150E+02 2.081090E+00 1.163400E+01
2.867140E+02 2.082048E+00 1.163100E+01
2.877130E+02 2.083000E+00 1.162800E+01
2.887120E+02 2.083945E+00 1.162500E+01
2.897110E+02 2.084884E+00 1.162200E+01
2.907100E+02 2.085815E+00 1.161900E+01
2.917090E+02 2.086740E+00 1.161600E+01
2.927080E+02 2.087659E+00 1.161300E+01
2.937070E+02 2.088571E+00 1.161000E+01
2.947060E+02 2.089476E+00 1.160700E+01
2.957050E+02 2.090376E+00 1.160400E+01
2.967040E+02 2.091269E+00 1.160100E+01
2.977030E+02 2.092155E+00 1.159800E+01
2.987020E+02 2.093036E+00 1.159500E+01
2.997010E+02 2.093910E+00 1.159200E+01
3.007000E+02 2.094778E+00 1.158900E+01
3.016990E+02 2.095640E+00 1.158600E+01
3.026980E+02 2.096496E+00 1.158400E+01
3.036970E+02 2.097346E+00 1.158100E+01
3.046960E+02 2.098190E+00 1.157800E+01
3.056950E+02 2.099028E+00 1.157500E+01
3.066940E+02 2.099861E+00 1.157200E+01
3.076930E+02 2.100687E+00 1.156900E+01
3.086920E+02 2.101508E+00 1.156600E+01
3.096910E+02 2.102324E+00 1.156300E+01
3.106900E+02 2.103133E+00 1.156100E+01
3.116890E+02 2.103937E+00 1.155800E+01
3.126880E+02 2.104736E+00 1.155500E+01
3.136870E+02 2.105528E+00 1.155200E+01
3.146860E+02 2.106316E+00 1.154900E+01
3.156850E+02 2.107098E+00 1.154600E+01
3.166840E+02 2.107875E+00 1.154400E+01
3.176830E+02 2.108646E+00 1.154100E+01
3.186820E+02 2.109412E+00 1.153800E+01
3.196810E+02 2.110173E+00 1.153500E+01
3.206800E+02 2.110929E+00 1.153200E+01
3.216790E+02 2.111679E+00 1.152900E+01
3.226780E+02 2.112424E+00 1.152700E+01
3.236770E+02 2.113165E+00 1.152400E+01
3.246760E+02 2.113900E+00 1.152100E+01
3.256750E+02 2.114630E+00 1.151800E+01
3.266740E+02 2.115355E+00 1.151600E+01
3.276730E+02 2.116076E+00 1.151300E+01
3.286720E+02 2.116791E+00 1.151000E+01
3.296710E+02 2.117502E+00 1.150700E+01
3.306700E+02 2.118207E+00 1.150500E+01
3.316690E+02 2.118908E+00 1.150200E+01
3.326680E+02 2.119605E+00 1.149900E+01
3.336670E+02 2.120296E+00 1.149600E+01
3.346660E+02 2.120983E+00 1.149400E+01
3.356650E+02 2.121665E+00 1.149100E+01
3.366640E+02 2.122343E+00 1.148800E+01
3.376630E+02 2.123016E+00 1.148600E+01
3.386620E+02 2.123685E+00 1.148300E+01
3.396610E+02 2.124349E+00 1.148000E+01
3.406600E+02 2.125008E+00 1.147700E+01
3.416590E+02 2.125663E+00 1.147500E+01
3.426580E+02 2.126314E+00 1.147200E+01
3.436570E+02 2.126961E+00 1.146900E+01
3.446560E+02 2.127603E+00 1.146700E+01
3.456550E+02 2.128241E+00 1.146400E+01
3.466540E+02 2.128874E+00 1.146100E+01
3.476530E+02 2.129504E+00 1.145900E+01
3.486520E+02 2.130129E+00 1.145600E+01
3.496510E+02 2.130750E+00 1.145300E+01
3.506500E+02 2.131366E+00 1.145100E+01
3.516490E+02 2.131979E+00 1.144800E+01
3.526480E+02 2.132588E+00 1.144600E+01
3.536470E+02 2.133192E+00 1.144300E+01
3.546460E+02 2.133793E+00 1.144000E+01
3.556450E+02 2.134390E+00 1.143800E+01
3.566440E+02 2.134982E+00 1.143500E+01
3.576430E+02 2.135571E+00 1.143200E+01
3.586420E+02 2.136156E+00 1.143000E+01
3.596410E+02 2.136737E+00 1.142700E+01
3.606400E+02 2.137314E+00 1.142500E+01
3.616390E+02 2.137887E+00 1.142200E+01
3.626380E+02 2.138457E+00 1.141900E+01
3.636370E+02 2.139022E+00 1.141700E+01
3.646360E+02 2.139584E+00 1.141400E+01
3.656350E+02 2.140143E+00 1.141200E+01
3.666340E+02 2.140697E+00 1.140900E+01
3.676330E+02 2.141248E+00 1.140700E+01
3.686320E+02 2.141796E+00 1.140400E+01
3.696310E+02 2.142339E+00 1.140200E+01
3.706300E+02 2.142880E+00 1.139900E+01
3.716290E+02 2.143416E+00 1.139600E+01
3.726280E+02 2.143949E+00 1.139400E+01
3.736270E+02 2.144479E+00 1.139100E+01
3.746260E+02 2.145005E+00 1.138900E+01
3.756250E+02 2.145528E+00 1.138600E+01
3.766240E+02 2.146047E+00 1.138400E+01
3.776230E+02 2.146563E+00 1.138100E+01
3.786220E+02 2.147075E+00 1.137900E+01
3.796210E+02 2.147584E+00 1.137600E+01
3.806200E+02 2.148090E+00 1.137400E+01
3.816190E+02 2.148592E+00 1.137100E+01
3.826180E+02 2.149092E+00 1.136900E+01
3.836170E+02 2.149588E+00 1.136600E+01
3.846160E+02 2.150080E+00 1.136400E+01
3.856150E+02 2.150570E+00 1.136100E+01
3.866140E+02 2.151056E+00 1.135900E+01
3.876130E+02 2.151539E+00 1.135600E+01
3.886120E+02 2.152019E+00 1.135400E+01
3.896110E+02 2.152496E+00 1.135200E+01
3.906100E+02 2.152969E+00 1.134900E+01
3.916090E+02 2.153440E+00 1.134700E+01
3.926080E+02 2.153907E+00 1.134400E+01
3.936070E+02 2.154372E+00 1.134200E+01
3.946060E+02 2.154833E+00 1.133900E+01
3.956050E+02 2.155292E+00 1.133700E+01
3.966040E+02 2.155747E+00 1.133500E+01
3.976030E+02 2.156200E+00 1.133200E+01
3.986020E+02 2.156649E+00 1.133000E+01
3.996010E+02 2.157096E+00 1.132700E+01
4.006000E+02 2.157540E+00 1.132500E+01
4.015990E+02 2.157981E+00 1.132200E+01
4.025980E+02 2.158419E+00 1.132000E+01
4.035970E+02 2.158854E+00 1.131800E+01
4.045960E+02 2.159286E+00 1.131500E+01
4.055950E+02 2.159716E+00 1.131300E+01
4.065940E+02 2.160142E+00 1.131100E+01
4.075930E+02 2.160566E+00 1.130800E+01
4.085920E+02 2.160988E+00 1.130600E+01
4.095910E+02 2.161406E+00 1.130300E+01
4.105900E+02 2.161822E+00 1.130100E+01
4.115890E+02 2.162235E+00 1.129900E+01
4.125880E+02 2.162645E+00 1.129600E+01
4.135870E+02 2.163053E+00 1.129400E+01
4.145860E+02 2.163458E+00 1.129200E+01
4.155850E+02 2.163860E+00 1.128900E+01
4.165840E+02 2.164260E+00 1.128700E+01
4.175830E+02 2.164657E+00 1.128500E+01
4.185820E+02 2.165052E+00 1.128200E+01
4.195810E+02 2.165444E+00 1.128000E+01
4.205800E+02 2.165834E+00 1.127800E+01
4.215790E+02 2.166221E+00 1.127500E+01
4.225780E+02 2.166605E+00 1.127300E+01
4.235770E+02 2.166987E+00 1.127100E+01
4.245760E+02 2.167367E+00 1.126800E+01
4.255750E+02 2.167744E+00 1.126600E+01
4.265740E+02 2.168118E+00 1.126400E+01
4.275730E+02 2.168491E+00 1.126200E+01
4.285720E+02 2.168860E+00 1.125900E+01
4.295710E+02 2.169228E+00 1.125700E+01
4.305700E+02 2.169593E+00 1.125500E+01
4.315690E+02 2.169955E+00 1.125200E+01
4.325680E+02 2.170316E+00 1.125000E+01
4.335670E+02 2.170674E+00 1.124800E+01
4.345660E+02 2.171029E+00 1.124600E+01
4.355650E+02 2.171383E+00 1.124300E+01
4.365640E+02 2.171734E+00 1.124100E+01
4.375630E+02 2.172082E+00 1.123900E+01
4.385620E+02 2.172429E+00 1.123700E+01
4.395610E+02 2.172773E+00 1.123400E+01
4.405600E+02 2.173115E+00 1.123200E+01
4.415590E+02 2.173455E+00 1.123000E+01
4.425580E+02 2.173792E+00 1.122800E+01
4.435570E+02 2.174128E+00 1.122500E+01
4.445560E+02 2.174461E+00 1.122300E+01
4.455550E+02 2.174792E+00 1.122100E+01
4.465540E+02 2.175121E+00 1.121900E+01
4.475530E+02 2.175448E+00 1.121600E+01
4.485520E+02 2.175772E+00 1.121400E+01
4.495510E+02 2.176095E+00 1.121200E+01
4.505500E+02 2.176415E+00 1.121000E+01
4.515490E+02 2.176733E+00 1.120800E+01
4.525480E+02 2.177050E+00 1.120500E+01
4.535470E+02 2.177364E+00 1.120300E+01
4.545460E+02 2.177676E+00 1.120100E+01
4.555450E+02 2.177986E+00 1.119900E+01
4.565440E+02 2.178294E+00 1.119700E+01
4.575430E+02 2.178600E+00 1.119500E+01
4.585420E+02 2.178904E+00 1.119200E+01
4.595410E+02 2.179206E+00 1.119000E+01
4.605400E+02 2.179506E+00 1.118800E+01
4.615390E+02 2.179804E+00 1.118600E+01
4.625380E+02 2.180100E+00 1.118400E+01
4.635370E+02 2.180395E+00 1.118200E+01
4.645360E+02 2.180687E+00 1.117900E+01
4.655350E+02 2.180977E+00 1.117700E+01
4.665340E+02 2.181266E+00 1.117500E+01
4.675330E+02 2.181552E+00 1.117300E+01
4.685320E+02 2.181837E+00 1.117100E+01
4.695310E+02 2.182120E+00 1.116900E+01
4.705300E+02 2.182401E+00 1.116700E+01
4.715290E+02 2.182680E+00 1.116400E+01
4.725280E+02 2.182957E+00 1.116200E+01
4.735270E+02 2.183233E+00 1.116000E+01
4.745260E+02 2.183507E+00 1.115800E+01
4.755250E+02 2.183778E+00 1.115600E+01
4.765240E+02 2.184049E+00 1.115400E+01
4.775230E+02 2.184317E+00 1.115200E+01
4.785220E+02 2.184583E+00 1.115000E+01
4.795210E+02 2.184848E+00 1.114800E+01
4.805200E+02 2.185111E+00 1.114500E+01
4.815190E+02 2.185372E+00 1.114300E+01
4.825180E+02 2.185632E+00 1.114100E+01
4.835170E+02 2.185890E+00 1.113900E+01
4.845160E+02 2.186146E+00 1.113700E+01
4.855150E+02 2.186400E+00 1.113500E+01
4.865140E+02 2.186653E+00 1.113300E+01
4.875130E+02 2.186904E+00 1.113100E+01
4.885120E+02 2.187153E+00 1.112900E+01
4.895110E+02 2.187401E+00 1.112700E+01
4.905100E+02 2.187647E+00 1.112500E+01
4.915090E+02 2.187892E+00 1.112300E+01
4.925080E+02 2.188134E+00 1.112100E+01
4.935070E+02 2.188376E+00 1.111900E+01
4.945060E+02 2.188615E+00 1.111600E+01
4.955050E+02 2.188853E+00 1.111400E+01
4.965040E+02 2.189090E+00 1.111200E+01
4.975030E+02 2.189324E+00 1.111000E+01
4.985020E+02 2.189558E+00 1.110800E+01
4.995010E+02 2.189789E+00 1.110600E+01
5.005000E+02 2.190019E+00 1.110400E+01
5.014990E+02 2.190248E+00 1.110200E+01
5.024980E+02 2.190475E+00 1.110000E+01
5.034970E+02 2.190700E+00 1.109800E+01
5.044960E+02 2.190924E+00 1.109600E+01
5.054950E+02 2.191147E+00 1.109400E+01
5.064940E+02 2.191368E+00 1.109200E+01
5.074930E+02 2.191587E+00 1.109000E+01
5.084920E+02 2.191805E+00 1.108800E+01
5.094910E+02 2.192022E+00 1.108600E+01
5.104900E+02 2.192237E+00 1.108400E+01
5.114890E+02 2.192450E+00 1.108200E+01
5.124880E+02 2.192663E+00 1.108000E+01
5.134870E+02 2.192873E+00 1.107800E+01
5.144860E+02 2.193082E+00 1.107600E+01
5.154850E+02 2.193290E+00 1.107400E+01
5.164840E+02 2.193497E+00 1.107200E+01
5.174830E+02 2.193702E+00 1.107000E+01
5.184820E+02 2.193905E+00 1.106800E+01
5.194810E+02 2.194107E+00 1.106600E+01
5.204800E+02 2.194308E+00 1.106400E+01
5.214790E+02 2.194508E+00 1.106200E+01
5.224780E+02 2.194706E+00 1.106000E+01
5.234770E+02 2.194902E+00 1.105900E+01
5.244760E+02 2.195098E+00 1.105700E+01
5.254750E+02 2.195292E+00 1.105500E+01
5.264740E+02 2.195484E+00 1.105300E+01
5.274730E+02 2.195676E+00 1.105100E+01
5.284720E+02 2.195866E+00 1.104900E+01
5.294710E+02 2.196054E+00 1.104700E+01
5.304700E+02 2.196242E+00 1.104500E+01
5.314690E+02 2.196428E+00 1.104300E+01
5.324680E+02 2.196613E+00 1.104100E+01
5.334670E+02 2.196796E+00 1.103900E+01
5.344660E+02 2.196978E+00 1.103700E+01
5.354650E+02 2.197159E+00 1.103500E+01
5.364640E+02 2.197339E+00 1.103300E+01
5.374630E+02 2.197517E+00 1.103100E+01
5.384620E+02 2.197694E+00 1.103000E+01
5.394610E+02 2.197870E+00 1.102800E+01
5.404600E+02 2.198045E+00 1.102600E+01
5.414590E+02 2.198218E+00 1.102400E+01
5.424580E+02 2.198390E+00 1.102200E+01
5.434570E+02 2.198561E+00 1.102000E+01
5.444560E+02 2.198731E+00 1.101800E+01
5.454550E+02 2.198900E+00 1.101600E+01
5.464540E+02 2.199067E+00 1.101400E+01
5.474530E+02 2.199233E+00 1.101300E+01
5.484520E+02 2.199398E+00 1.101100E+01
5.494510E+02 2.199562E+00 1.100900E+01
5.504500E+02 2.199724E+00 1.100700E+01
5.514490E+02 2.199886E+00 1.100500E+01
5.524480E+02 2.200046E+00 1.100300E+01
5.534470E+02 2.200205E+00 1.100100E+01
5.544460E+02 2.200363E+00 1.099900E+01
5.554450E+02 2.200520E+00 1.099800E+01
5.564440E+02 2.200676E+00 1.099600E+01
5.574430E+02 2.200830E+00 1.099400E+01
5.584420E+02 2.200984E+00 1.099200E+01
5.594410E+02 2.201136E+00 1.099000E+01
5.604400E+02 2.201287E+00 1.098800E+01
5.614390E+02 2.201437E+00 1.098600E+01
5.624380E+02 2.201586E+00 1.098500E+01
5.634370E+02 2.201734E+00 1.098300E+01
5.644360E+02 2.201881E+00 1.098100E+01
5.654350E+02 2.202027E+00 1.097900E+01
5.664340E+02 2.202171E+00 1.097700E+01
5.674330E+02 2.202315E+00 1.097500E+01
5.684320E+02 2.202458E+00 1.097400E+01
5.694310E+02 2.202599E+00 1.097200E+01
5.704300E+02 2.202739E+00 1.097000E+01
5.714290E+02 2.202879E+00 1.096800E+01
5.724280E+02 2.203017E+00 1.096600E+01
5.734270E+02 2.203154E+00 1.096500E+01
5.744260E+02 2.203291E+00 1.096300E+01
5.754250E+02 2.203426E+00 1.096100E+01
5.764240E+02 2.203560E+00 1.095900E+01
5.774230E+02 2.203693E+00 1.095700E+01
5.784220E+02 2.203825E+00 1.095500E+01
5.794210E+02 2.203957E+00 1.095400E+01
5.804200E+02 2.204087E+00 1.095200E+01
5.814190E+02 2.204216E+00 1.095000E+01
5.824180E+02 2.204344E+00 1.094800E+01
5.834170E+02 2.204471E+00 1.094700E+01
5.844160E+02 2.204598E+00 1.094500E+01
5.854150E+02 2.204723E+00 1.094300E+01
5.864140E+02 2.204847E+00 1.094100E+01
5.874130E+02 2.204971E+00 1.093900E+01
5.884120E+02 2.205093E+00 1.093800E+01
5.894110E+02 2.205214E+00 1.093600E+01
5.904100E+02 2.205335E+00 1.093400E+01
5.914090E+02 2.205454E+00 1.093200E+01
5.924080E+02 2.205573E+00 1.093100E+01
5.934070E+02 2.205691E+00 1.092900E+01
5.944060E+02 2.205807E+00 1.092700E+01
5.954050E+02 2.205923E+00 1.092500E+01
5.964040E+02 2.206038E+00 1.092400E+01
5.974030E+02 2.206152E+00 1.092200E+01
5.984020E+02 2.206265E+00 1.092000E+01
5.994010E+02 2.206377E+00 1.091800E+01
6.004000E+02 2.206488E+00 1.091700E+01
6.013990E+02 2.206599E+00 1.091500E+01
6.023980E+02 2.206708E+00 1.091300E+01
6.033970E+02 2.206817E+00 1.091100E+01
6.043960E+02 2.206924E+00 1.091000E+01
6.053950E+02 2.207031E+00 1.090800E+01
6.063940E+02 2.207137E+00 1.090600E+01
6.073930E+02 2.207242E+00 1.090400E+01
6.083920E+02 2.207346E+00 1.090300E+01
6.093910E+02 2.207450E+00 1.090100E+01
6.103900E+02 2.207552E+00 1.089900E+01
6.113890E+02 2.207654E+00 1.089800E+01
6.123880E+02 2.207755E+00 1.089600E+01
6.133870E+02 2.207855E+00 1.089400E+01
6.143860E+02 2.207954E+00 1.089200E+01
6.153850E+02 2.208052E+00 1.089100E+01
6.163840E+02 2.208150E+00 1.088900E+01
6.173830E+02 2.208246E+00 1.088700E+01
6.183820E+02 2.208342E+00 1.088600E+01
6.193810E+02 2.208437E+00 1.088400E+01
6.203800E+02 2.208531E+00 1.088200E+01
6.213790E+02 2.208625E+00 1.088100E+01
6.223780E+02 2.208717E+00 1.087900E+01
6.233770E+02 2.208809E+00 1.087700E+01
6.243760E+02 2.208900E+00 1.087600E+01
6.253750E+02 2.208990E+00 1.087400E+01
6.263740E+02 2.209080E+00 1.087200E+01
6.273730E+02 2.209168E+00 1.087100E+01
6.283720E+02 2.209256E+00 1.086900E+01
6.293710E+02 2.209343E+00 1.086700E+01
6.303700E+02 2.209429E+00 1.086600E+01
6.313690E+02 2.209515E+00 1.086400E+01
6.323680E+02 2.209600E+00 1.086200E+01
6.333670E+02 2.209684E+00 1.086100E+01
6.343660E+02 2.209767E+00 1.085900E+01
6.353650E+02 2.209849E+00 1.085700E+01
6.363640E+02 2.209931E+00 1.085600E+01
6.373630E+02 2.210012E+00 1.085400E+01
6.383620E+02 2.210092E+00 1.085200E+01
6.393610E+02 2.210172E+00 1.085100E+01
6.403600E+02 2.210251E+00 1.084900E+01
6.413590E+02 2.210329E+00 1.084700E+01
6.423580E+02 2.210406E+00 1.084600E+01
6.433570E+02 2.210483E+00 1.084400E+01
6.443560E+02 2.210559E+00 1.084200E+01
6.453550E+02 2.210634E+00 1.084100E+01
6.463540E+02 2.210708E+00 1.083900E+01
6.473530E+02 2.210782E+00 1.083700E+01
6.483520E+02 2.210855E+00 1.083600E+01
6.493510E+02 2.210927E+00 1.083400E+01
6.503500E+02 2.210999E+00 1.083300E+01
6.513490E+02 2.211070E+00 1.083100E+01
6.523480E+02 2.211140E+00 1.082900E+01
6.533470E+02 2.211210E+00 1.082800E+01
6.543460E+02 2.211278E+00 1.082600E+01
6.553450E+02 2.211347E+00 1.082500E+01
6.563440E+02 2.211414E+00 1.082300E+01
6.573430E+02 2.211481E+00 1.082100E+01
6.583420E+02 2.211547E+00 1.082000E+01
6.593410E+02 2.211613E+00 1.081800E+01
6.603400E+02 2.211677E+00 1.081700E+01
6.613390E+02 2.211742E+00 1.081500E+01
6.623380E+02 2.211805E+00 1.081300E+01
6.633370E+02 2.211868E+00 1.081200E+01
6.643360E+02 2.211930E+00 1.081000E+01
6.653350E+02 2.211992E+00 1.080900E+01
6.663340E+02 2.212053E+00 1.080700E+01
6.673330E+02 2.212113E+00 1.080500E+01
6.683320E+02 2.212173E+00 1.080400E+01
6.693310E+02 2.212232E+00 1.080200E+01
6.703300E+02 2.212290E+00 1.080100E+01
6.713290E+02 2.212348E+00 1.079900E+01
6.723280E+02 2.212405E+00 1.079700E+01
6.733270E+02 2.212461E+00 1.079600E+01
6.743260E+02 2.212517E+00 1.079400E+01
6.753250E+02 2.212572E+00 1.079300E+01
6.763240E+02 2.212627E+00 1.079100E+01
6.773230E+02 2.212681E+00 1.079000E+01
6.783220E+02 2.212734E+00 1.078800E+01
6.793210E+02 2.212787E+00 1.078600E+01
6.803200E+02 2.212839E+00 1.078500E+01
6.813190E+02 2.212891E+00 1.078300E+01
6.823180E+02 2.212942E+00 1.078200E+01
6.833170E+02 2.212992E+00 1.078000E+01
6.843160E+02 2.213042E+00 1.077900E+01
6.853150E+02 2.213091E+00 1.077700E+01
6.863140E+02 2.213140E+00 1.077600E+01
6.873130E+02 2.213188E+00 1.077400E+01
6.883120E+02 2.213235E+00 1.077300E+01
6.893110E+02 2.213282E+00 1.077100E+01
6.903100E+02 2.213328E+00 1.076900E+01
6.913090E+02 2.213374E+00 1.076800E+01
6.923080E+02 2.213419E+00 1.076600E+01
6.933070E+02 2.213464E+00 1.076500E+01
6.943060E+02 2.213508E+00 1.076300E+01
6.953050E+02 2.213551E+00 1.076200E+01
6.963040E+02 2.213594E+00 1.076000E+01
6.973030E+02 2.213637E+00 1.075900E+01
6.983020E+02 2.213678E+00 1.075700E+01
6.993010E+02 2.213720E+00 1.075600E+01
7.003000E+02 2.213760E+00 1.075400E+01
7.012990E+02 2.213800E+00 1.075300E+01
7.022980E+02 2.213840E+00 1.075100E+01
7.032970E+02 2.213879E+00 1.075000E+01
7.042960E+02 2.213918E+00 1.074800E+01
7.052950E+02 2.213956E+00 1.074700E+01
7.062940E+02 2.213993E+00 1.074500E+01
7.072930E+02 2.214030E+00 1.074400E+01
7.082920E+02 2.214066E+00 1.074200E+01
7.092910E+02 2.214102E+00 1.074100E+01
7.102900E+02 2.214138E+00 1.073900E+01
7.112890E+02 2.214172E+00 1.073800E+01
7.122880E+02 2.214207E+00 1.073600E+01
7.132870E+02 2.214241E+00 1.073500E+01
7.142860E+02 2.214274E+00 1.073300E+01
7.152850E+02 2.214307E+00 1.073200E+01
7.162840E+02 2.214339E+00 1.073000E+01
7.172830E+02 2.214371E+00 1.072900E+01
7.182820E+02 2.214402E+00 1.072700E+01
7.192810E+02 2.214433E+00 1.072600E+01
7.202800E+02 2.214463E+00 1.072400E+01
7.212790E+02 2.214493E+00 1.072300E+01
7.222780E+02 2.214522E+00 1.072100E+01
7.232770E+02 2.214551E+00 1.072000E+01
7.242760E+02 2.214579E+00 1.071800E+01
7.252750E+02 2.214607E+00 1.071700E+01
7.262740E+02 2.214634E+00 1.071500E+01
7.272730E+02 2.214661E+00 1.071400E+01
7.282720E+02 2.214687E+00 1.071200E+01
7.292710E+02 2.214713E+00 1.071100E+01
7.302700E+02 2.214738E+00 1.071000E+01
7.312690E+02 2.214763E+00 1.070800E+01
7.322680E+02 2.214788E+00 1.070700E+01
7.332670E+02 2.214812E+00 1.070500E+01
7.342660E+02 2.214835E+00 1.070400E+01
7.352650E+02 2.214858E+00 1.070200E+01
7.362640E+02 2.214881E+00 1.070100E+01
7.372630E+02 2.214903E+00 1.069900E+01
7.382620E+02 2.214925E+00 1.069800E+01
7.392610E+02 2.214946E+00 1.069600E+01
7.402600E+02 2.214967E+00 1.069500E+01
7.412590E+02 2.214987E+00 1.069400E+01
7.422580E+02 2.215007E+00 1.069200E+01
7.432570E+02 2.215026E+00 1.069100E+01
7.442560E+02 2.215045E+00 1.068900E+01
7.452550E+02 2.215064E+00 1.068800E+01
7.462540E+02 2.215082E+00 1.068600E+01
7.472530E+02 2.215099E+00 1.068500E+01
7.482520E+02 2.215116E+00 1.068400E+01
7.492510E+02 2.215133E+00 1.068200E+01
7.502500E+02 2.215150E+00 1.068100E+01
7.512490E+02 2.215165E+00 1.067900E+01
7.522480E+02 2.215181E+00 1.067800E+01
7.532470E+02 2.215196E+00 1.067600E+01
7.542460E+02 2.215211E+00 1.067500E+01
7.552450E+02 2.215225E+00 1.067400E+01
7.562440E+02 2.215238E+00 1.067200E+01
7.572430E+02 2.215252E+00 1.067100E+01
7.582420E+02 2.215265E+00 1.066900E+01
7.592410E+02 2.215277E+00 1.066800E+01
7.602400E+02 2.215289E+00 1.066700E+01
7.612390E+02 2.215301E+00 1.066500E+01
7.622380E+02 2.215312E+00 1.066400E+01
7.632370E+02 2.215323E+00 1.066200E+01
7.642360E+02 2.215333E+00 1.066100E+01
7.652350E+02 2.215343E+00 1.066000E+01
7.662340E+02 2.215353E+00 1.065800E+01
7.672330E+02 2.215362E+00 1.065700E+01
7.682320E+02 2.215371E+00 1.065500E+01
7.692310E+02 2.215380E+00 1.065400E+01
7.702300E+02 2.215388E+00 1.065300E+01
7.712290E+02 2.215395E+00 1.065100E+01
7.722280E+02 2.215403E+00 1.065000E+01
7.732270E+02 2.215409E+00 1.064800E+01
7.742260E+02 2.215416E+00 1.064700E+01
7.752250E+02 2.215422E+00 1.064600E+01
7.762240E+02 2.215428E+00 1.064400E+01
7.772230E+02 2.215433E+00 1.064300E+01
7.782220E+02 2.215438E+00 1.064200E+01
7.792210E+02 2.215442E+00 1.064000E+01
7.802200E+02 2.215447E+00 1.063900E+01
7.812190E+02 2.215450E+00 1.063700E+01
7.822180E+02 2.215454E+00 1.063600E+01
7.832170E+02 2.215457E+00 1.063500E+01
7.842160E+02 2.215460E+00 1.063300E+01
7.852150E+02 2.215462E+00 1.063200E+01
7.862140E+02 2.215464E+00 1.063100E+01
7.872130E+02 2.215465E+00 1.062900E+01
7.882120E+02 2.215467E+00 1.062800E+01
7.892110E+02 2.215467E+00 1.062700E+01
7.902100E+02 2.215468E+00 1.062500E+01
7.912090E+02 2.215468E+00 1.062400E+01
7.922080E+02 2.215468E+00 1.062200E+01
7.932070E+02 2.215467E+00 1.062100E+01
7.942060E+02 2.215466E+00 1.062000E+01
7.952050E+02 2.215465E+00 1.061800E+01
7.962040E+02 2.215463E+00 1.061700E+01
7.972030E+02 2.215461E+00 1.061600E+01
7.982020E+02 2.215459E+00 1.061400E+01
7.992010E+02 2.215456E+00 1.061300E+01
8.002000E+02 2.215453E+00 1.061200E+01
8.011990E+02 2.215450E+00 1.061000E+01
8.021980E+02 2.215446E+00 1.060900E+01
8.031970E+02 2.215442E+00 1.060800E+01
8.041960E+02 2.215438E+00 1.060600E+01
8.051950E+02 2.215433E+00 1.060500E+01
8.061940E+02 2.215428E+00 1.060400E+01
8.071930E+02 2.215422E+00 1.060200E+01
8.081920E+02 2.215417E+00 1.060100E+01
8.091910E+02 2.215410E+00 1.060000E+01
8.101900E+02 2.215404E+00 1.059800E+01
8.111890E+02 2.215397E+00 1.059700E+01
8.121880E+02 2.215390E+00 1.059600E+01
8.131870E+02 2.215383E+00 1.059400E+01
8.141860E+02 2.215375E+00 1.059300E+01
8.151850E+02 2.215367E+00 1.059200E+01
8.161840E+02 2.215359E+00 1.059000E+01
8.171830E+02 2.215350E+00 1.058900E+01
8.181820E+02 2.215341E+00 1.058800E+01
8.191810E+02 2.215332E+00 1.058700E+01
8.201800E+02 2.215322E+00 1.058500E+01
8.211790E+02 2.215312E+00 1.058400E+01
8.221780E+02 2.215302E+00 1.058300E+01
8.231770E+02 2.215291E+00 1.058100E+01
8.241760E+02 2.215280E+00 1.058000E+01
8.251750E+02 2.215269E+00 1.057900E+01
8.261740E+02 2.215257E+00 1.057700E+01
8.271730E+02 2.215246E+00 1.057600E+01
8.281720E+02 2.215233E+00 1.057500E+01
8.291710E+02 2.215221E+00 1.057300E+01
8.301700E+02 2.215208E+00 1.057200E+01
8.311690E+02 2.215195E+00 1.057100E+01
8.321680E+02 2.215182E+00 1.057000E+01
8.331670E+02 2.215168E+00 1.056800E+01
8.341660E+02 2.215154E+00 1.056700E+01
8.351650E+02 2.215140E+00 1.056600E+01
8.361640E+02 2.215125E+00 1.056400E+01
8.371630E+02 2.215111E+00 1.056300E+01
8.381620E+02 2.215096E+00 1.056200E+01
8.391610E+02 2.215080E+00 1.056100E+01
8.401600E+02 2.215064E+00 1.055900E+01
8.411590E+02 2.215048E+00 1.055800E+01
8.421580E+02 2.215032E+00 1.055700E+01
8.431570E+02 2.215016E+00 1.055600E+01
8.441560E+02 2.214999E+00 1.055400E+01
8.451550E+02 2.214982E+00 1.055300E+01
8.461540E+02 2.214964E+00 1.055200E+01
8.471530E+02 2.214947E+00 1.055000E+01
8.481520E+02 2.214929E+00 1.054900E+01
8.491510E+02 2.214910E+00 1.054800E+01
8.501500E+02 2.214892E+00 1.054700E+01
8.511490E+02 2.214873E+00 1.054500E+01
8.521480E+02 2.214854E+00 1.054400E+01
8.531470E+02 2.214835E+00 1.054300E+01
8.541460E+02 2.214815E+00 1.054200E+01
8.551450E+02 2.214795E+00 1.054000E+01
8.561440E+02 2.214775E+00 1.053900E+01
8.571430E+02 2.214754E+00 1.053800E+01
8.581420E+02 2.214734E+00 1.053700E+01
8.591410E+02 2.214713E+00 1.053500E+01
8.601400E+02 2.214692E+00 1.053400E+01
8.611390E+02 2.214670E+00 1.053300E+01
8.621380E+02 2.214648E+00 1.053200E+01
8.631370E+02 2.214626E+00 1.053000E+01
8.641360E+02 2.214604E+00 1.052900E+01
8.651350E+02 2.214582E+00 1.052800E+01
8.661340E+02 2.214559E+00 1.052700E+01
8.671330E+02 2.214536E+00 1.052500E+01
8.681320E+02 2.214512E+00 1.052400E+01
8.691310E+02 2.214489E+00 1.052300E+01
8.701300E+02 2.214465E+00 1.052200E+01
8.711290E+02 2.214441E+00 1.052000E+01
8.721280E+02 2.214417E+00 1.051900E+01
8.731270E+02 2.214392E+00 1.051800E+01
8.741260E+02 2.214367E+00 1.051700E+01
8.751250E+02 2.214342E+00 1.051500E+01
8.761240E+02 2.214317E+00 1.051400E+01
8.771230E+02 2.214291E+00 1.051300E+01
8.781220E+02 2.214265E+00 1.051200E+01
8.791210E+02 2.214239E+00 1.051100E+01
8.801200E+02 2.214213E+00 1.050900E+01
8.811190E+02 2.214187E+00 1.050800E+01
8.821180E+02 2.214160E+00 1.050700E+01
8.831170E+02 2.214133E+00 1.050600E+01
8.841160E+02 2.214105E+00 1.050400E+01
8.851150E+02 2.214078E+00 1.050300E+01
8.861140E+02 2.214050E+00 1.050200E+01
8.871130E+02 2.214022E+00 1.050100E+01
8.881120E+02 2.213994E+00 1.050000E+01
8.891110E+02 2.213966E+00 1.049800E+01
8.901100E+02 2.213937E+00 1.049700E+01
8.911090E+02 2.213908E+00 1.049600E+01
8.921080E+02 2.213879E+00 1.049500E+01
8.931070E+02 2.213850E+00 1.049400E+01
8.941060E+02 2.213820E+00 1.049200E+01
8.951050E+02 2.213790E+00 1.049100E+01
8.961040E+02 2.213760E+00 1.049000E+01
8.971030E+02 2.213730E+00 1.048900E+01
8.981020E+02 2.213699E+00 1.048800E+01
8.991010E+02 2.213669E+00 1.048600E+01
9.001000E+02 2.213638E+00 1.048500E+01
9.010990E+02 2.213606E+00 1.048400E+01
9.020980E+02 2.213575E+00 1.048300E+01
9.030970E+02 2.213543E+00 1.048200E+01
9.040960E+02 2.213512E+00 1.048000E+01
9.050950E+02 2.213480E+00 1.047900E+01
9.060940E+02 2.213447E+00 1.047800E+01
9.070930E+02 2.213415E+00 1.047700E+01
9.080920E+02 2.213382E+00 1.047600E+01
9.090910E+02 2.213349E+00 1.047400E+01
9.100900E+02 2.213316E+00 1.047300E+01
9.110890E+02 2.213283E+00 1.047200E+01
9.120880E+02 2.213249E+00 1.047100E+01
9.130870E+02 2.213215E+00 1.047000E+01
9.140860E+02 2.213181E+00 1.046900E+01
9.150850E+02 2.213147E+00 1.046700E+01
9.160840E+02 2.213113E+00 1.046600E+01
9.170830E+02 2.213078E+00 1.046500E+01
9.180820E+02 2.213044E+00 1.046400E+01
9.190810E+02 2.213009E+00 1.046300E+01
9.200800E+02 2.212973E+00 1.046200E+01
9.210790E+02 2.212938E+00 1.046000E+01
9.220780E+02 2.212902E+00 1.045900E+01
9.230770E+02 2.212866E+00 1.045800E+01
9.240760E+02 2.212830E+00 1.045700E+01
9.250750E+02 2.212794E+00 1.045600E+01
9.260740E+02 2.212758E+00 1.045500E+01
9.270730E+02 2.212721E+00 1.045300E+01
9.280720E+02 2.212684E+00 1.045200E+01
9.290710E+02 2.212647E+00 1.045100E+01
9.300700E+02 2.212610E+00 1.045000E+01
9.310690E+02 2.212573E+00 1.044900E+01
9.320680E+02 2.212535E+00 1.044800E+01
9.330670E+02 2.212497E+00 1.044600E+01
9.340660E+02 2.212459E+00 1.044500E+01
9.350650E+02 2.212421E+00 1.044400E+01
9.360640E+02 2.212383E+00 1.044300E+01
9.370630E+02 2.212344E+00 1.044200E+01
9.380620E+02 2.212306E+00 1.044100E+01
9.390610E+02 2.212267E+00 1.044000E+01
9.400600E+02 2.212228E+00 1.043800E+01
9.410590E+02 2.212188E+00 1.043700E+01
9.420580E+02 2.212149E+00 1.043600E+01
9.430570E+02 2.212109E+00 1.043500E+01
9.440560E+02 2.212069E+00 1.043400E+01
9.450550E+02 2.212029E+00 1.043300E+01
9.460540E+02 2.211989E+00 1.043200E+01
9.470530E+02 2.211949E+00 1.043000E+01
9.480520E+02 2.211908E+00 1.042900E+01
9.490510E+02 2.211867E+00 1.042800E+01
9.500500E+02 2.211826E+00 1.042700E+01
9.510490E+02 2.211785E+00 1.042600E+01
9.520480E+02 2.211744E+00 1.042500E+01
9.530470E+02 2.211702E+00 1.042400E+01
9.540460E+02 2.211661E+00 1.042200E+01
9.550450E+02 2.211619E+00 1.042100E+01
9.560440E+02 2.211577E+00 1.042000E+01
9.570430E+02 2.211535E+00 1.041900E+01
9.580420E+02 2.211492E+00 1.041800E+01
9.590410E+02 2.211450E+00 1.041700E+01
9.600400E+02 2.211407E+00 1.041600E+01
9.610390E+02 2.211364E+00 1.041500E+01
9.620380E+02 2.211321E+00 1.041400E+01
9.630370E+02 2.211278E+00 1.041200E+01
9.640360E+02 2.211235E+00 1.041100E+01
9.650350E+02 2.211191E+00 1.041000E+01
9.660340E+02 2.211147E+00 1.040900E+01
9.670330E+02 2.211103E+00 1.040800E+01
9.680320E+02 2.211059E+00 1.040700E+01
9.690310E+02 2.211015E+00 1.040600E+01
9.700300E+02 2.210971E+00 1.040500E+01
9.710290E+02 2.210926E+00 1.040300E+01
9.720280E+02 2.210881E+00 1.040200E+01
9.730270E+02 2.210837E+00 1.040100E+01
9.740260E+02 2.210791E+00 1.040000E+01
9.750250E+02 2.210746E+00 1.039900E+01
9.760240E+02 2.210701E+00 1.039800E+01
9.770230E+02 2.210655E+00 1.039700E+01
9.780220E+02 2.210610E+00 1.039600E+01
9.790210E+02 2.210564E+00 1.039500E+01
9.800200E+02 2.210518E+00 1.039400E+01
9.810190E+02 2.210472E+00 1.039200E+01
9.820180E+02 2.210425E+00 1.039100E+01
9.830170E+02 2.210379E+00 1.039000E+01
9.840160E+02 2.210332E+00 1.038900E+01
9.850150E+02 2.210286E+00 1.038800E+01
9.860140E+02 2.210239E+00 1.038700E+01
9.870130E+02 2.210192E+00 1.038600E+01
9.880120E+02 2.210144E+00 1.038500E+01
9.890110E+02 2.210097E+00 1.038400E+01
9.900100E+02 2.210049E+00 1.038300E+01
9.910090E+02 2.210002E+00 1.038200E+01
9.920080E+02 2.209954E+00 1.038000E+01
9.930070E+02 2.209906E+00 1.037900E+01
9.940060E+02 2.209858E+00 1.037800E+01
9.950050E+02 2.209809E+00 1.037700E+01
9.960040E+02 2.209761E+00 1.037600E+01
9.970030E+02 2.209712E+00 1.037500E+01
9.980020E+02 2.209664E+00 1.037400E+01
9.990010E+02 2.209615E+00 1.037300E+01
