1.000000E+00 1.141717E-01 2.717900E+01
1.999000E+00 1.814564E-01 1.660600E+01
2.998000E+00 2.415994E-01 1.459700E+01
3.997000E+00 2.961439E-01 1.380600E+01
4.996000E+00 3.462971E-01 1.340700E+01
5.995000E+00 3.928703E-01 1.317900E+01
6.994000E+00 4.364369E-01 1.303800E+01
7.993000E+00 4.774217E-01 1.294700E+01
8.992000E+00 5.161521E-01 1.288600E+01
9.991000E+00 5.528885E-01 1.284400E+01
1.099000E+01 5.878415E-01 1.281500E+01
1.198900E+01 6.211861E-01 1.279500E+01
1.298800E+01 6.530698E-01 1.278200E+01
1.398700E+01 6.836181E-01 1.277200E+01
1.498600E+01 7.129390E-01 1.276600E+01
1.598500E+01 7.411268E-01 1.276200E+01
1.698400E+01 7.682643E-01 1.276000E+01
1.798300E+01 7.944252E-01 1.275800E+01
1.898200E+01 8.196743E-01 1.275800E+01
1.998100E+01 8.440699E-01 1.275800E+01
2.098000E+01 8.676647E-01 1.275900E+01
2.197900E+01 8.905062E-01 1.276000E+01
2.297800E+01 9.126376E-01 1.276100E+01
2.397700E+01 9.340981E-01 1.276200E+01
2.497600E+01 9.549236E-01 1.276300E+01
2.597500E+01 9.751473E-01 1.276400E+01
2.697400E+01 9.947995E-01 1.276500E+01
2.797300E+01 1.013908E+00 1.276600E+01
2.897200E+01 1.032500E+00 1.276700E+01
2.997100E+01 1.050598E+00 1.276700E+01
3.097000E+01 1.068225E+00 1.276800E+01
3.196900E+01 1.085401E+00 1.276800E+01
3.296800E+01 1.102148E+00 1.276800E+01
3.396700E+01 1.118482E+00 1.276800E+01
3.496600E+01 1.134420E+00 1.276800E+01
3.596500E+01 1.149979E+00 1.276800E+01
3.696400E+01 1.165174E+00 1.276800E+01
3.796300E+01 1.180019E+00 1.276700E+01
3.896200E+01 1.194527E+00 1.276600E+01
3.996100E+01 1.208711E+00 1.276500E+01
4.096000E+01 1.222583E+00 1.276400E+01
4.195900E+01 1.236153E+00 1.276300E+01
4.295800E+01 1.249434E+00 1.276200E+01
4.395700E+01 1.262434E+00 1.276000E+01
4.495600E+01 1.275163E+00 1.275900E+01
4.595500E+01 1.287631E+00 1.275700E+01
4.695400E+01 1.299845E+00 1.275500E+01
4.795300E+01 1.311816E+00 1.275400E+01
4.895200E+01 1.323549E+00 1.275200E+01
4.995100E+01 1.335053E+00 1.274900E+01
5.095000E+01 1.346336E+00 1.274700E+01
5.194900E+01 1.357402E+00 1.274500E+01
5.294800E+01 1.368260E+00 1.274300E+01
5.394700E+01 1.378916E+00 1.274000E+01
5.494600E+01 1.389375E+00 1.273700E+01
5.594500E+01 1.399643E+00 1.273500E+01
5.694400E+01 1.409725E+00 1.273200E+01
5.794300E+01 1.419628E+00 1.272900E+01
5.894200E+01 1.429355E+00 1.272600E+01
5.994100E+01 1.438912E+00 1.272400E+01
6.094000E+01 1.448304E+00 1.272100E+01
6.193900E+01 1.457534E+00 1.271700E+01
6.293800E+01 1.466608E+00 1.271400E+01
6.393700E+01 1.475529E+00 1.271100E+01
6.493600E+01 1.484301E+00 1.270800E+01
6.593500E+01 1.492928E+00 1.270500E+01
6.693400E+01 1.501414E+00 1.270100E+01
6.793300E+01 1.509762E+00 1.269800E+01
6.893200E+01 1.517976E+00 1.269500E+01
6.993100E+01 1.526059E+00 1.269100E+01
7.093000E+01 1.534014E+00 1.268800E+01
7.192900E+01 1.541845E+00 1.268400E+01
7.292800E+01 1.549554E+00 1.268000E+01
7.392700E+01 1.557144E+00 1.267700E+01
7.492600E+01 1.564618E+00 1.267300E+01
7.592500E+01 1.571978E+00 1.266900E+01
7.692400E+01 1.579228E+00 1.266600E+01
7.792300E+01 1.586370E+00 1.266200E+01
7.892200E+01 1.593406E+00 1.265800E+01
7.992100E+01 1.600338E+00 1.265400E+01
8.092000E+01 1.607170E+00 1.265100E+01
8.191900E+01 1.613902E+00 1.264700E+01
8.291800E+01 1.620538E+00 1.264300E+01
8.391700E+01 1.627079E+00 1.263900E+01
8.491600E+01 1.633527E+00 1.263500E+01
8.591500E+01 1.639884E+00 1.263100E+01
8.691400E+01 1.646153E+00 1.262700E+01
8.791300E+01 1.652335E+00 1.262300E+01
8.891200E+01 1.658432E+00 1.261900E+01
8.991100E+01 1.664445E+00 1.261500E+01
9.091000E+01 1.670376E+00 1.261100E+01
9.190900E+01 1.676227E+00 1.260700E+01
9.290800E+01 1.682000E+00 1.260300E+01
9.390700E+01 1.687696E+00 1.259900E+01
9.490600E+01 1.693316E+00 1.259500E+01
9.590500E+01 1.698863E+00 1.259100E+01
9.690400E+01 1.704337E+00 1.258700E+01
9.790300E+01 1.709739E+00 1.258300E+01
9.890200E+01 1.715072E+00 1.257800E+01
9.990100E+01 1.720337E+00 1.257400E+01
1.009000E+02 1.725534E+00 1.257000E+01
1.018990E+02 1.730666E+00 1.256600E+01
1.028980E+02 1.735732E+00 1.256200E+01
1.038970E+02 1.740736E+00 1.255800E+01
1.048960E+02 1.745676E+00 1.255400E+01
1.058950E+02 1.750556E+00 1.254900E+01
1.068940E+02 1.755375E+00 1.254500E+01
1.078930E+02 1.760136E+00 1.254100E+01
1.088920E+02 1.764838E+00 1.253700E+01
1.098910E+02 1.769483E+00 1.253300E+01
1.108900E+02 1.774073E+00 1.252900E+01
1.118890E+02 1.778607E+00 1.252400E+01
1.128880E+02 1.783088E+00 1.252000E+01
1.138870E+02 1.787515E+00 1.251600E+01
1.148860E+02 1.791890E+00 1.251200E+01
1.158850E+02 1.796213E+00 1.250800E+01
1.168840E+02 1.800486E+00 1.250300E+01
1.178830E+02 1.804710E+00 1.249900E+01
1.188820E+02 1.808884E+00 1.249500E+01
1.198810E+02 1.813011E+00 1.249100E+01
1.208800E+02 1.817090E+00 1.248700E+01
1.218790E+02 1.821123E+00 1.248200E+01
1.228780E+02 1.825110E+00 1.247800E+01
1.238770E+02 1.829052E+00 1.247400E+01
1.248760E+02 1.832950E+00 1.247000E+01
1.258750E+02 1.836805E+00 1.246600E+01
1.268740E+02 1.840616E+00 1.246200E+01
1.278730E+02 1.844386E+00 1.245700E+01
1.288720E+02 1.848114E+00 1.245300E+01
1.298710E+02 1.851801E+00 1.244900E+01
1.308700E+02 1.855447E+00 1.244500E+01
1.318690E+02 1.859055E+00 1.244100E+01
1.328680E+02 1.862623E+00 1.243600E+01
1.338670E+02 1.866152E+00 1.243200E+01
1.348660E+02 1.869644E+00 1.242800E+01
1.358650E+02 1.873099E+00 1.242400E+01
1.368640E+02 1.876517E+00 1.242000E+01
1.378630E+02 1.879899E+00 1.241600E+01
1.388620E+02 1.883245E+00 1.241200E+01
1.398610E+02 1.886556E+00 1.240700E+01
1.408600E+02 1.889832E+00 1.240300E+01
1.418590E+02 1.893074E+00 1.239900E+01
1.428580E+02 1.896283E+00 1.239500E+01
1.438570E+02 1.899459E+00 1.239100E+01
1.448560E+02 1.902602E+00 1.238700E+01
1.458550E+02 1.905712E+00 1.238300E+01
1.468540E+02 1.908791E+00 1.237900E+01
1.478530E+02 1.911839E+00 1.237500E+01
1.488520E+02 1.914856E+00 1.237000E+01
1.498510E+02 1.917843E+00 1.236600E+01
1.508500E+02 1.920799E+00 1.236200E+01
1.518490E+02 1.923726E+00 1.235800E+01
1.528480E+02 1.926624E+00 1.235400E+01
1.538470E+02 1.929494E+00 1.235000E+01
1.548460E+02 1.932334E+00 1.234600E+01
1.558450E+02 1.935147E+00 1.234200E+01
1.568440E+02 1.937932E+00 1.233800E+01
1.578430E+02 1.940690E+00 1.233400E+01
1.588420E+02 1.943421E+00 1.233000E+01
1.598410E+02 1.946126E+00 1.232600E+01
1.608400E+02 1.948805E+00 1.232200E+01
1.618390E+02 1.951457E+00 1.231800E+01
1.628380E+02 1.954084E+00 1.231400E+01
1.638370E+02 1.956687E+00 1.231000E+01
1.648360E+02 1.959264E+00 1.230600E+01
1.658350E+02 1.961817E+00 1.230200E+01
1.668340E+02 1.964345E+00 1.229800E+01
1.678330E+02 1.966850E+00 1.229400E+01
1.688320E+02 1.969331E+00 1.229000E+01
1.698310E+02 1.971789E+00 1.228600E+01
1.708300E+02 1.974224E+00 1.228200E+01
1.718290E+02 1.976636E+00 1.227800E+01
1.728280E+02 1.979026E+00 1.227400E+01
1.738270E+02 1.981394E+00 1.227000E+01
1.748260E+02 1.983740E+00 1.226600E+01
1.758250E+02 1.986065E+00 1.226200E+01
1.768240E+02 1.988368E+00 1.225900E+01
1.778230E+02 1.990650E+00 1.225500E+01
1.788220E+02 1.992911E+00 1.225100E+01
1.798210E+02 1.995152E+00 1.224700E+01
1.808200E+02 1.997373E+00 1.224300E+01
1.818190E+02 1.999573E+00 1.223900E+01
1.828180E+02 2.001754E+00 1.223500E+01
1.838170E+02 2.003915E+00 1.223200E+01
1.848160E+02 2.006057E+00 1.222800E+01
1.858150E+02 2.008180E+00 1.222400E+01
1.868140E+02 2.010284E+00 1.222000E+01
1.878130E+02 2.012369E+00 1.221600E+01
1.888120E+02 2.014436E+00 1.221200E+01
1.898110E+02 2.016485E+00 1.220900E+01
1.908100E+02 2.018516E+00 1.220500E+01
1.918090E+02 2.020529E+00 1.220100E+01
1.928080E+02 2.022524E+00 1.219700E+01
1.938070E+02 2.024502E+00 1.219300E+01
1.948060E+02 2.026463E+00 1.219000E+01
1.958050E+02 2.028407E+00 1.218600E+01
1.968040E+02 2.030334E+00 1.218200E+01
1.978030E+02 2.032245E+00 1.217800E+01
1.988020E+02 2.034139E+00 1.217500E+01
1.998010E+02 2.036017E+00 1.217100E+01
2.008000E+02 2.037879E+00 1.216700E+01
2.017990E+02 2.039725E+00 1.216400E+01
2.027980E+02 2.041555E+00 1.216000E+01
2.037970E+02 2.043370E+00 1.215600E+01
2.047960E+02 2.045170E+00 1.215300E+01
2.057950E+02 2.046954E+00 1.214900E+01
2.067940E+02 2.048723E+00 1.214500E+01
2.077930E+02 2.050478E+00 1.214100E+01
2.087920E+02 2.052218E+00 1.213800E+01
2.097910E+02 2.053943E+00 1.213400E+01
2.107900E+02 2.055654E+00 1.213100E+01
2.117890E+02 2.057351E+00 1.212700E+01
2.127880E+02 2.059034E+00 1.212300E+01
2.137870E+02 2.060703E+00 1.212000E+01
2.147860E+02 2.062358E+00 1.211600E+01
2.157850E+02 2.064000E+00 1.211200E+01
2.167840E+02 2.065628E+00 1.210900E+01
2.177830E+02 2.067243E+00 1.210500E+01
2.187820E+02 2.068844E+00 1.210200E+01
2.197810E+02 2.070433E+00 1.209800E+01
2.207800E+02 2.072009E+00 1.209500E+01
2.217790E+02 2.073572E+00 1.209100E+01
2.227780E+02 2.075122E+00 1.208700E+01
2.237770E+02 2.076660E+00 1.208400E+01
2.247760E+02 2.078185E+00 1.208000E+01
2.257750E+02 2.079698E+00 1.207700E+01
2.267740E+02 2.081200E+00 1.207300E+01
2.277730E+02 2.082689E+00 1.207000E+01
2.287720E+02 2.084166E+00 1.206600E+01
2.297710E+02 2.085631E+00 1.206300E+01
2.307700E+02 2.087085E+00 1.205900E+01
2.317690E+02 2.088528E+00 1.205600E+01
2.327680E+02 2.089959E+00 1.205200E+01
2.337670E+02 2.091378E+00 1.204900E+01
2.347660E+02 2.092787E+00 1.204600E+01
2.357650E+02 2.094184E+00 1.204200E+01
2.367640E+02 2.095571E+00 1.203900E+01
2.377630E+02 2.096946E+00 1.203500E+01
2.387620E+02 2.098311E+00 1.203200E+01
2.397610E+02 2.099666E+00 1.202800E+01
2.407600E+02 2.101010E+00 1.202500E+01
2.417590E+02 2.102343E+00 1.202200E+01
2.427580E+02 2.103666E+00 1.201800E+01
2.437570E+02 2.104979E+00 1.201500E+01
2.447560E+02 2.106282E+00 1.201100E+01
2.457550E+02 2.107574E+00 1.200800E+01
2.467540E+02 2.108857E+00 1.200500E+01
2.477530E+02 2.110130E+00 1.200100E+01
2.487520E+02 2.111393E+00 1.199800E+01
2.497510E+02 2.112647E+00 1.199500E+01
2.507500E+02 2.113891E+00 1.199100E+01
2.517490E+02 2.115125E+00 1.198800E+01
2.527480E+02 2.116351E+00 1.198500E+01
2.537470E+02 2.117567E+00 1.198100E+01
2.547460E+02 2.118773E+00 1.197800E+01
2.557450E+02 2.119971E+00 1.197500E+01
2.567440E+02 2.121159E+00 1.197100E+01
2.577430E+02 2.122339E+00 1.196800E+01
2.587420E+02 2.123510E+00 1.196500E+01
2.597410E+02 2.124672E+00 1.196200E+01
2.607400E+02 2.125825E+00 1.195800E+01
2.617390E+02 2.126970E+00 1.195500E+01
2.627380E+02 2.128106E+00 1.195200E+01
2.637370E+02 2.129234E+00 1.194800E+01
2.647360E+02 2.130353E+00 1.194500E+01
2.657350E+02 2.131464E+00 1.194200E+01
2.667340E+02 2.132567E+00 1.193900E+01
2.677330E+02 2.133662E+00 1.193600E+01
2.687320E+02 2.134749E+00 1.193200E+01
2.697310E+02 2.135827E+00 1.192900E+01
2.707300E+02 2.136898E+00 1.192600E+01
2.717290E+02 2.137961E+00 1.192300E+01
2.727280E+02 2.139016E+00 1.192000E+01
2.737270E+02 2.140063E+00 1.191600E+01
2.747260E+02 2.141103E+00 1.191300E+01
2.757250E+02 2.142135E+00 1.191000E+01
2.767240E+02 2.143160E+00 1.190700E+01
2.777230E+02 2.144177E+00 1.190400E+01
2.787220E+02 2.145186E+00 1.190100E+01
2.797210E+02 2.146189E+00 1.189700E+01
2.807200E+02 2.147184E+00 1.189400E+01
2.817190E+02 2.148172E+00 1.189100E+01
2.827180E+02 2.149153E+00 1.188800E+01
2.837170E+02 2.150127E+00 1.188500E+01
2.847160E+02 2.151093E+00 1.188200E+01
2.857150E+02 2.152053E+00 1.187900E+01
2.867140E+02 2.153006E+00 1.187600E+01
2.877130E+02 2.153952E+00 1.187300E+01
2.887120E+02 2.154892E+00 1.187000E+01
2.897110E+02 2.155824E+00 1.186600E+01
2.907100E+02 2.156750E+00 1.186300E+01
2.917090E+02 2.157670E+00 1.186000E+01
2.927080E+02 2.158583E+00 1.185700E+01
2.937070E+02 2.159489E+00 1.185400E+01
2.947060E+02 2.160389E+00 1.185100E+01
2.957050E+02 2.161282E+00 1.184800E+01
2.967040E+02 2.162170E+00 1.184500E+01
2.977030E+02 2.163051E+00 1.184200E+01
2.987020E+02 2.163925E+00 1.183900E+01
2.997010E+02 2.164794E+00 1.183600E+01
3.007000E+02 2.165657E+00 1.183300E+01
3.016990E+02 2.166513E+00 1.183000E+01
3.026980E+02 2.167363E+00 1.182700E+01
3.036970E+02 2.168208E+00 1.182400E+01
3.046960E+02 2.169046E+00 1.182100E+01
3.056950E+02 2.169879E+00 1.181800E+01
3.066940E+02 2.170706E+00 1.181500E+01
3.076930E+02 2.171527E+00 1.181200E+01
3.086920E+02 2.172342E+00 1.180900E+01
3.096910E+02 2.173152E+00 1.180600E+01
3.106900E+02 2.173956E+00 1.180300E+01
3.116890E+02 2.174755E+00 1.180000E+01
3.126880E+02 2.175548E+00 1.179800E+01
3.136870E+02 2.176335E+00 1.179500E+01
3.146860E+02 2.177117E+00 1.179200E+01
3.156850E+02 2.177894E+00 1.178900E+01
3.166840E+02 2.178665E+00 1.178600E+01
3.176830E+02 2.179431E+00 1.178300E+01
3.186820E+02 2.180191E+00 1.178000E+01
3.196810E+02 2.180947E+00 1.177700E+01
3.206800E+02 2.181697E+00 1.177400E+01
3.216790E+02 2.182442E+00 1.177100E+01
3.226780E+02 2.183182E+00 1.176900E+01
3.236770E+02 2.183917E+00 1.176600E+01
3.246760E+02 2.184647E+00 1.176300E+01
3.256750E+02 2.185372E+00 1.176000E+01
3.266740E+02 2.186092E+00 1.175700E+01
3.276730E+02 2.186807E+00 1.175400E+01
3.286720E+02 2.187517E+00 1.175200E+01
3.296710E+02 2.188222E+00 1.174900E+01
3.306700E+02 2.188923E+00 1.174600E+01
3.316690E+02 2.189618E+00 1.174300E+01
3.326680E+02 2.190309E+00 1.174000E+01
3.336670E+02 2.190996E+00 1.173700E+01
3.346660E+02 2.191677E+00 1.173500E+01
3.356650E+02 2.192354E+00 1.173200E+01
3.366640E+02 2.193027E+00 1.172900E+01
3.376630E+02 2.193695E+00 1.172600E+01
3.386620E+02 2.194358E+00 1.172300E+01
3.396610E+02 2.195017E+00 1.172100E+01
3.406600E+02 2.195671E+00 1.171800E+01
3.416590E+02 2.196322E+00 1.171500E+01
3.426580E+02 2.196967E+00 1.171200E+01
3.436570E+02 2.197609E+00 1.171000E+01
3.446560E+02 2.198246E+00 1.170700E+01
3.456550E+02 2.198878E+00 1.170400E+01
3.466540E+02 2.199507E+00 1.170100E+01
3.476530E+02 2.200131E+00 1.169900E+01
3.486520E+02 2.200751E+00 1.169600E+01
3.496510E+02 2.201367E+00 1.169300E+01
3.506500E+02 2.201979E+00 1.169100E+01
3.516490E+02 2.202587E+00 1.168800E+01
3.526480E+02 2.203191E+00 1.168500E+01
3.536470E+02 2.203790E+00 1.168200E+01
3.546460E+02 2.204386E+00 1.168000E+01
3.556450E+02 2.204978E+00 1.167700E+01
3.566440E+02 2.205565E+00 1.167400E+01
3.576430E+02 2.206149E+00 1.167200E+01
3.586420E+02 2.206729E+00 1.166900E+01
3.596410E+02 2.207305E+00 1.166600E+01
3.606400E+02 2.207878E+00 1.166400E+01
3.616390E+02 2.208446E+00 1.166100E+01
3.626380E+02 2.209011E+00 1.165800E+01
3.636370E+02 2.209572E+00 1.165600E+01
3.646360E+02 2.210129E+00 1.165300E+01
3.656350E+02 2.210683E+00 1.165100E+01
3.666340E+02 2.211233E+00 1.164800E+01
3.676330E+02 2.211779E+00 1.164500E+01
3.686320E+02 2.212321E+00 1.164300E+01
3.696310E+02 2.212861E+00 1.164000E+01
3.706300E+02 2.213396E+00 1.163700E+01
3.716290E+02 2.213928E+00 1.163500E+01
3.726280E+02 2.214456E+00 1.163200E+01
3.736270E+02 2.214981E+00 1.163000E+01
3.746260E+02 2.215503E+00 1.162700E+01
3.756250E+02 2.216021E+00 1.162500E+01
3.766240E+02 2.216536E+00 1.162200E+01
3.776230E+02 2.217047E+00 1.161900E+01
3.786220E+02 2.217555E+00 1.161700E+01
3.796210E+02 2.218060E+00 1.161400E+01
3.806200E+02 2.218561E+00 1.161200E+01
3.816190E+02 2.219059E+00 1.160900E+01
3.826180E+02 2.219554E+00 1.160700E+01
3.836170E+02 2.220045E+00 1.160400E+01
3.846160E+02 2.220533E+00 1.160100E+01
3.856150E+02 2.221018E+00 1.159900E+01
3.866140E+02 2.221500E+00 1.159600E+01
3.876130E+02 2.221979E+00 1.159400E+01
3.886120E+02 2.222454E+00 1.159100E+01
3.896110E+02 2.222927E+00 1.158900E+01
3.906100E+02 2.223396E+00 1.158600E+01
3.916090E+02 2.223863E+00 1.158400E+01
3.926080E+02 2.224326E+00 1.158100E+01
3.936070E+02 2.224786E+00 1.157900E+01
3.946060E+02 2.225243E+00 1.157600E+01
3.956050E+02 2.225697E+00 1.157400E+01
3.966040E+02 2.226149E+00 1.157100E+01
3.976030E+02 2.226597E+00 1.156900E+01
3.986020E+02 2.227042E+00 1.156600E+01
3.996010E+02 2.227485E+00 1.156400E+01
4.006000E+02 2.227924E+00 1.156200E+01
4.015990E+02 2.228361E+00 1.155900E+01
4.025980E+02 2.228795E+00 1.155700E+01
4.035970E+02 2.229226E+00 1.155400E+01
4.045960E+02 2.229654E+00 1.155200E+01
4.055950E+02 2.230080E+00 1.154900E+01
4.065940E+02 2.230502E+00 1.154700E+01
4.075930E+02 2.230922E+00 1.154400E+01
4.085920E+02 2.231339E+00 1.154200E+01
4.095910E+02 2.231754E+00 1.154000E+01
4.105900E+02 2.232166E+00 1.153700E+01
4.115890E+02 2.232575E+00 1.153500E+01
4.125880E+02 2.232981E+00 1.153200E+01
4.135870E+02 2.233385E+00 1.153000E+01
4.145860E+02 2.233786E+00 1.152700E+01
4.155850E+02 2.234185E+00 1.152500E+01
4.165840E+02 2.234580E+00 1.152300E+01
4.175830E+02 2.234974E+00 1.152000E+01
4.185820E+02 2.235365E+00 1.151800E+01
4.195810E+02 2.235753E+00 1.151600E+01
4.205800E+02 2.236139E+00 1.151300E+01
4.215790E+02 2.236522E+00 1.151100E+01
4.225780E+02 2.236903E+00 1.150800E+01
4.235770E+02 2.237281E+00 1.150600E+01
4.245760E+02 2.237657E+00 1.150400E+01
4.255750E+02 2.238030E+00 1.150100E+01
4.265740E+02 2.238401E+00 1.149900E+01
4.275730E+02 2.238769E+00 1.149700E+01
4.285720E+02 2.239135E+00 1.149400E+01
4.295710E+02 2.239499E+00 1.149200E+01
4.305700E+02 2.239860E+00 1.149000E+01
4.315690E+02 2.240219E+00 1.148700E+01
4.325680E+02 2.240576E+00 1.148500E+01
4.335670E+02 2.240930E+00 1.148300E+01
4.345660E+02 2.241282E+00 1.148000E+01
4.355650E+02 2.241632E+00 1.147800E+01
4.365640E+02 2.241980E+00 1.147600E+01
4.375630E+02 2.242325E+00 1.147300E+01
4.385620E+02 2.242668E+00 1.147100E+01
4.395610E+02 2.243008E+00 1.146900E+01
4.405600E+02 2.243347E+00 1.146700E+01
4.415590E+02 2.243683E+00 1.146400E+01
4.425580E+02 2.244017E+00 1.146200E+01
4.435570E+02 2.244349E+00 1.146000E+01
4.445560E+02 2.244679E+00 1.145700E+01
4.455550E+02 2.245006E+00 1.145500E+01
4.465540E+02 2.245332E+00 1.145300E+01
4.475530E+02 2.245655E+00 1.145100E+01
4.485520E+02 2.245976E+00 1.144800E+01
4.495510E+02 2.246296E+00 1.144600E+01
4.505500E+02 2.246613E+00 1.144400E+01
4.515490E+02 2.246928E+00 1.144200E+01
4.525480E+02 2.247240E+00 1.143900E+01
4.535470E+02 2.247551E+00 1.143700E+01
4.545460E+02 2.247860E+00 1.143500E+01
4.555450E+02 2.248167E+00 1.143300E+01
4.565440E+02 2.248472E+00 1.143000E+01
4.575430E+02 2.248774E+00 1.142800E+01
4.585420E+02 2.249075E+00 1.142600E+01
4.595410E+02 2.249374E+00 1.142400E+01
4.605400E+02 2.249671E+00 1.142200E+01
4.615390E+02 2.249966E+00 1.141900E+01
4.625380E+02 2.250259E+00 1.141700E+01
4.635370E+02 2.250550E+00 1.141500E+01
4.645360E+02 2.250839E+00 1.141300E+01
4.655350E+02 2.251126E+00 1.141100E+01
4.665340E+02 2.251412E+00 1.140800E+01
4.675330E+02 2.251695E+00 1.140600E+01
4.685320E+02 2.251977E+00 1.140400E+01
4.695310E+02 2.252257E+00 1.140200E+01
4.705300E+02 2.252535E+00 1.140000E+01
4.715290E+02 2.252811E+00 1.139800E+01
4.725280E+02 2.253085E+00 1.139500E+01
4.735270E+02 2.253357E+00 1.139300E+01
4.745260E+02 2.253628E+00 1.139100E+01
4.755250E+02 2.253897E+00 1.138900E+01
4.765240E+02 2.254164E+00 1.138700E+01
4.775230E+02 2.254429E+00 1.138500E+01
4.785220E+02 2.254693E+00 1.138200E+01
4.795210E+02 2.254955E+00 1.138000E+01
4.805200E+02 2.255215E+00 1.137800E+01
4.815190E+02 2.255473E+00 1.137600E+01
4.825180E+02 2.255730E+00 1.137400E+01
4.835170E+02 2.255985E+00 1.137200E+01
4.845160E+02 2.256238E+00 1.137000E+01
4.855150E+02 2.256489E+00 1.136700E+01
4.865140E+02 2.256739E+00 1.136500E+01
4.875130E+02 2.256988E+00 1.136300E+01
4.885120E+02 2.257234E+00 1.136100E+01
4.895110E+02 2.257479E+00 1.135900E+01
4.905100E+02 2.257722E+00 1.135700E+01
4.915090E+02 2.257964E+00 1.135500E+01
4.925080E+02 2.258204E+00 1.135300E+01
4.935070E+02 2.258442E+00 1.135100E+01
4.945060E+02 2.258679E+00 1.134900E+01
4.955050E+02 2.258914E+00 1.134600E+01
4.965040E+02 2.259148E+00 1.134400E+01
4.975030E+02 2.259380E+00 1.134200E+01
4.985020E+02 2.259611E+00 1.134000E+01
4.995010E+02 2.259840E+00 1.133800E+01
5.005000E+02 2.260067E+00 1.133600E+01
5.014990E+02 2.260293E+00 1.133400E+01
5.024980E+02 2.260517E+00 1.133200E+01
5.034970E+02 2.260740E+00 1.133000E+01
5.044960E+02 2.260962E+00 1.132800E+01
5.054950E+02 2.261181E+00 1.132600E+01
5.064940E+02 2.261400E+00 1.132400E+01
5.074930E+02 2.261617E+00 1.132200E+01
5.084920E+02 2.261832E+00 1.132000E+01
5.094910E+02 2.262046E+00 1.131800E+01
5.104900E+02 2.262259E+00 1.131600E+01
5.114890E+02 2.262470E+00 1.131400E+01
5.124880E+02 2.262679E+00 1.131200E+01
5.134870E+02 2.262887E+00 1.131000E+01
5.144860E+02 2.263094E+00 1.130800E+01
5.154850E+02 2.263300E+00 1.130600E+01
5.164840E+02 2.263503E+00 1.130300E+01
5.174830E+02 2.263706E+00 1.130100E+01
5.184820E+02 2.263907E+00 1.129900E+01
5.194810E+02 2.264107E+00 1.129700E+01
5.204800E+02 2.264305E+00 1.129500E+01
5.214790E+02 2.264502E+00 1.129300E+01
5.224780E+02 2.264698E+00 1.129100E+01
5.234770E+02 2.264892E+00 1.128900E+01
5.244760E+02 2.265085E+00 1.128700E+01
5.254750E+02 2.265277E+00 1.128600E+01
5.264740E+02 2.265467E+00 1.128400E+01
5.274730E+02 2.265656E+00 1.128200E+01
5.284720E+02 2.265844E+00 1.128000E+01
5.294710E+02 2.266030E+00 1.127800E+01
5.304700E+02 2.266215E+00 1.127600E+01
5.314690E+02 2.266399E+00 1.127400E+01
5.324680E+02 2.266581E+00 1.127200E+01
5.334670E+02 2.266763E+00 1.127000E+01
5.344660E+02 2.266942E+00 1.126800E+01
5.354650E+02 2.267121E+00 1.126600E+01
5.364640E+02 2.267299E+00 1.126400E+01
5.374630E+02 2.267475E+00 1.126200E+01
5.384620E+02 2.267650E+00 1.126000E+01
5.394610E+02 2.267823E+00 1.125800E+01
5.404600E+02 2.267996E+00 1.125600E+01
5.414590E+02 2.268167E+00 1.125400E+01
5.424580E+02 2.268337E+00 1.125200E+01
5.434570E+02 2.268506E+00 1.125000E+01
5.444560E+02 2.268673E+00 1.124800E+01
5.454550E+02 2.268840E+00 1.124600E+01
5.464540E+02 2.269005E+00 1.124500E+01
5.474530E+02 2.269169E+00 1.124300E+01
5.484520E+02 2.269332E+00 1.124100E+01
5.494510E+02 2.269493E+00 1.123900E+01
5.504500E+02 2.269654E+00 1.123700E+01
5.514490E+02 2.269813E+00 1.123500E+01
5.524480E+02 2.269972E+00 1.123300E+01
5.534470E+02 2.270129E+00 1.123100E+01
5.544460E+02 2.270284E+00 1.122900E+01
5.554450E+02 2.270439E+00 1.122700E+01
5.564440E+02 2.270593E+00 1.122500E+01
5.574430E+02 2.270745E+00 1.122400E+01
5.584420E+02 2.270897E+00 1.122200E+01
5.594410E+02 2.271047E+00 1.122000E+01
5.604400E+02 2.271196E+00 1.121800E+01
5.614390E+02 2.271345E+00 1.121600E+01
5.624380E+02 2.271492E+00 1.121400E+01
5.634370E+02 2.271638E+00 1.121200E+01
5.644360E+02 2.271782E+00 1.121000E+01
5.654350E+02 2.271926E+00 1.120900E+01
5.664340E+02 2.272069E+00 1.120700E+01
5.674330E+02 2.272211E+00 1.120500E+01
5.684320E+02 2.272351E+00 1.120300E+01
5.694310E+02 2.272491E+00 1.120100E+01
5.704300E+02 2.272629E+00 1.119900E+01
5.714290E+02 2.272767E+00 1.119700E+01
5.724280E+02 2.272903E+00 1.119600E+01
5.734270E+02 2.273039E+00 1.119400E+01
5.744260E+02 2.273173E+00 1.119200E+01
5.754250E+02 2.273306E+00 1.119000E+01
5.764240E+02 2.273439E+00 1.118800E+01
5.774230E+02 2.273570E+00 1.118600E+01
5.784220E+02 2.273701E+00 1.118500E+01
5.794210E+02 2.273830E+00 1.118300E+01
5.804200E+02 2.273958E+00 1.118100E+01
5.814190E+02 2.274086E+00 1.117900E+01
5.824180E+02 2.274212E+00 1.117700E+01
5.834170E+02 2.274338E+00 1.117500E+01
5.844160E+02 2.274462E+00 1.117400E+01
5.854150E+02 2.274586E+00 1.117200E+01
5.864140E+02 2.274708E+00 1.117000E+01
5.874130E+02 2.274830E+00 1.116800E+01
5.884120E+02 2.274950E+00 1.116600E+01
5.894110E+02 2.275070E+00 1.116500E+01
5.904100E+02 2.275189E+00 1.116300E+01
5.914090E+02 2.275307E+00 1.116100E+01
5.924080E+02 2.275424E+00 1.115900E+01
5.934070E+02 2.275540E+00 1.115700E+01
5.944060E+02 2.275655E+00 1.115600E+01
5.954050E+02 2.275769E+00 1.115400E+01
5.964040E+02 2.275882E+00 1.115200E+01
5.974030E+02 2.275994E+00 1.115000E+01
5.984020E+02 2.276106E+00 1.114900E+01
5.994010E+02 2.276216E+00 1.114700E+01
6.004000E+02 2.276326E+00 1.114500E+01
6.013990E+02 2.276435E+00 1.114300E+01
6.023980E+02 2.276542E+00 1.114200E+01
6.033970E+02 2.276649E+00 1.114000E+01
6.043960E+02 2.276756E+00 1.113800E+01
6.053950E+02 2.276861E+00 1.113600E+01
6.063940E+02 2.276965E+00 1.113400E+01
6.073930E+02 2.277069E+00 1.113300E+01
6.083920E+02 2.277171E+00 1.113100E+01
6.093910E+02 2.277273E+00 1.112900E+01
6.103900E+02 2.277374E+00 1.112700E+01
6.113890E+02 2.277474E+00 1.112600E+01
6.123880E+02 2.277574E+00 1.112400E+01
6.133870E+02 2.277672E+00 1.112200E+01
6.143860E+02 2.277770E+00 1.112100E+01
6.153850E+02 2.277866E+00 1.111900E+01
6.163840E+02 2.277962E+00 1.111700E+01
6.173830E+02 2.278058E+00 1.111500E+01
6.183820E+02 2.278152E+00 1.111400E+01
6.193810E+02 2.278245E+00 1.111200E+01
6.203800E+02 2.278338E+00 1.111000E+01
6.213790E+02 2.278430E+00 1.110800E+01
6.223780E+02 2.278521E+00 1.110700E+01
6.233770E+02 2.278612E+00 1.110500E+01
6.243760E+02 2.278701E+00 1.110300E+01
6.253750E+02 2.278790E+00 1.110200E+01
6.263740E+02 2.278878E+00 1.110000E+01
6.273730E+02 2.278965E+00 1.109800E+01
6.283720E+02 2.279052E+00 1.109700E+01
6.293710E+02 2.279137E+00 1.109500E+01
6.303700E+02 2.279222E+00 1.109300E+01
6.313690E+02 2.279306E+00 1.109100E+01
6.323680E+02 2.279390E+00 1.109000E+01
6.333670E+02 2.279472E+00 1.108800E+01
6.343660E+02 2.279554E+00 1.108600E+01
6.353650E+02 2.279635E+00 1.108500E+01
6.363640E+02 2.279716E+00 1.108300E+01
6.373630E+02 2.279795E+00 1.108100E+01
6.383620E+02 2.279874E+00 1.108000E+01
6.393610E+02 2.279953E+00 1.107800E+01
6.403600E+02 2.280030E+00 1.107600E+01
6.413590E+02 2.280107E+00 1.107500E+01
6.423580E+02 2.280183E+00 1.107300E+01
6.433570E+02 2.280258E+00 1.107100E+01
6.443560E+02 2.280333E+00 1.107000E+01
6.453550E+02 2.280407E+00 1.106800E+01
6.463540E+02 2.280480E+00 1.106600E+01
6.473530E+02 2.280552E+00 1.106500E+01
6.483520E+02 2.280624E+00 1.106300E+01
6.493510E+02 2.280695E+00 1.106100E+01
6.503500E+02 2.280766E+00 1.106000E+01
6.513490E+02 2.280835E+00 1.105800E+01
6.523480E+02 2.280904E+00 1.105600E+01
6.533470E+02 2.280973E+00 1.105500E+01
6.543460E+02 2.281040E+00 1.105300E+01
6.553450E+02 2.281107E+00 1.105200E+01
6.563440E+02 2.281174E+00 1.105000E+01
6.573430E+02 2.281239E+00 1.104800E+01
6.583420E+02 2.281304E+00 1.104700E+01
6.593410E+02 2.281369E+00 1.104500E+01
6.603400E+02 2.281432E+00 1.104300E+01
6.613390E+02 2.281495E+00 1.104200E+01
6.623380E+02 2.281558E+00 1.104000E+01
6.633370E+02 2.281619E+00 1.103900E+01
6.643360E+02 2.281680E+00 1.103700E+01
6.653350E+02 2.281741E+00 1.103500E+01
6.663340E+02 2.281801E+00 1.103400E+01
6.673330E+02 2.281860E+00 1.103200E+01
6.683320E+02 2.281918E+00 1.103000E+01
6.693310E+02 2.281976E+00 1.102900E+01
6.703300E+02 2.282033E+00 1.102700E+01
6.713290E+02 2.282090E+00 1.102600E+01
6.723280E+02 2.282146E+00 1.102400E+01
6.733270E+02 2.282201E+00 1.102200E+01
6.743260E+02 2.282256E+00 1.102100E+01
6.753250E+02 2.282310E+00 1.101900E+01
6.763240E+02 2.282364E+00 1.101800E+01
6.773230E+02 2.282417E+00 1.101600E+01
6.783220E+02 2.282469E+00 1.101500E+01
6.793210E+02 2.282521E+00 1.101300E+01
6.803200E+02 2.282572E+00 1.101100E+01
6.813190E+02 2.282622E+00 1.101000E+01
6.823180E+02 2.282672E+00 1.100800E+01
6.833170E+02 2.282722E+00 1.100700E+01
6.843160E+02 2.282771E+00 1.100500E+01
6.853150E+02 2.282819E+00 1.100300E+01
6.863140E+02 2.282866E+00 1.100200E+01
6.873130E+02 2.282913E+00 1.100000E+01
6.883120E+02 2.282960E+00 1.099900E+01
6.893110E+02 2.283006E+00 1.099700E+01
6.903100E+02 2.283051E+00 1.099600E+01
6.913090E+02 2.283096E+00 1.099400E+01
6.923080E+02 2.283140E+00 1.099300E+01
6.933070E+02 2.283184E+00 1.099100E+01
6.943060E+02 2.283227E+00 1.098900E+01
6.953050E+02 2.283269E+00 1.098800E+01
6.963040E+02 2.283311E+00 1.098600E+01
6.973030E+02 2.283353E+00 1.098500E+01
6.983020E+02 2.283393E+00 1.098300E+01
6.993010E+02 2.283434E+00 1.098200E+01
7.003000E+02 2.283473E+00 1.098000E+01
7.012990E+02 2.283513E+00 1.097900E+01
7.022980E+02 2.283551E+00 1.097700E+01
7.032970E+02 2.283590E+00 1.097600E+01
7.042960E+02 2.283627E+00 1.097400E+01
7.052950E+02 2.283664E+00 1.097300E+01
7.062940E+02 2.283701E+00 1.097100E+01
7.072930E+02 2.283737E+00 1.096900E+01
7.082920E+02 2.283772E+00 1.096800E+01
7.092910E+02 2.283807E+00 1.096600E+01
7.102900E+02 2.283842E+00 1.096500E+01
7.112890E+02 2.283876E+00 1.096300E+01
7.122880E+02 2.283909E+00 1.096200E+01
7.132870E+02 2.283942E+00 1.096000E+01
7.142860E+02 2.283975E+00 1.095900E+01
7.152850E+02 2.284007E+00 1.095700E+01
7.162840E+02 2.284038E+00 1.095600E+01
7.172830E+02 2.284069E+00 1.095400E+01
7.182820E+02 2.284099E+00 1.095300E+01
7.192810E+02 2.284129E+00 1.095100E+01
7.202800E+02 2.284159E+00 1.095000E+01
7.212790E+02 2.284188E+00 1.094800E+01
7.222780E+02 2.284216E+00 1.094700E+01
7.232770E+02 2.284244E+00 1.094500E+01
7.242760E+02 2.284272E+00 1.094400E+01
7.252750E+02 2.284299E+00 1.094200E+01
7.262740E+02 2.284325E+00 1.094100E+01
7.272730E+02 2.284351E+00 1.093900E+01
7.282720E+02 2.284377E+00 1.093800E+01
7.292710E+02 2.284402E+00 1.093600E+01
7.302700E+02 2.284426E+00 1.093500E+01
7.312690E+02 2.284450E+00 1.093300E+01
7.322680E+02 2.284474E+00 1.093200E+01
7.332670E+02 2.284497E+00 1.093000E+01
7.342660E+02 2.284520E+00 1.092900E+01
7.352650E+02 2.284542E+00 1.092800E+01
7.362640E+02 2.284564E+00 1.092600E+01
7.372630E+02 2.284586E+00 1.092500E+01
7.382620E+02 2.284607E+00 1.092300E+01
7.392610E+02 2.284627E+00 1.092200E+01
7.402600E+02 2.284647E+00 1.092000E+01
7.412590E+02 2.284667E+00 1.091900E+01
7.422580E+02 2.284686E+00 1.091700E+01
7.432570E+02 2.284704E+00 1.091600E+01
7.442560E+02 2.284723E+00 1.091400E+01
7.452550E+02 2.284740E+00 1.091300E+01
7.462540E+02 2.284758E+00 1.091100E+01
7.472530E+02 2.284775E+00 1.091000E+01
7.482520E+02 2.284791E+00 1.090900E+01
7.492510E+02 2.284807E+00 1.090700E+01
7.502500E+02 2.284823E+00 1.090600E+01
7.512490E+02 2.284838E+00 1.090400E+01
7.522480E+02 2.284853E+00 1.090300E+01
7.532470E+02 2.284867E+00 1.090100E+01
7.542460E+02 2.284881E+00 1.090000E+01
7.552450E+02 2.284895E+00 1.089900E+01
7.562440E+02 2.284908E+00 1.089700E+01
7.572430E+02 2.284921E+00 1.089600E+01
7.582420E+02 2.284933E+00 1.089400E+01
7.592410E+02 2.284945E+00 1.089300E+01
7.602400E+02 2.284956E+00 1.089100E+01
7.612390E+02 2.284967E+00 1.089000E+01
7.622380E+02 2.284978E+00 1.088900E+01
7.632370E+02 2.284988E+00 1.088700E+01
7.642360E+02 2.284998E+00 1.088600E+01
7.652350E+02 2.285007E+00 1.088400E+01
7.662340E+02 2.285016E+00 1.088300E+01
7.672330E+02 2.285025E+00 1.088100E+01
7.682320E+02 2.285033E+00 1.088000E+01
7.692310E+02 2.285041E+00 1.087900E+01
7.702300E+02 2.285048E+00 1.087700E+01
7.712290E+02 2.285055E+00 1.087600E+01
7.722280E+02 2.285062E+00 1.087400E+01
7.732270E+02 2.285068E+00 1.087300E+01
7.742260E+02 2.285074E+00 1.087200E+01
7.752250E+02 2.285080E+00 1.087000E+01
7.762240E+02 2.285085E+00 1.086900E+01
7.772230E+02 2.285090E+00 1.086700E+01
7.782220E+02 2.285094E+00 1.086600E+01
7.792210E+02 2.285098E+00 1.086500E+01
7.802200E+02 2.285102E+00 1.086300E+01
7.812190E+02 2.285105E+00 1.086200E+01
7.822180E+02 2.285108E+00 1.086000E+01
7.832170E+02 2.285110E+00 1.085900E+01
7.842160E+02 2.285112E+00 1.085800E+01
7.852150E+02 2.285114E+00 1.085600E+01
7.862140E+02 2.285116E+00 1.085500E+01
7.872130E+02 2.285117E+00 1.085400E+01
7.882120E+02 2.285117E+00 1.085200E+01
7.892110E+02 2.285118E+00 1.085100E+01
7.902100E+02 2.285118E+00 1.084900E+01
7.912090E+02 2.285117E+00 1.084800E+01
7.922080E+02 2.285116E+00 1.084700E+01
7.932070E+02 2.285115E+00 1.084500E+01
7.942060E+02 2.285114E+00 1.084400E+01
7.952050E+02 2.285112E+00 1.084300E+01
7.962040E+02 2.285110E+00 1.084100E+01
7.972030E+02 2.285107E+00 1.084000E+01
7.982020E+02 2.285104E+00 1.083900E+01
7.992010E+02 2.285101E+00 1.083700E+01
8.002000E+02 2.285098E+00 1.083600E+01
8.011990E+02 2.285094E+00 1.083400E+01
8.021980E+02 2.285090E+00 1.083300E+01
8.031970E+02 2.285085E+00 1.083200E+01
8.041960E+02 2.285080E+00 1.083000E+01
8.051950E+02 2.285075E+00 1.082900E+01
8.061940E+02 2.285069E+00 1.082800E+01
8.071930E+02 2.285064E+00 1.082600E+01
8.081920E+02 2.285057E+00 1.082500E+01
8.091910E+02 2.285051E+00 1.082400E+01
8.101900E+02 2.285044E+00 1.082200E+01
8.111890E+02 2.285037E+00 1.082100E+01
8.121880E+02 2.285029E+00 1.082000E+01
8.131870E+02 2.285021E+00 1.081800E+01
8.141860E+02 2.285013E+00 1.081700E+01
8.151850E+02 2.285005E+00 1.081600E+01
8.161840E+02 2.284996E+00 1.081400E+01
8.171830E+02 2.284987E+00 1.081300E+01
8.181820E+02 2.284977E+00 1.081200E+01
8.191810E+02 2.284968E+00 1.081000E+01
8.201800E+02 2.284957E+00 1.080900E+01
8.211790E+02 2.284947E+00 1.080800E+01
8.221780E+02 2.284936E+00 1.080600E+01
8.231770E+02 2.284925E+00 1.080500E+01
8.241760E+02 2.284914E+00 1.080400E+01
8.251750E+02 2.284902E+00 1.080200E+01
8.261740E+02 2.284890E+00 1.080100E+01
8.271730E+02 2.284878E+00 1.080000E+01
8.281720E+02 2.284866E+00 1.079800E+01
8.291710E+02 2.284853E+00 1.079700E+01
8.301700E+02 2.284840E+00 1.079600E+01
8.311690E+02 2.284826E+00 1.079500E+01
8.321680E+02 2.284813E+00 1.079300E+01
8.331670E+02 2.284799E+00 1.079200E+01
8.341660E+02 2.284784E+00 1.079100E+01
8.351650E+02 2.284770E+00 1.078900E+01
8.361640E+02 2.284755E+00 1.078800E+01
8.371630E+02 2.284740E+00 1.078700E+01
8.381620E+02 2.284724E+00 1.078500E+01
8.391610E+02 2.284708E+00 1.078400E+01
8.401600E+02 2.284692E+00 1.078300E+01
8.411590E+02 2.284676E+00 1.078200E+01
8.421580E+02 2.284659E+00 1.078000E+01
8.431570E+02 2.284642E+00 1.077900E+01
8.441560E+02 2.284625E+00 1.077800E+01
8.451550E+02 2.284608E+00 1.077600E+01
8.461540E+02 2.284590E+00 1.077500E+01
8.471530E+02 2.284572E+00 1.077400E+01
8.481520E+02 2.284554E+00 1.077300E+01
8.491510E+02 2.284535E+00 1.077100E+01
8.501500E+02 2.284516E+00 1.077000E+01
8.511490E+02 2.284497E+00 1.076900E+01
8.521480E+02 2.284478E+00 1.076700E+01
8.531470E+02 2.284458E+00 1.076600E+01
8.541460E+02 2.284438E+00 1.076500E+01
8.551450E+02 2.284418E+00 1.076400E+01
8.561440E+02 2.284397E+00 1.076200E+01
8.571430E+02 2.284377E+00 1.076100E+01
8.581420E+02 2.284356E+00 1.076000E+01
8.591410E+02 2.284334E+00 1.075900E+01
8.601400E+02 2.284313E+00 1.075700E+01
8.611390E+02 2.284291E+00 1.075600E+01
8.621380E+02 2.284269E+00 1.075500E+01
8.631370E+02 2.284247E+00 1.075400E+01
8.641360E+02 2.284224E+00 1.075200E+01
8.651350E+02 2.284201E+00 1.075100E+01
8.661340E+02 2.284178E+00 1.075000E+01
8.671330E+02 2.284155E+00 1.074900E+01
8.681320E+02 2.284131E+00 1.074700E+01
8.691310E+02 2.284107E+00 1.074600E+01
8.701300E+02 2.284083E+00 1.074500E+01
8.711290E+02 2.284059E+00 1.074400E+01
8.721280E+02 2.284034E+00 1.074200E+01
8.731270E+02 2.284009E+00 1.074100E+01
8.741260E+02 2.283984E+00 1.074000E+01
8.751250E+02 2.283959E+00 1.073900E+01
8.761240E+02 2.283933E+00 1.073700E+01
8.771230E+02 2.283908E+00 1.073600E+01
8.781220E+02 2.283881E+00 1.073500E+01
8.791210E+02 2.283855E+00 1.073400E+01
8.801200E+02 2.283829E+00 1.073200E+01
8.811190E+02 2.283802E+00 1.073100E+01
8.821180E+02 2.283775E+00 1.073000E+01
8.831170E+02 2.283747E+00 1.072900E+01
8.841160E+02 2.283720E+00 1.072700E+01
8.851150E+02 2.283692E+00 1.072600E+01
8.861140E+02 2.283664E+00 1.072500E+01
8.871130E+02 2.283636E+00 1.072400E+01
8.881120E+02 2.283608E+00 1.072300E+01
8.891110E+02 2.283579E+00 1.072100E+01
8.901100E+02 2.283550E+00 1.072000E+01
8.911090E+02 2.283521E+00 1.071900E+01
8.921080E+02 2.283491E+00 1.071800E+01
8.931070E+02 2.283462E+00 1.071600E+01
8.941060E+02 2.283432E+00 1.071500E+01
8.951050E+02 2.283402E+00 1.071400E+01
8.961040E+02 2.283372E+00 1.071300E+01
8.971030E+02 2.283341E+00 1.071200E+01
8.981020E+02 2.283311E+00 1.071000E+01
8.991010E+02 2.283280E+00 1.070900E+01
9.001000E+02 2.283248E+00 1.070800E+01
9.010990E+02 2.283217E+00 1.070700E+01
9.020980E+02 2.283185E+00 1.070600E+01
9.030970E+02 2.283154E+00 1.070400E+01
9.040960E+02 2.283122E+00 1.070300E+01
9.050950E+02 2.283089E+00 1.070200E+01
9.060940E+02 2.283057E+00 1.070100E+01
9.070930E+02 2.283024E+00 1.069900E+01
9.080920E+02 2.282991E+00 1.069800E+01
9.090910E+02 2.282958E+00 1.069700E+01
9.100900E+02 2.282925E+00 1.069600E+01
9.110890E+02 2.282891E+00 1.069500E+01
9.120880E+02 2.282858E+00 1.069400E+01
9.130870E+02 2.282824E+00 1.069200E+01
9.140860E+02 2.282790E+00 1.069100E+01
9.150850E+02 2.282755E+00 1.069000E+01
9.160840E+02 2.282721E+00 1.068900E+01
9.170830E+02 2.282686E+00 1.068800E+01
9.180820E+02 2.282651E+00 1.068600E+01
9.190810E+02 2.282616E+00 1.068500E+01
9.200800E+02 2.282580E+00 1.068400E+01
9.210790E+02 2.282545E+00 1.068300E+01
9.220780E+02 2.282509E+00 1.068200E+01
9.230770E+02 2.282473E+00 1.068000E+01
9.240760E+02 2.282437E+00 1.067900E+01
9.250750E+02 2.282400E+00 1.067800E+01
9.260740E+02 2.282364E+00 1.067700E+01
9.270730E+02 2.282327E+00 1.067600E+01
9.280720E+02 2.282290E+00 1.067500E+01
9.290710E+02 2.282253E+00 1.067300E+01
9.300700E+02 2.282216E+00 1.067200E+01
9.310690E+02 2.282178E+00 1.067100E+01
9.320680E+02 2.282140E+00 1.067000E+01
9.330670E+02 2.282102E+00 1.066900E+01
9.340660E+02 2.282064E+00 1.066800E+01
9.350650E+02 2.282026E+00 1.066600E+01
9.360640E+02 2.281987E+00 1.066500E+01
9.370630E+02 2.281949E+00 1.066400E+01
9.380620E+02 2.281910E+00 1.066300E+01
9.390610E+02 2.281871E+00 1.066200E+01
9.400600E+02 2.281831E+00 1.066100E+01
9.410590E+02 2.281792E+00 1.066000E+01
9.420580E+02 2.281752E+00 1.065800E+01
9.430570E+02 2.281713E+00 1.065700E+01
9.440560E+02 2.281673E+00 1.065600E+01
9.450550E+02 2.281632E+00 1.065500E+01
9.460540E+02 2.281592E+00 1.065400E+01
9.470530E+02 2.281551E+00 1.065300E+01
9.480520E+02 2.281511E+00 1.065100E+01
9.490510E+02 2.281470E+00 1.065000E+01
9.500500E+02 2.281429E+00 1.064900E+01
9.510490E+02 2.281388E+00 1.064800E+01
9.520480E+02 2.281346E+00 1.064700E+01
9.530470E+02 2.281304E+00 1.064600E+01
9.540460E+02 2.281263E+00 1.064500E+01
9.550450E+02 2.281221E+00 1.064300E+01
9.560440E+02 2.281179E+00 1.064200E+01
9.570430E+02 2.281136E+00 1.064100E+01
9.580420E+02 2.281094E+00 1.064000E+01
9.590410E+02 2.281051E+00 1.063900E+01
9.600400E+02 2.281008E+00 1.063800E+01
9.610390E+02 2.280965E+00 1.063700E+01
9.620380E+02 2.280922E+00 1.063600E+01
9.630370E+02 2.280879E+00 1.063400E+01
9.640360E+02 2.280835E+00 1.063300E+01
9.650350E+02 2.280792E+00 1.063200E+01
9.660340E+02 2.280748E+00 1.063100E+01
9.670330E+02 2.280704E+00 1.063000E+01
9.680320E+02 2.280660E+00 1.062900E+01
9.690310E+02 2.280616E+00 1.062800E+01
9.700300E+02 2.280571E+00 1.062700E+01
9.710290E+02 2.280526E+00 1.062500E+01
9.720280E+02 2.280482E+00 1.062400E+01
9.730270E+02 2.280437E+00 1.062300E+01
9.740260E+02 2.280391E+00 1.062200E+01
9.750250E+02 2.280346E+00 1.062100E+01
9.760240E+02 2.280301E+00 1.062000E+01
9.770230E+02 2.280255E+00 1.061900E+01
9.780220E+02 2.280209E+00 1.061800E+01
9.790210E+02 2.280163E+00 1.061700E+01
9.800200E+02 2.280117E+00 1.061500E+01
9.810190E+02 2.280071E+00 1.061400E+01
9.820180E+02 2.280025E+00 1.061300E+01
9.830170E+02 2.279978E+00 1.061200E+01
9.840160E+02 2.279932E+00 1.061100E+01
9.850150E+02 2.279885E+00 1.061000E+01
9.860140E+02 2.279838E+00 1.060900E+01
9.870130E+02 2.279790E+00 1.060800E+01
9.880120E+02 2.279743E+00 1.060700E+01
9.890110E+02 2.279696E+00 1.060500E+01
9.900100E+02 2.279648E+00 1.060400E+01
9.910090E+02 2.279600E+00 1.060300E+01
9.920080E+02 2.279552E+00 1.060200E+01
9.930070E+02 2.279504E+00 1.060100E+01
9.940060E+02 2.279456E+00 1.060000E+01
9.950050E+02 2.279408E+00 1.059900E+01
9.960040E+02 2.279359E+00 1.059800E+01
9.970030E+02 2.279311E+00 1.059700E+01
9.980020E+02 2.279262E+00 1.059600E+01
9.990010E+02 2.279213E+00 1.059500E+01
