1.000000E+02 1.515081E+00 1.166630E+01
1.009000E+02 1.519487E+00 1.166281E+01
1.018000E+02 1.523844E+00 1.166323E+01
1.027000E+02 1.528153E+00 1.166013E+01
1.036000E+02 1.532414E+00 1.165723E+01
1.045000E+02 1.536628E+00 1.165451E+01
1.054000E+02 1.540797E+00 1.164835E+01
1.063000E+02 1.544920E+00 1.164603E+01
1.072000E+02 1.548999E+00 1.164389E+01
1.081000E+02 1.553033E+00 1.164192E+01
1.090000E+02 1.557025E+00 1.163656E+01
1.099000E+02 1.560974E+00 1.163495E+01
1.108000E+02 1.564881E+00 1.163349E+01
1.117000E+02 1.568746E+00 1.162868E+01
1.126000E+02 1.572571E+00 1.162756E+01
1.135000E+02 1.576356E+00 1.162310E+01
1.144000E+02 1.580102E+00 1.161883E+01
1.153000E+02 1.583808E+00 1.161817E+01
1.162000E+02 1.587476E+00 1.161422E+01
1.171000E+02 1.591107E+00 1.161044E+01
1.180000E+02 1.594700E+00 1.160682E+01
1.189000E+02 1.598256E+00 1.160675E+01
1.198000E+02 1.601777E+00 1.160343E+01
1.207000E+02 1.605261E+00 1.160027E+01
1.216000E+02 1.608711E+00 1.159725E+01
1.225000E+02 1.612126E+00 1.159438E+01
1.234000E+02 1.615506E+00 1.159166E+01
1.243000E+02 1.618853E+00 1.158577E+01
1.252000E+02 1.622167E+00 1.158334E+01
1.261000E+02 1.625448E+00 1.158104E+01
1.270000E+02 1.628697E+00 1.157887E+01
1.279000E+02 1.631913E+00 1.157358E+01
1.288000E+02 1.635099E+00 1.157168E+01
1.297000E+02 1.638253E+00 1.156990E+01
1.306000E+02 1.641377E+00 1.156504E+01
1.315000E+02 1.644470E+00 1.156351E+01
1.324000E+02 1.647534E+00 1.155892E+01
1.333000E+02 1.650568E+00 1.155763E+01
1.342000E+02 1.653573E+00 1.155330E+01
1.351000E+02 1.656550E+00 1.154911E+01
1.360000E+02 1.659498E+00 1.154817E+01
1.369000E+02 1.662419E+00 1.154422E+01
1.378000E+02 1.665311E+00 1.154040E+01
1.387000E+02 1.668177E+00 1.153670E+01
1.396000E+02 1.671016E+00 1.153621E+01
1.405000E+02 1.673828E+00 1.153273E+01
1.414000E+02 1.676615E+00 1.152938E+01
1.423000E+02 1.679375E+00 1.152614E+01
1.432000E+02 1.682110E+00 1.152302E+01
1.441000E+02 1.684820E+00 1.152000E+01
1.450000E+02 1.687505E+00 1.151709E+01
1.459000E+02 1.690165E+00 1.151430E+01
1.468000E+02 1.692801E+00 1.150860E+01
1.477000E+02 1.695414E+00 1.150602E+01
1.486000E+02 1.698002E+00 1.150354E+01
1.495000E+02 1.700567E+00 1.150117E+01
1.504000E+02 1.703109E+00 1.149889E+01
1.513000E+02 1.705629E+00 1.149375E+01
1.522000E+02 1.708125E+00 1.149167E+01
1.531000E+02 1.710600E+00 1.148969E+01
1.540000E+02 1.713053E+00 1.148487E+01
1.549000E+02 1.715483E+00 1.148308E+01
1.558000E+02 1.717893E+00 1.147847E+01
1.567000E+02 1.720281E+00 1.147686E+01
1.576000E+02 1.722648E+00 1.147245E+01
1.585000E+02 1.724995E+00 1.147102E+01
1.594000E+02 1.727321E+00 1.146681E+01
1.603000E+02 1.729626E+00 1.146269E+01
1.612000E+02 1.731912E+00 1.146152E+01
1.621000E+02 1.734178E+00 1.145759E+01
1.630000E+02 1.736425E+00 1.145376E+01
1.639000E+02 1.738652E+00 1.145002E+01
1.648000E+02 1.740860E+00 1.144918E+01
1.657000E+02 1.743049E+00 1.144562E+01
1.666000E+02 1.745220E+00 1.144214E+01
1.675000E+02 1.747372E+00 1.143875E+01
1.684000E+02 1.749506E+00 1.143545E+01
1.693000E+02 1.751622E+00 1.143224E+01
1.702000E+02 1.753720E+00 1.142911E+01
1.711000E+02 1.755800E+00 1.142606E+01
1.720000E+02 1.757863E+00 1.142309E+01
1.729000E+02 1.759909E+00 1.142020E+01
1.738000E+02 1.761938E+00 1.141739E+01
1.747000E+02 1.763949E+00 1.141466E+01
1.756000E+02 1.765945E+00 1.141201E+01
1.765000E+02 1.767923E+00 1.140944E+01
1.774000E+02 1.769885E+00 1.140424E+01
1.783000E+02 1.771832E+00 1.140182E+01
1.792000E+02 1.773762E+00 1.139947E+01
1.801000E+02 1.775676E+00 1.139719E+01
1.810000E+02 1.777575E+00 1.139232E+01
1.819000E+02 1.779459E+00 1.139019E+01
1.828000E+02 1.781327E+00 1.138813E+01
1.837000E+02 1.783180E+00 1.138350E+01
1.846000E+02 1.785018E+00 1.138158E+01
1.855000E+02 1.786841E+00 1.137710E+01
1.864000E+02 1.788649E+00 1.137532E+01
1.873000E+02 1.790443E+00 1.137360E+01
1.882000E+02 1.792223E+00 1.136934E+01
1.891000E+02 1.793988E+00 1.136515E+01
1.900000E+02 1.795740E+00 1.136363E+01
1.909000E+02 1.797477E+00 1.135959E+01
1.918000E+02 1.799201E+00 1.135820E+01
1.927000E+02 1.800911E+00 1.135430E+01
1.936000E+02 1.802608E+00 1.135046E+01
1.945000E+02 1.804292E+00 1.134926E+01
1.954000E+02 1.805962E+00 1.134556E+01
1.963000E+02 1.807619E+00 1.134193E+01
1.972000E+02 1.809263E+00 1.133836E+01
1.981000E+02 1.810894E+00 1.133740E+01
1.990000E+02 1.812513E+00 1.133397E+01
1.999000E+02 1.814119E+00 1.133059E+01
2.008000E+02 1.815713E+00 1.132729E+01
2.017000E+02 1.817295E+00 1.132404E+01
2.026000E+02 1.818864E+00 1.132086E+01
2.035000E+02 1.820421E+00 1.131774E+01
2.044000E+02 1.821967E+00 1.131718E+01
2.053000E+02 1.823500E+00 1.131418E+01
2.062000E+02 1.825022E+00 1.131124E+01
2.071000E+02 1.826532E+00 1.130836E+01
2.080000E+02 1.828031E+00 1.130553E+01
2.089000E+02 1.829518E+00 1.130030E+01
2.098000E+02 1.830995E+00 1.129759E+01
2.107000E+02 1.832460E+00 1.129495E+01
2.116000E+02 1.833914E+00 1.129236E+01
2.125000E+02 1.835357E+00 1.128982E+01
2.134000E+02 1.836789E+00 1.128734E+01
2.143000E+02 1.838211E+00 1.128491E+01
2.152000E+02 1.839622E+00 1.128011E+01
2.161000E+02 1.841023E+00 1.127780E+01
2.170000E+02 1.842413E+00 1.127553E+01
2.179000E+02 1.843793E+00 1.127332E+01
2.188000E+02 1.845163E+00 1.126875E+01
2.197000E+02 1.846522E+00 1.126665E+01
2.206000E+02 1.847872E+00 1.126460E+01
2.215000E+02 1.849211E+00 1.126020E+01
2.224000E+02 1.850541E+00 1.125825E+01
2.233000E+02 1.851861E+00 1.125634E+01
2.242000E+02 1.853172E+00 1.125211E+01
2.251000E+02 1.854473E+00 1.125031E+01
2.260000E+02 1.855764E+00 1.124618E+01
2.269000E+02 1.857047E+00 1.124448E+01
2.278000E+02 1.858319E+00 1.124046E+01
2.287000E+02 1.859583E+00 1.123885E+01
2.296000E+02 1.860838E+00 1.123493E+01
2.305000E+02 1.862083E+00 1.123342E+01
2.314000E+02 1.863320E+00 1.122960E+01
2.323000E+02 1.864548E+00 1.122818E+01
2.332000E+02 1.865767E+00 1.122447E+01
2.341000E+02 1.866977E+00 1.122081E+01
2.350000E+02 1.868179E+00 1.121952E+01
2.359000E+02 1.869372E+00 1.121595E+01
2.368000E+02 1.870556E+00 1.121244E+01
2.377000E+02 1.871733E+00 1.121128E+01
2.386000E+02 1.872901E+00 1.120786E+01
2.395000E+02 1.874061E+00 1.120449E+01
2.404000E+02 1.875212E+00 1.120117E+01
2.413000E+02 1.876356E+00 1.120018E+01
2.422000E+02 1.877491E+00 1.119695E+01
2.431000E+02 1.878619E+00 1.119376E+01
2.440000E+02 1.879739E+00 1.119062E+01
2.449000E+02 1.880850E+00 1.118753E+01
2.458000E+02 1.881955E+00 1.118448E+01
2.467000E+02 1.883051E+00 1.118374E+01
2.476000E+02 1.884140E+00 1.118077E+01
2.485000E+02 1.885221E+00 1.117785E+01
2.494000E+02 1.886295E+00 1.117498E+01
2.503000E+02 1.887362E+00 1.117214E+01
2.512000E+02 1.888421E+00 1.116935E+01
2.521000E+02 1.889473E+00 1.116660E+01
2.530000E+02 1.890518E+00 1.116390E+01
2.539000E+02 1.891555E+00 1.116123E+01
2.548000E+02 1.892586E+00 1.115861E+01
2.557000E+02 1.893610E+00 1.115602E+01
2.566000E+02 1.894626E+00 1.115348E+01
2.575000E+02 1.895636E+00 1.115098E+01
2.584000E+02 1.896639E+00 1.114851E+01
2.593000E+02 1.897635E+00 1.114389E+01
2.602000E+02 1.898624E+00 1.114150E+01
2.611000E+02 1.899607E+00 1.113916E+01
2.620000E+02 1.900583E+00 1.113686E+01
2.629000E+02 1.901552E+00 1.113459E+01
2.638000E+02 1.902515E+00 1.113236E+01
2.647000E+02 1.903472E+00 1.112798E+01
2.656000E+02 1.904422E+00 1.112583E+01
2.665000E+02 1.905366E+00 1.112371E+01
2.674000E+02 1.906304E+00 1.112163E+01
2.683000E+02 1.907235E+00 1.111742E+01
2.692000E+02 1.908160E+00 1.111542E+01
2.701000E+02 1.909079E+00 1.111345E+01
2.710000E+02 1.909993E+00 1.111151E+01
2.719000E+02 1.910900E+00 1.110746E+01
2.728000E+02 1.911801E+00 1.110559E+01
2.737000E+02 1.912696E+00 1.110162E+01
2.746000E+02 1.913585E+00 1.109983E+01
2.755000E+02 1.914468E+00 1.109807E+01
2.764000E+02 1.915346E+00 1.109421E+01
2.773000E+02 1.916218E+00 1.109252E+01
2.782000E+02 1.917084E+00 1.108873E+01
2.791000E+02 1.917945E+00 1.108711E+01
2.800000E+02 1.918800E+00 1.108552E+01
2.809000E+02 1.919650E+00 1.108184E+01
2.818000E+02 1.920494E+00 1.108031E+01
2.827000E+02 1.921332E+00 1.107671E+01
2.836000E+02 1.922165E+00 1.107314E+01
2.845000E+02 1.922993E+00 1.107172E+01
2.854000E+02 1.923816E+00 1.106822E+01
2.863000E+02 1.924633E+00 1.106686E+01
2.872000E+02 1.925445E+00 1.106343E+01
2.881000E+02 1.926252E+00 1.106213E+01
2.890000E+02 1.927053E+00 1.105877E+01
2.899000E+02 1.927850E+00 1.105544E+01
2.908000E+02 1.928641E+00 1.105424E+01
2.917000E+02 1.929428E+00 1.105098E+01
2.926000E+02 1.930209E+00 1.104775E+01
2.935000E+02 1.930986E+00 1.104664E+01
2.944000E+02 1.931758E+00 1.104348E+01
2.953000E+02 1.932524E+00 1.104035E+01
2.962000E+02 1.933286E+00 1.103932E+01
2.971000E+02 1.934043E+00 1.103626E+01
2.980000E+02 1.934796E+00 1.103323E+01
2.989000E+02 1.935543E+00 1.103024E+01
2.998000E+02 1.936286E+00 1.102932E+01
3.007000E+02 1.937025E+00 1.102639E+01
3.016000E+02 1.937758E+00 1.102349E+01
3.025000E+02 1.938488E+00 1.102062E+01
3.034000E+02 1.939212E+00 1.101981E+01
3.043000E+02 1.939932E+00 1.101700E+01
3.052000E+02 1.940648E+00 1.101422E+01
3.061000E+02 1.941359E+00 1.101147E+01
3.070000E+02 1.942066E+00 1.100875E+01
3.079000E+02 1.942768E+00 1.100606E+01
3.088000E+02 1.943466E+00 1.100340E+01
3.097000E+02 1.944160E+00 1.100077E+01
3.106000E+02 1.944850E+00 1.099817E+01
3.115000E+02 1.945535E+00 1.099761E+01
3.124000E+02 1.946216E+00 1.099506E+01
3.133000E+02 1.946893E+00 1.099254E+01
3.142000E+02 1.947566E+00 1.099005E+01
3.151000E+02 1.948235E+00 1.098759E+01
3.160000E+02 1.948900E+00 1.098516E+01
3.169000E+02 1.949561E+00 1.098275E+01
3.178000E+02 1.950218E+00 1.098037E+01
3.187000E+02 1.950871E+00 1.097802E+01
3.196000E+02 1.951520E+00 1.097570E+01
3.205000E+02 1.952165E+00 1.097340E+01
3.214000E+02 1.952807E+00 1.096915E+01
3.223000E+02 1.953444E+00 1.096691E+01
3.232000E+02 1.954078E+00 1.096469E+01
3.241000E+02 1.954708E+00 1.096250E+01
3.250000E+02 1.955334E+00 1.096034E+01
3.259000E+02 1.955957E+00 1.095820E+01
3.268000E+02 1.956576E+00 1.095609E+01
3.277000E+02 1.957191E+00 1.095400E+01
3.286000E+02 1.957803E+00 1.095194E+01
3.295000E+02 1.958411E+00 1.094794E+01
3.304000E+02 1.959015E+00 1.094593E+01
3.313000E+02 1.959616E+00 1.094395E+01
3.322000E+02 1.960214E+00 1.094199E+01
3.331000E+02 1.960808E+00 1.094005E+01
3.340000E+02 1.961398E+00 1.093620E+01
3.349000E+02 1.961985E+00 1.093431E+01
3.358000E+02 1.962568E+00 1.093245E+01
3.367000E+02 1.963148E+00 1.093061E+01
3.376000E+02 1.963725E+00 1.092686E+01
3.385000E+02 1.964299E+00 1.092507E+01
3.394000E+02 1.964869E+00 1.092331E+01
3.403000E+02 1.965435E+00 1.092157E+01
3.412000E+02 1.965999E+00 1.091792E+01
3.421000E+02 1.966559E+00 1.091623E+01
3.430000E+02 1.967116E+00 1.091456E+01
3.439000E+02 1.967669E+00 1.091099E+01
3.448000E+02 1.968220E+00 1.090937E+01
3.457000E+02 1.968767E+00 1.090776E+01
3.466000E+02 1.969311E+00 1.090427E+01
3.475000E+02 1.969852E+00 1.090272E+01
3.484000E+02 1.970390E+00 1.089928E+01
3.493000E+02 1.970925E+00 1.089776E+01
3.502000E+02 1.971457E+00 1.089627E+01
3.511000E+02 1.971985E+00 1.089291E+01
3.520000E+02 1.972511E+00 1.089146E+01
3.529000E+02 1.973033E+00 1.088815E+01
3.538000E+02 1.973553E+00 1.088674E+01
3.547000E+02 1.974070E+00 1.088348E+01
3.556000E+02 1.974583E+00 1.088212E+01
3.565000E+02 1.975094E+00 1.087890E+01
3.574000E+02 1.975602E+00 1.087758E+01
3.583000E+02 1.976107E+00 1.087441E+01
3.592000E+02 1.976609E+00 1.087314E+01
3.601000E+02 1.977108E+00 1.087001E+01
3.610000E+02 1.977604E+00 1.086878E+01
3.619000E+02 1.978098E+00 1.086570E+01
3.628000E+02 1.978588E+00 1.086451E+01
3.637000E+02 1.979076E+00 1.086147E+01
3.646000E+02 1.979561E+00 1.086032E+01
3.655000E+02 1.980044E+00 1.085733E+01
3.664000E+02 1.980523E+00 1.085436E+01
3.673000E+02 1.981000E+00 1.085328E+01
3.682000E+02 1.981474E+00 1.085035E+01
3.691000E+02 1.981946E+00 1.084930E+01
3.700000E+02 1.982415E+00 1.084642E+01
3.709000E+02 1.982881E+00 1.084357E+01
3.718000E+02 1.983344E+00 1.084258E+01
3.727000E+02 1.983805E+00 1.083976E+01
3.736000E+02 1.984264E+00 1.083697E+01
3.745000E+02 1.984719E+00 1.083604E+01
3.754000E+02 1.985173E+00 1.083329E+01
3.763000E+02 1.985623E+00 1.083056E+01
3.772000E+02 1.986071E+00 1.082969E+01
3.781000E+02 1.986517E+00 1.082700E+01
3.790000E+02 1.986960E+00 1.082433E+01
3.799000E+02 1.987401E+00 1.082169E+01
3.808000E+02 1.987839E+00 1.082089E+01
3.817000E+02 1.988274E+00 1.081828E+01
3.826000E+02 1.988708E+00 1.081570E+01
3.835000E+02 1.989138E+00 1.081314E+01
3.844000E+02 1.989567E+00 1.081241E+01
3.853000E+02 1.989993E+00 1.080989E+01
3.862000E+02 1.990416E+00 1.080739E+01
3.871000E+02 1.990838E+00 1.080490E+01
3.880000E+02 1.991256E+00 1.080244E+01
3.889000E+02 1.991673E+00 1.080181E+01
3.898000E+02 1.992087E+00 1.079938E+01
3.907000E+02 1.992499E+00 1.079698E+01
3.916000E+02 1.992909E+00 1.079459E+01
3.925000E+02 1.993316E+00 1.079223E+01
3.934000E+02 1.993721E+00 1.078988E+01
3.943000E+02 1.994124E+00 1.078755E+01
3.952000E+02 1.994524E+00 1.078704E+01
3.961000E+02 1.994923E+00 1.078475E+01
3.970000E+02 1.995319E+00 1.078248E+01
3.979000E+02 1.995713E+00 1.078023E+01
3.988000E+02 1.996104E+00 1.077800E+01
3.997000E+02 1.996494E+00 1.077578E+01
4.006000E+02 1.996881E+00 1.077359E+01
4.015000E+02 1.997266E+00 1.077141E+01
4.024000E+02 1.997649E+00 1.076925E+01
4.033000E+02 1.998030E+00 1.076711E+01
4.042000E+02 1.998409E+00 1.076499E+01
4.051000E+02 1.998786E+00 1.076289E+01
4.060000E+02 1.999161E+00 1.076080E+01
4.069000E+02 1.999533E+00 1.075873E+01
4.078000E+02 1.999904E+00 1.075668E+01
4.087000E+02 2.000272E+00 1.075465E+01
4.096000E+02 2.000638E+00 1.075264E+01
4.105000E+02 2.001003E+00 1.075064E+01
4.114000E+02 2.001365E+00 1.074866E+01
4.123000E+02 2.001726E+00 1.074670E+01
4.132000E+02 2.002084E+00 1.074475E+01
4.141000E+02 2.002440E+00 1.074282E+01
4.150000E+02 2.002795E+00 1.074091E+01
4.159000E+02 2.003147E+00 1.073902E+01
4.168000E+02 2.003498E+00 1.073714E+01
4.177000E+02 2.003846E+00 1.073528E+01
4.186000E+02 2.004193E+00 1.073344E+01
4.195000E+02 2.004538E+00 1.072987E+01
4.204000E+02 2.004881E+00 1.072806E+01
4.213000E+02 2.005222E+00 1.072627E+01
4.222000E+02 2.005561E+00 1.072449E+01
4.231000E+02 2.005898E+00 1.072273E+01
4.240000E+02 2.006233E+00 1.072099E+01
4.249000E+02 2.006567E+00 1.071926E+01
4.258000E+02 2.006898E+00 1.071582E+01
4.267000E+02 2.007228E+00 1.071412E+01
4.276000E+02 2.007556E+00 1.071244E+01
4.285000E+02 2.007882E+00 1.071078E+01
4.294000E+02 2.008207E+00 1.070913E+01
4.303000E+02 2.008529E+00 1.070750E+01
4.312000E+02 2.008850E+00 1.070416E+01
4.321000E+02 2.009169E+00 1.070257E+01
4.330000E+02 2.009487E+00 1.070098E+01
4.339000E+02 2.009802E+00 1.069942E+01
4.348000E+02 2.010116E+00 1.069615E+01
4.357000E+02 2.010428E+00 1.069461E+01
4.366000E+02 2.010739E+00 1.069309E+01
4.375000E+02 2.011047E+00 1.069158E+01
4.384000E+02 2.011354E+00 1.068838E+01
4.393000E+02 2.011660E+00 1.068691E+01
4.402000E+02 2.011963E+00 1.068544E+01
4.411000E+02 2.012265E+00 1.068400E+01
4.420000E+02 2.012566E+00 1.068086E+01
4.429000E+02 2.012864E+00 1.067945E+01
4.438000E+02 2.013161E+00 1.067805E+01
4.447000E+02 2.013457E+00 1.067496E+01
4.456000E+02 2.013750E+00 1.067359E+01
4.465000E+02 2.014042E+00 1.067223E+01
4.474000E+02 2.014333E+00 1.066920E+01
4.483000E+02 2.014622E+00 1.066787E+01
4.492000E+02 2.014909E+00 1.066656E+01
4.501000E+02 2.015195E+00 1.066357E+01
4.510000E+02 2.015479E+00 1.066228E+01
4.519000E+02 2.015762E+00 1.065933E+01
4.528000E+02 2.016043E+00 1.065807E+01
4.537000E+02 2.016322E+00 1.065683E+01
4.546000E+02 2.016600E+00 1.065392E+01
4.555000E+02 2.016877E+00 1.065271E+01
4.564000E+02 2.017152E+00 1.064983E+01
4.573000E+02 2.017425E+00 1.064864E+01
4.582000E+02 2.017697E+00 1.064747E+01
4.591000E+02 2.017967E+00 1.064464E+01
4.600000E+02 2.018236E+00 1.064350E+01
4.609000E+02 2.018504E+00 1.064069E+01
4.618000E+02 2.018770E+00 1.063958E+01
4.627000E+02 2.019034E+00 1.063680E+01
4.636000E+02 2.019297E+00 1.063572E+01
4.645000E+02 2.019559E+00 1.063297E+01
4.654000E+02 2.019819E+00 1.063191E+01
4.663000E+02 2.020078E+00 1.062920E+01
4.672000E+02 2.020335E+00 1.062816E+01
4.681000E+02 2.020591E+00 1.062548E+01
4.690000E+02 2.020845E+00 1.062447E+01
4.699000E+02 2.021098E+00 1.062182E+01
4.708000E+02 2.021350E+00 1.062083E+01
4.717000E+02 2.021600E+00 1.061821E+01
4.726000E+02 2.021849E+00 1.061725E+01
4.735000E+02 2.022097E+00 1.061465E+01
4.744000E+02 2.022343E+00 1.061372E+01
4.753000E+02 2.022588E+00 1.061115E+01
4.762000E+02 2.022831E+00 1.061025E+01
4.771000E+02 2.023073E+00 1.060771E+01
4.780000E+02 2.023314E+00 1.060683E+01
4.789000E+02 2.023553E+00 1.060431E+01
4.798000E+02 2.023792E+00 1.060182E+01
4.807000E+02 2.024028E+00 1.060097E+01
4.816000E+02 2.024264E+00 1.059850E+01
4.825000E+02 2.024498E+00 1.059768E+01
4.834000E+02 2.024731E+00 1.059524E+01
4.843000E+02 2.024962E+00 1.059281E+01
4.852000E+02 2.025193E+00 1.059203E+01
4.861000E+02 2.025422E+00 1.058963E+01
4.870000E+02 2.025649E+00 1.058724E+01
4.879000E+02 2.025876E+00 1.058649E+01
4.888000E+02 2.026101E+00 1.058413E+01
4.897000E+02 2.026325E+00 1.058178E+01
4.906000E+02 2.026548E+00 1.058108E+01
4.915000E+02 2.026769E+00 1.057875E+01
4.924000E+02 2.026990E+00 1.057644E+01
4.933000E+02 2.027209E+00 1.057577E+01
4.942000E+02 2.027426E+00 1.057349E+01
4.951000E+02 2.027643E+00 1.057122E+01
4.960000E+02 2.027858E+00 1.057058E+01
4.969000E+02 2.028073E+00 1.056834E+01
4.978000E+02 2.028286E+00 1.056611E+01
4.987000E+02 2.028497E+00 1.056550E+01
4.996000E+02 2.028708E+00 1.056330E+01
5.005000E+02 2.028917E+00 1.056110E+01
5.014000E+02 2.029126E+00 1.055892E+01
5.023000E+02 2.029333E+00 1.055837E+01
5.032000E+02 2.029539E+00 1.055621E+01
5.041000E+02 2.029744E+00 1.055407E+01
5.050000E+02 2.029947E+00 1.055194E+01
5.059000E+02 2.030150E+00 1.055143E+01
5.068000E+02 2.030351E+00 1.054932E+01
5.077000E+02 2.030551E+00 1.054723E+01
5.086000E+02 2.030751E+00 1.054515E+01
5.095000E+02 2.030949E+00 1.054308E+01
5.104000E+02 2.031145E+00 1.054262E+01
5.113000E+02 2.031341E+00 1.054058E+01
5.122000E+02 2.031536E+00 1.053854E+01
5.131000E+02 2.031730E+00 1.053652E+01
5.140000E+02 2.031922E+00 1.053452E+01
5.149000E+02 2.032113E+00 1.053411E+01
5.158000E+02 2.032304E+00 1.053213E+01
5.167000E+02 2.032493E+00 1.053016E+01
5.176000E+02 2.032681E+00 1.052820E+01
5.185000E+02 2.032868E+00 1.052625E+01
5.194000E+02 2.033054E+00 1.052431E+01
5.203000E+02 2.033239E+00 1.052239E+01
5.212000E+02 2.033423E+00 1.052206E+01
5.221000E+02 2.033606E+00 1.052016E+01
5.230000E+02 2.033788E+00 1.051827E+01
5.239000E+02 2.033969E+00 1.051639E+01
5.248000E+02 2.034149E+00 1.051452E+01
5.257000E+02 2.034328E+00 1.051266E+01
5.266000E+02 2.034505E+00 1.051082E+01
5.275000E+02 2.034682E+00 1.050899E+01
5.284000E+02 2.034858E+00 1.050717E+01
5.293000E+02 2.035033E+00 1.050536E+01
5.302000E+02 2.035206E+00 1.050513E+01
5.311000E+02 2.035379E+00 1.050334E+01
5.320000E+02 2.035551E+00 1.050156E+01
5.329000E+02 2.035722E+00 1.049980E+01
5.338000E+02 2.035892E+00 1.049804E+01
5.347000E+02 2.036060E+00 1.049630E+01
5.356000E+02 2.036228E+00 1.049457E+01
5.365000E+02 2.036395E+00 1.049285E+01
5.374000E+02 2.036561E+00 1.049113E+01
5.383000E+02 2.036726E+00 1.048944E+01
5.392000E+02 2.036890E+00 1.048775E+01
5.401000E+02 2.037053E+00 1.048607E+01
5.410000E+02 2.037216E+00 1.048440E+01
5.419000E+02 2.037377E+00 1.048274E+01
5.428000E+02 2.037537E+00 1.048110E+01
5.437000E+02 2.037696E+00 1.047946E+01
5.446000E+02 2.037855E+00 1.047784E+01
5.455000E+02 2.038012E+00 1.047622E+01
5.464000E+02 2.038169E+00 1.047462E+01
5.473000E+02 2.038325E+00 1.047303E+01
5.482000E+02 2.038479E+00 1.047144E+01
5.491000E+02 2.038633E+00 1.046987E+01
5.500000E+02 2.038786E+00 1.046831E+01
5.509000E+02 2.038938E+00 1.046676E+01
5.518000E+02 2.039090E+00 1.046522E+01
5.527000E+02 2.039240E+00 1.046369E+01
5.536000E+02 2.039389E+00 1.046217E+01
5.545000E+02 2.039538E+00 1.045911E+01
5.554000E+02 2.039686E+00 1.045761E+01
5.563000E+02 2.039832E+00 1.045612E+01
5.572000E+02 2.039978E+00 1.045464E+01
5.581000E+02 2.040123E+00 1.045317E+01
5.590000E+02 2.040268E+00 1.045171E+01
5.599000E+02 2.040411E+00 1.045026E+01
5.608000E+02 2.040554E+00 1.044882E+01
5.617000E+02 2.040695E+00 1.044739E+01
5.626000E+02 2.040836E+00 1.044597E+01
5.635000E+02 2.040976E+00 1.044303E+01
5.644000E+02 2.041115E+00 1.044163E+01
5.653000E+02 2.041254E+00 1.044024E+01
5.662000E+02 2.041391E+00 1.043886E+01
5.671000E+02 2.041528E+00 1.043749E+01
5.680000E+02 2.041664E+00 1.043613E+01
5.689000E+02 2.041799E+00 1.043478E+01
5.698000E+02 2.041933E+00 1.043191E+01
5.707000E+02 2.042067E+00 1.043058E+01
5.716000E+02 2.042199E+00 1.042926E+01
5.725000E+02 2.042331E+00 1.042794E+01
5.734000E+02 2.042462E+00 1.042664E+01
5.743000E+02 2.042593E+00 1.042534E+01
5.752000E+02 2.042722E+00 1.042254E+01
5.761000E+02 2.042851E+00 1.042126E+01
5.770000E+02 2.042979E+00 1.042000E+01
5.779000E+02 2.043106E+00 1.041874E+01
5.788000E+02 2.043232E+00 1.041749E+01
5.797000E+02 2.043358E+00 1.041474E+01
5.806000E+02 2.043483E+00 1.041351E+01
5.815000E+02 2.043607E+00 1.041229E+01
5.824000E+02 2.043730E+00 1.041108E+01
5.833000E+02 2.043853E+00 1.040837E+01
5.842000E+02 2.043975E+00 1.040718E+01
5.851000E+02 2.044096E+00 1.040599E+01
5.860000E+02 2.044216E+00 1.040482E+01
5.869000E+02 2.044336E+00 1.040215E+01
5.878000E+02 2.044454E+00 1.040099E+01
5.887000E+02 2.044573E+00 1.039985E+01
5.896000E+02 2.044690E+00 1.039871E+01
5.905000E+02 2.044807E+00 1.039608E+01
5.914000E+02 2.044923E+00 1.039496E+01
5.923000E+02 2.045038E+00 1.039384E+01
5.932000E+02 2.045152E+00 1.039274E+01
5.941000E+02 2.045266E+00 1.039015E+01
5.950000E+02 2.045379E+00 1.038906E+01
5.959000E+02 2.045491E+00 1.038799E+01
5.968000E+02 2.045603E+00 1.038542E+01
5.977000E+02 2.045714E+00 1.038436E+01
5.986000E+02 2.045824E+00 1.038331E+01
5.995000E+02 2.045934E+00 1.038078E+01
6.004000E+02 2.046043E+00 1.037975E+01
6.013000E+02 2.046151E+00 1.037872E+01
6.022000E+02 2.046259E+00 1.037622E+01
6.031000E+02 2.046365E+00 1.037521E+01
6.040000E+02 2.046471E+00 1.037421E+01
6.049000E+02 2.046577E+00 1.037173E+01
6.058000E+02 2.046682E+00 1.037075E+01
6.067000E+02 2.046786E+00 1.036977E+01
6.076000E+02 2.046889E+00 1.036732E+01
6.085000E+02 2.046992E+00 1.036637E+01
6.094000E+02 2.047094E+00 1.036542E+01
6.103000E+02 2.047196E+00 1.036300E+01
6.112000E+02 2.047296E+00 1.036206E+01
6.121000E+02 2.047397E+00 1.035966E+01
6.130000E+02 2.047496E+00 1.035875E+01
6.139000E+02 2.047595E+00 1.035784E+01
6.148000E+02 2.047693E+00 1.035546E+01
6.157000E+02 2.047791E+00 1.035457E+01
6.166000E+02 2.047888E+00 1.035221E+01
6.175000E+02 2.047984E+00 1.035134E+01
6.184000E+02 2.048080E+00 1.035047E+01
6.193000E+02 2.048175E+00 1.034814E+01
6.202000E+02 2.048269E+00 1.034729E+01
6.211000E+02 2.048363E+00 1.034497E+01
6.220000E+02 2.048456E+00 1.034414E+01
6.229000E+02 2.048549E+00 1.034184E+01
6.238000E+02 2.048641E+00 1.034102E+01
6.247000E+02 2.048732E+00 1.034021E+01
6.256000E+02 2.048823E+00 1.033794E+01
6.265000E+02 2.048913E+00 1.033715E+01
6.274000E+02 2.049002E+00 1.033489E+01
6.283000E+02 2.049091E+00 1.033411E+01
6.292000E+02 2.049179E+00 1.033188E+01
6.301000E+02 2.049267E+00 1.033111E+01
6.310000E+02 2.049354E+00 1.032890E+01
6.319000E+02 2.049441E+00 1.032815E+01
6.328000E+02 2.049526E+00 1.032595E+01
6.337000E+02 2.049612E+00 1.032521E+01
6.346000E+02 2.049696E+00 1.032303E+01
6.355000E+02 2.049781E+00 1.032231E+01
6.364000E+02 2.049864E+00 1.032014E+01
6.373000E+02 2.049947E+00 1.031944E+01
6.382000E+02 2.050030E+00 1.031729E+01
6.391000E+02 2.050111E+00 1.031660E+01
6.400000E+02 2.050193E+00 1.031447E+01
6.409000E+02 2.050273E+00 1.031380E+01
6.418000E+02 2.050354E+00 1.031168E+01
6.427000E+02 2.050433E+00 1.031102E+01
6.436000E+02 2.050512E+00 1.030892E+01
6.445000E+02 2.050591E+00 1.030828E+01
6.454000E+02 2.050669E+00 1.030619E+01
6.463000E+02 2.050746E+00 1.030556E+01
6.472000E+02 2.050823E+00 1.030349E+01
6.481000E+02 2.050899E+00 1.030144E+01
6.490000E+02 2.050975E+00 1.030083E+01
6.499000E+02 2.051050E+00 1.029878E+01
6.508000E+02 2.051125E+00 1.029819E+01
6.517000E+02 2.051199E+00 1.029616E+01
6.526000E+02 2.051272E+00 1.029559E+01
6.535000E+02 2.051345E+00 1.029357E+01
6.544000E+02 2.051418E+00 1.029157E+01
6.553000E+02 2.051490E+00 1.029101E+01
6.562000E+02 2.051561E+00 1.028903E+01
6.571000E+02 2.051632E+00 1.028848E+01
6.580000E+02 2.051702E+00 1.028651E+01
6.589000E+02 2.051772E+00 1.028455E+01
6.598000E+02 2.051842E+00 1.028402E+01
6.607000E+02 2.051910E+00 1.028208E+01
6.616000E+02 2.051979E+00 1.028157E+01
6.625000E+02 2.052047E+00 1.027963E+01
6.634000E+02 2.052114E+00 1.027771E+01
6.643000E+02 2.052181E+00 1.027722E+01
6.652000E+02 2.052247E+00 1.027531E+01
6.661000E+02 2.052313E+00 1.027341E+01
6.670000E+02 2.052378E+00 1.027294E+01
6.679000E+02 2.052443E+00 1.027105E+01
6.688000E+02 2.052507E+00 1.027060E+01
6.697000E+02 2.052571E+00 1.026873E+01
6.706000E+02 2.052634E+00 1.026686E+01
6.715000E+02 2.052697E+00 1.026643E+01
6.724000E+02 2.052759E+00 1.026458E+01
6.733000E+02 2.052821E+00 1.026274E+01
6.742000E+02 2.052882E+00 1.026233E+01
6.751000E+02 2.052943E+00 1.026050E+01
6.760000E+02 2.053004E+00 1.025868E+01
6.769000E+02 2.053064E+00 1.025829E+01
6.778000E+02 2.053123E+00 1.025648E+01
6.787000E+02 2.053182E+00 1.025468E+01
6.796000E+02 2.053240E+00 1.025289E+01
6.805000E+02 2.053298E+00 1.025253E+01
6.814000E+02 2.053356E+00 1.025075E+01
6.823000E+02 2.053413E+00 1.024898E+01
6.832000E+02 2.053470E+00 1.024864E+01
6.841000E+02 2.053526E+00 1.024688E+01
6.850000E+02 2.053581E+00 1.024513E+01
6.859000E+02 2.053637E+00 1.024339E+01
6.868000E+02 2.053691E+00 1.024307E+01
6.877000E+02 2.053746E+00 1.024135E+01
6.886000E+02 2.053800E+00 1.023963E+01
6.895000E+02 2.053853E+00 1.023933E+01
6.904000E+02 2.053906E+00 1.023762E+01
6.913000E+02 2.053958E+00 1.023593E+01
6.922000E+02 2.054011E+00 1.023423E+01
6.931000E+02 2.054062E+00 1.023396E+01
6.940000E+02 2.054113E+00 1.023228E+01
6.949000E+02 2.054164E+00 1.023061E+01
6.958000E+02 2.054214E+00 1.022895E+01
6.967000E+02 2.054264E+00 1.022730E+01
6.976000E+02 2.054314E+00 1.022705E+01
6.985000E+02 2.054363E+00 1.022541E+01
6.994000E+02 2.054411E+00 1.022377E+01
7.003000E+02 2.054459E+00 1.022215E+01
7.012000E+02 2.054507E+00 1.022193E+01
7.021000E+02 2.054554E+00 1.022031E+01
7.030000E+02 2.054601E+00 1.021870E+01
7.039000E+02 2.054648E+00 1.021710E+01
7.048000E+02 2.054694E+00 1.021551E+01
7.057000E+02 2.054739E+00 1.021532E+01
7.066000E+02 2.054785E+00 1.021374E+01
7.075000E+02 2.054829E+00 1.021217E+01
7.084000E+02 2.054874E+00 1.021060E+01
7.093000E+02 2.054918E+00 1.020904E+01
7.102000E+02 2.054961E+00 1.020749E+01
7.111000E+02 2.055004E+00 1.020733E+01
7.120000E+02 2.055047E+00 1.020579E+01
7.129000E+02 2.055089E+00 1.020426E+01
7.138000E+02 2.055131E+00 1.020273E+01
7.147000E+02 2.055173E+00 1.020121E+01
7.156000E+02 2.055214E+00 1.019970E+01
7.165000E+02 2.055255E+00 1.019958E+01
7.174000E+02 2.055295E+00 1.019808E+01
7.183000E+02 2.055335E+00 1.019658E+01
7.192000E+02 2.055374E+00 1.019510E+01
7.201000E+02 2.055413E+00 1.019361E+01
7.210000E+02 2.055452E+00 1.019214E+01
7.219000E+02 2.055490E+00 1.019067E+01
7.228000E+02 2.055528E+00 1.019059E+01
7.237000E+02 2.055566E+00 1.018914E+01
7.246000E+02 2.055603E+00 1.018769E+01
7.255000E+02 2.055640E+00 1.018624E+01
7.264000E+02 2.055676E+00 1.018481E+01
7.273000E+02 2.055712E+00 1.018338E+01
7.282000E+02 2.055748E+00 1.018195E+01
7.291000E+02 2.055783E+00 1.018054E+01
7.300000E+02 2.055818E+00 1.017913E+01
7.309000E+02 2.055853E+00 1.017910E+01
7.318000E+02 2.055887E+00 1.017770E+01
7.327000E+02 2.055921E+00 1.017631E+01
7.336000E+02 2.055954E+00 1.017492E+01
7.345000E+02 2.055987E+00 1.017354E+01
7.354000E+02 2.056020E+00 1.017217E+01
7.363000E+02 2.056052E+00 1.017080E+01
7.372000E+02 2.056084E+00 1.016944E+01
7.381000E+02 2.056116E+00 1.016808E+01
7.390000E+02 2.056147E+00 1.016673E+01
7.399000E+02 2.056178E+00 1.016539E+01
7.408000E+02 2.056209E+00 1.016405E+01
7.417000E+02 2.056239E+00 1.016272E+01
7.426000E+02 2.056269E+00 1.016140E+01
7.435000E+02 2.056298E+00 1.016008E+01
7.444000E+02 2.056327E+00 1.016013E+01
7.453000E+02 2.056356E+00 1.015883E+01
7.462000E+02 2.056384E+00 1.015752E+01
7.471000E+02 2.056412E+00 1.015623E+01
7.480000E+02 2.056440E+00 1.015494E+01
7.489000E+02 2.056468E+00 1.015366E+01
7.498000E+02 2.056495E+00 1.015238E+01
7.507000E+02 2.056521E+00 1.015111E+01
7.516000E+02 2.056548E+00 1.014984E+01
7.525000E+02 2.056574E+00 1.014858E+01
7.534000E+02 2.056599E+00 1.014733E+01
7.543000E+02 2.056625E+00 1.014608E+01
7.552000E+02 2.056650E+00 1.014484E+01
7.561000E+02 2.056674E+00 1.014360E+01
7.570000E+02 2.056699E+00 1.014237E+01
7.579000E+02 2.056723E+00 1.014115E+01
7.588000E+02 2.056746E+00 1.013993E+01
7.597000E+02 2.056770E+00 1.013872E+01
7.606000E+02 2.056793E+00 1.013751E+01
7.615000E+02 2.056815E+00 1.013631E+01
7.624000E+02 2.056838E+00 1.013511E+01
7.633000E+02 2.056860E+00 1.013392E+01
7.642000E+02 2.056881E+00 1.013274E+01
7.651000E+02 2.056903E+00 1.013156E+01
7.660000E+02 2.056924E+00 1.013039E+01
7.669000E+02 2.056945E+00 1.012922E+01
7.678000E+02 2.056965E+00 1.012670E+01
7.687000E+02 2.056985E+00 1.012555E+01
7.696000E+02 2.057005E+00 1.012440E+01
7.705000E+02 2.057024E+00 1.012325E+01
7.714000E+02 2.057044E+00 1.012212E+01
7.723000E+02 2.057062E+00 1.012098E+01
7.732000E+02 2.057081E+00 1.011985E+01
7.741000E+02 2.057099E+00 1.011873E+01
7.750000E+02 2.057117E+00 1.011762E+01
7.759000E+02 2.057135E+00 1.011650E+01
7.768000E+02 2.057152E+00 1.011540E+01
7.777000E+02 2.057169E+00 1.011430E+01
7.786000E+02 2.057186E+00 1.011320E+01
7.795000E+02 2.057202E+00 1.011211E+01
7.804000E+02 2.057218E+00 1.011103E+01
7.813000E+02 2.057234E+00 1.010861E+01
7.822000E+02 2.057250E+00 1.010753E+01
7.831000E+02 2.057265E+00 1.010647E+01
7.840000E+02 2.057280E+00 1.010540E+01
7.849000E+02 2.057295E+00 1.010435E+01
7.858000E+02 2.057309E+00 1.010330E+01
7.867000E+02 2.057323E+00 1.010225E+01
7.876000E+02 2.057337E+00 1.010121E+01
7.885000E+02 2.057350E+00 1.010017E+01
7.894000E+02 2.057363E+00 1.009914E+01
7.903000E+02 2.057376E+00 1.009678E+01
7.912000E+02 2.057389E+00 1.009576E+01
7.921000E+02 2.057401E+00 1.009475E+01
7.930000E+02 2.057413E+00 1.009374E+01
7.939000E+02 2.057425E+00 1.009273E+01
7.948000E+02 2.057436E+00 1.009173E+01
7.957000E+02 2.057448E+00 1.009074E+01
7.966000E+02 2.057459E+00 1.008842E+01
7.975000E+02 2.057469E+00 1.008744E+01
7.984000E+02 2.057480E+00 1.008646E+01
7.993000E+02 2.057490E+00 1.008549E+01
8.002000E+02 2.057499E+00 1.008452E+01
8.011000E+02 2.057509E+00 1.008356E+01
8.020000E+02 2.057518E+00 1.008260E+01
8.029000E+02 2.057527E+00 1.008032E+01
8.038000E+02 2.057536E+00 1.007937E+01
8.047000E+02 2.057544E+00 1.007843E+01
8.056000E+02 2.057552E+00 1.007749E+01
8.065000E+02 2.057560E+00 1.007656E+01
8.074000E+02 2.057568E+00 1.007563E+01
8.083000E+02 2.057575E+00 1.007338E+01
8.092000E+02 2.057582E+00 1.007247E+01
8.101000E+02 2.057589E+00 1.007156E+01
8.110000E+02 2.057596E+00 1.007065E+01
8.119000E+02 2.057602E+00 1.006975E+01
8.128000E+02 2.057608E+00 1.006753E+01
8.137000E+02 2.057614E+00 1.006664E+01
8.146000E+02 2.057619E+00 1.006575E+01
8.155000E+02 2.057625E+00 1.006487E+01
8.164000E+02 2.057630E+00 1.006399E+01
8.173000E+02 2.057634E+00 1.006180E+01
8.182000E+02 2.057639E+00 1.006093E+01
8.191000E+02 2.057643E+00 1.006007E+01
8.200000E+02 2.057647E+00 1.005921E+01
8.209000E+02 2.057651E+00 1.005836E+01
8.218000E+02 2.057654E+00 1.005620E+01
8.227000E+02 2.057658E+00 1.005535E+01
8.236000E+02 2.057661E+00 1.005452E+01
8.245000E+02 2.057663E+00 1.005368E+01
8.254000E+02 2.057666E+00 1.005154E+01
8.263000E+02 2.057668E+00 1.005072E+01
8.272000E+02 2.057670E+00 1.004990E+01
8.281000E+02 2.057672E+00 1.004909E+01
8.290000E+02 2.057673E+00 1.004696E+01
8.299000E+02 2.057674E+00 1.004616E+01
8.308000E+02 2.057676E+00 1.004536E+01
8.317000E+02 2.057676E+00 1.004457E+01
8.326000E+02 2.057677E+00 1.004246E+01
8.335000E+02 2.057677E+00 1.004168E+01
8.344000E+02 2.057677E+00 1.004090E+01
8.353000E+02 2.057677E+00 1.004012E+01
8.362000E+02 2.057677E+00 1.003804E+01
8.371000E+02 2.057676E+00 1.003728E+01
8.380000E+02 2.057675E+00 1.003652E+01
8.389000E+02 2.057674E+00 1.003576E+01
8.398000E+02 2.057673E+00 1.003370E+01
8.407000E+02 2.057671E+00 1.003295E+01
8.416000E+02 2.057669E+00 1.003221E+01
8.425000E+02 2.057667E+00 1.003016E+01
8.434000E+02 2.057665E+00 1.002943E+01
8.443000E+02 2.057662E+00 1.002870E+01
8.452000E+02 2.057660E+00 1.002667E+01
8.461000E+02 2.057657E+00 1.002595E+01
8.470000E+02 2.057653E+00 1.002524E+01
8.479000E+02 2.057650E+00 1.002453E+01
8.488000E+02 2.057646E+00 1.002252E+01
8.497000E+02 2.057642E+00 1.002182E+01
8.506000E+02 2.057638E+00 1.002112E+01
8.515000E+02 2.057634E+00 1.001913E+01
8.524000E+02 2.057629E+00 1.001844E+01
8.533000E+02 2.057625E+00 1.001776E+01
8.542000E+02 2.057620E+00 1.001578E+01
8.551000E+02 2.057615E+00 1.001510E+01
8.560000E+02 2.057609E+00 1.001443E+01
8.569000E+02 2.057604E+00 1.001247E+01
8.578000E+02 2.057598E+00 1.001181E+01
8.587000E+02 2.057592E+00 1.001115E+01
8.596000E+02 2.057585E+00 1.000920E+01
8.605000E+02 2.057579E+00 1.000855E+01
8.614000E+02 2.057572E+00 1.000791E+01
8.623000E+02 2.057565E+00 1.000598E+01
8.632000E+02 2.057558E+00 1.000534E+01
8.641000E+02 2.057551E+00 1.000471E+01
8.650000E+02 2.057543E+00 1.000279E+01
8.659000E+02 2.057535E+00 1.000217E+01
8.668000E+02 2.057527E+00 1.000155E+01
8.677000E+02 2.057519E+00 9.999649E+00
8.686000E+02 2.057511E+00 9.999040E+00
8.695000E+02 2.057502E+00 9.997145E+00
8.704000E+02 2.057494E+00 9.996545E+00
8.713000E+02 2.057485E+00 9.995949E+00
8.722000E+02 2.057475E+00 9.994068E+00
8.731000E+02 2.057466E+00 9.993481E+00
8.740000E+02 2.057456E+00 9.992899E+00
8.749000E+02 2.057447E+00 9.991031E+00
8.758000E+02 2.057437E+00 9.990457E+00
8.767000E+02 2.057426E+00 9.988600E+00
8.776000E+02 2.057416E+00 9.988034E+00
8.785000E+02 2.057405E+00 9.987473E+00
8.794000E+02 2.057394E+00 9.985629E+00
8.803000E+02 2.057383E+00 9.985076E+00
8.812000E+02 2.057372E+00 9.983242E+00
8.821000E+02 2.057361E+00 9.982697E+00
8.830000E+02 2.057349E+00 9.982157E+00
8.839000E+02 2.057338E+00 9.980337E+00
8.848000E+02 2.057326E+00 9.979805E+00
8.857000E+02 2.057313E+00 9.977994E+00
8.866000E+02 2.057301E+00 9.977470E+00
8.875000E+02 2.057288E+00 9.975668E+00
8.884000E+02 2.057276E+00 9.975153E+00
8.893000E+02 2.057263E+00 9.974641E+00
8.902000E+02 2.057250E+00 9.972853E+00
8.911000E+02 2.057236E+00 9.972350E+00
8.920000E+02 2.057223E+00 9.970571E+00
8.929000E+02 2.057209E+00 9.970076E+00
8.938000E+02 2.057195E+00 9.968307E+00
8.947000E+02 2.057181E+00 9.967820E+00
8.956000E+02 2.057167E+00 9.967337E+00
8.965000E+02 2.057153E+00 9.965581E+00
8.974000E+02 2.057138E+00 9.965106E+00
8.983000E+02 2.057123E+00 9.963359E+00
8.992000E+02 2.057108E+00 9.962892E+00
9.001000E+02 2.057093E+00 9.961153E+00
9.010000E+02 2.057078E+00 9.960695E+00
9.019000E+02 2.057062E+00 9.958965E+00
9.028000E+02 2.057046E+00 9.958515E+00
9.037000E+02 2.057031E+00 9.956794E+00
9.046000E+02 2.057015E+00 9.956352E+00
9.055000E+02 2.056998E+00 9.954640E+00
9.064000E+02 2.056982E+00 9.954205E+00
9.073000E+02 2.056965E+00 9.953774E+00
9.082000E+02 2.056949E+00 9.952076E+00
9.091000E+02 2.056932E+00 9.951653E+00
9.100000E+02 2.056914E+00 9.949963E+00
9.109000E+02 2.056897E+00 9.949547E+00
9.118000E+02 2.056880E+00 9.947866E+00
9.127000E+02 2.056862E+00 9.947459E+00
9.136000E+02 2.056844E+00 9.945786E+00
9.145000E+02 2.056826E+00 9.945386E+00
9.154000E+02 2.056808E+00 9.943723E+00
9.163000E+02 2.056790E+00 9.943331E+00
9.172000E+02 2.056771E+00 9.941675E+00
9.181000E+02 2.056753E+00 9.941291E+00
9.190000E+02 2.056734E+00 9.939644E+00
9.199000E+02 2.056715E+00 9.939268E+00
9.208000E+02 2.056696E+00 9.937629E+00
9.217000E+02 2.056676E+00 9.937260E+00
9.226000E+02 2.056657E+00 9.935631E+00
9.235000E+02 2.056637E+00 9.934005E+00
9.244000E+02 2.056617E+00 9.933648E+00
9.253000E+02 2.056597E+00 9.932031E+00
9.262000E+02 2.056577E+00 9.931681E+00
9.271000E+02 2.056557E+00 9.930072E+00
9.280000E+02 2.056537E+00 9.929730E+00
9.289000E+02 2.056516E+00 9.928130E+00
9.298000E+02 2.056495E+00 9.927795E+00
9.307000E+02 2.056474E+00 9.926203E+00
9.316000E+02 2.056453E+00 9.925875E+00
9.325000E+02 2.056432E+00 9.924292E+00
9.334000E+02 2.056410E+00 9.923972E+00
9.343000E+02 2.056389E+00 9.922396E+00
9.352000E+02 2.056367E+00 9.920825E+00
9.361000E+02 2.056345E+00 9.920516E+00
9.370000E+02 2.056323E+00 9.918953E+00
9.379000E+02 2.056301E+00 9.918652E+00
9.388000E+02 2.056278E+00 9.917097E+00
9.397000E+02 2.056256E+00 9.916802E+00
9.406000E+02 2.056233E+00 9.915256E+00
9.415000E+02 2.056210E+00 9.914969E+00
9.424000E+02 2.056187E+00 9.913430E+00
9.433000E+02 2.056164E+00 9.911896E+00
9.442000E+02 2.056141E+00 9.911619E+00
9.451000E+02 2.056118E+00 9.910093E+00
9.460000E+02 2.056094E+00 9.909824E+00
9.469000E+02 2.056070E+00 9.908305E+00
9.478000E+02 2.056046E+00 9.908044E+00
9.487000E+02 2.056022E+00 9.906533E+00
9.496000E+02 2.055998E+00 9.905027E+00
9.505000E+02 2.055974E+00 9.904776E+00
9.514000E+02 2.055949E+00 9.903277E+00
9.523000E+02 2.055925E+00 9.903033E+00
9.532000E+02 2.055900E+00 9.901543E+00
9.541000E+02 2.055875E+00 9.900056E+00
9.550000E+02 2.055850E+00 9.899823E+00
9.559000E+02 2.055825E+00 9.898344E+00
9.568000E+02 2.055799E+00 9.898118E+00
9.577000E+02 2.055774E+00 9.896647E+00
9.586000E+02 2.055748E+00 9.895180E+00
9.595000E+02 2.055722E+00 9.894964E+00
9.604000E+02 2.055696E+00 9.893505E+00
9.613000E+02 2.055670E+00 9.892050E+00
9.622000E+02 2.055644E+00 9.891844E+00
9.631000E+02 2.055618E+00 9.890397E+00
9.640000E+02 2.055591E+00 9.890198E+00
9.649000E+02 2.055565E+00 9.888758E+00
9.658000E+02 2.055538E+00 9.887323E+00
9.667000E+02 2.055511E+00 9.887134E+00
9.676000E+02 2.055484E+00 9.885706E+00
9.685000E+02 2.055457E+00 9.884282E+00
9.694000E+02 2.055429E+00 9.884104E+00
9.703000E+02 2.055402E+00 9.882687E+00
9.712000E+02 2.055374E+00 9.881274E+00
9.721000E+02 2.055346E+00 9.881107E+00
9.730000E+02 2.055319E+00 9.879701E+00
9.739000E+02 2.055291E+00 9.879540E+00
9.748000E+02 2.055262E+00 9.878142E+00
9.757000E+02 2.055234E+00 9.876748E+00
9.766000E+02 2.055206E+00 9.876597E+00
9.775000E+02 2.055177E+00 9.875211E+00
9.784000E+02 2.055149E+00 9.873828E+00
9.793000E+02 2.055120E+00 9.873687E+00
9.802000E+02 2.055091E+00 9.872312E+00
9.811000E+02 2.055062E+00 9.870940E+00
9.820000E+02 2.055033E+00 9.870809E+00
9.829000E+02 2.055003E+00 9.869445E+00
9.838000E+02 2.054974E+00 9.868084E+00
9.847000E+02 2.054944E+00 9.867964E+00
9.856000E+02 2.054914E+00 9.866610E+00
9.865000E+02 2.054885E+00 9.865261E+00
9.874000E+02 2.054855E+00 9.863915E+00
9.883000E+02 2.054825E+00 9.863808E+00
9.892000E+02 2.054794E+00 9.862469E+00
9.901000E+02 2.054764E+00 9.861134E+00
9.910000E+02 2.054734E+00 9.861037E+00
9.919000E+02 2.054703E+00 9.859709E+00
9.928000E+02 2.054672E+00 9.858385E+00
9.937000E+02 2.054641E+00 9.858297E+00
9.946000E+02 2.054610E+00 9.856980E+00
9.955000E+02 2.054579E+00 9.855667E+00
9.964000E+02 2.054548E+00 9.855589E+00
9.973000E+02 2.054517E+00 9.854283E+00
9.982000E+02 2.054485E+00 9.852981E+00
9.991000E+02 2.054454E+00 9.851682E+00
