1.000000E+02 1.651824E+00 1.224716E+01
1.009000E+02 1.656446E+00 1.224403E+01
1.018000E+02 1.661016E+00 1.224110E+01
1.027000E+02 1.665534E+00 1.223838E+01
1.036000E+02 1.670002E+00 1.223224E+01
1.045000E+02 1.674421E+00 1.222994E+01
1.054000E+02 1.678791E+00 1.222783E+01
1.063000E+02 1.683113E+00 1.222234E+01
1.072000E+02 1.687388E+00 1.222061E+01
1.081000E+02 1.691617E+00 1.221906E+01
1.090000E+02 1.695800E+00 1.221417E+01
1.099000E+02 1.699937E+00 1.220948E+01
1.108000E+02 1.704031E+00 1.220847E+01
1.117000E+02 1.708081E+00 1.220415E+01
1.126000E+02 1.712088E+00 1.220002E+01
1.135000E+02 1.716052E+00 1.219607E+01
1.144000E+02 1.719976E+00 1.219230E+01
1.153000E+02 1.723858E+00 1.219211E+01
1.162000E+02 1.727699E+00 1.218868E+01
1.171000E+02 1.731501E+00 1.218541E+01
1.180000E+02 1.735264E+00 1.217895E+01
1.189000E+02 1.738988E+00 1.217602E+01
1.198000E+02 1.742674E+00 1.217325E+01
1.207000E+02 1.746323E+00 1.217063E+01
1.216000E+02 1.749934E+00 1.216816E+01
1.225000E+02 1.753509E+00 1.216256E+01
1.234000E+02 1.757048E+00 1.216039E+01
1.243000E+02 1.760552E+00 1.215511E+01
1.252000E+02 1.764021E+00 1.215324E+01
1.261000E+02 1.767455E+00 1.215150E+01
1.270000E+02 1.770856E+00 1.214667E+01
1.279000E+02 1.774223E+00 1.214200E+01
1.288000E+02 1.777557E+00 1.214068E+01
1.297000E+02 1.780859E+00 1.213629E+01
1.306000E+02 1.784128E+00 1.213206E+01
1.315000E+02 1.787366E+00 1.212797E+01
1.324000E+02 1.790573E+00 1.212715E+01
1.333000E+02 1.793749E+00 1.212333E+01
1.342000E+02 1.796894E+00 1.211964E+01
1.351000E+02 1.800010E+00 1.211608E+01
1.360000E+02 1.803096E+00 1.211265E+01
1.369000E+02 1.806153E+00 1.210935E+01
1.378000E+02 1.809181E+00 1.210617E+01
1.387000E+02 1.812180E+00 1.210312E+01
1.396000E+02 1.815152E+00 1.210019E+01
1.405000E+02 1.818096E+00 1.209434E+01
1.414000E+02 1.821013E+00 1.209166E+01
1.423000E+02 1.823902E+00 1.208908E+01
1.432000E+02 1.826765E+00 1.208662E+01
1.441000E+02 1.829602E+00 1.208128E+01
1.450000E+02 1.832413E+00 1.207905E+01
1.459000E+02 1.835198E+00 1.207395E+01
1.468000E+02 1.837958E+00 1.207194E+01
1.477000E+02 1.840693E+00 1.206708E+01
1.486000E+02 1.843403E+00 1.206528E+01
1.495000E+02 1.846089E+00 1.206065E+01
1.504000E+02 1.848751E+00 1.205906E+01
1.513000E+02 1.851389E+00 1.205465E+01
1.522000E+02 1.854004E+00 1.205036E+01
1.531000E+02 1.856595E+00 1.204906E+01
1.540000E+02 1.859164E+00 1.204498E+01
1.549000E+02 1.861710E+00 1.204100E+01
1.558000E+02 1.864233E+00 1.203713E+01
1.567000E+02 1.866735E+00 1.203622E+01
1.576000E+02 1.869215E+00 1.203254E+01
1.585000E+02 1.871673E+00 1.202897E+01
1.594000E+02 1.874110E+00 1.202550E+01
1.603000E+02 1.876526E+00 1.202212E+01
1.612000E+02 1.878921E+00 1.201884E+01
1.621000E+02 1.881295E+00 1.201566E+01
1.630000E+02 1.883650E+00 1.201257E+01
1.639000E+02 1.885984E+00 1.200679E+01
1.648000E+02 1.888298E+00 1.200389E+01
1.657000E+02 1.890593E+00 1.200108E+01
1.666000E+02 1.892868E+00 1.199835E+01
1.675000E+02 1.895124E+00 1.199571E+01
1.684000E+02 1.897362E+00 1.199042E+01
1.693000E+02 1.899580E+00 1.198796E+01
1.702000E+02 1.901780E+00 1.198558E+01
1.711000E+02 1.903962E+00 1.198057E+01
1.720000E+02 1.906125E+00 1.197836E+01
1.729000E+02 1.908271E+00 1.197623E+01
1.738000E+02 1.910399E+00 1.197149E+01
1.747000E+02 1.912509E+00 1.196952E+01
1.756000E+02 1.914603E+00 1.196495E+01
1.765000E+02 1.916679E+00 1.196314E+01
1.774000E+02 1.918738E+00 1.195874E+01
1.783000E+02 1.920780E+00 1.195443E+01
1.792000E+02 1.922806E+00 1.195285E+01
1.801000E+02 1.924815E+00 1.194870E+01
1.810000E+02 1.926808E+00 1.194463E+01
1.819000E+02 1.928785E+00 1.194327E+01
1.828000E+02 1.930747E+00 1.193936E+01
1.837000E+02 1.932692E+00 1.193554E+01
1.846000E+02 1.934622E+00 1.193179E+01
1.855000E+02 1.936537E+00 1.193071E+01
1.864000E+02 1.938436E+00 1.192711E+01
1.873000E+02 1.940321E+00 1.192358E+01
1.882000E+02 1.942191E+00 1.192013E+01
1.891000E+02 1.944045E+00 1.191675E+01
1.900000E+02 1.945886E+00 1.191345E+01
1.909000E+02 1.947712E+00 1.191022E+01
1.918000E+02 1.949523E+00 1.190706E+01
1.927000E+02 1.951321E+00 1.190397E+01
1.936000E+02 1.953104E+00 1.190095E+01
1.945000E+02 1.954874E+00 1.189800E+01
1.954000E+02 1.956630E+00 1.189511E+01
1.963000E+02 1.958372E+00 1.189230E+01
1.972000E+02 1.960101E+00 1.188954E+01
1.981000E+02 1.961817E+00 1.188436E+01
1.990000E+02 1.963519E+00 1.188174E+01
1.999000E+02 1.965209E+00 1.187919E+01
2.008000E+02 1.966886E+00 1.187670E+01
2.017000E+02 1.968549E+00 1.187179E+01
2.026000E+02 1.970201E+00 1.186943E+01
2.035000E+02 1.971840E+00 1.186713E+01
2.044000E+02 1.973466E+00 1.186243E+01
2.053000E+02 1.975080E+00 1.186025E+01
2.062000E+02 1.976682E+00 1.185814E+01
2.071000E+02 1.978272E+00 1.185363E+01
2.080000E+02 1.979850E+00 1.185164E+01
2.089000E+02 1.981416E+00 1.184726E+01
2.098000E+02 1.982971E+00 1.184538E+01
2.107000E+02 1.984514E+00 1.184114E+01
2.116000E+02 1.986046E+00 1.183937E+01
2.125000E+02 1.987566E+00 1.183525E+01
2.134000E+02 1.989075E+00 1.183359E+01
2.143000E+02 1.990573E+00 1.182960E+01
2.152000E+02 1.992060E+00 1.182566E+01
2.161000E+02 1.993536E+00 1.182417E+01
2.170000E+02 1.995001E+00 1.182035E+01
2.179000E+02 1.996456E+00 1.181659E+01
2.188000E+02 1.997900E+00 1.181526E+01
2.197000E+02 1.999333E+00 1.181161E+01
2.206000E+02 2.000756E+00 1.180802E+01
2.215000E+02 2.002169E+00 1.180449E+01
2.224000E+02 2.003571E+00 1.180102E+01
2.233000E+02 2.004963E+00 1.179995E+01
2.242000E+02 2.006346E+00 1.179658E+01
2.251000E+02 2.007718E+00 1.179327E+01
2.260000E+02 2.009081E+00 1.179002E+01
2.269000E+02 2.010433E+00 1.178681E+01
2.278000E+02 2.011777E+00 1.178367E+01
2.287000E+02 2.013110E+00 1.178057E+01
2.296000E+02 2.014434E+00 1.177753E+01
2.305000E+02 2.015749E+00 1.177454E+01
2.314000E+02 2.017054E+00 1.177160E+01
2.323000E+02 2.018350E+00 1.176871E+01
2.332000E+02 2.019637E+00 1.176587E+01
2.341000E+02 2.020915E+00 1.176308E+01
2.350000E+02 2.022184E+00 1.176034E+01
2.359000E+02 2.023444E+00 1.175765E+01
2.368000E+02 2.024695E+00 1.175501E+01
2.377000E+02 2.025937E+00 1.175241E+01
2.386000E+02 2.027171E+00 1.174986E+01
2.395000E+02 2.028396E+00 1.174510E+01
2.404000E+02 2.029613E+00 1.174265E+01
2.413000E+02 2.030821E+00 1.174025E+01
2.422000E+02 2.032021E+00 1.173789E+01
2.431000E+02 2.033212E+00 1.173333E+01
2.440000E+02 2.034395E+00 1.173107E+01
2.449000E+02 2.035570E+00 1.172885E+01
2.458000E+02 2.036737E+00 1.172667E+01
2.467000E+02 2.037896E+00 1.172231E+01
2.476000E+02 2.039047E+00 1.172022E+01
2.485000E+02 2.040190E+00 1.171818E+01
2.494000E+02 2.041326E+00 1.171396E+01
2.503000E+02 2.042453E+00 1.171200E+01
2.512000E+02 2.043573E+00 1.170788E+01
2.521000E+02 2.044685E+00 1.170601E+01
2.530000E+02 2.045790E+00 1.170198E+01
2.539000E+02 2.046887E+00 1.170019E+01
2.548000E+02 2.047977E+00 1.169626E+01
2.557000E+02 2.049060E+00 1.169455E+01
2.566000E+02 2.050135E+00 1.169071E+01
2.575000E+02 2.051203E+00 1.168908E+01
2.584000E+02 2.052263E+00 1.168533E+01
2.593000E+02 2.053317E+00 1.168378E+01
2.602000E+02 2.054363E+00 1.168011E+01
2.611000E+02 2.055403E+00 1.167864E+01
2.620000E+02 2.056436E+00 1.167505E+01
2.629000E+02 2.057461E+00 1.167151E+01
2.638000E+02 2.058480E+00 1.167016E+01
2.647000E+02 2.059492E+00 1.166670E+01
2.656000E+02 2.060498E+00 1.166328E+01
2.665000E+02 2.061496E+00 1.165991E+01
2.674000E+02 2.062488E+00 1.165871E+01
2.683000E+02 2.063474E+00 1.165541E+01
2.692000E+02 2.064453E+00 1.165216E+01
2.701000E+02 2.065425E+00 1.164895E+01
2.710000E+02 2.066392E+00 1.164789E+01
2.719000E+02 2.067351E+00 1.164476E+01
2.728000E+02 2.068305E+00 1.164166E+01
2.737000E+02 2.069252E+00 1.163860E+01
2.746000E+02 2.070193E+00 1.163559E+01
2.755000E+02 2.071128E+00 1.163261E+01
2.764000E+02 2.072057E+00 1.163176E+01
2.773000E+02 2.072980E+00 1.162886E+01
2.782000E+02 2.073896E+00 1.162599E+01
2.791000E+02 2.074807E+00 1.162316E+01
2.800000E+02 2.075712E+00 1.162036E+01
2.809000E+02 2.076611E+00 1.161761E+01
2.818000E+02 2.077504E+00 1.161489E+01
2.827000E+02 2.078392E+00 1.161220E+01
2.836000E+02 2.079273E+00 1.160956E+01
2.845000E+02 2.080149E+00 1.160694E+01
2.854000E+02 2.081020E+00 1.160437E+01
2.863000E+02 2.081884E+00 1.160182E+01
2.872000E+02 2.082744E+00 1.159932E+01
2.881000E+02 2.083597E+00 1.159684E+01
2.890000E+02 2.084445E+00 1.159440E+01
2.899000E+02 2.085288E+00 1.158995E+01
2.908000E+02 2.086126E+00 1.158759E+01
2.917000E+02 2.086958E+00 1.158525E+01
2.926000E+02 2.087784E+00 1.158295E+01
2.935000E+02 2.088606E+00 1.158068E+01
2.944000E+02 2.089422E+00 1.157844E+01
2.953000E+02 2.090233E+00 1.157421E+01
2.962000E+02 2.091039E+00 1.157204E+01
2.971000E+02 2.091840E+00 1.156991E+01
2.980000E+02 2.092636E+00 1.156780E+01
2.989000E+02 2.093426E+00 1.156573E+01
2.998000E+02 2.094212E+00 1.156167E+01
3.007000E+02 2.094993E+00 1.155966E+01
3.016000E+02 2.095769E+00 1.155768E+01
3.025000E+02 2.096540E+00 1.155373E+01
3.034000E+02 2.097306E+00 1.155181E+01
3.043000E+02 2.098067E+00 1.154993E+01
3.052000E+02 2.098824E+00 1.154608E+01
3.061000E+02 2.099575E+00 1.154425E+01
3.070000E+02 2.100322E+00 1.154246E+01
3.079000E+02 2.101065E+00 1.153870E+01
3.088000E+02 2.101803E+00 1.153697E+01
3.097000E+02 2.102536E+00 1.153328E+01
3.106000E+02 2.103264E+00 1.153161E+01
3.115000E+02 2.103988E+00 1.152799E+01
3.124000E+02 2.104708E+00 1.152637E+01
3.133000E+02 2.105423E+00 1.152478E+01
3.142000E+02 2.106134E+00 1.152125E+01
3.151000E+02 2.106840E+00 1.151972E+01
3.160000E+02 2.107542E+00 1.151626E+01
3.169000E+02 2.108239E+00 1.151478E+01
3.178000E+02 2.108932E+00 1.151138E+01
3.187000E+02 2.109621E+00 1.150800E+01
3.196000E+02 2.110306E+00 1.150661E+01
3.205000E+02 2.110986E+00 1.150330E+01
3.214000E+02 2.111663E+00 1.150196E+01
3.223000E+02 2.112335E+00 1.149871E+01
3.232000E+02 2.113003E+00 1.149743E+01
3.241000E+02 2.113667E+00 1.149423E+01
3.250000E+02 2.114326E+00 1.149107E+01
3.259000E+02 2.114982E+00 1.148986E+01
3.268000E+02 2.115634E+00 1.148676E+01
3.277000E+02 2.116281E+00 1.148368E+01
3.286000E+02 2.116925E+00 1.148256E+01
3.295000E+02 2.117565E+00 1.147953E+01
3.304000E+02 2.118201E+00 1.147654E+01
3.313000E+02 2.118833E+00 1.147358E+01
3.322000E+02 2.119461E+00 1.147256E+01
3.331000E+02 2.120086E+00 1.146965E+01
3.340000E+02 2.120706E+00 1.146677E+01
3.349000E+02 2.121323E+00 1.146391E+01
3.358000E+02 2.121936E+00 1.146299E+01
3.367000E+02 2.122545E+00 1.146019E+01
3.376000E+02 2.123151E+00 1.145742E+01
3.385000E+02 2.123753E+00 1.145467E+01
3.394000E+02 2.124351E+00 1.145195E+01
3.403000E+02 2.124946E+00 1.145115E+01
3.412000E+02 2.125537E+00 1.144848E+01
3.421000E+02 2.126124E+00 1.144584E+01
3.430000E+02 2.126708E+00 1.144323E+01
3.439000E+02 2.127289E+00 1.144064E+01
3.448000E+02 2.127866E+00 1.143808E+01
3.457000E+02 2.128439E+00 1.143554E+01
3.466000E+02 2.129009E+00 1.143303E+01
3.475000E+02 2.129576E+00 1.143055E+01
3.484000E+02 2.130139E+00 1.142809E+01
3.493000E+02 2.130699E+00 1.142752E+01
3.502000E+02 2.131255E+00 1.142510E+01
3.511000E+02 2.131808E+00 1.142272E+01
3.520000E+02 2.132358E+00 1.142035E+01
3.529000E+02 2.132904E+00 1.141802E+01
3.538000E+02 2.133448E+00 1.141570E+01
3.547000E+02 2.133988E+00 1.141341E+01
3.556000E+02 2.134524E+00 1.141114E+01
3.565000E+02 2.135058E+00 1.140706E+01
3.574000E+02 2.135588E+00 1.140484E+01
3.583000E+02 2.136115E+00 1.140265E+01
3.592000E+02 2.136639E+00 1.140048E+01
3.601000E+02 2.137160E+00 1.139833E+01
3.610000E+02 2.137678E+00 1.139621E+01
3.619000E+02 2.138193E+00 1.139411E+01
3.628000E+02 2.138704E+00 1.139203E+01
3.637000E+02 2.139213E+00 1.138997E+01
3.646000E+02 2.139718E+00 1.138794E+01
3.655000E+02 2.140221E+00 1.138411E+01
3.664000E+02 2.140721E+00 1.138212E+01
3.673000E+02 2.141217E+00 1.138016E+01
3.682000E+02 2.141711E+00 1.137821E+01
3.691000E+02 2.142201E+00 1.137629E+01
3.700000E+02 2.142689E+00 1.137440E+01
3.709000E+02 2.143174E+00 1.137071E+01
3.718000E+02 2.143656E+00 1.136885E+01
3.727000E+02 2.144135E+00 1.136702E+01
3.736000E+02 2.144612E+00 1.136521E+01
3.745000E+02 2.145085E+00 1.136161E+01
3.754000E+02 2.145556E+00 1.135985E+01
3.763000E+02 2.146024E+00 1.135810E+01
3.772000E+02 2.146489E+00 1.135637E+01
3.781000E+02 2.146952E+00 1.135287E+01
3.790000E+02 2.147411E+00 1.135119E+01
3.799000E+02 2.147868E+00 1.134953E+01
3.808000E+02 2.148323E+00 1.134609E+01
3.817000E+02 2.148774E+00 1.134447E+01
3.826000E+02 2.149223E+00 1.134287E+01
3.835000E+02 2.149670E+00 1.133950E+01
3.844000E+02 2.150113E+00 1.133794E+01
3.853000E+02 2.150554E+00 1.133640E+01
3.862000E+02 2.150993E+00 1.133310E+01
3.871000E+02 2.151429E+00 1.133160E+01
3.880000E+02 2.151862E+00 1.132835E+01
3.889000E+02 2.152293E+00 1.132689E+01
3.898000E+02 2.152721E+00 1.132545E+01
3.907000E+02 2.153147E+00 1.132226E+01
3.916000E+02 2.153570E+00 1.132085E+01
3.925000E+02 2.153991E+00 1.131771E+01
3.934000E+02 2.154409E+00 1.131634E+01
3.943000E+02 2.154825E+00 1.131324E+01
3.952000E+02 2.155238E+00 1.131191E+01
3.961000E+02 2.155649E+00 1.130885E+01
3.970000E+02 2.156058E+00 1.130756E+01
3.979000E+02 2.156464E+00 1.130454E+01
3.988000E+02 2.156868E+00 1.130329E+01
3.997000E+02 2.157269E+00 1.130031E+01
4.006000E+02 2.157668E+00 1.129910E+01
4.015000E+02 2.158065E+00 1.129616E+01
4.024000E+02 2.158459E+00 1.129498E+01
4.033000E+02 2.158851E+00 1.129208E+01
4.042000E+02 2.159241E+00 1.129094E+01
4.051000E+02 2.159629E+00 1.128808E+01
4.060000E+02 2.160014E+00 1.128524E+01
4.069000E+02 2.160397E+00 1.128415E+01
4.078000E+02 2.160778E+00 1.128135E+01
4.087000E+02 2.161156E+00 1.128030E+01
4.096000E+02 2.161532E+00 1.127754E+01
4.105000E+02 2.161907E+00 1.127479E+01
4.114000E+02 2.162278E+00 1.127380E+01
4.123000E+02 2.162648E+00 1.127109E+01
4.132000E+02 2.163016E+00 1.126841E+01
4.141000E+02 2.163381E+00 1.126746E+01
4.150000E+02 2.163744E+00 1.126481E+01
4.159000E+02 2.164106E+00 1.126218E+01
4.168000E+02 2.164465E+00 1.126129E+01
4.177000E+02 2.164821E+00 1.125870E+01
4.186000E+02 2.165176E+00 1.125612E+01
4.195000E+02 2.165529E+00 1.125528E+01
4.204000E+02 2.165880E+00 1.125274E+01
4.213000E+02 2.166228E+00 1.125022E+01
4.222000E+02 2.166575E+00 1.124772E+01
4.231000E+02 2.166920E+00 1.124695E+01
4.240000E+02 2.167262E+00 1.124448E+01
4.249000E+02 2.167603E+00 1.124204E+01
4.258000E+02 2.167941E+00 1.123961E+01
4.267000E+02 2.168278E+00 1.123890E+01
4.276000E+02 2.168613E+00 1.123650E+01
4.285000E+02 2.168945E+00 1.123413E+01
4.294000E+02 2.169276E+00 1.123177E+01
4.303000E+02 2.169605E+00 1.122943E+01
4.312000E+02 2.169932E+00 1.122879E+01
4.321000E+02 2.170257E+00 1.122649E+01
4.330000E+02 2.170580E+00 1.122420E+01
4.339000E+02 2.170901E+00 1.122193E+01
4.348000E+02 2.171220E+00 1.121967E+01
4.357000E+02 2.171538E+00 1.121744E+01
4.366000E+02 2.171853E+00 1.121521E+01
4.375000E+02 2.172167E+00 1.121469E+01
4.384000E+02 2.172479E+00 1.121250E+01
4.393000E+02 2.172789E+00 1.121033E+01
4.402000E+02 2.173097E+00 1.120818E+01
4.411000E+02 2.173404E+00 1.120604E+01
4.420000E+02 2.173708E+00 1.120392E+01
4.429000E+02 2.174011E+00 1.120181E+01
4.438000E+02 2.174312E+00 1.119973E+01
4.447000E+02 2.174611E+00 1.119766E+01
4.456000E+02 2.174909E+00 1.119560E+01
4.465000E+02 2.175205E+00 1.119356E+01
4.474000E+02 2.175499E+00 1.119154E+01
4.483000E+02 2.175791E+00 1.118953E+01
4.492000E+02 2.176082E+00 1.118754E+01
4.501000E+02 2.176371E+00 1.118556E+01
4.510000E+02 2.176658E+00 1.118360E+01
4.519000E+02 2.176944E+00 1.118166E+01
4.528000E+02 2.177228E+00 1.117973E+01
4.537000E+02 2.177510E+00 1.117782E+01
4.546000E+02 2.177790E+00 1.117592E+01
4.555000E+02 2.178069E+00 1.117404E+01
4.564000E+02 2.178346E+00 1.117217E+01
4.573000E+02 2.178622E+00 1.117032E+01
4.582000E+02 2.178896E+00 1.116849E+01
4.591000E+02 2.179168E+00 1.116666E+01
4.600000E+02 2.179439E+00 1.116486E+01
4.609000E+02 2.179708E+00 1.116307E+01
4.618000E+02 2.179976E+00 1.116129E+01
4.627000E+02 2.180242E+00 1.115953E+01
4.636000E+02 2.180506E+00 1.115778E+01
4.645000E+02 2.180769E+00 1.115442E+01
4.654000E+02 2.181031E+00 1.115270E+01
4.663000E+02 2.181290E+00 1.115100E+01
4.672000E+02 2.181549E+00 1.114931E+01
4.681000E+02 2.181805E+00 1.114764E+01
4.690000E+02 2.182061E+00 1.114598E+01
4.699000E+02 2.182314E+00 1.114433E+01
4.708000E+02 2.182566E+00 1.114108E+01
4.717000E+02 2.182817E+00 1.113946E+01
4.726000E+02 2.183066E+00 1.113786E+01
4.735000E+02 2.183314E+00 1.113628E+01
4.744000E+02 2.183560E+00 1.113470E+01
4.753000E+02 2.183805E+00 1.113153E+01
4.762000E+02 2.184049E+00 1.112998E+01
4.771000E+02 2.184290E+00 1.112845E+01
4.780000E+02 2.184531E+00 1.112694E+01
4.789000E+02 2.184770E+00 1.112543E+01
4.798000E+02 2.185007E+00 1.112233E+01
4.807000E+02 2.185244E+00 1.112086E+01
4.816000E+02 2.185478E+00 1.111939E+01
4.825000E+02 2.185712E+00 1.111795E+01
4.834000E+02 2.185944E+00 1.111490E+01
4.843000E+02 2.186174E+00 1.111348E+01
4.852000E+02 2.186404E+00 1.111208E+01
4.861000E+02 2.186631E+00 1.111068E+01
4.870000E+02 2.186858E+00 1.110770E+01
4.879000E+02 2.187083E+00 1.110633E+01
4.888000E+02 2.187307E+00 1.110498E+01
4.897000E+02 2.187529E+00 1.110204E+01
4.906000E+02 2.187750E+00 1.110071E+01
4.915000E+02 2.187970E+00 1.109940E+01
4.924000E+02 2.188189E+00 1.109650E+01
4.933000E+02 2.188406E+00 1.109521E+01
4.942000E+02 2.188622E+00 1.109394E+01
4.951000E+02 2.188836E+00 1.109108E+01
4.960000E+02 2.189049E+00 1.108983E+01
4.969000E+02 2.189261E+00 1.108860E+01
4.978000E+02 2.189472E+00 1.108578E+01
4.987000E+02 2.189681E+00 1.108457E+01
4.996000E+02 2.189889E+00 1.108179E+01
5.005000E+02 2.190096E+00 1.108060E+01
5.014000E+02 2.190302E+00 1.107943E+01
5.023000E+02 2.190506E+00 1.107669E+01
5.032000E+02 2.190709E+00 1.107554E+01
5.041000E+02 2.190911E+00 1.107282E+01
5.050000E+02 2.191112E+00 1.107170E+01
5.059000E+02 2.191311E+00 1.107059E+01
5.068000E+02 2.191510E+00 1.106791E+01
5.077000E+02 2.191707E+00 1.106682E+01
5.086000E+02 2.191902E+00 1.106418E+01
5.095000E+02 2.192097E+00 1.106311E+01
5.104000E+02 2.192291E+00 1.106049E+01
5.113000E+02 2.192483E+00 1.105945E+01
5.122000E+02 2.192674E+00 1.105686E+01
5.131000E+02 2.192864E+00 1.105584E+01
5.140000E+02 2.193052E+00 1.105328E+01
5.149000E+02 2.193240E+00 1.105228E+01
5.158000E+02 2.193426E+00 1.104974E+01
5.167000E+02 2.193612E+00 1.104877E+01
5.176000E+02 2.193796E+00 1.104626E+01
5.185000E+02 2.193979E+00 1.104531E+01
5.194000E+02 2.194161E+00 1.104282E+01
5.203000E+02 2.194341E+00 1.104190E+01
5.212000E+02 2.194521E+00 1.103944E+01
5.221000E+02 2.194699E+00 1.103854E+01
5.230000E+02 2.194877E+00 1.103610E+01
5.239000E+02 2.195053E+00 1.103522E+01
5.248000E+02 2.195228E+00 1.103281E+01
5.257000E+02 2.195402E+00 1.103040E+01
5.266000E+02 2.195575E+00 1.102956E+01
5.275000E+02 2.195747E+00 1.102718E+01
5.284000E+02 2.195918E+00 1.102636E+01
5.293000E+02 2.196088E+00 1.102401E+01
5.302000E+02 2.196257E+00 1.102167E+01
5.311000E+02 2.196424E+00 1.102088E+01
5.320000E+02 2.196591E+00 1.101857E+01
5.329000E+02 2.196757E+00 1.101780E+01
5.338000E+02 2.196921E+00 1.101551E+01
5.347000E+02 2.197085E+00 1.101323E+01
5.356000E+02 2.197247E+00 1.101250E+01
5.365000E+02 2.197409E+00 1.101024E+01
5.374000E+02 2.197569E+00 1.100800E+01
5.383000E+02 2.197728E+00 1.100730E+01
5.392000E+02 2.197887E+00 1.100508E+01
5.401000E+02 2.198044E+00 1.100287E+01
5.410000E+02 2.198200E+00 1.100220E+01
5.419000E+02 2.198356E+00 1.100001E+01
5.428000E+02 2.198510E+00 1.099784E+01
5.437000E+02 2.198664E+00 1.099720E+01
5.446000E+02 2.198816E+00 1.099505E+01
5.455000E+02 2.198967E+00 1.099291E+01
5.464000E+02 2.199118E+00 1.099231E+01
5.473000E+02 2.199267E+00 1.099019E+01
5.482000E+02 2.199416E+00 1.098808E+01
5.491000E+02 2.199563E+00 1.098599E+01
5.500000E+02 2.199710E+00 1.098543E+01
5.509000E+02 2.199856E+00 1.098336E+01
5.518000E+02 2.200000E+00 1.098130E+01
5.527000E+02 2.200144E+00 1.097925E+01
5.536000E+02 2.200287E+00 1.097872E+01
5.545000E+02 2.200429E+00 1.097670E+01
5.554000E+02 2.200570E+00 1.097468E+01
5.563000E+02 2.200710E+00 1.097268E+01
5.572000E+02 2.200849E+00 1.097219E+01
5.581000E+02 2.200987E+00 1.097021E+01
5.590000E+02 2.201125E+00 1.096824E+01
5.599000E+02 2.201261E+00 1.096628E+01
5.608000E+02 2.201397E+00 1.096433E+01
5.617000E+02 2.201531E+00 1.096389E+01
5.626000E+02 2.201665E+00 1.096197E+01
5.635000E+02 2.201798E+00 1.096005E+01
5.644000E+02 2.201930E+00 1.095814E+01
5.653000E+02 2.202061E+00 1.095624E+01
5.662000E+02 2.202191E+00 1.095586E+01
5.671000E+02 2.202321E+00 1.095398E+01
5.680000E+02 2.202449E+00 1.095212E+01
5.689000E+02 2.202577E+00 1.095026E+01
5.698000E+02 2.202703E+00 1.094842E+01
5.707000E+02 2.202829E+00 1.094659E+01
5.716000E+02 2.202954E+00 1.094476E+01
5.725000E+02 2.203079E+00 1.094444E+01
5.734000E+02 2.203202E+00 1.094264E+01
5.743000E+02 2.203325E+00 1.094085E+01
5.752000E+02 2.203446E+00 1.093907E+01
5.761000E+02 2.203567E+00 1.093730E+01
5.770000E+02 2.203687E+00 1.093553E+01
5.779000E+02 2.203807E+00 1.093378E+01
5.788000E+02 2.203925E+00 1.093204E+01
5.797000E+02 2.204043E+00 1.093031E+01
5.806000E+02 2.204159E+00 1.093008E+01
5.815000E+02 2.204275E+00 1.092836E+01
5.824000E+02 2.204391E+00 1.092666E+01
5.833000E+02 2.204505E+00 1.092497E+01
5.842000E+02 2.204619E+00 1.092329E+01
5.851000E+02 2.204731E+00 1.092162E+01
5.860000E+02 2.204843E+00 1.091996E+01
5.869000E+02 2.204955E+00 1.091831E+01
5.878000E+02 2.205065E+00 1.091666E+01
5.887000E+02 2.205175E+00 1.091503E+01
5.896000E+02 2.205284E+00 1.091341E+01
5.905000E+02 2.205392E+00 1.091180E+01
5.914000E+02 2.205499E+00 1.091019E+01
5.923000E+02 2.205606E+00 1.090860E+01
5.932000E+02 2.205712E+00 1.090702E+01
5.941000E+02 2.205817E+00 1.090544E+01
5.950000E+02 2.205921E+00 1.090388E+01
5.959000E+02 2.206025E+00 1.090232E+01
5.968000E+02 2.206128E+00 1.090078E+01
5.977000E+02 2.206230E+00 1.089924E+01
5.986000E+02 2.206331E+00 1.089772E+01
5.995000E+02 2.206432E+00 1.089620E+01
6.004000E+02 2.206532E+00 1.089469E+01
6.013000E+02 2.206631E+00 1.089319E+01
6.022000E+02 2.206730E+00 1.089170E+01
6.031000E+02 2.206827E+00 1.089022E+01
6.040000E+02 2.206924E+00 1.088875E+01
6.049000E+02 2.207021E+00 1.088729E+01
6.058000E+02 2.207116E+00 1.088584E+01
6.067000E+02 2.207211E+00 1.088439E+01
6.076000E+02 2.207306E+00 1.088296E+01
6.085000E+02 2.207399E+00 1.088008E+01
6.094000E+02 2.207492E+00 1.087866E+01
6.103000E+02 2.207584E+00 1.087725E+01
6.112000E+02 2.207675E+00 1.087586E+01
6.121000E+02 2.207766E+00 1.087447E+01
6.130000E+02 2.207856E+00 1.087309E+01
6.139000E+02 2.207946E+00 1.087172E+01
6.148000E+02 2.208034E+00 1.087035E+01
6.157000E+02 2.208122E+00 1.086900E+01
6.166000E+02 2.208210E+00 1.086765E+01
6.175000E+02 2.208297E+00 1.086487E+01
6.184000E+02 2.208383E+00 1.086354E+01
6.193000E+02 2.208468E+00 1.086223E+01
6.202000E+02 2.208553E+00 1.086092E+01
6.211000E+02 2.208637E+00 1.085962E+01
6.220000E+02 2.208720E+00 1.085832E+01
6.229000E+02 2.208803E+00 1.085704E+01
6.238000E+02 2.208885E+00 1.085432E+01
6.247000E+02 2.208967E+00 1.085306E+01
6.256000E+02 2.209047E+00 1.085180E+01
6.265000E+02 2.209128E+00 1.085055E+01
6.274000E+02 2.209207E+00 1.084931E+01
6.283000E+02 2.209286E+00 1.084808E+01
6.292000E+02 2.209364E+00 1.084541E+01
6.301000E+02 2.209442E+00 1.084420E+01
6.310000E+02 2.209519E+00 1.084299E+01
6.319000E+02 2.209596E+00 1.084179E+01
6.328000E+02 2.209671E+00 1.084060E+01
6.337000E+02 2.209747E+00 1.083799E+01
6.346000E+02 2.209821E+00 1.083681E+01
6.355000E+02 2.209895E+00 1.083565E+01
6.364000E+02 2.209968E+00 1.083449E+01
6.373000E+02 2.210041E+00 1.083191E+01
6.382000E+02 2.210113E+00 1.083077E+01
6.391000E+02 2.210185E+00 1.082964E+01
6.400000E+02 2.210256E+00 1.082852E+01
6.409000E+02 2.210326E+00 1.082597E+01
6.418000E+02 2.210396E+00 1.082487E+01
6.427000E+02 2.210465E+00 1.082377E+01
6.436000E+02 2.210534E+00 1.082267E+01
6.445000E+02 2.210602E+00 1.082017E+01
6.454000E+02 2.210669E+00 1.081909E+01
6.463000E+02 2.210736E+00 1.081802E+01
6.472000E+02 2.210802E+00 1.081696E+01
6.481000E+02 2.210868E+00 1.081449E+01
6.490000E+02 2.210933E+00 1.081345E+01
6.499000E+02 2.210998E+00 1.081241E+01
6.508000E+02 2.211062E+00 1.080997E+01
6.517000E+02 2.211125E+00 1.080895E+01
6.526000E+02 2.211188E+00 1.080793E+01
6.535000E+02 2.211251E+00 1.080693E+01
6.544000E+02 2.211312E+00 1.080452E+01
6.553000E+02 2.211374E+00 1.080353E+01
6.562000E+02 2.211434E+00 1.080255E+01
6.571000E+02 2.211494E+00 1.080016E+01
6.580000E+02 2.211554E+00 1.079919E+01
6.589000E+02 2.211613E+00 1.079823E+01
6.598000E+02 2.211671E+00 1.079587E+01
6.607000E+02 2.211729E+00 1.079493E+01
6.616000E+02 2.211787E+00 1.079399E+01
6.625000E+02 2.211844E+00 1.079166E+01
6.634000E+02 2.211900E+00 1.079074E+01
6.643000E+02 2.211956E+00 1.078842E+01
6.652000E+02 2.212011E+00 1.078751E+01
6.661000E+02 2.212066E+00 1.078661E+01
6.670000E+02 2.212120E+00 1.078432E+01
6.679000E+02 2.212174E+00 1.078344E+01
6.688000E+02 2.212227E+00 1.078256E+01
6.697000E+02 2.212280E+00 1.078029E+01
6.706000E+02 2.212332E+00 1.077943E+01
6.715000E+02 2.212384E+00 1.077717E+01
6.724000E+02 2.212435E+00 1.077633E+01
6.733000E+02 2.212486E+00 1.077549E+01
6.742000E+02 2.212536E+00 1.077326E+01
6.751000E+02 2.212585E+00 1.077243E+01
6.760000E+02 2.212635E+00 1.077022E+01
6.769000E+02 2.212683E+00 1.076941E+01
6.778000E+02 2.212731E+00 1.076861E+01
6.787000E+02 2.212779E+00 1.076642E+01
6.796000E+02 2.212826E+00 1.076563E+01
6.805000E+02 2.212873E+00 1.076345E+01
6.814000E+02 2.212919E+00 1.076268E+01
6.823000E+02 2.212965E+00 1.076052E+01
6.832000E+02 2.213010E+00 1.075976E+01
6.841000E+02 2.213055E+00 1.075762E+01
6.850000E+02 2.213099E+00 1.075687E+01
6.859000E+02 2.213143E+00 1.075474E+01
6.868000E+02 2.213186E+00 1.075401E+01
6.877000E+02 2.213229E+00 1.075329E+01
6.886000E+02 2.213272E+00 1.075118E+01
6.895000E+02 2.213314E+00 1.075047E+01
6.904000E+02 2.213355E+00 1.074838E+01
6.913000E+02 2.213396E+00 1.074769E+01
6.922000E+02 2.213437E+00 1.074561E+01
6.931000E+02 2.213477E+00 1.074493E+01
6.940000E+02 2.213516E+00 1.074287E+01
6.949000E+02 2.213555E+00 1.074220E+01
6.958000E+02 2.213594E+00 1.074015E+01
6.967000E+02 2.213632E+00 1.073950E+01
6.976000E+02 2.213670E+00 1.073747E+01
6.985000E+02 2.213708E+00 1.073683E+01
6.994000E+02 2.213744E+00 1.073481E+01
7.003000E+02 2.213781E+00 1.073418E+01
7.012000E+02 2.213817E+00 1.073218E+01
7.021000E+02 2.213852E+00 1.073019E+01
7.030000E+02 2.213888E+00 1.072958E+01
7.039000E+02 2.213922E+00 1.072760E+01
7.048000E+02 2.213957E+00 1.072701E+01
7.057000E+02 2.213990E+00 1.072505E+01
7.066000E+02 2.214024E+00 1.072446E+01
7.075000E+02 2.214057E+00 1.072251E+01
7.084000E+02 2.214089E+00 1.072195E+01
7.093000E+02 2.214121E+00 1.072001E+01
7.102000E+02 2.214153E+00 1.071808E+01
7.111000E+02 2.214184E+00 1.071753E+01
7.120000E+02 2.214215E+00 1.071562E+01
7.129000E+02 2.214246E+00 1.071509E+01
7.138000E+02 2.214276E+00 1.071319E+01
7.147000E+02 2.214305E+00 1.071266E+01
7.156000E+02 2.214335E+00 1.071078E+01
7.165000E+02 2.214363E+00 1.070890E+01
7.174000E+02 2.214392E+00 1.070840E+01
7.183000E+02 2.214420E+00 1.070653E+01
7.192000E+02 2.214447E+00 1.070604E+01
7.201000E+02 2.214474E+00 1.070419E+01
7.210000E+02 2.214501E+00 1.070235E+01
7.219000E+02 2.214527E+00 1.070188E+01
7.228000E+02 2.214553E+00 1.070005E+01
7.237000E+02 2.214579E+00 1.069823E+01
7.246000E+02 2.214604E+00 1.069777E+01
7.255000E+02 2.214629E+00 1.069596E+01
7.264000E+02 2.214653E+00 1.069416E+01
7.273000E+02 2.214677E+00 1.069373E+01
7.282000E+02 2.214701E+00 1.069194E+01
7.291000E+02 2.214724E+00 1.069152E+01
7.300000E+02 2.214747E+00 1.068974E+01
7.309000E+02 2.214769E+00 1.068798E+01
7.318000E+02 2.214791E+00 1.068757E+01
7.327000E+02 2.214813E+00 1.068582E+01
7.336000E+02 2.214834E+00 1.068407E+01
7.345000E+02 2.214855E+00 1.068368E+01
7.354000E+02 2.214876E+00 1.068195E+01
7.363000E+02 2.214896E+00 1.068022E+01
7.372000E+02 2.214916E+00 1.067985E+01
7.381000E+02 2.214935E+00 1.067814E+01
7.390000E+02 2.214954E+00 1.067643E+01
7.399000E+02 2.214973E+00 1.067473E+01
7.408000E+02 2.214991E+00 1.067439E+01
7.417000E+02 2.215009E+00 1.067270E+01
7.426000E+02 2.215026E+00 1.067102E+01
7.435000E+02 2.215044E+00 1.067069E+01
7.444000E+02 2.215060E+00 1.066902E+01
7.453000E+02 2.215077E+00 1.066736E+01
7.462000E+02 2.215093E+00 1.066571E+01
7.471000E+02 2.215109E+00 1.066541E+01
7.480000E+02 2.215124E+00 1.066376E+01
7.489000E+02 2.215139E+00 1.066213E+01
7.498000E+02 2.215154E+00 1.066184E+01
7.507000E+02 2.215168E+00 1.066022E+01
7.516000E+02 2.215182E+00 1.065860E+01
7.525000E+02 2.215196E+00 1.065699E+01
7.534000E+02 2.215209E+00 1.065673E+01
7.543000E+02 2.215222E+00 1.065513E+01
7.552000E+02 2.215235E+00 1.065354E+01
7.561000E+02 2.215247E+00 1.065195E+01
7.570000E+02 2.215259E+00 1.065172E+01
7.579000E+02 2.215271E+00 1.065014E+01
7.588000E+02 2.215282E+00 1.064858E+01
7.597000E+02 2.215293E+00 1.064702E+01
7.606000E+02 2.215303E+00 1.064546E+01
7.615000E+02 2.215314E+00 1.064525E+01
7.624000E+02 2.215324E+00 1.064371E+01
7.633000E+02 2.215333E+00 1.064217E+01
7.642000E+02 2.215343E+00 1.064064E+01
7.651000E+02 2.215351E+00 1.063912E+01
7.660000E+02 2.215360E+00 1.063894E+01
7.669000E+02 2.215368E+00 1.063743E+01
7.678000E+02 2.215376E+00 1.063592E+01
7.687000E+02 2.215384E+00 1.063442E+01
7.696000E+02 2.215391E+00 1.063293E+01
7.705000E+02 2.215398E+00 1.063278E+01
7.714000E+02 2.215405E+00 1.063129E+01
7.723000E+02 2.215411E+00 1.062982E+01
7.732000E+02 2.215417E+00 1.062835E+01
7.741000E+02 2.215423E+00 1.062689E+01
7.750000E+02 2.215428E+00 1.062543E+01
7.759000E+02 2.215433E+00 1.062531E+01
7.768000E+02 2.215438E+00 1.062386E+01
7.777000E+02 2.215443E+00 1.062243E+01
7.786000E+02 2.215447E+00 1.062099E+01
7.795000E+02 2.215451E+00 1.061957E+01
7.804000E+02 2.215454E+00 1.061814E+01
7.813000E+02 2.215458E+00 1.061805E+01
7.822000E+02 2.215460E+00 1.061664E+01
7.831000E+02 2.215463E+00 1.061524E+01
7.840000E+02 2.215465E+00 1.061384E+01
7.849000E+02 2.215467E+00 1.061245E+01
7.858000E+02 2.215469E+00 1.061106E+01
7.867000E+02 2.215471E+00 1.060968E+01
7.876000E+02 2.215472E+00 1.060831E+01
7.885000E+02 2.215473E+00 1.060826E+01
7.894000E+02 2.215473E+00 1.060690E+01
7.903000E+02 2.215473E+00 1.060554E+01
7.912000E+02 2.215473E+00 1.060419E+01
7.921000E+02 2.215473E+00 1.060284E+01
7.930000E+02 2.215472E+00 1.060150E+01
7.939000E+02 2.215472E+00 1.060017E+01
7.948000E+02 2.215470E+00 1.059884E+01
7.957000E+02 2.215469E+00 1.059752E+01
7.966000E+02 2.215467E+00 1.059620E+01
7.975000E+02 2.215465E+00 1.059620E+01
7.984000E+02 2.215463E+00 1.059489E+01
7.993000E+02 2.215460E+00 1.059359E+01
8.002000E+02 2.215457E+00 1.059230E+01
8.011000E+02 2.215454E+00 1.059101E+01
8.020000E+02 2.215451E+00 1.058972E+01
8.029000E+02 2.215447E+00 1.058844E+01
8.038000E+02 2.215443E+00 1.058717E+01
8.047000E+02 2.215439E+00 1.058590E+01
8.056000E+02 2.215434E+00 1.058464E+01
8.065000E+02 2.215429E+00 1.058338E+01
8.074000E+02 2.215424E+00 1.058213E+01
8.083000E+02 2.215419E+00 1.058089E+01
8.092000E+02 2.215413E+00 1.057965E+01
8.101000E+02 2.215407E+00 1.057841E+01
8.110000E+02 2.215401E+00 1.057718E+01
8.119000E+02 2.215395E+00 1.057596E+01
8.128000E+02 2.215388E+00 1.057474E+01
8.137000E+02 2.215381E+00 1.057353E+01
8.146000E+02 2.215374E+00 1.057232E+01
8.155000E+02 2.215366E+00 1.057242E+01
8.164000E+02 2.215359E+00 1.057122E+01
8.173000E+02 2.215351E+00 1.057003E+01
8.182000E+02 2.215342E+00 1.056884E+01
8.191000E+02 2.215334E+00 1.056766E+01
8.200000E+02 2.215325E+00 1.056649E+01
8.209000E+02 2.215316E+00 1.056532E+01
8.218000E+02 2.215307E+00 1.056415E+01
8.227000E+02 2.215297E+00 1.056299E+01
8.236000E+02 2.215287E+00 1.056184E+01
8.245000E+02 2.215277E+00 1.056069E+01
8.254000E+02 2.215267E+00 1.055954E+01
8.263000E+02 2.215256E+00 1.055710E+01
8.272000E+02 2.215246E+00 1.055597E+01
8.281000E+02 2.215235E+00 1.055484E+01
8.290000E+02 2.215223E+00 1.055372E+01
8.299000E+02 2.215212E+00 1.055260E+01
8.308000E+02 2.215200E+00 1.055149E+01
8.317000E+02 2.215188E+00 1.055038E+01
8.326000E+02 2.215176E+00 1.054928E+01
8.335000E+02 2.215163E+00 1.054818E+01
8.344000E+02 2.215150E+00 1.054708E+01
8.353000E+02 2.215137E+00 1.054600E+01
8.362000E+02 2.215124E+00 1.054491E+01
8.371000E+02 2.215111E+00 1.054384E+01
8.380000E+02 2.215097E+00 1.054276E+01
8.389000E+02 2.215083E+00 1.054170E+01
8.398000E+02 2.215069E+00 1.054063E+01
8.407000E+02 2.215054E+00 1.053958E+01
8.416000E+02 2.215040E+00 1.053852E+01
8.425000E+02 2.215025E+00 1.053748E+01
8.434000E+02 2.215010E+00 1.053643E+01
8.443000E+02 2.214995E+00 1.053411E+01
8.452000E+02 2.214979E+00 1.053307E+01
8.461000E+02 2.214963E+00 1.053205E+01
8.470000E+02 2.214947E+00 1.053102E+01
8.479000E+02 2.214931E+00 1.053001E+01
8.488000E+02 2.214914E+00 1.052899E+01
8.497000E+02 2.214898E+00 1.052799E+01
8.506000E+02 2.214881E+00 1.052698E+01
8.515000E+02 2.214864E+00 1.052598E+01
8.524000E+02 2.214846E+00 1.052499E+01
8.533000E+02 2.214829E+00 1.052400E+01
8.542000E+02 2.214811E+00 1.052174E+01
8.551000E+02 2.214793E+00 1.052076E+01
8.560000E+02 2.214775E+00 1.051978E+01
8.569000E+02 2.214756E+00 1.051881E+01
8.578000E+02 2.214737E+00 1.051785E+01
8.587000E+02 2.214719E+00 1.051689E+01
8.596000E+02 2.214699E+00 1.051594E+01
8.605000E+02 2.214680E+00 1.051499E+01
8.614000E+02 2.214661E+00 1.051276E+01
8.623000E+02 2.214641E+00 1.051182E+01
8.632000E+02 2.214621E+00 1.051089E+01
8.641000E+02 2.214601E+00 1.050995E+01
8.650000E+02 2.214580E+00 1.050903E+01
8.659000E+02 2.214560E+00 1.050811E+01
8.668000E+02 2.214539E+00 1.050719E+01
8.677000E+02 2.214518E+00 1.050500E+01
8.686000E+02 2.214497E+00 1.050409E+01
8.695000E+02 2.214475E+00 1.050319E+01
8.704000E+02 2.214454E+00 1.050229E+01
8.713000E+02 2.214432E+00 1.050140E+01
8.722000E+02 2.214410E+00 1.050051E+01
8.731000E+02 2.214387E+00 1.049835E+01
8.740000E+02 2.214365E+00 1.049747E+01
8.749000E+02 2.214342E+00 1.049660E+01
8.758000E+02 2.214319E+00 1.049573E+01
8.767000E+02 2.214296E+00 1.049486E+01
8.776000E+02 2.214273E+00 1.049273E+01
8.785000E+02 2.214250E+00 1.049188E+01
8.794000E+02 2.214226E+00 1.049102E+01
8.803000E+02 2.214202E+00 1.049018E+01
8.812000E+02 2.214178E+00 1.048933E+01
8.821000E+02 2.214154E+00 1.048849E+01
8.830000E+02 2.214130E+00 1.048639E+01
8.839000E+02 2.214105E+00 1.048556E+01
8.848000E+02 2.214080E+00 1.048474E+01
8.857000E+02 2.214055E+00 1.048392E+01
8.866000E+02 2.214030E+00 1.048184E+01
8.875000E+02 2.214005E+00 1.048102E+01
8.884000E+02 2.213979E+00 1.048022E+01
8.893000E+02 2.213953E+00 1.047941E+01
8.902000E+02 2.213927E+00 1.047862E+01
8.911000E+02 2.213901E+00 1.047656E+01
8.920000E+02 2.213875E+00 1.047577E+01
8.929000E+02 2.213848E+00 1.047498E+01
8.938000E+02 2.213822E+00 1.047420E+01
8.947000E+02 2.213795E+00 1.047217E+01
8.956000E+02 2.213768E+00 1.047139E+01
8.965000E+02 2.213740E+00 1.047063E+01
8.974000E+02 2.213713E+00 1.046986E+01
8.983000E+02 2.213685E+00 1.046785E+01
8.992000E+02 2.213657E+00 1.046709E+01
9.001000E+02 2.213629E+00 1.046634E+01
9.010000E+02 2.213601E+00 1.046560E+01
9.019000E+02 2.213573E+00 1.046360E+01
9.028000E+02 2.213544E+00 1.046286E+01
9.037000E+02 2.213516E+00 1.046213E+01
9.046000E+02 2.213487E+00 1.046140E+01
9.055000E+02 2.213458E+00 1.045942E+01
9.064000E+02 2.213429E+00 1.045870E+01
9.073000E+02 2.213399E+00 1.045798E+01
9.082000E+02 2.213370E+00 1.045727E+01
9.091000E+02 2.213340E+00 1.045531E+01
9.100000E+02 2.213310E+00 1.045461E+01
9.109000E+02 2.213280E+00 1.045391E+01
9.118000E+02 2.213250E+00 1.045196E+01
9.127000E+02 2.213219E+00 1.045127E+01
9.136000E+02 2.213188E+00 1.045058E+01
9.145000E+02 2.213158E+00 1.044865E+01
9.154000E+02 2.213127E+00 1.044797E+01
9.163000E+02 2.213096E+00 1.044730E+01
9.172000E+02 2.213064E+00 1.044663E+01
9.181000E+02 2.213033E+00 1.044471E+01
9.190000E+02 2.213001E+00 1.044405E+01
9.199000E+02 2.212969E+00 1.044339E+01
9.208000E+02 2.212938E+00 1.044149E+01
9.217000E+02 2.212905E+00 1.044084E+01
9.226000E+02 2.212873E+00 1.044020E+01
9.235000E+02 2.212841E+00 1.043831E+01
9.244000E+02 2.212808E+00 1.043768E+01
9.253000E+02 2.212775E+00 1.043704E+01
9.262000E+02 2.212742E+00 1.043517E+01
9.271000E+02 2.212709E+00 1.043454E+01
9.280000E+02 2.212676E+00 1.043392E+01
9.289000E+02 2.212643E+00 1.043206E+01
9.298000E+02 2.212609E+00 1.043145E+01
9.307000E+02 2.212575E+00 1.043084E+01
9.316000E+02 2.212541E+00 1.042899E+01
9.325000E+02 2.212507E+00 1.042839E+01
9.334000E+02 2.212473E+00 1.042780E+01
9.343000E+02 2.212439E+00 1.042596E+01
9.352000E+02 2.212404E+00 1.042538E+01
9.361000E+02 2.212370E+00 1.042479E+01
9.370000E+02 2.212335E+00 1.042297E+01
9.379000E+02 2.212300E+00 1.042239E+01
9.388000E+02 2.212265E+00 1.042058E+01
9.397000E+02 2.212230E+00 1.042001E+01
9.406000E+02 2.212194E+00 1.041945E+01
9.415000E+02 2.212159E+00 1.041765E+01
9.424000E+02 2.212123E+00 1.041709E+01
9.433000E+02 2.212087E+00 1.041654E+01
9.442000E+02 2.212051E+00 1.041475E+01
9.451000E+02 2.212015E+00 1.041421E+01
9.460000E+02 2.211978E+00 1.041243E+01
9.469000E+02 2.211942E+00 1.041190E+01
9.478000E+02 2.211905E+00 1.041136E+01
9.487000E+02 2.211869E+00 1.040960E+01
9.496000E+02 2.211832E+00 1.040907E+01
9.505000E+02 2.211795E+00 1.040732E+01
9.514000E+02 2.211757E+00 1.040680E+01
9.523000E+02 2.211720E+00 1.040629E+01
9.532000E+02 2.211683E+00 1.040454E+01
9.541000E+02 2.211645E+00 1.040404E+01
9.550000E+02 2.211607E+00 1.040230E+01
9.559000E+02 2.211569E+00 1.040180E+01
9.568000E+02 2.211531E+00 1.040131E+01
9.577000E+02 2.211493E+00 1.039958E+01
9.586000E+02 2.211455E+00 1.039910E+01
9.595000E+02 2.211416E+00 1.039738E+01
9.604000E+02 2.211378E+00 1.039690E+01
9.613000E+02 2.211339E+00 1.039520E+01
9.622000E+02 2.211300E+00 1.039473E+01
9.631000E+02 2.211261E+00 1.039426E+01
9.640000E+02 2.211222E+00 1.039256E+01
9.649000E+02 2.211182E+00 1.039210E+01
9.658000E+02 2.211143E+00 1.039042E+01
9.667000E+02 2.211103E+00 1.038996E+01
9.676000E+02 2.211064E+00 1.038829E+01
9.685000E+02 2.211024E+00 1.038784E+01
9.694000E+02 2.210984E+00 1.038740E+01
9.703000E+02 2.210944E+00 1.038573E+01
9.712000E+02 2.210903E+00 1.038530E+01
9.721000E+02 2.210863E+00 1.038364E+01
9.730000E+02 2.210823E+00 1.038321E+01
9.739000E+02 2.210782E+00 1.038157E+01
9.748000E+02 2.210741E+00 1.038115E+01
9.757000E+02 2.210700E+00 1.037950E+01
9.766000E+02 2.210659E+00 1.037909E+01
9.775000E+02 2.210618E+00 1.037746E+01
9.784000E+02 2.210577E+00 1.037705E+01
9.793000E+02 2.210535E+00 1.037543E+01
9.802000E+02 2.210494E+00 1.037503E+01
9.811000E+02 2.210452E+00 1.037341E+01
9.820000E+02 2.210410E+00 1.037302E+01
9.829000E+02 2.210368E+00 1.037141E+01
9.838000E+02 2.210326E+00 1.037103E+01
9.847000E+02 2.210284E+00 1.037065E+01
9.856000E+02 2.210242E+00 1.036905E+01
9.865000E+02 2.210199E+00 1.036868E+01
9.874000E+02 2.210157E+00 1.036709E+01
9.883000E+02 2.210114E+00 1.036672E+01
9.892000E+02 2.210071E+00 1.036514E+01
9.901000E+02 2.210028E+00 1.036478E+01
9.910000E+02 2.209985E+00 1.036321E+01
9.919000E+02 2.209942E+00 1.036164E+01
9.928000E+02 2.209899E+00 1.036129E+01
9.937000E+02 2.209855E+00 1.035973E+01
9.946000E+02 2.209812E+00 1.035939E+01
9.955000E+02 2.209768E+00 1.035783E+01
9.964000E+02 2.209725E+00 1.035750E+01
9.973000E+02 2.209681E+00 1.035595E+01
9.982000E+02 2.209637E+00 1.035563E+01
9.991000E+02 2.209592E+00 1.035409E+01
