1.000000E+02 1.464063E+00 1.141515E+01
1.009000E+02 1.468526E+00 1.141295E+01
1.018000E+02 1.472941E+00 1.141093E+01
1.027000E+02 1.477310E+00 1.140910E+01
1.036000E+02 1.481633E+00 1.140745E+01
1.045000E+02 1.485910E+00 1.140597E+01
1.054000E+02 1.490144E+00 1.140103E+01
1.063000E+02 1.494333E+00 1.139991E+01
1.072000E+02 1.498479E+00 1.139535E+01
1.081000E+02 1.502583E+00 1.139456E+01
1.090000E+02 1.506645E+00 1.139036E+01
1.099000E+02 1.510665E+00 1.138989E+01
1.108000E+02 1.514645E+00 1.138604E+01
1.117000E+02 1.518585E+00 1.138587E+01
1.126000E+02 1.522486E+00 1.138234E+01
1.135000E+02 1.526348E+00 1.137899E+01
1.144000E+02 1.530171E+00 1.137579E+01
1.153000E+02 1.533957E+00 1.137620E+01
1.162000E+02 1.537706E+00 1.137330E+01
1.171000E+02 1.541418E+00 1.137056E+01
1.180000E+02 1.545094E+00 1.136796E+01
1.189000E+02 1.548734E+00 1.136551E+01
1.198000E+02 1.552339E+00 1.136320E+01
1.207000E+02 1.555910E+00 1.135769E+01
1.216000E+02 1.559447E+00 1.135566E+01
1.225000E+02 1.562949E+00 1.135378E+01
1.234000E+02 1.566419E+00 1.135202E+01
1.243000E+02 1.569856E+00 1.135038E+01
1.252000E+02 1.573261E+00 1.134560E+01
1.261000E+02 1.576633E+00 1.134423E+01
1.270000E+02 1.579975E+00 1.133973E+01
1.279000E+02 1.583285E+00 1.133860E+01
1.288000E+02 1.586565E+00 1.133437E+01
1.297000E+02 1.589815E+00 1.133348E+01
1.306000E+02 1.593035E+00 1.132951E+01
1.315000E+02 1.596225E+00 1.132884E+01
1.324000E+02 1.599387E+00 1.132512E+01
1.333000E+02 1.602520E+00 1.132152E+01
1.342000E+02 1.605624E+00 1.132119E+01
1.351000E+02 1.608701E+00 1.131783E+01
1.360000E+02 1.611750E+00 1.131458E+01
1.369000E+02 1.614772E+00 1.131145E+01
1.378000E+02 1.617767E+00 1.130844E+01
1.387000E+02 1.620736E+00 1.130555E+01
1.396000E+02 1.623679E+00 1.130276E+01
1.405000E+02 1.626596E+00 1.130008E+01
1.414000E+02 1.629487E+00 1.129751E+01
1.423000E+02 1.632353E+00 1.129504E+01
1.432000E+02 1.635194E+00 1.129268E+01
1.441000E+02 1.638011E+00 1.129041E+01
1.450000E+02 1.640803E+00 1.128825E+01
1.459000E+02 1.643572E+00 1.128618E+01
1.468000E+02 1.646317E+00 1.128421E+01
1.477000E+02 1.649038E+00 1.127936E+01
1.486000E+02 1.651736E+00 1.127759E+01
1.495000E+02 1.654412E+00 1.127590E+01
1.504000E+02 1.657064E+00 1.127137E+01
1.513000E+02 1.659695E+00 1.126987E+01
1.522000E+02 1.662304E+00 1.126554E+01
1.531000E+02 1.664890E+00 1.126422E+01
1.540000E+02 1.667456E+00 1.126009E+01
1.549000E+02 1.670000E+00 1.125894E+01
1.558000E+02 1.672523E+00 1.125500E+01
1.567000E+02 1.675025E+00 1.125402E+01
1.576000E+02 1.677507E+00 1.125026E+01
1.585000E+02 1.679968E+00 1.124945E+01
1.594000E+02 1.682409E+00 1.124587E+01
1.603000E+02 1.684831E+00 1.124238E+01
1.612000E+02 1.687233E+00 1.123898E+01
1.621000E+02 1.689615E+00 1.123848E+01
1.630000E+02 1.691979E+00 1.123525E+01
1.639000E+02 1.694323E+00 1.123211E+01
1.648000E+02 1.696649E+00 1.122904E+01
1.657000E+02 1.698956E+00 1.122607E+01
1.666000E+02 1.701245E+00 1.122317E+01
1.675000E+02 1.703516E+00 1.122035E+01
1.684000E+02 1.705768E+00 1.121762E+01
1.693000E+02 1.708004E+00 1.121496E+01
1.702000E+02 1.710221E+00 1.121238E+01
1.711000E+02 1.712421E+00 1.120988E+01
1.720000E+02 1.714604E+00 1.120745E+01
1.729000E+02 1.716770E+00 1.120509E+01
1.738000E+02 1.718920E+00 1.120281E+01
1.747000E+02 1.721052E+00 1.120060E+01
1.756000E+02 1.723169E+00 1.119846E+01
1.765000E+02 1.725269E+00 1.119371E+01
1.774000E+02 1.727352E+00 1.119172E+01
1.783000E+02 1.729420E+00 1.118979E+01
1.792000E+02 1.731473E+00 1.118793E+01
1.801000E+02 1.733509E+00 1.118348E+01
1.810000E+02 1.735531E+00 1.118176E+01
1.819000E+02 1.737537E+00 1.118010E+01
1.828000E+02 1.739527E+00 1.117588E+01
1.837000E+02 1.741503E+00 1.117435E+01
1.846000E+02 1.743464E+00 1.117027E+01
1.855000E+02 1.745411E+00 1.116888E+01
1.864000E+02 1.747343E+00 1.116494E+01
1.873000E+02 1.749261E+00 1.116366E+01
1.882000E+02 1.751164E+00 1.115986E+01
1.891000E+02 1.753054E+00 1.115871E+01
1.900000E+02 1.754929E+00 1.115504E+01
1.909000E+02 1.756791E+00 1.115145E+01
1.918000E+02 1.758639E+00 1.115047E+01
1.927000E+02 1.760473E+00 1.114700E+01
1.936000E+02 1.762295E+00 1.114360E+01
1.945000E+02 1.764103E+00 1.114280E+01
1.954000E+02 1.765898E+00 1.113952E+01
1.963000E+02 1.767680E+00 1.113630E+01
1.972000E+02 1.769449E+00 1.113315E+01
1.981000E+02 1.771205E+00 1.113257E+01
1.990000E+02 1.772949E+00 1.112953E+01
1.999000E+02 1.774680E+00 1.112656E+01
2.008000E+02 1.776399E+00 1.112364E+01
2.017000E+02 1.778106E+00 1.112079E+01
2.026000E+02 1.779800E+00 1.111799E+01
2.035000E+02 1.781483E+00 1.111525E+01
2.044000E+02 1.783154E+00 1.111257E+01
2.053000E+02 1.784812E+00 1.110994E+01
2.062000E+02 1.786460E+00 1.110737E+01
2.071000E+02 1.788095E+00 1.110486E+01
2.080000E+02 1.789720E+00 1.110239E+01
2.089000E+02 1.791333E+00 1.109999E+01
2.098000E+02 1.792934E+00 1.109763E+01
2.107000E+02 1.794525E+00 1.109533E+01
2.116000E+02 1.796105E+00 1.109308E+01
2.125000E+02 1.797673E+00 1.109088E+01
2.134000E+02 1.799231E+00 1.108873E+01
2.143000E+02 1.800778E+00 1.108423E+01
2.152000E+02 1.802315E+00 1.108219E+01
2.161000E+02 1.803841E+00 1.108019E+01
2.170000E+02 1.805356E+00 1.107824E+01
2.179000E+02 1.806861E+00 1.107396E+01
2.188000E+02 1.808356E+00 1.107212E+01
2.197000E+02 1.809841E+00 1.107032E+01
2.206000E+02 1.811316E+00 1.106620E+01
2.215000E+02 1.812781E+00 1.106449E+01
2.224000E+02 1.814236E+00 1.106284E+01
2.233000E+02 1.815681E+00 1.105887E+01
2.242000E+02 1.817116E+00 1.105731E+01
2.251000E+02 1.818542E+00 1.105579E+01
2.260000E+02 1.819959E+00 1.105198E+01
2.269000E+02 1.821365E+00 1.105055E+01
2.278000E+02 1.822763E+00 1.104683E+01
2.287000E+02 1.824151E+00 1.104549E+01
2.296000E+02 1.825530E+00 1.104188E+01
2.305000E+02 1.826900E+00 1.104062E+01
2.314000E+02 1.828261E+00 1.103710E+01
2.323000E+02 1.829613E+00 1.103363E+01
2.332000E+02 1.830956E+00 1.103250E+01
2.341000E+02 1.832291E+00 1.102913E+01
2.350000E+02 1.833616E+00 1.102808E+01
2.359000E+02 1.834933E+00 1.102479E+01
2.368000E+02 1.836241E+00 1.102155E+01
2.377000E+02 1.837541E+00 1.102063E+01
2.386000E+02 1.838833E+00 1.101748E+01
2.395000E+02 1.840116E+00 1.101437E+01
2.404000E+02 1.841390E+00 1.101131E+01
2.413000E+02 1.842657E+00 1.101055E+01
2.422000E+02 1.843915E+00 1.100757E+01
2.431000E+02 1.845166E+00 1.100464E+01
2.440000E+02 1.846408E+00 1.100175E+01
2.449000E+02 1.847642E+00 1.100114E+01
2.458000E+02 1.848869E+00 1.099833E+01
2.467000E+02 1.850088E+00 1.099556E+01
2.476000E+02 1.851299E+00 1.099284E+01
2.485000E+02 1.852502E+00 1.099015E+01
2.494000E+02 1.853697E+00 1.098751E+01
2.503000E+02 1.854885E+00 1.098491E+01
2.512000E+02 1.856066E+00 1.098234E+01
2.521000E+02 1.857239E+00 1.097982E+01
2.530000E+02 1.858405E+00 1.097734E+01
2.539000E+02 1.859563E+00 1.097489E+01
2.548000E+02 1.860715E+00 1.097249E+01
2.557000E+02 1.861859E+00 1.097012E+01
2.566000E+02 1.862995E+00 1.096779E+01
2.575000E+02 1.864125E+00 1.096550E+01
2.584000E+02 1.865248E+00 1.096324E+01
2.593000E+02 1.866364E+00 1.096102E+01
2.602000E+02 1.867473E+00 1.095884E+01
2.611000E+02 1.868575E+00 1.095670E+01
2.620000E+02 1.869670E+00 1.095458E+01
2.629000E+02 1.870759E+00 1.095251E+01
2.638000E+02 1.871840E+00 1.095047E+01
2.647000E+02 1.872915E+00 1.094632E+01
2.656000E+02 1.873984E+00 1.094435E+01
2.665000E+02 1.875046E+00 1.094242E+01
2.674000E+02 1.876102E+00 1.094052E+01
2.683000E+02 1.877151E+00 1.093866E+01
2.692000E+02 1.878194E+00 1.093470E+01
2.701000E+02 1.879230E+00 1.093291E+01
2.710000E+02 1.880260E+00 1.093114E+01
2.719000E+02 1.881284E+00 1.092941E+01
2.728000E+02 1.882302E+00 1.092560E+01
2.737000E+02 1.883313E+00 1.092394E+01
2.746000E+02 1.884319E+00 1.092231E+01
2.755000E+02 1.885318E+00 1.091861E+01
2.764000E+02 1.886312E+00 1.091704E+01
2.773000E+02 1.887299E+00 1.091551E+01
2.782000E+02 1.888281E+00 1.091191E+01
2.791000E+02 1.889256E+00 1.091044E+01
2.800000E+02 1.890226E+00 1.090692E+01
2.809000E+02 1.891190E+00 1.090551E+01
2.818000E+02 1.892149E+00 1.090205E+01
2.827000E+02 1.893101E+00 1.090071E+01
2.836000E+02 1.894048E+00 1.089939E+01
2.845000E+02 1.894990E+00 1.089604E+01
2.854000E+02 1.895926E+00 1.089478E+01
2.863000E+02 1.896856E+00 1.089149E+01
2.872000E+02 1.897781E+00 1.089029E+01
2.881000E+02 1.898700E+00 1.088707E+01
2.890000E+02 1.899615E+00 1.088388E+01
2.899000E+02 1.900523E+00 1.088277E+01
2.908000E+02 1.901427E+00 1.087964E+01
2.917000E+02 1.902325E+00 1.087859E+01
2.926000E+02 1.903218E+00 1.087553E+01
2.935000E+02 1.904105E+00 1.087250E+01
2.944000E+02 1.904988E+00 1.087153E+01
2.953000E+02 1.905865E+00 1.086856E+01
2.962000E+02 1.906737E+00 1.086765E+01
2.971000E+02 1.907605E+00 1.086474E+01
2.980000E+02 1.908467E+00 1.086186E+01
2.989000E+02 1.909324E+00 1.085901E+01
2.998000E+02 1.910176E+00 1.085821E+01
3.007000E+02 1.911024E+00 1.085542E+01
3.016000E+02 1.911866E+00 1.085266E+01
3.025000E+02 1.912704E+00 1.085194E+01
3.034000E+02 1.913537E+00 1.084924E+01
3.043000E+02 1.914365E+00 1.084657E+01
3.052000E+02 1.915188E+00 1.084393E+01
3.061000E+02 1.916007E+00 1.084131E+01
3.070000E+02 1.916821E+00 1.084072E+01
3.079000E+02 1.917631E+00 1.083816E+01
3.088000E+02 1.918435E+00 1.083563E+01
3.097000E+02 1.919236E+00 1.083313E+01
3.106000E+02 1.920031E+00 1.083066E+01
3.115000E+02 1.920822E+00 1.082821E+01
3.124000E+02 1.921609E+00 1.082776E+01
3.133000E+02 1.922391E+00 1.082537E+01
3.142000E+02 1.923169E+00 1.082301E+01
3.151000E+02 1.923943E+00 1.082067E+01
3.160000E+02 1.924712E+00 1.081836E+01
3.169000E+02 1.925477E+00 1.081607E+01
3.178000E+02 1.926237E+00 1.081382E+01
3.187000E+02 1.926993E+00 1.081159E+01
3.196000E+02 1.927745E+00 1.080938E+01
3.205000E+02 1.928493E+00 1.080720E+01
3.214000E+02 1.929237E+00 1.080505E+01
3.223000E+02 1.929976E+00 1.080292E+01
3.232000E+02 1.930712E+00 1.080082E+01
3.241000E+02 1.931443E+00 1.079874E+01
3.250000E+02 1.932170E+00 1.079669E+01
3.259000E+02 1.932894E+00 1.079466E+01
3.268000E+02 1.933613E+00 1.079265E+01
3.277000E+02 1.934328E+00 1.079067E+01
3.286000E+02 1.935039E+00 1.078872E+01
3.295000E+02 1.935747E+00 1.078679E+01
3.304000E+02 1.936450E+00 1.078297E+01
3.313000E+02 1.937150E+00 1.078109E+01
3.322000E+02 1.937846E+00 1.077923E+01
3.331000E+02 1.938538E+00 1.077740E+01
3.340000E+02 1.939226E+00 1.077559E+01
3.349000E+02 1.939910E+00 1.077380E+01
3.358000E+02 1.940591E+00 1.077204E+01
3.367000E+02 1.941268E+00 1.076840E+01
3.376000E+02 1.941941E+00 1.076668E+01
3.385000E+02 1.942610E+00 1.076499E+01
3.394000E+02 1.943276E+00 1.076332E+01
3.403000E+02 1.943938E+00 1.075978E+01
3.412000E+02 1.944597E+00 1.075816E+01
3.421000E+02 1.945252E+00 1.075655E+01
3.430000E+02 1.945904E+00 1.075497E+01
3.439000E+02 1.946552E+00 1.075154E+01
3.448000E+02 1.947196E+00 1.075000E+01
3.457000E+02 1.947837E+00 1.074848E+01
3.466000E+02 1.948475E+00 1.074699E+01
3.475000E+02 1.949109E+00 1.074365E+01
3.484000E+02 1.949740E+00 1.074220E+01
3.493000E+02 1.950367E+00 1.074077E+01
3.502000E+02 1.950991E+00 1.073750E+01
3.511000E+02 1.951612E+00 1.073611E+01
3.520000E+02 1.952229E+00 1.073475E+01
3.529000E+02 1.952843E+00 1.073155E+01
3.538000E+02 1.953454E+00 1.073022E+01
3.547000E+02 1.954061E+00 1.072707E+01
3.556000E+02 1.954665E+00 1.072579E+01
3.565000E+02 1.955266E+00 1.072453E+01
3.574000E+02 1.955864E+00 1.072144E+01
3.583000E+02 1.956459E+00 1.072022E+01
3.592000E+02 1.957050E+00 1.071718E+01
3.601000E+02 1.957638E+00 1.071600E+01
3.610000E+02 1.958224E+00 1.071301E+01
3.619000E+02 1.958806E+00 1.071186E+01
3.628000E+02 1.959385E+00 1.070892E+01
3.637000E+02 1.959961E+00 1.070781E+01
3.646000E+02 1.960533E+00 1.070491E+01
3.655000E+02 1.961103E+00 1.070384E+01
3.664000E+02 1.961670E+00 1.070098E+01
3.673000E+02 1.962234E+00 1.069995E+01
3.682000E+02 1.962795E+00 1.069713E+01
3.691000E+02 1.963353E+00 1.069614E+01
3.700000E+02 1.963908E+00 1.069336E+01
3.709000E+02 1.964460E+00 1.069241E+01
3.718000E+02 1.965009E+00 1.068968E+01
3.727000E+02 1.965555E+00 1.068696E+01
3.736000E+02 1.966099E+00 1.068606E+01
3.745000E+02 1.966639E+00 1.068339E+01
3.754000E+02 1.967177E+00 1.068253E+01
3.763000E+02 1.967712E+00 1.067989E+01
3.772000E+02 1.968244E+00 1.067728E+01
3.781000E+02 1.968774E+00 1.067647E+01
3.790000E+02 1.969300E+00 1.067390E+01
3.799000E+02 1.969824E+00 1.067135E+01
3.808000E+02 1.970345E+00 1.067059E+01
3.817000E+02 1.970864E+00 1.066808E+01
3.826000E+02 1.971380E+00 1.066558E+01
3.835000E+02 1.971893E+00 1.066488E+01
3.844000E+02 1.972403E+00 1.066242E+01
3.853000E+02 1.972911E+00 1.065999E+01
3.862000E+02 1.973416E+00 1.065757E+01
3.871000E+02 1.973919E+00 1.065694E+01
3.880000E+02 1.974419E+00 1.065456E+01
3.889000E+02 1.974916E+00 1.065220E+01
3.898000E+02 1.975411E+00 1.064985E+01
3.907000E+02 1.975903E+00 1.064929E+01
3.916000E+02 1.976393E+00 1.064698E+01
3.925000E+02 1.976880E+00 1.064469E+01
3.934000E+02 1.977365E+00 1.064243E+01
3.943000E+02 1.977847E+00 1.064193E+01
3.952000E+02 1.978327E+00 1.063969E+01
3.961000E+02 1.978805E+00 1.063748E+01
3.970000E+02 1.979279E+00 1.063528E+01
3.979000E+02 1.979752E+00 1.063310E+01
3.988000E+02 1.980222E+00 1.063094E+01
3.997000E+02 1.980689E+00 1.063054E+01
4.006000E+02 1.981155E+00 1.062841E+01
4.015000E+02 1.981618E+00 1.062631E+01
4.024000E+02 1.982078E+00 1.062421E+01
4.033000E+02 1.982536E+00 1.062214E+01
4.042000E+02 1.982992E+00 1.062009E+01
4.051000E+02 1.983445E+00 1.061805E+01
4.060000E+02 1.983897E+00 1.061603E+01
4.069000E+02 1.984346E+00 1.061402E+01
4.078000E+02 1.984792E+00 1.061204E+01
4.087000E+02 1.985237E+00 1.061179E+01
4.096000E+02 1.985679E+00 1.060983E+01
4.105000E+02 1.986118E+00 1.060790E+01
4.114000E+02 1.986556E+00 1.060597E+01
4.123000E+02 1.986992E+00 1.060407E+01
4.132000E+02 1.987425E+00 1.060218E+01
4.141000E+02 1.987856E+00 1.060031E+01
4.150000E+02 1.988285E+00 1.059846E+01
4.159000E+02 1.988711E+00 1.059662E+01
4.168000E+02 1.989136E+00 1.059479E+01
4.177000E+02 1.989558E+00 1.059299E+01
4.186000E+02 1.989978E+00 1.059120E+01
4.195000E+02 1.990397E+00 1.058942E+01
4.204000E+02 1.990813E+00 1.058766E+01
4.213000E+02 1.991226E+00 1.058592E+01
4.222000E+02 1.991638E+00 1.058419E+01
4.231000E+02 1.992048E+00 1.058079E+01
4.240000E+02 1.992456E+00 1.057910E+01
4.249000E+02 1.992862E+00 1.057742E+01
4.258000E+02 1.993265E+00 1.057575E+01
4.267000E+02 1.993667E+00 1.057410E+01
4.276000E+02 1.994066E+00 1.057247E+01
4.285000E+02 1.994464E+00 1.057085E+01
4.294000E+02 1.994860E+00 1.056925E+01
4.303000E+02 1.995253E+00 1.056766E+01
4.312000E+02 1.995645E+00 1.056609E+01
4.321000E+02 1.996035E+00 1.056285E+01
4.330000E+02 1.996422E+00 1.056131E+01
4.339000E+02 1.996808E+00 1.055978E+01
4.348000E+02 1.997192E+00 1.055827E+01
4.357000E+02 1.997574E+00 1.055677E+01
4.366000E+02 1.997954E+00 1.055528E+01
4.375000E+02 1.998333E+00 1.055215E+01
4.384000E+02 1.998709E+00 1.055069E+01
4.393000E+02 1.999083E+00 1.054925E+01
4.402000E+02 1.999456E+00 1.054782E+01
4.411000E+02 1.999827E+00 1.054641E+01
4.420000E+02 2.000196E+00 1.054335E+01
4.429000E+02 2.000563E+00 1.054197E+01
4.438000E+02 2.000928E+00 1.054060E+01
4.447000E+02 2.001291E+00 1.053924E+01
4.456000E+02 2.001653E+00 1.053625E+01
4.465000E+02 2.002013E+00 1.053492E+01
4.474000E+02 2.002371E+00 1.053361E+01
4.483000E+02 2.002727E+00 1.053231E+01
4.492000E+02 2.003082E+00 1.052937E+01
4.501000E+02 2.003435E+00 1.052810E+01
4.510000E+02 2.003786E+00 1.052684E+01
4.519000E+02 2.004135E+00 1.052395E+01
4.528000E+02 2.004483E+00 1.052272E+01
4.537000E+02 2.004829E+00 1.052150E+01
4.546000E+02 2.005173E+00 1.051866E+01
4.555000E+02 2.005516E+00 1.051747E+01
4.564000E+02 2.005856E+00 1.051628E+01
4.573000E+02 2.006196E+00 1.051349E+01
4.582000E+02 2.006533E+00 1.051233E+01
4.591000E+02 2.006869E+00 1.051119E+01
4.600000E+02 2.007203E+00 1.050844E+01
4.609000E+02 2.007536E+00 1.050732E+01
4.618000E+02 2.007867E+00 1.050622E+01
4.627000E+02 2.008196E+00 1.050351E+01
4.636000E+02 2.008524E+00 1.050243E+01
4.645000E+02 2.008850E+00 1.049975E+01
4.654000E+02 2.009175E+00 1.049870E+01
4.663000E+02 2.009498E+00 1.049766E+01
4.672000E+02 2.009819E+00 1.049502E+01
4.681000E+02 2.010139E+00 1.049401E+01
4.690000E+02 2.010457E+00 1.049140E+01
4.699000E+02 2.010774E+00 1.049041E+01
4.708000E+02 2.011089E+00 1.048943E+01
4.717000E+02 2.011403E+00 1.048686E+01
4.726000E+02 2.011715E+00 1.048591E+01
4.735000E+02 2.012025E+00 1.048336E+01
4.744000E+02 2.012334E+00 1.048244E+01
4.753000E+02 2.012642E+00 1.047992E+01
4.762000E+02 2.012948E+00 1.047902E+01
4.771000E+02 2.013253E+00 1.047653E+01
4.780000E+02 2.013556E+00 1.047565E+01
4.789000E+02 2.013857E+00 1.047318E+01
4.798000E+02 2.014157E+00 1.047233E+01
4.807000E+02 2.014456E+00 1.046989E+01
4.816000E+02 2.014753E+00 1.046906E+01
4.825000E+02 2.015049E+00 1.046665E+01
4.834000E+02 2.015343E+00 1.046584E+01
4.843000E+02 2.015636E+00 1.046346E+01
4.852000E+02 2.015928E+00 1.046267E+01
4.861000E+02 2.016218E+00 1.046031E+01
4.870000E+02 2.016506E+00 1.045797E+01
4.879000E+02 2.016794E+00 1.045721E+01
4.888000E+02 2.017080E+00 1.045489E+01
4.897000E+02 2.017364E+00 1.045417E+01
4.906000E+02 2.017647E+00 1.045187E+01
4.915000E+02 2.017929E+00 1.045116E+01
4.924000E+02 2.018209E+00 1.044889E+01
4.933000E+02 2.018488E+00 1.044664E+01
4.942000E+02 2.018766E+00 1.044596E+01
4.951000E+02 2.019042E+00 1.044373E+01
4.960000E+02 2.019317E+00 1.044151E+01
4.969000E+02 2.019591E+00 1.044087E+01
4.978000E+02 2.019863E+00 1.043868E+01
4.987000E+02 2.020134E+00 1.043806E+01
4.996000E+02 2.020404E+00 1.043589E+01
5.005000E+02 2.020672E+00 1.043373E+01
5.014000E+02 2.020939E+00 1.043314E+01
5.023000E+02 2.021205E+00 1.043101E+01
5.032000E+02 2.021469E+00 1.042888E+01
5.041000E+02 2.021732E+00 1.042833E+01
5.050000E+02 2.021994E+00 1.042623E+01
5.059000E+02 2.022255E+00 1.042414E+01
5.068000E+02 2.022514E+00 1.042362E+01
5.077000E+02 2.022772E+00 1.042156E+01
5.086000E+02 2.023029E+00 1.041950E+01
5.095000E+02 2.023285E+00 1.041746E+01
5.104000E+02 2.023539E+00 1.041698E+01
5.113000E+02 2.023792E+00 1.041497E+01
5.122000E+02 2.024044E+00 1.041296E+01
5.131000E+02 2.024295E+00 1.041251E+01
5.140000E+02 2.024544E+00 1.041053E+01
5.149000E+02 2.024793E+00 1.040855E+01
5.158000E+02 2.025040E+00 1.040659E+01
5.167000E+02 2.025286E+00 1.040619E+01
5.176000E+02 2.025530E+00 1.040425E+01
5.185000E+02 2.025774E+00 1.040232E+01
5.194000E+02 2.026016E+00 1.040040E+01
5.203000E+02 2.026257E+00 1.039850E+01
5.212000E+02 2.026497E+00 1.039814E+01
5.221000E+02 2.026736E+00 1.039626E+01
5.230000E+02 2.026974E+00 1.039439E+01
5.239000E+02 2.027210E+00 1.039253E+01
5.248000E+02 2.027446E+00 1.039068E+01
5.257000E+02 2.027680E+00 1.039037E+01
5.266000E+02 2.027913E+00 1.038854E+01
5.275000E+02 2.028145E+00 1.038672E+01
5.284000E+02 2.028376E+00 1.038492E+01
5.293000E+02 2.028605E+00 1.038312E+01
5.302000E+02 2.028834E+00 1.038134E+01
5.311000E+02 2.029061E+00 1.038108E+01
5.320000E+02 2.029288E+00 1.037932E+01
5.329000E+02 2.029513E+00 1.037757E+01
5.338000E+02 2.029737E+00 1.037583E+01
5.347000E+02 2.029960E+00 1.037409E+01
5.356000E+02 2.030182E+00 1.037237E+01
5.365000E+02 2.030403E+00 1.037066E+01
5.374000E+02 2.030623E+00 1.037048E+01
5.383000E+02 2.030842E+00 1.036878E+01
5.392000E+02 2.031059E+00 1.036710E+01
5.401000E+02 2.031276E+00 1.036543E+01
5.410000E+02 2.031492E+00 1.036377E+01
5.419000E+02 2.031706E+00 1.036213E+01
5.428000E+02 2.031920E+00 1.036049E+01
5.437000E+02 2.032132E+00 1.035886E+01
5.446000E+02 2.032344E+00 1.035724E+01
5.455000E+02 2.032554E+00 1.035563E+01
5.464000E+02 2.032763E+00 1.035403E+01
5.473000E+02 2.032972E+00 1.035244E+01
5.482000E+02 2.033179E+00 1.035087E+01
5.491000E+02 2.033385E+00 1.034930E+01
5.500000E+02 2.033591E+00 1.034924E+01
5.509000E+02 2.033795E+00 1.034769E+01
5.518000E+02 2.033998E+00 1.034615E+01
5.527000E+02 2.034201E+00 1.034462E+01
5.536000E+02 2.034402E+00 1.034310E+01
5.545000E+02 2.034602E+00 1.034159E+01
5.554000E+02 2.034802E+00 1.034008E+01
5.563000E+02 2.035000E+00 1.033859E+01
5.572000E+02 2.035198E+00 1.033711E+01
5.581000E+02 2.035394E+00 1.033564E+01
5.590000E+02 2.035590E+00 1.033418E+01
5.599000E+02 2.035784E+00 1.033272E+01
5.608000E+02 2.035978E+00 1.033128E+01
5.617000E+02 2.036171E+00 1.032985E+01
5.626000E+02 2.036362E+00 1.032842E+01
5.635000E+02 2.036553E+00 1.032552E+01
5.644000E+02 2.036743E+00 1.032412E+01
5.653000E+02 2.036932E+00 1.032272E+01
5.662000E+02 2.037120E+00 1.032134E+01
5.671000E+02 2.037307E+00 1.031996E+01
5.680000E+02 2.037493E+00 1.031859E+01
5.689000E+02 2.037678E+00 1.031723E+01
5.698000E+02 2.037863E+00 1.031588E+01
5.707000E+02 2.038046E+00 1.031454E+01
5.716000E+02 2.038229E+00 1.031321E+01
5.725000E+02 2.038410E+00 1.031189E+01
5.734000E+02 2.038591E+00 1.031057E+01
5.743000E+02 2.038771E+00 1.030927E+01
5.752000E+02 2.038950E+00 1.030650E+01
5.761000E+02 2.039128E+00 1.030522E+01
5.770000E+02 2.039305E+00 1.030394E+01
5.779000E+02 2.039481E+00 1.030267E+01
5.788000E+02 2.039657E+00 1.030141E+01
5.797000E+02 2.039832E+00 1.030016E+01
5.806000E+02 2.040005E+00 1.029892E+01
5.815000E+02 2.040178E+00 1.029768E+01
5.824000E+02 2.040350E+00 1.029500E+01
5.833000E+02 2.040521E+00 1.029378E+01
5.842000E+02 2.040692E+00 1.029257E+01
5.851000E+02 2.040861E+00 1.029137E+01
5.860000E+02 2.041030E+00 1.029018E+01
5.869000E+02 2.041198E+00 1.028900E+01
5.878000E+02 2.041365E+00 1.028637E+01
5.887000E+02 2.041531E+00 1.028521E+01
5.896000E+02 2.041696E+00 1.028405E+01
5.905000E+02 2.041860E+00 1.028290E+01
5.914000E+02 2.042024E+00 1.028176E+01
5.923000E+02 2.042187E+00 1.028063E+01
5.932000E+02 2.042349E+00 1.027806E+01
5.941000E+02 2.042510E+00 1.027695E+01
5.950000E+02 2.042671E+00 1.027584E+01
5.959000E+02 2.042830E+00 1.027474E+01
5.968000E+02 2.042989E+00 1.027221E+01
5.977000E+02 2.043147E+00 1.027113E+01
5.986000E+02 2.043305E+00 1.027006E+01
5.995000E+02 2.043461E+00 1.026899E+01
6.004000E+02 2.043617E+00 1.026794E+01
6.013000E+02 2.043772E+00 1.026545E+01
6.022000E+02 2.043926E+00 1.026441E+01
6.031000E+02 2.044079E+00 1.026338E+01
6.040000E+02 2.044232E+00 1.026235E+01
6.049000E+02 2.044384E+00 1.025990E+01
6.058000E+02 2.044535E+00 1.025889E+01
6.067000E+02 2.044685E+00 1.025789E+01
6.076000E+02 2.044834E+00 1.025547E+01
6.085000E+02 2.044983E+00 1.025448E+01
6.094000E+02 2.045131E+00 1.025351E+01
6.103000E+02 2.045279E+00 1.025254E+01
6.112000E+02 2.045425E+00 1.025015E+01
6.121000E+02 2.045571E+00 1.024919E+01
6.130000E+02 2.045716E+00 1.024825E+01
6.139000E+02 2.045860E+00 1.024589E+01
6.148000E+02 2.046004E+00 1.024496E+01
6.157000E+02 2.046147E+00 1.024404E+01
6.166000E+02 2.046289E+00 1.024170E+01
6.175000E+02 2.046431E+00 1.024079E+01
6.184000E+02 2.046571E+00 1.023989E+01
6.193000E+02 2.046711E+00 1.023758E+01
6.202000E+02 2.046851E+00 1.023670E+01
6.211000E+02 2.046989E+00 1.023582E+01
6.220000E+02 2.047127E+00 1.023354E+01
6.229000E+02 2.047264E+00 1.023268E+01
6.238000E+02 2.047401E+00 1.023182E+01
6.247000E+02 2.047537E+00 1.022956E+01
6.256000E+02 2.047672E+00 1.022872E+01
6.265000E+02 2.047806E+00 1.022789E+01
6.274000E+02 2.047940E+00 1.022566E+01
6.283000E+02 2.048073E+00 1.022484E+01
6.292000E+02 2.048205E+00 1.022403E+01
6.301000E+02 2.048337E+00 1.022182E+01
6.310000E+02 2.048468E+00 1.022103E+01
6.319000E+02 2.048598E+00 1.021883E+01
6.328000E+02 2.048728E+00 1.021805E+01
6.337000E+02 2.048857E+00 1.021728E+01
6.346000E+02 2.048985E+00 1.021511E+01
6.355000E+02 2.049113E+00 1.021435E+01
6.364000E+02 2.049240E+00 1.021220E+01
6.373000E+02 2.049366E+00 1.021146E+01
6.382000E+02 2.049492E+00 1.020932E+01
6.391000E+02 2.049617E+00 1.020859E+01
6.400000E+02 2.049741E+00 1.020787E+01
6.409000E+02 2.049865E+00 1.020575E+01
6.418000E+02 2.049988E+00 1.020505E+01
6.427000E+02 2.050110E+00 1.020295E+01
6.436000E+02 2.050232E+00 1.020225E+01
6.445000E+02 2.050353E+00 1.020017E+01
6.454000E+02 2.050474E+00 1.019949E+01
6.463000E+02 2.050594E+00 1.019742E+01
6.472000E+02 2.050713E+00 1.019676E+01
6.481000E+02 2.050832E+00 1.019471E+01
6.490000E+02 2.050950E+00 1.019406E+01
6.499000E+02 2.051067E+00 1.019341E+01
6.508000E+02 2.051184E+00 1.019138E+01
6.517000E+02 2.051300E+00 1.019075E+01
6.526000E+02 2.051416E+00 1.018874E+01
6.535000E+02 2.051530E+00 1.018812E+01
6.544000E+02 2.051645E+00 1.018612E+01
6.553000E+02 2.051759E+00 1.018552E+01
6.562000E+02 2.051872E+00 1.018353E+01
6.571000E+02 2.051984E+00 1.018294E+01
6.580000E+02 2.052096E+00 1.018097E+01
6.589000E+02 2.052208E+00 1.018040E+01
6.598000E+02 2.052318E+00 1.017844E+01
6.607000E+02 2.052428E+00 1.017650E+01
6.616000E+02 2.052538E+00 1.017594E+01
6.625000E+02 2.052647E+00 1.017401E+01
6.634000E+02 2.052755E+00 1.017347E+01
6.643000E+02 2.052863E+00 1.017155E+01
6.652000E+02 2.052970E+00 1.017102E+01
6.661000E+02 2.053077E+00 1.016912E+01
6.670000E+02 2.053183E+00 1.016860E+01
6.679000E+02 2.053289E+00 1.016671E+01
6.688000E+02 2.053394E+00 1.016621E+01
6.697000E+02 2.053498E+00 1.016433E+01
6.706000E+02 2.053602E+00 1.016247E+01
6.715000E+02 2.053705E+00 1.016198E+01
6.724000E+02 2.053808E+00 1.016013E+01
6.733000E+02 2.053910E+00 1.015966E+01
6.742000E+02 2.054012E+00 1.015782E+01
6.751000E+02 2.054113E+00 1.015599E+01
6.760000E+02 2.054213E+00 1.015554E+01
6.769000E+02 2.054313E+00 1.015372E+01
6.778000E+02 2.054413E+00 1.015328E+01
6.787000E+02 2.054511E+00 1.015148E+01
6.796000E+02 2.054610E+00 1.014969E+01
6.805000E+02 2.054707E+00 1.014926E+01
6.814000E+02 2.054805E+00 1.014748E+01
6.823000E+02 2.054901E+00 1.014707E+01
6.832000E+02 2.054998E+00 1.014531E+01
6.841000E+02 2.055093E+00 1.014355E+01
6.850000E+02 2.055188E+00 1.014316E+01
6.859000E+02 2.055283E+00 1.014141E+01
6.868000E+02 2.055377E+00 1.013967E+01
6.877000E+02 2.055470E+00 1.013930E+01
6.886000E+02 2.055563E+00 1.013757E+01
6.895000E+02 2.055656E+00 1.013585E+01
6.904000E+02 2.055748E+00 1.013550E+01
6.913000E+02 2.055839E+00 1.013379E+01
6.922000E+02 2.055930E+00 1.013209E+01
6.931000E+02 2.056021E+00 1.013176E+01
6.940000E+02 2.056111E+00 1.013007E+01
6.949000E+02 2.056200E+00 1.012839E+01
6.958000E+02 2.056289E+00 1.012807E+01
6.967000E+02 2.056377E+00 1.012641E+01
6.976000E+02 2.056465E+00 1.012475E+01
6.985000E+02 2.056553E+00 1.012445E+01
6.994000E+02 2.056639E+00 1.012280E+01
7.003000E+02 2.056726E+00 1.012116E+01
7.012000E+02 2.056812E+00 1.012088E+01
7.021000E+02 2.056897E+00 1.011926E+01
7.030000E+02 2.056982E+00 1.011764E+01
7.039000E+02 2.057067E+00 1.011737E+01
7.048000E+02 2.057151E+00 1.011576E+01
7.057000E+02 2.057234E+00 1.011416E+01
7.066000E+02 2.057317E+00 1.011257E+01
7.075000E+02 2.057400E+00 1.011233E+01
7.084000E+02 2.057482E+00 1.011075E+01
7.093000E+02 2.057563E+00 1.010917E+01
7.102000E+02 2.057644E+00 1.010760E+01
7.111000E+02 2.057725E+00 1.010738E+01
7.120000E+02 2.057805E+00 1.010583E+01
7.129000E+02 2.057885E+00 1.010428E+01
7.138000E+02 2.057964E+00 1.010274E+01
7.147000E+02 2.058043E+00 1.010254E+01
7.156000E+02 2.058121E+00 1.010101E+01
7.165000E+02 2.058199E+00 1.009949E+01
7.174000E+02 2.058276E+00 1.009797E+01
7.183000E+02 2.058353E+00 1.009779E+01
7.192000E+02 2.058430E+00 1.009629E+01
7.201000E+02 2.058506E+00 1.009479E+01
7.210000E+02 2.058581E+00 1.009330E+01
7.219000E+02 2.058656E+00 1.009314E+01
7.228000E+02 2.058731E+00 1.009166E+01
7.237000E+02 2.058805E+00 1.009019E+01
7.246000E+02 2.058879E+00 1.008872E+01
7.255000E+02 2.058952E+00 1.008726E+01
7.264000E+02 2.059025E+00 1.008713E+01
7.273000E+02 2.059097E+00 1.008568E+01
7.282000E+02 2.059169E+00 1.008424E+01
7.291000E+02 2.059241E+00 1.008280E+01
7.300000E+02 2.059312E+00 1.008137E+01
7.309000E+02 2.059383E+00 1.007994E+01
7.318000E+02 2.059453E+00 1.007985E+01
7.327000E+02 2.059523E+00 1.007843E+01
7.336000E+02 2.059592E+00 1.007702E+01
7.345000E+02 2.059661E+00 1.007562E+01
7.354000E+02 2.059730E+00 1.007423E+01
7.363000E+02 2.059798E+00 1.007284E+01
7.372000E+02 2.059866E+00 1.007277E+01
7.381000E+02 2.059933E+00 1.007140E+01
7.390000E+02 2.060000E+00 1.007002E+01
7.399000E+02 2.060066E+00 1.006866E+01
7.408000E+02 2.060132E+00 1.006729E+01
7.417000E+02 2.060198E+00 1.006594E+01
7.426000E+02 2.060263E+00 1.006591E+01
7.435000E+02 2.060328E+00 1.006456E+01
7.444000E+02 2.060392E+00 1.006323E+01
7.453000E+02 2.060456E+00 1.006189E+01
7.462000E+02 2.060520E+00 1.006057E+01
7.471000E+02 2.060583E+00 1.005925E+01
7.480000E+02 2.060646E+00 1.005793E+01
7.489000E+02 2.060708E+00 1.005662E+01
7.498000E+02 2.060770E+00 1.005532E+01
7.507000E+02 2.060831E+00 1.005534E+01
7.516000E+02 2.060893E+00 1.005404E+01
7.525000E+02 2.060953E+00 1.005276E+01
7.534000E+02 2.061014E+00 1.005147E+01
7.543000E+02 2.061074E+00 1.005020E+01
7.552000E+02 2.061133E+00 1.004893E+01
7.561000E+02 2.061192E+00 1.004767E+01
7.570000E+02 2.061251E+00 1.004641E+01
7.579000E+02 2.061310E+00 1.004515E+01
7.588000E+02 2.061368E+00 1.004391E+01
7.597000E+02 2.061425E+00 1.004267E+01
7.606000E+02 2.061483E+00 1.004273E+01
7.615000E+02 2.061539E+00 1.004150E+01
7.624000E+02 2.061596E+00 1.004028E+01
7.633000E+02 2.061652E+00 1.003906E+01
7.642000E+02 2.061708E+00 1.003784E+01
7.651000E+02 2.061763E+00 1.003663E+01
7.660000E+02 2.061818E+00 1.003543E+01
7.669000E+02 2.061873E+00 1.003423E+01
7.678000E+02 2.061927E+00 1.003304E+01
7.687000E+02 2.061981E+00 1.003185E+01
7.696000E+02 2.062034E+00 1.003067E+01
7.705000E+02 2.062088E+00 1.002949E+01
7.714000E+02 2.062140E+00 1.002832E+01
7.723000E+02 2.062193E+00 1.002715E+01
7.732000E+02 2.062245E+00 1.002599E+01
7.741000E+02 2.062296E+00 1.002484E+01
7.750000E+02 2.062348E+00 1.002369E+01
7.759000E+02 2.062399E+00 1.002254E+01
7.768000E+02 2.062449E+00 1.002140E+01
7.777000E+02 2.062500E+00 1.002027E+01
7.786000E+02 2.062550E+00 1.001914E+01
7.795000E+02 2.062599E+00 1.001802E+01
7.804000E+02 2.062648E+00 1.001690E+01
7.813000E+02 2.062697E+00 1.001578E+01
7.822000E+02 2.062746E+00 1.001468E+01
7.831000E+02 2.062794E+00 1.001357E+01
7.840000E+02 2.062842E+00 1.001247E+01
7.849000E+02 2.062889E+00 1.001138E+01
7.858000E+02 2.062936E+00 1.001029E+01
7.867000E+02 2.062983E+00 1.000921E+01
7.876000E+02 2.063029E+00 1.000813E+01
7.885000E+02 2.063075E+00 1.000706E+01
7.894000E+02 2.063121E+00 1.000599E+01
7.903000E+02 2.063167E+00 1.000493E+01
7.912000E+02 2.063212E+00 1.000388E+01
7.921000E+02 2.063256E+00 1.000282E+01
7.930000E+02 2.063301E+00 1.000178E+01
7.939000E+02 2.063345E+00 1.000073E+01
7.948000E+02 2.063389E+00 9.999697E+00
7.957000E+02 2.063432E+00 9.998665E+00
7.966000E+02 2.063475E+00 9.997638E+00
7.975000E+02 2.063518E+00 9.996615E+00
7.984000E+02 2.063560E+00 9.995598E+00
7.993000E+02 2.063602E+00 9.994586E+00
8.002000E+02 2.063644E+00 9.992299E+00
8.011000E+02 2.063685E+00 9.991297E+00
8.020000E+02 2.063726E+00 9.990300E+00
8.029000E+02 2.063767E+00 9.989307E+00
8.038000E+02 2.063808E+00 9.988320E+00
8.047000E+02 2.063848E+00 9.987337E+00
8.056000E+02 2.063888E+00 9.986360E+00
8.065000E+02 2.063927E+00 9.985387E+00
8.074000E+02 2.063966E+00 9.984418E+00
8.083000E+02 2.064005E+00 9.983455E+00
8.092000E+02 2.064044E+00 9.982496E+00
8.101000E+02 2.064082E+00 9.981542E+00
8.110000E+02 2.064120E+00 9.979321E+00
8.119000E+02 2.064158E+00 9.978377E+00
8.128000E+02 2.064195E+00 9.977438E+00
8.137000E+02 2.064232E+00 9.976503E+00
8.146000E+02 2.064269E+00 9.975574E+00
8.155000E+02 2.064305E+00 9.974648E+00
8.164000E+02 2.064341E+00 9.973728E+00
8.173000E+02 2.064377E+00 9.972812E+00
8.182000E+02 2.064413E+00 9.971901E+00
8.191000E+02 2.064448E+00 9.969727E+00
8.200000E+02 2.064483E+00 9.968826E+00
8.209000E+02 2.064517E+00 9.967929E+00
8.218000E+02 2.064552E+00 9.967037E+00
8.227000E+02 2.064586E+00 9.966149E+00
8.236000E+02 2.064619E+00 9.965266E+00
8.245000E+02 2.064653E+00 9.964388E+00
8.254000E+02 2.064686E+00 9.962250E+00
8.263000E+02 2.064719E+00 9.961381E+00
8.272000E+02 2.064751E+00 9.960517E+00
8.281000E+02 2.064783E+00 9.959657E+00
8.290000E+02 2.064815E+00 9.958802E+00
8.299000E+02 2.064847E+00 9.957951E+00
8.308000E+02 2.064878E+00 9.955844E+00
8.317000E+02 2.064909E+00 9.955003E+00
8.326000E+02 2.064940E+00 9.954166E+00
8.335000E+02 2.064971E+00 9.953333E+00
8.344000E+02 2.065001E+00 9.952505E+00
8.353000E+02 2.065031E+00 9.951682E+00
8.362000E+02 2.065061E+00 9.949605E+00
8.371000E+02 2.065090E+00 9.948791E+00
8.380000E+02 2.065119E+00 9.947981E+00
8.389000E+02 2.065148E+00 9.947175E+00
8.398000E+02 2.065176E+00 9.946374E+00
8.407000E+02 2.065205E+00 9.944322E+00
8.416000E+02 2.065233E+00 9.943530E+00
8.425000E+02 2.065260E+00 9.942742E+00
8.434000E+02 2.065288E+00 9.941959E+00
8.443000E+02 2.065315E+00 9.941180E+00
8.452000E+02 2.065342E+00 9.939153E+00
8.461000E+02 2.065369E+00 9.938383E+00
8.470000E+02 2.065395E+00 9.937617E+00
8.479000E+02 2.065421E+00 9.936855E+00
8.488000E+02 2.065447E+00 9.936098E+00
8.497000E+02 2.065472E+00 9.934095E+00
8.506000E+02 2.065498E+00 9.933347E+00
8.515000E+02 2.065523E+00 9.932603E+00
8.524000E+02 2.065548E+00 9.931863E+00
8.533000E+02 2.065572E+00 9.929879E+00
8.542000E+02 2.065596E+00 9.929148E+00
8.551000E+02 2.065620E+00 9.928422E+00
8.560000E+02 2.065644E+00 9.927699E+00
8.569000E+02 2.065667E+00 9.925734E+00
8.578000E+02 2.065691E+00 9.925020E+00
8.587000E+02 2.065714E+00 9.924311E+00
8.596000E+02 2.065736E+00 9.923605E+00
8.605000E+02 2.065759E+00 9.921660E+00
8.614000E+02 2.065781E+00 9.920962E+00
8.623000E+02 2.065803E+00 9.920270E+00
8.632000E+02 2.065824E+00 9.919581E+00
8.641000E+02 2.065846E+00 9.917654E+00
8.650000E+02 2.065867E+00 9.916974E+00
8.659000E+02 2.065888E+00 9.916297E+00
8.668000E+02 2.065909E+00 9.914385E+00
8.677000E+02 2.065929E+00 9.913717E+00
8.686000E+02 2.065949E+00 9.913053E+00
8.695000E+02 2.065969E+00 9.912394E+00
8.704000E+02 2.065989E+00 9.910500E+00
8.713000E+02 2.066008E+00 9.909848E+00
8.722000E+02 2.066027E+00 9.909201E+00
8.731000E+02 2.066046E+00 9.907321E+00
8.740000E+02 2.066065E+00 9.906682E+00
8.749000E+02 2.066083E+00 9.906047E+00
8.758000E+02 2.066102E+00 9.905416E+00
8.767000E+02 2.066120E+00 9.903553E+00
8.776000E+02 2.066137E+00 9.902931E+00
8.785000E+02 2.066155E+00 9.902312E+00
8.794000E+02 2.066172E+00 9.900463E+00
8.803000E+02 2.066189E+00 9.899853E+00
8.812000E+02 2.066206E+00 9.899246E+00
8.821000E+02 2.066222E+00 9.897411E+00
8.830000E+02 2.066239E+00 9.896812E+00
8.839000E+02 2.066255E+00 9.896217E+00
8.848000E+02 2.066271E+00 9.894396E+00
8.857000E+02 2.066286E+00 9.893809E+00
8.866000E+02 2.066302E+00 9.893226E+00
8.875000E+02 2.066317E+00 9.891418E+00
8.884000E+02 2.066332E+00 9.890843E+00
8.893000E+02 2.066346E+00 9.890272E+00
8.902000E+02 2.066361E+00 9.888477E+00
8.911000E+02 2.066375E+00 9.887914E+00
8.920000E+02 2.066389E+00 9.887355E+00
8.929000E+02 2.066403E+00 9.885573E+00
8.938000E+02 2.066416E+00 9.885021E+00
8.947000E+02 2.066430E+00 9.884474E+00
8.956000E+02 2.066443E+00 9.882705E+00
8.965000E+02 2.066456E+00 9.882165E+00
8.974000E+02 2.066468E+00 9.880405E+00
8.983000E+02 2.066481E+00 9.879873E+00
8.992000E+02 2.066493E+00 9.879345E+00
9.001000E+02 2.066505E+00 9.877597E+00
9.010000E+02 2.066517E+00 9.877077E+00
9.019000E+02 2.066529E+00 9.876560E+00
9.028000E+02 2.066540E+00 9.874825E+00
9.037000E+02 2.066551E+00 9.874316E+00
9.046000E+02 2.066562E+00 9.872590E+00
9.055000E+02 2.066573E+00 9.872089E+00
9.064000E+02 2.066583E+00 9.871591E+00
9.073000E+02 2.066593E+00 9.869878E+00
9.082000E+02 2.066603E+00 9.869388E+00
9.091000E+02 2.066613E+00 9.868901E+00
9.100000E+02 2.066623E+00 9.867200E+00
9.109000E+02 2.066632E+00 9.866721E+00
9.118000E+02 2.066642E+00 9.865029E+00
9.127000E+02 2.066651E+00 9.864557E+00
9.136000E+02 2.066659E+00 9.862873E+00
9.145000E+02 2.066668E+00 9.862410E+00
9.154000E+02 2.066676E+00 9.861949E+00
9.163000E+02 2.066684E+00 9.860277E+00
9.172000E+02 2.066692E+00 9.859825E+00
9.181000E+02 2.066700E+00 9.858161E+00
9.190000E+02 2.066708E+00 9.857716E+00
9.199000E+02 2.066715E+00 9.857274E+00
9.208000E+02 2.066722E+00 9.855622E+00
9.217000E+02 2.066729E+00 9.855188E+00
9.226000E+02 2.066736E+00 9.853545E+00
9.235000E+02 2.066743E+00 9.853118E+00
9.244000E+02 2.066749E+00 9.851483E+00
9.253000E+02 2.066755E+00 9.851063E+00
9.262000E+02 2.066761E+00 9.849436E+00
9.271000E+02 2.066767E+00 9.849023E+00
9.280000E+02 2.066772E+00 9.848614E+00
9.289000E+02 2.066778E+00 9.846999E+00
9.298000E+02 2.066783E+00 9.846597E+00
9.307000E+02 2.066788E+00 9.844990E+00
9.316000E+02 2.066793E+00 9.844595E+00
9.325000E+02 2.066797E+00 9.842997E+00
9.334000E+02 2.066801E+00 9.842609E+00
9.343000E+02 2.066806E+00 9.841018E+00
9.352000E+02 2.066810E+00 9.840637E+00
9.361000E+02 2.066813E+00 9.839055E+00
9.370000E+02 2.066817E+00 9.838681E+00
9.379000E+02 2.066820E+00 9.837106E+00
9.388000E+02 2.066824E+00 9.836740E+00
9.397000E+02 2.066827E+00 9.836376E+00
9.406000E+02 2.066830E+00 9.834813E+00
9.415000E+02 2.066832E+00 9.834457E+00
9.424000E+02 2.066835E+00 9.832901E+00
9.433000E+02 2.066837E+00 9.832552E+00
9.442000E+02 2.066839E+00 9.831004E+00
9.451000E+02 2.066841E+00 9.830662E+00
9.460000E+02 2.066843E+00 9.829122E+00
9.469000E+02 2.066844E+00 9.828786E+00
9.478000E+02 2.066846E+00 9.827254E+00
9.487000E+02 2.066847E+00 9.826925E+00
9.496000E+02 2.066848E+00 9.825401E+00
9.505000E+02 2.066849E+00 9.825079E+00
9.514000E+02 2.066849E+00 9.823562E+00
9.523000E+02 2.066850E+00 9.823247E+00
9.532000E+02 2.066850E+00 9.821738E+00
9.541000E+02 2.066850E+00 9.821429E+00
9.550000E+02 2.066850E+00 9.819928E+00
9.559000E+02 2.066850E+00 9.818430E+00
9.568000E+02 2.066849E+00 9.818132E+00
9.577000E+02 2.066849E+00 9.816642E+00
9.586000E+02 2.066848E+00 9.816350E+00
9.595000E+02 2.066847E+00 9.814868E+00
9.604000E+02 2.066846E+00 9.814583E+00
9.613000E+02 2.066845E+00 9.813108E+00
9.622000E+02 2.066843E+00 9.812830E+00
9.631000E+02 2.066841E+00 9.811362E+00
9.640000E+02 2.066840E+00 9.811091E+00
9.649000E+02 2.066838E+00 9.809630E+00
9.658000E+02 2.066835E+00 9.809365E+00
9.667000E+02 2.066833E+00 9.807912E+00
9.676000E+02 2.066831E+00 9.807654E+00
9.685000E+02 2.066828E+00 9.806208E+00
9.694000E+02 2.066825E+00 9.804766E+00
9.703000E+02 2.066822E+00 9.804518E+00
9.712000E+02 2.066819E+00 9.803083E+00
9.721000E+02 2.066815E+00 9.802841E+00
9.730000E+02 2.066812E+00 9.801414E+00
9.739000E+02 2.066808E+00 9.801178E+00
9.748000E+02 2.066804E+00 9.799758E+00
9.757000E+02 2.066800E+00 9.798342E+00
9.766000E+02 2.066796E+00 9.798116E+00
9.775000E+02 2.066792E+00 9.796707E+00
9.784000E+02 2.066787E+00 9.796488E+00
9.793000E+02 2.066783E+00 9.795086E+00
9.802000E+02 2.066778E+00 9.794873E+00
9.811000E+02 2.066773E+00 9.793478E+00
9.820000E+02 2.066767E+00 9.792086E+00
9.829000E+02 2.066762E+00 9.791883E+00
9.838000E+02 2.066757E+00 9.790499E+00
9.847000E+02 2.066751E+00 9.790302E+00
9.856000E+02 2.066745E+00 9.788925E+00
9.865000E+02 2.066739E+00 9.787551E+00
9.874000E+02 2.066733E+00 9.787364E+00
9.883000E+02 2.066727E+00 9.785997E+00
9.892000E+02 2.066720E+00 9.785816E+00
9.901000E+02 2.066714E+00 9.784456E+00
9.910000E+02 2.066707E+00 9.783100E+00
9.919000E+02 2.066700E+00 9.782928E+00
9.928000E+02 2.066693E+00 9.781579E+00
9.937000E+02 2.066686E+00 9.781414E+00
9.946000E+02 2.066678E+00 9.780071E+00
9.955000E+02 2.066671E+00 9.778733E+00
9.964000E+02 2.066663E+00 9.778576E+00
9.973000E+02 2.066655E+00 9.777245E+00
9.982000E+02 2.066647E+00 9.775917E+00
9.991000E+02 2.066639E+00 9.775770E+00
