1.000000E+02 1.384227E+00 1.136555E+01
1.009000E+02 1.387811E+00 1.136069E+01
1.018000E+02 1.391351E+00 1.135608E+01
1.027000E+02 1.394849E+00 1.135170E+01
1.036000E+02 1.398304E+00 1.134754E+01
1.045000E+02 1.401719E+00 1.133966E+01
1.054000E+02 1.405092E+00 1.133597E+01
1.063000E+02 1.408426E+00 1.133248E+01
1.072000E+02 1.411721E+00 1.132531E+01
1.081000E+02 1.414976E+00 1.132225E+01
1.090000E+02 1.418194E+00 1.131938E+01
1.099000E+02 1.421375E+00 1.131287E+01
1.108000E+02 1.424518E+00 1.130657E+01
1.117000E+02 1.427626E+00 1.130430E+01
1.126000E+02 1.430698E+00 1.129842E+01
1.135000E+02 1.433735E+00 1.129274E+01
1.144000E+02 1.436737E+00 1.129102E+01
1.153000E+02 1.439705E+00 1.128573E+01
1.162000E+02 1.442641E+00 1.128063E+01
1.171000E+02 1.445543E+00 1.127572E+01
1.180000E+02 1.448413E+00 1.127099E+01
1.189000E+02 1.451251E+00 1.126645E+01
1.198000E+02 1.454058E+00 1.126208E+01
1.207000E+02 1.456834E+00 1.125788E+01
1.216000E+02 1.459579E+00 1.125386E+01
1.225000E+02 1.462295E+00 1.125000E+01
1.234000E+02 1.464981E+00 1.124270E+01
1.243000E+02 1.467638E+00 1.123917E+01
1.252000E+02 1.470267E+00 1.123580E+01
1.261000E+02 1.472868E+00 1.122903E+01
1.270000E+02 1.475441E+00 1.122598E+01
1.279000E+02 1.477986E+00 1.122307E+01
1.288000E+02 1.480505E+00 1.121679E+01
1.297000E+02 1.482998E+00 1.121417E+01
1.306000E+02 1.485464E+00 1.120821E+01
1.315000E+02 1.487905E+00 1.120241E+01
1.324000E+02 1.490320E+00 1.120023E+01
1.333000E+02 1.492711E+00 1.119472E+01
1.342000E+02 1.495077E+00 1.118937E+01
1.351000E+02 1.497419E+00 1.118417E+01
1.360000E+02 1.499737E+00 1.118252E+01
1.369000E+02 1.502032E+00 1.117759E+01
1.378000E+02 1.504303E+00 1.117281E+01
1.387000E+02 1.506552E+00 1.116816E+01
1.396000E+02 1.508778E+00 1.116364E+01
1.405000E+02 1.510982E+00 1.115926E+01
1.414000E+02 1.513164E+00 1.115501E+01
1.423000E+02 1.515325E+00 1.115089E+01
1.432000E+02 1.517465E+00 1.114690E+01
1.441000E+02 1.519583E+00 1.114303E+01
1.450000E+02 1.521681E+00 1.113927E+01
1.459000E+02 1.523759E+00 1.113236E+01
1.468000E+02 1.525817E+00 1.112886E+01
1.477000E+02 1.527855E+00 1.112547E+01
1.486000E+02 1.529874E+00 1.112219E+01
1.495000E+02 1.531873E+00 1.111579E+01
1.504000E+02 1.533854E+00 1.111274E+01
1.513000E+02 1.535816E+00 1.110658E+01
1.522000E+02 1.537759E+00 1.110376E+01
1.531000E+02 1.539685E+00 1.109784E+01
1.540000E+02 1.541592E+00 1.109523E+01
1.549000E+02 1.543482E+00 1.108954E+01
1.558000E+02 1.545354E+00 1.108714E+01
1.567000E+02 1.547209E+00 1.108168E+01
1.576000E+02 1.549048E+00 1.107948E+01
1.585000E+02 1.550869E+00 1.107424E+01
1.594000E+02 1.552674E+00 1.106910E+01
1.603000E+02 1.554463E+00 1.106719E+01
1.612000E+02 1.556236E+00 1.106226E+01
1.621000E+02 1.557993E+00 1.105744E+01
1.630000E+02 1.559734E+00 1.105272E+01
1.639000E+02 1.561460E+00 1.104810E+01
1.648000E+02 1.563171E+00 1.104666E+01
1.657000E+02 1.564867E+00 1.104224E+01
1.666000E+02 1.566547E+00 1.103791E+01
1.675000E+02 1.568214E+00 1.103367E+01
1.684000E+02 1.569865E+00 1.102953E+01
1.693000E+02 1.571503E+00 1.102549E+01
1.702000E+02 1.573126E+00 1.102154E+01
1.711000E+02 1.574736E+00 1.101767E+01
1.720000E+02 1.576332E+00 1.101390E+01
1.729000E+02 1.577914E+00 1.101021E+01
1.738000E+02 1.579484E+00 1.100362E+01
1.747000E+02 1.581040E+00 1.100011E+01
1.756000E+02 1.582584E+00 1.099668E+01
1.765000E+02 1.584115E+00 1.099334E+01
1.774000E+02 1.585635E+00 1.099007E+01
1.783000E+02 1.587141E+00 1.098393E+01
1.792000E+02 1.588636E+00 1.098083E+01
1.801000E+02 1.590119E+00 1.097780E+01
1.810000E+02 1.591590E+00 1.097193E+01
1.819000E+02 1.593049E+00 1.096906E+01
1.828000E+02 1.594497E+00 1.096627E+01
1.837000E+02 1.595933E+00 1.096064E+01
1.846000E+02 1.597358E+00 1.095800E+01
1.855000E+02 1.598772E+00 1.095254E+01
1.864000E+02 1.600175E+00 1.095005E+01
1.873000E+02 1.601566E+00 1.094475E+01
1.882000E+02 1.602948E+00 1.094241E+01
1.891000E+02 1.604318E+00 1.093727E+01
1.900000E+02 1.605678E+00 1.093506E+01
1.909000E+02 1.607027E+00 1.093007E+01
1.918000E+02 1.608366E+00 1.092516E+01
1.927000E+02 1.609695E+00 1.092317E+01
1.936000E+02 1.611013E+00 1.091841E+01
1.945000E+02 1.612322E+00 1.091372E+01
1.954000E+02 1.613620E+00 1.091193E+01
1.963000E+02 1.614909E+00 1.090738E+01
1.972000E+02 1.616188E+00 1.090291E+01
1.981000E+02 1.617457E+00 1.090131E+01
1.990000E+02 1.618717E+00 1.089698E+01
1.999000E+02 1.619968E+00 1.089272E+01
2.008000E+02 1.621209E+00 1.088853E+01
2.017000E+02 1.622441E+00 1.088441E+01
2.026000E+02 1.623663E+00 1.088035E+01
2.035000E+02 1.624877E+00 1.087637E+01
2.044000E+02 1.626081E+00 1.087520E+01
2.053000E+02 1.627277E+00 1.087134E+01
2.062000E+02 1.628464E+00 1.086755E+01
2.071000E+02 1.629642E+00 1.086382E+01
2.080000E+02 1.630812E+00 1.086015E+01
2.089000E+02 1.631973E+00 1.085655E+01
2.098000E+02 1.633125E+00 1.085301E+01
2.107000E+02 1.634269E+00 1.084954E+01
2.116000E+02 1.635405E+00 1.084342E+01
2.125000E+02 1.636533E+00 1.084007E+01
2.134000E+02 1.637652E+00 1.083677E+01
2.143000E+02 1.638763E+00 1.083354E+01
2.152000E+02 1.639867E+00 1.083037E+01
2.161000E+02 1.640962E+00 1.082725E+01
2.170000E+02 1.642050E+00 1.082419E+01
2.179000E+02 1.643130E+00 1.081853E+01
2.188000E+02 1.644202E+00 1.081559E+01
2.197000E+02 1.645266E+00 1.081270E+01
2.206000E+02 1.646323E+00 1.080987E+01
2.215000E+02 1.647373E+00 1.080445E+01
2.224000E+02 1.648415E+00 1.080174E+01
2.233000E+02 1.649449E+00 1.079907E+01
2.242000E+02 1.650477E+00 1.079383E+01
2.251000E+02 1.651497E+00 1.079128E+01
2.260000E+02 1.652510E+00 1.078877E+01
2.269000E+02 1.653516E+00 1.078371E+01
2.278000E+02 1.654515E+00 1.078131E+01
2.287000E+02 1.655507E+00 1.077636E+01
2.296000E+02 1.656492E+00 1.077407E+01
2.305000E+02 1.657470E+00 1.077182E+01
2.314000E+02 1.658441E+00 1.076704E+01
2.323000E+02 1.659406E+00 1.076489E+01
2.332000E+02 1.660364E+00 1.076022E+01
2.341000E+02 1.661315E+00 1.075817E+01
2.350000E+02 1.662260E+00 1.075361E+01
2.359000E+02 1.663199E+00 1.074910E+01
2.368000E+02 1.664131E+00 1.074720E+01
2.377000E+02 1.665056E+00 1.074279E+01
2.386000E+02 1.665975E+00 1.074098E+01
2.395000E+02 1.666888E+00 1.073668E+01
2.404000E+02 1.667795E+00 1.073243E+01
2.413000E+02 1.668696E+00 1.073076E+01
2.422000E+02 1.669590E+00 1.072661E+01
2.431000E+02 1.670479E+00 1.072251E+01
2.440000E+02 1.671361E+00 1.072098E+01
2.449000E+02 1.672238E+00 1.071697E+01
2.458000E+02 1.673108E+00 1.071302E+01
2.467000E+02 1.673973E+00 1.070912E+01
2.476000E+02 1.674832E+00 1.070776E+01
2.485000E+02 1.675685E+00 1.070395E+01
2.494000E+02 1.676533E+00 1.070018E+01
2.503000E+02 1.677375E+00 1.069647E+01
2.512000E+02 1.678211E+00 1.069280E+01
2.521000E+02 1.679042E+00 1.068918E+01
2.530000E+02 1.679867E+00 1.068807E+01
2.539000E+02 1.680686E+00 1.068454E+01
2.548000E+02 1.681501E+00 1.068105E+01
2.557000E+02 1.682310E+00 1.067761E+01
2.566000E+02 1.683113E+00 1.067421E+01
2.575000E+02 1.683911E+00 1.067085E+01
2.584000E+02 1.684704E+00 1.066754E+01
2.593000E+02 1.685492E+00 1.066427E+01
2.602000E+02 1.686275E+00 1.066105E+01
2.611000E+02 1.687052E+00 1.065787E+01
2.620000E+02 1.687825E+00 1.065473E+01
2.629000E+02 1.688592E+00 1.065163E+01
2.638000E+02 1.689354E+00 1.064857E+01
2.647000E+02 1.690112E+00 1.064556E+01
2.656000E+02 1.690864E+00 1.064258E+01
2.665000E+02 1.691612E+00 1.063965E+01
2.674000E+02 1.692354E+00 1.063675E+01
2.683000E+02 1.693092E+00 1.063390E+01
2.692000E+02 1.693826E+00 1.063108E+01
2.701000E+02 1.694554E+00 1.062591E+01
2.710000E+02 1.695278E+00 1.062318E+01
2.719000E+02 1.695997E+00 1.062048E+01
2.728000E+02 1.696711E+00 1.061783E+01
2.737000E+02 1.697421E+00 1.061521E+01
2.746000E+02 1.698126E+00 1.061262E+01
2.755000E+02 1.698827E+00 1.060771E+01
2.764000E+02 1.699524E+00 1.060520E+01
2.773000E+02 1.700216E+00 1.060273E+01
2.782000E+02 1.700903E+00 1.060030E+01
2.791000E+02 1.701586E+00 1.059555E+01
2.800000E+02 1.702265E+00 1.059319E+01
2.809000E+02 1.702939E+00 1.059087E+01
2.818000E+02 1.703609E+00 1.058624E+01
2.827000E+02 1.704275E+00 1.058399E+01
2.836000E+02 1.704937E+00 1.058177E+01
2.845000E+02 1.705595E+00 1.057726E+01
2.854000E+02 1.706248E+00 1.057511E+01
2.863000E+02 1.706897E+00 1.057300E+01
2.872000E+02 1.707542E+00 1.056860E+01
2.881000E+02 1.708184E+00 1.056656E+01
2.890000E+02 1.708821E+00 1.056455E+01
2.899000E+02 1.709454E+00 1.056026E+01
2.908000E+02 1.710083E+00 1.055832E+01
2.917000E+02 1.710708E+00 1.055411E+01
2.926000E+02 1.711329E+00 1.055223E+01
2.935000E+02 1.711947E+00 1.054810E+01
2.944000E+02 1.712560E+00 1.054628E+01
2.953000E+02 1.713170E+00 1.054222E+01
2.962000E+02 1.713776E+00 1.054047E+01
2.971000E+02 1.714378E+00 1.053648E+01
2.980000E+02 1.714977E+00 1.053479E+01
2.989000E+02 1.715571E+00 1.053087E+01
2.998000E+02 1.716162E+00 1.052925E+01
3.007000E+02 1.716750E+00 1.052539E+01
3.016000E+02 1.717334E+00 1.052157E+01
3.025000E+02 1.717914E+00 1.052004E+01
3.034000E+02 1.718490E+00 1.051628E+01
3.043000E+02 1.719063E+00 1.051482E+01
3.052000E+02 1.719633E+00 1.051113E+01
3.061000E+02 1.720199E+00 1.050747E+01
3.070000E+02 1.720761E+00 1.050609E+01
3.079000E+02 1.721320E+00 1.050250E+01
3.088000E+02 1.721876E+00 1.049895E+01
3.097000E+02 1.722428E+00 1.049766E+01
3.106000E+02 1.722977E+00 1.049416E+01
3.115000E+02 1.723522E+00 1.049070E+01
3.124000E+02 1.724065E+00 1.048950E+01
3.133000E+02 1.724603E+00 1.048610E+01
3.142000E+02 1.725139E+00 1.048273E+01
3.151000E+02 1.725671E+00 1.047939E+01
3.160000E+02 1.726200E+00 1.047830E+01
3.169000E+02 1.726726E+00 1.047503E+01
3.178000E+02 1.727249E+00 1.047178E+01
3.187000E+02 1.727768E+00 1.046857E+01
3.196000E+02 1.728285E+00 1.046758E+01
3.205000E+02 1.728798E+00 1.046443E+01
3.214000E+02 1.729308E+00 1.046130E+01
3.223000E+02 1.729815E+00 1.045821E+01
3.232000E+02 1.730319E+00 1.045514E+01
3.241000E+02 1.730820E+00 1.045210E+01
3.250000E+02 1.731318E+00 1.044910E+01
3.259000E+02 1.731812E+00 1.044830E+01
3.268000E+02 1.732304E+00 1.044535E+01
3.277000E+02 1.732793E+00 1.044242E+01
3.286000E+02 1.733279E+00 1.043953E+01
3.295000E+02 1.733762E+00 1.043666E+01
3.304000E+02 1.734242E+00 1.043382E+01
3.313000E+02 1.734720E+00 1.043101E+01
3.322000E+02 1.735194E+00 1.042823E+01
3.331000E+02 1.735666E+00 1.042548E+01
3.340000E+02 1.736134E+00 1.042275E+01
3.349000E+02 1.736600E+00 1.042005E+01
3.358000E+02 1.737063E+00 1.041738E+01
3.367000E+02 1.737524E+00 1.041473E+01
3.376000E+02 1.737981E+00 1.041211E+01
3.385000E+02 1.738436E+00 1.040952E+01
3.394000E+02 1.738888E+00 1.040695E+01
3.403000E+02 1.739338E+00 1.040441E+01
3.412000E+02 1.739785E+00 1.040189E+01
3.421000E+02 1.740229E+00 1.039940E+01
3.430000E+02 1.740670E+00 1.039694E+01
3.439000E+02 1.741109E+00 1.039450E+01
3.448000E+02 1.741546E+00 1.039209E+01
3.457000E+02 1.741979E+00 1.038970E+01
3.466000E+02 1.742410E+00 1.038734E+01
3.475000E+02 1.742839E+00 1.038500E+01
3.484000E+02 1.743265E+00 1.038057E+01
3.493000E+02 1.743688E+00 1.037828E+01
3.502000E+02 1.744109E+00 1.037602E+01
3.511000E+02 1.744528E+00 1.037378E+01
3.520000E+02 1.744944E+00 1.037157E+01
3.529000E+02 1.745358E+00 1.036938E+01
3.538000E+02 1.745769E+00 1.036511E+01
3.547000E+02 1.746177E+00 1.036297E+01
3.556000E+02 1.746584E+00 1.036085E+01
3.565000E+02 1.746987E+00 1.035875E+01
3.574000E+02 1.747389E+00 1.035668E+01
3.583000E+02 1.747788E+00 1.035255E+01
3.592000E+02 1.748185E+00 1.035052E+01
3.601000E+02 1.748579E+00 1.034852E+01
3.610000E+02 1.748971E+00 1.034654E+01
3.619000E+02 1.749361E+00 1.034251E+01
3.628000E+02 1.749749E+00 1.034058E+01
3.637000E+02 1.750134E+00 1.033866E+01
3.646000E+02 1.750517E+00 1.033677E+01
3.655000E+02 1.750898E+00 1.033284E+01
3.664000E+02 1.751276E+00 1.033100E+01
3.673000E+02 1.751653E+00 1.032917E+01
3.682000E+02 1.752027E+00 1.032532E+01
3.691000E+02 1.752399E+00 1.032354E+01
3.700000E+02 1.752768E+00 1.032178E+01
3.709000E+02 1.753136E+00 1.031799E+01
3.718000E+02 1.753501E+00 1.031628E+01
3.727000E+02 1.753865E+00 1.031459E+01
3.736000E+02 1.754226E+00 1.031087E+01
3.745000E+02 1.754585E+00 1.030922E+01
3.754000E+02 1.754942E+00 1.030555E+01
3.763000E+02 1.755296E+00 1.030394E+01
3.772000E+02 1.755649E+00 1.030236E+01
3.781000E+02 1.756000E+00 1.029876E+01
3.790000E+02 1.756348E+00 1.029721E+01
3.799000E+02 1.756695E+00 1.029366E+01
3.808000E+02 1.757040E+00 1.029215E+01
3.817000E+02 1.757382E+00 1.028864E+01
3.826000E+02 1.757723E+00 1.028718E+01
3.835000E+02 1.758061E+00 1.028574E+01
3.844000E+02 1.758398E+00 1.028229E+01
3.853000E+02 1.758733E+00 1.028089E+01
3.862000E+02 1.759065E+00 1.027749E+01
3.871000E+02 1.759396E+00 1.027612E+01
3.880000E+02 1.759725E+00 1.027277E+01
3.889000E+02 1.760052E+00 1.027144E+01
3.898000E+02 1.760377E+00 1.026813E+01
3.907000E+02 1.760700E+00 1.026684E+01
3.916000E+02 1.761021E+00 1.026357E+01
3.925000E+02 1.761341E+00 1.026032E+01
3.934000E+02 1.761658E+00 1.025909E+01
3.943000E+02 1.761974E+00 1.025589E+01
3.952000E+02 1.762288E+00 1.025470E+01
3.961000E+02 1.762600E+00 1.025153E+01
3.970000E+02 1.762910E+00 1.025038E+01
3.979000E+02 1.763218E+00 1.024725E+01
3.988000E+02 1.763525E+00 1.024415E+01
3.997000E+02 1.763830E+00 1.024305E+01
4.006000E+02 1.764133E+00 1.023999E+01
4.015000E+02 1.764434E+00 1.023892E+01
4.024000E+02 1.764733E+00 1.023590E+01
4.033000E+02 1.765031E+00 1.023290E+01
4.042000E+02 1.765327E+00 1.023189E+01
4.051000E+02 1.765622E+00 1.022892E+01
4.060000E+02 1.765914E+00 1.022598E+01
4.069000E+02 1.766205E+00 1.022502E+01
4.078000E+02 1.766494E+00 1.022212E+01
4.087000E+02 1.766782E+00 1.021924E+01
4.096000E+02 1.767068E+00 1.021833E+01
4.105000E+02 1.767352E+00 1.021548E+01
4.114000E+02 1.767634E+00 1.021266E+01
4.123000E+02 1.767915E+00 1.020985E+01
4.132000E+02 1.768195E+00 1.020901E+01
4.141000E+02 1.768472E+00 1.020624E+01
4.150000E+02 1.768748E+00 1.020349E+01
4.159000E+02 1.769023E+00 1.020076E+01
4.168000E+02 1.769296E+00 1.019999E+01
4.177000E+02 1.769567E+00 1.019730E+01
4.186000E+02 1.769837E+00 1.019462E+01
4.195000E+02 1.770105E+00 1.019196E+01
4.204000E+02 1.770371E+00 1.019126E+01
4.213000E+02 1.770636E+00 1.018864E+01
4.222000E+02 1.770900E+00 1.018603E+01
4.231000E+02 1.771162E+00 1.018345E+01
4.240000E+02 1.771422E+00 1.018088E+01
4.249000E+02 1.771681E+00 1.018025E+01
4.258000E+02 1.771938E+00 1.017772E+01
4.267000E+02 1.772194E+00 1.017521E+01
4.276000E+02 1.772448E+00 1.017271E+01
4.285000E+02 1.772701E+00 1.017023E+01
4.294000E+02 1.772953E+00 1.016777E+01
4.303000E+02 1.773203E+00 1.016724E+01
4.312000E+02 1.773451E+00 1.016481E+01
4.321000E+02 1.773698E+00 1.016240E+01
4.330000E+02 1.773944E+00 1.016000E+01
4.339000E+02 1.774188E+00 1.015763E+01
4.348000E+02 1.774431E+00 1.015527E+01
4.357000E+02 1.774672E+00 1.015292E+01
4.366000E+02 1.774912E+00 1.015060E+01
4.375000E+02 1.775150E+00 1.014829E+01
4.384000E+02 1.775388E+00 1.014790E+01
4.393000E+02 1.775623E+00 1.014562E+01
4.402000E+02 1.775858E+00 1.014336E+01
4.411000E+02 1.776091E+00 1.014111E+01
4.420000E+02 1.776322E+00 1.013889E+01
4.429000E+02 1.776553E+00 1.013667E+01
4.438000E+02 1.776782E+00 1.013448E+01
4.447000E+02 1.777009E+00 1.013230E+01
4.456000E+02 1.777235E+00 1.013014E+01
4.465000E+02 1.777460E+00 1.012799E+01
4.474000E+02 1.777684E+00 1.012586E+01
4.483000E+02 1.777906E+00 1.012374E+01
4.492000E+02 1.778127E+00 1.012164E+01
4.501000E+02 1.778347E+00 1.011956E+01
4.510000E+02 1.778565E+00 1.011749E+01
4.519000E+02 1.778782E+00 1.011544E+01
4.528000E+02 1.778998E+00 1.011340E+01
4.537000E+02 1.779213E+00 1.011138E+01
4.546000E+02 1.779426E+00 1.010937E+01
4.555000E+02 1.779638E+00 1.010738E+01
4.564000E+02 1.779849E+00 1.010541E+01
4.573000E+02 1.780058E+00 1.010345E+01
4.582000E+02 1.780267E+00 1.010150E+01
4.591000E+02 1.780474E+00 1.009957E+01
4.600000E+02 1.780680E+00 1.009579E+01
4.609000E+02 1.780884E+00 1.009389E+01
4.618000E+02 1.781088E+00 1.009201E+01
4.627000E+02 1.781290E+00 1.009014E+01
4.636000E+02 1.781491E+00 1.008828E+01
4.645000E+02 1.781691E+00 1.008644E+01
4.654000E+02 1.781890E+00 1.008461E+01
4.663000E+02 1.782087E+00 1.008280E+01
4.672000E+02 1.782283E+00 1.008100E+01
4.681000E+02 1.782479E+00 1.007922E+01
4.690000E+02 1.782672E+00 1.007560E+01
4.699000E+02 1.782865E+00 1.007385E+01
4.708000E+02 1.783057E+00 1.007211E+01
4.717000E+02 1.783248E+00 1.007038E+01
4.726000E+02 1.783437E+00 1.006867E+01
4.735000E+02 1.783625E+00 1.006697E+01
4.744000E+02 1.783812E+00 1.006345E+01
4.753000E+02 1.783998E+00 1.006178E+01
4.762000E+02 1.784183E+00 1.006012E+01
4.771000E+02 1.784367E+00 1.005848E+01
4.780000E+02 1.784550E+00 1.005685E+01
4.789000E+02 1.784732E+00 1.005341E+01
4.798000E+02 1.784912E+00 1.005181E+01
4.807000E+02 1.785092E+00 1.005022E+01
4.816000E+02 1.785270E+00 1.004864E+01
4.825000E+02 1.785447E+00 1.004708E+01
4.834000E+02 1.785624E+00 1.004372E+01
4.843000E+02 1.785799E+00 1.004218E+01
4.852000E+02 1.785973E+00 1.004066E+01
4.861000E+02 1.786146E+00 1.003915E+01
4.870000E+02 1.786318E+00 1.003584E+01
4.879000E+02 1.786489E+00 1.003436E+01
4.888000E+02 1.786659E+00 1.003289E+01
4.897000E+02 1.786828E+00 1.003144E+01
4.906000E+02 1.786996E+00 1.002819E+01
4.915000E+02 1.787163E+00 1.002676E+01
4.924000E+02 1.787329E+00 1.002534E+01
4.933000E+02 1.787493E+00 1.002213E+01
4.942000E+02 1.787657E+00 1.002074E+01
4.951000E+02 1.787820E+00 1.001936E+01
4.960000E+02 1.787982E+00 1.001800E+01
4.969000E+02 1.788143E+00 1.001484E+01
4.978000E+02 1.788303E+00 1.001350E+01
4.987000E+02 1.788462E+00 1.001218E+01
4.996000E+02 1.788620E+00 1.000907E+01
5.005000E+02 1.788777E+00 1.000776E+01
5.014000E+02 1.788933E+00 1.000647E+01
5.023000E+02 1.789088E+00 1.000340E+01
5.032000E+02 1.789242E+00 1.000214E+01
5.041000E+02 1.789395E+00 9.999096E+00
5.050000E+02 1.789547E+00 9.997854E+00
5.059000E+02 1.789699E+00 9.996624E+00
5.068000E+02 1.789849E+00 9.993624E+00
5.077000E+02 1.789998E+00 9.992419E+00
5.086000E+02 1.790147E+00 9.991224E+00
5.095000E+02 1.790295E+00 9.988264E+00
5.104000E+02 1.790441E+00 9.987094E+00
5.113000E+02 1.790587E+00 9.984161E+00
5.122000E+02 1.790732E+00 9.983014E+00
5.131000E+02 1.790876E+00 9.981880E+00
5.140000E+02 1.791019E+00 9.978985E+00
5.149000E+02 1.791161E+00 9.977874E+00
5.158000E+02 1.791302E+00 9.975005E+00
5.167000E+02 1.791443E+00 9.973917E+00
5.176000E+02 1.791582E+00 9.971075E+00
5.185000E+02 1.791721E+00 9.970010E+00
5.194000E+02 1.791859E+00 9.967193E+00
5.203000E+02 1.791996E+00 9.966151E+00
5.212000E+02 1.792132E+00 9.965120E+00
5.221000E+02 1.792267E+00 9.962341E+00
5.230000E+02 1.792401E+00 9.961332E+00
5.239000E+02 1.792535E+00 9.958578E+00
5.248000E+02 1.792667E+00 9.957592E+00
5.257000E+02 1.792799E+00 9.954863E+00
5.266000E+02 1.792930E+00 9.953899E+00
5.275000E+02 1.793060E+00 9.951195E+00
5.284000E+02 1.793190E+00 9.950253E+00
5.293000E+02 1.793318E+00 9.947573E+00
5.302000E+02 1.793446E+00 9.946653E+00
5.311000E+02 1.793573E+00 9.943997E+00
5.320000E+02 1.793699E+00 9.943099E+00
5.329000E+02 1.793824E+00 9.940468E+00
5.338000E+02 1.793948E+00 9.939591E+00
5.347000E+02 1.794072E+00 9.936984E+00
5.356000E+02 1.794195E+00 9.934389E+00
5.365000E+02 1.794317E+00 9.933544E+00
5.374000E+02 1.794438E+00 9.930973E+00
5.383000E+02 1.794558E+00 9.930150E+00
5.392000E+02 1.794678E+00 9.927602E+00
5.401000E+02 1.794797E+00 9.926799E+00
5.410000E+02 1.794915E+00 9.924274E+00
5.419000E+02 1.795032E+00 9.923493E+00
5.428000E+02 1.795149E+00 9.920991E+00
5.437000E+02 1.795265E+00 9.918501E+00
5.446000E+02 1.795380E+00 9.917751E+00
5.455000E+02 1.795494E+00 9.915284E+00
5.464000E+02 1.795608E+00 9.914554E+00
5.473000E+02 1.795721E+00 9.912110E+00
5.482000E+02 1.795833E+00 9.909677E+00
5.491000E+02 1.795944E+00 9.908978E+00
5.500000E+02 1.796055E+00 9.906567E+00
5.509000E+02 1.796164E+00 9.904169E+00
5.518000E+02 1.796273E+00 9.903500E+00
5.527000E+02 1.796382E+00 9.901123E+00
5.536000E+02 1.796490E+00 9.900474E+00
5.545000E+02 1.796596E+00 9.898119E+00
5.554000E+02 1.796703E+00 9.895776E+00
5.563000E+02 1.796808E+00 9.895156E+00
5.572000E+02 1.796913E+00 9.892834E+00
5.581000E+02 1.797017E+00 9.890523E+00
5.590000E+02 1.797121E+00 9.889933E+00
5.599000E+02 1.797223E+00 9.887644E+00
5.608000E+02 1.797325E+00 9.885366E+00
5.617000E+02 1.797427E+00 9.884804E+00
5.626000E+02 1.797527E+00 9.882547E+00
5.635000E+02 1.797627E+00 9.880301E+00
5.644000E+02 1.797726E+00 9.878067E+00
5.653000E+02 1.797825E+00 9.877543E+00
5.662000E+02 1.797923E+00 9.875329E+00
5.671000E+02 1.798020E+00 9.873126E+00
5.680000E+02 1.798117E+00 9.872631E+00
5.689000E+02 1.798212E+00 9.870448E+00
5.698000E+02 1.798308E+00 9.868276E+00
5.707000E+02 1.798402E+00 9.866115E+00
5.716000E+02 1.798496E+00 9.865657E+00
5.725000E+02 1.798589E+00 9.863516E+00
5.734000E+02 1.798682E+00 9.861385E+00
5.743000E+02 1.798774E+00 9.860955E+00
5.752000E+02 1.798865E+00 9.858844E+00
5.761000E+02 1.798956E+00 9.856744E+00
5.770000E+02 1.799046E+00 9.854654E+00
5.779000E+02 1.799135E+00 9.854260E+00
5.788000E+02 1.799224E+00 9.852190E+00
5.797000E+02 1.799312E+00 9.850130E+00
5.806000E+02 1.799399E+00 9.848081E+00
5.815000E+02 1.799486E+00 9.846042E+00
5.824000E+02 1.799573E+00 9.845692E+00
5.833000E+02 1.799658E+00 9.843672E+00
5.842000E+02 1.799743E+00 9.841662E+00
5.851000E+02 1.799827E+00 9.839662E+00
5.860000E+02 1.799911E+00 9.837673E+00
5.869000E+02 1.799994E+00 9.837367E+00
5.878000E+02 1.800077E+00 9.835396E+00
5.887000E+02 1.800159E+00 9.833435E+00
5.896000E+02 1.800240E+00 9.831484E+00
5.905000E+02 1.800321E+00 9.829543E+00
5.914000E+02 1.800401E+00 9.829280E+00
5.923000E+02 1.800481E+00 9.827357E+00
5.932000E+02 1.800560E+00 9.825444E+00
5.941000E+02 1.800638E+00 9.823541E+00
5.950000E+02 1.800716E+00 9.821647E+00
5.959000E+02 1.800793E+00 9.819763E+00
5.968000E+02 1.800870E+00 9.817889E+00
5.977000E+02 1.800946E+00 9.817685E+00
5.986000E+02 1.801021E+00 9.815829E+00
5.995000E+02 1.801096E+00 9.813982E+00
6.004000E+02 1.801170E+00 9.812145E+00
6.013000E+02 1.801244E+00 9.810317E+00
6.022000E+02 1.801317E+00 9.808498E+00
6.031000E+02 1.801390E+00 9.806689E+00
6.040000E+02 1.801462E+00 9.804889E+00
6.049000E+02 1.801534E+00 9.804751E+00
6.058000E+02 1.801605E+00 9.802969E+00
6.067000E+02 1.801675E+00 9.801195E+00
6.076000E+02 1.801745E+00 9.799431E+00
6.085000E+02 1.801814E+00 9.797676E+00
6.094000E+02 1.801883E+00 9.795930E+00
6.103000E+02 1.801951E+00 9.794193E+00
6.112000E+02 1.802019E+00 9.792466E+00
6.121000E+02 1.802086E+00 9.790747E+00
6.130000E+02 1.802153E+00 9.789037E+00
6.139000E+02 1.802219E+00 9.787336E+00
6.148000E+02 1.802285E+00 9.785644E+00
6.157000E+02 1.802350E+00 9.785603E+00
6.166000E+02 1.802414E+00 9.783927E+00
6.175000E+02 1.802478E+00 9.782261E+00
6.184000E+02 1.802542E+00 9.780603E+00
6.193000E+02 1.802605E+00 9.778954E+00
6.202000E+02 1.802667E+00 9.777314E+00
6.211000E+02 1.802729E+00 9.775683E+00
6.220000E+02 1.802790E+00 9.774060E+00
6.229000E+02 1.802851E+00 9.772446E+00
6.238000E+02 1.802912E+00 9.770840E+00
6.247000E+02 1.802972E+00 9.769243E+00
6.256000E+02 1.803031E+00 9.767654E+00
6.265000E+02 1.803090E+00 9.766074E+00
6.274000E+02 1.803149E+00 9.764503E+00
6.283000E+02 1.803206E+00 9.762940E+00
6.292000E+02 1.803264E+00 9.761385E+00
6.301000E+02 1.803321E+00 9.759839E+00
6.310000E+02 1.803377E+00 9.758301E+00
6.319000E+02 1.803433E+00 9.756771E+00
6.328000E+02 1.803489E+00 9.755250E+00
6.337000E+02 1.803544E+00 9.753736E+00
6.346000E+02 1.803598E+00 9.752232E+00
6.355000E+02 1.803652E+00 9.750735E+00
6.364000E+02 1.803706E+00 9.749246E+00
6.373000E+02 1.803759E+00 9.747766E+00
6.382000E+02 1.803812E+00 9.746294E+00
6.391000E+02 1.803864E+00 9.744830E+00
6.400000E+02 1.803915E+00 9.743374E+00
6.409000E+02 1.803967E+00 9.741926E+00
6.418000E+02 1.804017E+00 9.740486E+00
6.427000E+02 1.804068E+00 9.737441E+00
6.436000E+02 1.804118E+00 9.736018E+00
6.445000E+02 1.804167E+00 9.734602E+00
6.454000E+02 1.804216E+00 9.733195E+00
6.463000E+02 1.804264E+00 9.731795E+00
6.472000E+02 1.804312E+00 9.730404E+00
6.481000E+02 1.804360E+00 9.729020E+00
6.490000E+02 1.804407E+00 9.727644E+00
6.499000E+02 1.804454E+00 9.726276E+00
6.508000E+02 1.804500E+00 9.724915E+00
6.517000E+02 1.804546E+00 9.723562E+00
6.526000E+02 1.804591E+00 9.722217E+00
6.535000E+02 1.804636E+00 9.719277E+00
6.544000E+02 1.804680E+00 9.717948E+00
6.553000E+02 1.804724E+00 9.716627E+00
6.562000E+02 1.804768E+00 9.715313E+00
6.571000E+02 1.804811E+00 9.714007E+00
6.580000E+02 1.804854E+00 9.712708E+00
6.589000E+02 1.804896E+00 9.711417E+00
6.598000E+02 1.804938E+00 9.710133E+00
6.607000E+02 1.804980E+00 9.708857E+00
6.616000E+02 1.805021E+00 9.705993E+00
6.625000E+02 1.805061E+00 9.704732E+00
6.634000E+02 1.805102E+00 9.703479E+00
6.643000E+02 1.805141E+00 9.702233E+00
6.652000E+02 1.805181E+00 9.700995E+00
6.661000E+02 1.805220E+00 9.699763E+00
6.670000E+02 1.805258E+00 9.696950E+00
6.679000E+02 1.805296E+00 9.695734E+00
6.688000E+02 1.805334E+00 9.694525E+00
6.697000E+02 1.805372E+00 9.693324E+00
6.706000E+02 1.805408E+00 9.692129E+00
6.715000E+02 1.805445E+00 9.690942E+00
6.724000E+02 1.805481E+00 9.688178E+00
6.733000E+02 1.805517E+00 9.687006E+00
6.742000E+02 1.805552E+00 9.685841E+00
6.751000E+02 1.805587E+00 9.684683E+00
6.760000E+02 1.805622E+00 9.683532E+00
6.769000E+02 1.805656E+00 9.682388E+00
6.778000E+02 1.805690E+00 9.679671E+00
6.787000E+02 1.805723E+00 9.678542E+00
6.796000E+02 1.805756E+00 9.677420E+00
6.805000E+02 1.805789E+00 9.676305E+00
6.814000E+02 1.805821E+00 9.673620E+00
6.823000E+02 1.805853E+00 9.672520E+00
6.832000E+02 1.805884E+00 9.671426E+00
6.841000E+02 1.805915E+00 9.670339E+00
6.850000E+02 1.805946E+00 9.669258E+00
6.859000E+02 1.805976E+00 9.666613E+00
6.868000E+02 1.806006E+00 9.665547E+00
6.877000E+02 1.806036E+00 9.664488E+00
6.886000E+02 1.806065E+00 9.663435E+00
6.895000E+02 1.806094E+00 9.660821E+00
6.904000E+02 1.806122E+00 9.659783E+00
6.913000E+02 1.806150E+00 9.658751E+00
6.922000E+02 1.806178E+00 9.657726E+00
6.931000E+02 1.806205E+00 9.655142E+00
6.940000E+02 1.806232E+00 9.654131E+00
6.949000E+02 1.806259E+00 9.653126E+00
6.958000E+02 1.806285E+00 9.652129E+00
6.967000E+02 1.806311E+00 9.649575E+00
6.976000E+02 1.806337E+00 9.648591E+00
6.985000E+02 1.806362E+00 9.647613E+00
6.994000E+02 1.806387E+00 9.646642E+00
7.003000E+02 1.806412E+00 9.644118E+00
7.012000E+02 1.806436E+00 9.643160E+00
7.021000E+02 1.806460E+00 9.642209E+00
7.030000E+02 1.806483E+00 9.639707E+00
7.039000E+02 1.806506E+00 9.638770E+00
7.048000E+02 1.806529E+00 9.637838E+00
7.057000E+02 1.806551E+00 9.635359E+00
7.066000E+02 1.806574E+00 9.634441E+00
7.075000E+02 1.806595E+00 9.633529E+00
7.084000E+02 1.806617E+00 9.632624E+00
7.093000E+02 1.806638E+00 9.630173E+00
7.102000E+02 1.806659E+00 9.629281E+00
7.111000E+02 1.806679E+00 9.628395E+00
7.120000E+02 1.806699E+00 9.625966E+00
7.129000E+02 1.806719E+00 9.625093E+00
7.138000E+02 1.806738E+00 9.624226E+00
7.147000E+02 1.806757E+00 9.621819E+00
7.156000E+02 1.806776E+00 9.620965E+00
7.165000E+02 1.806795E+00 9.620117E+00
7.174000E+02 1.806813E+00 9.617731E+00
7.183000E+02 1.806830E+00 9.616896E+00
7.192000E+02 1.806848E+00 9.616067E+00
7.201000E+02 1.806865E+00 9.613702E+00
7.210000E+02 1.806882E+00 9.612885E+00
7.219000E+02 1.806898E+00 9.610534E+00
7.228000E+02 1.806915E+00 9.609731E+00
7.237000E+02 1.806930E+00 9.608933E+00
7.246000E+02 1.806946E+00 9.606603E+00
7.255000E+02 1.806961E+00 9.605818E+00
7.264000E+02 1.806976E+00 9.605039E+00
7.273000E+02 1.806991E+00 9.602729E+00
7.282000E+02 1.807005E+00 9.601962E+00
7.291000E+02 1.807019E+00 9.599666E+00
7.300000E+02 1.807033E+00 9.598912E+00
7.309000E+02 1.807046E+00 9.598163E+00
7.318000E+02 1.807059E+00 9.595887E+00
7.327000E+02 1.807072E+00 9.595151E+00
7.336000E+02 1.807085E+00 9.592889E+00
7.345000E+02 1.807097E+00 9.592164E+00
7.354000E+02 1.807109E+00 9.591446E+00
7.363000E+02 1.807120E+00 9.589204E+00
7.372000E+02 1.807132E+00 9.588497E+00
7.381000E+02 1.807143E+00 9.586268E+00
7.390000E+02 1.807153E+00 9.585574E+00
7.399000E+02 1.807164E+00 9.584885E+00
7.408000E+02 1.807174E+00 9.582676E+00
7.417000E+02 1.807184E+00 9.581999E+00
7.426000E+02 1.807193E+00 9.579803E+00
7.435000E+02 1.807202E+00 9.579137E+00
7.444000E+02 1.807211E+00 9.576955E+00
7.453000E+02 1.807220E+00 9.576301E+00
7.462000E+02 1.807229E+00 9.575653E+00
7.471000E+02 1.807237E+00 9.573490E+00
7.480000E+02 1.807244E+00 9.572853E+00
7.489000E+02 1.807252E+00 9.570703E+00
7.498000E+02 1.807259E+00 9.570078E+00
7.507000E+02 1.807266E+00 9.567940E+00
7.516000E+02 1.807273E+00 9.567327E+00
7.525000E+02 1.807279E+00 9.565202E+00
7.534000E+02 1.807286E+00 9.564600E+00
7.543000E+02 1.807291E+00 9.562488E+00
7.552000E+02 1.807297E+00 9.561897E+00
7.561000E+02 1.807302E+00 9.559798E+00
7.570000E+02 1.807307E+00 9.559219E+00
7.579000E+02 1.807312E+00 9.557132E+00
7.588000E+02 1.807317E+00 9.556564E+00
7.597000E+02 1.807321E+00 9.556001E+00
7.606000E+02 1.807325E+00 9.553932E+00
7.615000E+02 1.807329E+00 9.553381E+00
7.624000E+02 1.807332E+00 9.551325E+00
7.633000E+02 1.807335E+00 9.550784E+00
7.642000E+02 1.807338E+00 9.548740E+00
7.651000E+02 1.807341E+00 9.548211E+00
7.660000E+02 1.807343E+00 9.546179E+00
7.669000E+02 1.807345E+00 9.545661E+00
7.678000E+02 1.807347E+00 9.543642E+00
7.687000E+02 1.807349E+00 9.541629E+00
7.696000E+02 1.807350E+00 9.541127E+00
7.705000E+02 1.807351E+00 9.539126E+00
7.714000E+02 1.807352E+00 9.538635E+00
7.723000E+02 1.807353E+00 9.536646E+00
7.732000E+02 1.807353E+00 9.536165E+00
7.741000E+02 1.807353E+00 9.534189E+00
7.750000E+02 1.807353E+00 9.533719E+00
7.759000E+02 1.807353E+00 9.531754E+00
7.768000E+02 1.807352E+00 9.531294E+00
7.777000E+02 1.807351E+00 9.529342E+00
7.786000E+02 1.807350E+00 9.528893E+00
7.795000E+02 1.807349E+00 9.526952E+00
7.804000E+02 1.807347E+00 9.526513E+00
7.813000E+02 1.807345E+00 9.524584E+00
7.822000E+02 1.807343E+00 9.522661E+00
7.831000E+02 1.807341E+00 9.522238E+00
7.840000E+02 1.807338E+00 9.520327E+00
7.849000E+02 1.807335E+00 9.519914E+00
7.858000E+02 1.807332E+00 9.518014E+00
7.867000E+02 1.807329E+00 9.517612E+00
7.876000E+02 1.807325E+00 9.515724E+00
7.885000E+02 1.807321E+00 9.513841E+00
7.894000E+02 1.807317E+00 9.513455E+00
7.903000E+02 1.807313E+00 9.511584E+00
7.912000E+02 1.807309E+00 9.511207E+00
7.921000E+02 1.807304E+00 9.509347E+00
7.930000E+02 1.807299E+00 9.507494E+00
7.939000E+02 1.807294E+00 9.507133E+00
7.948000E+02 1.807288E+00 9.505290E+00
7.957000E+02 1.807283E+00 9.504939E+00
7.966000E+02 1.807277E+00 9.503108E+00
7.975000E+02 1.807271E+00 9.501282E+00
7.984000E+02 1.807264E+00 9.500946E+00
7.993000E+02 1.807258E+00 9.499132E+00
8.002000E+02 1.807251E+00 9.498806E+00
8.011000E+02 1.807244E+00 9.497002E+00
8.020000E+02 1.807237E+00 9.495205E+00
8.029000E+02 1.807229E+00 9.494893E+00
8.038000E+02 1.807221E+00 9.493107E+00
8.047000E+02 1.807214E+00 9.492805E+00
8.056000E+02 1.807205E+00 9.491030E+00
8.065000E+02 1.807197E+00 9.489260E+00
8.074000E+02 1.807189E+00 9.488973E+00
8.083000E+02 1.807180E+00 9.487214E+00
8.092000E+02 1.807171E+00 9.485460E+00
8.101000E+02 1.807162E+00 9.485188E+00
8.110000E+02 1.807152E+00 9.483445E+00
8.119000E+02 1.807143E+00 9.481708E+00
8.128000E+02 1.807133E+00 9.481450E+00
8.137000E+02 1.807123E+00 9.479724E+00
8.146000E+02 1.807112E+00 9.478003E+00
8.155000E+02 1.807102E+00 9.477759E+00
8.164000E+02 1.807091E+00 9.476049E+00
8.173000E+02 1.807080E+00 9.474344E+00
8.182000E+02 1.807069E+00 9.474115E+00
8.191000E+02 1.807058E+00 9.472421E+00
8.200000E+02 1.807046E+00 9.470732E+00
8.209000E+02 1.807035E+00 9.470516E+00
8.218000E+02 1.807023E+00 9.468838E+00
8.227000E+02 1.807011E+00 9.467165E+00
8.236000E+02 1.806998E+00 9.466964E+00
8.245000E+02 1.806986E+00 9.465301E+00
8.254000E+02 1.806973E+00 9.463644E+00
8.263000E+02 1.806960E+00 9.463456E+00
8.272000E+02 1.806947E+00 9.461809E+00
8.281000E+02 1.806934E+00 9.460168E+00
8.290000E+02 1.806920E+00 9.459994E+00
8.299000E+02 1.806906E+00 9.458362E+00
8.308000E+02 1.806892E+00 9.456736E+00
8.317000E+02 1.806878E+00 9.456576E+00
8.326000E+02 1.806864E+00 9.454960E+00
8.335000E+02 1.806850E+00 9.453349E+00
8.344000E+02 1.806835E+00 9.451743E+00
8.353000E+02 1.806820E+00 9.451602E+00
8.362000E+02 1.806805E+00 9.450006E+00
8.371000E+02 1.806790E+00 9.448415E+00
8.380000E+02 1.806774E+00 9.446830E+00
8.389000E+02 1.806758E+00 9.446706E+00
8.398000E+02 1.806743E+00 9.445131E+00
8.407000E+02 1.806727E+00 9.443561E+00
8.416000E+02 1.806710E+00 9.443451E+00
8.425000E+02 1.806694E+00 9.441890E+00
8.434000E+02 1.806677E+00 9.440335E+00
8.443000E+02 1.806660E+00 9.438785E+00
8.452000E+02 1.806644E+00 9.438692E+00
8.461000E+02 1.806626E+00 9.437151E+00
8.470000E+02 1.806609E+00 9.435616E+00
8.479000E+02 1.806592E+00 9.434086E+00
8.488000E+02 1.806574E+00 9.434010E+00
8.497000E+02 1.806556E+00 9.432490E+00
8.506000E+02 1.806538E+00 9.430974E+00
8.515000E+02 1.806520E+00 9.429463E+00
8.524000E+02 1.806501E+00 9.429405E+00
8.533000E+02 1.806483E+00 9.427904E+00
8.542000E+02 1.806464E+00 9.426408E+00
8.551000E+02 1.806445E+00 9.424916E+00
8.560000E+02 1.806426E+00 9.424876E+00
8.569000E+02 1.806406E+00 9.423394E+00
8.578000E+02 1.806387E+00 9.421917E+00
8.587000E+02 1.806367E+00 9.420445E+00
8.596000E+02 1.806347E+00 9.418977E+00
8.605000E+02 1.806327E+00 9.418958E+00
8.614000E+02 1.806307E+00 9.417500E+00
8.623000E+02 1.806287E+00 9.416047E+00
8.632000E+02 1.806266E+00 9.414599E+00
8.641000E+02 1.806246E+00 9.413156E+00
8.650000E+02 1.806225E+00 9.413157E+00
8.659000E+02 1.806204E+00 9.411723E+00
8.668000E+02 1.806183E+00 9.410294E+00
8.677000E+02 1.806161E+00 9.408869E+00
8.686000E+02 1.806140E+00 9.407449E+00
8.695000E+02 1.806118E+00 9.407472E+00
8.704000E+02 1.806096E+00 9.406061E+00
8.713000E+02 1.806074E+00 9.404655E+00
8.722000E+02 1.806052E+00 9.403254E+00
8.731000E+02 1.806029E+00 9.401857E+00
8.740000E+02 1.806007E+00 9.401900E+00
8.749000E+02 1.805984E+00 9.400512E+00
8.758000E+02 1.805961E+00 9.399129E+00
8.767000E+02 1.805938E+00 9.397751E+00
8.776000E+02 1.805915E+00 9.396378E+00
8.785000E+02 1.805892E+00 9.395009E+00
8.794000E+02 1.805868E+00 9.395076E+00
8.803000E+02 1.805845E+00 9.393716E+00
8.812000E+02 1.805821E+00 9.392360E+00
8.821000E+02 1.805797E+00 9.391009E+00
8.830000E+02 1.805773E+00 9.389663E+00
8.839000E+02 1.805748E+00 9.388322E+00
8.848000E+02 1.805724E+00 9.388413E+00
8.857000E+02 1.805699E+00 9.387080E+00
8.866000E+02 1.805675E+00 9.385751E+00
8.875000E+02 1.805650E+00 9.384427E+00
8.884000E+02 1.805625E+00 9.383108E+00
8.893000E+02 1.805599E+00 9.381793E+00
8.902000E+02 1.805574E+00 9.380483E+00
8.911000E+02 1.805549E+00 9.380602E+00
8.920000E+02 1.805523E+00 9.379300E+00
8.929000E+02 1.805497E+00 9.378003E+00
8.938000E+02 1.805471E+00 9.376710E+00
8.947000E+02 1.805445E+00 9.375421E+00
8.956000E+02 1.805419E+00 9.374137E+00
8.965000E+02 1.805392E+00 9.372858E+00
8.974000E+02 1.805366E+00 9.373004E+00
8.983000E+02 1.805339E+00 9.371733E+00
8.992000E+02 1.805312E+00 9.370466E+00
9.001000E+02 1.805285E+00 9.369204E+00
9.010000E+02 1.805258E+00 9.367946E+00
9.019000E+02 1.805231E+00 9.366692E+00
9.028000E+02 1.805203E+00 9.365443E+00
9.037000E+02 1.805176E+00 9.364198E+00
9.046000E+02 1.805148E+00 9.362957E+00
9.055000E+02 1.805120E+00 9.363138E+00
9.064000E+02 1.805092E+00 9.361906E+00
9.073000E+02 1.805064E+00 9.360677E+00
9.082000E+02 1.805035E+00 9.359454E+00
9.091000E+02 1.805007E+00 9.358234E+00
9.100000E+02 1.804978E+00 9.357019E+00
9.109000E+02 1.804950E+00 9.355808E+00
9.118000E+02 1.804921E+00 9.354601E+00
9.127000E+02 1.804892E+00 9.353399E+00
9.136000E+02 1.804863E+00 9.352201E+00
9.145000E+02 1.804833E+00 9.351007E+00
9.154000E+02 1.804804E+00 9.349817E+00
9.163000E+02 1.804774E+00 9.350043E+00
9.172000E+02 1.804745E+00 9.348861E+00
9.181000E+02 1.804715E+00 9.347683E+00
9.190000E+02 1.804685E+00 9.346510E+00
9.199000E+02 1.804655E+00 9.345341E+00
9.208000E+02 1.804625E+00 9.344176E+00
9.217000E+02 1.804594E+00 9.343015E+00
9.226000E+02 1.804564E+00 9.341858E+00
9.235000E+02 1.804533E+00 9.340706E+00
9.244000E+02 1.804502E+00 9.339557E+00
9.253000E+02 1.804471E+00 9.338413E+00
9.262000E+02 1.804440E+00 9.337272E+00
9.271000E+02 1.804409E+00 9.336136E+00
9.280000E+02 1.804378E+00 9.335004E+00
9.289000E+02 1.804346E+00 9.333876E+00
9.298000E+02 1.804315E+00 9.332752E+00
9.307000E+02 1.804283E+00 9.331633E+00
9.316000E+02 1.804251E+00 9.331920E+00
9.325000E+02 1.804219E+00 9.330807E+00
9.334000E+02 1.804187E+00 9.329699E+00
9.343000E+02 1.804155E+00 9.328595E+00
9.352000E+02 1.804123E+00 9.327495E+00
9.361000E+02 1.804090E+00 9.326399E+00
9.370000E+02 1.804058E+00 9.325306E+00
9.379000E+02 1.804025E+00 9.324218E+00
9.388000E+02 1.803992E+00 9.323134E+00
9.397000E+02 1.803959E+00 9.322054E+00
9.406000E+02 1.803926E+00 9.320977E+00
9.415000E+02 1.803893E+00 9.319905E+00
9.424000E+02 1.803860E+00 9.318837E+00
9.433000E+02 1.803826E+00 9.317772E+00
9.442000E+02 1.803793E+00 9.316712E+00
9.451000E+02 1.803759E+00 9.315655E+00
9.460000E+02 1.803725E+00 9.314602E+00
9.469000E+02 1.803691E+00 9.313553E+00
9.478000E+02 1.803657E+00 9.312508E+00
9.487000E+02 1.803623E+00 9.311467E+00
9.496000E+02 1.803589E+00 9.310430E+00
9.505000E+02 1.803555E+00 9.309397E+00
9.514000E+02 1.803520E+00 9.308367E+00
9.523000E+02 1.803485E+00 9.307342E+00
9.532000E+02 1.803451E+00 9.306320E+00
9.541000E+02 1.803416E+00 9.305302E+00
9.550000E+02 1.803381E+00 9.304288E+00
9.559000E+02 1.803346E+00 9.303277E+00
9.568000E+02 1.803311E+00 9.302271E+00
9.577000E+02 1.803275E+00 9.301268E+00
9.586000E+02 1.803240E+00 9.300269E+00
9.595000E+02 1.803204E+00 9.299274E+00
9.604000E+02 1.803168E+00 9.298282E+00
9.613000E+02 1.803133E+00 9.297294E+00
9.622000E+02 1.803097E+00 9.296310E+00
9.631000E+02 1.803061E+00 9.295330E+00
9.640000E+02 1.803025E+00 9.294354E+00
9.649000E+02 1.802988E+00 9.293381E+00
9.658000E+02 1.802952E+00 9.291027E+00
9.667000E+02 1.802916E+00 9.290062E+00
9.676000E+02 1.802879E+00 9.289100E+00
9.685000E+02 1.802842E+00 9.288143E+00
9.694000E+02 1.802806E+00 9.287189E+00
9.703000E+02 1.802769E+00 9.286239E+00
9.712000E+02 1.802732E+00 9.285292E+00
9.721000E+02 1.802695E+00 9.284349E+00
9.730000E+02 1.802657E+00 9.283410E+00
9.739000E+02 1.802620E+00 9.282475E+00
9.748000E+02 1.802583E+00 9.281543E+00
9.757000E+02 1.802545E+00 9.280614E+00
9.766000E+02 1.802507E+00 9.279690E+00
9.775000E+02 1.802470E+00 9.278768E+00
9.784000E+02 1.802432E+00 9.277851E+00
9.793000E+02 1.802394E+00 9.276937E+00
9.802000E+02 1.802356E+00 9.276027E+00
9.811000E+02 1.802318E+00 9.275120E+00
9.820000E+02 1.802279E+00 9.272839E+00
9.829000E+02 1.802241E+00 9.271940E+00
9.838000E+02 1.802202E+00 9.271044E+00
9.847000E+02 1.802164E+00 9.270152E+00
9.856000E+02 1.802125E+00 9.269264E+00
9.865000E+02 1.802086E+00 9.268379E+00
9.874000E+02 1.802047E+00 9.267497E+00
9.883000E+02 1.802008E+00 9.266619E+00
9.892000E+02 1.801969E+00 9.265744E+00
9.901000E+02 1.801930E+00 9.264873E+00
9.910000E+02 1.801891E+00 9.264006E+00
9.919000E+02 1.801851E+00 9.261769E+00
9.928000E+02 1.801812E+00 9.260909E+00
9.937000E+02 1.801772E+00 9.260052E+00
9.946000E+02 1.801733E+00 9.259199E+00
9.955000E+02 1.801693E+00 9.258349E+00
9.964000E+02 1.801653E+00 9.257503E+00
9.973000E+02 1.801613E+00 9.256660E+00
9.982000E+02 1.801573E+00 9.255821E+00
9.991000E+02 1.801533E+00 9.254985E+00
