1.000000E+02 1.570654E+00 1.192420E+01
1.009000E+02 1.575270E+00 1.191909E+01
1.018000E+02 1.579835E+00 1.191792E+01
1.027000E+02 1.584352E+00 1.191325E+01
1.036000E+02 1.588820E+00 1.191246E+01
1.045000E+02 1.593241E+00 1.190819E+01
1.054000E+02 1.597615E+00 1.190414E+01
1.063000E+02 1.601944E+00 1.190389E+01
1.072000E+02 1.606226E+00 1.190022E+01
1.081000E+02 1.610465E+00 1.189673E+01
1.090000E+02 1.614659E+00 1.189344E+01
1.099000E+02 1.618810E+00 1.189032E+01
1.108000E+02 1.622918E+00 1.188739E+01
1.117000E+02 1.626985E+00 1.188462E+01
1.126000E+02 1.631010E+00 1.188203E+01
1.135000E+02 1.634994E+00 1.187960E+01
1.144000E+02 1.638938E+00 1.187388E+01
1.153000E+02 1.642843E+00 1.187179E+01
1.162000E+02 1.646709E+00 1.186985E+01
1.171000E+02 1.650536E+00 1.186466E+01
1.180000E+02 1.654326E+00 1.186303E+01
1.189000E+02 1.658078E+00 1.186155E+01
1.198000E+02 1.661794E+00 1.185685E+01
1.207000E+02 1.665473E+00 1.185231E+01
1.216000E+02 1.669116E+00 1.185127E+01
1.225000E+02 1.672725E+00 1.184704E+01
1.234000E+02 1.676298E+00 1.184297E+01
1.243000E+02 1.679838E+00 1.184234E+01
1.252000E+02 1.683343E+00 1.183855E+01
1.261000E+02 1.686816E+00 1.183492E+01
1.270000E+02 1.690255E+00 1.183142E+01
1.279000E+02 1.693662E+00 1.182807E+01
1.288000E+02 1.697037E+00 1.182486E+01
1.297000E+02 1.700381E+00 1.182178E+01
1.306000E+02 1.703693E+00 1.181883E+01
1.315000E+02 1.706975E+00 1.181601E+01
1.324000E+02 1.710226E+00 1.181332E+01
1.333000E+02 1.713448E+00 1.181075E+01
1.342000E+02 1.716640E+00 1.180831E+01
1.351000E+02 1.719803E+00 1.180286E+01
1.360000E+02 1.722937E+00 1.180066E+01
1.369000E+02 1.726043E+00 1.179858E+01
1.378000E+02 1.729121E+00 1.179352E+01
1.387000E+02 1.732171E+00 1.179168E+01
1.396000E+02 1.735194E+00 1.178994E+01
1.405000E+02 1.738190E+00 1.178525E+01
1.414000E+02 1.741159E+00 1.178373E+01
1.423000E+02 1.744103E+00 1.177928E+01
1.432000E+02 1.747020E+00 1.177496E+01
1.441000E+02 1.749911E+00 1.177377E+01
1.450000E+02 1.752778E+00 1.176967E+01
1.459000E+02 1.755619E+00 1.176868E+01
1.468000E+02 1.758436E+00 1.176480E+01
1.477000E+02 1.761228E+00 1.176103E+01
1.486000E+02 1.763996E+00 1.175738E+01
1.495000E+02 1.766741E+00 1.175383E+01
1.504000E+02 1.769461E+00 1.175039E+01
1.513000E+02 1.772159E+00 1.174998E+01
1.522000E+02 1.774834E+00 1.174673E+01
1.531000E+02 1.777486E+00 1.174359E+01
1.540000E+02 1.780116E+00 1.174055E+01
1.549000E+02 1.782724E+00 1.173760E+01
1.558000E+02 1.785309E+00 1.173475E+01
1.567000E+02 1.787873E+00 1.172913E+01
1.576000E+02 1.790416E+00 1.172648E+01
1.585000E+02 1.792938E+00 1.172392E+01
1.594000E+02 1.795439E+00 1.172145E+01
1.603000E+02 1.797919E+00 1.171907E+01
1.612000E+02 1.800379E+00 1.171395E+01
1.621000E+02 1.802819E+00 1.171175E+01
1.630000E+02 1.805238E+00 1.170964E+01
1.639000E+02 1.807638E+00 1.170481E+01
1.648000E+02 1.810019E+00 1.170287E+01
1.657000E+02 1.812380E+00 1.170101E+01
1.666000E+02 1.814723E+00 1.169646E+01
1.675000E+02 1.817046E+00 1.169476E+01
1.684000E+02 1.819351E+00 1.169039E+01
1.693000E+02 1.821637E+00 1.168885E+01
1.702000E+02 1.823905E+00 1.168465E+01
1.711000E+02 1.826156E+00 1.168055E+01
1.720000E+02 1.828388E+00 1.167925E+01
1.729000E+02 1.830603E+00 1.167530E+01
1.738000E+02 1.832800E+00 1.167415E+01
1.747000E+02 1.834980E+00 1.167037E+01
1.756000E+02 1.837143E+00 1.166668E+01
1.765000E+02 1.839290E+00 1.166307E+01
1.774000E+02 1.841419E+00 1.166220E+01
1.783000E+02 1.843532E+00 1.165874E+01
1.792000E+02 1.845629E+00 1.165536E+01
1.801000E+02 1.847709E+00 1.165206E+01
1.810000E+02 1.849774E+00 1.164883E+01
1.819000E+02 1.851822E+00 1.164568E+01
1.828000E+02 1.853855E+00 1.164260E+01
1.837000E+02 1.855873E+00 1.163960E+01
1.846000E+02 1.857875E+00 1.163667E+01
1.855000E+02 1.859862E+00 1.163381E+01
1.864000E+02 1.861834E+00 1.163102E+01
1.873000E+02 1.863791E+00 1.162830E+01
1.882000E+02 1.865734E+00 1.162564E+01
1.891000E+02 1.867662E+00 1.162306E+01
1.900000E+02 1.869575E+00 1.162054E+01
1.909000E+02 1.871474E+00 1.161553E+01
1.918000E+02 1.873359E+00 1.161315E+01
1.927000E+02 1.875230E+00 1.161083E+01
1.936000E+02 1.877088E+00 1.160858E+01
1.945000E+02 1.878931E+00 1.160385E+01
1.954000E+02 1.880761E+00 1.160173E+01
1.963000E+02 1.882578E+00 1.159967E+01
1.972000E+02 1.884381E+00 1.159515E+01
1.981000E+02 1.886171E+00 1.159322E+01
1.990000E+02 1.887948E+00 1.159134E+01
1.999000E+02 1.889712E+00 1.158702E+01
2.008000E+02 1.891463E+00 1.158526E+01
2.017000E+02 1.893202E+00 1.158108E+01
2.026000E+02 1.894928E+00 1.157944E+01
2.035000E+02 1.896642E+00 1.157538E+01
2.044000E+02 1.898343E+00 1.157386E+01
2.053000E+02 1.900033E+00 1.156993E+01
2.062000E+02 1.901710E+00 1.156852E+01
2.071000E+02 1.903375E+00 1.156471E+01
2.080000E+02 1.905028E+00 1.156096E+01
2.089000E+02 1.906670E+00 1.155972E+01
2.098000E+02 1.908300E+00 1.155609E+01
2.107000E+02 1.909919E+00 1.155253E+01
2.116000E+02 1.911526E+00 1.155144E+01
2.125000E+02 1.913122E+00 1.154799E+01
2.134000E+02 1.914706E+00 1.154459E+01
2.143000E+02 1.916280E+00 1.154126E+01
2.152000E+02 1.917843E+00 1.154038E+01
2.161000E+02 1.919394E+00 1.153715E+01
2.170000E+02 1.920935E+00 1.153398E+01
2.179000E+02 1.922466E+00 1.153087E+01
2.188000E+02 1.923985E+00 1.152781E+01
2.197000E+02 1.925495E+00 1.152481E+01
2.206000E+02 1.926993E+00 1.152186E+01
2.215000E+02 1.928482E+00 1.151896E+01
2.224000E+02 1.929960E+00 1.151612E+01
2.233000E+02 1.931429E+00 1.151333E+01
2.242000E+02 1.932887E+00 1.151058E+01
2.251000E+02 1.934335E+00 1.150789E+01
2.260000E+02 1.935774E+00 1.150525E+01
2.269000E+02 1.937203E+00 1.150266E+01
2.278000E+02 1.938622E+00 1.150012E+01
2.287000E+02 1.940031E+00 1.149763E+01
2.296000E+02 1.941431E+00 1.149519E+01
2.305000E+02 1.942822E+00 1.149279E+01
2.314000E+02 1.944203E+00 1.149044E+01
2.323000E+02 1.945575E+00 1.148814E+01
2.332000E+02 1.946938E+00 1.148359E+01
2.341000E+02 1.948292E+00 1.148139E+01
2.350000E+02 1.949637E+00 1.147922E+01
2.359000E+02 1.950972E+00 1.147711E+01
2.368000E+02 1.952300E+00 1.147276E+01
2.377000E+02 1.953618E+00 1.147074E+01
2.386000E+02 1.954927E+00 1.146876E+01
2.395000E+02 1.956228E+00 1.146456E+01
2.404000E+02 1.957521E+00 1.146267E+01
2.413000E+02 1.958805E+00 1.146082E+01
2.422000E+02 1.960080E+00 1.145677E+01
2.431000E+02 1.961347E+00 1.145501E+01
2.440000E+02 1.962606E+00 1.145105E+01
2.449000E+02 1.963857E+00 1.144938E+01
2.458000E+02 1.965099E+00 1.144774E+01
2.467000E+02 1.966334E+00 1.144392E+01
2.476000E+02 1.967561E+00 1.144237E+01
2.485000E+02 1.968779E+00 1.143864E+01
2.494000E+02 1.969990E+00 1.143717E+01
2.503000E+02 1.971193E+00 1.143353E+01
2.512000E+02 1.972388E+00 1.142993E+01
2.521000E+02 1.973576E+00 1.142858E+01
2.530000E+02 1.974756E+00 1.142507E+01
2.539000E+02 1.975928E+00 1.142380E+01
2.548000E+02 1.977093E+00 1.142037E+01
2.557000E+02 1.978251E+00 1.141699E+01
2.566000E+02 1.979401E+00 1.141584E+01
2.575000E+02 1.980544E+00 1.141254E+01
2.584000E+02 1.981679E+00 1.140928E+01
2.593000E+02 1.982808E+00 1.140824E+01
2.602000E+02 1.983929E+00 1.140506E+01
2.611000E+02 1.985044E+00 1.140193E+01
2.620000E+02 1.986151E+00 1.139884E+01
2.629000E+02 1.987251E+00 1.139793E+01
2.638000E+02 1.988345E+00 1.139492E+01
2.647000E+02 1.989431E+00 1.139195E+01
2.656000E+02 1.990511E+00 1.138901E+01
2.665000E+02 1.991584E+00 1.138611E+01
2.674000E+02 1.992651E+00 1.138539E+01
2.683000E+02 1.993711E+00 1.138256E+01
2.692000E+02 1.994764E+00 1.137978E+01
2.701000E+02 1.995811E+00 1.137704E+01
2.710000E+02 1.996851E+00 1.137433E+01
2.719000E+02 1.997885E+00 1.137166E+01
2.728000E+02 1.998912E+00 1.136902E+01
2.737000E+02 1.999933E+00 1.136642E+01
2.746000E+02 2.000948E+00 1.136386E+01
2.755000E+02 2.001957E+00 1.136134E+01
2.764000E+02 2.002959E+00 1.135885E+01
2.773000E+02 2.003956E+00 1.135639E+01
2.782000E+02 2.004946E+00 1.135397E+01
2.791000E+02 2.005930E+00 1.135159E+01
2.800000E+02 2.006908E+00 1.134924E+01
2.809000E+02 2.007881E+00 1.134692E+01
2.818000E+02 2.008847E+00 1.134464E+01
2.827000E+02 2.009808E+00 1.134239E+01
2.836000E+02 2.010762E+00 1.134017E+01
2.845000E+02 2.011711E+00 1.133593E+01
2.854000E+02 2.012654E+00 1.133378E+01
2.863000E+02 2.013592E+00 1.133167E+01
2.872000E+02 2.014524E+00 1.132959E+01
2.881000E+02 2.015450E+00 1.132754E+01
2.890000E+02 2.016371E+00 1.132552E+01
2.899000E+02 2.017286E+00 1.132149E+01
2.908000E+02 2.018196E+00 1.131954E+01
2.917000E+02 2.019101E+00 1.131762E+01
2.926000E+02 2.020000E+00 1.131572E+01
2.935000E+02 2.020893E+00 1.131183E+01
2.944000E+02 2.021782E+00 1.131001E+01
2.953000E+02 2.022665E+00 1.130821E+01
2.962000E+02 2.023542E+00 1.130442E+01
2.971000E+02 2.024415E+00 1.130268E+01
2.980000E+02 2.025282E+00 1.130098E+01
2.989000E+02 2.026145E+00 1.129729E+01
2.998000E+02 2.027002E+00 1.129564E+01
3.007000E+02 2.027854E+00 1.129403E+01
3.016000E+02 2.028702E+00 1.129044E+01
3.025000E+02 2.029544E+00 1.128888E+01
3.034000E+02 2.030381E+00 1.128535E+01
3.043000E+02 2.031213E+00 1.128385E+01
3.052000E+02 2.032041E+00 1.128039E+01
3.061000E+02 2.032864E+00 1.127895E+01
3.070000E+02 2.033682E+00 1.127753E+01
3.079000E+02 2.034495E+00 1.127416E+01
3.088000E+02 2.035303E+00 1.127280E+01
3.097000E+02 2.036107E+00 1.126949E+01
3.106000E+02 2.036906E+00 1.126622E+01
3.115000E+02 2.037700E+00 1.126494E+01
3.124000E+02 2.038490E+00 1.126172E+01
3.133000E+02 2.039276E+00 1.126050E+01
3.142000E+02 2.040056E+00 1.125734E+01
3.151000E+02 2.040833E+00 1.125617E+01
3.160000E+02 2.041604E+00 1.125307E+01
3.169000E+02 2.042372E+00 1.125001E+01
3.178000E+02 2.043135E+00 1.124891E+01
3.187000E+02 2.043893E+00 1.124590E+01
3.196000E+02 2.044647E+00 1.124486E+01
3.205000E+02 2.045397E+00 1.124191E+01
3.214000E+02 2.046143E+00 1.123898E+01
3.223000E+02 2.046884E+00 1.123608E+01
3.232000E+02 2.047621E+00 1.123515E+01
3.241000E+02 2.048354E+00 1.123230E+01
3.250000E+02 2.049083E+00 1.122949E+01
3.259000E+02 2.049808E+00 1.122862E+01
3.268000E+02 2.050528E+00 1.122586E+01
3.277000E+02 2.051244E+00 1.122313E+01
3.286000E+02 2.051957E+00 1.122043E+01
3.295000E+02 2.052665E+00 1.121966E+01
3.304000E+02 2.053369E+00 1.121700E+01
3.313000E+02 2.054070E+00 1.121438E+01
3.322000E+02 2.054766E+00 1.121178E+01
3.331000E+02 2.055459E+00 1.120920E+01
3.340000E+02 2.056147E+00 1.120666E+01
3.349000E+02 2.056832E+00 1.120603E+01
3.358000E+02 2.057513E+00 1.120353E+01
3.367000E+02 2.058190E+00 1.120106E+01
3.376000E+02 2.058863E+00 1.119861E+01
3.385000E+02 2.059532E+00 1.119619E+01
3.394000E+02 2.060198E+00 1.119380E+01
3.403000E+02 2.060860E+00 1.119143E+01
3.412000E+02 2.061519E+00 1.118908E+01
3.421000E+02 2.062173E+00 1.118676E+01
3.430000E+02 2.062824E+00 1.118447E+01
3.439000E+02 2.063472E+00 1.118219E+01
3.448000E+02 2.064115E+00 1.117995E+01
3.457000E+02 2.064756E+00 1.117772E+01
3.466000E+02 2.065392E+00 1.117552E+01
3.475000E+02 2.066025E+00 1.117335E+01
3.484000E+02 2.066655E+00 1.117120E+01
3.493000E+02 2.067281E+00 1.116907E+01
3.502000E+02 2.067904E+00 1.116696E+01
3.511000E+02 2.068523E+00 1.116488E+01
3.520000E+02 2.069139E+00 1.116282E+01
3.529000E+02 2.069751E+00 1.116078E+01
3.538000E+02 2.070360E+00 1.115877E+01
3.547000E+02 2.070966E+00 1.115678E+01
3.556000E+02 2.071569E+00 1.115481E+01
3.565000E+02 2.072168E+00 1.115286E+01
3.574000E+02 2.072764E+00 1.115094E+01
3.583000E+02 2.073356E+00 1.114904E+01
3.592000E+02 2.073945E+00 1.114533E+01
3.601000E+02 2.074531E+00 1.114347E+01
3.610000E+02 2.075114E+00 1.114163E+01
3.619000E+02 2.075694E+00 1.113982E+01
3.628000E+02 2.076271E+00 1.113803E+01
3.637000E+02 2.076844E+00 1.113444E+01
3.646000E+02 2.077414E+00 1.113269E+01
3.655000E+02 2.077981E+00 1.113096E+01
3.664000E+02 2.078545E+00 1.112925E+01
3.673000E+02 2.079106E+00 1.112757E+01
3.682000E+02 2.079664E+00 1.112409E+01
3.691000E+02 2.080219E+00 1.112245E+01
3.700000E+02 2.080771E+00 1.112082E+01
3.709000E+02 2.081320E+00 1.111922E+01
3.718000E+02 2.081866E+00 1.111584E+01
3.727000E+02 2.082409E+00 1.111428E+01
3.736000E+02 2.082949E+00 1.111273E+01
3.745000E+02 2.083486E+00 1.110942E+01
3.754000E+02 2.084021E+00 1.110792E+01
3.763000E+02 2.084552E+00 1.110644E+01
3.772000E+02 2.085081E+00 1.110319E+01
3.781000E+02 2.085606E+00 1.110175E+01
3.790000E+02 2.086129E+00 1.110032E+01
3.799000E+02 2.086649E+00 1.109714E+01
3.808000E+02 2.087166E+00 1.109576E+01
3.817000E+02 2.087681E+00 1.109262E+01
3.826000E+02 2.088193E+00 1.109127E+01
3.835000E+02 2.088702E+00 1.108994E+01
3.844000E+02 2.089208E+00 1.108687E+01
3.853000E+02 2.089711E+00 1.108558E+01
3.862000E+02 2.090212E+00 1.108254E+01
3.871000E+02 2.090710E+00 1.108129E+01
3.880000E+02 2.091206E+00 1.107830E+01
3.889000E+02 2.091699E+00 1.107709E+01
3.898000E+02 2.092189E+00 1.107589E+01
3.907000E+02 2.092677E+00 1.107296E+01
3.916000E+02 2.093162E+00 1.107180E+01
3.925000E+02 2.093644E+00 1.106891E+01
3.934000E+02 2.094124E+00 1.106778E+01
3.943000E+02 2.094601E+00 1.106493E+01
3.952000E+02 2.095076E+00 1.106210E+01
3.961000E+02 2.095549E+00 1.106103E+01
3.970000E+02 2.096018E+00 1.105824E+01
3.979000E+02 2.096486E+00 1.105721E+01
3.988000E+02 2.096950E+00 1.105445E+01
3.997000E+02 2.097413E+00 1.105345E+01
4.006000E+02 2.097873E+00 1.105074E+01
4.015000E+02 2.098330E+00 1.104804E+01
4.024000E+02 2.098785E+00 1.104710E+01
4.033000E+02 2.099238E+00 1.104444E+01
4.042000E+02 2.099688E+00 1.104353E+01
4.051000E+02 2.100136E+00 1.104091E+01
4.060000E+02 2.100581E+00 1.103830E+01
4.069000E+02 2.101025E+00 1.103744E+01
4.078000E+02 2.101465E+00 1.103488E+01
4.087000E+02 2.101904E+00 1.103233E+01
4.096000E+02 2.102340E+00 1.103152E+01
4.105000E+02 2.102774E+00 1.102901E+01
4.114000E+02 2.103206E+00 1.102652E+01
4.123000E+02 2.103635E+00 1.102576E+01
4.132000E+02 2.104062E+00 1.102330E+01
4.141000E+02 2.104487E+00 1.102086E+01
4.150000E+02 2.104910E+00 1.102015E+01
4.159000E+02 2.105330E+00 1.101775E+01
4.168000E+02 2.105748E+00 1.101536E+01
4.177000E+02 2.106164E+00 1.101300E+01
4.186000E+02 2.106578E+00 1.101235E+01
4.195000E+02 2.106990E+00 1.101001E+01
4.204000E+02 2.107399E+00 1.100770E+01
4.213000E+02 2.107807E+00 1.100540E+01
4.222000E+02 2.108212E+00 1.100312E+01
4.231000E+02 2.108615E+00 1.100255E+01
4.240000E+02 2.109016E+00 1.100030E+01
4.249000E+02 2.109415E+00 1.099807E+01
4.258000E+02 2.109812E+00 1.099586E+01
4.267000E+02 2.110207E+00 1.099367E+01
4.276000E+02 2.110599E+00 1.099317E+01
4.285000E+02 2.110990E+00 1.099101E+01
4.294000E+02 2.111378E+00 1.098886E+01
4.303000E+02 2.111765E+00 1.098673E+01
4.312000E+02 2.112150E+00 1.098462E+01
4.321000E+02 2.112532E+00 1.098253E+01
4.330000E+02 2.112913E+00 1.098045E+01
4.339000E+02 2.113291E+00 1.097838E+01
4.348000E+02 2.113668E+00 1.097800E+01
4.357000E+02 2.114043E+00 1.097597E+01
4.366000E+02 2.114416E+00 1.097396E+01
4.375000E+02 2.114786E+00 1.097196E+01
4.384000E+02 2.115155E+00 1.096997E+01
4.393000E+02 2.115522E+00 1.096800E+01
4.402000E+02 2.115887E+00 1.096605E+01
4.411000E+02 2.116250E+00 1.096411E+01
4.420000E+02 2.116612E+00 1.096219E+01
4.429000E+02 2.116971E+00 1.096029E+01
4.438000E+02 2.117329E+00 1.095840E+01
4.447000E+02 2.117684E+00 1.095652E+01
4.456000E+02 2.118038E+00 1.095466E+01
4.465000E+02 2.118390E+00 1.095282E+01
4.474000E+02 2.118740E+00 1.095099E+01
4.483000E+02 2.119089E+00 1.094918E+01
4.492000E+02 2.119435E+00 1.094738E+01
4.501000E+02 2.119780E+00 1.094559E+01
4.510000E+02 2.120123E+00 1.094382E+01
4.519000E+02 2.120464E+00 1.094207E+01
4.528000E+02 2.120804E+00 1.094033E+01
4.537000E+02 2.121141E+00 1.093861E+01
4.546000E+02 2.121477E+00 1.093689E+01
4.555000E+02 2.121811E+00 1.093520E+01
4.564000E+02 2.122144E+00 1.093352E+01
4.573000E+02 2.122475E+00 1.093022E+01
4.582000E+02 2.122804E+00 1.092857E+01
4.591000E+02 2.123131E+00 1.092693E+01
4.600000E+02 2.123457E+00 1.092531E+01
4.609000E+02 2.123781E+00 1.092370E+01
4.618000E+02 2.124103E+00 1.092210E+01
4.627000E+02 2.124424E+00 1.092052E+01
4.636000E+02 2.124743E+00 1.091895E+01
4.645000E+02 2.125060E+00 1.091740E+01
4.654000E+02 2.125376E+00 1.091424E+01
4.663000E+02 2.125690E+00 1.091272E+01
4.672000E+02 2.126002E+00 1.091121E+01
4.681000E+02 2.126313E+00 1.090971E+01
4.690000E+02 2.126622E+00 1.090822E+01
4.699000E+02 2.126930E+00 1.090514E+01
4.708000E+02 2.127236E+00 1.090369E+01
4.717000E+02 2.127540E+00 1.090224E+01
4.726000E+02 2.127843E+00 1.090081E+01
4.735000E+02 2.128145E+00 1.089939E+01
4.744000E+02 2.128444E+00 1.089639E+01
4.753000E+02 2.128743E+00 1.089500E+01
4.762000E+02 2.129039E+00 1.089362E+01
4.771000E+02 2.129335E+00 1.089226E+01
4.780000E+02 2.129628E+00 1.088931E+01
4.789000E+02 2.129920E+00 1.088797E+01
4.798000E+02 2.130211E+00 1.088665E+01
4.807000E+02 2.130500E+00 1.088534E+01
4.816000E+02 2.130788E+00 1.088245E+01
4.825000E+02 2.131074E+00 1.088116E+01
4.834000E+02 2.131359E+00 1.087989E+01
4.843000E+02 2.131642E+00 1.087704E+01
4.852000E+02 2.131924E+00 1.087579E+01
4.861000E+02 2.132204E+00 1.087456E+01
4.870000E+02 2.132483E+00 1.087333E+01
4.879000E+02 2.132760E+00 1.087054E+01
4.888000E+02 2.133036E+00 1.086934E+01
4.897000E+02 2.133311E+00 1.086816E+01
4.906000E+02 2.133584E+00 1.086541E+01
4.915000E+02 2.133856E+00 1.086425E+01
4.924000E+02 2.134126E+00 1.086153E+01
4.933000E+02 2.134395E+00 1.086039E+01
4.942000E+02 2.134663E+00 1.085926E+01
4.951000E+02 2.134929E+00 1.085658E+01
4.960000E+02 2.135194E+00 1.085548E+01
4.969000E+02 2.135457E+00 1.085439E+01
4.978000E+02 2.135719E+00 1.085175E+01
4.987000E+02 2.135980E+00 1.085069E+01
4.996000E+02 2.136239E+00 1.084807E+01
5.005000E+02 2.136497E+00 1.084703E+01
5.014000E+02 2.136754E+00 1.084444E+01
5.023000E+02 2.137009E+00 1.084343E+01
5.032000E+02 2.137264E+00 1.084242E+01
5.041000E+02 2.137516E+00 1.083987E+01
5.050000E+02 2.137768E+00 1.083889E+01
5.059000E+02 2.138018E+00 1.083637E+01
5.068000E+02 2.138267E+00 1.083541E+01
5.077000E+02 2.138514E+00 1.083291E+01
5.086000E+02 2.138761E+00 1.083197E+01
5.095000E+02 2.139006E+00 1.082950E+01
5.104000E+02 2.139249E+00 1.082859E+01
5.113000E+02 2.139492E+00 1.082614E+01
5.122000E+02 2.139733E+00 1.082525E+01
5.131000E+02 2.139973E+00 1.082283E+01
5.140000E+02 2.140212E+00 1.082196E+01
5.149000E+02 2.140449E+00 1.081956E+01
5.158000E+02 2.140686E+00 1.081871E+01
5.167000E+02 2.140921E+00 1.081634E+01
5.176000E+02 2.141155E+00 1.081551E+01
5.185000E+02 2.141387E+00 1.081317E+01
5.194000E+02 2.141619E+00 1.081236E+01
5.203000E+02 2.141849E+00 1.081004E+01
5.212000E+02 2.142078E+00 1.080926E+01
5.221000E+02 2.142306E+00 1.080696E+01
5.230000E+02 2.142532E+00 1.080467E+01
5.239000E+02 2.142758E+00 1.080392E+01
5.248000E+02 2.142982E+00 1.080165E+01
5.257000E+02 2.143205E+00 1.080093E+01
5.266000E+02 2.143427E+00 1.079868E+01
5.275000E+02 2.143648E+00 1.079645E+01
5.284000E+02 2.143868E+00 1.079576E+01
5.293000E+02 2.144086E+00 1.079355E+01
5.302000E+02 2.144304E+00 1.079288E+01
5.311000E+02 2.144520E+00 1.079069E+01
5.320000E+02 2.144735E+00 1.078852E+01
5.329000E+02 2.144949E+00 1.078788E+01
5.338000E+02 2.145162E+00 1.078573E+01
5.347000E+02 2.145374E+00 1.078359E+01
5.356000E+02 2.145585E+00 1.078298E+01
5.365000E+02 2.145794E+00 1.078086E+01
5.374000E+02 2.146003E+00 1.077876E+01
5.383000E+02 2.146210E+00 1.077818E+01
5.392000E+02 2.146416E+00 1.077609E+01
5.401000E+02 2.146622E+00 1.077402E+01
5.410000E+02 2.146826E+00 1.077347E+01
5.419000E+02 2.147029E+00 1.077142E+01
5.428000E+02 2.147231E+00 1.076939E+01
5.437000E+02 2.147432E+00 1.076886E+01
5.446000E+02 2.147632E+00 1.076685E+01
5.455000E+02 2.147831E+00 1.076484E+01
5.464000E+02 2.148029E+00 1.076285E+01
5.473000E+02 2.148225E+00 1.076237E+01
5.482000E+02 2.148421E+00 1.076039E+01
5.491000E+02 2.148616E+00 1.075843E+01
5.500000E+02 2.148810E+00 1.075648E+01
5.509000E+02 2.149002E+00 1.075604E+01
5.518000E+02 2.149194E+00 1.075411E+01
5.527000E+02 2.149385E+00 1.075219E+01
5.536000E+02 2.149574E+00 1.075028E+01
5.545000E+02 2.149763E+00 1.074988E+01
5.554000E+02 2.149951E+00 1.074799E+01
5.563000E+02 2.150137E+00 1.074611E+01
5.572000E+02 2.150323E+00 1.074424E+01
5.581000E+02 2.150508E+00 1.074239E+01
5.590000E+02 2.150691E+00 1.074203E+01
5.599000E+02 2.150874E+00 1.074019E+01
5.608000E+02 2.151056E+00 1.073837E+01
5.617000E+02 2.151237E+00 1.073655E+01
5.626000E+02 2.151416E+00 1.073475E+01
5.635000E+02 2.151595E+00 1.073444E+01
5.644000E+02 2.151773E+00 1.073265E+01
5.653000E+02 2.151950E+00 1.073088E+01
5.662000E+02 2.152126E+00 1.072911E+01
5.671000E+02 2.152302E+00 1.072736E+01
5.680000E+02 2.152476E+00 1.072562E+01
5.689000E+02 2.152649E+00 1.072536E+01
5.698000E+02 2.152821E+00 1.072363E+01
5.707000E+02 2.152993E+00 1.072192E+01
5.716000E+02 2.153163E+00 1.072021E+01
5.725000E+02 2.153333E+00 1.071852E+01
5.734000E+02 2.153502E+00 1.071683E+01
5.743000E+02 2.153669E+00 1.071516E+01
5.752000E+02 2.153836E+00 1.071349E+01
5.761000E+02 2.154002E+00 1.071184E+01
5.770000E+02 2.154167E+00 1.071166E+01
5.779000E+02 2.154332E+00 1.071002E+01
5.788000E+02 2.154495E+00 1.070839E+01
5.797000E+02 2.154657E+00 1.070678E+01
5.806000E+02 2.154819E+00 1.070517E+01
5.815000E+02 2.154980E+00 1.070357E+01
5.824000E+02 2.155139E+00 1.070198E+01
5.833000E+02 2.155298E+00 1.070040E+01
5.842000E+02 2.155457E+00 1.069883E+01
5.851000E+02 2.155614E+00 1.069727E+01
5.860000E+02 2.155770E+00 1.069572E+01
5.869000E+02 2.155926E+00 1.069418E+01
5.878000E+02 2.156081E+00 1.069265E+01
5.887000E+02 2.156234E+00 1.069112E+01
5.896000E+02 2.156387E+00 1.068961E+01
5.905000E+02 2.156540E+00 1.068811E+01
5.914000E+02 2.156691E+00 1.068661E+01
5.923000E+02 2.156842E+00 1.068512E+01
5.932000E+02 2.156991E+00 1.068365E+01
5.941000E+02 2.157140E+00 1.068218E+01
5.950000E+02 2.157288E+00 1.068072E+01
5.959000E+02 2.157436E+00 1.067927E+01
5.968000E+02 2.157582E+00 1.067783E+01
5.977000E+02 2.157728E+00 1.067640E+01
5.986000E+02 2.157873E+00 1.067497E+01
5.995000E+02 2.158017E+00 1.067356E+01
6.004000E+02 2.158160E+00 1.067215E+01
6.013000E+02 2.158303E+00 1.067076E+01
6.022000E+02 2.158444E+00 1.066937E+01
6.031000E+02 2.158585E+00 1.066799E+01
6.040000E+02 2.158726E+00 1.066662E+01
6.049000E+02 2.158865E+00 1.066526E+01
6.058000E+02 2.159004E+00 1.066390E+01
6.067000E+02 2.159141E+00 1.066256E+01
6.076000E+02 2.159278E+00 1.066122E+01
6.085000E+02 2.159415E+00 1.065989E+01
6.094000E+02 2.159550E+00 1.065714E+01
6.103000E+02 2.159685E+00 1.065583E+01
6.112000E+02 2.159819E+00 1.065453E+01
6.121000E+02 2.159953E+00 1.065324E+01
6.130000E+02 2.160085E+00 1.065196E+01
6.139000E+02 2.160217E+00 1.065068E+01
6.148000E+02 2.160348E+00 1.064941E+01
6.157000E+02 2.160478E+00 1.064815E+01
6.166000E+02 2.160608E+00 1.064690E+01
6.175000E+02 2.160737E+00 1.064424E+01
6.184000E+02 2.160865E+00 1.064300E+01
6.193000E+02 2.160993E+00 1.064178E+01
6.202000E+02 2.161119E+00 1.064056E+01
6.211000E+02 2.161245E+00 1.063935E+01
6.220000E+02 2.161371E+00 1.063815E+01
6.229000E+02 2.161495E+00 1.063695E+01
6.238000E+02 2.161619E+00 1.063435E+01
6.247000E+02 2.161742E+00 1.063318E+01
6.256000E+02 2.161865E+00 1.063201E+01
6.265000E+02 2.161987E+00 1.063085E+01
6.274000E+02 2.162108E+00 1.062969E+01
6.283000E+02 2.162228E+00 1.062855E+01
6.292000E+02 2.162348E+00 1.062600E+01
6.301000E+02 2.162467E+00 1.062487E+01
6.310000E+02 2.162585E+00 1.062375E+01
6.319000E+02 2.162703E+00 1.062264E+01
6.328000E+02 2.162820E+00 1.062153E+01
6.337000E+02 2.162936E+00 1.061903E+01
6.346000E+02 2.163052E+00 1.061794E+01
6.355000E+02 2.163167E+00 1.061686E+01
6.364000E+02 2.163281E+00 1.061579E+01
6.373000E+02 2.163395E+00 1.061332E+01
6.382000E+02 2.163508E+00 1.061226E+01
6.391000E+02 2.163620E+00 1.061121E+01
6.400000E+02 2.163732E+00 1.061017E+01
6.409000E+02 2.163843E+00 1.060773E+01
6.418000E+02 2.163953E+00 1.060670E+01
6.427000E+02 2.164063E+00 1.060568E+01
6.436000E+02 2.164172E+00 1.060467E+01
6.445000E+02 2.164281E+00 1.060227E+01
6.454000E+02 2.164388E+00 1.060127E+01
6.463000E+02 2.164496E+00 1.060029E+01
6.472000E+02 2.164602E+00 1.059930E+01
6.481000E+02 2.164708E+00 1.059694E+01
6.490000E+02 2.164813E+00 1.059597E+01
6.499000E+02 2.164918E+00 1.059501E+01
6.508000E+02 2.165022E+00 1.059267E+01
6.517000E+02 2.165126E+00 1.059172E+01
6.526000E+02 2.165228E+00 1.059079E+01
6.535000E+02 2.165331E+00 1.058847E+01
6.544000E+02 2.165432E+00 1.058755E+01
6.553000E+02 2.165533E+00 1.058663E+01
6.562000E+02 2.165634E+00 1.058572E+01
6.571000E+02 2.165733E+00 1.058344E+01
6.580000E+02 2.165832E+00 1.058255E+01
6.589000E+02 2.165931E+00 1.058166E+01
6.598000E+02 2.166029E+00 1.057940E+01
6.607000E+02 2.166126E+00 1.057853E+01
6.616000E+02 2.166223E+00 1.057628E+01
6.625000E+02 2.166319E+00 1.057542E+01
6.634000E+02 2.166415E+00 1.057457E+01
6.643000E+02 2.166510E+00 1.057235E+01
6.652000E+02 2.166605E+00 1.057152E+01
6.661000E+02 2.166698E+00 1.057069E+01
6.670000E+02 2.166792E+00 1.056849E+01
6.679000E+02 2.166885E+00 1.056767E+01
6.688000E+02 2.166977E+00 1.056687E+01
6.697000E+02 2.167068E+00 1.056469E+01
6.706000E+02 2.167159E+00 1.056390E+01
6.715000E+02 2.167250E+00 1.056174E+01
6.724000E+02 2.167340E+00 1.056096E+01
6.733000E+02 2.167429E+00 1.056019E+01
6.742000E+02 2.167518E+00 1.055805E+01
6.751000E+02 2.167606E+00 1.055729E+01
6.760000E+02 2.167694E+00 1.055517E+01
6.769000E+02 2.167781E+00 1.055442E+01
6.778000E+02 2.167868E+00 1.055232E+01
6.787000E+02 2.167954E+00 1.055159E+01
6.796000E+02 2.168039E+00 1.055086E+01
6.805000E+02 2.168124E+00 1.054878E+01
6.814000E+02 2.168208E+00 1.054807E+01
6.823000E+02 2.168292E+00 1.054600E+01
6.832000E+02 2.168376E+00 1.054530E+01
6.841000E+02 2.168459E+00 1.054325E+01
6.850000E+02 2.168541E+00 1.054256E+01
6.859000E+02 2.168623E+00 1.054188E+01
6.868000E+02 2.168704E+00 1.053985E+01
6.877000E+02 2.168785E+00 1.053919E+01
6.886000E+02 2.168865E+00 1.053717E+01
6.895000E+02 2.168944E+00 1.053652E+01
6.904000E+02 2.169024E+00 1.053451E+01
6.913000E+02 2.169102E+00 1.053388E+01
6.922000E+02 2.169180E+00 1.053189E+01
6.931000E+02 2.169258E+00 1.053126E+01
6.940000E+02 2.169335E+00 1.052929E+01
6.949000E+02 2.169412E+00 1.052868E+01
6.958000E+02 2.169488E+00 1.052672E+01
6.967000E+02 2.169563E+00 1.052612E+01
6.976000E+02 2.169638E+00 1.052417E+01
6.985000E+02 2.169713E+00 1.052358E+01
6.994000E+02 2.169787E+00 1.052165E+01
7.003000E+02 2.169861E+00 1.052108E+01
7.012000E+02 2.169934E+00 1.051916E+01
7.021000E+02 2.170006E+00 1.051860E+01
7.030000E+02 2.170079E+00 1.051670E+01
7.039000E+02 2.170150E+00 1.051480E+01
7.048000E+02 2.170221E+00 1.051426E+01
7.057000E+02 2.170292E+00 1.051237E+01
7.066000E+02 2.170362E+00 1.051185E+01
7.075000E+02 2.170432E+00 1.050998E+01
7.084000E+02 2.170501E+00 1.050946E+01
7.093000E+02 2.170570E+00 1.050760E+01
7.102000E+02 2.170638E+00 1.050710E+01
7.111000E+02 2.170706E+00 1.050526E+01
7.120000E+02 2.170773E+00 1.050342E+01
7.129000E+02 2.170840E+00 1.050294E+01
7.138000E+02 2.170907E+00 1.050112E+01
7.147000E+02 2.170973E+00 1.050064E+01
7.156000E+02 2.171038E+00 1.049883E+01
7.165000E+02 2.171103E+00 1.049837E+01
7.174000E+02 2.171168E+00 1.049658E+01
7.183000E+02 2.171232E+00 1.049479E+01
7.192000E+02 2.171296E+00 1.049435E+01
7.201000E+02 2.171359E+00 1.049257E+01
7.210000E+02 2.171422E+00 1.049214E+01
7.219000E+02 2.171484E+00 1.049038E+01
7.228000E+02 2.171546E+00 1.048862E+01
7.237000E+02 2.171607E+00 1.048821E+01
7.246000E+02 2.171668E+00 1.048647E+01
7.255000E+02 2.171729E+00 1.048473E+01
7.264000E+02 2.171789E+00 1.048434E+01
7.273000E+02 2.171848E+00 1.048261E+01
7.282000E+02 2.171908E+00 1.048090E+01
7.291000E+02 2.171966E+00 1.048052E+01
7.300000E+02 2.172025E+00 1.047882E+01
7.309000E+02 2.172083E+00 1.047845E+01
7.318000E+02 2.172140E+00 1.047676E+01
7.327000E+02 2.172197E+00 1.047508E+01
7.336000E+02 2.172254E+00 1.047473E+01
7.345000E+02 2.172310E+00 1.047306E+01
7.354000E+02 2.172366E+00 1.047139E+01
7.363000E+02 2.172421E+00 1.047106E+01
7.372000E+02 2.172476E+00 1.046941E+01
7.381000E+02 2.172531E+00 1.046776E+01
7.390000E+02 2.172585E+00 1.046745E+01
7.399000E+02 2.172639E+00 1.046581E+01
7.408000E+02 2.172692E+00 1.046419E+01
7.417000E+02 2.172745E+00 1.046257E+01
7.426000E+02 2.172797E+00 1.046228E+01
7.435000E+02 2.172849E+00 1.046067E+01
7.444000E+02 2.172901E+00 1.045907E+01
7.453000E+02 2.172952E+00 1.045879E+01
7.462000E+02 2.173003E+00 1.045720E+01
7.471000E+02 2.173053E+00 1.045562E+01
7.480000E+02 2.173103E+00 1.045404E+01
7.489000E+02 2.173153E+00 1.045379E+01
7.498000E+02 2.173202E+00 1.045222E+01
7.507000E+02 2.173251E+00 1.045066E+01
7.516000E+02 2.173300E+00 1.045043E+01
7.525000E+02 2.173348E+00 1.044888E+01
7.534000E+02 2.173395E+00 1.044734E+01
7.543000E+02 2.173443E+00 1.044580E+01
7.552000E+02 2.173490E+00 1.044559E+01
7.561000E+02 2.173536E+00 1.044407E+01
7.570000E+02 2.173582E+00 1.044255E+01
7.579000E+02 2.173628E+00 1.044104E+01
7.588000E+02 2.173673E+00 1.044084E+01
7.597000E+02 2.173718E+00 1.043935E+01
7.606000E+02 2.173763E+00 1.043785E+01
7.615000E+02 2.173807E+00 1.043637E+01
7.624000E+02 2.173851E+00 1.043619E+01
7.633000E+02 2.173894E+00 1.043472E+01
7.642000E+02 2.173937E+00 1.043325E+01
7.651000E+02 2.173980E+00 1.043178E+01
7.660000E+02 2.174023E+00 1.043033E+01
7.669000E+02 2.174064E+00 1.043018E+01
7.678000E+02 2.174106E+00 1.042873E+01
7.687000E+02 2.174147E+00 1.042729E+01
7.696000E+02 2.174188E+00 1.042586E+01
7.705000E+02 2.174229E+00 1.042443E+01
7.714000E+02 2.174269E+00 1.042431E+01
7.723000E+02 2.174309E+00 1.042289E+01
7.732000E+02 2.174348E+00 1.042148E+01
7.741000E+02 2.174387E+00 1.042008E+01
7.750000E+02 2.174426E+00 1.041868E+01
7.759000E+02 2.174464E+00 1.041728E+01
7.768000E+02 2.174502E+00 1.041719E+01
7.777000E+02 2.174540E+00 1.041581E+01
7.786000E+02 2.174577E+00 1.041443E+01
7.795000E+02 2.174614E+00 1.041306E+01
7.804000E+02 2.174651E+00 1.041169E+01
7.813000E+02 2.174687E+00 1.041033E+01
7.822000E+02 2.174723E+00 1.041027E+01
7.831000E+02 2.174759E+00 1.040892E+01
7.840000E+02 2.174794E+00 1.040758E+01
7.849000E+02 2.174829E+00 1.040624E+01
7.858000E+02 2.174863E+00 1.040491E+01
7.867000E+02 2.174898E+00 1.040358E+01
7.876000E+02 2.174931E+00 1.040226E+01
7.885000E+02 2.174965E+00 1.040223E+01
7.894000E+02 2.174998E+00 1.040092E+01
7.903000E+02 2.175031E+00 1.039962E+01
7.912000E+02 2.175064E+00 1.039832E+01
7.921000E+02 2.175096E+00 1.039702E+01
7.930000E+02 2.175128E+00 1.039573E+01
7.939000E+02 2.175159E+00 1.039445E+01
7.948000E+02 2.175190E+00 1.039317E+01
7.957000E+02 2.175221E+00 1.039318E+01
7.966000E+02 2.175252E+00 1.039192E+01
7.975000E+02 2.175282E+00 1.039065E+01
7.984000E+02 2.175312E+00 1.038940E+01
7.993000E+02 2.175342E+00 1.038814E+01
8.002000E+02 2.175371E+00 1.038690E+01
8.011000E+02 2.175400E+00 1.038566E+01
8.020000E+02 2.175428E+00 1.038442E+01
8.029000E+02 2.175457E+00 1.038319E+01
8.038000E+02 2.175485E+00 1.038197E+01
8.047000E+02 2.175512E+00 1.038075E+01
8.056000E+02 2.175540E+00 1.037953E+01
8.065000E+02 2.175567E+00 1.037832E+01
8.074000E+02 2.175594E+00 1.037840E+01
8.083000E+02 2.175620E+00 1.037720E+01
8.092000E+02 2.175646E+00 1.037600E+01
8.101000E+02 2.175672E+00 1.037481E+01
8.110000E+02 2.175698E+00 1.037363E+01
8.119000E+02 2.175723E+00 1.037245E+01
8.128000E+02 2.175748E+00 1.037128E+01
8.137000E+02 2.175772E+00 1.037011E+01
8.146000E+02 2.175797E+00 1.036895E+01
8.155000E+02 2.175821E+00 1.036779E+01
8.164000E+02 2.175844E+00 1.036664E+01
8.173000E+02 2.175868E+00 1.036549E+01
8.182000E+02 2.175891E+00 1.036435E+01
8.191000E+02 2.175914E+00 1.036321E+01
8.200000E+02 2.175936E+00 1.036208E+01
8.209000E+02 2.175958E+00 1.036095E+01
8.218000E+02 2.175980E+00 1.035983E+01
8.227000E+02 2.176002E+00 1.035871E+01
8.236000E+02 2.176023E+00 1.035760E+01
8.245000E+02 2.176044E+00 1.035649E+01
8.254000E+02 2.176065E+00 1.035539E+01
8.263000E+02 2.176086E+00 1.035429E+01
8.272000E+02 2.176106E+00 1.035320E+01
8.281000E+02 2.176126E+00 1.035211E+01
8.290000E+02 2.176145E+00 1.035102E+01
8.299000E+02 2.176165E+00 1.034995E+01
8.308000E+02 2.176184E+00 1.034887E+01
8.317000E+02 2.176202E+00 1.034781E+01
8.326000E+02 2.176221E+00 1.034674E+01
8.335000E+02 2.176239E+00 1.034568E+01
8.344000E+02 2.176257E+00 1.034463E+01
8.353000E+02 2.176275E+00 1.034358E+01
8.362000E+02 2.176292E+00 1.034254E+01
8.371000E+02 2.176309E+00 1.034150E+01
8.380000E+02 2.176326E+00 1.034046E+01
8.389000E+02 2.176343E+00 1.033943E+01
8.398000E+02 2.176359E+00 1.033841E+01
8.407000E+02 2.176375E+00 1.033739E+01
8.416000E+02 2.176391E+00 1.033637E+01
8.425000E+02 2.176406E+00 1.033536E+01
8.434000E+02 2.176421E+00 1.033436E+01
8.443000E+02 2.176436E+00 1.033210E+01
8.452000E+02 2.176451E+00 1.033110E+01
8.461000E+02 2.176465E+00 1.033011E+01
8.470000E+02 2.176480E+00 1.032913E+01
8.479000E+02 2.176494E+00 1.032814E+01
8.488000E+02 2.176507E+00 1.032717E+01
8.497000E+02 2.176521E+00 1.032619E+01
8.506000E+02 2.176534E+00 1.032523E+01
8.515000E+02 2.176546E+00 1.032426E+01
8.524000E+02 2.176559E+00 1.032330E+01
8.533000E+02 2.176571E+00 1.032235E+01
8.542000E+02 2.176583E+00 1.032140E+01
8.551000E+02 2.176595E+00 1.032045E+01
8.560000E+02 2.176607E+00 1.031826E+01
8.569000E+02 2.176618E+00 1.031733E+01
8.578000E+02 2.176629E+00 1.031640E+01
8.587000E+02 2.176640E+00 1.031547E+01
8.596000E+02 2.176651E+00 1.031455E+01
8.605000E+02 2.176661E+00 1.031363E+01
8.614000E+02 2.176671E+00 1.031272E+01
8.623000E+02 2.176681E+00 1.031181E+01
8.632000E+02 2.176690E+00 1.031090E+01
8.641000E+02 2.176700E+00 1.030876E+01
8.650000E+02 2.176709E+00 1.030786E+01
8.659000E+02 2.176717E+00 1.030697E+01
8.668000E+02 2.176726E+00 1.030609E+01
8.677000E+02 2.176734E+00 1.030521E+01
8.686000E+02 2.176742E+00 1.030433E+01
8.695000E+02 2.176750E+00 1.030346E+01
8.704000E+02 2.176758E+00 1.030134E+01
8.713000E+02 2.176765E+00 1.030048E+01
8.722000E+02 2.176772E+00 1.029962E+01
8.731000E+02 2.176779E+00 1.029877E+01
8.740000E+02 2.176786E+00 1.029792E+01
8.749000E+02 2.176792E+00 1.029707E+01
8.758000E+02 2.176799E+00 1.029499E+01
8.767000E+02 2.176805E+00 1.029415E+01
8.776000E+02 2.176810E+00 1.029332E+01
8.785000E+02 2.176816E+00 1.029249E+01
8.794000E+02 2.176821E+00 1.029166E+01
8.803000E+02 2.176826E+00 1.029084E+01
8.812000E+02 2.176831E+00 1.028879E+01
8.821000E+02 2.176835E+00 1.028798E+01
8.830000E+02 2.176840E+00 1.028717E+01
8.839000E+02 2.176844E+00 1.028637E+01
8.848000E+02 2.176848E+00 1.028557E+01
8.857000E+02 2.176851E+00 1.028478E+01
8.866000E+02 2.176855E+00 1.028275E+01
8.875000E+02 2.176858E+00 1.028197E+01
8.884000E+02 2.176861E+00 1.028118E+01
8.893000E+02 2.176864E+00 1.028041E+01
8.902000E+02 2.176866E+00 1.027963E+01
8.911000E+02 2.176869E+00 1.027763E+01
8.920000E+02 2.176871E+00 1.027687E+01
8.929000E+02 2.176873E+00 1.027611E+01
8.938000E+02 2.176874E+00 1.027535E+01
8.947000E+02 2.176876E+00 1.027337E+01
8.956000E+02 2.176877E+00 1.027262E+01
8.965000E+02 2.176878E+00 1.027188E+01
8.974000E+02 2.176879E+00 1.027114E+01
8.983000E+02 2.176879E+00 1.027040E+01
8.992000E+02 2.176880E+00 1.026844E+01
9.001000E+02 2.176880E+00 1.026772E+01
9.010000E+02 2.176880E+00 1.026699E+01
9.019000E+02 2.176879E+00 1.026627E+01
9.028000E+02 2.176879E+00 1.026433E+01
9.037000E+02 2.176878E+00 1.026362E+01
9.046000E+02 2.176877E+00 1.026292E+01
9.055000E+02 2.176876E+00 1.026221E+01
9.064000E+02 2.176875E+00 1.026029E+01
9.073000E+02 2.176873E+00 1.025960E+01
9.082000E+02 2.176872E+00 1.025890E+01
9.091000E+02 2.176870E+00 1.025822E+01
9.100000E+02 2.176868E+00 1.025631E+01
9.109000E+02 2.176865E+00 1.025563E+01
9.118000E+02 2.176863E+00 1.025496E+01
9.127000E+02 2.176860E+00 1.025429E+01
9.136000E+02 2.176857E+00 1.025240E+01
9.145000E+02 2.176854E+00 1.025174E+01
9.154000E+02 2.176850E+00 1.025108E+01
9.163000E+02 2.176847E+00 1.024921E+01
9.172000E+02 2.176843E+00 1.024856E+01
9.181000E+02 2.176839E+00 1.024791E+01
9.190000E+02 2.176835E+00 1.024727E+01
9.199000E+02 2.176831E+00 1.024541E+01
9.208000E+02 2.176826E+00 1.024478E+01
9.217000E+02 2.176821E+00 1.024415E+01
9.226000E+02 2.176816E+00 1.024230E+01
9.235000E+02 2.176811E+00 1.024168E+01
9.244000E+02 2.176806E+00 1.024106E+01
9.253000E+02 2.176800E+00 1.023923E+01
9.262000E+02 2.176795E+00 1.023862E+01
9.271000E+02 2.176789E+00 1.023801E+01
9.280000E+02 2.176783E+00 1.023741E+01
9.289000E+02 2.176776E+00 1.023559E+01
9.298000E+02 2.176770E+00 1.023500E+01
9.307000E+02 2.176763E+00 1.023441E+01
9.316000E+02 2.176756E+00 1.023261E+01
9.325000E+02 2.176749E+00 1.023202E+01
9.334000E+02 2.176742E+00 1.023144E+01
9.343000E+02 2.176735E+00 1.022965E+01
9.352000E+02 2.176727E+00 1.022908E+01
9.361000E+02 2.176719E+00 1.022851E+01
9.370000E+02 2.176711E+00 1.022674E+01
9.379000E+02 2.176703E+00 1.022617E+01
9.388000E+02 2.176695E+00 1.022562E+01
9.397000E+02 2.176686E+00 1.022385E+01
9.406000E+02 2.176678E+00 1.022330E+01
9.415000E+02 2.176669E+00 1.022276E+01
9.424000E+02 2.176660E+00 1.022101E+01
9.433000E+02 2.176650E+00 1.022047E+01
9.442000E+02 2.176641E+00 1.021872E+01
9.451000E+02 2.176631E+00 1.021819E+01
9.460000E+02 2.176621E+00 1.021767E+01
9.469000E+02 2.176612E+00 1.021594E+01
9.478000E+02 2.176601E+00 1.021542E+01
9.487000E+02 2.176591E+00 1.021490E+01
9.496000E+02 2.176581E+00 1.021318E+01
9.505000E+02 2.176570E+00 1.021267E+01
9.514000E+02 2.176559E+00 1.021096E+01
9.523000E+02 2.176548E+00 1.021046E+01
9.532000E+02 2.176537E+00 1.020996E+01
9.541000E+02 2.176525E+00 1.020826E+01
9.550000E+02 2.176514E+00 1.020777E+01
9.559000E+02 2.176502E+00 1.020729E+01
9.568000E+02 2.176490E+00 1.020560E+01
9.577000E+02 2.176478E+00 1.020512E+01
9.586000E+02 2.176466E+00 1.020344E+01
9.595000E+02 2.176454E+00 1.020297E+01
9.604000E+02 2.176441E+00 1.020250E+01
9.613000E+02 2.176428E+00 1.020084E+01
9.622000E+02 2.176416E+00 1.020037E+01
9.631000E+02 2.176403E+00 1.019872E+01
9.640000E+02 2.176389E+00 1.019826E+01
9.649000E+02 2.176376E+00 1.019781E+01
9.658000E+02 2.176362E+00 1.019616E+01
9.667000E+02 2.176349E+00 1.019572E+01
9.676000E+02 2.176335E+00 1.019408E+01
9.685000E+02 2.176321E+00 1.019364E+01
9.694000E+02 2.176307E+00 1.019201E+01
9.703000E+02 2.176292E+00 1.019158E+01
9.712000E+02 2.176278E+00 1.019116E+01
9.721000E+02 2.176263E+00 1.018954E+01
9.730000E+02 2.176248E+00 1.018912E+01
9.739000E+02 2.176233E+00 1.018751E+01
9.748000E+02 2.176218E+00 1.018710E+01
9.757000E+02 2.176203E+00 1.018549E+01
9.766000E+02 2.176187E+00 1.018509E+01
9.775000E+02 2.176171E+00 1.018349E+01
9.784000E+02 2.176156E+00 1.018309E+01
9.793000E+02 2.176140E+00 1.018270E+01
9.802000E+02 2.176124E+00 1.018111E+01
9.811000E+02 2.176107E+00 1.018073E+01
9.820000E+02 2.176091E+00 1.017915E+01
9.829000E+02 2.176074E+00 1.017877E+01
9.838000E+02 2.176058E+00 1.017720E+01
9.847000E+02 2.176041E+00 1.017682E+01
9.856000E+02 2.176024E+00 1.017526E+01
9.865000E+02 2.176006E+00 1.017490E+01
9.874000E+02 2.175989E+00 1.017334E+01
9.883000E+02 2.175972E+00 1.017298E+01
9.892000E+02 2.175954E+00 1.017144E+01
9.901000E+02 2.175936E+00 1.017108E+01
9.910000E+02 2.175918E+00 1.016954E+01
9.919000E+02 2.175900E+00 1.016919E+01
9.928000E+02 2.175882E+00 1.016885E+01
9.937000E+02 2.175864E+00 1.016732E+01
9.946000E+02 2.175845E+00 1.016698E+01
9.955000E+02 2.175826E+00 1.016546E+01
9.964000E+02 2.175807E+00 1.016513E+01
9.973000E+02 2.175788E+00 1.016362E+01
9.982000E+02 2.175769E+00 1.016330E+01
9.991000E+02 2.175750E+00 1.016179E+01
