1.000000E+02 1.792710E+00 1.288430E+01
1.009000E+02 1.797209E+00 1.288149E+01
1.018000E+02 1.801655E+00 1.287524E+01
1.027000E+02 1.806046E+00 1.286925E+01
1.036000E+02 1.810385E+00 1.286713E+01
1.045000E+02 1.814673E+00 1.286162E+01
1.054000E+02 1.818909E+00 1.285634E+01
1.063000E+02 1.823096E+00 1.285485E+01
1.072000E+02 1.827233E+00 1.285001E+01
1.081000E+02 1.831322E+00 1.284539E+01
1.090000E+02 1.835363E+00 1.284098E+01
1.099000E+02 1.839357E+00 1.283679E+01
1.108000E+02 1.843306E+00 1.283279E+01
1.117000E+02 1.847209E+00 1.282553E+01
1.126000E+02 1.851067E+00 1.282195E+01
1.135000E+02 1.854882E+00 1.281856E+01
1.144000E+02 1.858654E+00 1.281194E+01
1.153000E+02 1.862383E+00 1.280893E+01
1.162000E+02 1.866070E+00 1.280610E+01
1.171000E+02 1.869716E+00 1.280007E+01
1.180000E+02 1.873322E+00 1.279424E+01
1.189000E+02 1.876888E+00 1.279195E+01
1.198000E+02 1.880414E+00 1.278649E+01
1.207000E+02 1.883902E+00 1.278122E+01
1.216000E+02 1.887352E+00 1.277944E+01
1.225000E+02 1.890764E+00 1.277452E+01
1.234000E+02 1.894139E+00 1.276977E+01
1.243000E+02 1.897478E+00 1.276520E+01
1.252000E+02 1.900781E+00 1.276079E+01
1.261000E+02 1.904049E+00 1.275655E+01
1.270000E+02 1.907282E+00 1.275247E+01
1.279000E+02 1.910481E+00 1.274855E+01
1.288000E+02 1.913646E+00 1.274159E+01
1.297000E+02 1.916777E+00 1.273799E+01
1.306000E+02 1.919876E+00 1.273454E+01
1.315000E+02 1.922943E+00 1.273124E+01
1.324000E+02 1.925977E+00 1.272493E+01
1.333000E+02 1.928981E+00 1.272193E+01
1.342000E+02 1.931953E+00 1.271594E+01
1.351000E+02 1.934895E+00 1.271322E+01
1.360000E+02 1.937806E+00 1.270753E+01
1.369000E+02 1.940688E+00 1.270508E+01
1.378000E+02 1.943541E+00 1.269968E+01
1.387000E+02 1.946364E+00 1.269443E+01
1.396000E+02 1.949160E+00 1.269239E+01
1.405000E+02 1.951927E+00 1.268741E+01
1.414000E+02 1.954666E+00 1.268258E+01
1.423000E+02 1.957378E+00 1.267789E+01
1.432000E+02 1.960064E+00 1.267333E+01
1.441000E+02 1.962722E+00 1.266890E+01
1.450000E+02 1.965355E+00 1.266460E+01
1.459000E+02 1.967961E+00 1.266044E+01
1.468000E+02 1.970542E+00 1.265639E+01
1.477000E+02 1.973097E+00 1.265248E+01
1.486000E+02 1.975628E+00 1.264868E+01
1.495000E+02 1.978134E+00 1.264501E+01
1.504000E+02 1.980616E+00 1.263851E+01
1.513000E+02 1.983074E+00 1.263508E+01
1.522000E+02 1.985509E+00 1.263177E+01
1.531000E+02 1.987920E+00 1.262856E+01
1.540000E+02 1.990308E+00 1.262257E+01
1.549000E+02 1.992673E+00 1.261959E+01
1.558000E+02 1.995016E+00 1.261384E+01
1.567000E+02 1.997337E+00 1.261109E+01
1.576000E+02 1.999636E+00 1.260557E+01
1.585000E+02 2.001913E+00 1.260303E+01
1.594000E+02 2.004169E+00 1.259774E+01
1.603000E+02 2.006404E+00 1.259257E+01
1.612000E+02 2.008618E+00 1.259034E+01
1.621000E+02 2.010811E+00 1.258539E+01
1.630000E+02 2.012985E+00 1.258055E+01
1.639000E+02 2.015138E+00 1.257862E+01
1.648000E+02 2.017271E+00 1.257398E+01
1.657000E+02 2.019385E+00 1.256946E+01
1.666000E+02 2.021479E+00 1.256503E+01
1.675000E+02 2.023555E+00 1.256071E+01
1.684000E+02 2.025611E+00 1.255649E+01
1.693000E+02 2.027649E+00 1.255237E+01
1.702000E+02 2.029668E+00 1.254835E+01
1.711000E+02 2.031670E+00 1.254443E+01
1.720000E+02 2.033653E+00 1.254060E+01
1.729000E+02 2.035618E+00 1.253687E+01
1.738000E+02 2.037566E+00 1.253323E+01
1.747000E+02 2.039497E+00 1.252968E+01
1.756000E+02 2.041410E+00 1.252352E+01
1.765000E+02 2.043306E+00 1.252016E+01
1.774000E+02 2.045186E+00 1.251688E+01
1.783000E+02 2.047049E+00 1.251369E+01
1.792000E+02 2.048895E+00 1.250792E+01
1.801000E+02 2.050726E+00 1.250491E+01
1.810000E+02 2.052540E+00 1.250198E+01
1.819000E+02 2.054338E+00 1.249648E+01
1.828000E+02 2.056121E+00 1.249373E+01
1.837000E+02 2.057889E+00 1.248841E+01
1.846000E+02 2.059641E+00 1.248582E+01
1.855000E+02 2.061378E+00 1.248068E+01
1.864000E+02 2.063100E+00 1.247825E+01
1.873000E+02 2.064807E+00 1.247328E+01
1.882000E+02 2.066499E+00 1.246840E+01
1.891000E+02 2.068177E+00 1.246621E+01
1.900000E+02 2.069841E+00 1.246149E+01
1.909000E+02 2.071490E+00 1.245687E+01
1.918000E+02 2.073126E+00 1.245490E+01
1.927000E+02 2.074747E+00 1.245043E+01
1.936000E+02 2.076355E+00 1.244604E+01
1.945000E+02 2.077949E+00 1.244173E+01
1.954000E+02 2.079530E+00 1.243751E+01
1.963000E+02 2.081098E+00 1.243336E+01
1.972000E+02 2.082652E+00 1.243183E+01
1.981000E+02 2.084194E+00 1.242782E+01
1.990000E+02 2.085723E+00 1.242390E+01
1.999000E+02 2.087238E+00 1.242005E+01
2.008000E+02 2.088742E+00 1.241627E+01
2.017000E+02 2.090233E+00 1.241257E+01
2.026000E+02 2.091711E+00 1.240893E+01
2.035000E+02 2.093177E+00 1.240537E+01
2.044000E+02 2.094632E+00 1.239939E+01
2.053000E+02 2.096074E+00 1.239597E+01
2.062000E+02 2.097504E+00 1.239263E+01
2.071000E+02 2.098923E+00 1.238935E+01
2.080000E+02 2.100330E+00 1.238614E+01
2.089000E+02 2.101726E+00 1.238299E+01
2.098000E+02 2.103110E+00 1.237745E+01
2.107000E+02 2.104483E+00 1.237444E+01
2.116000E+02 2.105845E+00 1.237150E+01
2.125000E+02 2.107196E+00 1.236617E+01
2.134000E+02 2.108536E+00 1.236336E+01
2.143000E+02 2.109866E+00 1.236060E+01
2.152000E+02 2.111184E+00 1.235548E+01
2.161000E+02 2.112492E+00 1.235286E+01
2.170000E+02 2.113790E+00 1.234788E+01
2.179000E+02 2.115077E+00 1.234537E+01
2.188000E+02 2.116354E+00 1.234052E+01
2.197000E+02 2.117621E+00 1.233814E+01
2.206000E+02 2.118877E+00 1.233342E+01
2.215000E+02 2.120124E+00 1.233116E+01
2.224000E+02 2.121361E+00 1.232657E+01
2.233000E+02 2.122588E+00 1.232443E+01
2.242000E+02 2.123805E+00 1.231996E+01
2.251000E+02 2.125013E+00 1.231555E+01
2.260000E+02 2.126212E+00 1.231358E+01
2.269000E+02 2.127400E+00 1.230930E+01
2.278000E+02 2.128580E+00 1.230508E+01
2.287000E+02 2.129750E+00 1.230327E+01
2.296000E+02 2.130912E+00 1.229917E+01
2.305000E+02 2.132064E+00 1.229512E+01
2.314000E+02 2.133207E+00 1.229114E+01
2.323000E+02 2.134341E+00 1.228721E+01
2.332000E+02 2.135467E+00 1.228334E+01
2.341000E+02 2.136584E+00 1.228186E+01
2.350000E+02 2.137692E+00 1.227810E+01
2.359000E+02 2.138792E+00 1.227440E+01
2.368000E+02 2.139883E+00 1.227075E+01
2.377000E+02 2.140966E+00 1.226716E+01
2.386000E+02 2.142040E+00 1.226363E+01
2.395000E+02 2.143107E+00 1.226015E+01
2.404000E+02 2.144165E+00 1.225672E+01
2.413000E+02 2.145215E+00 1.225335E+01
2.422000E+02 2.146257E+00 1.225002E+01
2.431000E+02 2.147291E+00 1.224675E+01
2.440000E+02 2.148317E+00 1.224354E+01
2.449000E+02 2.149335E+00 1.224037E+01
2.458000E+02 2.150346E+00 1.223725E+01
2.467000E+02 2.151349E+00 1.223192E+01
2.476000E+02 2.152344E+00 1.222891E+01
2.485000E+02 2.153332E+00 1.222595E+01
2.494000E+02 2.154313E+00 1.222303E+01
2.503000E+02 2.155286E+00 1.222017E+01
2.512000E+02 2.156251E+00 1.221511E+01
2.521000E+02 2.157210E+00 1.221234E+01
2.530000E+02 2.158161E+00 1.220962E+01
2.539000E+02 2.159105E+00 1.220695E+01
2.548000E+02 2.160043E+00 1.220209E+01
2.557000E+02 2.160973E+00 1.219951E+01
2.566000E+02 2.161896E+00 1.219476E+01
2.575000E+02 2.162812E+00 1.219227E+01
2.584000E+02 2.163722E+00 1.218983E+01
2.593000E+02 2.164624E+00 1.218523E+01
2.602000E+02 2.165520E+00 1.218288E+01
2.611000E+02 2.166410E+00 1.217837E+01
2.620000E+02 2.167292E+00 1.217611E+01
2.629000E+02 2.168169E+00 1.217390E+01
2.638000E+02 2.169039E+00 1.216953E+01
2.647000E+02 2.169902E+00 1.216521E+01
2.656000E+02 2.170759E+00 1.216313E+01
2.665000E+02 2.171610E+00 1.215890E+01
2.674000E+02 2.172454E+00 1.215690E+01
2.683000E+02 2.173292E+00 1.215277E+01
2.692000E+02 2.174124E+00 1.215085E+01
2.701000E+02 2.174950E+00 1.214681E+01
2.710000E+02 2.175770E+00 1.214281E+01
2.719000E+02 2.176584E+00 1.214102E+01
2.728000E+02 2.177392E+00 1.213711E+01
2.737000E+02 2.178195E+00 1.213325E+01
2.746000E+02 2.178991E+00 1.213158E+01
2.755000E+02 2.179781E+00 1.212780E+01
2.764000E+02 2.180566E+00 1.212406E+01
2.773000E+02 2.181345E+00 1.212037E+01
2.782000E+02 2.182119E+00 1.211886E+01
2.791000E+02 2.182886E+00 1.211525E+01
2.800000E+02 2.183649E+00 1.211168E+01
2.809000E+02 2.184405E+00 1.210815E+01
2.818000E+02 2.185156E+00 1.210467E+01
2.827000E+02 2.185902E+00 1.210334E+01
2.836000E+02 2.186643E+00 1.209994E+01
2.845000E+02 2.187378E+00 1.209658E+01
2.854000E+02 2.188108E+00 1.209325E+01
2.863000E+02 2.188832E+00 1.208997E+01
2.872000E+02 2.189552E+00 1.208672E+01
2.881000E+02 2.190266E+00 1.208352E+01
2.890000E+02 2.190975E+00 1.208035E+01
2.899000E+02 2.191679E+00 1.207723E+01
2.908000E+02 2.192378E+00 1.207414E+01
2.917000E+02 2.193072E+00 1.207109E+01
2.926000E+02 2.193761E+00 1.206807E+01
2.935000E+02 2.194445E+00 1.206510E+01
2.944000E+02 2.195124E+00 1.206216E+01
2.953000E+02 2.195798E+00 1.205926E+01
2.962000E+02 2.196468E+00 1.205640E+01
2.971000E+02 2.197133E+00 1.205357E+01
2.980000E+02 2.197793E+00 1.205078E+01
2.989000E+02 2.198448E+00 1.204802E+01
2.998000E+02 2.199099E+00 1.204530E+01
3.007000E+02 2.199745E+00 1.204056E+01
3.016000E+02 2.200386E+00 1.203791E+01
3.025000E+02 2.201023E+00 1.203530E+01
3.034000E+02 2.201656E+00 1.203272E+01
3.043000E+02 2.202283E+00 1.203017E+01
3.052000E+02 2.202907E+00 1.202562E+01
3.061000E+02 2.203526E+00 1.202315E+01
3.070000E+02 2.204141E+00 1.202070E+01
3.079000E+02 2.204751E+00 1.201830E+01
3.088000E+02 2.205357E+00 1.201389E+01
3.097000E+02 2.205959E+00 1.201155E+01
3.106000E+02 2.206557E+00 1.200925E+01
3.115000E+02 2.207150E+00 1.200495E+01
3.124000E+02 2.207739E+00 1.200271E+01
3.133000E+02 2.208324E+00 1.200050E+01
3.142000E+02 2.208905E+00 1.199631E+01
3.151000E+02 2.209482E+00 1.199416E+01
3.160000E+02 2.210054E+00 1.199205E+01
3.169000E+02 2.210623E+00 1.198796E+01
3.178000E+02 2.211188E+00 1.198592E+01
3.187000E+02 2.211749E+00 1.198190E+01
3.196000E+02 2.212306E+00 1.197991E+01
3.205000E+02 2.212859E+00 1.197596E+01
3.214000E+02 2.213408E+00 1.197404E+01
3.223000E+02 2.213953E+00 1.197015E+01
3.232000E+02 2.214494E+00 1.196829E+01
3.241000E+02 2.215032E+00 1.196447E+01
3.250000E+02 2.215566E+00 1.196267E+01
3.259000E+02 2.216096E+00 1.195891E+01
3.268000E+02 2.216622E+00 1.195717E+01
3.277000E+02 2.217145E+00 1.195348E+01
3.286000E+02 2.217664E+00 1.195180E+01
3.295000E+02 2.218180E+00 1.194817E+01
3.304000E+02 2.218692E+00 1.194458E+01
3.313000E+02 2.219200E+00 1.194298E+01
3.322000E+02 2.219705E+00 1.193945E+01
3.331000E+02 2.220206E+00 1.193791E+01
3.340000E+02 2.220704E+00 1.193444E+01
3.349000E+02 2.221198E+00 1.193100E+01
3.358000E+02 2.221689E+00 1.192954E+01
3.367000E+02 2.222176E+00 1.192616E+01
3.376000E+02 2.222660E+00 1.192281E+01
3.385000E+02 2.223141E+00 1.191949E+01
3.394000E+02 2.223618E+00 1.191815E+01
3.403000E+02 2.224092E+00 1.191489E+01
3.412000E+02 2.224563E+00 1.191166E+01
3.421000E+02 2.225031E+00 1.190846E+01
3.430000E+02 2.225495E+00 1.190722E+01
3.439000E+02 2.225956E+00 1.190408E+01
3.448000E+02 2.226413E+00 1.190096E+01
3.457000E+02 2.226868E+00 1.189787E+01
3.466000E+02 2.227319E+00 1.189482E+01
3.475000E+02 2.227768E+00 1.189371E+01
3.484000E+02 2.228213E+00 1.189071E+01
3.493000E+02 2.228655E+00 1.188774E+01
3.502000E+02 2.229094E+00 1.188479E+01
3.511000E+02 2.229530E+00 1.188187E+01
3.520000E+02 2.229963E+00 1.187898E+01
3.529000E+02 2.230393E+00 1.187612E+01
3.538000E+02 2.230820E+00 1.187328E+01
3.547000E+02 2.231244E+00 1.187238E+01
3.556000E+02 2.231665E+00 1.186960E+01
3.565000E+02 2.232083E+00 1.186684E+01
3.574000E+02 2.232498E+00 1.186411E+01
3.583000E+02 2.232910E+00 1.186141E+01
3.592000E+02 2.233320E+00 1.185873E+01
3.601000E+02 2.233726E+00 1.185608E+01
3.610000E+02 2.234130E+00 1.185345E+01
3.619000E+02 2.234531E+00 1.185085E+01
3.628000E+02 2.234929E+00 1.184828E+01
3.637000E+02 2.235325E+00 1.184573E+01
3.646000E+02 2.235717E+00 1.184321E+01
3.655000E+02 2.236107E+00 1.183883E+01
3.664000E+02 2.236495E+00 1.183636E+01
3.673000E+02 2.236879E+00 1.183392E+01
3.682000E+02 2.237261E+00 1.183150E+01
3.691000E+02 2.237640E+00 1.182910E+01
3.700000E+02 2.238017E+00 1.182673E+01
3.709000E+02 2.238391E+00 1.182438E+01
3.718000E+02 2.238762E+00 1.182206E+01
3.727000E+02 2.239131E+00 1.181976E+01
3.736000E+02 2.239497E+00 1.181562E+01
3.745000E+02 2.239861E+00 1.181337E+01
3.754000E+02 2.240222E+00 1.181115E+01
3.763000E+02 2.240581E+00 1.180895E+01
3.772000E+02 2.240937E+00 1.180677E+01
3.781000E+02 2.241290E+00 1.180276E+01
3.790000E+02 2.241642E+00 1.180063E+01
3.799000E+02 2.241990E+00 1.179852E+01
3.808000E+02 2.242337E+00 1.179643E+01
3.817000E+02 2.242680E+00 1.179437E+01
3.826000E+02 2.243022E+00 1.179049E+01
3.835000E+02 2.243361E+00 1.178847E+01
3.844000E+02 2.243698E+00 1.178648E+01
3.853000E+02 2.244032E+00 1.178267E+01
3.862000E+02 2.244364E+00 1.178072E+01
3.871000E+02 2.244694E+00 1.177879E+01
3.880000E+02 2.245021E+00 1.177506E+01
3.889000E+02 2.245346E+00 1.177317E+01
3.898000E+02 2.245669E+00 1.177131E+01
3.907000E+02 2.245990E+00 1.176765E+01
3.916000E+02 2.246308E+00 1.176583E+01
3.925000E+02 2.246624E+00 1.176404E+01
3.934000E+02 2.246938E+00 1.176045E+01
3.943000E+02 2.247249E+00 1.175869E+01
3.952000E+02 2.247559E+00 1.175696E+01
3.961000E+02 2.247866E+00 1.175344E+01
3.970000E+02 2.248171E+00 1.175175E+01
3.979000E+02 2.248474E+00 1.174827E+01
3.988000E+02 2.248775E+00 1.174662E+01
3.997000E+02 2.249074E+00 1.174319E+01
4.006000E+02 2.249370E+00 1.174159E+01
4.015000E+02 2.249665E+00 1.173820E+01
4.024000E+02 2.249957E+00 1.173664E+01
4.033000E+02 2.250248E+00 1.173329E+01
4.042000E+02 2.250536E+00 1.173177E+01
4.051000E+02 2.250822E+00 1.172847E+01
4.060000E+02 2.251106E+00 1.172699E+01
4.069000E+02 2.251389E+00 1.172374E+01
4.078000E+02 2.251669E+00 1.172229E+01
4.087000E+02 2.251947E+00 1.171908E+01
4.096000E+02 2.252223E+00 1.171768E+01
4.105000E+02 2.252498E+00 1.171451E+01
4.114000E+02 2.252770E+00 1.171314E+01
4.123000E+02 2.253040E+00 1.171002E+01
4.132000E+02 2.253309E+00 1.170691E+01
4.141000E+02 2.253575E+00 1.170561E+01
4.150000E+02 2.253840E+00 1.170254E+01
4.159000E+02 2.254103E+00 1.170128E+01
4.168000E+02 2.254364E+00 1.169825E+01
4.177000E+02 2.254623E+00 1.169525E+01
4.186000E+02 2.254880E+00 1.169404E+01
4.195000E+02 2.255135E+00 1.169108E+01
4.204000E+02 2.255389E+00 1.168814E+01
4.213000E+02 2.255640E+00 1.168698E+01
4.222000E+02 2.255890E+00 1.168408E+01
4.231000E+02 2.256138E+00 1.168120E+01
4.240000E+02 2.256384E+00 1.168010E+01
4.249000E+02 2.256629E+00 1.167726E+01
4.258000E+02 2.256871E+00 1.167444E+01
4.267000E+02 2.257112E+00 1.167164E+01
4.276000E+02 2.257352E+00 1.167062E+01
4.285000E+02 2.257589E+00 1.166785E+01
4.294000E+02 2.257825E+00 1.166511E+01
4.303000E+02 2.258059E+00 1.166239E+01
4.312000E+02 2.258291E+00 1.166143E+01
4.321000E+02 2.258522E+00 1.165875E+01
4.330000E+02 2.258751E+00 1.165608E+01
4.339000E+02 2.258978E+00 1.165344E+01
4.348000E+02 2.259204E+00 1.165255E+01
4.357000E+02 2.259428E+00 1.164994E+01
4.366000E+02 2.259650E+00 1.164735E+01
4.375000E+02 2.259871E+00 1.164478E+01
4.384000E+02 2.260090E+00 1.164222E+01
4.393000E+02 2.260307E+00 1.163969E+01
4.402000E+02 2.260523E+00 1.163890E+01
4.411000E+02 2.260737E+00 1.163641E+01
4.420000E+02 2.260950E+00 1.163393E+01
4.429000E+02 2.261161E+00 1.163146E+01
4.438000E+02 2.261371E+00 1.162902E+01
4.447000E+02 2.261579E+00 1.162660E+01
4.456000E+02 2.261785E+00 1.162419E+01
4.465000E+02 2.261990E+00 1.162180E+01
4.474000E+02 2.262193E+00 1.161943E+01
4.483000E+02 2.262395E+00 1.161879E+01
4.492000E+02 2.262595E+00 1.161645E+01
4.501000E+02 2.262794E+00 1.161413E+01
4.510000E+02 2.262992E+00 1.161183E+01
4.519000E+02 2.263188E+00 1.160955E+01
4.528000E+02 2.263382E+00 1.160728E+01
4.537000E+02 2.263575E+00 1.160503E+01
4.546000E+02 2.263766E+00 1.160279E+01
4.555000E+02 2.263956E+00 1.160058E+01
4.564000E+02 2.264145E+00 1.159838E+01
4.573000E+02 2.264332E+00 1.159620E+01
4.582000E+02 2.264518E+00 1.159403E+01
4.591000E+02 2.264702E+00 1.159188E+01
4.600000E+02 2.264885E+00 1.158975E+01
4.609000E+02 2.265067E+00 1.158764E+01
4.618000E+02 2.265247E+00 1.158554E+01
4.627000E+02 2.265425E+00 1.158346E+01
4.636000E+02 2.265603E+00 1.158139E+01
4.645000E+02 2.265779E+00 1.157765E+01
4.654000E+02 2.265953E+00 1.157562E+01
4.663000E+02 2.266127E+00 1.157360E+01
4.672000E+02 2.266299E+00 1.157160E+01
4.681000E+02 2.266469E+00 1.156962E+01
4.690000E+02 2.266639E+00 1.156765E+01
4.699000E+02 2.266807E+00 1.156570E+01
4.708000E+02 2.266973E+00 1.156376E+01
4.717000E+02 2.267139E+00 1.156184E+01
4.726000E+02 2.267303E+00 1.155993E+01
4.735000E+02 2.267465E+00 1.155636E+01
4.744000E+02 2.267627E+00 1.155449E+01
4.753000E+02 2.267787E+00 1.155263E+01
4.762000E+02 2.267946E+00 1.155079E+01
4.771000E+02 2.268104E+00 1.154896E+01
4.780000E+02 2.268260E+00 1.154715E+01
4.789000E+02 2.268415E+00 1.154368E+01
4.798000E+02 2.268569E+00 1.154190E+01
4.807000E+02 2.268722E+00 1.154014E+01
4.816000E+02 2.268874E+00 1.153839E+01
4.825000E+02 2.269024E+00 1.153665E+01
4.834000E+02 2.269173E+00 1.153327E+01
4.843000E+02 2.269321E+00 1.153156E+01
4.852000E+02 2.269468E+00 1.152987E+01
4.861000E+02 2.269613E+00 1.152820E+01
4.870000E+02 2.269757E+00 1.152487E+01
4.879000E+02 2.269900E+00 1.152323E+01
4.888000E+02 2.270042E+00 1.152160E+01
4.897000E+02 2.270183E+00 1.151998E+01
4.906000E+02 2.270323E+00 1.151672E+01
4.915000E+02 2.270461E+00 1.151513E+01
4.924000E+02 2.270599E+00 1.151356E+01
4.933000E+02 2.270735E+00 1.151035E+01
4.942000E+02 2.270870E+00 1.150881E+01
4.951000E+02 2.271004E+00 1.150728E+01
4.960000E+02 2.271137E+00 1.150411E+01
4.969000E+02 2.271268E+00 1.150261E+01
4.978000E+02 2.271399E+00 1.150112E+01
4.987000E+02 2.271529E+00 1.149800E+01
4.996000E+02 2.271657E+00 1.149654E+01
5.005000E+02 2.271784E+00 1.149510E+01
5.014000E+02 2.271911E+00 1.149203E+01
5.023000E+02 2.272036E+00 1.149061E+01
5.032000E+02 2.272160E+00 1.148920E+01
5.041000E+02 2.272283E+00 1.148617E+01
5.050000E+02 2.272405E+00 1.148480E+01
5.059000E+02 2.272526E+00 1.148180E+01
5.068000E+02 2.272646E+00 1.148045E+01
5.077000E+02 2.272765E+00 1.147911E+01
5.086000E+02 2.272882E+00 1.147616E+01
5.095000E+02 2.272999E+00 1.147485E+01
5.104000E+02 2.273115E+00 1.147192E+01
5.113000E+02 2.273230E+00 1.147064E+01
5.122000E+02 2.273343E+00 1.146937E+01
5.131000E+02 2.273456E+00 1.146649E+01
5.140000E+02 2.273568E+00 1.146525E+01
5.149000E+02 2.273679E+00 1.146239E+01
5.158000E+02 2.273788E+00 1.146117E+01
5.167000E+02 2.273897E+00 1.145835E+01
5.176000E+02 2.274005E+00 1.145716E+01
5.185000E+02 2.274112E+00 1.145436E+01
5.194000E+02 2.274218E+00 1.145320E+01
5.203000E+02 2.274322E+00 1.145043E+01
5.212000E+02 2.274426E+00 1.144929E+01
5.221000E+02 2.274529E+00 1.144655E+01
5.230000E+02 2.274631E+00 1.144543E+01
5.239000E+02 2.274732E+00 1.144272E+01
5.248000E+02 2.274833E+00 1.144163E+01
5.257000E+02 2.274932E+00 1.143894E+01
5.266000E+02 2.275030E+00 1.143788E+01
5.275000E+02 2.275127E+00 1.143522E+01
5.284000E+02 2.275224E+00 1.143257E+01
5.293000E+02 2.275319E+00 1.143154E+01
5.302000E+02 2.275414E+00 1.142893E+01
5.311000E+02 2.275508E+00 1.142792E+01
5.320000E+02 2.275600E+00 1.142533E+01
5.329000E+02 2.275692E+00 1.142435E+01
5.338000E+02 2.275783E+00 1.142179E+01
5.347000E+02 2.275874E+00 1.141923E+01
5.356000E+02 2.275963E+00 1.141829E+01
5.365000E+02 2.276051E+00 1.141576E+01
5.374000E+02 2.276139E+00 1.141325E+01
5.383000E+02 2.276225E+00 1.141235E+01
5.392000E+02 2.276311E+00 1.140986E+01
5.401000E+02 2.276396E+00 1.140897E+01
5.410000E+02 2.276480E+00 1.140651E+01
5.419000E+02 2.276564E+00 1.140406E+01
5.428000E+02 2.276646E+00 1.140322E+01
5.437000E+02 2.276728E+00 1.140079E+01
5.446000E+02 2.276808E+00 1.139838E+01
5.455000E+02 2.276888E+00 1.139757E+01
5.464000E+02 2.276967E+00 1.139518E+01
5.473000E+02 2.277046E+00 1.139281E+01
5.482000E+02 2.277123E+00 1.139203E+01
5.491000E+02 2.277200E+00 1.138968E+01
5.500000E+02 2.277275E+00 1.138735E+01
5.509000E+02 2.277350E+00 1.138502E+01
5.518000E+02 2.277425E+00 1.138429E+01
5.527000E+02 2.277498E+00 1.138199E+01
5.536000E+02 2.277571E+00 1.137970E+01
5.545000E+02 2.277643E+00 1.137900E+01
5.554000E+02 2.277714E+00 1.137674E+01
5.563000E+02 2.277784E+00 1.137449E+01
5.572000E+02 2.277853E+00 1.137225E+01
5.581000E+02 2.277922E+00 1.137159E+01
5.590000E+02 2.277990E+00 1.136938E+01
5.599000E+02 2.278057E+00 1.136718E+01
5.608000E+02 2.278124E+00 1.136499E+01
5.617000E+02 2.278190E+00 1.136281E+01
5.626000E+02 2.278255E+00 1.136221E+01
5.635000E+02 2.278319E+00 1.136005E+01
5.644000E+02 2.278382E+00 1.135791E+01
5.653000E+02 2.278445E+00 1.135577E+01
5.662000E+02 2.278507E+00 1.135365E+01
5.671000E+02 2.278568E+00 1.135311E+01
5.680000E+02 2.278629E+00 1.135101E+01
5.689000E+02 2.278689E+00 1.134892E+01
5.698000E+02 2.278748E+00 1.134685E+01
5.707000E+02 2.278806E+00 1.134479E+01
5.716000E+02 2.278864E+00 1.134273E+01
5.725000E+02 2.278921E+00 1.134225E+01
5.734000E+02 2.278977E+00 1.134022E+01
5.743000E+02 2.279033E+00 1.133820E+01
5.752000E+02 2.279087E+00 1.133620E+01
5.761000E+02 2.279142E+00 1.133420E+01
5.770000E+02 2.279195E+00 1.133222E+01
5.779000E+02 2.279248E+00 1.133024E+01
5.788000E+02 2.279300E+00 1.132983E+01
5.797000E+02 2.279351E+00 1.132788E+01
5.806000E+02 2.279402E+00 1.132594E+01
5.815000E+02 2.279452E+00 1.132401E+01
5.824000E+02 2.279502E+00 1.132209E+01
5.833000E+02 2.279550E+00 1.132019E+01
5.842000E+02 2.279598E+00 1.131829E+01
5.851000E+02 2.279646E+00 1.131640E+01
5.860000E+02 2.279693E+00 1.131453E+01
5.869000E+02 2.279739E+00 1.131267E+01
5.878000E+02 2.279784E+00 1.131081E+01
5.887000E+02 2.279829E+00 1.130897E+01
5.896000E+02 2.279873E+00 1.130714E+01
5.905000E+02 2.279917E+00 1.130532E+01
5.914000E+02 2.279959E+00 1.130505E+01
5.923000E+02 2.280002E+00 1.130325E+01
5.932000E+02 2.280043E+00 1.130146E+01
5.941000E+02 2.280084E+00 1.129968E+01
5.950000E+02 2.280125E+00 1.129791E+01
5.959000E+02 2.280165E+00 1.129615E+01
5.968000E+02 2.280204E+00 1.129440E+01
5.977000E+02 2.280242E+00 1.129267E+01
5.986000E+02 2.280280E+00 1.129094E+01
5.995000E+02 2.280317E+00 1.128922E+01
6.004000E+02 2.280354E+00 1.128751E+01
6.013000E+02 2.280390E+00 1.128582E+01
6.022000E+02 2.280426E+00 1.128413E+01
6.031000E+02 2.280461E+00 1.128246E+01
6.040000E+02 2.280495E+00 1.128079E+01
6.049000E+02 2.280529E+00 1.127761E+01
6.058000E+02 2.280562E+00 1.127597E+01
6.067000E+02 2.280594E+00 1.127433E+01
6.076000E+02 2.280626E+00 1.127271E+01
6.085000E+02 2.280658E+00 1.127109E+01
6.094000E+02 2.280689E+00 1.126949E+01
6.103000E+02 2.280719E+00 1.126789E+01
6.112000E+02 2.280748E+00 1.126630E+01
6.121000E+02 2.280778E+00 1.126473E+01
6.130000E+02 2.280806E+00 1.126316E+01
6.139000E+02 2.280834E+00 1.126161E+01
6.148000E+02 2.280861E+00 1.126006E+01
6.157000E+02 2.280888E+00 1.125852E+01
6.166000E+02 2.280915E+00 1.125548E+01
6.175000E+02 2.280940E+00 1.125397E+01
6.184000E+02 2.280966E+00 1.125246E+01
6.193000E+02 2.280990E+00 1.125096E+01
6.202000E+02 2.281014E+00 1.124947E+01
6.211000E+02 2.281038E+00 1.124799E+01
6.220000E+02 2.281061E+00 1.124652E+01
6.229000E+02 2.281084E+00 1.124506E+01
6.238000E+02 2.281106E+00 1.124211E+01
6.247000E+02 2.281127E+00 1.124066E+01
6.256000E+02 2.281148E+00 1.123923E+01
6.265000E+02 2.281168E+00 1.123781E+01
6.274000E+02 2.281188E+00 1.123640E+01
6.283000E+02 2.281208E+00 1.123499E+01
6.292000E+02 2.281227E+00 1.123210E+01
6.301000E+02 2.281245E+00 1.123071E+01
6.310000E+02 2.281263E+00 1.122934E+01
6.319000E+02 2.281280E+00 1.122797E+01
6.328000E+02 2.281297E+00 1.122661E+01
6.337000E+02 2.281313E+00 1.122526E+01
6.346000E+02 2.281329E+00 1.122243E+01
6.355000E+02 2.281344E+00 1.122110E+01
6.364000E+02 2.281359E+00 1.121977E+01
6.373000E+02 2.281373E+00 1.121846E+01
6.382000E+02 2.281387E+00 1.121567E+01
6.391000E+02 2.281401E+00 1.121437E+01
6.400000E+02 2.281413E+00 1.121309E+01
6.409000E+02 2.281426E+00 1.121181E+01
6.418000E+02 2.281438E+00 1.121054E+01
6.427000E+02 2.281449E+00 1.120779E+01
6.436000E+02 2.281460E+00 1.120654E+01
6.445000E+02 2.281470E+00 1.120530E+01
6.454000E+02 2.281480E+00 1.120407E+01
6.463000E+02 2.281490E+00 1.120136E+01
6.472000E+02 2.281499E+00 1.120014E+01
6.481000E+02 2.281508E+00 1.119894E+01
6.490000E+02 2.281516E+00 1.119626E+01
6.499000E+02 2.281523E+00 1.119507E+01
6.508000E+02 2.281531E+00 1.119389E+01
6.517000E+02 2.281537E+00 1.119272E+01
6.526000E+02 2.281544E+00 1.119007E+01
6.535000E+02 2.281549E+00 1.118892E+01
6.544000E+02 2.281555E+00 1.118777E+01
6.553000E+02 2.281560E+00 1.118516E+01
6.562000E+02 2.281564E+00 1.118403E+01
6.571000E+02 2.281568E+00 1.118291E+01
6.580000E+02 2.281572E+00 1.118032E+01
6.589000E+02 2.281575E+00 1.117921E+01
6.598000E+02 2.281578E+00 1.117812E+01
6.607000E+02 2.281580E+00 1.117556E+01
6.616000E+02 2.281582E+00 1.117448E+01
6.625000E+02 2.281583E+00 1.117341E+01
6.634000E+02 2.281584E+00 1.117088E+01
6.643000E+02 2.281585E+00 1.116982E+01
6.652000E+02 2.281585E+00 1.116878E+01
6.661000E+02 2.281585E+00 1.116627E+01
6.670000E+02 2.281584E+00 1.116524E+01
6.679000E+02 2.281583E+00 1.116422E+01
6.688000E+02 2.281582E+00 1.116174E+01
6.697000E+02 2.281580E+00 1.116073E+01
6.706000E+02 2.281577E+00 1.115827E+01
6.715000E+02 2.281574E+00 1.115728E+01
6.724000E+02 2.281571E+00 1.115630E+01
6.733000E+02 2.281568E+00 1.115386E+01
6.742000E+02 2.281564E+00 1.115290E+01
6.751000E+02 2.281559E+00 1.115048E+01
6.760000E+02 2.281555E+00 1.114953E+01
6.769000E+02 2.281549E+00 1.114859E+01
6.778000E+02 2.281544E+00 1.114620E+01
6.787000E+02 2.281538E+00 1.114527E+01
6.796000E+02 2.281531E+00 1.114290E+01
6.805000E+02 2.281525E+00 1.114199E+01
6.814000E+02 2.281517E+00 1.114109E+01
6.823000E+02 2.281510E+00 1.113874E+01
6.832000E+02 2.281502E+00 1.113785E+01
6.841000E+02 2.281494E+00 1.113552E+01
6.850000E+02 2.281485E+00 1.113465E+01
6.859000E+02 2.281476E+00 1.113233E+01
6.868000E+02 2.281466E+00 1.113147E+01
6.877000E+02 2.281457E+00 1.112917E+01
6.886000E+02 2.281446E+00 1.112833E+01
6.895000E+02 2.281436E+00 1.112605E+01
6.904000E+02 2.281425E+00 1.112523E+01
6.913000E+02 2.281414E+00 1.112296E+01
6.922000E+02 2.281402E+00 1.112215E+01
6.931000E+02 2.281390E+00 1.111990E+01
6.940000E+02 2.281377E+00 1.111911E+01
6.949000E+02 2.281365E+00 1.111687E+01
6.958000E+02 2.281351E+00 1.111609E+01
6.967000E+02 2.281338E+00 1.111388E+01
6.976000E+02 2.281324E+00 1.111311E+01
6.985000E+02 2.281310E+00 1.111091E+01
6.994000E+02 2.281295E+00 1.111016E+01
7.003000E+02 2.281280E+00 1.110797E+01
7.012000E+02 2.281265E+00 1.110724E+01
7.021000E+02 2.281249E+00 1.110507E+01
7.030000E+02 2.281233E+00 1.110435E+01
7.039000E+02 2.281217E+00 1.110220E+01
7.048000E+02 2.281201E+00 1.110149E+01
7.057000E+02 2.281183E+00 1.109935E+01
7.066000E+02 2.281166E+00 1.109866E+01
7.075000E+02 2.281148E+00 1.109654E+01
7.084000E+02 2.281130E+00 1.109442E+01
7.093000E+02 2.281112E+00 1.109375E+01
7.102000E+02 2.281093E+00 1.109166E+01
7.111000E+02 2.281074E+00 1.109100E+01
7.120000E+02 2.281055E+00 1.108892E+01
7.129000E+02 2.281035E+00 1.108828E+01
7.138000E+02 2.281015E+00 1.108621E+01
7.147000E+02 2.280995E+00 1.108415E+01
7.156000E+02 2.280974E+00 1.108353E+01
7.165000E+02 2.280953E+00 1.108148E+01
7.174000E+02 2.280932E+00 1.108088E+01
7.183000E+02 2.280910E+00 1.107885E+01
7.192000E+02 2.280888E+00 1.107683E+01
7.201000E+02 2.280866E+00 1.107624E+01
7.210000E+02 2.280843E+00 1.107424E+01
7.219000E+02 2.280820E+00 1.107366E+01
7.228000E+02 2.280797E+00 1.107167E+01
7.237000E+02 2.280774E+00 1.106969E+01
7.246000E+02 2.280750E+00 1.106914E+01
7.255000E+02 2.280726E+00 1.106717E+01
7.264000E+02 2.280701E+00 1.106521E+01
7.273000E+02 2.280676E+00 1.106468E+01
7.282000E+02 2.280651E+00 1.106273E+01
7.291000E+02 2.280626E+00 1.106221E+01
7.300000E+02 2.280600E+00 1.106028E+01
7.309000E+02 2.280574E+00 1.105836E+01
7.318000E+02 2.280548E+00 1.105786E+01
7.327000E+02 2.280521E+00 1.105595E+01
7.336000E+02 2.280495E+00 1.105405E+01
7.345000E+02 2.280467E+00 1.105357E+01
7.354000E+02 2.280440E+00 1.105168E+01
7.363000E+02 2.280412E+00 1.104980E+01
7.372000E+02 2.280384E+00 1.104934E+01
7.381000E+02 2.280356E+00 1.104747E+01
7.390000E+02 2.280327E+00 1.104561E+01
7.399000E+02 2.280298E+00 1.104376E+01
7.408000E+02 2.280269E+00 1.104333E+01
7.417000E+02 2.280239E+00 1.104149E+01
7.426000E+02 2.280210E+00 1.103966E+01
7.435000E+02 2.280180E+00 1.103925E+01
7.444000E+02 2.280149E+00 1.103743E+01
7.453000E+02 2.280119E+00 1.103562E+01
7.462000E+02 2.280088E+00 1.103523E+01
7.471000E+02 2.280057E+00 1.103344E+01
7.480000E+02 2.280025E+00 1.103165E+01
7.489000E+02 2.279993E+00 1.102986E+01
7.498000E+02 2.279961E+00 1.102950E+01
7.507000E+02 2.279929E+00 1.102773E+01
7.516000E+02 2.279897E+00 1.102597E+01
7.525000E+02 2.279864E+00 1.102421E+01
7.534000E+02 2.279831E+00 1.102387E+01
7.543000E+02 2.279797E+00 1.102213E+01
7.552000E+02 2.279764E+00 1.102040E+01
7.561000E+02 2.279730E+00 1.101867E+01
7.570000E+02 2.279696E+00 1.101836E+01
7.579000E+02 2.279661E+00 1.101664E+01
7.588000E+02 2.279627E+00 1.101494E+01
7.597000E+02 2.279592E+00 1.101324E+01
7.606000E+02 2.279557E+00 1.101154E+01
7.615000E+02 2.279521E+00 1.101126E+01
7.624000E+02 2.279486E+00 1.100958E+01
7.633000E+02 2.279450E+00 1.100791E+01
7.642000E+02 2.279413E+00 1.100624E+01
7.651000E+02 2.279377E+00 1.100598E+01
7.660000E+02 2.279340E+00 1.100432E+01
7.669000E+02 2.279303E+00 1.100268E+01
7.678000E+02 2.279266E+00 1.100104E+01
7.687000E+02 2.279229E+00 1.099941E+01
7.696000E+02 2.279191E+00 1.099917E+01
7.705000E+02 2.279153E+00 1.099755E+01
7.714000E+02 2.279115E+00 1.099594E+01
7.723000E+02 2.279076E+00 1.099433E+01
7.732000E+02 2.279038E+00 1.099273E+01
7.741000E+02 2.278999E+00 1.099114E+01
7.750000E+02 2.278960E+00 1.099095E+01
7.759000E+02 2.278920E+00 1.098936E+01
7.768000E+02 2.278881E+00 1.098779E+01
7.777000E+02 2.278841E+00 1.098622E+01
7.786000E+02 2.278801E+00 1.098466E+01
7.795000E+02 2.278760E+00 1.098310E+01
7.804000E+02 2.278720E+00 1.098156E+01
7.813000E+02 2.278679E+00 1.098140E+01
7.822000E+02 2.278638E+00 1.097987E+01
7.831000E+02 2.278597E+00 1.097834E+01
7.840000E+02 2.278555E+00 1.097681E+01
7.849000E+02 2.278514E+00 1.097529E+01
7.858000E+02 2.278472E+00 1.097378E+01
7.867000E+02 2.278429E+00 1.097228E+01
7.876000E+02 2.278387E+00 1.097217E+01
7.885000E+02 2.278344E+00 1.097067E+01
7.894000E+02 2.278302E+00 1.096919E+01
7.903000E+02 2.278259E+00 1.096771E+01
7.912000E+02 2.278215E+00 1.096623E+01
7.921000E+02 2.278172E+00 1.096477E+01
7.930000E+02 2.278128E+00 1.096331E+01
7.939000E+02 2.278084E+00 1.096185E+01
7.948000E+02 2.278040E+00 1.096040E+01
7.957000E+02 2.277996E+00 1.095896E+01
7.966000E+02 2.277951E+00 1.095890E+01
7.975000E+02 2.277906E+00 1.095747E+01
7.984000E+02 2.277861E+00 1.095605E+01
7.993000E+02 2.277816E+00 1.095463E+01
8.002000E+02 2.277771E+00 1.095322E+01
8.011000E+02 2.277725E+00 1.095181E+01
8.020000E+02 2.277679E+00 1.095041E+01
8.029000E+02 2.277633E+00 1.094901E+01
8.038000E+02 2.277587E+00 1.094763E+01
8.047000E+02 2.277540E+00 1.094624E+01
8.056000E+02 2.277493E+00 1.094487E+01
8.065000E+02 2.277447E+00 1.094350E+01
8.074000E+02 2.277400E+00 1.094213E+01
8.083000E+02 2.277352E+00 1.094077E+01
8.092000E+02 2.277305E+00 1.093942E+01
8.101000E+02 2.277257E+00 1.093807E+01
8.110000E+02 2.277209E+00 1.093673E+01
8.119000E+02 2.277161E+00 1.093540E+01
8.128000E+02 2.277113E+00 1.093407E+01
8.137000E+02 2.277064E+00 1.093275E+01
8.146000E+02 2.277016E+00 1.093280E+01
8.155000E+02 2.276967E+00 1.093149E+01
8.164000E+02 2.276918E+00 1.093018E+01
8.173000E+02 2.276868E+00 1.092888E+01
8.182000E+02 2.276819E+00 1.092759E+01
8.191000E+02 2.276769E+00 1.092630E+01
8.200000E+02 2.276719E+00 1.092501E+01
8.209000E+02 2.276669E+00 1.092374E+01
8.218000E+02 2.276619E+00 1.092246E+01
8.227000E+02 2.276569E+00 1.092120E+01
8.236000E+02 2.276518E+00 1.091994E+01
8.245000E+02 2.276467E+00 1.091868E+01
8.254000E+02 2.276416E+00 1.091607E+01
8.263000E+02 2.276365E+00 1.091483E+01
8.272000E+02 2.276314E+00 1.091359E+01
8.281000E+02 2.276262E+00 1.091236E+01
8.290000E+02 2.276211E+00 1.091113E+01
8.299000E+02 2.276159E+00 1.090991E+01
8.308000E+02 2.276107E+00 1.090870E+01
8.317000E+02 2.276054E+00 1.090749E+01
8.326000E+02 2.276002E+00 1.090629E+01
8.335000E+02 2.275949E+00 1.090509E+01
8.344000E+02 2.275897E+00 1.090390E+01
8.353000E+02 2.275844E+00 1.090271E+01
8.362000E+02 2.275790E+00 1.090153E+01
8.371000E+02 2.275737E+00 1.090035E+01
8.380000E+02 2.275684E+00 1.089918E+01
8.389000E+02 2.275630E+00 1.089801E+01
8.398000E+02 2.275576E+00 1.089685E+01
8.407000E+02 2.275522E+00 1.089570E+01
8.416000E+02 2.275468E+00 1.089455E+01
8.425000E+02 2.275414E+00 1.089341E+01
8.434000E+02 2.275359E+00 1.089092E+01
8.443000E+02 2.275304E+00 1.088978E+01
8.452000E+02 2.275250E+00 1.088866E+01
8.461000E+02 2.275195E+00 1.088753E+01
8.470000E+02 2.275139E+00 1.088642E+01
8.479000E+02 2.275084E+00 1.088531E+01
8.488000E+02 2.275029E+00 1.088420E+01
8.497000E+02 2.274973E+00 1.088310E+01
8.506000E+02 2.274917E+00 1.088200E+01
8.515000E+02 2.274861E+00 1.088091E+01
8.524000E+02 2.274805E+00 1.087848E+01
8.533000E+02 2.274749E+00 1.087740E+01
8.542000E+02 2.274692E+00 1.087633E+01
8.551000E+02 2.274635E+00 1.087526E+01
8.560000E+02 2.274579E+00 1.087419E+01
8.569000E+02 2.274522E+00 1.087314E+01
8.578000E+02 2.274464E+00 1.087208E+01
8.587000E+02 2.274407E+00 1.087103E+01
8.596000E+02 2.274350E+00 1.086999E+01
8.605000E+02 2.274292E+00 1.086761E+01
8.614000E+02 2.274234E+00 1.086658E+01
8.623000E+02 2.274177E+00 1.086555E+01
8.632000E+02 2.274118E+00 1.086453E+01
8.641000E+02 2.274060E+00 1.086351E+01
8.650000E+02 2.274002E+00 1.086250E+01
8.659000E+02 2.273943E+00 1.086015E+01
8.668000E+02 2.273885E+00 1.085915E+01
8.677000E+02 2.273826E+00 1.085815E+01
8.686000E+02 2.273767E+00 1.085716E+01
8.695000E+02 2.273708E+00 1.085617E+01
8.704000E+02 2.273649E+00 1.085519E+01
8.713000E+02 2.273589E+00 1.085288E+01
8.722000E+02 2.273530E+00 1.085191E+01
8.731000E+02 2.273470E+00 1.085094E+01
8.740000E+02 2.273410E+00 1.084998E+01
8.749000E+02 2.273350E+00 1.084902E+01
8.758000E+02 2.273290E+00 1.084807E+01
8.767000E+02 2.273230E+00 1.084579E+01
8.776000E+02 2.273169E+00 1.084485E+01
8.785000E+02 2.273109E+00 1.084391E+01
8.794000E+02 2.273048E+00 1.084298E+01
8.803000E+02 2.272987E+00 1.084205E+01
8.812000E+02 2.272926E+00 1.083980E+01
8.821000E+02 2.272865E+00 1.083888E+01
8.830000E+02 2.272804E+00 1.083797E+01
8.839000E+02 2.272742E+00 1.083706E+01
8.848000E+02 2.272681E+00 1.083616E+01
8.857000E+02 2.272619E+00 1.083393E+01
8.866000E+02 2.272557E+00 1.083304E+01
8.875000E+02 2.272495E+00 1.083215E+01
8.884000E+02 2.272433E+00 1.083127E+01
8.893000E+02 2.272371E+00 1.082906E+01
8.902000E+02 2.272309E+00 1.082819E+01
8.911000E+02 2.272246E+00 1.082732E+01
8.920000E+02 2.272184E+00 1.082646E+01
8.929000E+02 2.272121E+00 1.082560E+01
8.938000E+02 2.272058E+00 1.082342E+01
8.947000E+02 2.271995E+00 1.082257E+01
8.956000E+02 2.271932E+00 1.082172E+01
8.965000E+02 2.271869E+00 1.082088E+01
8.974000E+02 2.271805E+00 1.081872E+01
8.983000E+02 2.271742E+00 1.081789E+01
8.992000E+02 2.271678E+00 1.081707E+01
9.001000E+02 2.271614E+00 1.081492E+01
9.010000E+02 2.271551E+00 1.081411E+01
9.019000E+02 2.271486E+00 1.081330E+01
9.028000E+02 2.271422E+00 1.081249E+01
9.037000E+02 2.271358E+00 1.081036E+01
9.046000E+02 2.271294E+00 1.080957E+01
9.055000E+02 2.271229E+00 1.080877E+01
9.064000E+02 2.271164E+00 1.080799E+01
9.073000E+02 2.271100E+00 1.080588E+01
9.082000E+02 2.271035E+00 1.080510E+01
9.091000E+02 2.270970E+00 1.080433E+01
9.100000E+02 2.270905E+00 1.080224E+01
9.109000E+02 2.270839E+00 1.080148E+01
9.118000E+02 2.270774E+00 1.080071E+01
9.127000E+02 2.270709E+00 1.079996E+01
9.136000E+02 2.270643E+00 1.079789E+01
9.145000E+02 2.270577E+00 1.079714E+01
9.154000E+02 2.270511E+00 1.079640E+01
9.163000E+02 2.270445E+00 1.079435E+01
9.172000E+02 2.270379E+00 1.079361E+01
9.181000E+02 2.270313E+00 1.079288E+01
9.190000E+02 2.270247E+00 1.079084E+01
9.199000E+02 2.270180E+00 1.079012E+01
9.208000E+02 2.270114E+00 1.078941E+01
9.217000E+02 2.270047E+00 1.078738E+01
9.226000E+02 2.269980E+00 1.078668E+01
9.235000E+02 2.269914E+00 1.078598E+01
9.244000E+02 2.269847E+00 1.078397E+01
9.253000E+02 2.269779E+00 1.078327E+01
9.262000E+02 2.269712E+00 1.078259E+01
9.271000E+02 2.269645E+00 1.078059E+01
9.280000E+02 2.269577E+00 1.077991E+01
9.289000E+02 2.269510E+00 1.077923E+01
9.298000E+02 2.269442E+00 1.077725E+01
9.307000E+02 2.269374E+00 1.077659E+01
9.316000E+02 2.269307E+00 1.077593E+01
9.325000E+02 2.269239E+00 1.077396E+01
9.334000E+02 2.269171E+00 1.077330E+01
9.343000E+02 2.269102E+00 1.077266E+01
9.352000E+02 2.269034E+00 1.077070E+01
9.361000E+02 2.268966E+00 1.077006E+01
9.370000E+02 2.268897E+00 1.076812E+01
9.379000E+02 2.268829E+00 1.076749E+01
9.388000E+02 2.268760E+00 1.076686E+01
9.397000E+02 2.268691E+00 1.076493E+01
9.406000E+02 2.268622E+00 1.076431E+01
9.415000E+02 2.268553E+00 1.076370E+01
9.424000E+02 2.268484E+00 1.076178E+01
9.433000E+02 2.268415E+00 1.076117E+01
9.442000E+02 2.268345E+00 1.075927E+01
9.451000E+02 2.268276E+00 1.075867E+01
9.460000E+02 2.268206E+00 1.075808E+01
9.469000E+02 2.268137E+00 1.075619E+01
9.478000E+02 2.268067E+00 1.075560E+01
9.487000E+02 2.267997E+00 1.075372E+01
9.496000E+02 2.267927E+00 1.075314E+01
9.505000E+02 2.267857E+00 1.075257E+01
9.514000E+02 2.267787E+00 1.075070E+01
9.523000E+02 2.267717E+00 1.075014E+01
9.532000E+02 2.267647E+00 1.074827E+01
9.541000E+02 2.267576E+00 1.074772E+01
9.550000E+02 2.267506E+00 1.074717E+01
9.559000E+02 2.267435E+00 1.074532E+01
9.568000E+02 2.267364E+00 1.074478E+01
9.577000E+02 2.267294E+00 1.074294E+01
9.586000E+02 2.267223E+00 1.074241E+01
9.595000E+02 2.267152E+00 1.074058E+01
9.604000E+02 2.267081E+00 1.074005E+01
9.613000E+02 2.267009E+00 1.073953E+01
9.622000E+02 2.266938E+00 1.073771E+01
9.631000E+02 2.266867E+00 1.073720E+01
9.640000E+02 2.266795E+00 1.073539E+01
9.649000E+02 2.266724E+00 1.073489E+01
9.658000E+02 2.266652E+00 1.073309E+01
9.667000E+02 2.266580E+00 1.073259E+01
9.676000E+02 2.266509E+00 1.073080E+01
9.685000E+02 2.266437E+00 1.073031E+01
9.694000E+02 2.266365E+00 1.072853E+01
9.703000E+02 2.266293E+00 1.072805E+01
9.712000E+02 2.266221E+00 1.072757E+01
9.721000E+02 2.266148E+00 1.072580E+01
9.730000E+02 2.266076E+00 1.072533E+01
9.739000E+02 2.266004E+00 1.072357E+01
9.748000E+02 2.265931E+00 1.072311E+01
9.757000E+02 2.265858E+00 1.072136E+01
9.766000E+02 2.265786E+00 1.072091E+01
9.775000E+02 2.265713E+00 1.071917E+01
9.784000E+02 2.265640E+00 1.071872E+01
9.793000E+02 2.265567E+00 1.071699E+01
9.802000E+02 2.265494E+00 1.071655E+01
9.811000E+02 2.265421E+00 1.071483E+01
9.820000E+02 2.265348E+00 1.071440E+01
9.829000E+02 2.265275E+00 1.071268E+01
9.838000E+02 2.265201E+00 1.071226E+01
9.847000E+02 2.265128E+00 1.071055E+01
9.856000E+02 2.265054E+00 1.071014E+01
9.865000E+02 2.264981E+00 1.070844E+01
9.874000E+02 2.264907E+00 1.070803E+01
9.883000E+02 2.264833E+00 1.070634E+01
9.892000E+02 2.264760E+00 1.070594E+01
9.901000E+02 2.264686E+00 1.070426E+01
9.910000E+02 2.264612E+00 1.070387E+01
9.919000E+02 2.264538E+00 1.070219E+01
9.928000E+02 2.264463E+00 1.070181E+01
9.937000E+02 2.264389E+00 1.070015E+01
9.946000E+02 2.264315E+00 1.069977E+01
9.955000E+02 2.264241E+00 1.069811E+01
9.964000E+02 2.264166E+00 1.069774E+01
9.973000E+02 2.264092E+00 1.069610E+01
9.982000E+02 2.264017E+00 1.069573E+01
9.991000E+02 2.263942E+00 1.069409E+01
