1.000000E+02 1.663361E+00 1.243601E+01
1.009000E+02 1.667576E+00 1.242843E+01
1.018000E+02 1.671742E+00 1.242490E+01
1.027000E+02 1.675858E+00 1.242158E+01
1.036000E+02 1.679926E+00 1.241476E+01
1.045000E+02 1.683947E+00 1.241190E+01
1.054000E+02 1.687922E+00 1.240555E+01
1.063000E+02 1.691851E+00 1.240312E+01
1.072000E+02 1.695735E+00 1.239723E+01
1.081000E+02 1.699574E+00 1.239156E+01
1.090000E+02 1.703371E+00 1.238975E+01
1.099000E+02 1.707124E+00 1.238450E+01
1.108000E+02 1.710836E+00 1.237947E+01
1.117000E+02 1.714506E+00 1.237465E+01
1.126000E+02 1.718135E+00 1.237003E+01
1.135000E+02 1.721724E+00 1.236561E+01
1.144000E+02 1.725274E+00 1.236139E+01
1.153000E+02 1.728784E+00 1.235735E+01
1.162000E+02 1.732257E+00 1.235000E+01
1.171000E+02 1.735692E+00 1.234634E+01
1.180000E+02 1.739090E+00 1.234286E+01
1.189000E+02 1.742451E+00 1.233611E+01
1.198000E+02 1.745776E+00 1.233298E+01
1.207000E+02 1.749066E+00 1.233003E+01
1.216000E+02 1.752321E+00 1.232382E+01
1.225000E+02 1.755542E+00 1.231781E+01
1.234000E+02 1.758729E+00 1.231535E+01
1.243000E+02 1.761883E+00 1.230969E+01
1.252000E+02 1.765003E+00 1.230420E+01
1.261000E+02 1.768092E+00 1.230221E+01
1.270000E+02 1.771148E+00 1.229705E+01
1.279000E+02 1.774173E+00 1.229205E+01
1.288000E+02 1.777167E+00 1.228721E+01
1.297000E+02 1.780131E+00 1.228254E+01
1.306000E+02 1.783064E+00 1.227802E+01
1.315000E+02 1.785968E+00 1.227365E+01
1.324000E+02 1.788842E+00 1.226943E+01
1.333000E+02 1.791688E+00 1.226536E+01
1.342000E+02 1.794505E+00 1.226143E+01
1.351000E+02 1.797294E+00 1.225764E+01
1.360000E+02 1.800055E+00 1.225400E+01
1.369000E+02 1.802789E+00 1.224730E+01
1.378000E+02 1.805496E+00 1.224393E+01
1.387000E+02 1.808177E+00 1.224070E+01
1.396000E+02 1.810831E+00 1.223444E+01
1.405000E+02 1.813460E+00 1.223148E+01
1.414000E+02 1.816063E+00 1.222550E+01
1.423000E+02 1.818641E+00 1.222279E+01
1.432000E+02 1.821194E+00 1.221709E+01
1.441000E+02 1.823723E+00 1.221463E+01
1.450000E+02 1.826228E+00 1.220920E+01
1.459000E+02 1.828708E+00 1.220390E+01
1.468000E+02 1.831165E+00 1.219873E+01
1.477000E+02 1.833599E+00 1.219675E+01
1.486000E+02 1.836010E+00 1.219183E+01
1.495000E+02 1.838399E+00 1.218703E+01
1.504000E+02 1.840765E+00 1.218236E+01
1.513000E+02 1.843109E+00 1.217781E+01
1.522000E+02 1.845431E+00 1.217338E+01
1.531000E+02 1.847732E+00 1.216907E+01
1.540000E+02 1.850011E+00 1.216487E+01
1.549000E+02 1.852270E+00 1.216079E+01
1.558000E+02 1.854507E+00 1.215682E+01
1.567000E+02 1.856725E+00 1.215296E+01
1.576000E+02 1.858922E+00 1.214920E+01
1.585000E+02 1.861099E+00 1.214556E+01
1.594000E+02 1.863257E+00 1.214202E+01
1.603000E+02 1.865395E+00 1.213566E+01
1.612000E+02 1.867514E+00 1.213233E+01
1.621000E+02 1.869613E+00 1.212910E+01
1.630000E+02 1.871695E+00 1.212308E+01
1.639000E+02 1.873757E+00 1.212006E+01
1.648000E+02 1.875801E+00 1.211713E+01
1.657000E+02 1.877827E+00 1.211143E+01
1.666000E+02 1.879836E+00 1.210870E+01
1.675000E+02 1.881826E+00 1.210321E+01
1.684000E+02 1.883799E+00 1.210066E+01
1.693000E+02 1.885755E+00 1.209537E+01
1.702000E+02 1.887694E+00 1.209019E+01
1.711000E+02 1.889616E+00 1.208792E+01
1.720000E+02 1.891521E+00 1.208293E+01
1.729000E+02 1.893410E+00 1.207804E+01
1.738000E+02 1.895283E+00 1.207604E+01
1.747000E+02 1.897139E+00 1.207134E+01
1.756000E+02 1.898980E+00 1.206672E+01
1.765000E+02 1.900805E+00 1.206221E+01
1.774000E+02 1.902614E+00 1.206055E+01
1.783000E+02 1.904408E+00 1.205621E+01
1.792000E+02 1.906187E+00 1.205196E+01
1.801000E+02 1.907950E+00 1.204779E+01
1.810000E+02 1.909699E+00 1.204372E+01
1.819000E+02 1.911433E+00 1.203973E+01
1.828000E+02 1.913153E+00 1.203583E+01
1.837000E+02 1.914858E+00 1.203201E+01
1.846000E+02 1.916549E+00 1.202827E+01
1.855000E+02 1.918226E+00 1.202462E+01
1.864000E+02 1.919889E+00 1.202104E+01
1.873000E+02 1.921538E+00 1.201486E+01
1.882000E+02 1.923173E+00 1.201145E+01
1.891000E+02 1.924796E+00 1.200812E+01
1.900000E+02 1.926404E+00 1.200487E+01
1.909000E+02 1.928000E+00 1.200169E+01
1.918000E+02 1.929583E+00 1.199593E+01
1.927000E+02 1.931152E+00 1.199291E+01
1.936000E+02 1.932709E+00 1.198996E+01
1.945000E+02 1.934254E+00 1.198445E+01
1.954000E+02 1.935785E+00 1.198165E+01
1.963000E+02 1.937305E+00 1.197630E+01
1.972000E+02 1.938812E+00 1.197364E+01
1.981000E+02 1.940307E+00 1.197105E+01
1.990000E+02 1.941790E+00 1.196593E+01
1.999000E+02 1.943262E+00 1.196348E+01
2.008000E+02 1.944721E+00 1.195851E+01
2.017000E+02 1.946169E+00 1.195620E+01
2.026000E+02 1.947606E+00 1.195137E+01
2.035000E+02 1.949031E+00 1.194663E+01
2.044000E+02 1.950444E+00 1.194452E+01
2.053000E+02 1.951847E+00 1.193991E+01
2.062000E+02 1.953239E+00 1.193538E+01
2.071000E+02 1.954619E+00 1.193346E+01
2.080000E+02 1.955989E+00 1.192906E+01
2.089000E+02 1.957348E+00 1.192474E+01
2.098000E+02 1.958697E+00 1.192048E+01
2.107000E+02 1.960035E+00 1.191882E+01
2.116000E+02 1.961363E+00 1.191469E+01
2.125000E+02 1.962680E+00 1.191063E+01
2.134000E+02 1.963987E+00 1.190664E+01
2.143000E+02 1.965284E+00 1.190271E+01
2.152000E+02 1.966572E+00 1.189885E+01
2.161000E+02 1.967849E+00 1.189505E+01
2.170000E+02 1.969116E+00 1.189131E+01
2.179000E+02 1.970374E+00 1.188764E+01
2.188000E+02 1.971622E+00 1.188403E+01
2.197000E+02 1.972861E+00 1.188048E+01
2.206000E+02 1.974090E+00 1.187699E+01
2.215000E+02 1.975310E+00 1.187357E+01
2.224000E+02 1.976521E+00 1.187020E+01
2.233000E+02 1.977722E+00 1.186689E+01
2.242000E+02 1.978914E+00 1.186363E+01
2.251000E+02 1.980098E+00 1.186044E+01
2.260000E+02 1.981272E+00 1.185730E+01
2.269000E+02 1.982438E+00 1.185422E+01
2.278000E+02 1.983595E+00 1.184877E+01
2.287000E+02 1.984744E+00 1.184581E+01
2.296000E+02 1.985883E+00 1.184289E+01
2.305000E+02 1.987015E+00 1.184004E+01
2.314000E+02 1.988138E+00 1.183483E+01
2.323000E+02 1.989252E+00 1.183208E+01
2.332000E+02 1.990358E+00 1.182939E+01
2.341000E+02 1.991457E+00 1.182436E+01
2.350000E+02 1.992547E+00 1.182177E+01
2.359000E+02 1.993629E+00 1.181923E+01
2.368000E+02 1.994703E+00 1.181437E+01
2.377000E+02 1.995769E+00 1.181194E+01
2.386000E+02 1.996827E+00 1.180719E+01
2.395000E+02 1.997878E+00 1.180486E+01
2.404000E+02 1.998921E+00 1.180022E+01
2.413000E+02 1.999956E+00 1.179799E+01
2.422000E+02 2.000984E+00 1.179346E+01
2.431000E+02 2.002004E+00 1.179133E+01
2.440000E+02 2.003017E+00 1.178690E+01
2.449000E+02 2.004023E+00 1.178487E+01
2.458000E+02 2.005021E+00 1.178054E+01
2.467000E+02 2.006012E+00 1.177860E+01
2.476000E+02 2.006996E+00 1.177438E+01
2.485000E+02 2.007973E+00 1.177022E+01
2.494000E+02 2.008943E+00 1.176842E+01
2.503000E+02 2.009906E+00 1.176435E+01
2.512000E+02 2.010862E+00 1.176033E+01
2.521000E+02 2.011811E+00 1.175867E+01
2.530000E+02 2.012753E+00 1.175475E+01
2.539000E+02 2.013689E+00 1.175087E+01
2.548000E+02 2.014618E+00 1.174705E+01
2.557000E+02 2.015540E+00 1.174557E+01
2.566000E+02 2.016456E+00 1.174184E+01
2.575000E+02 2.017365E+00 1.173815E+01
2.584000E+02 2.018268E+00 1.173452E+01
2.593000E+02 2.019165E+00 1.173093E+01
2.602000E+02 2.020055E+00 1.172739E+01
2.611000E+02 2.020939E+00 1.172616E+01
2.620000E+02 2.021817E+00 1.172271E+01
2.629000E+02 2.022689E+00 1.171930E+01
2.638000E+02 2.023554E+00 1.171593E+01
2.647000E+02 2.024413E+00 1.171262E+01
2.656000E+02 2.025267E+00 1.170934E+01
2.665000E+02 2.026114E+00 1.170611E+01
2.674000E+02 2.026956E+00 1.170292E+01
2.683000E+02 2.027791E+00 1.169978E+01
2.692000E+02 2.028621E+00 1.169667E+01
2.701000E+02 2.029445E+00 1.169361E+01
2.710000E+02 2.030264E+00 1.169060E+01
2.719000E+02 2.031076E+00 1.168762E+01
2.728000E+02 2.031883E+00 1.168468E+01
2.737000E+02 2.032685E+00 1.167958E+01
2.746000E+02 2.033481E+00 1.167673E+01
2.755000E+02 2.034271E+00 1.167392E+01
2.764000E+02 2.035056E+00 1.167114E+01
2.773000E+02 2.035836E+00 1.166841E+01
2.782000E+02 2.036610E+00 1.166572E+01
2.791000E+02 2.037379E+00 1.166087E+01
2.800000E+02 2.038142E+00 1.165826E+01
2.809000E+02 2.038901E+00 1.165569E+01
2.818000E+02 2.039654E+00 1.165315E+01
2.827000E+02 2.040402E+00 1.164847E+01
2.836000E+02 2.041145E+00 1.164602E+01
2.845000E+02 2.041883E+00 1.164359E+01
2.854000E+02 2.042616E+00 1.164121E+01
2.863000E+02 2.043344E+00 1.163669E+01
2.872000E+02 2.044067E+00 1.163438E+01
2.881000E+02 2.044785E+00 1.163211E+01
2.890000E+02 2.045498E+00 1.162772E+01
2.899000E+02 2.046207E+00 1.162551E+01
2.908000E+02 2.046910E+00 1.162120E+01
2.917000E+02 2.047609E+00 1.161907E+01
2.926000E+02 2.048303E+00 1.161698E+01
2.935000E+02 2.048992E+00 1.161278E+01
2.944000E+02 2.049677E+00 1.161075E+01
2.953000E+02 2.050357E+00 1.160663E+01
2.962000E+02 2.051033E+00 1.160467E+01
2.971000E+02 2.051704E+00 1.160063E+01
2.980000E+02 2.052371E+00 1.159874E+01
2.989000E+02 2.053033E+00 1.159477E+01
2.998000E+02 2.053690E+00 1.159295E+01
3.007000E+02 2.054344E+00 1.158905E+01
3.016000E+02 2.054992E+00 1.158729E+01
3.025000E+02 2.055637E+00 1.158347E+01
3.034000E+02 2.056277E+00 1.157968E+01
3.043000E+02 2.056913E+00 1.157802E+01
3.052000E+02 2.057545E+00 1.157430E+01
3.061000E+02 2.058173E+00 1.157271E+01
3.070000E+02 2.058796E+00 1.156905E+01
3.079000E+02 2.059415E+00 1.156544E+01
3.088000E+02 2.060030E+00 1.156394E+01
3.097000E+02 2.060641E+00 1.156039E+01
3.106000E+02 2.061248E+00 1.155688E+01
3.115000E+02 2.061851E+00 1.155340E+01
3.124000E+02 2.062450E+00 1.155203E+01
3.133000E+02 2.063045E+00 1.154861E+01
3.142000E+02 2.063636E+00 1.154523E+01
3.151000E+02 2.064224E+00 1.154395E+01
3.160000E+02 2.064807E+00 1.154063E+01
3.169000E+02 2.065387E+00 1.153735E+01
3.178000E+02 2.065962E+00 1.153410E+01
3.187000E+02 2.066534E+00 1.153088E+01
3.196000E+02 2.067102E+00 1.152975E+01
3.205000E+02 2.067667E+00 1.152659E+01
3.214000E+02 2.068227E+00 1.152347E+01
3.223000E+02 2.068784E+00 1.152037E+01
3.232000E+02 2.069338E+00 1.151731E+01
3.241000E+02 2.069887E+00 1.151428E+01
3.250000E+02 2.070434E+00 1.151129E+01
3.259000E+02 2.070976E+00 1.150832E+01
3.268000E+02 2.071515E+00 1.150538E+01
3.277000E+02 2.072051E+00 1.150450E+01
3.286000E+02 2.072583E+00 1.150162E+01
3.295000E+02 2.073111E+00 1.149877E+01
3.304000E+02 2.073636E+00 1.149595E+01
3.313000E+02 2.074158E+00 1.149316E+01
3.322000E+02 2.074676E+00 1.149040E+01
3.331000E+02 2.075191E+00 1.148767E+01
3.340000E+02 2.075703E+00 1.148496E+01
3.349000E+02 2.076211E+00 1.148229E+01
3.358000E+02 2.076716E+00 1.147964E+01
3.367000E+02 2.077217E+00 1.147703E+01
3.376000E+02 2.077716E+00 1.147244E+01
3.385000E+02 2.078211E+00 1.146988E+01
3.394000E+02 2.078703E+00 1.146735E+01
3.403000E+02 2.079192E+00 1.146484E+01
3.412000E+02 2.079677E+00 1.146237E+01
3.421000E+02 2.080160E+00 1.145992E+01
3.430000E+02 2.080639E+00 1.145750E+01
3.439000E+02 2.081115E+00 1.145510E+01
3.448000E+02 2.081588E+00 1.145273E+01
3.457000E+02 2.082058E+00 1.144841E+01
3.466000E+02 2.082525E+00 1.144610E+01
3.475000E+02 2.082989E+00 1.144381E+01
3.484000E+02 2.083450E+00 1.144155E+01
3.493000E+02 2.083908E+00 1.143931E+01
3.502000E+02 2.084364E+00 1.143514E+01
3.511000E+02 2.084816E+00 1.143296E+01
3.520000E+02 2.085265E+00 1.143080E+01
3.529000E+02 2.085711E+00 1.142866E+01
3.538000E+02 2.086155E+00 1.142460E+01
3.547000E+02 2.086595E+00 1.142252E+01
3.556000E+02 2.087033E+00 1.142047E+01
3.565000E+02 2.087468E+00 1.141843E+01
3.574000E+02 2.087900E+00 1.141448E+01
3.583000E+02 2.088330E+00 1.141250E+01
3.592000E+02 2.088756E+00 1.141054E+01
3.601000E+02 2.089180E+00 1.140667E+01
3.610000E+02 2.089601E+00 1.140476E+01
3.619000E+02 2.090020E+00 1.140288E+01
3.628000E+02 2.090436E+00 1.139909E+01
3.637000E+02 2.090849E+00 1.139725E+01
3.646000E+02 2.091259E+00 1.139351E+01
3.655000E+02 2.091667E+00 1.139172E+01
3.664000E+02 2.092072E+00 1.138996E+01
3.673000E+02 2.092475E+00 1.138630E+01
3.682000E+02 2.092875E+00 1.138458E+01
3.691000E+02 2.093272E+00 1.138097E+01
3.700000E+02 2.093667E+00 1.137929E+01
3.709000E+02 2.094059E+00 1.137573E+01
3.718000E+02 2.094449E+00 1.137411E+01
3.727000E+02 2.094837E+00 1.137060E+01
3.736000E+02 2.095221E+00 1.136902E+01
3.745000E+02 2.095604E+00 1.136556E+01
3.754000E+02 2.095984E+00 1.136402E+01
3.763000E+02 2.096361E+00 1.136061E+01
3.772000E+02 2.096736E+00 1.135912E+01
3.781000E+02 2.097109E+00 1.135575E+01
3.790000E+02 2.097479E+00 1.135430E+01
3.799000E+02 2.097847E+00 1.135099E+01
3.808000E+02 2.098213E+00 1.134958E+01
3.817000E+02 2.098576E+00 1.134631E+01
3.826000E+02 2.098937E+00 1.134307E+01
3.835000E+02 2.099296E+00 1.134173E+01
3.844000E+02 2.099652E+00 1.133853E+01
3.853000E+02 2.100006E+00 1.133723E+01
3.862000E+02 2.100358E+00 1.133408E+01
3.871000E+02 2.100707E+00 1.133095E+01
3.880000E+02 2.101054E+00 1.132971E+01
3.889000E+02 2.101400E+00 1.132663E+01
3.898000E+02 2.101742E+00 1.132356E+01
3.907000E+02 2.102083E+00 1.132239E+01
3.916000E+02 2.102421E+00 1.131937E+01
3.925000E+02 2.102758E+00 1.131638E+01
3.934000E+02 2.103092E+00 1.131526E+01
3.943000E+02 2.103424E+00 1.131231E+01
3.952000E+02 2.103754E+00 1.130938E+01
3.961000E+02 2.104081E+00 1.130647E+01
3.970000E+02 2.104407E+00 1.130544E+01
3.979000E+02 2.104731E+00 1.130258E+01
3.988000E+02 2.105052E+00 1.129973E+01
3.997000E+02 2.105371E+00 1.129691E+01
4.006000E+02 2.105689E+00 1.129596E+01
4.015000E+02 2.106004E+00 1.129318E+01
4.024000E+02 2.106317E+00 1.129042E+01
4.033000E+02 2.106629E+00 1.128768E+01
4.042000E+02 2.106938E+00 1.128680E+01
4.051000E+02 2.107245E+00 1.128410E+01
4.060000E+02 2.107551E+00 1.128143E+01
4.069000E+02 2.107854E+00 1.127877E+01
4.078000E+02 2.108155E+00 1.127614E+01
4.087000E+02 2.108455E+00 1.127352E+01
4.096000E+02 2.108752E+00 1.127093E+01
4.105000E+02 2.109048E+00 1.127018E+01
4.114000E+02 2.109342E+00 1.126763E+01
4.123000E+02 2.109634E+00 1.126509E+01
4.132000E+02 2.109924E+00 1.126258E+01
4.141000E+02 2.110212E+00 1.126008E+01
4.150000E+02 2.110498E+00 1.125761E+01
4.159000E+02 2.110782E+00 1.125515E+01
4.168000E+02 2.111065E+00 1.125272E+01
4.177000E+02 2.111346E+00 1.125030E+01
4.186000E+02 2.111625E+00 1.124790E+01
4.195000E+02 2.111902E+00 1.124553E+01
4.204000E+02 2.112177E+00 1.124317E+01
4.213000E+02 2.112451E+00 1.124083E+01
4.222000E+02 2.112722E+00 1.124031E+01
4.231000E+02 2.112992E+00 1.123801E+01
4.240000E+02 2.113261E+00 1.123572E+01
4.249000E+02 2.113527E+00 1.123346E+01
4.258000E+02 2.113792E+00 1.122942E+01
4.267000E+02 2.114055E+00 1.122719E+01
4.276000E+02 2.114316E+00 1.122498E+01
4.285000E+02 2.114576E+00 1.122279E+01
4.294000E+02 2.114834E+00 1.122062E+01
4.303000E+02 2.115090E+00 1.121847E+01
4.312000E+02 2.115345E+00 1.121633E+01
4.321000E+02 2.115598E+00 1.121421E+01
4.330000E+02 2.115849E+00 1.121211E+01
4.339000E+02 2.116099E+00 1.121003E+01
4.348000E+02 2.116347E+00 1.120796E+01
4.357000E+02 2.116594E+00 1.120592E+01
4.366000E+02 2.116838E+00 1.120389E+01
4.375000E+02 2.117082E+00 1.120187E+01
4.384000E+02 2.117323E+00 1.119811E+01
4.393000E+02 2.117563E+00 1.119613E+01
4.402000E+02 2.117802E+00 1.119417E+01
4.411000E+02 2.118039E+00 1.119223E+01
4.420000E+02 2.118274E+00 1.119030E+01
4.429000E+02 2.118508E+00 1.118839E+01
4.438000E+02 2.118741E+00 1.118650E+01
4.447000E+02 2.118971E+00 1.118286E+01
4.456000E+02 2.119201E+00 1.118101E+01
4.465000E+02 2.119428E+00 1.117916E+01
4.474000E+02 2.119655E+00 1.117734E+01
4.483000E+02 2.119879E+00 1.117553E+01
4.492000E+02 2.120103E+00 1.117199E+01
4.501000E+02 2.120325E+00 1.117021E+01
4.510000E+02 2.120545E+00 1.116845E+01
4.519000E+02 2.120764E+00 1.116671E+01
4.528000E+02 2.120981E+00 1.116324E+01
4.537000E+02 2.121197E+00 1.116153E+01
4.546000E+02 2.121412E+00 1.115983E+01
4.555000E+02 2.121625E+00 1.115816E+01
4.564000E+02 2.121837E+00 1.115475E+01
4.573000E+02 2.122047E+00 1.115311E+01
4.582000E+02 2.122256E+00 1.115148E+01
4.591000E+02 2.122463E+00 1.114812E+01
4.600000E+02 2.122670E+00 1.114653E+01
4.609000E+02 2.122874E+00 1.114494E+01
4.618000E+02 2.123078E+00 1.114164E+01
4.627000E+02 2.123280E+00 1.114009E+01
4.636000E+02 2.123480E+00 1.113856E+01
4.645000E+02 2.123680E+00 1.113531E+01
4.654000E+02 2.123878E+00 1.113380E+01
4.663000E+02 2.124075E+00 1.113231E+01
4.672000E+02 2.124270E+00 1.112911E+01
4.681000E+02 2.124464E+00 1.112765E+01
4.690000E+02 2.124657E+00 1.112621E+01
4.699000E+02 2.124848E+00 1.112306E+01
4.708000E+02 2.125038E+00 1.112164E+01
4.717000E+02 2.125227E+00 1.111852E+01
4.726000E+02 2.125415E+00 1.111714E+01
4.735000E+02 2.125601E+00 1.111577E+01
4.744000E+02 2.125786E+00 1.111270E+01
4.753000E+02 2.125970E+00 1.111136E+01
4.762000E+02 2.126152E+00 1.110832E+01
4.771000E+02 2.126333E+00 1.110701E+01
4.780000E+02 2.126513E+00 1.110400E+01
4.789000E+02 2.126692E+00 1.110272E+01
4.798000E+02 2.126870E+00 1.110145E+01
4.807000E+02 2.127046E+00 1.109849E+01
4.816000E+02 2.127221E+00 1.109725E+01
4.825000E+02 2.127395E+00 1.109432E+01
4.834000E+02 2.127568E+00 1.109311E+01
4.843000E+02 2.127740E+00 1.109021E+01
4.852000E+02 2.127910E+00 1.108903E+01
4.861000E+02 2.128079E+00 1.108616E+01
4.870000E+02 2.128247E+00 1.108500E+01
4.879000E+02 2.128414E+00 1.108217E+01
4.888000E+02 2.128580E+00 1.108104E+01
4.897000E+02 2.128744E+00 1.107823E+01
4.906000E+02 2.128908E+00 1.107713E+01
4.915000E+02 2.129070E+00 1.107435E+01
4.924000E+02 2.129231E+00 1.107159E+01
4.933000E+02 2.129391E+00 1.107053E+01
4.942000E+02 2.129550E+00 1.106780E+01
4.951000E+02 2.129708E+00 1.106676E+01
4.960000E+02 2.129864E+00 1.106406E+01
4.969000E+02 2.130020E+00 1.106305E+01
4.978000E+02 2.130174E+00 1.106038E+01
4.987000E+02 2.130328E+00 1.105772E+01
4.996000E+02 2.130480E+00 1.105675E+01
5.005000E+02 2.130631E+00 1.105412E+01
5.014000E+02 2.130781E+00 1.105151E+01
5.023000E+02 2.130930E+00 1.105058E+01
5.032000E+02 2.131078E+00 1.104799E+01
5.041000E+02 2.131225E+00 1.104709E+01
5.050000E+02 2.131371E+00 1.104453E+01
5.059000E+02 2.131516E+00 1.104198E+01
5.068000E+02 2.131660E+00 1.104111E+01
5.077000E+02 2.131802E+00 1.103860E+01
5.086000E+02 2.131944E+00 1.103609E+01
5.095000E+02 2.132085E+00 1.103527E+01
5.104000E+02 2.132225E+00 1.103279E+01
5.113000E+02 2.132363E+00 1.103033E+01
5.122000E+02 2.132501E+00 1.102954E+01
5.131000E+02 2.132638E+00 1.102710E+01
5.140000E+02 2.132773E+00 1.102468E+01
5.149000E+02 2.132908E+00 1.102227E+01
5.158000E+02 2.133042E+00 1.102153E+01
5.167000E+02 2.133174E+00 1.101915E+01
5.176000E+02 2.133306E+00 1.101678E+01
5.185000E+02 2.133437E+00 1.101442E+01
5.194000E+02 2.133567E+00 1.101373E+01
5.203000E+02 2.133695E+00 1.101140E+01
5.212000E+02 2.133823E+00 1.100909E+01
5.221000E+02 2.133950E+00 1.100678E+01
5.230000E+02 2.134076E+00 1.100614E+01
5.239000E+02 2.134201E+00 1.100386E+01
5.248000E+02 2.134325E+00 1.100160E+01
5.257000E+02 2.134449E+00 1.099935E+01
5.266000E+02 2.134571E+00 1.099875E+01
5.275000E+02 2.134692E+00 1.099652E+01
5.284000E+02 2.134813E+00 1.099431E+01
5.293000E+02 2.134932E+00 1.099211E+01
5.302000E+02 2.135051E+00 1.098993E+01
5.311000E+02 2.135168E+00 1.098939E+01
5.320000E+02 2.135285E+00 1.098722E+01
5.329000E+02 2.135401E+00 1.098507E+01
5.338000E+02 2.135516E+00 1.098294E+01
5.347000E+02 2.135630E+00 1.098081E+01
5.356000E+02 2.135743E+00 1.097870E+01
5.365000E+02 2.135856E+00 1.097660E+01
5.374000E+02 2.135967E+00 1.097614E+01
5.383000E+02 2.136078E+00 1.097406E+01
5.392000E+02 2.136188E+00 1.097200E+01
5.401000E+02 2.136296E+00 1.096995E+01
5.410000E+02 2.136405E+00 1.096791E+01
5.419000E+02 2.136512E+00 1.096588E+01
5.428000E+02 2.136618E+00 1.096387E+01
5.437000E+02 2.136724E+00 1.096187E+01
5.446000E+02 2.136828E+00 1.095988E+01
5.455000E+02 2.136932E+00 1.095951E+01
5.464000E+02 2.137035E+00 1.095755E+01
5.473000E+02 2.137137E+00 1.095559E+01
5.482000E+02 2.137239E+00 1.095365E+01
5.491000E+02 2.137339E+00 1.095172E+01
5.500000E+02 2.137439E+00 1.094979E+01
5.509000E+02 2.137538E+00 1.094789E+01
5.518000E+02 2.137636E+00 1.094599E+01
5.527000E+02 2.137734E+00 1.094410E+01
5.536000E+02 2.137830E+00 1.094223E+01
5.545000E+02 2.137926E+00 1.094037E+01
5.554000E+02 2.138021E+00 1.093852E+01
5.563000E+02 2.138115E+00 1.093668E+01
5.572000E+02 2.138208E+00 1.093485E+01
5.581000E+02 2.138301E+00 1.093303E+01
5.590000E+02 2.138393E+00 1.093123E+01
5.599000E+02 2.138484E+00 1.092943E+01
5.608000E+02 2.138574E+00 1.092765E+01
5.617000E+02 2.138664E+00 1.092588E+01
5.626000E+02 2.138753E+00 1.092412E+01
5.635000E+02 2.138841E+00 1.092237E+01
5.644000E+02 2.138928E+00 1.092063E+01
5.653000E+02 2.139015E+00 1.091890E+01
5.662000E+02 2.139101E+00 1.091719E+01
5.671000E+02 2.139186E+00 1.091548E+01
5.680000E+02 2.139270E+00 1.091379E+01
5.689000E+02 2.139354E+00 1.091210E+01
5.698000E+02 2.139437E+00 1.091043E+01
5.707000E+02 2.139519E+00 1.090877E+01
5.716000E+02 2.139600E+00 1.090711E+01
5.725000E+02 2.139681E+00 1.090547E+01
5.734000E+02 2.139761E+00 1.090226E+01
5.743000E+02 2.139841E+00 1.090064E+01
5.752000E+02 2.139919E+00 1.089903E+01
5.761000E+02 2.139997E+00 1.089743E+01
5.770000E+02 2.140074E+00 1.089585E+01
5.779000E+02 2.140151E+00 1.089427E+01
5.788000E+02 2.140227E+00 1.089270E+01
5.797000E+02 2.140302E+00 1.089115E+01
5.806000E+02 2.140376E+00 1.088960E+01
5.815000E+02 2.140450E+00 1.088806E+01
5.824000E+02 2.140523E+00 1.088496E+01
5.833000E+02 2.140596E+00 1.088345E+01
5.842000E+02 2.140668E+00 1.088194E+01
5.851000E+02 2.140739E+00 1.088045E+01
5.860000E+02 2.140809E+00 1.087897E+01
5.869000E+02 2.140879E+00 1.087749E+01
5.878000E+02 2.140948E+00 1.087446E+01
5.887000E+02 2.141017E+00 1.087301E+01
5.896000E+02 2.141084E+00 1.087156E+01
5.905000E+02 2.141152E+00 1.087013E+01
5.914000E+02 2.141218E+00 1.086870E+01
5.923000E+02 2.141284E+00 1.086729E+01
5.932000E+02 2.141349E+00 1.086432E+01
5.941000E+02 2.141414E+00 1.086293E+01
5.950000E+02 2.141478E+00 1.086154E+01
5.959000E+02 2.141541E+00 1.086017E+01
5.968000E+02 2.141604E+00 1.085880E+01
5.977000E+02 2.141666E+00 1.085589E+01
5.986000E+02 2.141727E+00 1.085455E+01
5.995000E+02 2.141788E+00 1.085321E+01
6.004000E+02 2.141849E+00 1.085188E+01
6.013000E+02 2.141908E+00 1.084901E+01
6.022000E+02 2.141967E+00 1.084771E+01
6.031000E+02 2.142026E+00 1.084641E+01
6.040000E+02 2.142083E+00 1.084512E+01
6.049000E+02 2.142141E+00 1.084229E+01
6.058000E+02 2.142197E+00 1.084103E+01
6.067000E+02 2.142253E+00 1.083977E+01
6.076000E+02 2.142309E+00 1.083852E+01
6.085000E+02 2.142364E+00 1.083573E+01
6.094000E+02 2.142418E+00 1.083450E+01
6.103000E+02 2.142471E+00 1.083328E+01
6.112000E+02 2.142525E+00 1.083052E+01
6.121000E+02 2.142577E+00 1.082932E+01
6.130000E+02 2.142629E+00 1.082812E+01
6.139000E+02 2.142680E+00 1.082694E+01
6.148000E+02 2.142731E+00 1.082422E+01
6.157000E+02 2.142781E+00 1.082306E+01
6.166000E+02 2.142831E+00 1.082190E+01
6.175000E+02 2.142880E+00 1.081921E+01
6.184000E+02 2.142929E+00 1.081807E+01
6.193000E+02 2.142977E+00 1.081694E+01
6.202000E+02 2.143024E+00 1.081429E+01
6.211000E+02 2.143071E+00 1.081318E+01
6.220000E+02 2.143117E+00 1.081207E+01
6.229000E+02 2.143163E+00 1.080945E+01
6.238000E+02 2.143208E+00 1.080836E+01
6.247000E+02 2.143253E+00 1.080728E+01
6.256000E+02 2.143297E+00 1.080469E+01
6.265000E+02 2.143341E+00 1.080363E+01
6.274000E+02 2.143384E+00 1.080105E+01
6.283000E+02 2.143427E+00 1.080001E+01
6.292000E+02 2.143469E+00 1.079898E+01
6.301000E+02 2.143510E+00 1.079643E+01
6.310000E+02 2.143551E+00 1.079541E+01
6.319000E+02 2.143592E+00 1.079440E+01
6.328000E+02 2.143632E+00 1.079188E+01
6.337000E+02 2.143671E+00 1.079089E+01
6.346000E+02 2.143710E+00 1.078839E+01
6.355000E+02 2.143748E+00 1.078742E+01
6.364000E+02 2.143786E+00 1.078494E+01
6.373000E+02 2.143824E+00 1.078398E+01
6.382000E+02 2.143861E+00 1.078303E+01
6.391000E+02 2.143897E+00 1.078058E+01
6.400000E+02 2.143933E+00 1.077965E+01
6.409000E+02 2.143968E+00 1.077721E+01
6.418000E+02 2.144003E+00 1.077630E+01
6.427000E+02 2.144038E+00 1.077388E+01
6.436000E+02 2.144072E+00 1.077298E+01
6.445000E+02 2.144105E+00 1.077210E+01
6.454000E+02 2.144138E+00 1.076970E+01
6.463000E+02 2.144170E+00 1.076883E+01
6.472000E+02 2.144202E+00 1.076646E+01
6.481000E+02 2.144234E+00 1.076560E+01
6.490000E+02 2.144265E+00 1.076325E+01
6.499000E+02 2.144295E+00 1.076241E+01
6.508000E+02 2.144326E+00 1.076007E+01
6.517000E+02 2.144355E+00 1.075925E+01
6.526000E+02 2.144384E+00 1.075693E+01
6.535000E+02 2.144413E+00 1.075612E+01
6.544000E+02 2.144441E+00 1.075382E+01
6.553000E+02 2.144469E+00 1.075303E+01
6.562000E+02 2.144496E+00 1.075074E+01
6.571000E+02 2.144523E+00 1.074997E+01
6.580000E+02 2.144550E+00 1.074770E+01
6.589000E+02 2.144575E+00 1.074694E+01
6.598000E+02 2.144601E+00 1.074469E+01
6.607000E+02 2.144626E+00 1.074395E+01
6.616000E+02 2.144651E+00 1.074172E+01
6.625000E+02 2.144675E+00 1.073949E+01
6.634000E+02 2.144698E+00 1.073877E+01
6.643000E+02 2.144722E+00 1.073657E+01
6.652000E+02 2.144744E+00 1.073586E+01
6.661000E+02 2.144767E+00 1.073367E+01
6.670000E+02 2.144789E+00 1.073298E+01
6.679000E+02 2.144810E+00 1.073081E+01
6.688000E+02 2.144831E+00 1.073013E+01
6.697000E+02 2.144852E+00 1.072798E+01
6.706000E+02 2.144872E+00 1.072583E+01
6.715000E+02 2.144892E+00 1.072518E+01
6.724000E+02 2.144911E+00 1.072305E+01
6.733000E+02 2.144930E+00 1.072241E+01
6.742000E+02 2.144949E+00 1.072030E+01
6.751000E+02 2.144967E+00 1.071819E+01
6.760000E+02 2.144985E+00 1.071758E+01
6.769000E+02 2.145002E+00 1.071549E+01
6.778000E+02 2.145019E+00 1.071489E+01
6.787000E+02 2.145035E+00 1.071281E+01
6.796000E+02 2.145052E+00 1.071075E+01
6.805000E+02 2.145067E+00 1.071017E+01
6.814000E+02 2.145082E+00 1.070812E+01
6.823000E+02 2.145097E+00 1.070608E+01
6.832000E+02 2.145112E+00 1.070553E+01
6.841000E+02 2.145126E+00 1.070350E+01
6.850000E+02 2.145139E+00 1.070296E+01
6.859000E+02 2.145153E+00 1.070095E+01
6.868000E+02 2.145166E+00 1.069895E+01
6.877000E+02 2.145178E+00 1.069843E+01
6.886000E+02 2.145190E+00 1.069645E+01
6.895000E+02 2.145202E+00 1.069447E+01
6.904000E+02 2.145213E+00 1.069397E+01
6.913000E+02 2.145224E+00 1.069201E+01
6.922000E+02 2.145235E+00 1.069006E+01
6.931000E+02 2.145245E+00 1.068958E+01
6.940000E+02 2.145255E+00 1.068764E+01
6.949000E+02 2.145264E+00 1.068571E+01
6.958000E+02 2.145273E+00 1.068379E+01
6.967000E+02 2.145282E+00 1.068334E+01
6.976000E+02 2.145290E+00 1.068143E+01
6.985000E+02 2.145298E+00 1.067953E+01
6.994000E+02 2.145305E+00 1.067911E+01
7.003000E+02 2.145313E+00 1.067722E+01
7.012000E+02 2.145319E+00 1.067534E+01
7.021000E+02 2.145326E+00 1.067494E+01
7.030000E+02 2.145332E+00 1.067308E+01
7.039000E+02 2.145338E+00 1.067122E+01
7.048000E+02 2.145343E+00 1.066937E+01
7.057000E+02 2.145348E+00 1.066899E+01
7.066000E+02 2.145353E+00 1.066716E+01
7.075000E+02 2.145357E+00 1.066534E+01
7.084000E+02 2.145361E+00 1.066352E+01
7.093000E+02 2.145364E+00 1.066317E+01
7.102000E+02 2.145368E+00 1.066137E+01
7.111000E+02 2.145371E+00 1.065957E+01
7.120000E+02 2.145373E+00 1.065778E+01
7.129000E+02 2.145375E+00 1.065746E+01
7.138000E+02 2.145377E+00 1.065569E+01
7.147000E+02 2.145379E+00 1.065392E+01
7.156000E+02 2.145380E+00 1.065216E+01
7.165000E+02 2.145381E+00 1.065041E+01
7.174000E+02 2.145381E+00 1.065012E+01
7.183000E+02 2.145381E+00 1.064838E+01
7.192000E+02 2.145381E+00 1.064665E+01
7.201000E+02 2.145381E+00 1.064493E+01
7.210000E+02 2.145380E+00 1.064466E+01
7.219000E+02 2.145379E+00 1.064295E+01
7.228000E+02 2.145377E+00 1.064125E+01
7.237000E+02 2.145375E+00 1.063956E+01
7.246000E+02 2.145373E+00 1.063787E+01
7.255000E+02 2.145371E+00 1.063619E+01
7.264000E+02 2.145368E+00 1.063597E+01
7.273000E+02 2.145365E+00 1.063430E+01
7.282000E+02 2.145361E+00 1.063264E+01
7.291000E+02 2.145357E+00 1.063099E+01
7.300000E+02 2.145353E+00 1.062935E+01
7.309000E+02 2.145349E+00 1.062915E+01
7.318000E+02 2.145344E+00 1.062752E+01
7.327000E+02 2.145339E+00 1.062589E+01
7.336000E+02 2.145334E+00 1.062428E+01
7.345000E+02 2.145328E+00 1.062267E+01
7.354000E+02 2.145322E+00 1.062106E+01
7.363000E+02 2.145316E+00 1.061947E+01
7.372000E+02 2.145309E+00 1.061932E+01
7.381000E+02 2.145302E+00 1.061773E+01
7.390000E+02 2.145295E+00 1.061616E+01
7.399000E+02 2.145288E+00 1.061459E+01
7.408000E+02 2.145280E+00 1.061303E+01
7.417000E+02 2.145272E+00 1.061147E+01
7.426000E+02 2.145263E+00 1.060992E+01
7.435000E+02 2.145255E+00 1.060838E+01
7.444000E+02 2.145246E+00 1.060828E+01
7.453000E+02 2.145236E+00 1.060675E+01
7.462000E+02 2.145227E+00 1.060522E+01
7.471000E+02 2.145217E+00 1.060371E+01
7.480000E+02 2.145207E+00 1.060220E+01
7.489000E+02 2.145196E+00 1.060070E+01
7.498000E+02 2.145186E+00 1.059920E+01
7.507000E+02 2.145174E+00 1.059771E+01
7.516000E+02 2.145163E+00 1.059623E+01
7.525000E+02 2.145152E+00 1.059475E+01
7.534000E+02 2.145140E+00 1.059328E+01
7.543000E+02 2.145128E+00 1.059324E+01
7.552000E+02 2.145115E+00 1.059179E+01
7.561000E+02 2.145102E+00 1.059034E+01
7.570000E+02 2.145089E+00 1.058889E+01
7.579000E+02 2.145076E+00 1.058746E+01
7.588000E+02 2.145062E+00 1.058602E+01
7.597000E+02 2.145049E+00 1.058460E+01
7.606000E+02 2.145034E+00 1.058318E+01
7.615000E+02 2.145020E+00 1.058177E+01
7.624000E+02 2.145005E+00 1.058036E+01
7.633000E+02 2.144991E+00 1.057896E+01
7.642000E+02 2.144975E+00 1.057757E+01
7.651000E+02 2.144960E+00 1.057619E+01
7.660000E+02 2.144944E+00 1.057481E+01
7.669000E+02 2.144928E+00 1.057343E+01
7.678000E+02 2.144912E+00 1.057206E+01
7.687000E+02 2.144895E+00 1.057070E+01
7.696000E+02 2.144879E+00 1.056935E+01
7.705000E+02 2.144861E+00 1.056800E+01
7.714000E+02 2.144844E+00 1.056666E+01
7.723000E+02 2.144827E+00 1.056532E+01
7.732000E+02 2.144809E+00 1.056399E+01
7.741000E+02 2.144791E+00 1.056266E+01
7.750000E+02 2.144772E+00 1.056135E+01
7.759000E+02 2.144754E+00 1.056003E+01
7.768000E+02 2.144735E+00 1.055873E+01
7.777000E+02 2.144716E+00 1.055743E+01
7.786000E+02 2.144696E+00 1.055613E+01
7.795000E+02 2.144677E+00 1.055485E+01
7.804000E+02 2.144657E+00 1.055356E+01
7.813000E+02 2.144637E+00 1.055229E+01
7.822000E+02 2.144616E+00 1.055102E+01
7.831000E+02 2.144596E+00 1.054975E+01
7.840000E+02 2.144575E+00 1.054850E+01
7.849000E+02 2.144554E+00 1.054725E+01
7.858000E+02 2.144533E+00 1.054600E+01
7.867000E+02 2.144511E+00 1.054476E+01
7.876000E+02 2.144489E+00 1.054353E+01
7.885000E+02 2.144467E+00 1.054230E+01
7.894000E+02 2.144445E+00 1.054107E+01
7.903000E+02 2.144422E+00 1.053986E+01
7.912000E+02 2.144400E+00 1.053865E+01
7.921000E+02 2.144377E+00 1.053744E+01
7.930000E+02 2.144353E+00 1.053484E+01
7.939000E+02 2.144330E+00 1.053365E+01
7.948000E+02 2.144306E+00 1.053246E+01
7.957000E+02 2.144282E+00 1.053128E+01
7.966000E+02 2.144258E+00 1.053011E+01
7.975000E+02 2.144234E+00 1.052894E+01
7.984000E+02 2.144209E+00 1.052777E+01
7.993000E+02 2.144184E+00 1.052661E+01
8.002000E+02 2.144159E+00 1.052546E+01
8.011000E+02 2.144134E+00 1.052431E+01
8.020000E+02 2.144108E+00 1.052317E+01
8.029000E+02 2.144082E+00 1.052064E+01
8.038000E+02 2.144056E+00 1.051951E+01
8.047000E+02 2.144030E+00 1.051839E+01
8.056000E+02 2.144004E+00 1.051727E+01
8.065000E+02 2.143977E+00 1.051616E+01
8.074000E+02 2.143950E+00 1.051505E+01
8.083000E+02 2.143923E+00 1.051395E+01
8.092000E+02 2.143896E+00 1.051285E+01
8.101000E+02 2.143868E+00 1.051176E+01
8.110000E+02 2.143841E+00 1.050929E+01
8.119000E+02 2.143813E+00 1.050821E+01
8.128000E+02 2.143785E+00 1.050714E+01
8.137000E+02 2.143756E+00 1.050607E+01
8.146000E+02 2.143728E+00 1.050500E+01
8.155000E+02 2.143699E+00 1.050395E+01
8.164000E+02 2.143670E+00 1.050289E+01
8.173000E+02 2.143641E+00 1.050046E+01
8.182000E+02 2.143611E+00 1.049942E+01
8.191000E+02 2.143581E+00 1.049839E+01
8.200000E+02 2.143552E+00 1.049736E+01
8.209000E+02 2.143522E+00 1.049633E+01
8.218000E+02 2.143491E+00 1.049531E+01
8.227000E+02 2.143461E+00 1.049292E+01
8.236000E+02 2.143430E+00 1.049191E+01
8.245000E+02 2.143399E+00 1.049090E+01
8.254000E+02 2.143368E+00 1.048991E+01
8.263000E+02 2.143337E+00 1.048891E+01
8.272000E+02 2.143306E+00 1.048793E+01
8.281000E+02 2.143274E+00 1.048557E+01
8.290000E+02 2.143242E+00 1.048459E+01
8.299000E+02 2.143210E+00 1.048362E+01
8.308000E+02 2.143178E+00 1.048265E+01
8.317000E+02 2.143145E+00 1.048169E+01
8.326000E+02 2.143113E+00 1.047936E+01
8.335000E+02 2.143080E+00 1.047841E+01
8.344000E+02 2.143047E+00 1.047746E+01
8.353000E+02 2.143014E+00 1.047652E+01
8.362000E+02 2.142980E+00 1.047559E+01
8.371000E+02 2.142946E+00 1.047329E+01
8.380000E+02 2.142913E+00 1.047236E+01
8.389000E+02 2.142879E+00 1.047144E+01
8.398000E+02 2.142845E+00 1.047053E+01
8.407000E+02 2.142810E+00 1.046825E+01
8.416000E+02 2.142776E+00 1.046735E+01
8.425000E+02 2.142741E+00 1.046645E+01
8.434000E+02 2.142706E+00 1.046555E+01
8.443000E+02 2.142671E+00 1.046330E+01
8.452000E+02 2.142636E+00 1.046241E+01
8.461000E+02 2.142600E+00 1.046154E+01
8.470000E+02 2.142564E+00 1.046066E+01
8.479000E+02 2.142529E+00 1.045843E+01
8.488000E+02 2.142493E+00 1.045756E+01
8.497000E+02 2.142456E+00 1.045671E+01
8.506000E+02 2.142420E+00 1.045585E+01
8.515000E+02 2.142383E+00 1.045364E+01
8.524000E+02 2.142347E+00 1.045280E+01
8.533000E+02 2.142310E+00 1.045196E+01
8.542000E+02 2.142273E+00 1.045113E+01
8.551000E+02 2.142235E+00 1.044894E+01
8.560000E+02 2.142198E+00 1.044811E+01
8.569000E+02 2.142160E+00 1.044729E+01
8.578000E+02 2.142123E+00 1.044512E+01
8.587000E+02 2.142085E+00 1.044431E+01
8.596000E+02 2.142046E+00 1.044351E+01
8.605000E+02 2.142008E+00 1.044271E+01
8.614000E+02 2.141970E+00 1.044056E+01
8.623000E+02 2.141931E+00 1.043977E+01
8.632000E+02 2.141892E+00 1.043898E+01
8.641000E+02 2.141853E+00 1.043685E+01
8.650000E+02 2.141814E+00 1.043607E+01
8.659000E+02 2.141775E+00 1.043530E+01
8.668000E+02 2.141735E+00 1.043454E+01
8.677000E+02 2.141696E+00 1.043242E+01
8.686000E+02 2.141656E+00 1.043167E+01
8.695000E+02 2.141616E+00 1.043092E+01
8.704000E+02 2.141576E+00 1.042882E+01
8.713000E+02 2.141535E+00 1.042808E+01
8.722000E+02 2.141495E+00 1.042734E+01
8.731000E+02 2.141454E+00 1.042526E+01
8.740000E+02 2.141414E+00 1.042453E+01
8.749000E+02 2.141373E+00 1.042381E+01
8.758000E+02 2.141332E+00 1.042174E+01
8.767000E+02 2.141290E+00 1.042103E+01
8.776000E+02 2.141249E+00 1.042032E+01
8.785000E+02 2.141207E+00 1.041826E+01
8.794000E+02 2.141166E+00 1.041757E+01
8.803000E+02 2.141124E+00 1.041687E+01
8.812000E+02 2.141082E+00 1.041483E+01
8.821000E+02 2.141039E+00 1.041415E+01
8.830000E+02 2.140997E+00 1.041212E+01
8.839000E+02 2.140955E+00 1.041145E+01
8.848000E+02 2.140912E+00 1.041078E+01
8.857000E+02 2.140869E+00 1.040876E+01
8.866000E+02 2.140826E+00 1.040810E+01
8.875000E+02 2.140783E+00 1.040745E+01
8.884000E+02 2.140740E+00 1.040545E+01
8.893000E+02 2.140696E+00 1.040480E+01
8.902000E+02 2.140653E+00 1.040416E+01
8.911000E+02 2.140609E+00 1.040218E+01
8.920000E+02 2.140565E+00 1.040154E+01
8.929000E+02 2.140521E+00 1.039957E+01
8.938000E+02 2.140477E+00 1.039894E+01
8.947000E+02 2.140433E+00 1.039832E+01
8.956000E+02 2.140388E+00 1.039637E+01
8.965000E+02 2.140344E+00 1.039576E+01
8.974000E+02 2.140299E+00 1.039381E+01
8.983000E+02 2.140254E+00 1.039320E+01
8.992000E+02 2.140209E+00 1.039261E+01
9.001000E+02 2.140164E+00 1.039067E+01
9.010000E+02 2.140119E+00 1.039008E+01
9.019000E+02 2.140073E+00 1.038816E+01
9.028000E+02 2.140027E+00 1.038758E+01
9.037000E+02 2.139982E+00 1.038567E+01
9.046000E+02 2.139936E+00 1.038510E+01
9.055000E+02 2.139890E+00 1.038453E+01
9.064000E+02 2.139844E+00 1.038263E+01
9.073000E+02 2.139797E+00 1.038207E+01
9.082000E+02 2.139751E+00 1.038018E+01
9.091000E+02 2.139704E+00 1.037963E+01
9.100000E+02 2.139658E+00 1.037775E+01
9.109000E+02 2.139611E+00 1.037721E+01
9.118000E+02 2.139564E+00 1.037667E+01
9.127000E+02 2.139517E+00 1.037481E+01
9.136000E+02 2.139470E+00 1.037428E+01
9.145000E+02 2.139422E+00 1.037242E+01
9.154000E+02 2.139375E+00 1.037191E+01
9.163000E+02 2.139327E+00 1.037006E+01
9.172000E+02 2.139279E+00 1.036955E+01
9.181000E+02 2.139232E+00 1.036771E+01
9.190000E+02 2.139183E+00 1.036721E+01
9.199000E+02 2.139135E+00 1.036671E+01
9.208000E+02 2.139087E+00 1.036489E+01
9.217000E+02 2.139039E+00 1.036440E+01
9.226000E+02 2.138990E+00 1.036258E+01
9.235000E+02 2.138941E+00 1.036210E+01
9.244000E+02 2.138893E+00 1.036030E+01
9.253000E+02 2.138844E+00 1.035982E+01
9.262000E+02 2.138795E+00 1.035803E+01
9.271000E+02 2.138746E+00 1.035756E+01
9.280000E+02 2.138696E+00 1.035578E+01
9.289000E+02 2.138647E+00 1.035532E+01
9.298000E+02 2.138597E+00 1.035354E+01
9.307000E+02 2.138548E+00 1.035309E+01
9.316000E+02 2.138498E+00 1.035133E+01
9.325000E+02 2.138448E+00 1.035089E+01
9.334000E+02 2.138398E+00 1.034913E+01
9.343000E+02 2.138348E+00 1.034870E+01
9.352000E+02 2.138297E+00 1.034695E+01
9.361000E+02 2.138247E+00 1.034652E+01
9.370000E+02 2.138197E+00 1.034478E+01
9.379000E+02 2.138146E+00 1.034437E+01
9.388000E+02 2.138095E+00 1.034263E+01
9.397000E+02 2.138044E+00 1.034223E+01
9.406000E+02 2.137993E+00 1.034050E+01
9.415000E+02 2.137942E+00 1.034011E+01
9.424000E+02 2.137891E+00 1.033839E+01
9.433000E+02 2.137840E+00 1.033800E+01
9.442000E+02 2.137788E+00 1.033629E+01
9.451000E+02 2.137737E+00 1.033459E+01
9.460000E+02 2.137685E+00 1.033421E+01
9.469000E+02 2.137633E+00 1.033252E+01
9.478000E+02 2.137581E+00 1.033215E+01
9.487000E+02 2.137529E+00 1.033047E+01
9.496000E+02 2.137477E+00 1.033011E+01
9.505000E+02 2.137425E+00 1.032843E+01
9.514000E+02 2.137372E+00 1.032808E+01
9.523000E+02 2.137320E+00 1.032641E+01
9.532000E+02 2.137267E+00 1.032606E+01
9.541000E+02 2.137215E+00 1.032440E+01
9.550000E+02 2.137162E+00 1.032275E+01
9.559000E+02 2.137109E+00 1.032242E+01
9.568000E+02 2.137056E+00 1.032077E+01
9.577000E+02 2.137003E+00 1.032044E+01
9.586000E+02 2.136949E+00 1.031881E+01
9.595000E+02 2.136896E+00 1.031849E+01
9.604000E+02 2.136843E+00 1.031686E+01
9.613000E+02 2.136789E+00 1.031524E+01
9.622000E+02 2.136735E+00 1.031493E+01
9.631000E+02 2.136682E+00 1.031331E+01
9.640000E+02 2.136628E+00 1.031301E+01
9.649000E+02 2.136574E+00 1.031141E+01
9.658000E+02 2.136520E+00 1.031111E+01
9.667000E+02 2.136465E+00 1.030952E+01
9.676000E+02 2.136411E+00 1.030792E+01
9.685000E+02 2.136357E+00 1.030764E+01
9.694000E+02 2.136302E+00 1.030606E+01
9.703000E+02 2.136247E+00 1.030578E+01
9.712000E+02 2.136193E+00 1.030421E+01
9.721000E+02 2.136138E+00 1.030263E+01
9.730000E+02 2.136083E+00 1.030237E+01
9.739000E+02 2.136028E+00 1.030081E+01
9.748000E+02 2.135973E+00 1.030055E+01
9.757000E+02 2.135918E+00 1.029899E+01
9.766000E+02 2.135862E+00 1.029744E+01
9.775000E+02 2.135807E+00 1.029720E+01
9.784000E+02 2.135751E+00 1.029565E+01
9.793000E+02 2.135696E+00 1.029542E+01
9.802000E+02 2.135640E+00 1.029388E+01
9.811000E+02 2.135584E+00 1.029235E+01
9.820000E+02 2.135528E+00 1.029212E+01
9.829000E+02 2.135472E+00 1.029060E+01
9.838000E+02 2.135416E+00 1.028908E+01
9.847000E+02 2.135360E+00 1.028887E+01
9.856000E+02 2.135304E+00 1.028735E+01
9.865000E+02 2.135247E+00 1.028585E+01
9.874000E+02 2.135191E+00 1.028564E+01
9.883000E+02 2.135134E+00 1.028414E+01
9.892000E+02 2.135078E+00 1.028395E+01
9.901000E+02 2.135021E+00 1.028246E+01
9.910000E+02 2.134964E+00 1.028097E+01
9.919000E+02 2.134907E+00 1.028078E+01
9.928000E+02 2.134850E+00 1.027930E+01
9.937000E+02 2.134793E+00 1.027783E+01
9.946000E+02 2.134735E+00 1.027765E+01
9.955000E+02 2.134678E+00 1.027619E+01
9.964000E+02 2.134621E+00 1.027472E+01
9.973000E+02 2.134563E+00 1.027456E+01
9.982000E+02 2.134506E+00 1.027310E+01
9.991000E+02 2.134448E+00 1.027165E+01
