1.000000E+02 1.591141E+00 1.208970E+01
1.009000E+02 1.595448E+00 1.208393E+01
1.018000E+02 1.599707E+00 1.208217E+01
1.027000E+02 1.603917E+00 1.207686E+01
1.036000E+02 1.608080E+00 1.207179E+01
1.045000E+02 1.612196E+00 1.207064E+01
1.054000E+02 1.616267E+00 1.206599E+01
1.063000E+02 1.620293E+00 1.206156E+01
1.072000E+02 1.624274E+00 1.205733E+01
1.081000E+02 1.628213E+00 1.205331E+01
1.090000E+02 1.632108E+00 1.204949E+01
1.099000E+02 1.635961E+00 1.204587E+01
1.108000E+02 1.639772E+00 1.204243E+01
1.117000E+02 1.643543E+00 1.203918E+01
1.126000E+02 1.647273E+00 1.203257E+01
1.135000E+02 1.650964E+00 1.202969E+01
1.144000E+02 1.654616E+00 1.202699E+01
1.153000E+02 1.658229E+00 1.202095E+01
1.162000E+02 1.661805E+00 1.201860E+01
1.171000E+02 1.665343E+00 1.201294E+01
1.180000E+02 1.668845E+00 1.201092E+01
1.189000E+02 1.672310E+00 1.200561E+01
1.198000E+02 1.675740E+00 1.200391E+01
1.207000E+02 1.679134E+00 1.199895E+01
1.216000E+02 1.682494E+00 1.199416E+01
1.225000E+02 1.685820E+00 1.198954E+01
1.234000E+02 1.689113E+00 1.198844E+01
1.243000E+02 1.692372E+00 1.198413E+01
1.252000E+02 1.695599E+00 1.197998E+01
1.261000E+02 1.698793E+00 1.197599E+01
1.270000E+02 1.701956E+00 1.197215E+01
1.279000E+02 1.705088E+00 1.196845E+01
1.288000E+02 1.708188E+00 1.196491E+01
1.297000E+02 1.711259E+00 1.195823E+01
1.306000E+02 1.714299E+00 1.195498E+01
1.315000E+02 1.717310E+00 1.195187E+01
1.324000E+02 1.720291E+00 1.194889E+01
1.333000E+02 1.723244E+00 1.194283E+01
1.342000E+02 1.726169E+00 1.194012E+01
1.351000E+02 1.729065E+00 1.193754E+01
1.360000E+02 1.731934E+00 1.193191E+01
1.369000E+02 1.734776E+00 1.192959E+01
1.378000E+02 1.737591E+00 1.192423E+01
1.387000E+02 1.740379E+00 1.192216E+01
1.396000E+02 1.743141E+00 1.191707E+01
1.405000E+02 1.745877E+00 1.191212E+01
1.414000E+02 1.748588E+00 1.191041E+01
1.423000E+02 1.751274E+00 1.190571E+01
1.432000E+02 1.753935E+00 1.190114E+01
1.441000E+02 1.756571E+00 1.189669E+01
1.450000E+02 1.759183E+00 1.189544E+01
1.459000E+02 1.761771E+00 1.189123E+01
1.468000E+02 1.764336E+00 1.188714E+01
1.477000E+02 1.766877E+00 1.188316E+01
1.486000E+02 1.769395E+00 1.187931E+01
1.495000E+02 1.771891E+00 1.187557E+01
1.504000E+02 1.774364E+00 1.187194E+01
1.513000E+02 1.776815E+00 1.186842E+01
1.522000E+02 1.779244E+00 1.186501E+01
1.531000E+02 1.781652E+00 1.186170E+01
1.540000E+02 1.784038E+00 1.185554E+01
1.549000E+02 1.786403E+00 1.185245E+01
1.558000E+02 1.788748E+00 1.184946E+01
1.567000E+02 1.791072E+00 1.184658E+01
1.576000E+02 1.793375E+00 1.184086E+01
1.585000E+02 1.795659E+00 1.183818E+01
1.594000E+02 1.797922E+00 1.183559E+01
1.603000E+02 1.800166E+00 1.183020E+01
1.612000E+02 1.802391E+00 1.182781E+01
1.621000E+02 1.804596E+00 1.182262E+01
1.630000E+02 1.806783E+00 1.182042E+01
1.639000E+02 1.808951E+00 1.181543E+01
1.648000E+02 1.811100E+00 1.181341E+01
1.657000E+02 1.813231E+00 1.180863E+01
1.666000E+02 1.815344E+00 1.180394E+01
1.675000E+02 1.817439E+00 1.180219E+01
1.684000E+02 1.819517E+00 1.179769E+01
1.693000E+02 1.821577E+00 1.179329E+01
1.702000E+02 1.823620E+00 1.179179E+01
1.711000E+02 1.825646E+00 1.178757E+01
1.720000E+02 1.827655E+00 1.178345E+01
1.729000E+02 1.829647E+00 1.177941E+01
1.738000E+02 1.831623E+00 1.177546E+01
1.747000E+02 1.833583E+00 1.177160E+01
1.756000E+02 1.835526E+00 1.176783E+01
1.765000E+02 1.837454E+00 1.176414E+01
1.774000E+02 1.839365E+00 1.176328E+01
1.783000E+02 1.841262E+00 1.175976E+01
1.792000E+02 1.843142E+00 1.175359E+01
1.801000E+02 1.845008E+00 1.175023E+01
1.810000E+02 1.846858E+00 1.174696E+01
1.819000E+02 1.848694E+00 1.174376E+01
1.828000E+02 1.850515E+00 1.174064E+01
1.837000E+02 1.852321E+00 1.173760E+01
1.846000E+02 1.854113E+00 1.173463E+01
1.855000E+02 1.855890E+00 1.172907E+01
1.864000E+02 1.857653E+00 1.172626E+01
1.873000E+02 1.859403E+00 1.172352E+01
1.882000E+02 1.861138E+00 1.172085E+01
1.891000E+02 1.862860E+00 1.171561E+01
1.900000E+02 1.864568E+00 1.171309E+01
1.909000E+02 1.866263E+00 1.171064E+01
1.918000E+02 1.867945E+00 1.170563E+01
1.927000E+02 1.869613E+00 1.170332E+01
1.936000E+02 1.871269E+00 1.169846E+01
1.945000E+02 1.872911E+00 1.169629E+01
1.954000E+02 1.874541E+00 1.169159E+01
1.963000E+02 1.876158E+00 1.168955E+01
1.972000E+02 1.877763E+00 1.168499E+01
1.981000E+02 1.879356E+00 1.168308E+01
1.990000E+02 1.880936E+00 1.167866E+01
1.999000E+02 1.882504E+00 1.167432E+01
2.008000E+02 1.884060E+00 1.167261E+01
2.017000E+02 1.885605E+00 1.166840E+01
2.026000E+02 1.887137E+00 1.166426E+01
2.035000E+02 1.888658E+00 1.166273E+01
2.044000E+02 1.890168E+00 1.165873E+01
2.053000E+02 1.891666E+00 1.165479E+01
2.062000E+02 1.893152E+00 1.165092E+01
2.071000E+02 1.894628E+00 1.164711E+01
2.080000E+02 1.896093E+00 1.164588E+01
2.089000E+02 1.897546E+00 1.164220E+01
2.098000E+02 1.898989E+00 1.163859E+01
2.107000E+02 1.900421E+00 1.163503E+01
2.116000E+02 1.901842E+00 1.163154E+01
2.125000E+02 1.903253E+00 1.162811E+01
2.134000E+02 1.904654E+00 1.162474E+01
2.143000E+02 1.906044E+00 1.162144E+01
2.152000E+02 1.907424E+00 1.161819E+01
2.161000E+02 1.908793E+00 1.161500E+01
2.170000E+02 1.910153E+00 1.161187E+01
2.179000E+02 1.911503E+00 1.160880E+01
2.188000E+02 1.912843E+00 1.160578E+01
2.197000E+02 1.914173E+00 1.160282E+01
2.206000E+02 1.915493E+00 1.159992E+01
2.215000E+02 1.916804E+00 1.159464E+01
2.224000E+02 1.918106E+00 1.159185E+01
2.233000E+02 1.919398E+00 1.158911E+01
2.242000E+02 1.920680E+00 1.158643E+01
2.251000E+02 1.921954E+00 1.158381E+01
2.260000E+02 1.923218E+00 1.157882E+01
2.269000E+02 1.924473E+00 1.157630E+01
2.278000E+02 1.925720E+00 1.157384E+01
2.287000E+02 1.926957E+00 1.156903E+01
2.296000E+02 1.928185E+00 1.156667E+01
2.305000E+02 1.929405E+00 1.156435E+01
2.314000E+02 1.930617E+00 1.155971E+01
2.323000E+02 1.931819E+00 1.155750E+01
2.332000E+02 1.933013E+00 1.155534E+01
2.341000E+02 1.934199E+00 1.155086E+01
2.350000E+02 1.935376E+00 1.154880E+01
2.359000E+02 1.936545E+00 1.154443E+01
2.368000E+02 1.937706E+00 1.154246E+01
2.377000E+02 1.938859E+00 1.153820E+01
2.386000E+02 1.940004E+00 1.153633E+01
2.395000E+02 1.941140E+00 1.153217E+01
2.404000E+02 1.942269E+00 1.153039E+01
2.413000E+02 1.943390E+00 1.152633E+01
2.422000E+02 1.944503E+00 1.152232E+01
2.431000E+02 1.945609E+00 1.152068E+01
2.440000E+02 1.946707E+00 1.151677E+01
2.449000E+02 1.947797E+00 1.151522E+01
2.458000E+02 1.948880E+00 1.151141E+01
2.467000E+02 1.949955E+00 1.150764E+01
2.476000E+02 1.951023E+00 1.150393E+01
2.485000E+02 1.952084E+00 1.150255E+01
2.494000E+02 1.953137E+00 1.149893E+01
2.503000E+02 1.954183E+00 1.149536E+01
2.512000E+02 1.955222E+00 1.149183E+01
2.521000E+02 1.956254E+00 1.149063E+01
2.530000E+02 1.957279E+00 1.148719E+01
2.539000E+02 1.958297E+00 1.148380E+01
2.548000E+02 1.959308E+00 1.148045E+01
2.557000E+02 1.960312E+00 1.147715E+01
2.566000E+02 1.961310E+00 1.147390E+01
2.575000E+02 1.962300E+00 1.147294E+01
2.584000E+02 1.963285E+00 1.146977E+01
2.593000E+02 1.964262E+00 1.146664E+01
2.602000E+02 1.965233E+00 1.146356E+01
2.611000E+02 1.966197E+00 1.146051E+01
2.620000E+02 1.967155E+00 1.145752E+01
2.629000E+02 1.968107E+00 1.145456E+01
2.638000E+02 1.969052E+00 1.145164E+01
2.647000E+02 1.969991E+00 1.144877E+01
2.656000E+02 1.970924E+00 1.144594E+01
2.665000E+02 1.971850E+00 1.144314E+01
2.674000E+02 1.972771E+00 1.144039E+01
2.683000E+02 1.973685E+00 1.143768E+01
2.692000E+02 1.974593E+00 1.143281E+01
2.701000E+02 1.975495E+00 1.143018E+01
2.710000E+02 1.976392E+00 1.142759E+01
2.719000E+02 1.977282E+00 1.142503E+01
2.728000E+02 1.978167E+00 1.142252E+01
2.737000E+02 1.979045E+00 1.142004E+01
2.746000E+02 1.979918E+00 1.141542E+01
2.755000E+02 1.980786E+00 1.141302E+01
2.764000E+02 1.981647E+00 1.141066E+01
2.773000E+02 1.982503E+00 1.140834E+01
2.782000E+02 1.983354E+00 1.140605E+01
2.791000E+02 1.984199E+00 1.140163E+01
2.800000E+02 1.985038E+00 1.139942E+01
2.809000E+02 1.985872E+00 1.139724E+01
2.818000E+02 1.986701E+00 1.139295E+01
2.827000E+02 1.987524E+00 1.139084E+01
2.836000E+02 1.988342E+00 1.138877E+01
2.845000E+02 1.989154E+00 1.138459E+01
2.854000E+02 1.989962E+00 1.138259E+01
2.863000E+02 1.990764E+00 1.138062E+01
2.872000E+02 1.991561E+00 1.137656E+01
2.881000E+02 1.992353E+00 1.137466E+01
2.890000E+02 1.993140E+00 1.137067E+01
2.899000E+02 1.993922E+00 1.136884E+01
2.908000E+02 1.994698E+00 1.136493E+01
2.917000E+02 1.995470E+00 1.136316E+01
2.926000E+02 1.996237E+00 1.135932E+01
2.935000E+02 1.996999E+00 1.135763E+01
2.944000E+02 1.997756E+00 1.135386E+01
2.953000E+02 1.998509E+00 1.135223E+01
2.962000E+02 1.999256E+00 1.134853E+01
2.971000E+02 1.999999E+00 1.134696E+01
2.980000E+02 2.000737E+00 1.134333E+01
2.989000E+02 2.001471E+00 1.134183E+01
2.998000E+02 2.002199E+00 1.133827E+01
3.007000E+02 2.002924E+00 1.133474E+01
3.016000E+02 2.003643E+00 1.133333E+01
3.025000E+02 2.004358E+00 1.132988E+01
3.034000E+02 2.005069E+00 1.132852E+01
3.043000E+02 2.005775E+00 1.132513E+01
3.052000E+02 2.006477E+00 1.132178E+01
3.061000E+02 2.007174E+00 1.132051E+01
3.070000E+02 2.007867E+00 1.131722E+01
3.079000E+02 2.008556E+00 1.131396E+01
3.088000E+02 2.009240E+00 1.131074E+01
3.097000E+02 2.009920E+00 1.130960E+01
3.106000E+02 2.010596E+00 1.130643E+01
3.115000E+02 2.011267E+00 1.130330E+01
3.124000E+02 2.011935E+00 1.130021E+01
3.133000E+02 2.012598E+00 1.129918E+01
3.142000E+02 2.013257E+00 1.129614E+01
3.151000E+02 2.013912E+00 1.129313E+01
3.160000E+02 2.014563E+00 1.129016E+01
3.169000E+02 2.015210E+00 1.128721E+01
3.178000E+02 2.015853E+00 1.128430E+01
3.187000E+02 2.016492E+00 1.128344E+01
3.196000E+02 2.017127E+00 1.128058E+01
3.205000E+02 2.017758E+00 1.127776E+01
3.214000E+02 2.018385E+00 1.127496E+01
3.223000E+02 2.019009E+00 1.127220E+01
3.232000E+02 2.019628E+00 1.126946E+01
3.241000E+02 2.020244E+00 1.126675E+01
3.250000E+02 2.020856E+00 1.126408E+01
3.259000E+02 2.021464E+00 1.126143E+01
3.268000E+02 2.022068E+00 1.125881E+01
3.277000E+02 2.022669E+00 1.125621E+01
3.286000E+02 2.023266E+00 1.125365E+01
3.295000E+02 2.023860E+00 1.125111E+01
3.304000E+02 2.024449E+00 1.124861E+01
3.313000E+02 2.025035E+00 1.124612E+01
3.322000E+02 2.025618E+00 1.124367E+01
3.331000E+02 2.026197E+00 1.124125E+01
3.340000E+02 2.026773E+00 1.123885E+01
3.349000E+02 2.027345E+00 1.123647E+01
3.358000E+02 2.027913E+00 1.123413E+01
3.367000E+02 2.028478E+00 1.123181E+01
3.376000E+02 2.029040E+00 1.122952E+01
3.385000E+02 2.029598E+00 1.122725E+01
3.394000E+02 2.030153E+00 1.122305E+01
3.403000E+02 2.030704E+00 1.122084E+01
3.412000E+02 2.031252E+00 1.121865E+01
3.421000E+02 2.031797E+00 1.121649E+01
3.430000E+02 2.032339E+00 1.121435E+01
3.439000E+02 2.032877E+00 1.121224E+01
3.448000E+02 2.033412E+00 1.120821E+01
3.457000E+02 2.033944E+00 1.120615E+01
3.466000E+02 2.034472E+00 1.120412E+01
3.475000E+02 2.034998E+00 1.120210E+01
3.484000E+02 2.035520E+00 1.119818E+01
3.493000E+02 2.036039E+00 1.119622E+01
3.502000E+02 2.036555E+00 1.119429E+01
3.511000E+02 2.037068E+00 1.119238E+01
3.520000E+02 2.037578E+00 1.118856E+01
3.529000E+02 2.038084E+00 1.118670E+01
3.538000E+02 2.038588E+00 1.118486E+01
3.547000E+02 2.039089E+00 1.118112E+01
3.556000E+02 2.039586E+00 1.117933E+01
3.565000E+02 2.040081E+00 1.117756E+01
3.574000E+02 2.040573E+00 1.117391E+01
3.583000E+02 2.041061E+00 1.117218E+01
3.592000E+02 2.041547E+00 1.117048E+01
3.601000E+02 2.042030E+00 1.116690E+01
3.610000E+02 2.042510E+00 1.116525E+01
3.619000E+02 2.042987E+00 1.116362E+01
3.628000E+02 2.043462E+00 1.116011E+01
3.637000E+02 2.043933E+00 1.115853E+01
3.646000E+02 2.044402E+00 1.115507E+01
3.655000E+02 2.044868E+00 1.115353E+01
3.664000E+02 2.045331E+00 1.115012E+01
3.673000E+02 2.045791E+00 1.114863E+01
3.682000E+02 2.046249E+00 1.114527E+01
3.691000E+02 2.046704E+00 1.114382E+01
3.700000E+02 2.047156E+00 1.114051E+01
3.709000E+02 2.047606E+00 1.113910E+01
3.718000E+02 2.048053E+00 1.113583E+01
3.727000E+02 2.048497E+00 1.113447E+01
3.736000E+02 2.048938E+00 1.113125E+01
3.745000E+02 2.049377E+00 1.112993E+01
3.754000E+02 2.049814E+00 1.112675E+01
3.763000E+02 2.050247E+00 1.112547E+01
3.772000E+02 2.050679E+00 1.112235E+01
3.781000E+02 2.051107E+00 1.112111E+01
3.790000E+02 2.051533E+00 1.111803E+01
3.799000E+02 2.051957E+00 1.111497E+01
3.808000E+02 2.052378E+00 1.111379E+01
3.817000E+02 2.052797E+00 1.111078E+01
3.826000E+02 2.053213E+00 1.110964E+01
3.835000E+02 2.053627E+00 1.110667E+01
3.844000E+02 2.054038E+00 1.110372E+01
3.853000E+02 2.054447E+00 1.110264E+01
3.862000E+02 2.054853E+00 1.109974E+01
3.871000E+02 2.055257E+00 1.109686E+01
3.880000E+02 2.055659E+00 1.109584E+01
3.889000E+02 2.056058E+00 1.109300E+01
3.898000E+02 2.056455E+00 1.109018E+01
3.907000E+02 2.056849E+00 1.108922E+01
3.916000E+02 2.057242E+00 1.108644E+01
3.925000E+02 2.057632E+00 1.108369E+01
3.934000E+02 2.058019E+00 1.108096E+01
3.943000E+02 2.058405E+00 1.108007E+01
3.952000E+02 2.058788E+00 1.107738E+01
3.961000E+02 2.059168E+00 1.107471E+01
3.970000E+02 2.059547E+00 1.107206E+01
3.979000E+02 2.059923E+00 1.107124E+01
3.988000E+02 2.060298E+00 1.106863E+01
3.997000E+02 2.060669E+00 1.106604E+01
4.006000E+02 2.061039E+00 1.106347E+01
4.015000E+02 2.061407E+00 1.106092E+01
4.024000E+02 2.061772E+00 1.106020E+01
4.033000E+02 2.062136E+00 1.105769E+01
4.042000E+02 2.062497E+00 1.105520E+01
4.051000E+02 2.062856E+00 1.105273E+01
4.060000E+02 2.063213E+00 1.105028E+01
4.069000E+02 2.063567E+00 1.104785E+01
4.078000E+02 2.063920E+00 1.104544E+01
4.087000E+02 2.064271E+00 1.104484E+01
4.096000E+02 2.064619E+00 1.104246E+01
4.105000E+02 2.064966E+00 1.104011E+01
4.114000E+02 2.065311E+00 1.103777E+01
4.123000E+02 2.065653E+00 1.103545E+01
4.132000E+02 2.065994E+00 1.103315E+01
4.141000E+02 2.066332E+00 1.103087E+01
4.150000E+02 2.066669E+00 1.102861E+01
4.159000E+02 2.067003E+00 1.102637E+01
4.168000E+02 2.067336E+00 1.102415E+01
4.177000E+02 2.067666E+00 1.102194E+01
4.186000E+02 2.067995E+00 1.101975E+01
4.195000E+02 2.068322E+00 1.101758E+01
4.204000E+02 2.068646E+00 1.101543E+01
4.213000E+02 2.068969E+00 1.101330E+01
4.222000E+02 2.069290E+00 1.101118E+01
4.231000E+02 2.069610E+00 1.100909E+01
4.240000E+02 2.069927E+00 1.100701E+01
4.249000E+02 2.070242E+00 1.100494E+01
4.258000E+02 2.070556E+00 1.100290E+01
4.267000E+02 2.070868E+00 1.100087E+01
4.276000E+02 2.071177E+00 1.099886E+01
4.285000E+02 2.071485E+00 1.099687E+01
4.294000E+02 2.071792E+00 1.099489E+01
4.303000E+02 2.072096E+00 1.099293E+01
4.312000E+02 2.072399E+00 1.099099E+01
4.321000E+02 2.072700E+00 1.098907E+01
4.330000E+02 2.072999E+00 1.098716E+01
4.339000E+02 2.073296E+00 1.098352E+01
4.348000E+02 2.073592E+00 1.098165E+01
4.357000E+02 2.073886E+00 1.097979E+01
4.366000E+02 2.074178E+00 1.097795E+01
4.375000E+02 2.074468E+00 1.097613E+01
4.384000E+02 2.074757E+00 1.097432E+01
4.393000E+02 2.075044E+00 1.097253E+01
4.402000E+02 2.075330E+00 1.096902E+01
4.411000E+02 2.075613E+00 1.096726E+01
4.420000E+02 2.075895E+00 1.096552E+01
4.429000E+02 2.076176E+00 1.096379E+01
4.438000E+02 2.076454E+00 1.096208E+01
4.447000E+02 2.076731E+00 1.095866E+01
4.456000E+02 2.077007E+00 1.095698E+01
4.465000E+02 2.077280E+00 1.095532E+01
4.474000E+02 2.077553E+00 1.095367E+01
4.483000E+02 2.077823E+00 1.095204E+01
4.492000E+02 2.078092E+00 1.094871E+01
4.501000E+02 2.078360E+00 1.094711E+01
4.510000E+02 2.078625E+00 1.094552E+01
4.519000E+02 2.078890E+00 1.094396E+01
4.528000E+02 2.079152E+00 1.094069E+01
4.537000E+02 2.079413E+00 1.093915E+01
4.546000E+02 2.079673E+00 1.093763E+01
4.555000E+02 2.079931E+00 1.093441E+01
4.564000E+02 2.080187E+00 1.093292E+01
4.573000E+02 2.080442E+00 1.093144E+01
4.582000E+02 2.080696E+00 1.092998E+01
4.591000E+02 2.080948E+00 1.092683E+01
4.600000E+02 2.081198E+00 1.092540E+01
4.609000E+02 2.081447E+00 1.092398E+01
4.618000E+02 2.081695E+00 1.092088E+01
4.627000E+02 2.081941E+00 1.091949E+01
4.636000E+02 2.082186E+00 1.091642E+01
4.645000E+02 2.082429E+00 1.091506E+01
4.654000E+02 2.082670E+00 1.091371E+01
4.663000E+02 2.082911E+00 1.091069E+01
4.672000E+02 2.083150E+00 1.090938E+01
4.681000E+02 2.083387E+00 1.090807E+01
4.690000E+02 2.083623E+00 1.090510E+01
4.699000E+02 2.083858E+00 1.090382E+01
4.708000E+02 2.084091E+00 1.090088E+01
4.717000E+02 2.084323E+00 1.089964E+01
4.726000E+02 2.084553E+00 1.089840E+01
4.735000E+02 2.084782E+00 1.089551E+01
4.744000E+02 2.085010E+00 1.089430E+01
4.753000E+02 2.085236E+00 1.089144E+01
4.762000E+02 2.085461E+00 1.089026E+01
4.771000E+02 2.085685E+00 1.088742E+01
4.780000E+02 2.085907E+00 1.088628E+01
4.789000E+02 2.086128E+00 1.088347E+01
4.798000E+02 2.086347E+00 1.088235E+01
4.807000E+02 2.086566E+00 1.087957E+01
4.816000E+02 2.086783E+00 1.087848E+01
4.825000E+02 2.086998E+00 1.087573E+01
4.834000E+02 2.087213E+00 1.087466E+01
4.843000E+02 2.087426E+00 1.087194E+01
4.852000E+02 2.087638E+00 1.087090E+01
4.861000E+02 2.087848E+00 1.086821E+01
4.870000E+02 2.088058E+00 1.086720E+01
4.879000E+02 2.088266E+00 1.086454E+01
4.888000E+02 2.088472E+00 1.086355E+01
4.897000E+02 2.088678E+00 1.086092E+01
4.906000E+02 2.088882E+00 1.085995E+01
4.915000E+02 2.089085E+00 1.085735E+01
4.924000E+02 2.089287E+00 1.085476E+01
4.933000E+02 2.089487E+00 1.085384E+01
4.942000E+02 2.089687E+00 1.085128E+01
4.951000E+02 2.089885E+00 1.085038E+01
4.960000E+02 2.090082E+00 1.084784E+01
4.969000E+02 2.090278E+00 1.084532E+01
4.978000E+02 2.090472E+00 1.084446E+01
4.987000E+02 2.090665E+00 1.084197E+01
4.996000E+02 2.090858E+00 1.084113E+01
5.005000E+02 2.091049E+00 1.083867E+01
5.014000E+02 2.091238E+00 1.083622E+01
5.023000E+02 2.091427E+00 1.083542E+01
5.032000E+02 2.091615E+00 1.083299E+01
5.041000E+02 2.091801E+00 1.083058E+01
5.050000E+02 2.091986E+00 1.082982E+01
5.059000E+02 2.092170E+00 1.082743E+01
5.068000E+02 2.092353E+00 1.082506E+01
5.077000E+02 2.092535E+00 1.082434E+01
5.086000E+02 2.092716E+00 1.082199E+01
5.095000E+02 2.092895E+00 1.081966E+01
5.104000E+02 2.093074E+00 1.081897E+01
5.113000E+02 2.093251E+00 1.081666E+01
5.122000E+02 2.093428E+00 1.081437E+01
5.131000E+02 2.093603E+00 1.081209E+01
5.140000E+02 2.093777E+00 1.081145E+01
5.149000E+02 2.093950E+00 1.080919E+01
5.158000E+02 2.094122E+00 1.080695E+01
5.167000E+02 2.094293E+00 1.080472E+01
5.176000E+02 2.094463E+00 1.080412E+01
5.185000E+02 2.094631E+00 1.080192E+01
5.194000E+02 2.094799E+00 1.079973E+01
5.203000E+02 2.094966E+00 1.079756E+01
5.212000E+02 2.095131E+00 1.079700E+01
5.221000E+02 2.095296E+00 1.079485E+01
5.230000E+02 2.095459E+00 1.079271E+01
5.239000E+02 2.095622E+00 1.079058E+01
5.248000E+02 2.095783E+00 1.079007E+01
5.257000E+02 2.095944E+00 1.078797E+01
5.266000E+02 2.096103E+00 1.078587E+01
5.275000E+02 2.096262E+00 1.078380E+01
5.284000E+02 2.096419E+00 1.078173E+01
5.293000E+02 2.096576E+00 1.077967E+01
5.302000E+02 2.096731E+00 1.077923E+01
5.311000E+02 2.096886E+00 1.077720E+01
5.320000E+02 2.097039E+00 1.077518E+01
5.329000E+02 2.097192E+00 1.077317E+01
5.338000E+02 2.097343E+00 1.077118E+01
5.347000E+02 2.097494E+00 1.076920E+01
5.356000E+02 2.097644E+00 1.076882E+01
5.365000E+02 2.097792E+00 1.076686E+01
5.374000E+02 2.097940E+00 1.076491E+01
5.383000E+02 2.098087E+00 1.076297E+01
5.392000E+02 2.098233E+00 1.076105E+01
5.401000E+02 2.098377E+00 1.075913E+01
5.410000E+02 2.098521E+00 1.075723E+01
5.419000E+02 2.098664E+00 1.075534E+01
5.428000E+02 2.098807E+00 1.075346E+01
5.437000E+02 2.098948E+00 1.075159E+01
5.446000E+02 2.099088E+00 1.075132E+01
5.455000E+02 2.099227E+00 1.074947E+01
5.464000E+02 2.099366E+00 1.074764E+01
5.473000E+02 2.099503E+00 1.074582E+01
5.482000E+02 2.099640E+00 1.074401E+01
5.491000E+02 2.099776E+00 1.074220E+01
5.500000E+02 2.099911E+00 1.074042E+01
5.509000E+02 2.100045E+00 1.073864E+01
5.518000E+02 2.100178E+00 1.073687E+01
5.527000E+02 2.100310E+00 1.073511E+01
5.536000E+02 2.100441E+00 1.073337E+01
5.545000E+02 2.100572E+00 1.073164E+01
5.554000E+02 2.100701E+00 1.072991E+01
5.563000E+02 2.100830E+00 1.072820E+01
5.572000E+02 2.100958E+00 1.072650E+01
5.581000E+02 2.101085E+00 1.072481E+01
5.590000E+02 2.101211E+00 1.072313E+01
5.599000E+02 2.101337E+00 1.072146E+01
5.608000E+02 2.101461E+00 1.071980E+01
5.617000E+02 2.101585E+00 1.071815E+01
5.626000E+02 2.101708E+00 1.071651E+01
5.635000E+02 2.101830E+00 1.071489E+01
5.644000E+02 2.101951E+00 1.071327E+01
5.653000E+02 2.102071E+00 1.071166E+01
5.662000E+02 2.102191E+00 1.071007E+01
5.671000E+02 2.102310E+00 1.070848E+01
5.680000E+02 2.102428E+00 1.070691E+01
5.689000E+02 2.102545E+00 1.070534E+01
5.698000E+02 2.102661E+00 1.070379E+01
5.707000E+02 2.102777E+00 1.070070E+01
5.716000E+02 2.102892E+00 1.069916E+01
5.725000E+02 2.103006E+00 1.069764E+01
5.734000E+02 2.103119E+00 1.069613E+01
5.743000E+02 2.103231E+00 1.069462E+01
5.752000E+02 2.103343E+00 1.069313E+01
5.761000E+02 2.103454E+00 1.069165E+01
5.770000E+02 2.103564E+00 1.069017E+01
5.779000E+02 2.103673E+00 1.068871E+01
5.788000E+02 2.103782E+00 1.068571E+01
5.797000E+02 2.103890E+00 1.068427E+01
5.806000E+02 2.103997E+00 1.068284E+01
5.815000E+02 2.104103E+00 1.068142E+01
5.824000E+02 2.104209E+00 1.068000E+01
5.833000E+02 2.104313E+00 1.067860E+01
5.842000E+02 2.104417E+00 1.067720E+01
5.851000E+02 2.104521E+00 1.067428E+01
5.860000E+02 2.104623E+00 1.067291E+01
5.869000E+02 2.104725E+00 1.067154E+01
5.878000E+02 2.104826E+00 1.067019E+01
5.887000E+02 2.104927E+00 1.066884E+01
5.896000E+02 2.105027E+00 1.066751E+01
5.905000E+02 2.105126E+00 1.066465E+01
5.914000E+02 2.105224E+00 1.066333E+01
5.923000E+02 2.105321E+00 1.066203E+01
5.932000E+02 2.105418E+00 1.066073E+01
5.941000E+02 2.105514E+00 1.065944E+01
5.950000E+02 2.105610E+00 1.065664E+01
5.959000E+02 2.105705E+00 1.065537E+01
5.968000E+02 2.105799E+00 1.065410E+01
5.977000E+02 2.105892E+00 1.065285E+01
5.986000E+02 2.105985E+00 1.065009E+01
5.995000E+02 2.106077E+00 1.064886E+01
6.004000E+02 2.106168E+00 1.064763E+01
6.013000E+02 2.106259E+00 1.064642E+01
6.022000E+02 2.106349E+00 1.064521E+01
6.031000E+02 2.106438E+00 1.064250E+01
6.040000E+02 2.106527E+00 1.064131E+01
6.049000E+02 2.106615E+00 1.064013E+01
6.058000E+02 2.106702E+00 1.063745E+01
6.067000E+02 2.106789E+00 1.063629E+01
6.076000E+02 2.106875E+00 1.063514E+01
6.085000E+02 2.106960E+00 1.063400E+01
6.094000E+02 2.107045E+00 1.063135E+01
6.103000E+02 2.107129E+00 1.063023E+01
6.112000E+02 2.107212E+00 1.062911E+01
6.121000E+02 2.107295E+00 1.062650E+01
6.130000E+02 2.107377E+00 1.062540E+01
6.139000E+02 2.107459E+00 1.062431E+01
6.148000E+02 2.107539E+00 1.062173E+01
6.157000E+02 2.107620E+00 1.062065E+01
6.166000E+02 2.107699E+00 1.061959E+01
6.175000E+02 2.107778E+00 1.061704E+01
6.184000E+02 2.107857E+00 1.061599E+01
6.193000E+02 2.107934E+00 1.061495E+01
6.202000E+02 2.108011E+00 1.061242E+01
6.211000E+02 2.108088E+00 1.061140E+01
6.220000E+02 2.108164E+00 1.061039E+01
6.229000E+02 2.108239E+00 1.060789E+01
6.238000E+02 2.108314E+00 1.060690E+01
6.247000E+02 2.108388E+00 1.060591E+01
6.256000E+02 2.108461E+00 1.060344E+01
6.265000E+02 2.108534E+00 1.060247E+01
6.274000E+02 2.108607E+00 1.060151E+01
6.283000E+02 2.108678E+00 1.059906E+01
6.292000E+02 2.108749E+00 1.059812E+01
6.301000E+02 2.108820E+00 1.059569E+01
6.310000E+02 2.108890E+00 1.059476E+01
6.319000E+02 2.108959E+00 1.059384E+01
6.328000E+02 2.109028E+00 1.059145E+01
6.337000E+02 2.109096E+00 1.059054E+01
6.346000E+02 2.109164E+00 1.058816E+01
6.355000E+02 2.109231E+00 1.058727E+01
6.364000E+02 2.109297E+00 1.058491E+01
6.373000E+02 2.109363E+00 1.058404E+01
6.382000E+02 2.109429E+00 1.058318E+01
6.391000E+02 2.109494E+00 1.058084E+01
6.400000E+02 2.109558E+00 1.057999E+01
6.409000E+02 2.109622E+00 1.057767E+01
6.418000E+02 2.109685E+00 1.057684E+01
6.427000E+02 2.109747E+00 1.057454E+01
6.436000E+02 2.109809E+00 1.057373E+01
6.445000E+02 2.109871E+00 1.057144E+01
6.454000E+02 2.109932E+00 1.057064E+01
6.463000E+02 2.109992E+00 1.056838E+01
6.472000E+02 2.110052E+00 1.056759E+01
6.481000E+02 2.110112E+00 1.056682E+01
6.490000E+02 2.110170E+00 1.056458E+01
6.499000E+02 2.110229E+00 1.056382E+01
6.508000E+02 2.110286E+00 1.056159E+01
6.517000E+02 2.110344E+00 1.056085E+01
6.526000E+02 2.110400E+00 1.055864E+01
6.535000E+02 2.110457E+00 1.055791E+01
6.544000E+02 2.110512E+00 1.055572E+01
6.553000E+02 2.110567E+00 1.055501E+01
6.562000E+02 2.110622E+00 1.055283E+01
6.571000E+02 2.110676E+00 1.055067E+01
6.580000E+02 2.110730E+00 1.054998E+01
6.589000E+02 2.110783E+00 1.054783E+01
6.598000E+02 2.110836E+00 1.054715E+01
6.607000E+02 2.110888E+00 1.054502E+01
6.616000E+02 2.110939E+00 1.054436E+01
6.625000E+02 2.110990E+00 1.054225E+01
6.634000E+02 2.111041E+00 1.054160E+01
6.643000E+02 2.111091E+00 1.053950E+01
6.652000E+02 2.111141E+00 1.053887E+01
6.661000E+02 2.111190E+00 1.053678E+01
6.670000E+02 2.111239E+00 1.053471E+01
6.679000E+02 2.111287E+00 1.053410E+01
6.688000E+02 2.111334E+00 1.053204E+01
6.697000E+02 2.111382E+00 1.053145E+01
6.706000E+02 2.111428E+00 1.052940E+01
6.715000E+02 2.111475E+00 1.052737E+01
6.724000E+02 2.111520E+00 1.052680E+01
6.733000E+02 2.111566E+00 1.052478E+01
6.742000E+02 2.111611E+00 1.052422E+01
6.751000E+02 2.111655E+00 1.052222E+01
6.760000E+02 2.111699E+00 1.052022E+01
6.769000E+02 2.111742E+00 1.051968E+01
6.778000E+02 2.111785E+00 1.051770E+01
6.787000E+02 2.111828E+00 1.051718E+01
6.796000E+02 2.111870E+00 1.051522E+01
6.805000E+02 2.111911E+00 1.051326E+01
6.814000E+02 2.111952E+00 1.051276E+01
6.823000E+02 2.111993E+00 1.051082E+01
6.832000E+02 2.112033E+00 1.050889E+01
6.841000E+02 2.112073E+00 1.050840E+01
6.850000E+02 2.112112E+00 1.050648E+01
6.859000E+02 2.112151E+00 1.050458E+01
6.868000E+02 2.112190E+00 1.050411E+01
6.877000E+02 2.112228E+00 1.050222E+01
6.886000E+02 2.112265E+00 1.050033E+01
6.895000E+02 2.112302E+00 1.049989E+01
6.904000E+02 2.112339E+00 1.049802E+01
6.913000E+02 2.112375E+00 1.049616E+01
6.922000E+02 2.112411E+00 1.049573E+01
6.931000E+02 2.112446E+00 1.049389E+01
6.940000E+02 2.112481E+00 1.049204E+01
6.949000E+02 2.112516E+00 1.049164E+01
6.958000E+02 2.112550E+00 1.048981E+01
6.967000E+02 2.112584E+00 1.048800E+01
6.976000E+02 2.112617E+00 1.048761E+01
6.985000E+02 2.112650E+00 1.048581E+01
6.994000E+02 2.112682E+00 1.048401E+01
7.003000E+02 2.112714E+00 1.048222E+01
7.012000E+02 2.112746E+00 1.048187E+01
7.021000E+02 2.112777E+00 1.048009E+01
7.030000E+02 2.112808E+00 1.047832E+01
7.039000E+02 2.112838E+00 1.047799E+01
7.048000E+02 2.112868E+00 1.047623E+01
7.057000E+02 2.112898E+00 1.047449E+01
7.066000E+02 2.112927E+00 1.047275E+01
7.075000E+02 2.112956E+00 1.047244E+01
7.084000E+02 2.112984E+00 1.047071E+01
7.093000E+02 2.113012E+00 1.046899E+01
7.102000E+02 2.113039E+00 1.046728E+01
7.111000E+02 2.113067E+00 1.046700E+01
7.120000E+02 2.113093E+00 1.046530E+01
7.129000E+02 2.113120E+00 1.046361E+01
7.138000E+02 2.113146E+00 1.046193E+01
7.147000E+02 2.113171E+00 1.046025E+01
7.156000E+02 2.113196E+00 1.046000E+01
7.165000E+02 2.113221E+00 1.045833E+01
7.174000E+02 2.113246E+00 1.045668E+01
7.183000E+02 2.113270E+00 1.045503E+01
7.192000E+02 2.113293E+00 1.045480E+01
7.201000E+02 2.113317E+00 1.045317E+01
7.210000E+02 2.113340E+00 1.045154E+01
7.219000E+02 2.113362E+00 1.044992E+01
7.228000E+02 2.113384E+00 1.044830E+01
7.237000E+02 2.113406E+00 1.044811E+01
7.246000E+02 2.113428E+00 1.044650E+01
7.255000E+02 2.113449E+00 1.044491E+01
7.264000E+02 2.113469E+00 1.044332E+01
7.273000E+02 2.113490E+00 1.044174E+01
7.282000E+02 2.113510E+00 1.044017E+01
7.291000E+02 2.113529E+00 1.044001E+01
7.300000E+02 2.113548E+00 1.043845E+01
7.309000E+02 2.113567E+00 1.043689E+01
7.318000E+02 2.113586E+00 1.043535E+01
7.327000E+02 2.113604E+00 1.043381E+01
7.336000E+02 2.113622E+00 1.043227E+01
7.345000E+02 2.113639E+00 1.043075E+01
7.354000E+02 2.113656E+00 1.043063E+01
7.363000E+02 2.113673E+00 1.042911E+01
7.372000E+02 2.113689E+00 1.042760E+01
7.381000E+02 2.113705E+00 1.042610E+01
7.390000E+02 2.113721E+00 1.042461E+01
7.399000E+02 2.113736E+00 1.042312E+01
7.408000E+02 2.113751E+00 1.042164E+01
7.417000E+02 2.113766E+00 1.042156E+01
7.426000E+02 2.113780E+00 1.042009E+01
7.435000E+02 2.113794E+00 1.041863E+01
7.444000E+02 2.113808E+00 1.041717E+01
7.453000E+02 2.113821E+00 1.041572E+01
7.462000E+02 2.113834E+00 1.041428E+01
7.471000E+02 2.113847E+00 1.041284E+01
7.480000E+02 2.113859E+00 1.041141E+01
7.489000E+02 2.113871E+00 1.040999E+01
7.498000E+02 2.113883E+00 1.040857E+01
7.507000E+02 2.113894E+00 1.040716E+01
7.516000E+02 2.113905E+00 1.040714E+01
7.525000E+02 2.113916E+00 1.040574E+01
7.534000E+02 2.113926E+00 1.040435E+01
7.543000E+02 2.113936E+00 1.040296E+01
7.552000E+02 2.113946E+00 1.040158E+01
7.561000E+02 2.113955E+00 1.040021E+01
7.570000E+02 2.113964E+00 1.039884E+01
7.579000E+02 2.113973E+00 1.039748E+01
7.588000E+02 2.113981E+00 1.039612E+01
7.597000E+02 2.113989E+00 1.039477E+01
7.606000E+02 2.113997E+00 1.039343E+01
7.615000E+02 2.114004E+00 1.039209E+01
7.624000E+02 2.114012E+00 1.039076E+01
7.633000E+02 2.114018E+00 1.038943E+01
7.642000E+02 2.114025E+00 1.038811E+01
7.651000E+02 2.114031E+00 1.038680E+01
7.660000E+02 2.114037E+00 1.038549E+01
7.669000E+02 2.114043E+00 1.038419E+01
7.678000E+02 2.114048E+00 1.038290E+01
7.687000E+02 2.114053E+00 1.038161E+01
7.696000E+02 2.114058E+00 1.038032E+01
7.705000E+02 2.114062E+00 1.037905E+01
7.714000E+02 2.114066E+00 1.037777E+01
7.723000E+02 2.114070E+00 1.037651E+01
7.732000E+02 2.114073E+00 1.037525E+01
7.741000E+02 2.114077E+00 1.037399E+01
7.750000E+02 2.114080E+00 1.037275E+01
7.759000E+02 2.114082E+00 1.037150E+01
7.768000E+02 2.114085E+00 1.037027E+01
7.777000E+02 2.114087E+00 1.036904E+01
7.786000E+02 2.114088E+00 1.036781E+01
7.795000E+02 2.114090E+00 1.036659E+01
7.804000E+02 2.114091E+00 1.036538E+01
7.813000E+02 2.114092E+00 1.036417E+01
7.822000E+02 2.114092E+00 1.036297E+01
7.831000E+02 2.114093E+00 1.036178E+01
7.840000E+02 2.114093E+00 1.036059E+01
7.849000E+02 2.114093E+00 1.035940E+01
7.858000E+02 2.114092E+00 1.035822E+01
7.867000E+02 2.114091E+00 1.035705E+01
7.876000E+02 2.114090E+00 1.035588E+01
7.885000E+02 2.114089E+00 1.035472E+01
7.894000E+02 2.114087E+00 1.035356E+01
7.903000E+02 2.114085E+00 1.035241E+01
7.912000E+02 2.114083E+00 1.035127E+01
7.921000E+02 2.114081E+00 1.035013E+01
7.930000E+02 2.114078E+00 1.034899E+01
7.939000E+02 2.114075E+00 1.034650E+01
7.948000E+02 2.114072E+00 1.034538E+01
7.957000E+02 2.114068E+00 1.034426E+01
7.966000E+02 2.114064E+00 1.034315E+01
7.975000E+02 2.114060E+00 1.034204E+01
7.984000E+02 2.114056E+00 1.034094E+01
7.993000E+02 2.114051E+00 1.033985E+01
8.002000E+02 2.114046E+00 1.033876E+01
8.011000E+02 2.114041E+00 1.033767E+01
8.020000E+02 2.114036E+00 1.033660E+01
8.029000E+02 2.114030E+00 1.033552E+01
8.038000E+02 2.114024E+00 1.033310E+01
8.047000E+02 2.114018E+00 1.033204E+01
8.056000E+02 2.114012E+00 1.033098E+01
8.065000E+02 2.114005E+00 1.032993E+01
8.074000E+02 2.113998E+00 1.032888E+01
8.083000E+02 2.113991E+00 1.032784E+01
8.092000E+02 2.113983E+00 1.032680E+01
8.101000E+02 2.113976E+00 1.032577E+01
8.110000E+02 2.113968E+00 1.032340E+01
8.119000E+02 2.113960E+00 1.032238E+01
8.128000E+02 2.113951E+00 1.032136E+01
8.137000E+02 2.113942E+00 1.032035E+01
8.146000E+02 2.113933E+00 1.031935E+01
8.155000E+02 2.113924E+00 1.031835E+01
8.164000E+02 2.113915E+00 1.031736E+01
8.173000E+02 2.113905E+00 1.031502E+01
8.182000E+02 2.113895E+00 1.031404E+01
8.191000E+02 2.113885E+00 1.031306E+01
8.200000E+02 2.113875E+00 1.031209E+01
8.209000E+02 2.113864E+00 1.031112E+01
8.218000E+02 2.113853E+00 1.031016E+01
8.227000E+02 2.113842E+00 1.030786E+01
8.236000E+02 2.113831E+00 1.030691E+01
8.245000E+02 2.113819E+00 1.030596E+01
8.254000E+02 2.113807E+00 1.030502E+01
8.263000E+02 2.113795E+00 1.030408E+01
8.272000E+02 2.113783E+00 1.030315E+01
8.281000E+02 2.113770E+00 1.030088E+01
8.290000E+02 2.113758E+00 1.029996E+01
8.299000E+02 2.113745E+00 1.029904E+01
8.308000E+02 2.113731E+00 1.029813E+01
8.317000E+02 2.113718E+00 1.029723E+01
8.326000E+02 2.113704E+00 1.029499E+01
8.335000E+02 2.113690E+00 1.029409E+01
8.344000E+02 2.113676E+00 1.029320E+01
8.353000E+02 2.113662E+00 1.029231E+01
8.362000E+02 2.113647E+00 1.029143E+01
8.371000E+02 2.113633E+00 1.028922E+01
8.380000E+02 2.113618E+00 1.028835E+01
8.389000E+02 2.113602E+00 1.028748E+01
8.398000E+02 2.113587E+00 1.028662E+01
8.407000E+02 2.113571E+00 1.028443E+01
8.416000E+02 2.113555E+00 1.028358E+01
8.425000E+02 2.113539E+00 1.028273E+01
8.434000E+02 2.113523E+00 1.028189E+01
8.443000E+02 2.113506E+00 1.027972E+01
8.452000E+02 2.113490E+00 1.027889E+01
8.461000E+02 2.113473E+00 1.027806E+01
8.470000E+02 2.113455E+00 1.027724E+01
8.479000E+02 2.113438E+00 1.027509E+01
8.488000E+02 2.113420E+00 1.027428E+01
8.497000E+02 2.113403E+00 1.027347E+01
8.506000E+02 2.113384E+00 1.027267E+01
8.515000E+02 2.113366E+00 1.027054E+01
8.524000E+02 2.113348E+00 1.026975E+01
8.533000E+02 2.113329E+00 1.026896E+01
8.542000E+02 2.113310E+00 1.026818E+01
8.551000E+02 2.113291E+00 1.026607E+01
8.560000E+02 2.113272E+00 1.026530E+01
8.569000E+02 2.113252E+00 1.026453E+01
8.578000E+02 2.113233E+00 1.026244E+01
8.587000E+02 2.113213E+00 1.026168E+01
8.596000E+02 2.113193E+00 1.026092E+01
8.605000E+02 2.113172E+00 1.026017E+01
8.614000E+02 2.113152E+00 1.025810E+01
8.623000E+02 2.113131E+00 1.025736E+01
8.632000E+02 2.113110E+00 1.025663E+01
8.641000E+02 2.113089E+00 1.025457E+01
8.650000E+02 2.113068E+00 1.025385E+01
8.659000E+02 2.113046E+00 1.025312E+01
8.668000E+02 2.113025E+00 1.025108E+01
8.677000E+02 2.113003E+00 1.025037E+01
8.686000E+02 2.112981E+00 1.024966E+01
8.695000E+02 2.112958E+00 1.024896E+01
8.704000E+02 2.112936E+00 1.024694E+01
8.713000E+02 2.112913E+00 1.024624E+01
8.722000E+02 2.112890E+00 1.024555E+01
8.731000E+02 2.112867E+00 1.024355E+01
8.740000E+02 2.112844E+00 1.024287E+01
8.749000E+02 2.112821E+00 1.024219E+01
8.758000E+02 2.112797E+00 1.024020E+01
8.767000E+02 2.112773E+00 1.023954E+01
8.776000E+02 2.112749E+00 1.023887E+01
8.785000E+02 2.112725E+00 1.023690E+01
8.794000E+02 2.112701E+00 1.023624E+01
8.803000E+02 2.112676E+00 1.023428E+01
8.812000E+02 2.112651E+00 1.023364E+01
8.821000E+02 2.112626E+00 1.023299E+01
8.830000E+02 2.112601E+00 1.023105E+01
8.839000E+02 2.112576E+00 1.023041E+01
8.848000E+02 2.112551E+00 1.022978E+01
8.857000E+02 2.112525E+00 1.022785E+01
8.866000E+02 2.112499E+00 1.022723E+01
8.875000E+02 2.112473E+00 1.022662E+01
8.884000E+02 2.112447E+00 1.022470E+01
8.893000E+02 2.112421E+00 1.022409E+01
8.902000E+02 2.112394E+00 1.022218E+01
8.911000E+02 2.112367E+00 1.022158E+01
8.920000E+02 2.112340E+00 1.022099E+01
8.929000E+02 2.112313E+00 1.021910E+01
8.938000E+02 2.112286E+00 1.021851E+01
8.947000E+02 2.112259E+00 1.021663E+01
8.956000E+02 2.112231E+00 1.021605E+01
8.965000E+02 2.112203E+00 1.021548E+01
8.974000E+02 2.112175E+00 1.021361E+01
8.983000E+02 2.112147E+00 1.021304E+01
8.992000E+02 2.112119E+00 1.021118E+01
9.001000E+02 2.112091E+00 1.021063E+01
9.010000E+02 2.112062E+00 1.021008E+01
9.019000E+02 2.112033E+00 1.020823E+01
9.028000E+02 2.112004E+00 1.020769E+01
9.037000E+02 2.111975E+00 1.020585E+01
9.046000E+02 2.111946E+00 1.020532E+01
9.055000E+02 2.111916E+00 1.020479E+01
9.064000E+02 2.111887E+00 1.020296E+01
9.073000E+02 2.111857E+00 1.020244E+01
9.082000E+02 2.111827E+00 1.020063E+01
9.091000E+02 2.111797E+00 1.020011E+01
9.100000E+02 2.111767E+00 1.019831E+01
9.109000E+02 2.111736E+00 1.019780E+01
9.118000E+02 2.111706E+00 1.019601E+01
9.127000E+02 2.111675E+00 1.019551E+01
9.136000E+02 2.111644E+00 1.019502E+01
9.145000E+02 2.111613E+00 1.019324E+01
9.154000E+02 2.111582E+00 1.019275E+01
9.163000E+02 2.111550E+00 1.019098E+01
9.172000E+02 2.111519E+00 1.019050E+01
9.181000E+02 2.111487E+00 1.018874E+01
9.190000E+02 2.111455E+00 1.018827E+01
9.199000E+02 2.111423E+00 1.018652E+01
9.208000E+02 2.111391E+00 1.018606E+01
9.217000E+02 2.111358E+00 1.018431E+01
9.226000E+02 2.111326E+00 1.018386E+01
9.235000E+02 2.111293E+00 1.018212E+01
9.244000E+02 2.111261E+00 1.018168E+01
9.253000E+02 2.111228E+00 1.018124E+01
9.262000E+02 2.111194E+00 1.017951E+01
9.271000E+02 2.111161E+00 1.017908E+01
9.280000E+02 2.111128E+00 1.017737E+01
9.289000E+02 2.111094E+00 1.017694E+01
9.298000E+02 2.111061E+00 1.017524E+01
9.307000E+02 2.111027E+00 1.017482E+01
9.316000E+02 2.110993E+00 1.017312E+01
9.325000E+02 2.110959E+00 1.017271E+01
9.334000E+02 2.110924E+00 1.017103E+01
9.343000E+02 2.110890E+00 1.017063E+01
9.352000E+02 2.110855E+00 1.016894E+01
9.361000E+02 2.110820E+00 1.016855E+01
9.370000E+02 2.110786E+00 1.016688E+01
9.379000E+02 2.110751E+00 1.016650E+01
9.388000E+02 2.110715E+00 1.016483E+01
9.397000E+02 2.110680E+00 1.016446E+01
9.406000E+02 2.110645E+00 1.016280E+01
9.415000E+02 2.110609E+00 1.016115E+01
9.424000E+02 2.110573E+00 1.016079E+01
9.433000E+02 2.110537E+00 1.015914E+01
9.442000E+02 2.110501E+00 1.015879E+01
9.451000E+02 2.110465E+00 1.015715E+01
9.460000E+02 2.110429E+00 1.015680E+01
9.469000E+02 2.110392E+00 1.015518E+01
9.478000E+02 2.110356E+00 1.015484E+01
9.487000E+02 2.110319E+00 1.015322E+01
9.496000E+02 2.110282E+00 1.015289E+01
9.505000E+02 2.110245E+00 1.015128E+01
9.514000E+02 2.110208E+00 1.015095E+01
9.523000E+02 2.110171E+00 1.014935E+01
9.532000E+02 2.110134E+00 1.014776E+01
9.541000E+02 2.110096E+00 1.014744E+01
9.550000E+02 2.110058E+00 1.014585E+01
9.559000E+02 2.110021E+00 1.014554E+01
9.568000E+02 2.109983E+00 1.014397E+01
9.577000E+02 2.109945E+00 1.014367E+01
9.586000E+02 2.109906E+00 1.014209E+01
9.595000E+02 2.109868E+00 1.014053E+01
9.604000E+02 2.109830E+00 1.014024E+01
9.613000E+02 2.109791E+00 1.013868E+01
9.622000E+02 2.109752E+00 1.013840E+01
9.631000E+02 2.109713E+00 1.013685E+01
9.640000E+02 2.109674E+00 1.013657E+01
9.649000E+02 2.109635E+00 1.013503E+01
9.658000E+02 2.109596E+00 1.013349E+01
9.667000E+02 2.109557E+00 1.013323E+01
9.676000E+02 2.109517E+00 1.013170E+01
9.685000E+02 2.109477E+00 1.013144E+01
9.694000E+02 2.109438E+00 1.012992E+01
9.703000E+02 2.109398E+00 1.012840E+01
9.712000E+02 2.109358E+00 1.012816E+01
9.721000E+02 2.109318E+00 1.012665E+01
9.730000E+02 2.109277E+00 1.012641E+01
9.739000E+02 2.109237E+00 1.012491E+01
9.748000E+02 2.109197E+00 1.012341E+01
9.757000E+02 2.109156E+00 1.012318E+01
9.766000E+02 2.109115E+00 1.012169E+01
9.775000E+02 2.109074E+00 1.012147E+01
9.784000E+02 2.109033E+00 1.011999E+01
9.793000E+02 2.108992E+00 1.011851E+01
9.802000E+02 2.108951E+00 1.011830E+01
9.811000E+02 2.108910E+00 1.011683E+01
9.820000E+02 2.108868E+00 1.011536E+01
9.829000E+02 2.108827E+00 1.011516E+01
9.838000E+02 2.108785E+00 1.011370E+01
9.847000E+02 2.108743E+00 1.011351E+01
9.856000E+02 2.108701E+00 1.011206E+01
9.865000E+02 2.108659E+00 1.011061E+01
9.874000E+02 2.108617E+00 1.011043E+01
9.883000E+02 2.108575E+00 1.010899E+01
9.892000E+02 2.108532E+00 1.010755E+01
9.901000E+02 2.108490E+00 1.010738E+01
9.910000E+02 2.108447E+00 1.010596E+01
9.919000E+02 2.108404E+00 1.010453E+01
9.928000E+02 2.108361E+00 1.010437E+01
9.937000E+02 2.108318E+00 1.010295E+01
9.946000E+02 2.108275E+00 1.010154E+01
9.955000E+02 2.108232E+00 1.010139E+01
9.964000E+02 2.108189E+00 1.009999E+01
9.973000E+02 2.108145E+00 1.009858E+01
9.982000E+02 2.108102E+00 1.009844E+01
9.991000E+02 2.108058E+00 1.009705E+01
