1.000000E+02 1.548934E+00 1.179441E+01
1.009000E+02 1.553322E+00 1.179393E+01
1.018000E+02 1.557661E+00 1.178994E+01
1.027000E+02 1.561952E+00 1.178616E+01
1.036000E+02 1.566196E+00 1.178258E+01
1.045000E+02 1.570393E+00 1.177921E+01
1.054000E+02 1.574544E+00 1.177603E+01
1.063000E+02 1.578651E+00 1.177304E+01
1.072000E+02 1.582713E+00 1.177023E+01
1.081000E+02 1.586732E+00 1.176761E+01
1.090000E+02 1.590707E+00 1.176516E+01
1.099000E+02 1.594641E+00 1.176288E+01
1.108000E+02 1.598533E+00 1.175727E+01
1.117000E+02 1.602384E+00 1.175534E+01
1.126000E+02 1.606194E+00 1.175357E+01
1.135000E+02 1.609965E+00 1.174850E+01
1.144000E+02 1.613697E+00 1.174706E+01
1.153000E+02 1.617391E+00 1.174233E+01
1.162000E+02 1.621046E+00 1.174120E+01
1.171000E+02 1.624664E+00 1.173680E+01
1.180000E+02 1.628245E+00 1.173258E+01
1.189000E+02 1.631790E+00 1.173189E+01
1.198000E+02 1.635299E+00 1.172798E+01
1.207000E+02 1.638773E+00 1.172422E+01
1.216000E+02 1.642213E+00 1.172062E+01
1.225000E+02 1.645618E+00 1.171718E+01
1.234000E+02 1.648989E+00 1.171387E+01
1.243000E+02 1.652327E+00 1.171072E+01
1.252000E+02 1.655632E+00 1.170770E+01
1.261000E+02 1.658905E+00 1.170483E+01
1.270000E+02 1.662146E+00 1.170209E+01
1.279000E+02 1.665356E+00 1.169948E+01
1.288000E+02 1.668535E+00 1.169700E+01
1.297000E+02 1.671683E+00 1.169145E+01
1.306000E+02 1.674801E+00 1.168924E+01
1.315000E+02 1.677889E+00 1.168715E+01
1.324000E+02 1.680948E+00 1.168202E+01
1.333000E+02 1.683978E+00 1.168018E+01
1.342000E+02 1.686979E+00 1.167532E+01
1.351000E+02 1.689952E+00 1.167372E+01
1.360000E+02 1.692898E+00 1.166912E+01
1.369000E+02 1.695816E+00 1.166775E+01
1.378000E+02 1.698707E+00 1.166340E+01
1.387000E+02 1.701571E+00 1.165917E+01
1.396000E+02 1.704409E+00 1.165814E+01
1.405000E+02 1.707221E+00 1.165415E+01
1.414000E+02 1.710007E+00 1.165028E+01
1.423000E+02 1.712768E+00 1.164653E+01
1.432000E+02 1.715503E+00 1.164593E+01
1.441000E+02 1.718214E+00 1.164239E+01
1.450000E+02 1.720901E+00 1.163898E+01
1.459000E+02 1.723564E+00 1.163567E+01
1.468000E+02 1.726203E+00 1.163247E+01
1.477000E+02 1.728818E+00 1.162938E+01
1.486000E+02 1.731410E+00 1.162639E+01
1.495000E+02 1.733979E+00 1.162350E+01
1.504000E+02 1.736526E+00 1.161778E+01
1.513000E+02 1.739050E+00 1.161510E+01
1.522000E+02 1.741552E+00 1.161253E+01
1.531000E+02 1.744032E+00 1.161004E+01
1.540000E+02 1.746491E+00 1.160766E+01
1.549000E+02 1.748929E+00 1.160247E+01
1.558000E+02 1.751345E+00 1.160028E+01
1.567000E+02 1.753741E+00 1.159818E+01
1.576000E+02 1.756116E+00 1.159329E+01
1.585000E+02 1.758471E+00 1.159138E+01
1.594000E+02 1.760806E+00 1.158669E+01
1.603000E+02 1.763121E+00 1.158495E+01
1.612000E+02 1.765416E+00 1.158047E+01
1.621000E+02 1.767692E+00 1.157890E+01
1.630000E+02 1.769949E+00 1.157460E+01
1.639000E+02 1.772187E+00 1.157040E+01
1.648000E+02 1.774406E+00 1.156908E+01
1.657000E+02 1.776607E+00 1.156506E+01
1.666000E+02 1.778790E+00 1.156112E+01
1.675000E+02 1.780954E+00 1.156005E+01
1.684000E+02 1.783101E+00 1.155629E+01
1.693000E+02 1.785230E+00 1.155262E+01
1.702000E+02 1.787342E+00 1.154903E+01
1.711000E+02 1.789436E+00 1.154553E+01
1.720000E+02 1.791513E+00 1.154484E+01
1.729000E+02 1.793574E+00 1.154150E+01
1.738000E+02 1.795617E+00 1.153823E+01
1.747000E+02 1.797645E+00 1.153505E+01
1.756000E+02 1.799655E+00 1.153195E+01
1.765000E+02 1.801650E+00 1.152893E+01
1.774000E+02 1.803629E+00 1.152598E+01
1.783000E+02 1.805592E+00 1.152044E+01
1.792000E+02 1.807539E+00 1.151765E+01
1.801000E+02 1.809471E+00 1.151493E+01
1.810000E+02 1.811388E+00 1.151229E+01
1.819000E+02 1.813289E+00 1.150972E+01
1.828000E+02 1.815176E+00 1.150723E+01
1.837000E+02 1.817047E+00 1.150216E+01
1.846000E+02 1.818904E+00 1.149981E+01
1.855000E+02 1.820747E+00 1.149753E+01
1.864000E+02 1.822575E+00 1.149531E+01
1.873000E+02 1.824389E+00 1.149055E+01
1.882000E+02 1.826189E+00 1.148848E+01
1.891000E+02 1.827975E+00 1.148387E+01
1.900000E+02 1.829747E+00 1.148193E+01
1.909000E+02 1.831506E+00 1.148004E+01
1.918000E+02 1.833251E+00 1.147565E+01
1.927000E+02 1.834983E+00 1.147390E+01
1.936000E+02 1.836702E+00 1.146965E+01
1.945000E+02 1.838407E+00 1.146547E+01
1.954000E+02 1.840100E+00 1.146391E+01
1.963000E+02 1.841780E+00 1.145987E+01
1.972000E+02 1.843447E+00 1.145843E+01
1.981000E+02 1.845102E+00 1.145452E+01
1.990000E+02 1.846744E+00 1.145068E+01
1.999000E+02 1.848374E+00 1.144942E+01
2.008000E+02 1.849992E+00 1.144570E+01
2.017000E+02 1.851597E+00 1.144205E+01
2.026000E+02 1.853191E+00 1.144097E+01
2.035000E+02 1.854773E+00 1.143744E+01
2.044000E+02 1.856343E+00 1.143398E+01
2.053000E+02 1.857902E+00 1.143058E+01
2.062000E+02 1.859449E+00 1.142724E+01
2.071000E+02 1.860985E+00 1.142396E+01
2.080000E+02 1.862509E+00 1.142074E+01
2.089000E+02 1.864023E+00 1.142004E+01
2.098000E+02 1.865525E+00 1.141694E+01
2.107000E+02 1.867017E+00 1.141389E+01
2.116000E+02 1.868497E+00 1.141090E+01
2.125000E+02 1.869967E+00 1.140797E+01
2.134000E+02 1.871426E+00 1.140510E+01
2.143000E+02 1.872875E+00 1.140228E+01
2.152000E+02 1.874313E+00 1.139952E+01
2.161000E+02 1.875741E+00 1.139440E+01
2.170000E+02 1.877159E+00 1.139175E+01
2.179000E+02 1.878567E+00 1.138915E+01
2.188000E+02 1.879964E+00 1.138660E+01
2.197000E+02 1.881352E+00 1.138411E+01
2.206000E+02 1.882729E+00 1.138167E+01
2.215000E+02 1.884097E+00 1.137928E+01
2.224000E+02 1.885456E+00 1.137457E+01
2.233000E+02 1.886804E+00 1.137228E+01
2.242000E+02 1.888144E+00 1.137005E+01
2.251000E+02 1.889473E+00 1.136550E+01
2.260000E+02 1.890794E+00 1.136337E+01
2.269000E+02 1.892105E+00 1.136128E+01
2.278000E+02 1.893407E+00 1.135690E+01
2.287000E+02 1.894700E+00 1.135491E+01
2.296000E+02 1.895984E+00 1.135296E+01
2.305000E+02 1.897259E+00 1.134874E+01
2.314000E+02 1.898526E+00 1.134689E+01
2.323000E+02 1.899783E+00 1.134277E+01
2.332000E+02 1.901032E+00 1.134102E+01
2.341000E+02 1.902272E+00 1.133931E+01
2.350000E+02 1.903504E+00 1.133533E+01
2.359000E+02 1.904727E+00 1.133372E+01
2.368000E+02 1.905942E+00 1.132984E+01
2.377000E+02 1.907149E+00 1.132602E+01
2.386000E+02 1.908347E+00 1.132453E+01
2.395000E+02 1.909537E+00 1.132081E+01
2.404000E+02 1.910719E+00 1.131941E+01
2.413000E+02 1.911893E+00 1.131578E+01
2.422000E+02 1.913060E+00 1.131219E+01
2.431000E+02 1.914218E+00 1.131092E+01
2.440000E+02 1.915368E+00 1.130743E+01
2.449000E+02 1.916511E+00 1.130398E+01
2.458000E+02 1.917646E+00 1.130284E+01
2.467000E+02 1.918773E+00 1.129948E+01
2.476000E+02 1.919893E+00 1.129617E+01
2.485000E+02 1.921006E+00 1.129290E+01
2.494000E+02 1.922111E+00 1.129191E+01
2.503000E+02 1.923208E+00 1.128873E+01
2.512000E+02 1.924298E+00 1.128560E+01
2.521000E+02 1.925382E+00 1.128250E+01
2.530000E+02 1.926457E+00 1.127945E+01
2.539000E+02 1.927526E+00 1.127645E+01
2.548000E+02 1.928588E+00 1.127569E+01
2.557000E+02 1.929643E+00 1.127277E+01
2.566000E+02 1.930690E+00 1.126988E+01
2.575000E+02 1.931731E+00 1.126704E+01
2.584000E+02 1.932765E+00 1.126424E+01
2.593000E+02 1.933793E+00 1.126147E+01
2.602000E+02 1.934813E+00 1.125875E+01
2.611000E+02 1.935827E+00 1.125607E+01
2.620000E+02 1.936834E+00 1.125343E+01
2.629000E+02 1.937835E+00 1.125082E+01
2.638000E+02 1.938829E+00 1.124826E+01
2.647000E+02 1.939817E+00 1.124573E+01
2.656000E+02 1.940798E+00 1.124324E+01
2.665000E+02 1.941773E+00 1.124079E+01
2.674000E+02 1.942742E+00 1.123622E+01
2.683000E+02 1.943705E+00 1.123385E+01
2.692000E+02 1.944661E+00 1.123151E+01
2.701000E+02 1.945611E+00 1.122921E+01
2.710000E+02 1.946555E+00 1.122695E+01
2.719000E+02 1.947493E+00 1.122472E+01
2.728000E+02 1.948425E+00 1.122039E+01
2.737000E+02 1.949351E+00 1.121824E+01
2.746000E+02 1.950272E+00 1.121612E+01
2.755000E+02 1.951186E+00 1.121403E+01
2.764000E+02 1.952094E+00 1.120986E+01
2.773000E+02 1.952997E+00 1.120785E+01
2.782000E+02 1.953894E+00 1.120587E+01
2.791000E+02 1.954786E+00 1.120392E+01
2.800000E+02 1.955671E+00 1.119990E+01
2.809000E+02 1.956551E+00 1.119803E+01
2.818000E+02 1.957426E+00 1.119618E+01
2.827000E+02 1.958295E+00 1.119227E+01
2.836000E+02 1.959159E+00 1.119050E+01
2.845000E+02 1.960017E+00 1.118666E+01
2.854000E+02 1.960869E+00 1.118495E+01
2.863000E+02 1.961717E+00 1.118327E+01
2.872000E+02 1.962559E+00 1.117954E+01
2.881000E+02 1.963396E+00 1.117792E+01
2.890000E+02 1.964228E+00 1.117427E+01
2.899000E+02 1.965054E+00 1.117271E+01
2.908000E+02 1.965875E+00 1.116913E+01
2.917000E+02 1.966692E+00 1.116764E+01
2.926000E+02 1.967503E+00 1.116412E+01
2.935000E+02 1.968309E+00 1.116269E+01
2.944000E+02 1.969110E+00 1.115924E+01
2.953000E+02 1.969906E+00 1.115787E+01
2.962000E+02 1.970698E+00 1.115448E+01
2.971000E+02 1.971484E+00 1.115317E+01
2.980000E+02 1.972266E+00 1.114985E+01
2.989000E+02 1.973043E+00 1.114657E+01
2.998000E+02 1.973815E+00 1.114535E+01
3.007000E+02 1.974582E+00 1.114212E+01
3.016000E+02 1.975344E+00 1.113893E+01
3.025000E+02 1.976102E+00 1.113780E+01
3.034000E+02 1.976856E+00 1.113467E+01
3.043000E+02 1.977604E+00 1.113158E+01
3.052000E+02 1.978348E+00 1.113053E+01
3.061000E+02 1.979088E+00 1.112749E+01
3.070000E+02 1.979823E+00 1.112449E+01
3.079000E+02 1.980554E+00 1.112152E+01
3.088000E+02 1.981280E+00 1.112058E+01
3.097000E+02 1.982002E+00 1.111767E+01
3.106000E+02 1.982719E+00 1.111478E+01
3.115000E+02 1.983432E+00 1.111193E+01
3.124000E+02 1.984141E+00 1.111110E+01
3.133000E+02 1.984846E+00 1.110831E+01
3.142000E+02 1.985546E+00 1.110554E+01
3.151000E+02 1.986242E+00 1.110281E+01
3.160000E+02 1.986934E+00 1.110010E+01
3.169000E+02 1.987621E+00 1.109742E+01
3.178000E+02 1.988305E+00 1.109478E+01
3.187000E+02 1.988984E+00 1.109413E+01
3.196000E+02 1.989660E+00 1.109153E+01
3.205000E+02 1.990331E+00 1.108897E+01
3.214000E+02 1.990998E+00 1.108643E+01
3.223000E+02 1.991662E+00 1.108392E+01
3.232000E+02 1.992321E+00 1.108144E+01
3.241000E+02 1.992977E+00 1.107898E+01
3.250000E+02 1.993628E+00 1.107655E+01
3.259000E+02 1.994276E+00 1.107415E+01
3.268000E+02 1.994920E+00 1.107178E+01
3.277000E+02 1.995560E+00 1.106943E+01
3.286000E+02 1.996196E+00 1.106711E+01
3.295000E+02 1.996828E+00 1.106482E+01
3.304000E+02 1.997457E+00 1.106255E+01
3.313000E+02 1.998082E+00 1.106030E+01
3.322000E+02 1.998703E+00 1.105809E+01
3.331000E+02 1.999321E+00 1.105589E+01
3.340000E+02 1.999935E+00 1.105373E+01
3.349000E+02 2.000545E+00 1.105159E+01
3.358000E+02 2.001152E+00 1.104755E+01
3.367000E+02 2.001755E+00 1.104546E+01
3.376000E+02 2.002355E+00 1.104340E+01
3.385000E+02 2.002951E+00 1.104136E+01
3.394000E+02 2.003543E+00 1.103934E+01
3.403000E+02 2.004132E+00 1.103735E+01
3.412000E+02 2.004718E+00 1.103538E+01
3.421000E+02 2.005300E+00 1.103153E+01
3.430000E+02 2.005879E+00 1.102962E+01
3.439000E+02 2.006455E+00 1.102772E+01
3.448000E+02 2.007027E+00 1.102585E+01
3.457000E+02 2.007596E+00 1.102400E+01
3.466000E+02 2.008161E+00 1.102029E+01
3.475000E+02 2.008723E+00 1.101849E+01
3.484000E+02 2.009282E+00 1.101671E+01
3.493000E+02 2.009838E+00 1.101307E+01
3.502000E+02 2.010390E+00 1.101134E+01
3.511000E+02 2.010939E+00 1.100964E+01
3.520000E+02 2.011485E+00 1.100795E+01
3.529000E+02 2.012028E+00 1.100441E+01
3.538000E+02 2.012568E+00 1.100277E+01
3.547000E+02 2.013104E+00 1.100115E+01
3.556000E+02 2.013638E+00 1.099769E+01
3.565000E+02 2.014168E+00 1.099612E+01
3.574000E+02 2.014696E+00 1.099457E+01
3.583000E+02 2.015220E+00 1.099117E+01
3.592000E+02 2.015741E+00 1.098967E+01
3.601000E+02 2.016259E+00 1.098632E+01
3.610000E+02 2.016775E+00 1.098486E+01
3.619000E+02 2.017287E+00 1.098342E+01
3.628000E+02 2.017796E+00 1.098014E+01
3.637000E+02 2.018303E+00 1.097874E+01
3.646000E+02 2.018806E+00 1.097552E+01
3.655000E+02 2.019307E+00 1.097416E+01
3.664000E+02 2.019804E+00 1.097098E+01
3.673000E+02 2.020299E+00 1.096966E+01
3.682000E+02 2.020791E+00 1.096653E+01
3.691000E+02 2.021281E+00 1.096525E+01
3.700000E+02 2.021767E+00 1.096216E+01
3.709000E+02 2.022251E+00 1.096093E+01
3.718000E+02 2.022731E+00 1.095789E+01
3.727000E+02 2.023210E+00 1.095669E+01
3.736000E+02 2.023685E+00 1.095369E+01
3.745000E+02 2.024158E+00 1.095254E+01
3.754000E+02 2.024628E+00 1.094958E+01
3.763000E+02 2.025095E+00 1.094665E+01
3.772000E+02 2.025559E+00 1.094555E+01
3.781000E+02 2.026021E+00 1.094266E+01
3.790000E+02 2.026481E+00 1.094161E+01
3.799000E+02 2.026937E+00 1.093876E+01
3.808000E+02 2.027392E+00 1.093593E+01
3.817000E+02 2.027843E+00 1.093493E+01
3.826000E+02 2.028292E+00 1.093215E+01
3.835000E+02 2.028738E+00 1.093118E+01
3.844000E+02 2.029182E+00 1.092844E+01
3.853000E+02 2.029624E+00 1.092572E+01
3.862000E+02 2.030063E+00 1.092481E+01
3.871000E+02 2.030499E+00 1.092213E+01
3.880000E+02 2.030933E+00 1.091947E+01
3.889000E+02 2.031364E+00 1.091683E+01
3.898000E+02 2.031793E+00 1.091600E+01
3.907000E+02 2.032220E+00 1.091339E+01
3.916000E+02 2.032644E+00 1.091081E+01
3.925000E+02 2.033066E+00 1.091004E+01
3.934000E+02 2.033485E+00 1.090749E+01
3.943000E+02 2.033902E+00 1.090497E+01
3.952000E+02 2.034317E+00 1.090247E+01
3.961000E+02 2.034729E+00 1.089999E+01
3.970000E+02 2.035139E+00 1.089930E+01
3.979000E+02 2.035546E+00 1.089685E+01
3.988000E+02 2.035952E+00 1.089443E+01
3.997000E+02 2.036355E+00 1.089202E+01
4.006000E+02 2.036756E+00 1.088963E+01
4.015000E+02 2.037154E+00 1.088903E+01
4.024000E+02 2.037550E+00 1.088668E+01
4.033000E+02 2.037944E+00 1.088435E+01
4.042000E+02 2.038336E+00 1.088204E+01
4.051000E+02 2.038726E+00 1.087974E+01
4.060000E+02 2.039113E+00 1.087747E+01
4.069000E+02 2.039498E+00 1.087521E+01
4.078000E+02 2.039881E+00 1.087473E+01
4.087000E+02 2.040262E+00 1.087251E+01
4.096000E+02 2.040641E+00 1.087030E+01
4.105000E+02 2.041018E+00 1.086812E+01
4.114000E+02 2.041392E+00 1.086595E+01
4.123000E+02 2.041765E+00 1.086381E+01
4.132000E+02 2.042135E+00 1.086168E+01
4.141000E+02 2.042503E+00 1.085956E+01
4.150000E+02 2.042869E+00 1.085747E+01
4.159000E+02 2.043234E+00 1.085539E+01
4.168000E+02 2.043596E+00 1.085333E+01
4.177000E+02 2.043956E+00 1.085129E+01
4.186000E+02 2.044314E+00 1.084926E+01
4.195000E+02 2.044670E+00 1.084725E+01
4.204000E+02 2.045024E+00 1.084526E+01
4.213000E+02 2.045376E+00 1.084329E+01
4.222000E+02 2.045726E+00 1.084133E+01
4.231000E+02 2.046074E+00 1.083939E+01
4.240000E+02 2.046420E+00 1.083747E+01
4.249000E+02 2.046764E+00 1.083556E+01
4.258000E+02 2.047106E+00 1.083367E+01
4.267000E+02 2.047447E+00 1.083180E+01
4.276000E+02 2.047785E+00 1.082994E+01
4.285000E+02 2.048121E+00 1.082810E+01
4.294000E+02 2.048456E+00 1.082628E+01
4.303000E+02 2.048789E+00 1.082447E+01
4.312000E+02 2.049120E+00 1.082267E+01
4.321000E+02 2.049449E+00 1.081919E+01
4.330000E+02 2.049776E+00 1.081743E+01
4.339000E+02 2.050101E+00 1.081569E+01
4.348000E+02 2.050425E+00 1.081396E+01
4.357000E+02 2.050746E+00 1.081225E+01
4.366000E+02 2.051066E+00 1.081055E+01
4.375000E+02 2.051384E+00 1.080887E+01
4.384000E+02 2.051701E+00 1.080551E+01
4.393000E+02 2.052015E+00 1.080386E+01
4.402000E+02 2.052328E+00 1.080223E+01
4.411000E+02 2.052639E+00 1.080061E+01
4.420000E+02 2.052948E+00 1.079901E+01
4.429000E+02 2.053256E+00 1.079742E+01
4.438000E+02 2.053562E+00 1.079416E+01
4.447000E+02 2.053866E+00 1.079261E+01
4.456000E+02 2.054168E+00 1.079106E+01
4.465000E+02 2.054469E+00 1.078954E+01
4.474000E+02 2.054768E+00 1.078634E+01
4.483000E+02 2.055066E+00 1.078485E+01
4.492000E+02 2.055361E+00 1.078337E+01
4.501000E+02 2.055655E+00 1.078190E+01
4.510000E+02 2.055948E+00 1.077877E+01
4.519000E+02 2.056238E+00 1.077733E+01
4.528000E+02 2.056527E+00 1.077591E+01
4.537000E+02 2.056815E+00 1.077450E+01
4.546000E+02 2.057101E+00 1.077144E+01
4.555000E+02 2.057385E+00 1.077006E+01
4.564000E+02 2.057668E+00 1.076869E+01
4.573000E+02 2.057949E+00 1.076567E+01
4.582000E+02 2.058228E+00 1.076434E+01
4.591000E+02 2.058506E+00 1.076301E+01
4.600000E+02 2.058782E+00 1.076005E+01
4.609000E+02 2.059057E+00 1.075875E+01
4.618000E+02 2.059330E+00 1.075747E+01
4.627000E+02 2.059602E+00 1.075455E+01
4.636000E+02 2.059872E+00 1.075329E+01
4.645000E+02 2.060141E+00 1.075205E+01
4.654000E+02 2.060408E+00 1.074918E+01
4.663000E+02 2.060674E+00 1.074796E+01
4.672000E+02 2.060938E+00 1.074512E+01
4.681000E+02 2.061201E+00 1.074393E+01
4.690000E+02 2.061462E+00 1.074276E+01
4.699000E+02 2.061722E+00 1.073996E+01
4.708000E+02 2.061980E+00 1.073881E+01
4.717000E+02 2.062237E+00 1.073604E+01
4.726000E+02 2.062492E+00 1.073492E+01
4.735000E+02 2.062746E+00 1.073218E+01
4.744000E+02 2.062998E+00 1.073109E+01
4.753000E+02 2.063249E+00 1.072838E+01
4.762000E+02 2.063499E+00 1.072731E+01
4.771000E+02 2.063747E+00 1.072626E+01
4.780000E+02 2.063994E+00 1.072359E+01
4.789000E+02 2.064239E+00 1.072256E+01
4.798000E+02 2.064483E+00 1.071992E+01
4.807000E+02 2.064726E+00 1.071892E+01
4.816000E+02 2.064967E+00 1.071630E+01
4.825000E+02 2.065207E+00 1.071533E+01
4.834000E+02 2.065445E+00 1.071274E+01
4.843000E+02 2.065683E+00 1.071179E+01
4.852000E+02 2.065918E+00 1.070923E+01
4.861000E+02 2.066153E+00 1.070669E+01
4.870000E+02 2.066386E+00 1.070578E+01
4.879000E+02 2.066618E+00 1.070326E+01
4.888000E+02 2.066848E+00 1.070237E+01
4.897000E+02 2.067078E+00 1.069988E+01
4.906000E+02 2.067305E+00 1.069902E+01
4.915000E+02 2.067532E+00 1.069656E+01
4.924000E+02 2.067757E+00 1.069572E+01
4.933000E+02 2.067981E+00 1.069328E+01
4.942000E+02 2.068204E+00 1.069086E+01
4.951000E+02 2.068425E+00 1.069006E+01
4.960000E+02 2.068646E+00 1.068766E+01
4.969000E+02 2.068865E+00 1.068528E+01
4.978000E+02 2.069082E+00 1.068451E+01
4.987000E+02 2.069299E+00 1.068216E+01
4.996000E+02 2.069514E+00 1.068141E+01
5.005000E+02 2.069728E+00 1.067908E+01
5.014000E+02 2.069940E+00 1.067677E+01
5.023000E+02 2.070152E+00 1.067606E+01
5.032000E+02 2.070362E+00 1.067377E+01
5.041000E+02 2.070571E+00 1.067149E+01
5.050000E+02 2.070779E+00 1.067081E+01
5.059000E+02 2.070986E+00 1.066856E+01
5.068000E+02 2.071191E+00 1.066632E+01
5.077000E+02 2.071396E+00 1.066568E+01
5.086000E+02 2.071599E+00 1.066347E+01
5.095000E+02 2.071801E+00 1.066126E+01
5.104000E+02 2.072002E+00 1.066066E+01
5.113000E+02 2.072201E+00 1.065848E+01
5.122000E+02 2.072400E+00 1.065631E+01
5.131000E+02 2.072597E+00 1.065416E+01
5.140000E+02 2.072793E+00 1.065360E+01
5.149000E+02 2.072988E+00 1.065147E+01
5.158000E+02 2.073182E+00 1.064935E+01
5.167000E+02 2.073375E+00 1.064725E+01
5.176000E+02 2.073567E+00 1.064673E+01
5.185000E+02 2.073757E+00 1.064465E+01
5.194000E+02 2.073947E+00 1.064258E+01
5.203000E+02 2.074135E+00 1.064053E+01
5.212000E+02 2.074322E+00 1.064005E+01
5.221000E+02 2.074508E+00 1.063802E+01
5.230000E+02 2.074693E+00 1.063600E+01
5.239000E+02 2.074877E+00 1.063399E+01
5.248000E+02 2.075060E+00 1.063199E+01
5.257000E+02 2.075242E+00 1.063157E+01
5.266000E+02 2.075423E+00 1.062960E+01
5.275000E+02 2.075602E+00 1.062763E+01
5.284000E+02 2.075781E+00 1.062568E+01
5.293000E+02 2.075959E+00 1.062374E+01
5.302000E+02 2.076135E+00 1.062182E+01
5.311000E+02 2.076311E+00 1.062146E+01
5.320000E+02 2.076485E+00 1.061955E+01
5.329000E+02 2.076658E+00 1.061766E+01
5.338000E+02 2.076831E+00 1.061578E+01
5.347000E+02 2.077002E+00 1.061391E+01
5.356000E+02 2.077173E+00 1.061205E+01
5.365000E+02 2.077342E+00 1.061020E+01
5.374000E+02 2.077510E+00 1.060991E+01
5.383000E+02 2.077678E+00 1.060808E+01
5.392000E+02 2.077844E+00 1.060627E+01
5.401000E+02 2.078009E+00 1.060446E+01
5.410000E+02 2.078174E+00 1.060267E+01
5.419000E+02 2.078337E+00 1.060089E+01
5.428000E+02 2.078500E+00 1.059912E+01
5.437000E+02 2.078661E+00 1.059736E+01
5.446000E+02 2.078822E+00 1.059561E+01
5.455000E+02 2.078981E+00 1.059387E+01
5.464000E+02 2.079140E+00 1.059214E+01
5.473000E+02 2.079297E+00 1.059043E+01
5.482000E+02 2.079454E+00 1.058872E+01
5.491000E+02 2.079610E+00 1.058702E+01
5.500000E+02 2.079764E+00 1.058687E+01
5.509000E+02 2.079918E+00 1.058520E+01
5.518000E+02 2.080071E+00 1.058353E+01
5.527000E+02 2.080223E+00 1.058188E+01
5.536000E+02 2.080374E+00 1.058024E+01
5.545000E+02 2.080524E+00 1.057860E+01
5.554000E+02 2.080673E+00 1.057698E+01
5.563000E+02 2.080822E+00 1.057537E+01
5.572000E+02 2.080969E+00 1.057377E+01
5.581000E+02 2.081116E+00 1.057217E+01
5.590000E+02 2.081261E+00 1.057059E+01
5.599000E+02 2.081406E+00 1.056902E+01
5.608000E+02 2.081550E+00 1.056746E+01
5.617000E+02 2.081693E+00 1.056591E+01
5.626000E+02 2.081835E+00 1.056285E+01
5.635000E+02 2.081976E+00 1.056132E+01
5.644000E+02 2.082116E+00 1.055980E+01
5.653000E+02 2.082256E+00 1.055829E+01
5.662000E+02 2.082394E+00 1.055679E+01
5.671000E+02 2.082532E+00 1.055530E+01
5.680000E+02 2.082669E+00 1.055382E+01
5.689000E+02 2.082805E+00 1.055235E+01
5.698000E+02 2.082940E+00 1.055089E+01
5.707000E+02 2.083075E+00 1.054944E+01
5.716000E+02 2.083208E+00 1.054800E+01
5.725000E+02 2.083341E+00 1.054656E+01
5.734000E+02 2.083473E+00 1.054514E+01
5.743000E+02 2.083604E+00 1.054373E+01
5.752000E+02 2.083734E+00 1.054082E+01
5.761000E+02 2.083863E+00 1.053943E+01
5.770000E+02 2.083992E+00 1.053805E+01
5.779000E+02 2.084120E+00 1.053667E+01
5.788000E+02 2.084246E+00 1.053531E+01
5.797000E+02 2.084373E+00 1.053395E+01
5.806000E+02 2.084498E+00 1.053261E+01
5.815000E+02 2.084622E+00 1.053127E+01
5.824000E+02 2.084746E+00 1.052845E+01
5.833000E+02 2.084869E+00 1.052713E+01
5.842000E+02 2.084991E+00 1.052582E+01
5.851000E+02 2.085113E+00 1.052452E+01
5.860000E+02 2.085233E+00 1.052324E+01
5.869000E+02 2.085353E+00 1.052195E+01
5.878000E+02 2.085472E+00 1.051919E+01
5.887000E+02 2.085590E+00 1.051793E+01
5.896000E+02 2.085708E+00 1.051668E+01
5.905000E+02 2.085825E+00 1.051543E+01
5.914000E+02 2.085941E+00 1.051420E+01
5.923000E+02 2.086056E+00 1.051149E+01
5.932000E+02 2.086170E+00 1.051027E+01
5.941000E+02 2.086284E+00 1.050907E+01
5.950000E+02 2.086397E+00 1.050787E+01
5.959000E+02 2.086509E+00 1.050668E+01
5.968000E+02 2.086621E+00 1.050401E+01
5.977000E+02 2.086732E+00 1.050284E+01
5.986000E+02 2.086842E+00 1.050168E+01
5.995000E+02 2.086951E+00 1.050053E+01
6.004000E+02 2.087060E+00 1.049790E+01
6.013000E+02 2.087168E+00 1.049677E+01
6.022000E+02 2.087275E+00 1.049564E+01
6.031000E+02 2.087381E+00 1.049452E+01
6.040000E+02 2.087487E+00 1.049193E+01
6.049000E+02 2.087592E+00 1.049083E+01
6.058000E+02 2.087696E+00 1.048974E+01
6.067000E+02 2.087800E+00 1.048718E+01
6.076000E+02 2.087903E+00 1.048611E+01
6.085000E+02 2.088005E+00 1.048504E+01
6.094000E+02 2.088107E+00 1.048398E+01
6.103000E+02 2.088208E+00 1.048146E+01
6.112000E+02 2.088308E+00 1.048042E+01
6.121000E+02 2.088407E+00 1.047939E+01
6.130000E+02 2.088506E+00 1.047690E+01
6.139000E+02 2.088604E+00 1.047588E+01
6.148000E+02 2.088702E+00 1.047487E+01
6.157000E+02 2.088799E+00 1.047241E+01
6.166000E+02 2.088895E+00 1.047142E+01
6.175000E+02 2.088990E+00 1.047043E+01
6.184000E+02 2.089085E+00 1.046800E+01
6.193000E+02 2.089179E+00 1.046703E+01
6.202000E+02 2.089273E+00 1.046607E+01
6.211000E+02 2.089365E+00 1.046367E+01
6.220000E+02 2.089458E+00 1.046272E+01
6.229000E+02 2.089549E+00 1.046179E+01
6.238000E+02 2.089640E+00 1.045941E+01
6.247000E+02 2.089730E+00 1.045849E+01
6.256000E+02 2.089820E+00 1.045613E+01
6.265000E+02 2.089909E+00 1.045522E+01
6.274000E+02 2.089997E+00 1.045433E+01
6.283000E+02 2.090085E+00 1.045199E+01
6.292000E+02 2.090172E+00 1.045111E+01
6.301000E+02 2.090258E+00 1.044880E+01
6.310000E+02 2.090344E+00 1.044793E+01
6.319000E+02 2.090429E+00 1.044708E+01
6.328000E+02 2.090514E+00 1.044479E+01
6.337000E+02 2.090598E+00 1.044395E+01
6.346000E+02 2.090681E+00 1.044167E+01
6.355000E+02 2.090764E+00 1.044085E+01
6.364000E+02 2.090846E+00 1.044003E+01
6.373000E+02 2.090928E+00 1.043778E+01
6.382000E+02 2.091009E+00 1.043698E+01
6.391000E+02 2.091089E+00 1.043475E+01
6.400000E+02 2.091169E+00 1.043396E+01
6.409000E+02 2.091248E+00 1.043175E+01
6.418000E+02 2.091327E+00 1.043098E+01
6.427000E+02 2.091405E+00 1.042878E+01
6.436000E+02 2.091482E+00 1.042803E+01
6.445000E+02 2.091559E+00 1.042584E+01
6.454000E+02 2.091635E+00 1.042510E+01
6.463000E+02 2.091711E+00 1.042437E+01
6.472000E+02 2.091786E+00 1.042221E+01
6.481000E+02 2.091860E+00 1.042150E+01
6.490000E+02 2.091934E+00 1.041936E+01
6.499000E+02 2.092008E+00 1.041865E+01
6.508000E+02 2.092080E+00 1.041653E+01
6.517000E+02 2.092153E+00 1.041584E+01
6.526000E+02 2.092224E+00 1.041373E+01
6.535000E+02 2.092296E+00 1.041306E+01
6.544000E+02 2.092366E+00 1.041097E+01
6.553000E+02 2.092436E+00 1.040888E+01
6.562000E+02 2.092506E+00 1.040823E+01
6.571000E+02 2.092574E+00 1.040617E+01
6.580000E+02 2.092643E+00 1.040553E+01
6.589000E+02 2.092711E+00 1.040348E+01
6.598000E+02 2.092778E+00 1.040286E+01
6.607000E+02 2.092845E+00 1.040082E+01
6.616000E+02 2.092911E+00 1.040021E+01
6.625000E+02 2.092977E+00 1.039819E+01
6.634000E+02 2.093042E+00 1.039760E+01
6.643000E+02 2.093106E+00 1.039559E+01
6.652000E+02 2.093170E+00 1.039360E+01
6.661000E+02 2.093234E+00 1.039303E+01
6.670000E+02 2.093297E+00 1.039104E+01
6.679000E+02 2.093360E+00 1.039049E+01
6.688000E+02 2.093422E+00 1.038852E+01
6.697000E+02 2.093483E+00 1.038798E+01
6.706000E+02 2.093544E+00 1.038603E+01
6.715000E+02 2.093605E+00 1.038408E+01
6.724000E+02 2.093664E+00 1.038356E+01
6.733000E+02 2.093724E+00 1.038163E+01
6.742000E+02 2.093783E+00 1.038112E+01
6.751000E+02 2.093841E+00 1.037921E+01
6.760000E+02 2.093899E+00 1.037730E+01
6.769000E+02 2.093957E+00 1.037681E+01
6.778000E+02 2.094014E+00 1.037492E+01
6.787000E+02 2.094070E+00 1.037304E+01
6.796000E+02 2.094126E+00 1.037257E+01
6.805000E+02 2.094181E+00 1.037071E+01
6.814000E+02 2.094236E+00 1.037025E+01
6.823000E+02 2.094291E+00 1.036840E+01
6.832000E+02 2.094345E+00 1.036655E+01
6.841000E+02 2.094398E+00 1.036612E+01
6.850000E+02 2.094451E+00 1.036429E+01
6.859000E+02 2.094504E+00 1.036246E+01
6.868000E+02 2.094556E+00 1.036205E+01
6.877000E+02 2.094608E+00 1.036024E+01
6.886000E+02 2.094659E+00 1.035844E+01
6.895000E+02 2.094709E+00 1.035804E+01
6.904000E+02 2.094760E+00 1.035625E+01
6.913000E+02 2.094809E+00 1.035447E+01
6.922000E+02 2.094858E+00 1.035410E+01
6.931000E+02 2.094907E+00 1.035233E+01
6.940000E+02 2.094956E+00 1.035057E+01
6.949000E+02 2.095003E+00 1.034882E+01
6.958000E+02 2.095051E+00 1.034847E+01
6.967000E+02 2.095098E+00 1.034673E+01
6.976000E+02 2.095144E+00 1.034501E+01
6.985000E+02 2.095190E+00 1.034467E+01
6.994000E+02 2.095236E+00 1.034296E+01
7.003000E+02 2.095281E+00 1.034125E+01
7.012000E+02 2.095326E+00 1.033955E+01
7.021000E+02 2.095370E+00 1.033924E+01
7.030000E+02 2.095414E+00 1.033755E+01
7.039000E+02 2.095457E+00 1.033587E+01
7.048000E+02 2.095500E+00 1.033558E+01
7.057000E+02 2.095543E+00 1.033392E+01
7.066000E+02 2.095585E+00 1.033226E+01
7.075000E+02 2.095626E+00 1.033060E+01
7.084000E+02 2.095668E+00 1.033034E+01
7.093000E+02 2.095708E+00 1.032870E+01
7.102000E+02 2.095749E+00 1.032707E+01
7.111000E+02 2.095789E+00 1.032544E+01
7.120000E+02 2.095828E+00 1.032382E+01
7.129000E+02 2.095867E+00 1.032359E+01
7.138000E+02 2.095906E+00 1.032198E+01
7.147000E+02 2.095944E+00 1.032038E+01
7.156000E+02 2.095982E+00 1.031879E+01
7.165000E+02 2.096019E+00 1.031858E+01
7.174000E+02 2.096056E+00 1.031700E+01
7.183000E+02 2.096093E+00 1.031543E+01
7.192000E+02 2.096129E+00 1.031387E+01
7.201000E+02 2.096165E+00 1.031231E+01
7.210000E+02 2.096200E+00 1.031213E+01
7.219000E+02 2.096235E+00 1.031058E+01
7.228000E+02 2.096269E+00 1.030904E+01
7.237000E+02 2.096304E+00 1.030751E+01
7.246000E+02 2.096337E+00 1.030598E+01
7.255000E+02 2.096371E+00 1.030446E+01
7.264000E+02 2.096403E+00 1.030432E+01
7.273000E+02 2.096436E+00 1.030281E+01
7.282000E+02 2.096468E+00 1.030131E+01
7.291000E+02 2.096500E+00 1.029982E+01
7.300000E+02 2.096531E+00 1.029833E+01
7.309000E+02 2.096562E+00 1.029685E+01
7.318000E+02 2.096593E+00 1.029674E+01
7.327000E+02 2.096623E+00 1.029527E+01
7.336000E+02 2.096653E+00 1.029381E+01
7.345000E+02 2.096682E+00 1.029235E+01
7.354000E+02 2.096711E+00 1.029090E+01
7.363000E+02 2.096740E+00 1.028946E+01
7.372000E+02 2.096768E+00 1.028802E+01
7.381000E+02 2.096796E+00 1.028796E+01
7.390000E+02 2.096824E+00 1.028653E+01
7.399000E+02 2.096851E+00 1.028511E+01
7.408000E+02 2.096877E+00 1.028370E+01
7.417000E+02 2.096904E+00 1.028229E+01
7.426000E+02 2.096930E+00 1.028090E+01
7.435000E+02 2.096955E+00 1.027950E+01
7.444000E+02 2.096981E+00 1.027811E+01
7.453000E+02 2.097006E+00 1.027673E+01
7.462000E+02 2.097030E+00 1.027536E+01
7.471000E+02 2.097054E+00 1.027535E+01
7.480000E+02 2.097078E+00 1.027398E+01
7.489000E+02 2.097102E+00 1.027263E+01
7.498000E+02 2.097125E+00 1.027128E+01
7.507000E+02 2.097148E+00 1.026993E+01
7.516000E+02 2.097170E+00 1.026859E+01
7.525000E+02 2.097192E+00 1.026726E+01
7.534000E+02 2.097214E+00 1.026593E+01
7.543000E+02 2.097235E+00 1.026461E+01
7.552000E+02 2.097256E+00 1.026330E+01
7.561000E+02 2.097277E+00 1.026199E+01
7.570000E+02 2.097297E+00 1.026069E+01
7.579000E+02 2.097317E+00 1.025939E+01
7.588000E+02 2.097337E+00 1.025810E+01
7.597000E+02 2.097356E+00 1.025682E+01
7.606000E+02 2.097375E+00 1.025688E+01
7.615000E+02 2.097393E+00 1.025561E+01
7.624000E+02 2.097412E+00 1.025434E+01
7.633000E+02 2.097430E+00 1.025308E+01
7.642000E+02 2.097447E+00 1.025183E+01
7.651000E+02 2.097464E+00 1.025058E+01
7.660000E+02 2.097481E+00 1.024933E+01
7.669000E+02 2.097498E+00 1.024809E+01
7.678000E+02 2.097514E+00 1.024686E+01
7.687000E+02 2.097530E+00 1.024563E+01
7.696000E+02 2.097546E+00 1.024441E+01
7.705000E+02 2.097561E+00 1.024320E+01
7.714000E+02 2.097576E+00 1.024199E+01
7.723000E+02 2.097590E+00 1.024078E+01
7.732000E+02 2.097605E+00 1.023958E+01
7.741000E+02 2.097619E+00 1.023839E+01
7.750000E+02 2.097632E+00 1.023721E+01
7.759000E+02 2.097646E+00 1.023602E+01
7.768000E+02 2.097659E+00 1.023485E+01
7.777000E+02 2.097671E+00 1.023368E+01
7.786000E+02 2.097684E+00 1.023251E+01
7.795000E+02 2.097696E+00 1.023135E+01
7.804000E+02 2.097707E+00 1.023020E+01
7.813000E+02 2.097719E+00 1.022772E+01
7.822000E+02 2.097730E+00 1.022658E+01
7.831000E+02 2.097741E+00 1.022544E+01
7.840000E+02 2.097751E+00 1.022431E+01
7.849000E+02 2.097762E+00 1.022319E+01
7.858000E+02 2.097771E+00 1.022207E+01
7.867000E+02 2.097781E+00 1.022095E+01
7.876000E+02 2.097790E+00 1.021984E+01
7.885000E+02 2.097799E+00 1.021874E+01
7.894000E+02 2.097808E+00 1.021764E+01
7.903000E+02 2.097816E+00 1.021655E+01
7.912000E+02 2.097824E+00 1.021546E+01
7.921000E+02 2.097832E+00 1.021438E+01
7.930000E+02 2.097840E+00 1.021330E+01
7.939000E+02 2.097847E+00 1.021223E+01
7.948000E+02 2.097854E+00 1.021117E+01
7.957000E+02 2.097860E+00 1.020878E+01
7.966000E+02 2.097867E+00 1.020773E+01
7.975000E+02 2.097873E+00 1.020668E+01
7.984000E+02 2.097878E+00 1.020563E+01
7.993000E+02 2.097884E+00 1.020459E+01
8.002000E+02 2.097889E+00 1.020356E+01
8.011000E+02 2.097894E+00 1.020253E+01
8.020000E+02 2.097898E+00 1.020151E+01
8.029000E+02 2.097903E+00 1.020049E+01
8.038000E+02 2.097907E+00 1.019948E+01
8.047000E+02 2.097910E+00 1.019715E+01
8.056000E+02 2.097914E+00 1.019615E+01
8.065000E+02 2.097917E+00 1.019515E+01
8.074000E+02 2.097920E+00 1.019416E+01
8.083000E+02 2.097922E+00 1.019317E+01
8.092000E+02 2.097925E+00 1.019219E+01
8.101000E+02 2.097927E+00 1.019121E+01
8.110000E+02 2.097929E+00 1.018893E+01
8.119000E+02 2.097930E+00 1.018796E+01
8.128000E+02 2.097931E+00 1.018700E+01
8.137000E+02 2.097932E+00 1.018604E+01
8.146000E+02 2.097933E+00 1.018509E+01
8.155000E+02 2.097933E+00 1.018415E+01
8.164000E+02 2.097933E+00 1.018321E+01
8.173000E+02 2.097933E+00 1.018096E+01
8.182000E+02 2.097933E+00 1.018003E+01
8.191000E+02 2.097932E+00 1.017910E+01
8.200000E+02 2.097931E+00 1.017818E+01
8.209000E+02 2.097930E+00 1.017727E+01
8.218000E+02 2.097929E+00 1.017636E+01
8.227000E+02 2.097927E+00 1.017414E+01
8.236000E+02 2.097925E+00 1.017324E+01
8.245000E+02 2.097923E+00 1.017235E+01
8.254000E+02 2.097920E+00 1.017145E+01
8.263000E+02 2.097918E+00 1.017057E+01
8.272000E+02 2.097915E+00 1.016838E+01
8.281000E+02 2.097911E+00 1.016751E+01
8.290000E+02 2.097908E+00 1.016663E+01
8.299000E+02 2.097904E+00 1.016577E+01
8.308000E+02 2.097900E+00 1.016491E+01
8.317000E+02 2.097896E+00 1.016275E+01
8.326000E+02 2.097891E+00 1.016190E+01
8.335000E+02 2.097887E+00 1.016105E+01
8.344000E+02 2.097882E+00 1.016021E+01
8.353000E+02 2.097876E+00 1.015937E+01
8.362000E+02 2.097871E+00 1.015724E+01
8.371000E+02 2.097865E+00 1.015641E+01
8.380000E+02 2.097859E+00 1.015559E+01
8.389000E+02 2.097853E+00 1.015477E+01
8.398000E+02 2.097846E+00 1.015266E+01
8.407000E+02 2.097840E+00 1.015185E+01
8.416000E+02 2.097833E+00 1.015105E+01
8.425000E+02 2.097825E+00 1.015025E+01
8.434000E+02 2.097818E+00 1.014816E+01
8.443000E+02 2.097810E+00 1.014737E+01
8.452000E+02 2.097802E+00 1.014658E+01
8.461000E+02 2.097794E+00 1.014580E+01
8.470000E+02 2.097786E+00 1.014373E+01
8.479000E+02 2.097777E+00 1.014296E+01
8.488000E+02 2.097768E+00 1.014220E+01
8.497000E+02 2.097759E+00 1.014143E+01
8.506000E+02 2.097750E+00 1.013939E+01
8.515000E+02 2.097740E+00 1.013863E+01
8.524000E+02 2.097731E+00 1.013789E+01
8.533000E+02 2.097721E+00 1.013714E+01
8.542000E+02 2.097710E+00 1.013511E+01
8.551000E+02 2.097700E+00 1.013438E+01
8.560000E+02 2.097689E+00 1.013365E+01
8.569000E+02 2.097678E+00 1.013164E+01
8.578000E+02 2.097667E+00 1.013092E+01
8.587000E+02 2.097656E+00 1.013020E+01
8.596000E+02 2.097644E+00 1.012949E+01
8.605000E+02 2.097632E+00 1.012750E+01
8.614000E+02 2.097620E+00 1.012680E+01
8.623000E+02 2.097608E+00 1.012610E+01
8.632000E+02 2.097595E+00 1.012412E+01
8.641000E+02 2.097583E+00 1.012343E+01
8.650000E+02 2.097570E+00 1.012275E+01
8.659000E+02 2.097556E+00 1.012079E+01
8.668000E+02 2.097543E+00 1.012011E+01
8.677000E+02 2.097530E+00 1.011944E+01
8.686000E+02 2.097516E+00 1.011749E+01
8.695000E+02 2.097502E+00 1.011683E+01
8.704000E+02 2.097487E+00 1.011617E+01
8.713000E+02 2.097473E+00 1.011424E+01
8.722000E+02 2.097458E+00 1.011359E+01
8.731000E+02 2.097444E+00 1.011295E+01
8.740000E+02 2.097428E+00 1.011103E+01
8.749000E+02 2.097413E+00 1.011039E+01
8.758000E+02 2.097398E+00 1.010976E+01
8.767000E+02 2.097382E+00 1.010786E+01
8.776000E+02 2.097366E+00 1.010723E+01
8.785000E+02 2.097350E+00 1.010662E+01
8.794000E+02 2.097334E+00 1.010473E+01
8.803000E+02 2.097317E+00 1.010412E+01
8.812000E+02 2.097300E+00 1.010351E+01
8.821000E+02 2.097283E+00 1.010164E+01
8.830000E+02 2.097266E+00 1.010104E+01
8.839000E+02 2.097249E+00 1.009917E+01
8.848000E+02 2.097231E+00 1.009858E+01
8.857000E+02 2.097214E+00 1.009800E+01
8.866000E+02 2.097196E+00 1.009615E+01
8.875000E+02 2.097177E+00 1.009557E+01
8.884000E+02 2.097159E+00 1.009500E+01
8.893000E+02 2.097141E+00 1.009316E+01
8.902000E+02 2.097122E+00 1.009260E+01
8.911000E+02 2.097103E+00 1.009077E+01
8.920000E+02 2.097084E+00 1.009022E+01
8.929000E+02 2.097064E+00 1.008967E+01
8.938000E+02 2.097045E+00 1.008785E+01
8.947000E+02 2.097025E+00 1.008731E+01
8.956000E+02 2.097005E+00 1.008551E+01
8.965000E+02 2.096985E+00 1.008497E+01
8.974000E+02 2.096965E+00 1.008445E+01
8.983000E+02 2.096944E+00 1.008265E+01
8.992000E+02 2.096924E+00 1.008213E+01
9.001000E+02 2.096903E+00 1.008035E+01
9.010000E+02 2.096882E+00 1.007984E+01
9.019000E+02 2.096860E+00 1.007933E+01
9.028000E+02 2.096839E+00 1.007756E+01
9.037000E+02 2.096817E+00 1.007706E+01
9.046000E+02 2.096796E+00 1.007530E+01
9.055000E+02 2.096774E+00 1.007481E+01
9.064000E+02 2.096751E+00 1.007305E+01
9.073000E+02 2.096729E+00 1.007257E+01
9.082000E+02 2.096707E+00 1.007083E+01
9.091000E+02 2.096684E+00 1.007035E+01
9.100000E+02 2.096661E+00 1.006988E+01
9.109000E+02 2.096638E+00 1.006815E+01
9.118000E+02 2.096615E+00 1.006769E+01
9.127000E+02 2.096591E+00 1.006597E+01
9.136000E+02 2.096567E+00 1.006551E+01
9.145000E+02 2.096544E+00 1.006380E+01
9.154000E+02 2.096520E+00 1.006335E+01
9.163000E+02 2.096496E+00 1.006165E+01
9.172000E+02 2.096471E+00 1.006121E+01
9.181000E+02 2.096447E+00 1.005952E+01
9.190000E+02 2.096422E+00 1.005908E+01
9.199000E+02 2.096397E+00 1.005866E+01
9.208000E+02 2.096372E+00 1.005698E+01
9.217000E+02 2.096347E+00 1.005656E+01
9.226000E+02 2.096321E+00 1.005488E+01
9.235000E+02 2.096296E+00 1.005447E+01
9.244000E+02 2.096270E+00 1.005281E+01
9.253000E+02 2.096244E+00 1.005240E+01
9.262000E+02 2.096218E+00 1.005075E+01
9.271000E+02 2.096192E+00 1.005035E+01
9.280000E+02 2.096166E+00 1.004870E+01
9.289000E+02 2.096139E+00 1.004832E+01
9.298000E+02 2.096112E+00 1.004668E+01
9.307000E+02 2.096085E+00 1.004630E+01
9.316000E+02 2.096058E+00 1.004467E+01
9.325000E+02 2.096031E+00 1.004429E+01
9.334000E+02 2.096004E+00 1.004267E+01
9.343000E+02 2.095976E+00 1.004231E+01
9.352000E+02 2.095948E+00 1.004069E+01
9.361000E+02 2.095920E+00 1.004033E+01
9.370000E+02 2.095892E+00 1.003873E+01
9.379000E+02 2.095864E+00 1.003838E+01
9.388000E+02 2.095836E+00 1.003678E+01
9.397000E+02 2.095807E+00 1.003519E+01
9.406000E+02 2.095778E+00 1.003485E+01
9.415000E+02 2.095750E+00 1.003327E+01
9.424000E+02 2.095721E+00 1.003294E+01
9.433000E+02 2.095691E+00 1.003136E+01
9.442000E+02 2.095662E+00 1.003104E+01
9.451000E+02 2.095633E+00 1.002947E+01
9.460000E+02 2.095603E+00 1.002915E+01
9.469000E+02 2.095573E+00 1.002760E+01
9.478000E+02 2.095543E+00 1.002729E+01
9.487000E+02 2.095513E+00 1.002573E+01
9.496000E+02 2.095483E+00 1.002543E+01
9.505000E+02 2.095452E+00 1.002389E+01
9.514000E+02 2.095422E+00 1.002235E+01
9.523000E+02 2.095391E+00 1.002206E+01
9.532000E+02 2.095360E+00 1.002053E+01
9.541000E+02 2.095329E+00 1.002025E+01
9.550000E+02 2.095298E+00 1.001872E+01
9.559000E+02 2.095266E+00 1.001845E+01
9.568000E+02 2.095235E+00 1.001693E+01
9.577000E+02 2.095203E+00 1.001542E+01
9.586000E+02 2.095171E+00 1.001516E+01
9.595000E+02 2.095139E+00 1.001366E+01
9.604000E+02 2.095107E+00 1.001340E+01
9.613000E+02 2.095075E+00 1.001190E+01
9.622000E+02 2.095043E+00 1.001041E+01
9.631000E+02 2.095010E+00 1.001016E+01
9.640000E+02 2.094978E+00 1.000868E+01
9.649000E+02 2.094945E+00 1.000844E+01
9.658000E+02 2.094912E+00 1.000697E+01
9.667000E+02 2.094879E+00 1.000673E+01
9.676000E+02 2.094845E+00 1.000527E+01
9.685000E+02 2.094812E+00 1.000380E+01
9.694000E+02 2.094778E+00 1.000358E+01
9.703000E+02 2.094745E+00 1.000213E+01
9.712000E+02 2.094711E+00 1.000068E+01
9.721000E+02 2.094677E+00 1.000046E+01
9.730000E+02 2.094643E+00 9.999020E+00
9.739000E+02 2.094608E+00 9.998814E+00
9.748000E+02 2.094574E+00 9.997379E+00
9.757000E+02 2.094540E+00 9.995948E+00
9.766000E+02 2.094505E+00 9.995752E+00
9.775000E+02 2.094470E+00 9.994329E+00
9.784000E+02 2.094435E+00 9.994140E+00
9.793000E+02 2.094400E+00 9.992724E+00
9.802000E+02 2.094365E+00 9.991312E+00
9.811000E+02 2.094329E+00 9.991134E+00
9.820000E+02 2.094294E+00 9.989729E+00
9.829000E+02 2.094258E+00 9.988328E+00
9.838000E+02 2.094222E+00 9.988160E+00
9.847000E+02 2.094187E+00 9.986767E+00
9.856000E+02 2.094151E+00 9.985377E+00
9.865000E+02 2.094114E+00 9.985220E+00
9.874000E+02 2.094078E+00 9.983838E+00
9.883000E+02 2.094042E+00 9.982460E+00
9.892000E+02 2.094005E+00 9.982312E+00
9.901000E+02 2.093968E+00 9.980941E+00
9.910000E+02 2.093931E+00 9.979574E+00
9.919000E+02 2.093895E+00 9.979437E+00
9.928000E+02 2.093857E+00 9.978077E+00
9.937000E+02 2.093820E+00 9.976722E+00
9.946000E+02 2.093783E+00 9.976594E+00
9.955000E+02 2.093745E+00 9.975246E+00
9.964000E+02 2.093708E+00 9.973901E+00
9.973000E+02 2.093670E+00 9.973784E+00
9.982000E+02 2.093632E+00 9.972446E+00
9.991000E+02 2.093594E+00 9.971113E+00
