1.000000E+02 1.510019E+00 1.170096E+01
1.009000E+02 1.514408E+00 1.169723E+01
1.018000E+02 1.518750E+00 1.169370E+01
1.027000E+02 1.523045E+00 1.169039E+01
1.036000E+02 1.527295E+00 1.168728E+01
1.045000E+02 1.531499E+00 1.168436E+01
1.054000E+02 1.535659E+00 1.168164E+01
1.063000E+02 1.539775E+00 1.167911E+01
1.072000E+02 1.543848E+00 1.167676E+01
1.081000E+02 1.547879E+00 1.167458E+01
1.090000E+02 1.551868E+00 1.166897E+01
1.099000E+02 1.555816E+00 1.166716E+01
1.108000E+02 1.559724E+00 1.166194E+01
1.117000E+02 1.563591E+00 1.166047E+01
1.126000E+02 1.567420E+00 1.165561E+01
1.135000E+02 1.571209E+00 1.165447E+01
1.144000E+02 1.574961E+00 1.164996E+01
1.153000E+02 1.578675E+00 1.164564E+01
1.162000E+02 1.582352E+00 1.164496E+01
1.171000E+02 1.585993E+00 1.164097E+01
1.180000E+02 1.589598E+00 1.163714E+01
1.189000E+02 1.593167E+00 1.163347E+01
1.198000E+02 1.596702E+00 1.162996E+01
1.207000E+02 1.600202E+00 1.162661E+01
1.216000E+02 1.603668E+00 1.162340E+01
1.225000E+02 1.607100E+00 1.162035E+01
1.234000E+02 1.610500E+00 1.161744E+01
1.243000E+02 1.613867E+00 1.161468E+01
1.252000E+02 1.617202E+00 1.161205E+01
1.261000E+02 1.620505E+00 1.160625E+01
1.270000E+02 1.623778E+00 1.160391E+01
1.279000E+02 1.627019E+00 1.160170E+01
1.288000E+02 1.630230E+00 1.159962E+01
1.297000E+02 1.633411E+00 1.159440E+01
1.306000E+02 1.636563E+00 1.159258E+01
1.315000E+02 1.639685E+00 1.158765E+01
1.324000E+02 1.642779E+00 1.158608E+01
1.333000E+02 1.645844E+00 1.158142E+01
1.342000E+02 1.648881E+00 1.158009E+01
1.351000E+02 1.651891E+00 1.157568E+01
1.360000E+02 1.654873E+00 1.157142E+01
1.369000E+02 1.657829E+00 1.156728E+01
1.378000E+02 1.660758E+00 1.156641E+01
1.387000E+02 1.663660E+00 1.156252E+01
1.396000E+02 1.666537E+00 1.155875E+01
1.405000E+02 1.669388E+00 1.155510E+01
1.414000E+02 1.672213E+00 1.155156E+01
1.423000E+02 1.675014E+00 1.154815E+01
1.432000E+02 1.677790E+00 1.154485E+01
1.441000E+02 1.680542E+00 1.154166E+01
1.450000E+02 1.683270E+00 1.153858E+01
1.459000E+02 1.685974E+00 1.153561E+01
1.468000E+02 1.688655E+00 1.153274E+01
1.477000E+02 1.691312E+00 1.152998E+01
1.486000E+02 1.693947E+00 1.152733E+01
1.495000E+02 1.696559E+00 1.152477E+01
1.504000E+02 1.699148E+00 1.151933E+01
1.513000E+02 1.701716E+00 1.151698E+01
1.522000E+02 1.704262E+00 1.151473E+01
1.531000E+02 1.706786E+00 1.150961E+01
1.540000E+02 1.709289E+00 1.150756E+01
1.549000E+02 1.711771E+00 1.150559E+01
1.558000E+02 1.714233E+00 1.150079E+01
1.567000E+02 1.716673E+00 1.149901E+01
1.576000E+02 1.719094E+00 1.149441E+01
1.585000E+02 1.721494E+00 1.149281E+01
1.594000E+02 1.723875E+00 1.148841E+01
1.603000E+02 1.726235E+00 1.148698E+01
1.612000E+02 1.728577E+00 1.148277E+01
1.621000E+02 1.730899E+00 1.147865E+01
1.630000E+02 1.733203E+00 1.147749E+01
1.639000E+02 1.735488E+00 1.147355E+01
1.648000E+02 1.737754E+00 1.146971E+01
1.657000E+02 1.740002E+00 1.146596E+01
1.666000E+02 1.742232E+00 1.146231E+01
1.675000E+02 1.744443E+00 1.146154E+01
1.684000E+02 1.746638E+00 1.145805E+01
1.693000E+02 1.748814E+00 1.145465E+01
1.702000E+02 1.750974E+00 1.145133E+01
1.711000E+02 1.753116E+00 1.144810E+01
1.720000E+02 1.755241E+00 1.144494E+01
1.729000E+02 1.757350E+00 1.144187E+01
1.738000E+02 1.759442E+00 1.143888E+01
1.747000E+02 1.761518E+00 1.143597E+01
1.756000E+02 1.763577E+00 1.143313E+01
1.765000E+02 1.765620E+00 1.143038E+01
1.774000E+02 1.767648E+00 1.142770E+01
1.783000E+02 1.769660E+00 1.142238E+01
1.792000E+02 1.771656E+00 1.141985E+01
1.801000E+02 1.773637E+00 1.141740E+01
1.810000E+02 1.775602E+00 1.141502E+01
1.819000E+02 1.777553E+00 1.141002E+01
1.828000E+02 1.779489E+00 1.140779E+01
1.837000E+02 1.781410E+00 1.140562E+01
1.846000E+02 1.783316E+00 1.140087E+01
1.855000E+02 1.785208E+00 1.139884E+01
1.864000E+02 1.787086E+00 1.139688E+01
1.873000E+02 1.788949E+00 1.139235E+01
1.882000E+02 1.790799E+00 1.139052E+01
1.891000E+02 1.792634E+00 1.138614E+01
1.900000E+02 1.794456E+00 1.138445E+01
1.909000E+02 1.796265E+00 1.138021E+01
1.918000E+02 1.798060E+00 1.137864E+01
1.927000E+02 1.799841E+00 1.137454E+01
1.936000E+02 1.801610E+00 1.137311E+01
1.945000E+02 1.803365E+00 1.136914E+01
1.954000E+02 1.805108E+00 1.136525E+01
1.963000E+02 1.806838E+00 1.136400E+01
1.972000E+02 1.808555E+00 1.136024E+01
1.981000E+02 1.810259E+00 1.135654E+01
1.990000E+02 1.811951E+00 1.135292E+01
1.999000E+02 1.813631E+00 1.135190E+01
2.008000E+02 1.815299E+00 1.134840E+01
2.017000E+02 1.816954E+00 1.134496E+01
2.026000E+02 1.818598E+00 1.134159E+01
2.035000E+02 1.820230E+00 1.133828E+01
2.044000E+02 1.821850E+00 1.133755E+01
2.053000E+02 1.823459E+00 1.133435E+01
2.062000E+02 1.825056E+00 1.133122E+01
2.071000E+02 1.826641E+00 1.132815E+01
2.080000E+02 1.828216E+00 1.132514E+01
2.089000E+02 1.829779E+00 1.132219E+01
2.098000E+02 1.831331E+00 1.131929E+01
2.107000E+02 1.832873E+00 1.131646E+01
2.116000E+02 1.834403E+00 1.131367E+01
2.125000E+02 1.835923E+00 1.131095E+01
2.134000E+02 1.837432E+00 1.130828E+01
2.143000E+02 1.838930E+00 1.130566E+01
2.152000E+02 1.840418E+00 1.130066E+01
2.161000E+02 1.841896E+00 1.129816E+01
2.170000E+02 1.843363E+00 1.129571E+01
2.179000E+02 1.844821E+00 1.129331E+01
2.188000E+02 1.846268E+00 1.129096E+01
2.197000E+02 1.847705E+00 1.128626E+01
2.206000E+02 1.849132E+00 1.128402E+01
2.215000E+02 1.850550E+00 1.128183E+01
2.224000E+02 1.851957E+00 1.127969E+01
2.233000E+02 1.853356E+00 1.127520E+01
2.242000E+02 1.854744E+00 1.127316E+01
2.251000E+02 1.856123E+00 1.127117E+01
2.260000E+02 1.857493E+00 1.126685E+01
2.269000E+02 1.858854E+00 1.126496E+01
2.278000E+02 1.860205E+00 1.126075E+01
2.287000E+02 1.861547E+00 1.125895E+01
2.296000E+02 1.862880E+00 1.125720E+01
2.305000E+02 1.864204E+00 1.125314E+01
2.314000E+02 1.865519E+00 1.125149E+01
2.323000E+02 1.866826E+00 1.124753E+01
2.332000E+02 1.868124E+00 1.124597E+01
2.341000E+02 1.869413E+00 1.124211E+01
2.350000E+02 1.870693E+00 1.124063E+01
2.359000E+02 1.871965E+00 1.123688E+01
2.368000E+02 1.873229E+00 1.123317E+01
2.377000E+02 1.874484E+00 1.123183E+01
2.386000E+02 1.875731E+00 1.122822E+01
2.395000E+02 1.876969E+00 1.122696E+01
2.404000E+02 1.878200E+00 1.122344E+01
2.413000E+02 1.879422E+00 1.121997E+01
2.422000E+02 1.880637E+00 1.121884E+01
2.431000E+02 1.881843E+00 1.121546E+01
2.440000E+02 1.883042E+00 1.121213E+01
2.449000E+02 1.884233E+00 1.120885E+01
2.458000E+02 1.885416E+00 1.120788E+01
2.467000E+02 1.886591E+00 1.120468E+01
2.476000E+02 1.887759E+00 1.120153E+01
2.485000E+02 1.888919E+00 1.119842E+01
2.494000E+02 1.890072E+00 1.119535E+01
2.503000E+02 1.891217E+00 1.119233E+01
2.512000E+02 1.892355E+00 1.119160E+01
2.521000E+02 1.893485E+00 1.118866E+01
2.530000E+02 1.894609E+00 1.118577E+01
2.539000E+02 1.895725E+00 1.118291E+01
2.548000E+02 1.896834E+00 1.118010E+01
2.557000E+02 1.897936E+00 1.117733E+01
2.566000E+02 1.899031E+00 1.117460E+01
2.575000E+02 1.900119E+00 1.117191E+01
2.584000E+02 1.901200E+00 1.116926E+01
2.593000E+02 1.902274E+00 1.116665E+01
2.602000E+02 1.903342E+00 1.116408E+01
2.611000E+02 1.904402E+00 1.116155E+01
2.620000E+02 1.905456E+00 1.115906E+01
2.629000E+02 1.906504E+00 1.115660E+01
2.638000E+02 1.907544E+00 1.115419E+01
2.647000E+02 1.908579E+00 1.115181E+01
2.656000E+02 1.909607E+00 1.114947E+01
2.665000E+02 1.910628E+00 1.114499E+01
2.674000E+02 1.911643E+00 1.114272E+01
2.683000E+02 1.912652E+00 1.114049E+01
2.692000E+02 1.913654E+00 1.113830E+01
2.701000E+02 1.914650E+00 1.113615E+01
2.710000E+02 1.915640E+00 1.113403E+01
2.719000E+02 1.916624E+00 1.112979E+01
2.728000E+02 1.917602E+00 1.112774E+01
2.737000E+02 1.918574E+00 1.112573E+01
2.746000E+02 1.919539E+00 1.112375E+01
2.755000E+02 1.920499E+00 1.111967E+01
2.764000E+02 1.921453E+00 1.111776E+01
2.773000E+02 1.922401E+00 1.111588E+01
2.782000E+02 1.923344E+00 1.111191E+01
2.791000E+02 1.924280E+00 1.111011E+01
2.800000E+02 1.925211E+00 1.110833E+01
2.809000E+02 1.926136E+00 1.110448E+01
2.818000E+02 1.927056E+00 1.110277E+01
2.827000E+02 1.927970E+00 1.109899E+01
2.836000E+02 1.928878E+00 1.109735E+01
2.845000E+02 1.929781E+00 1.109574E+01
2.854000E+02 1.930678E+00 1.109206E+01
2.863000E+02 1.931570E+00 1.109051E+01
2.872000E+02 1.932457E+00 1.108691E+01
2.881000E+02 1.933338E+00 1.108542E+01
2.890000E+02 1.934214E+00 1.108189E+01
2.899000E+02 1.935085E+00 1.108047E+01
2.908000E+02 1.935950E+00 1.107700E+01
2.917000E+02 1.936811E+00 1.107564E+01
2.926000E+02 1.937666E+00 1.107224E+01
2.935000E+02 1.938516E+00 1.107094E+01
2.944000E+02 1.939361E+00 1.106761E+01
2.953000E+02 1.940201E+00 1.106431E+01
2.962000E+02 1.941035E+00 1.106310E+01
2.971000E+02 1.941865E+00 1.105986E+01
2.980000E+02 1.942690E+00 1.105871E+01
2.989000E+02 1.943511E+00 1.105554E+01
2.998000E+02 1.944326E+00 1.105240E+01
3.007000E+02 1.945136E+00 1.105134E+01
3.016000E+02 1.945942E+00 1.104826E+01
3.025000E+02 1.946743E+00 1.104521E+01
3.034000E+02 1.947539E+00 1.104423E+01
3.043000E+02 1.948331E+00 1.104125E+01
3.052000E+02 1.949118E+00 1.103830E+01
3.061000E+02 1.949900E+00 1.103538E+01
3.070000E+02 1.950678E+00 1.103451E+01
3.079000E+02 1.951451E+00 1.103164E+01
3.088000E+02 1.952219E+00 1.102881E+01
3.097000E+02 1.952983E+00 1.102601E+01
3.106000E+02 1.953743E+00 1.102324E+01
3.115000E+02 1.954498E+00 1.102250E+01
3.124000E+02 1.955249E+00 1.101979E+01
3.133000E+02 1.955996E+00 1.101710E+01
3.142000E+02 1.956738E+00 1.101445E+01
3.151000E+02 1.957476E+00 1.101182E+01
3.160000E+02 1.958209E+00 1.100922E+01
3.169000E+02 1.958939E+00 1.100665E+01
3.178000E+02 1.959664E+00 1.100610E+01
3.187000E+02 1.960385E+00 1.100358E+01
3.196000E+02 1.961101E+00 1.100109E+01
3.205000E+02 1.961814E+00 1.099863E+01
3.214000E+02 1.962523E+00 1.099620E+01
3.223000E+02 1.963227E+00 1.099379E+01
3.232000E+02 1.963927E+00 1.099141E+01
3.241000E+02 1.964624E+00 1.098906E+01
3.250000E+02 1.965316E+00 1.098674E+01
3.259000E+02 1.966005E+00 1.098444E+01
3.268000E+02 1.966689E+00 1.098217E+01
3.277000E+02 1.967370E+00 1.097992E+01
3.286000E+02 1.968047E+00 1.097770E+01
3.295000E+02 1.968720E+00 1.097551E+01
3.304000E+02 1.969389E+00 1.097334E+01
3.313000E+02 1.970054E+00 1.097120E+01
3.322000E+02 1.970715E+00 1.096714E+01
3.331000E+02 1.971373E+00 1.096505E+01
3.340000E+02 1.972027E+00 1.096299E+01
3.349000E+02 1.972678E+00 1.096095E+01
3.358000E+02 1.973324E+00 1.095893E+01
3.367000E+02 1.973967E+00 1.095694E+01
3.376000E+02 1.974606E+00 1.095497E+01
3.385000E+02 1.975242E+00 1.095303E+01
3.394000E+02 1.975874E+00 1.094919E+01
3.403000E+02 1.976503E+00 1.094730E+01
3.412000E+02 1.977128E+00 1.094543E+01
3.421000E+02 1.977750E+00 1.094358E+01
3.430000E+02 1.978368E+00 1.094176E+01
3.439000E+02 1.978982E+00 1.093805E+01
3.448000E+02 1.979594E+00 1.093627E+01
3.457000E+02 1.980201E+00 1.093452E+01
3.466000E+02 1.980806E+00 1.093279E+01
3.475000E+02 1.981407E+00 1.092919E+01
3.484000E+02 1.982004E+00 1.092751E+01
3.493000E+02 1.982599E+00 1.092585E+01
3.502000E+02 1.983189E+00 1.092232E+01
3.511000E+02 1.983777E+00 1.092070E+01
3.520000E+02 1.984362E+00 1.091911E+01
3.529000E+02 1.984943E+00 1.091566E+01
3.538000E+02 1.985521E+00 1.091411E+01
3.547000E+02 1.986095E+00 1.091258E+01
3.556000E+02 1.986667E+00 1.090920E+01
3.565000E+02 1.987235E+00 1.090772E+01
3.574000E+02 1.987801E+00 1.090626E+01
3.583000E+02 1.988363E+00 1.090295E+01
3.592000E+02 1.988922E+00 1.090153E+01
3.601000E+02 1.989478E+00 1.089827E+01
3.610000E+02 1.990031E+00 1.089690E+01
3.619000E+02 1.990580E+00 1.089554E+01
3.628000E+02 1.991127E+00 1.089235E+01
3.637000E+02 1.991671E+00 1.089104E+01
3.646000E+02 1.992212E+00 1.088789E+01
3.655000E+02 1.992750E+00 1.088662E+01
3.664000E+02 1.993284E+00 1.088352E+01
3.673000E+02 1.993816E+00 1.088229E+01
3.682000E+02 1.994345E+00 1.087923E+01
3.691000E+02 1.994871E+00 1.087804E+01
3.700000E+02 1.995395E+00 1.087503E+01
3.709000E+02 1.995915E+00 1.087388E+01
3.718000E+02 1.996433E+00 1.087092E+01
3.727000E+02 1.996947E+00 1.086981E+01
3.736000E+02 1.997459E+00 1.086688E+01
3.745000E+02 1.997968E+00 1.086398E+01
3.754000E+02 1.998475E+00 1.086293E+01
3.763000E+02 1.998978E+00 1.086007E+01
3.772000E+02 1.999479E+00 1.085906E+01
3.781000E+02 1.999977E+00 1.085625E+01
3.790000E+02 2.000473E+00 1.085345E+01
3.799000E+02 2.000965E+00 1.085250E+01
3.808000E+02 2.001455E+00 1.084974E+01
3.817000E+02 2.001943E+00 1.084883E+01
3.826000E+02 2.002427E+00 1.084611E+01
3.835000E+02 2.002909E+00 1.084342E+01
3.844000E+02 2.003389E+00 1.084256E+01
3.853000E+02 2.003866E+00 1.083991E+01
3.862000E+02 2.004340E+00 1.083728E+01
3.871000E+02 2.004812E+00 1.083467E+01
3.880000E+02 2.005281E+00 1.083388E+01
3.889000E+02 2.005748E+00 1.083131E+01
3.898000E+02 2.006212E+00 1.082877E+01
3.907000E+02 2.006674E+00 1.082803E+01
3.916000E+02 2.007133E+00 1.082552E+01
3.925000E+02 2.007589E+00 1.082303E+01
3.934000E+02 2.008044E+00 1.082056E+01
3.943000E+02 2.008495E+00 1.081989E+01
3.952000E+02 2.008945E+00 1.081746E+01
3.961000E+02 2.009392E+00 1.081505E+01
3.970000E+02 2.009836E+00 1.081265E+01
3.979000E+02 2.010278E+00 1.081028E+01
3.988000E+02 2.010718E+00 1.080970E+01
3.997000E+02 2.011156E+00 1.080736E+01
4.006000E+02 2.011591E+00 1.080504E+01
4.015000E+02 2.012023E+00 1.080274E+01
4.024000E+02 2.012454E+00 1.080046E+01
4.033000E+02 2.012882E+00 1.079820E+01
4.042000E+02 2.013308E+00 1.079596E+01
4.051000E+02 2.013731E+00 1.079549E+01
4.060000E+02 2.014153E+00 1.079329E+01
4.069000E+02 2.014572E+00 1.079110E+01
4.078000E+02 2.014988E+00 1.078892E+01
4.087000E+02 2.015403E+00 1.078677E+01
4.096000E+02 2.015815E+00 1.078464E+01
4.105000E+02 2.016225E+00 1.078252E+01
4.114000E+02 2.016633E+00 1.078042E+01
4.123000E+02 2.017039E+00 1.077834E+01
4.132000E+02 2.017443E+00 1.077627E+01
4.141000E+02 2.017844E+00 1.077422E+01
4.150000E+02 2.018244E+00 1.077219E+01
4.159000E+02 2.018641E+00 1.077018E+01
4.168000E+02 2.019036E+00 1.076819E+01
4.177000E+02 2.019429E+00 1.076621E+01
4.186000E+02 2.019820E+00 1.076425E+01
4.195000E+02 2.020209E+00 1.076230E+01
4.204000E+02 2.020595E+00 1.076038E+01
4.213000E+02 2.020980E+00 1.075847E+01
4.222000E+02 2.021363E+00 1.075657E+01
4.231000E+02 2.021743E+00 1.075469E+01
4.240000E+02 2.022122E+00 1.075283E+01
4.249000E+02 2.022499E+00 1.075099E+01
4.258000E+02 2.022873E+00 1.074916E+01
4.267000E+02 2.023246E+00 1.074735E+01
4.276000E+02 2.023616E+00 1.074555E+01
4.285000E+02 2.023985E+00 1.074377E+01
4.294000E+02 2.024352E+00 1.074201E+01
4.303000E+02 2.024717E+00 1.074026E+01
4.312000E+02 2.025079E+00 1.073853E+01
4.321000E+02 2.025440E+00 1.073681E+01
4.330000E+02 2.025799E+00 1.073341E+01
4.339000E+02 2.026157E+00 1.073172E+01
4.348000E+02 2.026512E+00 1.073005E+01
4.357000E+02 2.026865E+00 1.072840E+01
4.366000E+02 2.027217E+00 1.072676E+01
4.375000E+02 2.027566E+00 1.072514E+01
4.384000E+02 2.027914E+00 1.072353E+01
4.393000E+02 2.028260E+00 1.072025E+01
4.402000E+02 2.028604E+00 1.071867E+01
4.411000E+02 2.028946E+00 1.071711E+01
4.420000E+02 2.029287E+00 1.071556E+01
4.429000E+02 2.029626E+00 1.071403E+01
4.438000E+02 2.029962E+00 1.071083E+01
4.447000E+02 2.030298E+00 1.070933E+01
4.456000E+02 2.030631E+00 1.070784E+01
4.465000E+02 2.030963E+00 1.070637E+01
4.474000E+02 2.031292E+00 1.070323E+01
4.483000E+02 2.031621E+00 1.070179E+01
4.492000E+02 2.031947E+00 1.070037E+01
4.501000E+02 2.032272E+00 1.069895E+01
4.510000E+02 2.032595E+00 1.069588E+01
4.519000E+02 2.032916E+00 1.069450E+01
4.528000E+02 2.033235E+00 1.069313E+01
4.537000E+02 2.033553E+00 1.069177E+01
4.546000E+02 2.033869E+00 1.068876E+01
4.555000E+02 2.034184E+00 1.068743E+01
4.564000E+02 2.034497E+00 1.068612E+01
4.573000E+02 2.034808E+00 1.068316E+01
4.582000E+02 2.035118E+00 1.068187E+01
4.591000E+02 2.035426E+00 1.068060E+01
4.600000E+02 2.035732E+00 1.067768E+01
4.609000E+02 2.036037E+00 1.067644E+01
4.618000E+02 2.036340E+00 1.067521E+01
4.627000E+02 2.036641E+00 1.067234E+01
4.636000E+02 2.036941E+00 1.067114E+01
4.645000E+02 2.037239E+00 1.066830E+01
4.654000E+02 2.037536E+00 1.066712E+01
4.663000E+02 2.037831E+00 1.066596E+01
4.672000E+02 2.038125E+00 1.066316E+01
4.681000E+02 2.038417E+00 1.066203E+01
4.690000E+02 2.038708E+00 1.065926E+01
4.699000E+02 2.038997E+00 1.065815E+01
4.708000E+02 2.039284E+00 1.065706E+01
4.717000E+02 2.039570E+00 1.065433E+01
4.726000E+02 2.039855E+00 1.065327E+01
4.735000E+02 2.040138E+00 1.065057E+01
4.744000E+02 2.040419E+00 1.064953E+01
4.753000E+02 2.040699E+00 1.064686E+01
4.762000E+02 2.040978E+00 1.064585E+01
4.771000E+02 2.041255E+00 1.064321E+01
4.780000E+02 2.041530E+00 1.064222E+01
4.789000E+02 2.041805E+00 1.063961E+01
4.798000E+02 2.042077E+00 1.063864E+01
4.807000E+02 2.042348E+00 1.063606E+01
4.816000E+02 2.042618E+00 1.063512E+01
4.825000E+02 2.042887E+00 1.063257E+01
4.834000E+02 2.043154E+00 1.063165E+01
4.843000E+02 2.043419E+00 1.062913E+01
4.852000E+02 2.043683E+00 1.062823E+01
4.861000E+02 2.043946E+00 1.062574E+01
4.870000E+02 2.044208E+00 1.062487E+01
4.879000E+02 2.044468E+00 1.062240E+01
4.888000E+02 2.044726E+00 1.062155E+01
4.897000E+02 2.044984E+00 1.061911E+01
4.906000E+02 2.045240E+00 1.061829E+01
4.915000E+02 2.045494E+00 1.061587E+01
4.924000E+02 2.045747E+00 1.061347E+01
4.933000E+02 2.045999E+00 1.061269E+01
4.942000E+02 2.046250E+00 1.061031E+01
4.951000E+02 2.046499E+00 1.060955E+01
4.960000E+02 2.046747E+00 1.060720E+01
4.969000E+02 2.046993E+00 1.060486E+01
4.978000E+02 2.047239E+00 1.060413E+01
4.987000E+02 2.047483E+00 1.060182E+01
4.996000E+02 2.047725E+00 1.059952E+01
5.005000E+02 2.047967E+00 1.059883E+01
5.014000E+02 2.048207E+00 1.059656E+01
5.023000E+02 2.048446E+00 1.059589E+01
5.032000E+02 2.048683E+00 1.059364E+01
5.041000E+02 2.048920E+00 1.059140E+01
5.050000E+02 2.049155E+00 1.059077E+01
5.059000E+02 2.049389E+00 1.058856E+01
5.068000E+02 2.049621E+00 1.058636E+01
5.077000E+02 2.049853E+00 1.058417E+01
5.086000E+02 2.050083E+00 1.058358E+01
5.095000E+02 2.050312E+00 1.058142E+01
5.104000E+02 2.050539E+00 1.057927E+01
5.113000E+02 2.050766E+00 1.057872E+01
5.122000E+02 2.050991E+00 1.057659E+01
5.131000E+02 2.051215E+00 1.057448E+01
5.140000E+02 2.051438E+00 1.057238E+01
5.149000E+02 2.051660E+00 1.057187E+01
5.158000E+02 2.051880E+00 1.056979E+01
5.167000E+02 2.052099E+00 1.056773E+01
5.176000E+02 2.052318E+00 1.056567E+01
5.185000E+02 2.052535E+00 1.056520E+01
5.194000E+02 2.052750E+00 1.056318E+01
5.203000E+02 2.052965E+00 1.056116E+01
5.212000E+02 2.053179E+00 1.055915E+01
5.221000E+02 2.053391E+00 1.055873E+01
5.230000E+02 2.053602E+00 1.055674E+01
5.239000E+02 2.053812E+00 1.055477E+01
5.248000E+02 2.054021E+00 1.055281E+01
5.257000E+02 2.054229E+00 1.055087E+01
5.266000E+02 2.054436E+00 1.055049E+01
5.275000E+02 2.054642E+00 1.054856E+01
5.284000E+02 2.054846E+00 1.054665E+01
5.293000E+02 2.055050E+00 1.054475E+01
5.302000E+02 2.055252E+00 1.054286E+01
5.311000E+02 2.055453E+00 1.054098E+01
5.320000E+02 2.055654E+00 1.054067E+01
5.329000E+02 2.055853E+00 1.053881E+01
5.338000E+02 2.056051E+00 1.053696E+01
5.347000E+02 2.056248E+00 1.053513E+01
5.356000E+02 2.056444E+00 1.053330E+01
5.365000E+02 2.056638E+00 1.053149E+01
5.374000E+02 2.056832E+00 1.052969E+01
5.383000E+02 2.057025E+00 1.052944E+01
5.392000E+02 2.057217E+00 1.052766E+01
5.401000E+02 2.057407E+00 1.052590E+01
5.410000E+02 2.057597E+00 1.052414E+01
5.419000E+02 2.057786E+00 1.052239E+01
5.428000E+02 2.057973E+00 1.052065E+01
5.437000E+02 2.058160E+00 1.051893E+01
5.446000E+02 2.058345E+00 1.051721E+01
5.455000E+02 2.058530E+00 1.051551E+01
5.464000E+02 2.058714E+00 1.051381E+01
5.473000E+02 2.058896E+00 1.051213E+01
5.482000E+02 2.059078E+00 1.051046E+01
5.491000E+02 2.059258E+00 1.050880E+01
5.500000E+02 2.059438E+00 1.050714E+01
5.509000E+02 2.059616E+00 1.050703E+01
5.518000E+02 2.059794E+00 1.050540E+01
5.527000E+02 2.059971E+00 1.050378E+01
5.536000E+02 2.060146E+00 1.050217E+01
5.545000E+02 2.060321E+00 1.050057E+01
5.554000E+02 2.060495E+00 1.049898E+01
5.563000E+02 2.060668E+00 1.049740E+01
5.572000E+02 2.060840E+00 1.049583E+01
5.581000E+02 2.061011E+00 1.049427E+01
5.590000E+02 2.061181E+00 1.049272E+01
5.599000E+02 2.061350E+00 1.049118E+01
5.608000E+02 2.061518E+00 1.048965E+01
5.617000E+02 2.061685E+00 1.048813E+01
5.626000E+02 2.061851E+00 1.048662E+01
5.635000E+02 2.062017E+00 1.048360E+01
5.644000E+02 2.062181E+00 1.048211E+01
5.653000E+02 2.062345E+00 1.048063E+01
5.662000E+02 2.062507E+00 1.047916E+01
5.671000E+02 2.062669E+00 1.047770E+01
5.680000E+02 2.062830E+00 1.047625E+01
5.689000E+02 2.062990E+00 1.047481E+01
5.698000E+02 2.063149E+00 1.047338E+01
5.707000E+02 2.063307E+00 1.047196E+01
5.716000E+02 2.063464E+00 1.047055E+01
5.725000E+02 2.063621E+00 1.046914E+01
5.734000E+02 2.063776E+00 1.046775E+01
5.743000E+02 2.063931E+00 1.046637E+01
5.752000E+02 2.064085E+00 1.046499E+01
5.761000E+02 2.064238E+00 1.046213E+01
5.770000E+02 2.064390E+00 1.046077E+01
5.779000E+02 2.064541E+00 1.045943E+01
5.788000E+02 2.064692E+00 1.045809E+01
5.797000E+02 2.064841E+00 1.045676E+01
5.806000E+02 2.064990E+00 1.045545E+01
5.815000E+02 2.065138E+00 1.045414E+01
5.824000E+02 2.065285E+00 1.045134E+01
5.833000E+02 2.065431E+00 1.045005E+01
5.842000E+02 2.065576E+00 1.044877E+01
5.851000E+02 2.065721E+00 1.044750E+01
5.860000E+02 2.065865E+00 1.044624E+01
5.869000E+02 2.066008E+00 1.044499E+01
5.878000E+02 2.066150E+00 1.044374E+01
5.887000E+02 2.066291E+00 1.044102E+01
5.896000E+02 2.066432E+00 1.043979E+01
5.905000E+02 2.066571E+00 1.043857E+01
5.914000E+02 2.066710E+00 1.043737E+01
5.923000E+02 2.066848E+00 1.043617E+01
5.932000E+02 2.066986E+00 1.043349E+01
5.941000E+02 2.067122E+00 1.043231E+01
5.950000E+02 2.067258E+00 1.043114E+01
5.959000E+02 2.067393E+00 1.042997E+01
5.968000E+02 2.067527E+00 1.042882E+01
5.977000E+02 2.067661E+00 1.042619E+01
5.986000E+02 2.067793E+00 1.042506E+01
5.995000E+02 2.067925E+00 1.042393E+01
6.004000E+02 2.068056E+00 1.042280E+01
6.013000E+02 2.068187E+00 1.042022E+01
6.022000E+02 2.068316E+00 1.041911E+01
6.031000E+02 2.068445E+00 1.041802E+01
6.040000E+02 2.068573E+00 1.041693E+01
6.049000E+02 2.068701E+00 1.041438E+01
6.058000E+02 2.068827E+00 1.041332E+01
6.067000E+02 2.068953E+00 1.041225E+01
6.076000E+02 2.069079E+00 1.040973E+01
6.085000E+02 2.069203E+00 1.040869E+01
6.094000E+02 2.069327E+00 1.040765E+01
6.103000E+02 2.069450E+00 1.040663E+01
6.112000E+02 2.069572E+00 1.040414E+01
6.121000E+02 2.069694E+00 1.040313E+01
6.130000E+02 2.069814E+00 1.040213E+01
6.139000E+02 2.069934E+00 1.039967E+01
6.148000E+02 2.070054E+00 1.039869E+01
6.157000E+02 2.070173E+00 1.039771E+01
6.166000E+02 2.070291E+00 1.039528E+01
6.175000E+02 2.070408E+00 1.039432E+01
6.184000E+02 2.070525E+00 1.039337E+01
6.193000E+02 2.070640E+00 1.039097E+01
6.202000E+02 2.070756E+00 1.039003E+01
6.211000E+02 2.070870E+00 1.038910E+01
6.220000E+02 2.070984E+00 1.038672E+01
6.229000E+02 2.071097E+00 1.038581E+01
6.238000E+02 2.071210E+00 1.038490E+01
6.247000E+02 2.071321E+00 1.038256E+01
6.256000E+02 2.071433E+00 1.038167E+01
6.265000E+02 2.071543E+00 1.038078E+01
6.274000E+02 2.071653E+00 1.037846E+01
6.283000E+02 2.071762E+00 1.037760E+01
6.292000E+02 2.071871E+00 1.037529E+01
6.301000E+02 2.071978E+00 1.037444E+01
6.310000E+02 2.072085E+00 1.037360E+01
6.319000E+02 2.072192E+00 1.037132E+01
6.328000E+02 2.072298E+00 1.037049E+01
6.337000E+02 2.072403E+00 1.036823E+01
6.346000E+02 2.072508E+00 1.036742E+01
6.355000E+02 2.072612E+00 1.036661E+01
6.364000E+02 2.072715E+00 1.036438E+01
6.373000E+02 2.072817E+00 1.036359E+01
6.382000E+02 2.072919E+00 1.036137E+01
6.391000E+02 2.073021E+00 1.036059E+01
6.400000E+02 2.073122E+00 1.035839E+01
6.409000E+02 2.073222E+00 1.035763E+01
6.418000E+02 2.073321E+00 1.035688E+01
6.427000E+02 2.073420E+00 1.035470E+01
6.436000E+02 2.073518E+00 1.035397E+01
6.445000E+02 2.073616E+00 1.035181E+01
6.454000E+02 2.073713E+00 1.035108E+01
6.463000E+02 2.073810E+00 1.034894E+01
6.472000E+02 2.073905E+00 1.034823E+01
6.481000E+02 2.074001E+00 1.034610E+01
6.490000E+02 2.074095E+00 1.034541E+01
6.499000E+02 2.074189E+00 1.034330E+01
6.508000E+02 2.074283E+00 1.034262E+01
6.517000E+02 2.074376E+00 1.034053E+01
6.526000E+02 2.074468E+00 1.033986E+01
6.535000E+02 2.074559E+00 1.033778E+01
6.544000E+02 2.074650E+00 1.033713E+01
6.553000E+02 2.074741E+00 1.033507E+01
6.562000E+02 2.074831E+00 1.033443E+01
6.571000E+02 2.074920E+00 1.033238E+01
6.580000E+02 2.075009E+00 1.033176E+01
6.589000E+02 2.075097E+00 1.032973E+01
6.598000E+02 2.075185E+00 1.032912E+01
6.607000E+02 2.075272E+00 1.032711E+01
6.616000E+02 2.075358E+00 1.032651E+01
6.625000E+02 2.075444E+00 1.032451E+01
6.634000E+02 2.075529E+00 1.032252E+01
6.643000E+02 2.075614E+00 1.032195E+01
6.652000E+02 2.075698E+00 1.031997E+01
6.661000E+02 2.075782E+00 1.031941E+01
6.670000E+02 2.075865E+00 1.031745E+01
6.679000E+02 2.075948E+00 1.031690E+01
6.688000E+02 2.076030E+00 1.031496E+01
6.697000E+02 2.076111E+00 1.031443E+01
6.706000E+02 2.076192E+00 1.031249E+01
6.715000E+02 2.076272E+00 1.031057E+01
6.724000E+02 2.076352E+00 1.031006E+01
6.733000E+02 2.076431E+00 1.030815E+01
6.742000E+02 2.076510E+00 1.030765E+01
6.751000E+02 2.076588E+00 1.030576E+01
6.760000E+02 2.076666E+00 1.030387E+01
6.769000E+02 2.076743E+00 1.030339E+01
6.778000E+02 2.076820E+00 1.030152E+01
6.787000E+02 2.076896E+00 1.030106E+01
6.796000E+02 2.076972E+00 1.029920E+01
6.805000E+02 2.077047E+00 1.029735E+01
6.814000E+02 2.077121E+00 1.029690E+01
6.823000E+02 2.077195E+00 1.029507E+01
6.832000E+02 2.077269E+00 1.029324E+01
6.841000E+02 2.077342E+00 1.029281E+01
6.850000E+02 2.077414E+00 1.029100E+01
6.859000E+02 2.077486E+00 1.028919E+01
6.868000E+02 2.077558E+00 1.028879E+01
6.877000E+02 2.077629E+00 1.028700E+01
6.886000E+02 2.077699E+00 1.028521E+01
6.895000E+02 2.077769E+00 1.028483E+01
6.904000E+02 2.077839E+00 1.028305E+01
6.913000E+02 2.077908E+00 1.028129E+01
6.922000E+02 2.077976E+00 1.028092E+01
6.931000E+02 2.078044E+00 1.027917E+01
6.940000E+02 2.078112E+00 1.027743E+01
6.949000E+02 2.078179E+00 1.027708E+01
6.958000E+02 2.078245E+00 1.027535E+01
6.967000E+02 2.078311E+00 1.027363E+01
6.976000E+02 2.078377E+00 1.027330E+01
6.985000E+02 2.078442E+00 1.027160E+01
6.994000E+02 2.078507E+00 1.026989E+01
7.003000E+02 2.078571E+00 1.026958E+01
7.012000E+02 2.078634E+00 1.026790E+01
7.021000E+02 2.078698E+00 1.026622E+01
7.030000E+02 2.078760E+00 1.026454E+01
7.039000E+02 2.078823E+00 1.026426E+01
7.048000E+02 2.078885E+00 1.026260E+01
7.057000E+02 2.078946E+00 1.026094E+01
7.066000E+02 2.079007E+00 1.025930E+01
7.075000E+02 2.079067E+00 1.025904E+01
7.084000E+02 2.079127E+00 1.025740E+01
7.093000E+02 2.079187E+00 1.025578E+01
7.102000E+02 2.079246E+00 1.025416E+01
7.111000E+02 2.079304E+00 1.025392E+01
7.120000E+02 2.079362E+00 1.025231E+01
7.129000E+02 2.079420E+00 1.025071E+01
7.138000E+02 2.079477E+00 1.024912E+01
7.147000E+02 2.079534E+00 1.024891E+01
7.156000E+02 2.079591E+00 1.024733E+01
7.165000E+02 2.079647E+00 1.024575E+01
7.174000E+02 2.079702E+00 1.024419E+01
7.183000E+02 2.079757E+00 1.024400E+01
7.192000E+02 2.079812E+00 1.024244E+01
7.201000E+02 2.079866E+00 1.024090E+01
7.210000E+02 2.079920E+00 1.023936E+01
7.219000E+02 2.079973E+00 1.023782E+01
7.228000E+02 2.080026E+00 1.023766E+01
7.237000E+02 2.080078E+00 1.023614E+01
7.246000E+02 2.080130E+00 1.023462E+01
7.255000E+02 2.080182E+00 1.023311E+01
7.264000E+02 2.080233E+00 1.023161E+01
7.273000E+02 2.080284E+00 1.023148E+01
7.282000E+02 2.080334E+00 1.022999E+01
7.291000E+02 2.080384E+00 1.022851E+01
7.300000E+02 2.080434E+00 1.022703E+01
7.309000E+02 2.080483E+00 1.022556E+01
7.318000E+02 2.080531E+00 1.022410E+01
7.327000E+02 2.080580E+00 1.022400E+01
7.336000E+02 2.080627E+00 1.022254E+01
7.345000E+02 2.080675E+00 1.022110E+01
7.354000E+02 2.080722E+00 1.021966E+01
7.363000E+02 2.080769E+00 1.021823E+01
7.372000E+02 2.080815E+00 1.021680E+01
7.381000E+02 2.080861E+00 1.021538E+01
7.390000E+02 2.080906E+00 1.021532E+01
7.399000E+02 2.080951E+00 1.021391E+01
7.408000E+02 2.080996E+00 1.021251E+01
7.417000E+02 2.081040E+00 1.021111E+01
7.426000E+02 2.081084E+00 1.020972E+01
7.435000E+02 2.081127E+00 1.020834E+01
7.444000E+02 2.081170E+00 1.020696E+01
7.453000E+02 2.081213E+00 1.020559E+01
7.462000E+02 2.081255E+00 1.020557E+01
7.471000E+02 2.081297E+00 1.020421E+01
7.480000E+02 2.081339E+00 1.020286E+01
7.489000E+02 2.081380E+00 1.020151E+01
7.498000E+02 2.081421E+00 1.020017E+01
7.507000E+02 2.081461E+00 1.019883E+01
7.516000E+02 2.081501E+00 1.019750E+01
7.525000E+02 2.081541E+00 1.019618E+01
7.534000E+02 2.081580E+00 1.019486E+01
7.543000E+02 2.081619E+00 1.019355E+01
7.552000E+02 2.081657E+00 1.019224E+01
7.561000E+02 2.081696E+00 1.019094E+01
7.570000E+02 2.081733E+00 1.019098E+01
7.579000E+02 2.081771E+00 1.018970E+01
7.588000E+02 2.081808E+00 1.018841E+01
7.597000E+02 2.081844E+00 1.018713E+01
7.606000E+02 2.081881E+00 1.018586E+01
7.615000E+02 2.081917E+00 1.018460E+01
7.624000E+02 2.081952E+00 1.018334E+01
7.633000E+02 2.081987E+00 1.018208E+01
7.642000E+02 2.082022E+00 1.018083E+01
7.651000E+02 2.082057E+00 1.017959E+01
7.660000E+02 2.082091E+00 1.017835E+01
7.669000E+02 2.082125E+00 1.017712E+01
7.678000E+02 2.082158E+00 1.017589E+01
7.687000E+02 2.082191E+00 1.017467E+01
7.696000E+02 2.082224E+00 1.017346E+01
7.705000E+02 2.082256E+00 1.017225E+01
7.714000E+02 2.082288E+00 1.017105E+01
7.723000E+02 2.082320E+00 1.016985E+01
7.732000E+02 2.082351E+00 1.016866E+01
7.741000E+02 2.082382E+00 1.016747E+01
7.750000E+02 2.082413E+00 1.016629E+01
7.759000E+02 2.082443E+00 1.016511E+01
7.768000E+02 2.082473E+00 1.016394E+01
7.777000E+02 2.082503E+00 1.016278E+01
7.786000E+02 2.082532E+00 1.016162E+01
7.795000E+02 2.082561E+00 1.016046E+01
7.804000E+02 2.082590E+00 1.015932E+01
7.813000E+02 2.082618E+00 1.015817E+01
7.822000E+02 2.082646E+00 1.015704E+01
7.831000E+02 2.082674E+00 1.015590E+01
7.840000E+02 2.082701E+00 1.015478E+01
7.849000E+02 2.082728E+00 1.015366E+01
7.858000E+02 2.082755E+00 1.015254E+01
7.867000E+02 2.082781E+00 1.015143E+01
7.876000E+02 2.082807E+00 1.015033E+01
7.885000E+02 2.082833E+00 1.014923E+01
7.894000E+02 2.082858E+00 1.014813E+01
7.903000E+02 2.082883E+00 1.014704E+01
7.912000E+02 2.082908E+00 1.014596E+01
7.921000E+02 2.082932E+00 1.014488E+01
7.930000E+02 2.082957E+00 1.014381E+01
7.939000E+02 2.082980E+00 1.014142E+01
7.948000E+02 2.083004E+00 1.014036E+01
7.957000E+02 2.083027E+00 1.013930E+01
7.966000E+02 2.083050E+00 1.013825E+01
7.975000E+02 2.083072E+00 1.013720E+01
7.984000E+02 2.083095E+00 1.013616E+01
7.993000E+02 2.083116E+00 1.013513E+01
8.002000E+02 2.083138E+00 1.013409E+01
8.011000E+02 2.083159E+00 1.013307E+01
8.020000E+02 2.083180E+00 1.013205E+01
8.029000E+02 2.083201E+00 1.013103E+01
8.038000E+02 2.083221E+00 1.013002E+01
8.047000E+02 2.083242E+00 1.012770E+01
8.056000E+02 2.083261E+00 1.012670E+01
8.065000E+02 2.083281E+00 1.012571E+01
8.074000E+02 2.083300E+00 1.012472E+01
8.083000E+02 2.083319E+00 1.012373E+01
8.092000E+02 2.083337E+00 1.012275E+01
8.101000E+02 2.083356E+00 1.012178E+01
8.110000E+02 2.083374E+00 1.012081E+01
8.119000E+02 2.083391E+00 1.011984E+01
8.128000E+02 2.083409E+00 1.011758E+01
8.137000E+02 2.083426E+00 1.011662E+01
8.146000E+02 2.083443E+00 1.011567E+01
8.155000E+02 2.083459E+00 1.011473E+01
8.164000E+02 2.083476E+00 1.011379E+01
8.173000E+02 2.083492E+00 1.011285E+01
8.182000E+02 2.083507E+00 1.011192E+01
8.191000E+02 2.083523E+00 1.010969E+01
8.200000E+02 2.083538E+00 1.010877E+01
8.209000E+02 2.083553E+00 1.010786E+01
8.218000E+02 2.083567E+00 1.010695E+01
8.227000E+02 2.083582E+00 1.010604E+01
8.236000E+02 2.083596E+00 1.010514E+01
8.245000E+02 2.083609E+00 1.010295E+01
8.254000E+02 2.083623E+00 1.010205E+01
8.263000E+02 2.083636E+00 1.010117E+01
8.272000E+02 2.083649E+00 1.010029E+01
8.281000E+02 2.083661E+00 1.009941E+01
8.290000E+02 2.083674E+00 1.009854E+01
8.299000E+02 2.083686E+00 1.009638E+01
8.308000E+02 2.083698E+00 1.009551E+01
8.317000E+02 2.083709E+00 1.009466E+01
8.326000E+02 2.083721E+00 1.009380E+01
8.335000E+02 2.083732E+00 1.009295E+01
8.344000E+02 2.083742E+00 1.009082E+01
8.353000E+02 2.083753E+00 1.008998E+01
8.362000E+02 2.083763E+00 1.008915E+01
8.371000E+02 2.083773E+00 1.008832E+01
8.380000E+02 2.083783E+00 1.008749E+01
8.389000E+02 2.083792E+00 1.008538E+01
8.398000E+02 2.083801E+00 1.008457E+01
8.407000E+02 2.083810E+00 1.008376E+01
8.416000E+02 2.083819E+00 1.008295E+01
8.425000E+02 2.083827E+00 1.008215E+01
8.434000E+02 2.083835E+00 1.008006E+01
8.443000E+02 2.083843E+00 1.007927E+01
8.452000E+02 2.083851E+00 1.007849E+01
8.461000E+02 2.083858E+00 1.007770E+01
8.470000E+02 2.083865E+00 1.007564E+01
8.479000E+02 2.083872E+00 1.007487E+01
8.488000E+02 2.083879E+00 1.007410E+01
8.497000E+02 2.083885E+00 1.007333E+01
8.506000E+02 2.083891E+00 1.007129E+01
8.515000E+02 2.083897E+00 1.007053E+01
8.524000E+02 2.083903E+00 1.006978E+01
8.533000E+02 2.083908E+00 1.006904E+01
8.542000E+02 2.083913E+00 1.006701E+01
8.551000E+02 2.083918E+00 1.006628E+01
8.560000E+02 2.083923E+00 1.006554E+01
8.569000E+02 2.083927E+00 1.006481E+01
8.578000E+02 2.083931E+00 1.006281E+01
8.587000E+02 2.083935E+00 1.006209E+01
8.596000E+02 2.083939E+00 1.006138E+01
8.605000E+02 2.083942E+00 1.005939E+01
8.614000E+02 2.083946E+00 1.005868E+01
8.623000E+02 2.083949E+00 1.005798E+01
8.632000E+02 2.083951E+00 1.005728E+01
8.641000E+02 2.083954E+00 1.005531E+01
8.650000E+02 2.083956E+00 1.005462E+01
8.659000E+02 2.083958E+00 1.005394E+01
8.668000E+02 2.083960E+00 1.005198E+01
8.677000E+02 2.083961E+00 1.005131E+01
8.686000E+02 2.083963E+00 1.005064E+01
8.695000E+02 2.083964E+00 1.004870E+01
8.704000E+02 2.083965E+00 1.004804E+01
8.713000E+02 2.083965E+00 1.004738E+01
8.722000E+02 2.083966E+00 1.004672E+01
8.731000E+02 2.083966E+00 1.004480E+01
8.740000E+02 2.083966E+00 1.004416E+01
8.749000E+02 2.083966E+00 1.004352E+01
8.758000E+02 2.083965E+00 1.004161E+01
8.767000E+02 2.083964E+00 1.004098E+01
8.776000E+02 2.083963E+00 1.004035E+01
8.785000E+02 2.083962E+00 1.003846E+01
8.794000E+02 2.083961E+00 1.003784E+01
8.803000E+02 2.083959E+00 1.003722E+01
8.812000E+02 2.083957E+00 1.003534E+01
8.821000E+02 2.083955E+00 1.003473E+01
8.830000E+02 2.083953E+00 1.003413E+01
8.839000E+02 2.083951E+00 1.003227E+01
8.848000E+02 2.083948E+00 1.003167E+01
8.857000E+02 2.083945E+00 1.002982E+01
8.866000E+02 2.083942E+00 1.002923E+01
8.875000E+02 2.083939E+00 1.002865E+01
8.884000E+02 2.083935E+00 1.002681E+01
8.893000E+02 2.083931E+00 1.002623E+01
8.902000E+02 2.083927E+00 1.002566E+01
8.911000E+02 2.083923E+00 1.002384E+01
8.920000E+02 2.083919E+00 1.002327E+01
8.929000E+02 2.083914E+00 1.002272E+01
8.938000E+02 2.083909E+00 1.002090E+01
8.947000E+02 2.083904E+00 1.002035E+01
8.956000E+02 2.083899E+00 1.001855E+01
8.965000E+02 2.083893E+00 1.001801E+01
8.974000E+02 2.083888E+00 1.001747E+01
8.983000E+02 2.083882E+00 1.001568E+01
8.992000E+02 2.083876E+00 1.001515E+01
9.001000E+02 2.083870E+00 1.001337E+01
9.010000E+02 2.083863E+00 1.001285E+01
9.019000E+02 2.083857E+00 1.001233E+01
9.028000E+02 2.083850E+00 1.001056E+01
9.037000E+02 2.083843E+00 1.001005E+01
9.046000E+02 2.083835E+00 1.000829E+01
9.055000E+02 2.083828E+00 1.000779E+01
9.064000E+02 2.083820E+00 1.000729E+01
9.073000E+02 2.083812E+00 1.000555E+01
9.082000E+02 2.083804E+00 1.000506E+01
9.091000E+02 2.083796E+00 1.000332E+01
9.100000E+02 2.083788E+00 1.000284E+01
9.109000E+02 2.083779E+00 1.000111E+01
9.118000E+02 2.083770E+00 1.000063E+01
9.127000E+02 2.083761E+00 1.000017E+01
9.136000E+02 2.083752E+00 9.998449E+00
9.145000E+02 2.083742E+00 9.997987E+00
9.154000E+02 2.083733E+00 9.996279E+00
9.163000E+02 2.083723E+00 9.995825E+00
9.172000E+02 2.083713E+00 9.994126E+00
9.181000E+02 2.083703E+00 9.993679E+00
9.190000E+02 2.083692E+00 9.993237E+00
9.199000E+02 2.083682E+00 9.991550E+00
9.208000E+02 2.083671E+00 9.991115E+00
9.217000E+02 2.083660E+00 9.989438E+00
9.226000E+02 2.083649E+00 9.989010E+00
9.235000E+02 2.083638E+00 9.987341E+00
9.244000E+02 2.083626E+00 9.986921E+00
9.253000E+02 2.083614E+00 9.985261E+00
9.262000E+02 2.083603E+00 9.984848E+00
9.271000E+02 2.083591E+00 9.983196E+00
9.280000E+02 2.083578E+00 9.982791E+00
9.289000E+02 2.083566E+00 9.981148E+00
9.298000E+02 2.083553E+00 9.980751E+00
9.307000E+02 2.083541E+00 9.979115E+00
9.316000E+02 2.083528E+00 9.978726E+00
9.325000E+02 2.083515E+00 9.977098E+00
9.334000E+02 2.083501E+00 9.976716E+00
9.343000E+02 2.083488E+00 9.975097E+00
9.352000E+02 2.083474E+00 9.974723E+00
9.361000E+02 2.083460E+00 9.973112E+00
9.370000E+02 2.083446E+00 9.972745E+00
9.379000E+02 2.083432E+00 9.971142E+00
9.388000E+02 2.083418E+00 9.970782E+00
9.397000E+02 2.083403E+00 9.969188E+00
9.406000E+02 2.083388E+00 9.968835E+00
9.415000E+02 2.083374E+00 9.967249E+00
9.424000E+02 2.083359E+00 9.966904E+00
9.433000E+02 2.083343E+00 9.965326E+00
9.442000E+02 2.083328E+00 9.964988E+00
9.451000E+02 2.083312E+00 9.963418E+00
9.460000E+02 2.083297E+00 9.963087E+00
9.469000E+02 2.083281E+00 9.961525E+00
9.478000E+02 2.083265E+00 9.961202E+00
9.487000E+02 2.083248E+00 9.959648E+00
9.496000E+02 2.083232E+00 9.959331E+00
9.505000E+02 2.083215E+00 9.957785E+00
9.514000E+02 2.083199E+00 9.957476E+00
9.523000E+02 2.083182E+00 9.955938E+00
9.532000E+02 2.083165E+00 9.955635E+00
9.541000E+02 2.083147E+00 9.954105E+00
9.550000E+02 2.083130E+00 9.953810E+00
9.559000E+02 2.083113E+00 9.952287E+00
9.568000E+02 2.083095E+00 9.950769E+00
9.577000E+02 2.083077E+00 9.950485E+00
9.586000E+02 2.083059E+00 9.948974E+00
9.595000E+02 2.083041E+00 9.948697E+00
9.604000E+02 2.083022E+00 9.947194E+00
9.613000E+02 2.083004E+00 9.946923E+00
9.622000E+02 2.082985E+00 9.945428E+00
9.631000E+02 2.082966E+00 9.943937E+00
9.640000E+02 2.082947E+00 9.943677E+00
9.649000E+02 2.082928E+00 9.942194E+00
9.658000E+02 2.082909E+00 9.941941E+00
9.667000E+02 2.082889E+00 9.940465E+00
9.676000E+02 2.082870E+00 9.940219E+00
9.685000E+02 2.082850E+00 9.938751E+00
9.694000E+02 2.082830E+00 9.937287E+00
9.703000E+02 2.082810E+00 9.937051E+00
9.712000E+02 2.082790E+00 9.935594E+00
9.721000E+02 2.082769E+00 9.935365E+00
9.730000E+02 2.082749E+00 9.933916E+00
9.739000E+02 2.082728E+00 9.933694E+00
9.748000E+02 2.082707E+00 9.932252E+00
9.757000E+02 2.082686E+00 9.930815E+00
9.766000E+02 2.082665E+00 9.930602E+00
9.775000E+02 2.082644E+00 9.929172E+00
9.784000E+02 2.082622E+00 9.928967E+00
9.793000E+02 2.082601E+00 9.927544E+00
9.802000E+02 2.082579E+00 9.926125E+00
9.811000E+02 2.082557E+00 9.925930E+00
9.820000E+02 2.082535E+00 9.924518E+00
9.829000E+02 2.082513E+00 9.923111E+00
9.838000E+02 2.082490E+00 9.922925E+00
9.847000E+02 2.082468E+00 9.921525E+00
9.856000E+02 2.082445E+00 9.921346E+00
9.865000E+02 2.082423E+00 9.919953E+00
9.874000E+02 2.082400E+00 9.918564E+00
9.883000E+02 2.082377E+00 9.918395E+00
9.892000E+02 2.082353E+00 9.917013E+00
9.901000E+02 2.082330E+00 9.915635E+00
9.910000E+02 2.082307E+00 9.915475E+00
9.919000E+02 2.082283E+00 9.914105E+00
9.928000E+02 2.082259E+00 9.913952E+00
9.937000E+02 2.082235E+00 9.912588E+00
9.946000E+02 2.082211E+00 9.911228E+00
9.955000E+02 2.082187E+00 9.911085E+00
9.964000E+02 2.082163E+00 9.909732E+00
9.973000E+02 2.082138E+00 9.908383E+00
9.982000E+02 2.082114E+00 9.908249E+00
9.991000E+02 2.082089E+00 9.906907E+00
