1.000000E+02 1.508775E+00 1.168195E+01
1.009000E+02 1.513142E+00 1.167836E+01
1.018000E+02 1.517461E+00 1.167499E+01
1.027000E+02 1.521733E+00 1.167182E+01
1.036000E+02 1.525958E+00 1.166885E+01
1.045000E+02 1.530138E+00 1.166608E+01
1.054000E+02 1.534273E+00 1.166350E+01
1.063000E+02 1.538363E+00 1.166111E+01
1.072000E+02 1.542410E+00 1.165526E+01
1.081000E+02 1.546414E+00 1.165324E+01
1.090000E+02 1.550376E+00 1.165140E+01
1.099000E+02 1.554296E+00 1.164614E+01
1.108000E+02 1.558176E+00 1.164464E+01
1.117000E+02 1.562014E+00 1.163976E+01
1.126000E+02 1.565814E+00 1.163859E+01
1.135000E+02 1.569573E+00 1.163406E+01
1.144000E+02 1.573295E+00 1.162971E+01
1.153000E+02 1.576978E+00 1.162902E+01
1.162000E+02 1.580624E+00 1.162501E+01
1.171000E+02 1.584233E+00 1.162116E+01
1.180000E+02 1.587805E+00 1.161748E+01
1.189000E+02 1.591342E+00 1.161396E+01
1.198000E+02 1.594843E+00 1.161060E+01
1.207000E+02 1.598309E+00 1.160739E+01
1.216000E+02 1.601741E+00 1.160434E+01
1.225000E+02 1.605139E+00 1.160143E+01
1.234000E+02 1.608504E+00 1.159866E+01
1.243000E+02 1.611836E+00 1.159604E+01
1.252000E+02 1.615135E+00 1.159356E+01
1.261000E+02 1.618402E+00 1.158790E+01
1.270000E+02 1.621638E+00 1.158570E+01
1.279000E+02 1.624842E+00 1.158363E+01
1.288000E+02 1.628016E+00 1.157842E+01
1.297000E+02 1.631159E+00 1.157661E+01
1.306000E+02 1.634272E+00 1.157169E+01
1.315000E+02 1.637356E+00 1.157013E+01
1.324000E+02 1.640411E+00 1.156549E+01
1.333000E+02 1.643436E+00 1.156418E+01
1.342000E+02 1.646434E+00 1.155979E+01
1.351000E+02 1.649404E+00 1.155554E+01
1.360000E+02 1.652345E+00 1.155459E+01
1.369000E+02 1.655260E+00 1.155059E+01
1.378000E+02 1.658148E+00 1.154671E+01
1.387000E+02 1.661009E+00 1.154296E+01
1.396000E+02 1.663843E+00 1.153934E+01
1.405000E+02 1.666652E+00 1.153583E+01
1.414000E+02 1.669435E+00 1.153245E+01
1.423000E+02 1.672193E+00 1.152917E+01
1.432000E+02 1.674926E+00 1.152602E+01
1.441000E+02 1.677635E+00 1.152297E+01
1.450000E+02 1.680319E+00 1.152003E+01
1.459000E+02 1.682979E+00 1.151721E+01
1.468000E+02 1.685615E+00 1.151448E+01
1.477000E+02 1.688228E+00 1.151187E+01
1.486000E+02 1.690817E+00 1.150935E+01
1.495000E+02 1.693384E+00 1.150394E+01
1.504000E+02 1.695928E+00 1.150163E+01
1.513000E+02 1.698450E+00 1.149942E+01
1.522000E+02 1.700950E+00 1.149435E+01
1.531000E+02 1.703428E+00 1.149234E+01
1.540000E+02 1.705884E+00 1.149042E+01
1.549000E+02 1.708319E+00 1.148565E+01
1.558000E+02 1.710733E+00 1.148393E+01
1.567000E+02 1.713126E+00 1.147937E+01
1.576000E+02 1.715499E+00 1.147492E+01
1.585000E+02 1.717851E+00 1.147346E+01
1.594000E+02 1.720183E+00 1.146921E+01
1.603000E+02 1.722496E+00 1.146793E+01
1.612000E+02 1.724789E+00 1.146386E+01
1.621000E+02 1.727062E+00 1.145989E+01
1.630000E+02 1.729316E+00 1.145602E+01
1.639000E+02 1.731551E+00 1.145508E+01
1.648000E+02 1.733768E+00 1.145139E+01
1.657000E+02 1.735966E+00 1.144778E+01
1.666000E+02 1.738145E+00 1.144427E+01
1.675000E+02 1.740307E+00 1.144084E+01
1.684000E+02 1.742451E+00 1.143750E+01
1.693000E+02 1.744577E+00 1.143425E+01
1.702000E+02 1.746685E+00 1.143108E+01
1.711000E+02 1.748776E+00 1.142800E+01
1.720000E+02 1.750850E+00 1.142500E+01
1.729000E+02 1.752907E+00 1.142207E+01
1.738000E+02 1.754947E+00 1.141923E+01
1.747000E+02 1.756970E+00 1.141647E+01
1.756000E+02 1.758978E+00 1.141379E+01
1.765000E+02 1.760969E+00 1.141118E+01
1.774000E+02 1.762943E+00 1.140593E+01
1.783000E+02 1.764902E+00 1.140347E+01
1.792000E+02 1.766846E+00 1.140110E+01
1.801000E+02 1.768773E+00 1.139879E+01
1.810000E+02 1.770686E+00 1.139387E+01
1.819000E+02 1.772583E+00 1.139171E+01
1.828000E+02 1.774465E+00 1.138962E+01
1.837000E+02 1.776332E+00 1.138494E+01
1.846000E+02 1.778184E+00 1.138299E+01
1.855000E+02 1.780022E+00 1.137846E+01
1.864000E+02 1.781845E+00 1.137666E+01
1.873000E+02 1.783654E+00 1.137228E+01
1.882000E+02 1.785449E+00 1.137060E+01
1.891000E+02 1.787230E+00 1.136637E+01
1.900000E+02 1.788997E+00 1.136483E+01
1.909000E+02 1.790750E+00 1.136074E+01
1.918000E+02 1.792490E+00 1.135673E+01
1.927000E+02 1.794216E+00 1.135538E+01
1.936000E+02 1.795929E+00 1.135151E+01
1.945000E+02 1.797629E+00 1.134770E+01
1.954000E+02 1.799315E+00 1.134654E+01
1.963000E+02 1.800989E+00 1.134287E+01
1.972000E+02 1.802650E+00 1.133926E+01
1.981000E+02 1.804299E+00 1.133573E+01
1.990000E+02 1.805934E+00 1.133481E+01
1.999000E+02 1.807558E+00 1.133140E+01
2.008000E+02 1.809169E+00 1.132805E+01
2.017000E+02 1.810768E+00 1.132477E+01
2.026000E+02 1.812354E+00 1.132155E+01
2.035000E+02 1.813929E+00 1.131840E+01
2.044000E+02 1.815492E+00 1.131530E+01
2.053000E+02 1.817044E+00 1.131227E+01
2.062000E+02 1.818583E+00 1.130930E+01
2.071000E+02 1.820112E+00 1.130639E+01
2.080000E+02 1.821629E+00 1.130354E+01
2.089000E+02 1.823134E+00 1.130075E+01
2.098000E+02 1.824629E+00 1.129801E+01
2.107000E+02 1.826112E+00 1.129533E+01
2.116000E+02 1.827585E+00 1.129271E+01
2.125000E+02 1.829046E+00 1.129014E+01
2.134000E+02 1.830497E+00 1.128763E+01
2.143000E+02 1.831937E+00 1.128272E+01
2.152000E+02 1.833367E+00 1.128032E+01
2.161000E+02 1.834786E+00 1.127798E+01
2.170000E+02 1.836195E+00 1.127569E+01
2.179000E+02 1.837594E+00 1.127102E+01
2.188000E+02 1.838982E+00 1.126884E+01
2.197000E+02 1.840361E+00 1.126670E+01
2.206000E+02 1.841729E+00 1.126221E+01
2.215000E+02 1.843088E+00 1.126018E+01
2.224000E+02 1.844437E+00 1.125820E+01
2.233000E+02 1.845776E+00 1.125388E+01
2.242000E+02 1.847105E+00 1.125200E+01
2.251000E+02 1.848425E+00 1.124779E+01
2.260000E+02 1.849736E+00 1.124601E+01
2.269000E+02 1.851037E+00 1.124428E+01
2.278000E+02 1.852329E+00 1.124022E+01
2.287000E+02 1.853612E+00 1.123859E+01
2.296000E+02 1.854885E+00 1.123464E+01
2.305000E+02 1.856150E+00 1.123074E+01
2.314000E+02 1.857405E+00 1.122925E+01
2.323000E+02 1.858652E+00 1.122546E+01
2.332000E+02 1.859890E+00 1.122406E+01
2.341000E+02 1.861119E+00 1.122036E+01
2.350000E+02 1.862340E+00 1.121672E+01
2.359000E+02 1.863552E+00 1.121546E+01
2.368000E+02 1.864756E+00 1.121191E+01
2.377000E+02 1.865951E+00 1.120841E+01
2.386000E+02 1.867138E+00 1.120728E+01
2.395000E+02 1.868316E+00 1.120388E+01
2.404000E+02 1.869487E+00 1.120053E+01
2.413000E+02 1.870649E+00 1.119722E+01
2.422000E+02 1.871803E+00 1.119626E+01
2.431000E+02 1.872949E+00 1.119304E+01
2.440000E+02 1.874088E+00 1.118988E+01
2.449000E+02 1.875218E+00 1.118675E+01
2.458000E+02 1.876341E+00 1.118368E+01
2.467000E+02 1.877456E+00 1.118064E+01
2.476000E+02 1.878563E+00 1.117766E+01
2.485000E+02 1.879663E+00 1.117698E+01
2.494000E+02 1.880755E+00 1.117408E+01
2.503000E+02 1.881840E+00 1.117122E+01
2.512000E+02 1.882917E+00 1.116841E+01
2.521000E+02 1.883987E+00 1.116563E+01
2.530000E+02 1.885050E+00 1.116290E+01
2.539000E+02 1.886106E+00 1.116022E+01
2.548000E+02 1.887154E+00 1.115757E+01
2.557000E+02 1.888195E+00 1.115496E+01
2.566000E+02 1.889230E+00 1.115240E+01
2.575000E+02 1.890257E+00 1.114988E+01
2.584000E+02 1.891277E+00 1.114517E+01
2.593000E+02 1.892291E+00 1.114273E+01
2.602000E+02 1.893298E+00 1.114033E+01
2.611000E+02 1.894298E+00 1.113797E+01
2.620000E+02 1.895291E+00 1.113564E+01
2.629000E+02 1.896278E+00 1.113336E+01
2.638000E+02 1.897258E+00 1.113111E+01
2.647000E+02 1.898231E+00 1.112671E+01
2.656000E+02 1.899198E+00 1.112454E+01
2.665000E+02 1.900159E+00 1.112241E+01
2.674000E+02 1.901113E+00 1.112031E+01
2.683000E+02 1.902061E+00 1.111608E+01
2.692000E+02 1.903003E+00 1.111406E+01
2.701000E+02 1.903938E+00 1.111207E+01
2.710000E+02 1.904868E+00 1.110796E+01
2.719000E+02 1.905791E+00 1.110605E+01
2.728000E+02 1.906708E+00 1.110417E+01
2.737000E+02 1.907619E+00 1.110017E+01
2.746000E+02 1.908524E+00 1.109837E+01
2.755000E+02 1.909423E+00 1.109660E+01
2.764000E+02 1.910317E+00 1.109272E+01
2.773000E+02 1.911204E+00 1.109102E+01
2.782000E+02 1.912086E+00 1.108721E+01
2.791000E+02 1.912961E+00 1.108558E+01
2.800000E+02 1.913832E+00 1.108185E+01
2.809000E+02 1.914696E+00 1.108029E+01
2.818000E+02 1.915555E+00 1.107663E+01
2.827000E+02 1.916409E+00 1.107513E+01
2.836000E+02 1.917256E+00 1.107155E+01
2.845000E+02 1.918099E+00 1.107012E+01
2.854000E+02 1.918936E+00 1.106661E+01
2.863000E+02 1.919767E+00 1.106524E+01
2.872000E+02 1.920593E+00 1.106180E+01
2.881000E+02 1.921414E+00 1.106049E+01
2.890000E+02 1.922230E+00 1.105712E+01
2.899000E+02 1.923040E+00 1.105379E+01
2.908000E+02 1.923845E+00 1.105257E+01
2.917000E+02 1.924645E+00 1.104931E+01
2.926000E+02 1.925440E+00 1.104607E+01
2.935000E+02 1.926230E+00 1.104495E+01
2.944000E+02 1.927014E+00 1.104179E+01
2.953000E+02 1.927794E+00 1.103865E+01
2.962000E+02 1.928569E+00 1.103762E+01
2.971000E+02 1.929339E+00 1.103455E+01
2.980000E+02 1.930104E+00 1.103152E+01
2.989000E+02 1.930864E+00 1.102852E+01
2.998000E+02 1.931619E+00 1.102760E+01
3.007000E+02 1.932370E+00 1.102466E+01
3.016000E+02 1.933116E+00 1.102176E+01
3.025000E+02 1.933857E+00 1.101888E+01
3.034000E+02 1.934593E+00 1.101604E+01
3.043000E+02 1.935325E+00 1.101527E+01
3.052000E+02 1.936052E+00 1.101248E+01
3.061000E+02 1.936774E+00 1.100973E+01
3.070000E+02 1.937492E+00 1.100701E+01
3.079000E+02 1.938206E+00 1.100431E+01
3.088000E+02 1.938915E+00 1.100165E+01
3.097000E+02 1.939620E+00 1.099902E+01
3.106000E+02 1.940320E+00 1.099642E+01
3.115000E+02 1.941016E+00 1.099587E+01
3.124000E+02 1.941707E+00 1.099333E+01
3.133000E+02 1.942394E+00 1.099081E+01
3.142000E+02 1.943077E+00 1.098832E+01
3.151000E+02 1.943756E+00 1.098587E+01
3.160000E+02 1.944430E+00 1.098344E+01
3.169000E+02 1.945101E+00 1.098104E+01
3.178000E+02 1.945767E+00 1.097866E+01
3.187000E+02 1.946429E+00 1.097632E+01
3.196000E+02 1.947087E+00 1.097400E+01
3.205000E+02 1.947740E+00 1.096972E+01
3.214000E+02 1.948390E+00 1.096746E+01
3.223000E+02 1.949036E+00 1.096523E+01
3.232000E+02 1.949678E+00 1.096303E+01
3.241000E+02 1.950315E+00 1.096085E+01
3.250000E+02 1.950949E+00 1.095870E+01
3.259000E+02 1.951579E+00 1.095657E+01
3.268000E+02 1.952206E+00 1.095447E+01
3.277000E+02 1.952828E+00 1.095240E+01
3.286000E+02 1.953446E+00 1.094839E+01
3.295000E+02 1.954061E+00 1.094637E+01
3.304000E+02 1.954672E+00 1.094437E+01
3.313000E+02 1.955279E+00 1.094241E+01
3.322000E+02 1.955883E+00 1.094046E+01
3.331000E+02 1.956482E+00 1.093659E+01
3.340000E+02 1.957079E+00 1.093470E+01
3.349000E+02 1.957671E+00 1.093283E+01
3.358000E+02 1.958260E+00 1.093099E+01
3.367000E+02 1.958845E+00 1.092723E+01
3.376000E+02 1.959427E+00 1.092544E+01
3.385000E+02 1.960005E+00 1.092367E+01
3.394000E+02 1.960580E+00 1.092193E+01
3.403000E+02 1.961151E+00 1.091827E+01
3.412000E+02 1.961719E+00 1.091658E+01
3.421000E+02 1.962284E+00 1.091491E+01
3.430000E+02 1.962845E+00 1.091133E+01
3.439000E+02 1.963402E+00 1.090971E+01
3.448000E+02 1.963956E+00 1.090811E+01
3.457000E+02 1.964507E+00 1.090461E+01
3.466000E+02 1.965055E+00 1.090306E+01
3.475000E+02 1.965599E+00 1.089962E+01
3.484000E+02 1.966140E+00 1.089811E+01
3.493000E+02 1.966678E+00 1.089663E+01
3.502000E+02 1.967212E+00 1.089326E+01
3.511000E+02 1.967743E+00 1.089182E+01
3.520000E+02 1.968272E+00 1.088850E+01
3.529000E+02 1.968797E+00 1.088710E+01
3.538000E+02 1.969318E+00 1.088383E+01
3.547000E+02 1.969837E+00 1.088249E+01
3.556000E+02 1.970353E+00 1.087926E+01
3.565000E+02 1.970865E+00 1.087796E+01
3.574000E+02 1.971375E+00 1.087479E+01
3.583000E+02 1.971881E+00 1.087352E+01
3.592000E+02 1.972384E+00 1.087040E+01
3.601000E+02 1.972885E+00 1.086918E+01
3.610000E+02 1.973382E+00 1.086610E+01
3.619000E+02 1.973877E+00 1.086492E+01
3.628000E+02 1.974368E+00 1.086189E+01
3.637000E+02 1.974857E+00 1.086076E+01
3.646000E+02 1.975342E+00 1.085777E+01
3.655000E+02 1.975825E+00 1.085481E+01
3.664000E+02 1.976305E+00 1.085374E+01
3.673000E+02 1.976782E+00 1.085082E+01
3.682000E+02 1.977257E+00 1.084979E+01
3.691000E+02 1.977728E+00 1.084691E+01
3.700000E+02 1.978197E+00 1.084406E+01
3.709000E+02 1.978663E+00 1.084309E+01
3.718000E+02 1.979126E+00 1.084028E+01
3.727000E+02 1.979586E+00 1.083750E+01
3.736000E+02 1.980044E+00 1.083659E+01
3.745000E+02 1.980499E+00 1.083384E+01
3.754000E+02 1.980952E+00 1.083113E+01
3.763000E+02 1.981401E+00 1.082843E+01
3.772000E+02 1.981848E+00 1.082759E+01
3.781000E+02 1.982293E+00 1.082494E+01
3.790000E+02 1.982735E+00 1.082230E+01
3.799000E+02 1.983174E+00 1.082153E+01
3.808000E+02 1.983611E+00 1.081893E+01
3.817000E+02 1.984045E+00 1.081636E+01
3.826000E+02 1.984476E+00 1.081381E+01
3.835000E+02 1.984905E+00 1.081128E+01
3.844000E+02 1.985332E+00 1.081060E+01
3.853000E+02 1.985756E+00 1.080811E+01
3.862000E+02 1.986177E+00 1.080564E+01
3.871000E+02 1.986596E+00 1.080319E+01
3.880000E+02 1.987013E+00 1.080076E+01
3.889000E+02 1.987427E+00 1.079835E+01
3.898000E+02 1.987839E+00 1.079778E+01
3.907000E+02 1.988248E+00 1.079541E+01
3.916000E+02 1.988655E+00 1.079306E+01
3.925000E+02 1.989060E+00 1.079073E+01
3.934000E+02 1.989462E+00 1.078842E+01
3.943000E+02 1.989862E+00 1.078613E+01
3.952000E+02 1.990260E+00 1.078385E+01
3.961000E+02 1.990655E+00 1.078160E+01
3.970000E+02 1.991048E+00 1.078117E+01
3.979000E+02 1.991439E+00 1.077895E+01
3.988000E+02 1.991827E+00 1.077676E+01
3.997000E+02 1.992214E+00 1.077458E+01
4.006000E+02 1.992598E+00 1.077242E+01
4.015000E+02 1.992979E+00 1.077028E+01
4.024000E+02 1.993359E+00 1.076816E+01
4.033000E+02 1.993736E+00 1.076605E+01
4.042000E+02 1.994111E+00 1.076397E+01
4.051000E+02 1.994484E+00 1.076190E+01
4.060000E+02 1.994855E+00 1.075985E+01
4.069000E+02 1.995224E+00 1.075782E+01
4.078000E+02 1.995590E+00 1.075581E+01
4.087000E+02 1.995955E+00 1.075381E+01
4.096000E+02 1.996317E+00 1.075184E+01
4.105000E+02 1.996677E+00 1.074988E+01
4.114000E+02 1.997036E+00 1.074794E+01
4.123000E+02 1.997392E+00 1.074601E+01
4.132000E+02 1.997746E+00 1.074234E+01
4.141000E+02 1.998098E+00 1.074045E+01
4.150000E+02 1.998448E+00 1.073858E+01
4.159000E+02 1.998796E+00 1.073673E+01
4.168000E+02 1.999142E+00 1.073489E+01
4.177000E+02 1.999486E+00 1.073307E+01
4.186000E+02 1.999828E+00 1.073127E+01
4.195000E+02 2.000168E+00 1.072948E+01
4.204000E+02 2.000506E+00 1.072771E+01
4.213000E+02 2.000842E+00 1.072421E+01
4.222000E+02 2.001176E+00 1.072247E+01
4.231000E+02 2.001508E+00 1.072075E+01
4.240000E+02 2.001839E+00 1.071905E+01
4.249000E+02 2.002167E+00 1.071736E+01
4.258000E+02 2.002494E+00 1.071569E+01
4.267000E+02 2.002818E+00 1.071230E+01
4.276000E+02 2.003141E+00 1.071066E+01
4.285000E+02 2.003462E+00 1.070904E+01
4.294000E+02 2.003781E+00 1.070743E+01
4.303000E+02 2.004099E+00 1.070584E+01
4.312000E+02 2.004414E+00 1.070254E+01
4.321000E+02 2.004728E+00 1.070098E+01
4.330000E+02 2.005040E+00 1.069943E+01
4.339000E+02 2.005350E+00 1.069791E+01
4.348000E+02 2.005658E+00 1.069467E+01
4.357000E+02 2.005965E+00 1.069318E+01
4.366000E+02 2.006270E+00 1.069170E+01
4.375000E+02 2.006573E+00 1.068851E+01
4.384000E+02 2.006874E+00 1.068706E+01
4.393000E+02 2.007174E+00 1.068563E+01
4.402000E+02 2.007471E+00 1.068421E+01
4.411000E+02 2.007768E+00 1.068109E+01
4.420000E+02 2.008062E+00 1.067970E+01
4.429000E+02 2.008355E+00 1.067833E+01
4.438000E+02 2.008646E+00 1.067526E+01
4.447000E+02 2.008936E+00 1.067391E+01
4.456000E+02 2.009223E+00 1.067258E+01
4.465000E+02 2.009510E+00 1.066956E+01
4.474000E+02 2.009794E+00 1.066826E+01
4.483000E+02 2.010077E+00 1.066528E+01
4.492000E+02 2.010358E+00 1.066401E+01
4.501000E+02 2.010638E+00 1.066275E+01
4.510000E+02 2.010916E+00 1.065981E+01
4.519000E+02 2.011193E+00 1.065858E+01
4.528000E+02 2.011468E+00 1.065567E+01
4.537000E+02 2.011741E+00 1.065447E+01
4.546000E+02 2.012013E+00 1.065329E+01
4.555000E+02 2.012284E+00 1.065042E+01
4.564000E+02 2.012552E+00 1.064926E+01
4.573000E+02 2.012820E+00 1.064643E+01
4.582000E+02 2.013086E+00 1.064530E+01
4.591000E+02 2.013350E+00 1.064250E+01
4.600000E+02 2.013613E+00 1.064140E+01
4.609000E+02 2.013874E+00 1.063863E+01
4.618000E+02 2.014134E+00 1.063755E+01
4.627000E+02 2.014392E+00 1.063481E+01
4.636000E+02 2.014649E+00 1.063376E+01
4.645000E+02 2.014905E+00 1.063105E+01
4.654000E+02 2.015159E+00 1.063003E+01
4.663000E+02 2.015412E+00 1.062734E+01
4.672000E+02 2.015663E+00 1.062635E+01
4.681000E+02 2.015913E+00 1.062370E+01
4.690000E+02 2.016161E+00 1.062272E+01
4.699000E+02 2.016408E+00 1.062010E+01
4.708000E+02 2.016654E+00 1.061916E+01
4.717000E+02 2.016898E+00 1.061656E+01
4.726000E+02 2.017141E+00 1.061564E+01
4.735000E+02 2.017382E+00 1.061308E+01
4.744000E+02 2.017622E+00 1.061218E+01
4.753000E+02 2.017861E+00 1.060964E+01
4.762000E+02 2.018098E+00 1.060712E+01
4.771000E+02 2.018334E+00 1.060626E+01
4.780000E+02 2.018569E+00 1.060377E+01
4.789000E+02 2.018802E+00 1.060294E+01
4.798000E+02 2.019035E+00 1.060047E+01
4.807000E+02 2.019265E+00 1.059801E+01
4.816000E+02 2.019495E+00 1.059722E+01
4.825000E+02 2.019723E+00 1.059479E+01
4.834000E+02 2.019950E+00 1.059238E+01
4.843000E+02 2.020175E+00 1.059162E+01
4.852000E+02 2.020400E+00 1.058924E+01
4.861000E+02 2.020623E+00 1.058850E+01
4.870000E+02 2.020845E+00 1.058614E+01
4.879000E+02 2.021065E+00 1.058380E+01
4.888000E+02 2.021284E+00 1.058146E+01
4.897000E+02 2.021502E+00 1.058078E+01
4.906000E+02 2.021719E+00 1.057847E+01
4.915000E+02 2.021935E+00 1.057618E+01
4.924000E+02 2.022149E+00 1.057553E+01
4.933000E+02 2.022362E+00 1.057326E+01
4.942000E+02 2.022574E+00 1.057101E+01
4.951000E+02 2.022785E+00 1.057040E+01
4.960000E+02 2.022994E+00 1.056817E+01
4.969000E+02 2.023203E+00 1.056595E+01
4.978000E+02 2.023410E+00 1.056375E+01
4.987000E+02 2.023616E+00 1.056318E+01
4.996000E+02 2.023821E+00 1.056100E+01
5.005000E+02 2.024024E+00 1.055884E+01
5.014000E+02 2.024227E+00 1.055669E+01
5.023000E+02 2.024428E+00 1.055616E+01
5.032000E+02 2.024628E+00 1.055404E+01
5.041000E+02 2.024827E+00 1.055192E+01
5.050000E+02 2.025025E+00 1.054982E+01
5.059000E+02 2.025222E+00 1.054773E+01
5.068000E+02 2.025417E+00 1.054726E+01
5.077000E+02 2.025612E+00 1.054520E+01
5.086000E+02 2.025805E+00 1.054315E+01
5.095000E+02 2.025998E+00 1.054110E+01
5.104000E+02 2.026189E+00 1.053908E+01
5.113000E+02 2.026379E+00 1.053866E+01
5.122000E+02 2.026568E+00 1.053666E+01
5.131000E+02 2.026756E+00 1.053467E+01
5.140000E+02 2.026943E+00 1.053269E+01
5.149000E+02 2.027128E+00 1.053072E+01
5.158000E+02 2.027313E+00 1.052876E+01
5.167000E+02 2.027497E+00 1.052841E+01
5.176000E+02 2.027679E+00 1.052648E+01
5.185000E+02 2.027861E+00 1.052456E+01
5.194000E+02 2.028041E+00 1.052265E+01
5.203000E+02 2.028221E+00 1.052075E+01
5.212000E+02 2.028399E+00 1.051886E+01
5.221000E+02 2.028576E+00 1.051699E+01
5.230000E+02 2.028753E+00 1.051512E+01
5.239000E+02 2.028928E+00 1.051327E+01
5.248000E+02 2.029102E+00 1.051143E+01
5.257000E+02 2.029276E+00 1.051119E+01
5.266000E+02 2.029448E+00 1.050937E+01
5.275000E+02 2.029619E+00 1.050756E+01
5.284000E+02 2.029790E+00 1.050577E+01
5.293000E+02 2.029959E+00 1.050398E+01
5.302000E+02 2.030127E+00 1.050221E+01
5.311000E+02 2.030294E+00 1.050045E+01
5.320000E+02 2.030461E+00 1.049870E+01
5.329000E+02 2.030626E+00 1.049696E+01
5.338000E+02 2.030791E+00 1.049523E+01
5.347000E+02 2.030954E+00 1.049351E+01
5.356000E+02 2.031116E+00 1.049181E+01
5.365000E+02 2.031278E+00 1.049011E+01
5.374000E+02 2.031439E+00 1.048843E+01
5.383000E+02 2.031598E+00 1.048675E+01
5.392000E+02 2.031757E+00 1.048509E+01
5.401000E+02 2.031915E+00 1.048344E+01
5.410000E+02 2.032072E+00 1.048180E+01
5.419000E+02 2.032227E+00 1.048017E+01
5.428000E+02 2.032382E+00 1.047854E+01
5.437000E+02 2.032537E+00 1.047694E+01
5.446000E+02 2.032690E+00 1.047534E+01
5.455000E+02 2.032842E+00 1.047375E+01
5.464000E+02 2.032993E+00 1.047217E+01
5.473000E+02 2.033144E+00 1.047060E+01
5.482000E+02 2.033293E+00 1.046904E+01
5.491000E+02 2.033442E+00 1.046750E+01
5.500000E+02 2.033590E+00 1.046596E+01
5.509000E+02 2.033737E+00 1.046443E+01
5.518000E+02 2.033883E+00 1.046136E+01
5.527000E+02 2.034028E+00 1.045986E+01
5.536000E+02 2.034172E+00 1.045836E+01
5.545000E+02 2.034316E+00 1.045688E+01
5.554000E+02 2.034458E+00 1.045541E+01
5.563000E+02 2.034600E+00 1.045394E+01
5.572000E+02 2.034741E+00 1.045249E+01
5.581000E+02 2.034881E+00 1.045104E+01
5.590000E+02 2.035020E+00 1.044961E+01
5.599000E+02 2.035158E+00 1.044818E+01
5.608000E+02 2.035296E+00 1.044522E+01
5.617000E+02 2.035433E+00 1.044382E+01
5.626000E+02 2.035568E+00 1.044242E+01
5.635000E+02 2.035703E+00 1.044104E+01
5.644000E+02 2.035838E+00 1.043966E+01
5.653000E+02 2.035971E+00 1.043830E+01
5.662000E+02 2.036104E+00 1.043694E+01
5.671000E+02 2.036235E+00 1.043406E+01
5.680000E+02 2.036366E+00 1.043272E+01
5.689000E+02 2.036496E+00 1.043139E+01
5.698000E+02 2.036626E+00 1.043008E+01
5.707000E+02 2.036754E+00 1.042877E+01
5.716000E+02 2.036882E+00 1.042594E+01
5.725000E+02 2.037009E+00 1.042465E+01
5.734000E+02 2.037135E+00 1.042337E+01
5.743000E+02 2.037261E+00 1.042210E+01
5.752000E+02 2.037385E+00 1.042084E+01
5.761000E+02 2.037509E+00 1.041807E+01
5.770000E+02 2.037632E+00 1.041682E+01
5.779000E+02 2.037755E+00 1.041559E+01
5.788000E+02 2.037876E+00 1.041437E+01
5.797000E+02 2.037997E+00 1.041163E+01
5.806000E+02 2.038117E+00 1.041043E+01
5.815000E+02 2.038237E+00 1.040923E+01
5.824000E+02 2.038355E+00 1.040805E+01
5.833000E+02 2.038473E+00 1.040535E+01
5.842000E+02 2.038590E+00 1.040418E+01
5.851000E+02 2.038707E+00 1.040303E+01
5.860000E+02 2.038822E+00 1.040188E+01
5.869000E+02 2.038937E+00 1.039922E+01
5.878000E+02 2.039051E+00 1.039809E+01
5.887000E+02 2.039165E+00 1.039697E+01
5.896000E+02 2.039277E+00 1.039585E+01
5.905000E+02 2.039389E+00 1.039324E+01
5.914000E+02 2.039501E+00 1.039214E+01
5.923000E+02 2.039611E+00 1.039105E+01
5.932000E+02 2.039721E+00 1.038847E+01
5.941000E+02 2.039830E+00 1.038740E+01
5.950000E+02 2.039939E+00 1.038634E+01
5.959000E+02 2.040047E+00 1.038378E+01
5.968000E+02 2.040154E+00 1.038274E+01
5.977000E+02 2.040260E+00 1.038170E+01
5.986000E+02 2.040366E+00 1.037917E+01
5.995000E+02 2.040471E+00 1.037816E+01
6.004000E+02 2.040575E+00 1.037715E+01
6.013000E+02 2.040679E+00 1.037465E+01
6.022000E+02 2.040782E+00 1.037366E+01
6.031000E+02 2.040884E+00 1.037267E+01
6.040000E+02 2.040986E+00 1.037020E+01
6.049000E+02 2.041087E+00 1.036924E+01
6.058000E+02 2.041187E+00 1.036828E+01
6.067000E+02 2.041287E+00 1.036583E+01
6.076000E+02 2.041386E+00 1.036489E+01
6.085000E+02 2.041485E+00 1.036247E+01
6.094000E+02 2.041582E+00 1.036154E+01
6.103000E+02 2.041679E+00 1.036063E+01
6.112000E+02 2.041776E+00 1.035823E+01
6.121000E+02 2.041872E+00 1.035733E+01
6.130000E+02 2.041967E+00 1.035495E+01
6.139000E+02 2.042061E+00 1.035407E+01
6.148000E+02 2.042155E+00 1.035319E+01
6.157000E+02 2.042248E+00 1.035084E+01
6.166000E+02 2.042341E+00 1.034998E+01
6.175000E+02 2.042433E+00 1.034765E+01
6.184000E+02 2.042524E+00 1.034681E+01
6.193000E+02 2.042615E+00 1.034449E+01
6.202000E+02 2.042705E+00 1.034366E+01
6.211000E+02 2.042795E+00 1.034284E+01
6.220000E+02 2.042884E+00 1.034055E+01
6.229000E+02 2.042972E+00 1.033975E+01
6.238000E+02 2.043060E+00 1.033748E+01
6.247000E+02 2.043147E+00 1.033669E+01
6.256000E+02 2.043233E+00 1.033444E+01
6.265000E+02 2.043319E+00 1.033367E+01
6.274000E+02 2.043405E+00 1.033143E+01
6.283000E+02 2.043489E+00 1.033067E+01
6.292000E+02 2.043573E+00 1.032845E+01
6.301000E+02 2.043657E+00 1.032771E+01
6.310000E+02 2.043740E+00 1.032551E+01
6.319000E+02 2.043822E+00 1.032479E+01
6.328000E+02 2.043904E+00 1.032260E+01
6.337000E+02 2.043985E+00 1.032189E+01
6.346000E+02 2.044066E+00 1.031972E+01
6.355000E+02 2.044146E+00 1.031903E+01
6.364000E+02 2.044226E+00 1.031688E+01
6.373000E+02 2.044305E+00 1.031620E+01
6.382000E+02 2.044383E+00 1.031406E+01
6.391000E+02 2.044461E+00 1.031340E+01
6.400000E+02 2.044538E+00 1.031128E+01
6.409000E+02 2.044615E+00 1.031063E+01
6.418000E+02 2.044691E+00 1.030853E+01
6.427000E+02 2.044766E+00 1.030643E+01
6.436000E+02 2.044842E+00 1.030581E+01
6.445000E+02 2.044916E+00 1.030373E+01
6.454000E+02 2.044990E+00 1.030312E+01
6.463000E+02 2.045063E+00 1.030106E+01
6.472000E+02 2.045136E+00 1.030046E+01
6.481000E+02 2.045209E+00 1.029841E+01
6.490000E+02 2.045280E+00 1.029783E+01
6.499000E+02 2.045352E+00 1.029580E+01
6.508000E+02 2.045422E+00 1.029378E+01
6.517000E+02 2.045493E+00 1.029322E+01
6.526000E+02 2.045562E+00 1.029122E+01
6.535000E+02 2.045631E+00 1.029067E+01
6.544000E+02 2.045700E+00 1.028868E+01
6.553000E+02 2.045768E+00 1.028670E+01
6.562000E+02 2.045836E+00 1.028617E+01
6.571000E+02 2.045903E+00 1.028421E+01
6.580000E+02 2.045969E+00 1.028225E+01
6.589000E+02 2.046035E+00 1.028175E+01
6.598000E+02 2.046101E+00 1.027981E+01
6.607000E+02 2.046166E+00 1.027931E+01
6.616000E+02 2.046231E+00 1.027739E+01
6.625000E+02 2.046295E+00 1.027547E+01
6.634000E+02 2.046358E+00 1.027500E+01
6.643000E+02 2.046421E+00 1.027310E+01
6.652000E+02 2.046484E+00 1.027120E+01
6.661000E+02 2.046546E+00 1.027075E+01
6.670000E+02 2.046607E+00 1.026887E+01
6.679000E+02 2.046668E+00 1.026700E+01
6.688000E+02 2.046729E+00 1.026657E+01
6.697000E+02 2.046789E+00 1.026471E+01
6.706000E+02 2.046849E+00 1.026287E+01
6.715000E+02 2.046908E+00 1.026246E+01
6.724000E+02 2.046967E+00 1.026062E+01
6.733000E+02 2.047025E+00 1.025879E+01
6.742000E+02 2.047082E+00 1.025841E+01
6.751000E+02 2.047140E+00 1.025659E+01
6.760000E+02 2.047196E+00 1.025479E+01
6.769000E+02 2.047253E+00 1.025442E+01
6.778000E+02 2.047309E+00 1.025263E+01
6.787000E+02 2.047364E+00 1.025085E+01
6.796000E+02 2.047419E+00 1.024907E+01
6.805000E+02 2.047473E+00 1.024873E+01
6.814000E+02 2.047527E+00 1.024697E+01
6.823000E+02 2.047581E+00 1.024521E+01
6.832000E+02 2.047634E+00 1.024347E+01
6.841000E+02 2.047687E+00 1.024315E+01
6.850000E+02 2.047739E+00 1.024142E+01
6.859000E+02 2.047790E+00 1.023970E+01
6.868000E+02 2.047842E+00 1.023940E+01
6.877000E+02 2.047892E+00 1.023769E+01
6.886000E+02 2.047943E+00 1.023598E+01
6.895000E+02 2.047993E+00 1.023429E+01
6.904000E+02 2.048042E+00 1.023260E+01
6.913000E+02 2.048091E+00 1.023233E+01
6.922000E+02 2.048140E+00 1.023066E+01
6.931000E+02 2.048188E+00 1.022899E+01
6.940000E+02 2.048236E+00 1.022733E+01
6.949000E+02 2.048283E+00 1.022709E+01
6.958000E+02 2.048330E+00 1.022544E+01
6.967000E+02 2.048377E+00 1.022380E+01
6.976000E+02 2.048423E+00 1.022217E+01
6.985000E+02 2.048468E+00 1.022054E+01
6.994000E+02 2.048513E+00 1.022033E+01
7.003000E+02 2.048558E+00 1.021872E+01
7.012000E+02 2.048603E+00 1.021712E+01
7.021000E+02 2.048647E+00 1.021552E+01
7.030000E+02 2.048690E+00 1.021392E+01
7.039000E+02 2.048733E+00 1.021375E+01
7.048000E+02 2.048776E+00 1.021217E+01
7.057000E+02 2.048818E+00 1.021060E+01
7.066000E+02 2.048860E+00 1.020903E+01
7.075000E+02 2.048902E+00 1.020747E+01
7.084000E+02 2.048943E+00 1.020592E+01
7.093000E+02 2.048983E+00 1.020578E+01
7.102000E+02 2.049024E+00 1.020424E+01
7.111000E+02 2.049063E+00 1.020271E+01
7.120000E+02 2.049103E+00 1.020118E+01
7.129000E+02 2.049142E+00 1.019967E+01
7.138000E+02 2.049181E+00 1.019815E+01
7.147000E+02 2.049219E+00 1.019805E+01
7.156000E+02 2.049257E+00 1.019655E+01
7.165000E+02 2.049294E+00 1.019506E+01
7.174000E+02 2.049331E+00 1.019357E+01
7.183000E+02 2.049368E+00 1.019209E+01
7.192000E+02 2.049404E+00 1.019062E+01
7.201000E+02 2.049440E+00 1.018915E+01
7.210000E+02 2.049476E+00 1.018769E+01
7.219000E+02 2.049511E+00 1.018763E+01
7.228000E+02 2.049546E+00 1.018619E+01
7.237000E+02 2.049580E+00 1.018474E+01
7.246000E+02 2.049615E+00 1.018331E+01
7.255000E+02 2.049648E+00 1.018188E+01
7.264000E+02 2.049682E+00 1.018046E+01
7.273000E+02 2.049714E+00 1.017905E+01
7.282000E+02 2.049747E+00 1.017764E+01
7.291000E+02 2.049779E+00 1.017624E+01
7.300000E+02 2.049811E+00 1.017484E+01
7.309000E+02 2.049843E+00 1.017345E+01
7.318000E+02 2.049874E+00 1.017345E+01
7.327000E+02 2.049904E+00 1.017208E+01
7.336000E+02 2.049935E+00 1.017070E+01
7.345000E+02 2.049965E+00 1.016934E+01
7.354000E+02 2.049994E+00 1.016798E+01
7.363000E+02 2.050024E+00 1.016663E+01
7.372000E+02 2.050053E+00 1.016528E+01
7.381000E+02 2.050081E+00 1.016394E+01
7.390000E+02 2.050110E+00 1.016261E+01
7.399000E+02 2.050137E+00 1.016128E+01
7.408000E+02 2.050165E+00 1.015996E+01
7.417000E+02 2.050192E+00 1.015864E+01
7.426000E+02 2.050219E+00 1.015733E+01
7.435000E+02 2.050246E+00 1.015603E+01
7.444000E+02 2.050272E+00 1.015473E+01
7.453000E+02 2.050297E+00 1.015344E+01
7.462000E+02 2.050323E+00 1.015215E+01
7.471000E+02 2.050348E+00 1.015087E+01
7.480000E+02 2.050373E+00 1.014960E+01
7.489000E+02 2.050397E+00 1.014833E+01
7.498000E+02 2.050421E+00 1.014707E+01
7.507000E+02 2.050445E+00 1.014581E+01
7.516000E+02 2.050469E+00 1.014456E+01
7.525000E+02 2.050492E+00 1.014332E+01
7.534000E+02 2.050515E+00 1.014208E+01
7.543000E+02 2.050537E+00 1.014085E+01
7.552000E+02 2.050559E+00 1.013962E+01
7.561000E+02 2.050581E+00 1.013840E+01
7.570000E+02 2.050602E+00 1.013719E+01
7.579000E+02 2.050624E+00 1.013598E+01
7.588000E+02 2.050644E+00 1.013478E+01
7.597000E+02 2.050665E+00 1.013358E+01
7.606000E+02 2.050685E+00 1.013239E+01
7.615000E+02 2.050705E+00 1.013120E+01
7.624000E+02 2.050725E+00 1.013002E+01
7.633000E+02 2.050744E+00 1.012885E+01
7.642000E+02 2.050763E+00 1.012768E+01
7.651000E+02 2.050781E+00 1.012651E+01
7.660000E+02 2.050800E+00 1.012536E+01
7.669000E+02 2.050818E+00 1.012420E+01
7.678000E+02 2.050835E+00 1.012306E+01
7.687000E+02 2.050853E+00 1.012192E+01
7.696000E+02 2.050870E+00 1.012078E+01
7.705000E+02 2.050887E+00 1.011965E+01
7.714000E+02 2.050903E+00 1.011717E+01
7.723000E+02 2.050919E+00 1.011605E+01
7.732000E+02 2.050935E+00 1.011494E+01
7.741000E+02 2.050950E+00 1.011383E+01
7.750000E+02 2.050966E+00 1.011273E+01
7.759000E+02 2.050981E+00 1.011164E+01
7.768000E+02 2.050995E+00 1.011055E+01
7.777000E+02 2.051010E+00 1.010946E+01
7.786000E+02 2.051024E+00 1.010838E+01
7.795000E+02 2.051037E+00 1.010731E+01
7.804000E+02 2.051051E+00 1.010624E+01
7.813000E+02 2.051064E+00 1.010382E+01
7.822000E+02 2.051077E+00 1.010277E+01
7.831000E+02 2.051090E+00 1.010171E+01
7.840000E+02 2.051102E+00 1.010067E+01
7.849000E+02 2.051114E+00 1.009962E+01
7.858000E+02 2.051126E+00 1.009859E+01
7.867000E+02 2.051137E+00 1.009756E+01
7.876000E+02 2.051148E+00 1.009653E+01
7.885000E+02 2.051159E+00 1.009551E+01
7.894000E+02 2.051170E+00 1.009315E+01
7.903000E+02 2.051180E+00 1.009214E+01
7.912000E+02 2.051190E+00 1.009114E+01
7.921000E+02 2.051200E+00 1.009014E+01
7.930000E+02 2.051209E+00 1.008914E+01
7.939000E+02 2.051218E+00 1.008815E+01
7.948000E+02 2.051227E+00 1.008717E+01
7.957000E+02 2.051236E+00 1.008485E+01
7.966000E+02 2.051244E+00 1.008388E+01
7.975000E+02 2.051252E+00 1.008291E+01
7.984000E+02 2.051260E+00 1.008195E+01
7.993000E+02 2.051268E+00 1.008099E+01
8.002000E+02 2.051275E+00 1.008004E+01
8.011000E+02 2.051282E+00 1.007775E+01
8.020000E+02 2.051289E+00 1.007681E+01
8.029000E+02 2.051295E+00 1.007587E+01
8.038000E+02 2.051301E+00 1.007494E+01
8.047000E+02 2.051307E+00 1.007402E+01
8.056000E+02 2.051313E+00 1.007176E+01
8.065000E+02 2.051319E+00 1.007084E+01
8.074000E+02 2.051324E+00 1.006993E+01
8.083000E+02 2.051329E+00 1.006902E+01
8.092000E+02 2.051333E+00 1.006812E+01
8.101000E+02 2.051338E+00 1.006589E+01
8.110000E+02 2.051342E+00 1.006500E+01
8.119000E+02 2.051346E+00 1.006412E+01
8.128000E+02 2.051349E+00 1.006324E+01
8.137000E+02 2.051353E+00 1.006236E+01
8.146000E+02 2.051356E+00 1.006016E+01
8.155000E+02 2.051359E+00 1.005929E+01
8.164000E+02 2.051361E+00 1.005843E+01
8.173000E+02 2.051364E+00 1.005757E+01
8.182000E+02 2.051366E+00 1.005672E+01
8.191000E+02 2.051368E+00 1.005455E+01
8.200000E+02 2.051369E+00 1.005371E+01
8.209000E+02 2.051370E+00 1.005287E+01
8.218000E+02 2.051372E+00 1.005204E+01
8.227000E+02 2.051372E+00 1.004989E+01
8.236000E+02 2.051373E+00 1.004906E+01
8.245000E+02 2.051373E+00 1.004825E+01
8.254000E+02 2.051374E+00 1.004743E+01
8.263000E+02 2.051374E+00 1.004530E+01
8.272000E+02 2.051373E+00 1.004450E+01
8.281000E+02 2.051373E+00 1.004370E+01
8.290000E+02 2.051372E+00 1.004291E+01
8.299000E+02 2.051371E+00 1.004080E+01
8.308000E+02 2.051369E+00 1.004002E+01
8.317000E+02 2.051368E+00 1.003924E+01
8.326000E+02 2.051366E+00 1.003714E+01
8.335000E+02 2.051364E+00 1.003637E+01
8.344000E+02 2.051362E+00 1.003561E+01
8.353000E+02 2.051360E+00 1.003485E+01
8.362000E+02 2.051357E+00 1.003278E+01
8.371000E+02 2.051354E+00 1.003203E+01
8.380000E+02 2.051351E+00 1.003128E+01
8.389000E+02 2.051347E+00 1.002922E+01
8.398000E+02 2.051344E+00 1.002849E+01
8.407000E+02 2.051340E+00 1.002775E+01
8.416000E+02 2.051336E+00 1.002703E+01
8.425000E+02 2.051332E+00 1.002499E+01
8.434000E+02 2.051327E+00 1.002427E+01
8.443000E+02 2.051322E+00 1.002356E+01
8.452000E+02 2.051317E+00 1.002154E+01
8.461000E+02 2.051312E+00 1.002083E+01
8.470000E+02 2.051307E+00 1.002013E+01
8.479000E+02 2.051301E+00 1.001813E+01
8.488000E+02 2.051295E+00 1.001744E+01
8.497000E+02 2.051289E+00 1.001675E+01
8.506000E+02 2.051283E+00 1.001476E+01
8.515000E+02 2.051277E+00 1.001408E+01
8.524000E+02 2.051270E+00 1.001341E+01
8.533000E+02 2.051263E+00 1.001144E+01
8.542000E+02 2.051256E+00 1.001077E+01
8.551000E+02 2.051249E+00 1.001011E+01
8.560000E+02 2.051241E+00 1.000815E+01
8.569000E+02 2.051233E+00 1.000750E+01
8.578000E+02 2.051225E+00 1.000686E+01
8.587000E+02 2.051217E+00 1.000491E+01
8.596000E+02 2.051209E+00 1.000427E+01
8.605000E+02 2.051200E+00 1.000364E+01
8.614000E+02 2.051191E+00 1.000171E+01
8.623000E+02 2.051182E+00 1.000109E+01
8.632000E+02 2.051173E+00 1.000047E+01
8.641000E+02 2.051164E+00 9.998550E+00
8.650000E+02 2.051154E+00 9.997940E+00
8.659000E+02 2.051144E+00 9.996033E+00
8.668000E+02 2.051134E+00 9.995431E+00
8.677000E+02 2.051124E+00 9.994834E+00
8.686000E+02 2.051113E+00 9.992941E+00
8.695000E+02 2.051103E+00 9.992353E+00
8.704000E+02 2.051092E+00 9.990470E+00
8.713000E+02 2.051081E+00 9.989890E+00
8.722000E+02 2.051070E+00 9.989314E+00
8.731000E+02 2.051058E+00 9.987446E+00
8.740000E+02 2.051046E+00 9.986879E+00
8.749000E+02 2.051035E+00 9.986316E+00
8.758000E+02 2.051023E+00 9.984461E+00
8.767000E+02 2.051010E+00 9.983907E+00
8.776000E+02 2.050998E+00 9.982062E+00
8.785000E+02 2.050985E+00 9.981516E+00
8.794000E+02 2.050973E+00 9.979681E+00
8.803000E+02 2.050960E+00 9.979143E+00
8.812000E+02 2.050946E+00 9.978610E+00
8.821000E+02 2.050933E+00 9.976788E+00
8.830000E+02 2.050919E+00 9.976264E+00
8.839000E+02 2.050906E+00 9.974451E+00
8.848000E+02 2.050892E+00 9.973935E+00
8.857000E+02 2.050878E+00 9.972132E+00
8.866000E+02 2.050863E+00 9.971624E+00
8.875000E+02 2.050849E+00 9.971120E+00
8.884000E+02 2.050834E+00 9.969330E+00
8.893000E+02 2.050819E+00 9.968835E+00
8.902000E+02 2.050804E+00 9.967055E+00
8.911000E+02 2.050789E+00 9.966567E+00
8.920000E+02 2.050773E+00 9.964796E+00
8.929000E+02 2.050758E+00 9.964317E+00
8.938000E+02 2.050742E+00 9.962555E+00
8.947000E+02 2.050726E+00 9.962084E+00
8.956000E+02 2.050710E+00 9.961617E+00
8.965000E+02 2.050693E+00 9.959868E+00
8.974000E+02 2.050677E+00 9.959409E+00
8.983000E+02 2.050660E+00 9.957670E+00
8.992000E+02 2.050643E+00 9.957219E+00
9.001000E+02 2.050626E+00 9.955488E+00
9.010000E+02 2.050609E+00 9.955045E+00
9.019000E+02 2.050592E+00 9.953324E+00
9.028000E+02 2.050574E+00 9.952889E+00
9.037000E+02 2.050556E+00 9.951176E+00
9.046000E+02 2.050538E+00 9.950749E+00
9.055000E+02 2.050520E+00 9.949045E+00
9.064000E+02 2.050502E+00 9.948626E+00
9.073000E+02 2.050484E+00 9.946931E+00
9.082000E+02 2.050465E+00 9.946520E+00
9.091000E+02 2.050446E+00 9.944834E+00
9.100000E+02 2.050427E+00 9.944431E+00
9.109000E+02 2.050408E+00 9.942753E+00
9.118000E+02 2.050389E+00 9.942358E+00
9.127000E+02 2.050369E+00 9.940689E+00
9.136000E+02 2.050350E+00 9.940301E+00
9.145000E+02 2.050330E+00 9.938641E+00
9.154000E+02 2.050310E+00 9.938261E+00
9.163000E+02 2.050290E+00 9.936609E+00
9.172000E+02 2.050270E+00 9.936237E+00
9.181000E+02 2.050249E+00 9.934594E+00
9.190000E+02 2.050228E+00 9.934229E+00
9.199000E+02 2.050208E+00 9.932595E+00
9.208000E+02 2.050187E+00 9.932238E+00
9.217000E+02 2.050166E+00 9.930612E+00
9.226000E+02 2.050144E+00 9.930263E+00
9.235000E+02 2.050123E+00 9.928645E+00
9.244000E+02 2.050101E+00 9.928303E+00
9.253000E+02 2.050080E+00 9.926694E+00
9.262000E+02 2.050058E+00 9.925090E+00
9.271000E+02 2.050036E+00 9.924759E+00
9.280000E+02 2.050013E+00 9.923163E+00
9.289000E+02 2.049991E+00 9.922840E+00
9.298000E+02 2.049968E+00 9.921252E+00
9.307000E+02 2.049946E+00 9.920937E+00
9.316000E+02 2.049923E+00 9.919357E+00
9.325000E+02 2.049900E+00 9.919049E+00
9.334000E+02 2.049877E+00 9.917477E+00
9.343000E+02 2.049853E+00 9.915910E+00
9.352000E+02 2.049830E+00 9.915613E+00
9.361000E+02 2.049806E+00 9.914054E+00
9.370000E+02 2.049783E+00 9.913765E+00
9.379000E+02 2.049759E+00 9.912214E+00
9.388000E+02 2.049735E+00 9.911932E+00
9.397000E+02 2.049710E+00 9.910389E+00
9.406000E+02 2.049686E+00 9.908851E+00
9.415000E+02 2.049661E+00 9.908579E+00
9.424000E+02 2.049637E+00 9.907049E+00
9.433000E+02 2.049612E+00 9.906785E+00
9.442000E+02 2.049587E+00 9.905263E+00
9.451000E+02 2.049562E+00 9.905006E+00
9.460000E+02 2.049537E+00 9.903491E+00
9.469000E+02 2.049511E+00 9.901981E+00
9.478000E+02 2.049486E+00 9.901735E+00
9.487000E+02 2.049460E+00 9.900233E+00
9.496000E+02 2.049434E+00 9.899994E+00
9.505000E+02 2.049408E+00 9.898500E+00
9.514000E+02 2.049382E+00 9.897010E+00
9.523000E+02 2.049356E+00 9.896781E+00
9.532000E+02 2.049329E+00 9.895299E+00
9.541000E+02 2.049303E+00 9.893821E+00
9.550000E+02 2.049276E+00 9.893603E+00
9.559000E+02 2.049249E+00 9.892133E+00
9.568000E+02 2.049222E+00 9.891922E+00
9.577000E+02 2.049195E+00 9.890459E+00
9.586000E+02 2.049168E+00 9.889001E+00
9.595000E+02 2.049140E+00 9.888801E+00
9.604000E+02 2.049113E+00 9.887350E+00
9.613000E+02 2.049085E+00 9.885903E+00
9.622000E+02 2.049057E+00 9.885713E+00
9.631000E+02 2.049029E+00 9.884274E+00
9.640000E+02 2.049001E+00 9.884092E+00
9.649000E+02 2.048973E+00 9.882660E+00
9.658000E+02 2.048945E+00 9.881232E+00
9.667000E+02 2.048916E+00 9.881060E+00
9.676000E+02 2.048888E+00 9.879640E+00
9.685000E+02 2.048859E+00 9.878224E+00
9.694000E+02 2.048830E+00 9.878062E+00
9.703000E+02 2.048801E+00 9.876653E+00
9.712000E+02 2.048772E+00 9.875248E+00
9.721000E+02 2.048743E+00 9.875097E+00
9.730000E+02 2.048713E+00 9.873699E+00
9.739000E+02 2.048684E+00 9.872306E+00
9.748000E+02 2.048654E+00 9.872165E+00
9.757000E+02 2.048624E+00 9.870779E+00
9.766000E+02 2.048594E+00 9.869397E+00
9.775000E+02 2.048564E+00 9.869265E+00
9.784000E+02 2.048534E+00 9.867891E+00
9.793000E+02 2.048504E+00 9.866520E+00
9.802000E+02 2.048473E+00 9.866398E+00
9.811000E+02 2.048443E+00 9.865035E+00
9.820000E+02 2.048412E+00 9.863675E+00
9.829000E+02 2.048381E+00 9.863564E+00
9.838000E+02 2.048350E+00 9.862212E+00
9.847000E+02 2.048319E+00 9.860863E+00
9.856000E+02 2.048288E+00 9.860762E+00
9.865000E+02 2.048256E+00 9.859420E+00
9.874000E+02 2.048225E+00 9.858083E+00
9.883000E+02 2.048193E+00 9.856749E+00
9.892000E+02 2.048162E+00 9.856661E+00
9.901000E+02 2.048130E+00 9.855334E+00
9.910000E+02 2.048098E+00 9.854011E+00
9.919000E+02 2.048066E+00 9.853933E+00
9.928000E+02 2.048034E+00 9.852617E+00
9.937000E+02 2.048001E+00 9.851305E+00
9.946000E+02 2.047969E+00 9.849997E+00
9.955000E+02 2.047936E+00 9.849931E+00
9.964000E+02 2.047904E+00 9.848630E+00
9.973000E+02 2.047871E+00 9.847333E+00
9.982000E+02 2.047838E+00 9.847277E+00
9.991000E+02 2.047805E+00 9.845986E+00
