1.000000E+02 1.398410E+00 1.133548E+01
1.009000E+02 1.402353E+00 1.133027E+01
1.018000E+02 1.406253E+00 1.132921E+01
1.027000E+02 1.410111E+00 1.132444E+01
1.036000E+02 1.413928E+00 1.131989E+01
1.045000E+02 1.417704E+00 1.131556E+01
1.054000E+02 1.421439E+00 1.131143E+01
1.063000E+02 1.425135E+00 1.130751E+01
1.072000E+02 1.428791E+00 1.130379E+01
1.081000E+02 1.432410E+00 1.130026E+01
1.090000E+02 1.435990E+00 1.129693E+01
1.099000E+02 1.439533E+00 1.129377E+01
1.108000E+02 1.443040E+00 1.129080E+01
1.117000E+02 1.446510E+00 1.128429E+01
1.126000E+02 1.449945E+00 1.128169E+01
1.135000E+02 1.453345E+00 1.127924E+01
1.144000E+02 1.456711E+00 1.127331E+01
1.153000E+02 1.460042E+00 1.127121E+01
1.162000E+02 1.463340E+00 1.126564E+01
1.171000E+02 1.466606E+00 1.126386E+01
1.180000E+02 1.469838E+00 1.125864E+01
1.189000E+02 1.473039E+00 1.125360E+01
1.198000E+02 1.476208E+00 1.125228E+01
1.207000E+02 1.479345E+00 1.124757E+01
1.216000E+02 1.482453E+00 1.124302E+01
1.225000E+02 1.485530E+00 1.123863E+01
1.234000E+02 1.488577E+00 1.123440E+01
1.243000E+02 1.491594E+00 1.123032E+01
1.252000E+02 1.494583E+00 1.122640E+01
1.261000E+02 1.497543E+00 1.122262E+01
1.270000E+02 1.500475E+00 1.121899E+01
1.279000E+02 1.503380E+00 1.121551E+01
1.288000E+02 1.506257E+00 1.121216E+01
1.297000E+02 1.509106E+00 1.120895E+01
1.306000E+02 1.511929E+00 1.120588E+01
1.315000E+02 1.514726E+00 1.120293E+01
1.324000E+02 1.517497E+00 1.119676E+01
1.333000E+02 1.520242E+00 1.119409E+01
1.342000E+02 1.522962E+00 1.119153E+01
1.351000E+02 1.525657E+00 1.118578E+01
1.360000E+02 1.528327E+00 1.118349E+01
1.369000E+02 1.530973E+00 1.117801E+01
1.378000E+02 1.533596E+00 1.117596E+01
1.387000E+02 1.536194E+00 1.117074E+01
1.396000E+02 1.538769E+00 1.116892E+01
1.405000E+02 1.541321E+00 1.116396E+01
1.414000E+02 1.543850E+00 1.116237E+01
1.423000E+02 1.546357E+00 1.115765E+01
1.432000E+02 1.548841E+00 1.115306E+01
1.441000E+02 1.551304E+00 1.114860E+01
1.450000E+02 1.553745E+00 1.114744E+01
1.459000E+02 1.556164E+00 1.114320E+01
1.468000E+02 1.558563E+00 1.113908E+01
1.477000E+02 1.560940E+00 1.113507E+01
1.486000E+02 1.563297E+00 1.113117E+01
1.495000E+02 1.565634E+00 1.112739E+01
1.504000E+02 1.567951E+00 1.112371E+01
1.513000E+02 1.570247E+00 1.112014E+01
1.522000E+02 1.572524E+00 1.111668E+01
1.531000E+02 1.574782E+00 1.111332E+01
1.540000E+02 1.577021E+00 1.111006E+01
1.549000E+02 1.579240E+00 1.110690E+01
1.558000E+02 1.581441E+00 1.110383E+01
1.567000E+02 1.583624E+00 1.110087E+01
1.576000E+02 1.585788E+00 1.109496E+01
1.585000E+02 1.587934E+00 1.109219E+01
1.594000E+02 1.590062E+00 1.108951E+01
1.603000E+02 1.592173E+00 1.108693E+01
1.612000E+02 1.594266E+00 1.108143E+01
1.621000E+02 1.596342E+00 1.107903E+01
1.630000E+02 1.598401E+00 1.107373E+01
1.639000E+02 1.600443E+00 1.107151E+01
1.648000E+02 1.602469E+00 1.106938E+01
1.657000E+02 1.604478E+00 1.106437E+01
1.666000E+02 1.606471E+00 1.106240E+01
1.675000E+02 1.608447E+00 1.105758E+01
1.684000E+02 1.610408E+00 1.105578E+01
1.693000E+02 1.612353E+00 1.105114E+01
1.702000E+02 1.614283E+00 1.104659E+01
1.711000E+02 1.616197E+00 1.104503E+01
1.720000E+02 1.618096E+00 1.104066E+01
1.729000E+02 1.619979E+00 1.103637E+01
1.738000E+02 1.621848E+00 1.103505E+01
1.747000E+02 1.623703E+00 1.103093E+01
1.756000E+02 1.625542E+00 1.102689E+01
1.765000E+02 1.627368E+00 1.102294E+01
1.774000E+02 1.629179E+00 1.101907E+01
1.783000E+02 1.630976E+00 1.101812E+01
1.792000E+02 1.632759E+00 1.101441E+01
1.801000E+02 1.634528E+00 1.101078E+01
1.810000E+02 1.636283E+00 1.100722E+01
1.819000E+02 1.638025E+00 1.100374E+01
1.828000E+02 1.639754E+00 1.100034E+01
1.837000E+02 1.641469E+00 1.099701E+01
1.846000E+02 1.643172E+00 1.099376E+01
1.855000E+02 1.644861E+00 1.099058E+01
1.864000E+02 1.646537E+00 1.098747E+01
1.873000E+02 1.648201E+00 1.098444E+01
1.882000E+02 1.649853E+00 1.098147E+01
1.891000E+02 1.651491E+00 1.097583E+01
1.900000E+02 1.653118E+00 1.097301E+01
1.909000E+02 1.654732E+00 1.097025E+01
1.918000E+02 1.656335E+00 1.096757E+01
1.927000E+02 1.657925E+00 1.096495E+01
1.936000E+02 1.659504E+00 1.095968E+01
1.945000E+02 1.661070E+00 1.095719E+01
1.954000E+02 1.662626E+00 1.095477E+01
1.963000E+02 1.664169E+00 1.094972E+01
1.972000E+02 1.665702E+00 1.094743E+01
1.981000E+02 1.667223E+00 1.094520E+01
1.990000E+02 1.668733E+00 1.094036E+01
1.999000E+02 1.670232E+00 1.093826E+01
2.008000E+02 1.671721E+00 1.093355E+01
2.017000E+02 1.673198E+00 1.093157E+01
2.026000E+02 1.674665E+00 1.092965E+01
2.035000E+02 1.676121E+00 1.092514E+01
2.044000E+02 1.677566E+00 1.092070E+01
2.053000E+02 1.679001E+00 1.091895E+01
2.062000E+02 1.680426E+00 1.091464E+01
2.071000E+02 1.681841E+00 1.091301E+01
2.080000E+02 1.683246E+00 1.090883E+01
2.089000E+02 1.684640E+00 1.090731E+01
2.098000E+02 1.686025E+00 1.090324E+01
2.107000E+02 1.687400E+00 1.089924E+01
2.116000E+02 1.688765E+00 1.089788E+01
2.125000E+02 1.690120E+00 1.089400E+01
2.134000E+02 1.691466E+00 1.089018E+01
2.143000E+02 1.692803E+00 1.088641E+01
2.152000E+02 1.694130E+00 1.088527E+01
2.161000E+02 1.695448E+00 1.088162E+01
2.170000E+02 1.696757E+00 1.087803E+01
2.179000E+02 1.698056E+00 1.087449E+01
2.188000E+02 1.699347E+00 1.087101E+01
2.197000E+02 1.700628E+00 1.087012E+01
2.206000E+02 1.701901E+00 1.086675E+01
2.215000E+02 1.703165E+00 1.086343E+01
2.224000E+02 1.704421E+00 1.086017E+01
2.233000E+02 1.705667E+00 1.085696E+01
2.242000E+02 1.706905E+00 1.085380E+01
2.251000E+02 1.708135E+00 1.085070E+01
2.260000E+02 1.709356E+00 1.084765E+01
2.269000E+02 1.710569E+00 1.084465E+01
2.278000E+02 1.711774E+00 1.084170E+01
2.287000E+02 1.712970E+00 1.083880E+01
2.296000E+02 1.714159E+00 1.083595E+01
2.305000E+02 1.715339E+00 1.083315E+01
2.314000E+02 1.716512E+00 1.083040E+01
2.323000E+02 1.717676E+00 1.082770E+01
2.332000E+02 1.718833E+00 1.082259E+01
2.341000E+02 1.719982E+00 1.081999E+01
2.350000E+02 1.721124E+00 1.081743E+01
2.359000E+02 1.722257E+00 1.081492E+01
2.368000E+02 1.723383E+00 1.081246E+01
2.377000E+02 1.724502E+00 1.081004E+01
2.386000E+02 1.725613E+00 1.080524E+01
2.395000E+02 1.726717E+00 1.080291E+01
2.404000E+02 1.727814E+00 1.080063E+01
2.413000E+02 1.728903E+00 1.079840E+01
2.422000E+02 1.729986E+00 1.079380E+01
2.431000E+02 1.731061E+00 1.079165E+01
2.440000E+02 1.732129E+00 1.078954E+01
2.449000E+02 1.733190E+00 1.078509E+01
2.458000E+02 1.734244E+00 1.078307E+01
2.467000E+02 1.735291E+00 1.077872E+01
2.476000E+02 1.736332E+00 1.077678E+01
2.485000E+02 1.737366E+00 1.077489E+01
2.494000E+02 1.738393E+00 1.077067E+01
2.503000E+02 1.739413E+00 1.076886E+01
2.512000E+02 1.740427E+00 1.076473E+01
2.521000E+02 1.741434E+00 1.076301E+01
2.530000E+02 1.742435E+00 1.075897E+01
2.539000E+02 1.743429E+00 1.075732E+01
2.548000E+02 1.744417E+00 1.075337E+01
2.557000E+02 1.745399E+00 1.075180E+01
2.566000E+02 1.746374E+00 1.074794E+01
2.575000E+02 1.747343E+00 1.074645E+01
2.584000E+02 1.748306E+00 1.074267E+01
2.593000E+02 1.749263E+00 1.074125E+01
2.602000E+02 1.750214E+00 1.073755E+01
2.611000E+02 1.751158E+00 1.073390E+01
2.620000E+02 1.752097E+00 1.073260E+01
2.629000E+02 1.753030E+00 1.072903E+01
2.638000E+02 1.753957E+00 1.072550E+01
2.647000E+02 1.754878E+00 1.072430E+01
2.656000E+02 1.755793E+00 1.072085E+01
2.665000E+02 1.756703E+00 1.071744E+01
2.674000E+02 1.757607E+00 1.071407E+01
2.683000E+02 1.758505E+00 1.071302E+01
2.692000E+02 1.759398E+00 1.070973E+01
2.701000E+02 1.760285E+00 1.070647E+01
2.710000E+02 1.761166E+00 1.070326E+01
2.719000E+02 1.762042E+00 1.070234E+01
2.728000E+02 1.762913E+00 1.069920E+01
2.737000E+02 1.763778E+00 1.069610E+01
2.746000E+02 1.764638E+00 1.069303E+01
2.755000E+02 1.765493E+00 1.069000E+01
2.764000E+02 1.766342E+00 1.068701E+01
2.773000E+02 1.767186E+00 1.068629E+01
2.782000E+02 1.768025E+00 1.068337E+01
2.791000E+02 1.768859E+00 1.068049E+01
2.800000E+02 1.769688E+00 1.067764E+01
2.809000E+02 1.770511E+00 1.067482E+01
2.818000E+02 1.771330E+00 1.067204E+01
2.827000E+02 1.772143E+00 1.066930E+01
2.836000E+02 1.772952E+00 1.066659E+01
2.845000E+02 1.773755E+00 1.066391E+01
2.854000E+02 1.774554E+00 1.066127E+01
2.863000E+02 1.775348E+00 1.065866E+01
2.872000E+02 1.776137E+00 1.065609E+01
2.881000E+02 1.776922E+00 1.065355E+01
2.890000E+02 1.777701E+00 1.065104E+01
2.899000E+02 1.778476E+00 1.064856E+01
2.908000E+02 1.779247E+00 1.064612E+01
2.917000E+02 1.780012E+00 1.064371E+01
2.926000E+02 1.780773E+00 1.064133E+01
2.935000E+02 1.781530E+00 1.063681E+01
2.944000E+02 1.782282E+00 1.063450E+01
2.953000E+02 1.783029E+00 1.063222E+01
2.962000E+02 1.783772E+00 1.062997E+01
2.971000E+02 1.784510E+00 1.062775E+01
2.980000E+02 1.785245E+00 1.062556E+01
2.989000E+02 1.785974E+00 1.062124E+01
2.998000E+02 1.786700E+00 1.061911E+01
3.007000E+02 1.787421E+00 1.061702E+01
3.016000E+02 1.788138E+00 1.061495E+01
3.025000E+02 1.788850E+00 1.061291E+01
3.034000E+02 1.789559E+00 1.060876E+01
3.043000E+02 1.790263E+00 1.060679E+01
3.052000E+02 1.790963E+00 1.060484E+01
3.061000E+02 1.791659E+00 1.060079E+01
3.070000E+02 1.792351E+00 1.059890E+01
3.079000E+02 1.793039E+00 1.059703E+01
3.088000E+02 1.793722E+00 1.059520E+01
3.097000E+02 1.794402E+00 1.059128E+01
3.106000E+02 1.795078E+00 1.058950E+01
3.115000E+02 1.795750E+00 1.058775E+01
3.124000E+02 1.796418E+00 1.058392E+01
3.133000E+02 1.797082E+00 1.058223E+01
3.142000E+02 1.797742E+00 1.057846E+01
3.151000E+02 1.798398E+00 1.057682E+01
3.160000E+02 1.799050E+00 1.057521E+01
3.169000E+02 1.799699E+00 1.057153E+01
3.178000E+02 1.800344E+00 1.056997E+01
3.187000E+02 1.800985E+00 1.056635E+01
3.196000E+02 1.801623E+00 1.056484E+01
3.205000E+02 1.802256E+00 1.056128E+01
3.214000E+02 1.802886E+00 1.055983E+01
3.223000E+02 1.803513E+00 1.055633E+01
3.232000E+02 1.804136E+00 1.055493E+01
3.241000E+02 1.804755E+00 1.055148E+01
3.250000E+02 1.805371E+00 1.055013E+01
3.259000E+02 1.805983E+00 1.054674E+01
3.268000E+02 1.806592E+00 1.054544E+01
3.277000E+02 1.807197E+00 1.054211E+01
3.286000E+02 1.807799E+00 1.054086E+01
3.295000E+02 1.808397E+00 1.053758E+01
3.304000E+02 1.808992E+00 1.053433E+01
3.313000E+02 1.809583E+00 1.053315E+01
3.322000E+02 1.810171E+00 1.052995E+01
3.331000E+02 1.810756E+00 1.052883E+01
3.340000E+02 1.811337E+00 1.052568E+01
3.349000E+02 1.811915E+00 1.052256E+01
3.358000E+02 1.812490E+00 1.052151E+01
3.367000E+02 1.813062E+00 1.051844E+01
3.376000E+02 1.813630E+00 1.051540E+01
3.385000E+02 1.814195E+00 1.051442E+01
3.394000E+02 1.814757E+00 1.051143E+01
3.403000E+02 1.815316E+00 1.050847E+01
3.412000E+02 1.815872E+00 1.050755E+01
3.421000E+02 1.816424E+00 1.050464E+01
3.430000E+02 1.816973E+00 1.050175E+01
3.439000E+02 1.817520E+00 1.049889E+01
3.448000E+02 1.818063E+00 1.049806E+01
3.457000E+02 1.818603E+00 1.049525E+01
3.466000E+02 1.819140E+00 1.049247E+01
3.475000E+02 1.819674E+00 1.048970E+01
3.484000E+02 1.820205E+00 1.048896E+01
3.493000E+02 1.820733E+00 1.048625E+01
3.502000E+02 1.821258E+00 1.048356E+01
3.511000E+02 1.821781E+00 1.048089E+01
3.520000E+02 1.822300E+00 1.047825E+01
3.529000E+02 1.822816E+00 1.047563E+01
3.538000E+02 1.823330E+00 1.047502E+01
3.547000E+02 1.823840E+00 1.047245E+01
3.556000E+02 1.824348E+00 1.046990E+01
3.565000E+02 1.824853E+00 1.046737E+01
3.574000E+02 1.825355E+00 1.046487E+01
3.583000E+02 1.825855E+00 1.046239E+01
3.592000E+02 1.826351E+00 1.045993E+01
3.601000E+02 1.826845E+00 1.045750E+01
3.610000E+02 1.827336E+00 1.045509E+01
3.619000E+02 1.827825E+00 1.045466E+01
3.628000E+02 1.828311E+00 1.045229E+01
3.637000E+02 1.828794E+00 1.044995E+01
3.646000E+02 1.829274E+00 1.044762E+01
3.655000E+02 1.829752E+00 1.044532E+01
3.664000E+02 1.830227E+00 1.044304E+01
3.673000E+02 1.830699E+00 1.044078E+01
3.682000E+02 1.831169E+00 1.043854E+01
3.691000E+02 1.831636E+00 1.043633E+01
3.700000E+02 1.832101E+00 1.043413E+01
3.709000E+02 1.832563E+00 1.043196E+01
3.718000E+02 1.833023E+00 1.042980E+01
3.727000E+02 1.833480E+00 1.042767E+01
3.736000E+02 1.833934E+00 1.042556E+01
3.745000E+02 1.834387E+00 1.042347E+01
3.754000E+02 1.834836E+00 1.041948E+01
3.763000E+02 1.835283E+00 1.041743E+01
3.772000E+02 1.835728E+00 1.041540E+01
3.781000E+02 1.836170E+00 1.041339E+01
3.790000E+02 1.836610E+00 1.041141E+01
3.799000E+02 1.837048E+00 1.040944E+01
3.808000E+02 1.837483E+00 1.040749E+01
3.817000E+02 1.837915E+00 1.040556E+01
3.826000E+02 1.838346E+00 1.040365E+01
3.835000E+02 1.838774E+00 1.039986E+01
3.844000E+02 1.839199E+00 1.039799E+01
3.853000E+02 1.839623E+00 1.039614E+01
3.862000E+02 1.840044E+00 1.039431E+01
3.871000E+02 1.840462E+00 1.039250E+01
3.880000E+02 1.840879E+00 1.039071E+01
3.889000E+02 1.841293E+00 1.038704E+01
3.898000E+02 1.841705E+00 1.038529E+01
3.907000E+02 1.842115E+00 1.038355E+01
3.916000E+02 1.842522E+00 1.038184E+01
3.925000E+02 1.842928E+00 1.038014E+01
3.934000E+02 1.843331E+00 1.037658E+01
3.943000E+02 1.843732E+00 1.037492E+01
3.952000E+02 1.844131E+00 1.037327E+01
3.961000E+02 1.844527E+00 1.037165E+01
3.970000E+02 1.844922E+00 1.036817E+01
3.979000E+02 1.845314E+00 1.036658E+01
3.988000E+02 1.845704E+00 1.036501E+01
3.997000E+02 1.846092E+00 1.036159E+01
4.006000E+02 1.846478E+00 1.036006E+01
4.015000E+02 1.846862E+00 1.035854E+01
4.024000E+02 1.847244E+00 1.035518E+01
4.033000E+02 1.847624E+00 1.035370E+01
4.042000E+02 1.848002E+00 1.035224E+01
4.051000E+02 1.848377E+00 1.034893E+01
4.060000E+02 1.848751E+00 1.034750E+01
4.069000E+02 1.849123E+00 1.034609E+01
4.078000E+02 1.849493E+00 1.034285E+01
4.087000E+02 1.849860E+00 1.034147E+01
4.096000E+02 1.850226E+00 1.034011E+01
4.105000E+02 1.850590E+00 1.033692E+01
4.114000E+02 1.850952E+00 1.033559E+01
4.123000E+02 1.851312E+00 1.033244E+01
4.132000E+02 1.851670E+00 1.033115E+01
4.141000E+02 1.852026E+00 1.032987E+01
4.150000E+02 1.852380E+00 1.032678E+01
4.159000E+02 1.852732E+00 1.032553E+01
4.168000E+02 1.853082E+00 1.032247E+01
4.177000E+02 1.853431E+00 1.032126E+01
4.186000E+02 1.853778E+00 1.031824E+01
4.195000E+02 1.854122E+00 1.031706E+01
4.204000E+02 1.854465E+00 1.031407E+01
4.213000E+02 1.854806E+00 1.031293E+01
4.222000E+02 1.855146E+00 1.030997E+01
4.231000E+02 1.855483E+00 1.030886E+01
4.240000E+02 1.855819E+00 1.030594E+01
4.249000E+02 1.856153E+00 1.030486E+01
4.258000E+02 1.856485E+00 1.030198E+01
4.267000E+02 1.856815E+00 1.030092E+01
4.276000E+02 1.857144E+00 1.029808E+01
4.285000E+02 1.857470E+00 1.029705E+01
4.294000E+02 1.857796E+00 1.029424E+01
4.303000E+02 1.858119E+00 1.029325E+01
4.312000E+02 1.858441E+00 1.029047E+01
4.321000E+02 1.858760E+00 1.028951E+01
4.330000E+02 1.859079E+00 1.028676E+01
4.339000E+02 1.859395E+00 1.028403E+01
4.348000E+02 1.859710E+00 1.028312E+01
4.357000E+02 1.860023E+00 1.028042E+01
4.366000E+02 1.860335E+00 1.027953E+01
4.375000E+02 1.860644E+00 1.027687E+01
4.384000E+02 1.860952E+00 1.027422E+01
4.393000E+02 1.861259E+00 1.027338E+01
4.402000E+02 1.861564E+00 1.027076E+01
4.411000E+02 1.861867E+00 1.026995E+01
4.420000E+02 1.862169E+00 1.026736E+01
4.429000E+02 1.862469E+00 1.026480E+01
4.438000E+02 1.862767E+00 1.026403E+01
4.447000E+02 1.863064E+00 1.026149E+01
4.456000E+02 1.863360E+00 1.025897E+01
4.465000E+02 1.863653E+00 1.025824E+01
4.474000E+02 1.863945E+00 1.025575E+01
4.483000E+02 1.864236E+00 1.025328E+01
4.492000E+02 1.864525E+00 1.025259E+01
4.501000E+02 1.864813E+00 1.025015E+01
4.510000E+02 1.865099E+00 1.024772E+01
4.519000E+02 1.865383E+00 1.024531E+01
4.528000E+02 1.865666E+00 1.024468E+01
4.537000E+02 1.865948E+00 1.024230E+01
4.546000E+02 1.866228E+00 1.023993E+01
4.555000E+02 1.866506E+00 1.023758E+01
4.564000E+02 1.866783E+00 1.023700E+01
4.573000E+02 1.867059E+00 1.023468E+01
4.582000E+02 1.867333E+00 1.023237E+01
4.591000E+02 1.867605E+00 1.023008E+01
4.600000E+02 1.867877E+00 1.022955E+01
4.609000E+02 1.868146E+00 1.022729E+01
4.618000E+02 1.868415E+00 1.022504E+01
4.627000E+02 1.868682E+00 1.022281E+01
4.636000E+02 1.868947E+00 1.022059E+01
4.645000E+02 1.869211E+00 1.022013E+01
4.654000E+02 1.869474E+00 1.021794E+01
4.663000E+02 1.869735E+00 1.021576E+01
4.672000E+02 1.869995E+00 1.021360E+01
4.681000E+02 1.870253E+00 1.021145E+01
4.690000E+02 1.870511E+00 1.021105E+01
4.699000E+02 1.870766E+00 1.020893E+01
4.708000E+02 1.871021E+00 1.020683E+01
4.717000E+02 1.871274E+00 1.020474E+01
4.726000E+02 1.871525E+00 1.020266E+01
4.735000E+02 1.871776E+00 1.020059E+01
4.744000E+02 1.872025E+00 1.019854E+01
4.753000E+02 1.872273E+00 1.019651E+01
4.762000E+02 1.872519E+00 1.019621E+01
4.771000E+02 1.872764E+00 1.019420E+01
4.780000E+02 1.873008E+00 1.019220E+01
4.789000E+02 1.873250E+00 1.019022E+01
4.798000E+02 1.873492E+00 1.018825E+01
4.807000E+02 1.873731E+00 1.018629E+01
4.816000E+02 1.873970E+00 1.018435E+01
4.825000E+02 1.874207E+00 1.018242E+01
4.834000E+02 1.874444E+00 1.018050E+01
4.843000E+02 1.874678E+00 1.017860E+01
4.852000E+02 1.874912E+00 1.017671E+01
4.861000E+02 1.875144E+00 1.017483E+01
4.870000E+02 1.875375E+00 1.017297E+01
4.879000E+02 1.875605E+00 1.017112E+01
4.888000E+02 1.875834E+00 1.016928E+01
4.897000E+02 1.876061E+00 1.016746E+01
4.906000E+02 1.876288E+00 1.016564E+01
4.915000E+02 1.876513E+00 1.016385E+01
4.924000E+02 1.876737E+00 1.016206E+01
4.933000E+02 1.876959E+00 1.016028E+01
4.942000E+02 1.877181E+00 1.015852E+01
4.951000E+02 1.877401E+00 1.015677E+01
4.960000E+02 1.877620E+00 1.015504E+01
4.969000E+02 1.877838E+00 1.015331E+01
4.978000E+02 1.878055E+00 1.015160E+01
4.987000E+02 1.878270E+00 1.014990E+01
4.996000E+02 1.878485E+00 1.014821E+01
5.005000E+02 1.878698E+00 1.014653E+01
5.014000E+02 1.878910E+00 1.014487E+01
5.023000E+02 1.879121E+00 1.014322E+01
5.032000E+02 1.879331E+00 1.014158E+01
5.041000E+02 1.879540E+00 1.013995E+01
5.050000E+02 1.879747E+00 1.013834E+01
5.059000E+02 1.879954E+00 1.013673E+01
5.068000E+02 1.880159E+00 1.013514E+01
5.077000E+02 1.880364E+00 1.013356E+01
5.086000E+02 1.880567E+00 1.013032E+01
5.095000E+02 1.880769E+00 1.012876E+01
5.104000E+02 1.880970E+00 1.012722E+01
5.113000E+02 1.881170E+00 1.012568E+01
5.122000E+02 1.881369E+00 1.012416E+01
5.131000E+02 1.881567E+00 1.012265E+01
5.140000E+02 1.881763E+00 1.012115E+01
5.149000E+02 1.881959E+00 1.011967E+01
5.158000E+02 1.882154E+00 1.011653E+01
5.167000E+02 1.882347E+00 1.011506E+01
5.176000E+02 1.882540E+00 1.011361E+01
5.185000E+02 1.882731E+00 1.011217E+01
5.194000E+02 1.882922E+00 1.011074E+01
5.203000E+02 1.883111E+00 1.010932E+01
5.212000E+02 1.883300E+00 1.010626E+01
5.221000E+02 1.883487E+00 1.010486E+01
5.230000E+02 1.883673E+00 1.010348E+01
5.239000E+02 1.883859E+00 1.010210E+01
5.248000E+02 1.884043E+00 1.010074E+01
5.257000E+02 1.884227E+00 1.009774E+01
5.266000E+02 1.884409E+00 1.009639E+01
5.275000E+02 1.884590E+00 1.009506E+01
5.284000E+02 1.884771E+00 1.009374E+01
5.293000E+02 1.884950E+00 1.009243E+01
5.302000E+02 1.885129E+00 1.008949E+01
5.311000E+02 1.885306E+00 1.008820E+01
5.320000E+02 1.885483E+00 1.008693E+01
5.329000E+02 1.885658E+00 1.008566E+01
5.338000E+02 1.885833E+00 1.008277E+01
5.347000E+02 1.886006E+00 1.008152E+01
5.356000E+02 1.886179E+00 1.008029E+01
5.365000E+02 1.886351E+00 1.007906E+01
5.374000E+02 1.886522E+00 1.007621E+01
5.383000E+02 1.886692E+00 1.007501E+01
5.392000E+02 1.886860E+00 1.007382E+01
5.401000E+02 1.887028E+00 1.007101E+01
5.410000E+02 1.887196E+00 1.006983E+01
5.419000E+02 1.887362E+00 1.006867E+01
5.428000E+02 1.887527E+00 1.006589E+01
5.437000E+02 1.887691E+00 1.006475E+01
5.446000E+02 1.887855E+00 1.006362E+01
5.455000E+02 1.888017E+00 1.006250E+01
5.464000E+02 1.888179E+00 1.005977E+01
5.473000E+02 1.888340E+00 1.005866E+01
5.482000E+02 1.888500E+00 1.005757E+01
5.491000E+02 1.888659E+00 1.005487E+01
5.500000E+02 1.888817E+00 1.005380E+01
5.509000E+02 1.888974E+00 1.005113E+01
5.518000E+02 1.889131E+00 1.005007E+01
5.527000E+02 1.889286E+00 1.004903E+01
5.536000E+02 1.889441E+00 1.004639E+01
5.545000E+02 1.889595E+00 1.004536E+01
5.554000E+02 1.889748E+00 1.004435E+01
5.563000E+02 1.889900E+00 1.004174E+01
5.572000E+02 1.890051E+00 1.004075E+01
5.581000E+02 1.890201E+00 1.003816E+01
5.590000E+02 1.890351E+00 1.003718E+01
5.599000E+02 1.890500E+00 1.003622E+01
5.608000E+02 1.890648E+00 1.003366E+01
5.617000E+02 1.890795E+00 1.003271E+01
5.626000E+02 1.890941E+00 1.003018E+01
5.635000E+02 1.891087E+00 1.002925E+01
5.644000E+02 1.891231E+00 1.002833E+01
5.653000E+02 1.891375E+00 1.002583E+01
5.662000E+02 1.891518E+00 1.002493E+01
5.671000E+02 1.891660E+00 1.002244E+01
5.680000E+02 1.891802E+00 1.002156E+01
5.689000E+02 1.891942E+00 1.001910E+01
5.698000E+02 1.892082E+00 1.001824E+01
5.707000E+02 1.892221E+00 1.001738E+01
5.716000E+02 1.892359E+00 1.001495E+01
5.725000E+02 1.892497E+00 1.001411E+01
5.734000E+02 1.892634E+00 1.001170E+01
5.743000E+02 1.892769E+00 1.001088E+01
5.752000E+02 1.892905E+00 1.000849E+01
5.761000E+02 1.893039E+00 1.000769E+01
5.770000E+02 1.893173E+00 1.000532E+01
5.779000E+02 1.893305E+00 1.000454E+01
5.788000E+02 1.893438E+00 1.000219E+01
5.797000E+02 1.893569E+00 1.000142E+01
5.806000E+02 1.893699E+00 9.999090E+00
5.815000E+02 1.893829E+00 9.998344E+00
5.824000E+02 1.893958E+00 9.996031E+00
5.833000E+02 1.894087E+00 9.995302E+00
5.842000E+02 1.894214E+00 9.993008E+00
5.851000E+02 1.894341E+00 9.992296E+00
5.860000E+02 1.894467E+00 9.990022E+00
5.869000E+02 1.894593E+00 9.987758E+00
5.878000E+02 1.894718E+00 9.987072E+00
5.887000E+02 1.894842E+00 9.984827E+00
5.896000E+02 1.894965E+00 9.984159E+00
5.905000E+02 1.895087E+00 9.981933E+00
5.914000E+02 1.895209E+00 9.981281E+00
5.923000E+02 1.895330E+00 9.979073E+00
5.932000E+02 1.895451E+00 9.978438E+00
5.941000E+02 1.895571E+00 9.976249E+00
5.950000E+02 1.895690E+00 9.974070E+00
5.959000E+02 1.895808E+00 9.973460E+00
5.968000E+02 1.895926E+00 9.971300E+00
5.977000E+02 1.896043E+00 9.970706E+00
5.986000E+02 1.896159E+00 9.968564E+00
5.995000E+02 1.896274E+00 9.966431E+00
6.004000E+02 1.896389E+00 9.965863E+00
6.013000E+02 1.896504E+00 9.963748E+00
6.022000E+02 1.896617E+00 9.963195E+00
6.031000E+02 1.896730E+00 9.961099E+00
6.040000E+02 1.896842E+00 9.959011E+00
6.049000E+02 1.896954E+00 9.958483E+00
6.058000E+02 1.897065E+00 9.956413E+00
6.067000E+02 1.897175E+00 9.954353E+00
6.076000E+02 1.897285E+00 9.953849E+00
6.085000E+02 1.897394E+00 9.951806E+00
6.094000E+02 1.897502E+00 9.949773E+00
6.103000E+02 1.897609E+00 9.949292E+00
6.112000E+02 1.897716E+00 9.947276E+00
6.121000E+02 1.897823E+00 9.945269E+00
6.130000E+02 1.897928E+00 9.944812E+00
6.139000E+02 1.898034E+00 9.942822E+00
6.148000E+02 1.898138E+00 9.940842E+00
6.157000E+02 1.898242E+00 9.940408E+00
6.166000E+02 1.898345E+00 9.938444E+00
6.175000E+02 1.898448E+00 9.936489E+00
6.184000E+02 1.898550E+00 9.936078E+00
6.193000E+02 1.898651E+00 9.934140E+00
6.202000E+02 1.898752E+00 9.932211E+00
6.211000E+02 1.898852E+00 9.931823E+00
6.220000E+02 1.898951E+00 9.929910E+00
6.229000E+02 1.899050E+00 9.928007E+00
6.238000E+02 1.899148E+00 9.926111E+00
6.247000E+02 1.899246E+00 9.925753E+00
6.256000E+02 1.899343E+00 9.923875E+00
6.265000E+02 1.899439E+00 9.922005E+00
6.274000E+02 1.899535E+00 9.921669E+00
6.283000E+02 1.899631E+00 9.919815E+00
6.292000E+02 1.899725E+00 9.917969E+00
6.301000E+02 1.899819E+00 9.916132E+00
6.310000E+02 1.899913E+00 9.915826E+00
6.319000E+02 1.900006E+00 9.914005E+00
6.328000E+02 1.900098E+00 9.912192E+00
6.337000E+02 1.900190E+00 9.910388E+00
6.346000E+02 1.900281E+00 9.910111E+00
6.355000E+02 1.900372E+00 9.908323E+00
6.364000E+02 1.900462E+00 9.906542E+00
6.373000E+02 1.900551E+00 9.904770E+00
6.382000E+02 1.900640E+00 9.903007E+00
6.391000E+02 1.900728E+00 9.902765E+00
6.400000E+02 1.900816E+00 9.901017E+00
6.409000E+02 1.900903E+00 9.899277E+00
6.418000E+02 1.900990E+00 9.897545E+00
6.427000E+02 1.901076E+00 9.895821E+00
6.436000E+02 1.901162E+00 9.895615E+00
6.445000E+02 1.901247E+00 9.893907E+00
6.454000E+02 1.901331E+00 9.892206E+00
6.463000E+02 1.901415E+00 9.890513E+00
6.472000E+02 1.901499E+00 9.888829E+00
6.481000E+02 1.901581E+00 9.888657E+00
6.490000E+02 1.901664E+00 9.886987E+00
6.499000E+02 1.901745E+00 9.885325E+00
6.508000E+02 1.901827E+00 9.883671E+00
6.517000E+02 1.901907E+00 9.882025E+00
6.526000E+02 1.901988E+00 9.880386E+00
6.535000E+02 1.902067E+00 9.878756E+00
6.544000E+02 1.902146E+00 9.878632E+00
6.553000E+02 1.902225E+00 9.877016E+00
6.562000E+02 1.902303E+00 9.875407E+00
6.571000E+02 1.902381E+00 9.873807E+00
6.580000E+02 1.902458E+00 9.872213E+00
6.589000E+02 1.902534E+00 9.870628E+00
6.598000E+02 1.902610E+00 9.869050E+00
6.607000E+02 1.902686E+00 9.868973E+00
6.616000E+02 1.902761E+00 9.867409E+00
6.625000E+02 1.902835E+00 9.865853E+00
6.634000E+02 1.902909E+00 9.864304E+00
6.643000E+02 1.902983E+00 9.862763E+00
6.652000E+02 1.903056E+00 9.861229E+00
6.661000E+02 1.903128E+00 9.859702E+00
6.670000E+02 1.903200E+00 9.858183E+00
6.679000E+02 1.903272E+00 9.856672E+00
6.688000E+02 1.903343E+00 9.855167E+00
6.697000E+02 1.903414E+00 9.855155E+00
6.706000E+02 1.903484E+00 9.853664E+00
6.715000E+02 1.903553E+00 9.852181E+00
6.724000E+02 1.903622E+00 9.850705E+00
6.733000E+02 1.903691E+00 9.849236E+00
6.742000E+02 1.903759E+00 9.847774E+00
6.751000E+02 1.903827E+00 9.846319E+00
6.760000E+02 1.903894E+00 9.844872E+00
6.769000E+02 1.903961E+00 9.843432E+00
6.778000E+02 1.904027E+00 9.841998E+00
6.787000E+02 1.904093E+00 9.840572E+00
6.796000E+02 1.904158E+00 9.839153E+00
6.805000E+02 1.904223E+00 9.837741E+00
6.814000E+02 1.904287E+00 9.836336E+00
6.823000E+02 1.904351E+00 9.834937E+00
6.832000E+02 1.904415E+00 9.833546E+00
6.841000E+02 1.904478E+00 9.832162E+00
6.850000E+02 1.904540E+00 9.830784E+00
6.859000E+02 1.904602E+00 9.829414E+00
6.868000E+02 1.904664E+00 9.828050E+00
6.877000E+02 1.904725E+00 9.826693E+00
6.886000E+02 1.904786E+00 9.825343E+00
6.895000E+02 1.904846E+00 9.824000E+00
6.904000E+02 1.904906E+00 9.822664E+00
6.913000E+02 1.904965E+00 9.821334E+00
6.922000E+02 1.905024E+00 9.820011E+00
6.931000E+02 1.905083E+00 9.818695E+00
6.940000E+02 1.905141E+00 9.817385E+00
6.949000E+02 1.905199E+00 9.816082E+00
6.958000E+02 1.905256E+00 9.814786E+00
6.967000E+02 1.905313E+00 9.813497E+00
6.976000E+02 1.905369E+00 9.812213E+00
6.985000E+02 1.905425E+00 9.810937E+00
6.994000E+02 1.905481E+00 9.809667E+00
7.003000E+02 1.905536E+00 9.808404E+00
7.012000E+02 1.905590E+00 9.807147E+00
7.021000E+02 1.905645E+00 9.805897E+00
7.030000E+02 1.905699E+00 9.804653E+00
7.039000E+02 1.905752E+00 9.803415E+00
7.048000E+02 1.905805E+00 9.802184E+00
7.057000E+02 1.905858E+00 9.800960E+00
7.066000E+02 1.905910E+00 9.799742E+00
7.075000E+02 1.905962E+00 9.798530E+00
7.084000E+02 1.906013E+00 9.797325E+00
7.093000E+02 1.906064E+00 9.796126E+00
7.102000E+02 1.906114E+00 9.794933E+00
7.111000E+02 1.906164E+00 9.792297E+00
7.120000E+02 1.906214E+00 9.791117E+00
7.129000E+02 1.906264E+00 9.789944E+00
7.138000E+02 1.906313E+00 9.788777E+00
7.147000E+02 1.906361E+00 9.787616E+00
7.156000E+02 1.906409E+00 9.786462E+00
7.165000E+02 1.906457E+00 9.785314E+00
7.174000E+02 1.906504E+00 9.784171E+00
7.183000E+02 1.906551E+00 9.783035E+00
7.192000E+02 1.906598E+00 9.781905E+00
7.201000E+02 1.906644E+00 9.779339E+00
7.210000E+02 1.906690E+00 9.778222E+00
7.219000E+02 1.906735E+00 9.777111E+00
7.228000E+02 1.906780E+00 9.776006E+00
7.237000E+02 1.906825E+00 9.774907E+00
7.246000E+02 1.906869E+00 9.773814E+00
7.255000E+02 1.906913E+00 9.772727E+00
7.264000E+02 1.906957E+00 9.771646E+00
7.273000E+02 1.907000E+00 9.769135E+00
7.282000E+02 1.907042E+00 9.768067E+00
7.291000E+02 1.907085E+00 9.767004E+00
7.300000E+02 1.907127E+00 9.765947E+00
7.309000E+02 1.907168E+00 9.764897E+00
7.318000E+02 1.907210E+00 9.763852E+00
7.327000E+02 1.907251E+00 9.762813E+00
7.336000E+02 1.907291E+00 9.760348E+00
7.345000E+02 1.907331E+00 9.759322E+00
7.354000E+02 1.907371E+00 9.758301E+00
7.363000E+02 1.907411E+00 9.757286E+00
7.372000E+02 1.907450E+00 9.756276E+00
7.381000E+02 1.907488E+00 9.753845E+00
7.390000E+02 1.907527E+00 9.752847E+00
7.399000E+02 1.907565E+00 9.751856E+00
7.408000E+02 1.907603E+00 9.750870E+00
7.417000E+02 1.907640E+00 9.749890E+00
7.426000E+02 1.907677E+00 9.748915E+00
7.435000E+02 1.907713E+00 9.746523E+00
7.444000E+02 1.907750E+00 9.745560E+00
7.453000E+02 1.907786E+00 9.744603E+00
7.462000E+02 1.907821E+00 9.743652E+00
7.471000E+02 1.907856E+00 9.742706E+00
7.480000E+02 1.907891E+00 9.740345E+00
7.489000E+02 1.907926E+00 9.739411E+00
7.498000E+02 1.907960E+00 9.738482E+00
7.507000E+02 1.907994E+00 9.737559E+00
7.516000E+02 1.908027E+00 9.735224E+00
7.525000E+02 1.908060E+00 9.734312E+00
7.534000E+02 1.908093E+00 9.733406E+00
7.543000E+02 1.908126E+00 9.732506E+00
7.552000E+02 1.908158E+00 9.731611E+00
7.561000E+02 1.908190E+00 9.729306E+00
7.570000E+02 1.908221E+00 9.728423E+00
7.579000E+02 1.908253E+00 9.727544E+00
7.588000E+02 1.908283E+00 9.726671E+00
7.597000E+02 1.908314E+00 9.724392E+00
7.606000E+02 1.908344E+00 9.723530E+00
7.615000E+02 1.908374E+00 9.722674E+00
7.624000E+02 1.908404E+00 9.720413E+00
7.633000E+02 1.908433E+00 9.719567E+00
7.642000E+02 1.908462E+00 9.718728E+00
7.651000E+02 1.908490E+00 9.717893E+00
7.660000E+02 1.908519E+00 9.715656E+00
7.669000E+02 1.908547E+00 9.714833E+00
7.678000E+02 1.908574E+00 9.714014E+00
7.687000E+02 1.908601E+00 9.713201E+00
7.696000E+02 1.908628E+00 9.710988E+00
7.705000E+02 1.908655E+00 9.710186E+00
7.714000E+02 1.908682E+00 9.709389E+00
7.723000E+02 1.908708E+00 9.707194E+00
7.732000E+02 1.908733E+00 9.706408E+00
7.741000E+02 1.908759E+00 9.705627E+00
7.750000E+02 1.908784E+00 9.703450E+00
7.759000E+02 1.908809E+00 9.702679E+00
7.768000E+02 1.908833E+00 9.701914E+00
7.777000E+02 1.908858E+00 9.701154E+00
7.786000E+02 1.908882E+00 9.699000E+00
7.795000E+02 1.908905E+00 9.698250E+00
7.804000E+02 1.908929E+00 9.697506E+00
7.813000E+02 1.908952E+00 9.695369E+00
7.822000E+02 1.908975E+00 9.694635E+00
7.831000E+02 1.908997E+00 9.693906E+00
7.840000E+02 1.909019E+00 9.691787E+00
7.849000E+02 1.909041E+00 9.691068E+00
7.858000E+02 1.909063E+00 9.690355E+00
7.867000E+02 1.909084E+00 9.688253E+00
7.876000E+02 1.909105E+00 9.687549E+00
7.885000E+02 1.909126E+00 9.686851E+00
7.894000E+02 1.909146E+00 9.684766E+00
7.903000E+02 1.909166E+00 9.684078E+00
7.912000E+02 1.909186E+00 9.683395E+00
7.921000E+02 1.909206E+00 9.681327E+00
7.930000E+02 1.909225E+00 9.680654E+00
7.939000E+02 1.909244E+00 9.678597E+00
7.948000E+02 1.909263E+00 9.677934E+00
7.957000E+02 1.909281E+00 9.677276E+00
7.966000E+02 1.909299E+00 9.675236E+00
7.975000E+02 1.909317E+00 9.674588E+00
7.984000E+02 1.909335E+00 9.673944E+00
7.993000E+02 1.909352E+00 9.671921E+00
8.002000E+02 1.909369E+00 9.671288E+00
8.011000E+02 1.909386E+00 9.669275E+00
8.020000E+02 1.909402E+00 9.668652E+00
8.029000E+02 1.909419E+00 9.668033E+00
8.038000E+02 1.909434E+00 9.666037E+00
8.047000E+02 1.909450E+00 9.665428E+00
8.056000E+02 1.909466E+00 9.663443E+00
8.065000E+02 1.909481E+00 9.662844E+00
8.074000E+02 1.909496E+00 9.662249E+00
8.083000E+02 1.909510E+00 9.660281E+00
8.092000E+02 1.909525E+00 9.659696E+00
8.101000E+02 1.909539E+00 9.657738E+00
8.110000E+02 1.909553E+00 9.657162E+00
8.119000E+02 1.909566E+00 9.656592E+00
8.128000E+02 1.909579E+00 9.654650E+00
8.137000E+02 1.909592E+00 9.654088E+00
8.146000E+02 1.909605E+00 9.652157E+00
8.155000E+02 1.909618E+00 9.651605E+00
8.164000E+02 1.909630E+00 9.649685E+00
8.173000E+02 1.909642E+00 9.649143E+00
8.182000E+02 1.909654E+00 9.647233E+00
8.191000E+02 1.909665E+00 9.646700E+00
8.200000E+02 1.909677E+00 9.646171E+00
8.209000E+02 1.909688E+00 9.644277E+00
8.218000E+02 1.909698E+00 9.643758E+00
8.227000E+02 1.909709E+00 9.641874E+00
8.236000E+02 1.909719E+00 9.641364E+00
8.245000E+02 1.909729E+00 9.639490E+00
8.254000E+02 1.909739E+00 9.638990E+00
8.263000E+02 1.909748E+00 9.637127E+00
8.272000E+02 1.909758E+00 9.636635E+00
8.281000E+02 1.909767E+00 9.634782E+00
8.290000E+02 1.909775E+00 9.634300E+00
8.299000E+02 1.909784E+00 9.632457E+00
8.308000E+02 1.909792E+00 9.631984E+00
8.317000E+02 1.909800E+00 9.631515E+00
8.326000E+02 1.909808E+00 9.629687E+00
8.335000E+02 1.909816E+00 9.629228E+00
8.344000E+02 1.909823E+00 9.627410E+00
8.353000E+02 1.909830E+00 9.626959E+00
8.362000E+02 1.909837E+00 9.625152E+00
8.371000E+02 1.909844E+00 9.624710E+00
8.380000E+02 1.909850E+00 9.622912E+00
8.389000E+02 1.909856E+00 9.622479E+00
8.398000E+02 1.909862E+00 9.620691E+00
8.407000E+02 1.909868E+00 9.620267E+00
8.416000E+02 1.909873E+00 9.618489E+00
8.425000E+02 1.909878E+00 9.618074E+00
8.434000E+02 1.909883E+00 9.616306E+00
8.443000E+02 1.909888E+00 9.615899E+00
8.452000E+02 1.909893E+00 9.614141E+00
8.461000E+02 1.909897E+00 9.612388E+00
8.470000E+02 1.909901E+00 9.611995E+00
8.479000E+02 1.909905E+00 9.610252E+00
8.488000E+02 1.909908E+00 9.609867E+00
8.497000E+02 1.909912E+00 9.608133E+00
8.506000E+02 1.909915E+00 9.607757E+00
8.515000E+02 1.909918E+00 9.606033E+00
8.524000E+02 1.909921E+00 9.605666E+00
8.533000E+02 1.909923E+00 9.603951E+00
8.542000E+02 1.909926E+00 9.603592E+00
8.551000E+02 1.909928E+00 9.601887E+00
8.560000E+02 1.909930E+00 9.601537E+00
8.569000E+02 1.909931E+00 9.599841E+00
8.578000E+02 1.909933E+00 9.598151E+00
8.587000E+02 1.909934E+00 9.597813E+00
8.596000E+02 1.909935E+00 9.596132E+00
8.605000E+02 1.909936E+00 9.595803E+00
8.614000E+02 1.909936E+00 9.594131E+00
8.623000E+02 1.909936E+00 9.593810E+00
8.632000E+02 1.909937E+00 9.592148E+00
8.641000E+02 1.909937E+00 9.590490E+00
8.650000E+02 1.909936E+00 9.590182E+00
8.659000E+02 1.909936E+00 9.588534E+00
8.668000E+02 1.909935E+00 9.588233E+00
8.677000E+02 1.909934E+00 9.586594E+00
8.686000E+02 1.909933E+00 9.586302E+00
8.695000E+02 1.909932E+00 9.584672E+00
8.704000E+02 1.909930E+00 9.583047E+00
8.713000E+02 1.909928E+00 9.582767E+00
8.722000E+02 1.909927E+00 9.581151E+00
8.731000E+02 1.909924E+00 9.580880E+00
8.740000E+02 1.909922E+00 9.579273E+00
8.749000E+02 1.909919E+00 9.577671E+00
8.758000E+02 1.909917E+00 9.577411E+00
8.767000E+02 1.909914E+00 9.575818E+00
8.776000E+02 1.909911E+00 9.575566E+00
8.785000E+02 1.909907E+00 9.573982E+00
8.794000E+02 1.909904E+00 9.572403E+00
8.803000E+02 1.909900E+00 9.572163E+00
8.812000E+02 1.909896E+00 9.570593E+00
8.821000E+02 1.909892E+00 9.569027E+00
8.830000E+02 1.909888E+00 9.568799E+00
8.839000E+02 1.909883E+00 9.567242E+00
8.848000E+02 1.909878E+00 9.567022E+00
8.857000E+02 1.909873E+00 9.565474E+00
8.866000E+02 1.909868E+00 9.563930E+00
8.875000E+02 1.909863E+00 9.563722E+00
8.884000E+02 1.909857E+00 9.562187E+00
8.893000E+02 1.909852E+00 9.560657E+00
8.902000E+02 1.909846E+00 9.560460E+00
8.911000E+02 1.909840E+00 9.558938E+00
8.920000E+02 1.909834E+00 9.557421E+00
8.929000E+02 1.909827E+00 9.557237E+00
8.938000E+02 1.909820E+00 9.555728E+00
8.947000E+02 1.909814E+00 9.555551E+00
8.956000E+02 1.909807E+00 9.554051E+00
8.965000E+02 1.909799E+00 9.552555E+00
8.974000E+02 1.909792E+00 9.552389E+00
8.983000E+02 1.909785E+00 9.550902E+00
8.992000E+02 1.909777E+00 9.549419E+00
9.001000E+02 1.909769E+00 9.549265E+00
9.010000E+02 1.909761E+00 9.547791E+00
9.019000E+02 1.909752E+00 9.546321E+00
9.028000E+02 1.909744E+00 9.544855E+00
9.037000E+02 1.909735E+00 9.544717E+00
9.046000E+02 1.909727E+00 9.543259E+00
9.055000E+02 1.909718E+00 9.541806E+00
9.064000E+02 1.909708E+00 9.541679E+00
9.073000E+02 1.909699E+00 9.540234E+00
9.082000E+02 1.909689E+00 9.538794E+00
9.091000E+02 1.909680E+00 9.538678E+00
9.100000E+02 1.909670E+00 9.537246E+00
9.109000E+02 1.909660E+00 9.535818E+00
9.118000E+02 1.909650E+00 9.535713E+00
9.127000E+02 1.909639E+00 9.534293E+00
9.136000E+02 1.909629E+00 9.532878E+00
9.145000E+02 1.909618E+00 9.531467E+00
9.154000E+02 1.909607E+00 9.531376E+00
9.163000E+02 1.909596E+00 9.529973E+00
9.172000E+02 1.909584E+00 9.528575E+00
9.181000E+02 1.909573E+00 9.528495E+00
9.190000E+02 1.909561E+00 9.527104E+00
9.199000E+02 1.909550E+00 9.525718E+00
9.208000E+02 1.909538E+00 9.524336E+00
9.217000E+02 1.909526E+00 9.524270E+00
9.226000E+02 1.909513E+00 9.522896E+00
9.235000E+02 1.909501E+00 9.521526E+00
9.244000E+02 1.909488E+00 9.521472E+00
9.253000E+02 1.909475E+00 9.520109E+00
9.262000E+02 1.909462E+00 9.518751E+00
9.271000E+02 1.909449E+00 9.517397E+00
9.280000E+02 1.909436E+00 9.517357E+00
9.289000E+02 1.909423E+00 9.516011E+00
9.298000E+02 1.909409E+00 9.514669E+00
9.307000E+02 1.909395E+00 9.513331E+00
9.316000E+02 1.909381E+00 9.513305E+00
9.325000E+02 1.909367E+00 9.511975E+00
9.334000E+02 1.909353E+00 9.510649E+00
9.343000E+02 1.909339E+00 9.509327E+00
9.352000E+02 1.909324E+00 9.509315E+00
9.361000E+02 1.909309E+00 9.508000E+00
9.370000E+02 1.909294E+00 9.506690E+00
9.379000E+02 1.909279E+00 9.505384E+00
9.388000E+02 1.909264E+00 9.505386E+00
9.397000E+02 1.909249E+00 9.504087E+00
9.406000E+02 1.909233E+00 9.502792E+00
9.415000E+02 1.909218E+00 9.501502E+00
9.424000E+02 1.909202E+00 9.500215E+00
9.433000E+02 1.909186E+00 9.500234E+00
9.442000E+02 1.909170E+00 9.498955E+00
9.451000E+02 1.909153E+00 9.497680E+00
9.460000E+02 1.909137E+00 9.496408E+00
9.469000E+02 1.909120E+00 9.495141E+00
9.478000E+02 1.909104E+00 9.495177E+00
9.487000E+02 1.909087E+00 9.493917E+00
9.496000E+02 1.909070E+00 9.492661E+00
9.505000E+02 1.909053E+00 9.491409E+00
9.514000E+02 1.909035E+00 9.491459E+00
9.523000E+02 1.909018E+00 9.490214E+00
9.532000E+02 1.909000E+00 9.488973E+00
9.541000E+02 1.908982E+00 9.487736E+00
9.550000E+02 1.908964E+00 9.486503E+00
9.559000E+02 1.908946E+00 9.486569E+00
9.568000E+02 1.908928E+00 9.485344E+00
9.577000E+02 1.908910E+00 9.484121E+00
9.586000E+02 1.908891E+00 9.482903E+00
9.595000E+02 1.908873E+00 9.481689E+00
9.604000E+02 1.908854E+00 9.480478E+00
9.613000E+02 1.908835E+00 9.480565E+00
9.622000E+02 1.908816E+00 9.479361E+00
9.631000E+02 1.908796E+00 9.478161E+00
9.640000E+02 1.908777E+00 9.476965E+00
9.649000E+02 1.908758E+00 9.475773E+00
9.658000E+02 1.908738E+00 9.474585E+00
9.667000E+02 1.908718E+00 9.474691E+00
9.676000E+02 1.908698E+00 9.473510E+00
9.685000E+02 1.908678E+00 9.472332E+00
9.694000E+02 1.908658E+00 9.471158E+00
9.703000E+02 1.908638E+00 9.469988E+00
9.712000E+02 1.908617E+00 9.468822E+00
9.721000E+02 1.908596E+00 9.468947E+00
9.730000E+02 1.908576E+00 9.467788E+00
9.739000E+02 1.908555E+00 9.466632E+00
9.748000E+02 1.908534E+00 9.465480E+00
9.757000E+02 1.908513E+00 9.464332E+00
9.766000E+02 1.908491E+00 9.463187E+00
9.775000E+02 1.908470E+00 9.462046E+00
9.784000E+02 1.908448E+00 9.462194E+00
9.793000E+02 1.908427E+00 9.461059E+00
9.802000E+02 1.908405E+00 9.459929E+00
9.811000E+02 1.908383E+00 9.458802E+00
9.820000E+02 1.908361E+00 9.457678E+00
9.829000E+02 1.908338E+00 9.456559E+00
9.838000E+02 1.908316E+00 9.455442E+00
9.847000E+02 1.908293E+00 9.454330E+00
9.856000E+02 1.908271E+00 9.454503E+00
9.865000E+02 1.908248E+00 9.453397E+00
9.874000E+02 1.908225E+00 9.452295E+00
9.883000E+02 1.908202E+00 9.451196E+00
9.892000E+02 1.908179E+00 9.450101E+00
9.901000E+02 1.908156E+00 9.449009E+00
9.910000E+02 1.908132E+00 9.447921E+00
9.919000E+02 1.908109E+00 9.446837E+00
9.928000E+02 1.908085E+00 9.447034E+00
9.937000E+02 1.908061E+00 9.445956E+00
9.946000E+02 1.908037E+00 9.444882E+00
9.955000E+02 1.908013E+00 9.443811E+00
9.964000E+02 1.907989E+00 9.442743E+00
9.973000E+02 1.907965E+00 9.441679E+00
9.982000E+02 1.907941E+00 9.440619E+00
9.991000E+02 1.907916E+00 9.439562E+00
