1.000000E+02 1.460832E+00 1.145607E+01
1.009000E+02 1.465269E+00 1.145364E+01
1.018000E+02 1.469660E+00 1.145140E+01
1.027000E+02 1.474004E+00 1.144935E+01
1.036000E+02 1.478304E+00 1.144748E+01
1.045000E+02 1.482559E+00 1.144579E+01
1.054000E+02 1.486770E+00 1.144061E+01
1.063000E+02 1.490939E+00 1.143928E+01
1.072000E+02 1.495064E+00 1.143448E+01
1.081000E+02 1.499148E+00 1.143351E+01
1.090000E+02 1.503191E+00 1.142908E+01
1.099000E+02 1.507194E+00 1.142843E+01
1.108000E+02 1.511156E+00 1.142436E+01
1.117000E+02 1.515080E+00 1.142401E+01
1.126000E+02 1.518964E+00 1.142028E+01
1.135000E+02 1.522810E+00 1.141672E+01
1.144000E+02 1.526619E+00 1.141332E+01
1.153000E+02 1.530391E+00 1.141009E+01
1.162000E+02 1.534126E+00 1.140702E+01
1.171000E+02 1.537825E+00 1.140410E+01
1.180000E+02 1.541488E+00 1.140134E+01
1.189000E+02 1.545117E+00 1.139872E+01
1.198000E+02 1.548711E+00 1.139625E+01
1.207000E+02 1.552271E+00 1.139392E+01
1.216000E+02 1.555797E+00 1.139173E+01
1.225000E+02 1.559291E+00 1.138968E+01
1.234000E+02 1.562751E+00 1.138441E+01
1.243000E+02 1.566180E+00 1.138263E+01
1.252000E+02 1.569577E+00 1.138098E+01
1.261000E+02 1.572942E+00 1.137616E+01
1.270000E+02 1.576277E+00 1.137476E+01
1.279000E+02 1.579581E+00 1.137349E+01
1.288000E+02 1.582855E+00 1.136908E+01
1.297000E+02 1.586099E+00 1.136480E+01
1.306000E+02 1.589314E+00 1.136390E+01
1.315000E+02 1.592500E+00 1.135988E+01
1.324000E+02 1.595658E+00 1.135920E+01
1.333000E+02 1.598787E+00 1.135544E+01
1.342000E+02 1.601888E+00 1.135180E+01
1.351000E+02 1.604963E+00 1.134829E+01
1.360000E+02 1.608010E+00 1.134490E+01
1.369000E+02 1.611030E+00 1.134477E+01
1.378000E+02 1.614024E+00 1.134160E+01
1.387000E+02 1.616992E+00 1.133856E+01
1.396000E+02 1.619934E+00 1.133562E+01
1.405000E+02 1.622851E+00 1.133280E+01
1.414000E+02 1.625742E+00 1.133008E+01
1.423000E+02 1.628609E+00 1.132747E+01
1.432000E+02 1.631451E+00 1.132497E+01
1.441000E+02 1.634269E+00 1.131952E+01
1.450000E+02 1.637064E+00 1.131724E+01
1.459000E+02 1.639834E+00 1.131505E+01
1.468000E+02 1.642581E+00 1.131296E+01
1.477000E+02 1.645306E+00 1.131097E+01
1.486000E+02 1.648007E+00 1.130607E+01
1.495000E+02 1.650686E+00 1.130428E+01
1.504000E+02 1.653343E+00 1.129960E+01
1.513000E+02 1.655978E+00 1.129799E+01
1.522000E+02 1.658591E+00 1.129647E+01
1.531000E+02 1.661183E+00 1.129210E+01
1.540000E+02 1.663753E+00 1.129076E+01
1.549000E+02 1.666303E+00 1.128658E+01
1.558000E+02 1.668831E+00 1.128542E+01
1.567000E+02 1.671340E+00 1.128143E+01
1.576000E+02 1.673828E+00 1.127755E+01
1.585000E+02 1.676296E+00 1.127664E+01
1.594000E+02 1.678744E+00 1.127293E+01
1.603000E+02 1.681173E+00 1.126932E+01
1.612000E+02 1.683583E+00 1.126580E+01
1.621000E+02 1.685973E+00 1.126521E+01
1.630000E+02 1.688344E+00 1.126186E+01
1.639000E+02 1.690697E+00 1.125860E+01
1.648000E+02 1.693031E+00 1.125543E+01
1.657000E+02 1.695347E+00 1.125233E+01
1.666000E+02 1.697645E+00 1.124933E+01
1.675000E+02 1.699925E+00 1.124640E+01
1.684000E+02 1.702188E+00 1.124356E+01
1.693000E+02 1.704433E+00 1.124079E+01
1.702000E+02 1.706660E+00 1.123811E+01
1.711000E+02 1.708871E+00 1.123550E+01
1.720000E+02 1.711064E+00 1.123297E+01
1.729000E+02 1.713241E+00 1.123051E+01
1.738000E+02 1.715401E+00 1.122813E+01
1.747000E+02 1.717545E+00 1.122582E+01
1.756000E+02 1.719673E+00 1.122359E+01
1.765000E+02 1.721784E+00 1.121871E+01
1.774000E+02 1.723880E+00 1.121662E+01
1.783000E+02 1.725960E+00 1.121460E+01
1.792000E+02 1.728024E+00 1.121265E+01
1.801000E+02 1.730073E+00 1.120809E+01
1.810000E+02 1.732107E+00 1.120628E+01
1.819000E+02 1.734126E+00 1.120453E+01
1.828000E+02 1.736130E+00 1.120019E+01
1.837000E+02 1.738119E+00 1.119858E+01
1.846000E+02 1.740093E+00 1.119439E+01
1.855000E+02 1.742053E+00 1.119290E+01
1.864000E+02 1.743999E+00 1.118886E+01
1.873000E+02 1.745930E+00 1.118750E+01
1.882000E+02 1.747848E+00 1.118359E+01
1.891000E+02 1.749751E+00 1.118236E+01
1.900000E+02 1.751641E+00 1.117859E+01
1.909000E+02 1.753517E+00 1.117489E+01
1.918000E+02 1.755380E+00 1.117384E+01
1.927000E+02 1.757229E+00 1.117027E+01
1.936000E+02 1.759065E+00 1.116676E+01
1.945000E+02 1.760888E+00 1.116589E+01
1.954000E+02 1.762699E+00 1.116251E+01
1.963000E+02 1.764496E+00 1.115920E+01
1.972000E+02 1.766280E+00 1.115595E+01
1.981000E+02 1.768052E+00 1.115530E+01
1.990000E+02 1.769812E+00 1.115217E+01
1.999000E+02 1.771559E+00 1.114910E+01
2.008000E+02 1.773294E+00 1.114609E+01
2.017000E+02 1.775017E+00 1.114315E+01
2.026000E+02 1.776728E+00 1.114026E+01
2.035000E+02 1.778427E+00 1.113743E+01
2.044000E+02 1.780114E+00 1.113466E+01
2.053000E+02 1.781789E+00 1.113195E+01
2.062000E+02 1.783453E+00 1.112929E+01
2.071000E+02 1.785106E+00 1.112669E+01
2.080000E+02 1.786747E+00 1.112414E+01
2.089000E+02 1.788377E+00 1.112165E+01
2.098000E+02 1.789996E+00 1.111921E+01
2.107000E+02 1.791604E+00 1.111683E+01
2.116000E+02 1.793201E+00 1.111450E+01
2.125000E+02 1.794787E+00 1.111222E+01
2.134000E+02 1.796362E+00 1.110999E+01
2.143000E+02 1.797927E+00 1.110781E+01
2.152000E+02 1.799481E+00 1.110326E+01
2.161000E+02 1.801025E+00 1.110119E+01
2.170000E+02 1.802559E+00 1.109917E+01
2.179000E+02 1.804082E+00 1.109719E+01
2.188000E+02 1.805595E+00 1.109287E+01
2.197000E+02 1.807098E+00 1.109099E+01
2.206000E+02 1.808591E+00 1.108916E+01
2.215000E+02 1.810075E+00 1.108500E+01
2.224000E+02 1.811548E+00 1.108327E+01
2.233000E+02 1.813012E+00 1.108159E+01
2.242000E+02 1.814466E+00 1.107758E+01
2.251000E+02 1.815910E+00 1.107599E+01
2.260000E+02 1.817345E+00 1.107208E+01
2.269000E+02 1.818771E+00 1.107058E+01
2.278000E+02 1.820188E+00 1.106913E+01
2.287000E+02 1.821595E+00 1.106537E+01
2.296000E+02 1.822993E+00 1.106400E+01
2.305000E+02 1.824382E+00 1.106035E+01
2.314000E+02 1.825762E+00 1.105674E+01
2.323000E+02 1.827134E+00 1.105551E+01
2.332000E+02 1.828496E+00 1.105199E+01
2.341000E+02 1.829850E+00 1.105084E+01
2.350000E+02 1.831195E+00 1.104742E+01
2.359000E+02 1.832531E+00 1.104636E+01
2.368000E+02 1.833859E+00 1.104303E+01
2.377000E+02 1.835178E+00 1.103975E+01
2.386000E+02 1.836489E+00 1.103880E+01
2.395000E+02 1.837792E+00 1.103561E+01
2.404000E+02 1.839087E+00 1.103246E+01
2.413000E+02 1.840373E+00 1.102936E+01
2.422000E+02 1.841651E+00 1.102858E+01
2.431000E+02 1.842922E+00 1.102556E+01
2.440000E+02 1.844184E+00 1.102259E+01
2.449000E+02 1.845438E+00 1.101966E+01
2.458000E+02 1.846685E+00 1.101677E+01
2.467000E+02 1.847924E+00 1.101618E+01
2.476000E+02 1.849155E+00 1.101337E+01
2.485000E+02 1.850378E+00 1.101061E+01
2.494000E+02 1.851594E+00 1.100789E+01
2.503000E+02 1.852802E+00 1.100521E+01
2.512000E+02 1.854003E+00 1.100257E+01
2.521000E+02 1.855197E+00 1.099997E+01
2.530000E+02 1.856383E+00 1.099741E+01
2.539000E+02 1.857562E+00 1.099489E+01
2.548000E+02 1.858733E+00 1.099241E+01
2.557000E+02 1.859898E+00 1.098997E+01
2.566000E+02 1.861055E+00 1.098756E+01
2.575000E+02 1.862205E+00 1.098520E+01
2.584000E+02 1.863349E+00 1.098287E+01
2.593000E+02 1.864485E+00 1.098058E+01
2.602000E+02 1.865615E+00 1.097833E+01
2.611000E+02 1.866737E+00 1.097611E+01
2.620000E+02 1.867853E+00 1.097393E+01
2.629000E+02 1.868962E+00 1.097178E+01
2.638000E+02 1.870065E+00 1.096967E+01
2.647000E+02 1.871161E+00 1.096760E+01
2.656000E+02 1.872250E+00 1.096340E+01
2.665000E+02 1.873333E+00 1.096140E+01
2.674000E+02 1.874409E+00 1.095944E+01
2.683000E+02 1.875479E+00 1.095750E+01
2.692000E+02 1.876543E+00 1.095560E+01
2.701000E+02 1.877600E+00 1.095160E+01
2.710000E+02 1.878651E+00 1.094977E+01
2.719000E+02 1.879696E+00 1.094798E+01
2.728000E+02 1.880734E+00 1.094621E+01
2.737000E+02 1.881767E+00 1.094236E+01
2.746000E+02 1.882793E+00 1.094066E+01
2.755000E+02 1.883814E+00 1.093900E+01
2.764000E+02 1.884828E+00 1.093525E+01
2.773000E+02 1.885836E+00 1.093365E+01
2.782000E+02 1.886839E+00 1.093209E+01
2.791000E+02 1.887836E+00 1.092845E+01
2.800000E+02 1.888826E+00 1.092694E+01
2.809000E+02 1.889812E+00 1.092338E+01
2.818000E+02 1.890791E+00 1.092194E+01
2.827000E+02 1.891765E+00 1.091844E+01
2.836000E+02 1.892733E+00 1.091706E+01
2.845000E+02 1.893695E+00 1.091571E+01
2.854000E+02 1.894652E+00 1.091231E+01
2.863000E+02 1.895603E+00 1.091102E+01
2.872000E+02 1.896549E+00 1.090769E+01
2.881000E+02 1.897490E+00 1.090646E+01
2.890000E+02 1.898425E+00 1.090320E+01
2.899000E+02 1.899355E+00 1.090203E+01
2.908000E+02 1.900279E+00 1.089883E+01
2.917000E+02 1.901198E+00 1.089566E+01
2.926000E+02 1.902112E+00 1.089458E+01
2.935000E+02 1.903021E+00 1.089147E+01
2.944000E+02 1.903924E+00 1.089045E+01
2.953000E+02 1.904823E+00 1.088740E+01
2.962000E+02 1.905716E+00 1.088440E+01
2.971000E+02 1.906604E+00 1.088345E+01
2.980000E+02 1.907488E+00 1.088050E+01
2.989000E+02 1.908366E+00 1.087758E+01
2.998000E+02 1.909239E+00 1.087672E+01
3.007000E+02 1.910108E+00 1.087386E+01
3.016000E+02 1.910971E+00 1.087104E+01
3.025000E+02 1.911830E+00 1.087025E+01
3.034000E+02 1.912684E+00 1.086748E+01
3.043000E+02 1.913533E+00 1.086474E+01
3.052000E+02 1.914377E+00 1.086203E+01
3.061000E+02 1.915217E+00 1.086135E+01
3.070000E+02 1.916052E+00 1.085870E+01
3.079000E+02 1.916882E+00 1.085608E+01
3.088000E+02 1.917708E+00 1.085348E+01
3.097000E+02 1.918529E+00 1.085091E+01
3.106000E+02 1.919346E+00 1.084838E+01
3.115000E+02 1.920158E+00 1.084785E+01
3.124000E+02 1.920966E+00 1.084536E+01
3.133000E+02 1.921769E+00 1.084291E+01
3.142000E+02 1.922568E+00 1.084048E+01
3.151000E+02 1.923362E+00 1.083807E+01
3.160000E+02 1.924152E+00 1.083570E+01
3.169000E+02 1.924938E+00 1.083335E+01
3.178000E+02 1.925719E+00 1.083103E+01
3.187000E+02 1.926496E+00 1.082874E+01
3.196000E+02 1.927269E+00 1.082647E+01
3.205000E+02 1.928037E+00 1.082618E+01
3.214000E+02 1.928802E+00 1.082396E+01
3.223000E+02 1.929562E+00 1.082177E+01
3.232000E+02 1.930318E+00 1.081960E+01
3.241000E+02 1.931070E+00 1.081746E+01
3.250000E+02 1.931818E+00 1.081534E+01
3.259000E+02 1.932562E+00 1.081325E+01
3.268000E+02 1.933302E+00 1.080925E+01
3.277000E+02 1.934038E+00 1.080721E+01
3.286000E+02 1.934770E+00 1.080519E+01
3.295000E+02 1.935498E+00 1.080320E+01
3.304000E+02 1.936222E+00 1.080124E+01
3.313000E+02 1.936942E+00 1.079930E+01
3.322000E+02 1.937659E+00 1.079738E+01
3.331000E+02 1.938371E+00 1.079548E+01
3.340000E+02 1.939080E+00 1.079361E+01
3.349000E+02 1.939785E+00 1.079176E+01
3.358000E+02 1.940486E+00 1.078803E+01
3.367000E+02 1.941183E+00 1.078623E+01
3.376000E+02 1.941877E+00 1.078446E+01
3.385000E+02 1.942567E+00 1.078270E+01
3.394000E+02 1.943253E+00 1.078097E+01
3.403000E+02 1.943936E+00 1.077926E+01
3.412000E+02 1.944615E+00 1.077568E+01
3.421000E+02 1.945290E+00 1.077402E+01
3.430000E+02 1.945962E+00 1.077238E+01
3.439000E+02 1.946631E+00 1.077076E+01
3.448000E+02 1.947295E+00 1.076728E+01
3.457000E+02 1.947957E+00 1.076571E+01
3.466000E+02 1.948615E+00 1.076416E+01
3.475000E+02 1.949269E+00 1.076263E+01
3.484000E+02 1.949920E+00 1.075925E+01
3.493000E+02 1.950567E+00 1.075776E+01
3.502000E+02 1.951211E+00 1.075629E+01
3.511000E+02 1.951852E+00 1.075298E+01
3.520000E+02 1.952490E+00 1.075156E+01
3.529000E+02 1.953124E+00 1.075016E+01
3.538000E+02 1.953754E+00 1.074692E+01
3.547000E+02 1.954382E+00 1.074556E+01
3.556000E+02 1.955006E+00 1.074422E+01
3.565000E+02 1.955627E+00 1.074105E+01
3.574000E+02 1.956245E+00 1.073975E+01
3.583000E+02 1.956859E+00 1.073663E+01
3.592000E+02 1.957471E+00 1.073537E+01
3.601000E+02 1.958079E+00 1.073229E+01
3.610000E+02 1.958684E+00 1.073107E+01
3.619000E+02 1.959286E+00 1.072987E+01
3.628000E+02 1.959884E+00 1.072686E+01
3.637000E+02 1.960480E+00 1.072570E+01
3.646000E+02 1.961073E+00 1.072274E+01
3.655000E+02 1.961662E+00 1.072162E+01
3.664000E+02 1.962249E+00 1.071869E+01
3.673000E+02 1.962832E+00 1.071761E+01
3.682000E+02 1.963413E+00 1.071473E+01
3.691000E+02 1.963990E+00 1.071369E+01
3.700000E+02 1.964565E+00 1.071085E+01
3.709000E+02 1.965136E+00 1.070984E+01
3.718000E+02 1.965705E+00 1.070704E+01
3.727000E+02 1.966271E+00 1.070607E+01
3.736000E+02 1.966834E+00 1.070332E+01
3.745000E+02 1.967394E+00 1.070058E+01
3.754000E+02 1.967951E+00 1.069967E+01
3.763000E+02 1.968505E+00 1.069698E+01
3.772000E+02 1.969057E+00 1.069610E+01
3.781000E+02 1.969606E+00 1.069345E+01
3.790000E+02 1.970152E+00 1.069081E+01
3.799000E+02 1.970695E+00 1.068999E+01
3.808000E+02 1.971235E+00 1.068740E+01
3.817000E+02 1.971773E+00 1.068482E+01
3.826000E+02 1.972308E+00 1.068405E+01
3.835000E+02 1.972840E+00 1.068152E+01
3.844000E+02 1.973370E+00 1.067901E+01
3.853000E+02 1.973896E+00 1.067829E+01
3.862000E+02 1.974421E+00 1.067581E+01
3.871000E+02 1.974942E+00 1.067335E+01
3.880000E+02 1.975461E+00 1.067269E+01
3.889000E+02 1.975978E+00 1.067027E+01
3.898000E+02 1.976491E+00 1.066787E+01
3.907000E+02 1.977003E+00 1.066549E+01
3.916000E+02 1.977511E+00 1.066489E+01
3.925000E+02 1.978017E+00 1.066254E+01
3.934000E+02 1.978521E+00 1.066022E+01
3.943000E+02 1.979022E+00 1.065791E+01
3.952000E+02 1.979520E+00 1.065738E+01
3.961000E+02 1.980016E+00 1.065511E+01
3.970000E+02 1.980510E+00 1.065286E+01
3.979000E+02 1.981001E+00 1.065062E+01
3.988000E+02 1.981489E+00 1.064841E+01
3.997000E+02 1.981976E+00 1.064795E+01
4.006000E+02 1.982459E+00 1.064577E+01
4.015000E+02 1.982941E+00 1.064361E+01
4.024000E+02 1.983420E+00 1.064146E+01
4.033000E+02 1.983896E+00 1.063933E+01
4.042000E+02 1.984371E+00 1.063722E+01
4.051000E+02 1.984842E+00 1.063513E+01
4.060000E+02 1.985312E+00 1.063479E+01
4.069000E+02 1.985779E+00 1.063273E+01
4.078000E+02 1.986244E+00 1.063069E+01
4.087000E+02 1.986707E+00 1.062866E+01
4.096000E+02 1.987167E+00 1.062665E+01
4.105000E+02 1.987625E+00 1.062466E+01
4.114000E+02 1.988081E+00 1.062269E+01
4.123000E+02 1.988534E+00 1.062073E+01
4.132000E+02 1.988986E+00 1.061879E+01
4.141000E+02 1.989435E+00 1.061687E+01
4.150000E+02 1.989882E+00 1.061496E+01
4.159000E+02 1.990326E+00 1.061307E+01
4.168000E+02 1.990769E+00 1.061120E+01
4.177000E+02 1.991209E+00 1.060934E+01
4.186000E+02 1.991647E+00 1.060750E+01
4.195000E+02 1.992083E+00 1.060567E+01
4.204000E+02 1.992517E+00 1.060386E+01
4.213000E+02 1.992949E+00 1.060207E+01
4.222000E+02 1.993378E+00 1.060029E+01
4.231000E+02 1.993806E+00 1.059853E+01
4.240000E+02 1.994231E+00 1.059678E+01
4.249000E+02 1.994655E+00 1.059505E+01
4.258000E+02 1.995076E+00 1.059333E+01
4.267000E+02 1.995495E+00 1.059163E+01
4.276000E+02 1.995912E+00 1.058995E+01
4.285000E+02 1.996328E+00 1.058828E+01
4.294000E+02 1.996741E+00 1.058662E+01
4.303000E+02 1.997152E+00 1.058498E+01
4.312000E+02 1.997561E+00 1.058336E+01
4.321000E+02 1.997968E+00 1.058175E+01
4.330000E+02 1.998373E+00 1.057848E+01
4.339000E+02 1.998776E+00 1.057690E+01
4.348000E+02 1.999178E+00 1.057534E+01
4.357000E+02 1.999577E+00 1.057379E+01
4.366000E+02 1.999974E+00 1.057225E+01
4.375000E+02 2.000370E+00 1.057073E+01
4.384000E+02 2.000763E+00 1.056923E+01
4.393000E+02 2.001155E+00 1.056607E+01
4.402000E+02 2.001544E+00 1.056459E+01
4.411000E+02 2.001932E+00 1.056313E+01
4.420000E+02 2.002318E+00 1.056168E+01
4.429000E+02 2.002702E+00 1.056025E+01
4.438000E+02 2.003084E+00 1.055717E+01
4.447000E+02 2.003465E+00 1.055576E+01
4.456000E+02 2.003843E+00 1.055437E+01
4.465000E+02 2.004220E+00 1.055300E+01
4.474000E+02 2.004595E+00 1.055163E+01
4.483000E+02 2.004968E+00 1.054863E+01
4.492000E+02 2.005339E+00 1.054730E+01
4.501000E+02 2.005709E+00 1.054598E+01
4.510000E+02 2.006077E+00 1.054467E+01
4.519000E+02 2.006443E+00 1.054173E+01
4.528000E+02 2.006807E+00 1.054045E+01
4.537000E+02 2.007169E+00 1.053918E+01
4.546000E+02 2.007530E+00 1.053629E+01
4.555000E+02 2.007889E+00 1.053505E+01
4.564000E+02 2.008246E+00 1.053382E+01
4.573000E+02 2.008602E+00 1.053261E+01
4.582000E+02 2.008956E+00 1.052977E+01
4.591000E+02 2.009308E+00 1.052859E+01
4.600000E+02 2.009658E+00 1.052741E+01
4.609000E+02 2.010007E+00 1.052462E+01
4.618000E+02 2.010354E+00 1.052347E+01
4.627000E+02 2.010700E+00 1.052234E+01
4.636000E+02 2.011043E+00 1.051959E+01
4.645000E+02 2.011386E+00 1.051848E+01
4.654000E+02 2.011726E+00 1.051577E+01
4.663000E+02 2.012065E+00 1.051468E+01
4.672000E+02 2.012402E+00 1.051361E+01
4.681000E+02 2.012738E+00 1.051094E+01
4.690000E+02 2.013072E+00 1.050989E+01
4.699000E+02 2.013404E+00 1.050724E+01
4.708000E+02 2.013735E+00 1.050622E+01
4.717000E+02 2.014065E+00 1.050521E+01
4.726000E+02 2.014392E+00 1.050261E+01
4.735000E+02 2.014719E+00 1.050163E+01
4.744000E+02 2.015043E+00 1.049905E+01
4.753000E+02 2.015366E+00 1.049809E+01
4.762000E+02 2.015688E+00 1.049554E+01
4.771000E+02 2.016008E+00 1.049460E+01
4.780000E+02 2.016326E+00 1.049368E+01
4.789000E+02 2.016643E+00 1.049117E+01
4.798000E+02 2.016959E+00 1.049027E+01
4.807000E+02 2.017273E+00 1.048779E+01
4.816000E+02 2.017585E+00 1.048691E+01
4.825000E+02 2.017896E+00 1.048445E+01
4.834000E+02 2.018206E+00 1.048360E+01
4.843000E+02 2.018514E+00 1.048117E+01
4.852000E+02 2.018820E+00 1.048034E+01
4.861000E+02 2.019125E+00 1.047794E+01
4.870000E+02 2.019429E+00 1.047713E+01
4.879000E+02 2.019731E+00 1.047475E+01
4.888000E+02 2.020032E+00 1.047239E+01
4.897000E+02 2.020331E+00 1.047162E+01
4.906000E+02 2.020629E+00 1.046928E+01
4.915000E+02 2.020926E+00 1.046853E+01
4.924000E+02 2.021221E+00 1.046621E+01
4.933000E+02 2.021515E+00 1.046549E+01
4.942000E+02 2.021807E+00 1.046320E+01
4.951000E+02 2.022098E+00 1.046250E+01
4.960000E+02 2.022388E+00 1.046023E+01
4.969000E+02 2.022676E+00 1.045798E+01
4.978000E+02 2.022963E+00 1.045731E+01
4.987000E+02 2.023248E+00 1.045508E+01
4.996000E+02 2.023533E+00 1.045443E+01
5.005000E+02 2.023815E+00 1.045223E+01
5.014000E+02 2.024097E+00 1.045004E+01
5.023000E+02 2.024377E+00 1.044942E+01
5.032000E+02 2.024656E+00 1.044725E+01
5.041000E+02 2.024933E+00 1.044510E+01
5.050000E+02 2.025209E+00 1.044452E+01
5.059000E+02 2.025484E+00 1.044238E+01
5.068000E+02 2.025758E+00 1.044027E+01
5.077000E+02 2.026030E+00 1.043971E+01
5.086000E+02 2.026301E+00 1.043762E+01
5.095000E+02 2.026571E+00 1.043553E+01
5.104000E+02 2.026839E+00 1.043502E+01
5.113000E+02 2.027107E+00 1.043295E+01
5.122000E+02 2.027373E+00 1.043091E+01
5.131000E+02 2.027637E+00 1.043042E+01
5.140000E+02 2.027901E+00 1.042839E+01
5.149000E+02 2.028163E+00 1.042638E+01
5.158000E+02 2.028424E+00 1.042437E+01
5.167000E+02 2.028683E+00 1.042393E+01
5.176000E+02 2.028942E+00 1.042195E+01
5.185000E+02 2.029199E+00 1.041998E+01
5.194000E+02 2.029455E+00 1.041802E+01
5.203000E+02 2.029710E+00 1.041761E+01
5.212000E+02 2.029964E+00 1.041568E+01
5.221000E+02 2.030216E+00 1.041375E+01
5.230000E+02 2.030467E+00 1.041184E+01
5.239000E+02 2.030717E+00 1.041147E+01
5.248000E+02 2.030966E+00 1.040958E+01
5.257000E+02 2.031214E+00 1.040770E+01
5.266000E+02 2.031461E+00 1.040583E+01
5.275000E+02 2.031706E+00 1.040550E+01
5.284000E+02 2.031950E+00 1.040366E+01
5.293000E+02 2.032193E+00 1.040182E+01
5.302000E+02 2.032435E+00 1.039999E+01
5.311000E+02 2.032676E+00 1.039818E+01
5.320000E+02 2.032915E+00 1.039637E+01
5.329000E+02 2.033154E+00 1.039610E+01
5.338000E+02 2.033391E+00 1.039432E+01
5.347000E+02 2.033628E+00 1.039255E+01
5.356000E+02 2.033863E+00 1.039079E+01
5.365000E+02 2.034097E+00 1.038903E+01
5.374000E+02 2.034330E+00 1.038729E+01
5.383000E+02 2.034562E+00 1.038708E+01
5.392000E+02 2.034792E+00 1.038536E+01
5.401000E+02 2.035022E+00 1.038365E+01
5.410000E+02 2.035251E+00 1.038195E+01
5.419000E+02 2.035478E+00 1.038026E+01
5.428000E+02 2.035704E+00 1.037858E+01
5.437000E+02 2.035930E+00 1.037691E+01
5.446000E+02 2.036154E+00 1.037525E+01
5.455000E+02 2.036377E+00 1.037361E+01
5.464000E+02 2.036599E+00 1.037347E+01
5.473000E+02 2.036821E+00 1.037184E+01
5.482000E+02 2.037041E+00 1.037023E+01
5.491000E+02 2.037260E+00 1.036862E+01
5.500000E+02 2.037478E+00 1.036702E+01
5.509000E+02 2.037695E+00 1.036543E+01
5.518000E+02 2.037911E+00 1.036385E+01
5.527000E+02 2.038125E+00 1.036228E+01
5.536000E+02 2.038339E+00 1.036073E+01
5.545000E+02 2.038552E+00 1.035918E+01
5.554000E+02 2.038764E+00 1.035764E+01
5.563000E+02 2.038975E+00 1.035611E+01
5.572000E+02 2.039185E+00 1.035459E+01
5.581000E+02 2.039394E+00 1.035308E+01
5.590000E+02 2.039602E+00 1.035158E+01
5.599000E+02 2.039809E+00 1.035009E+01
5.608000E+02 2.040014E+00 1.034861E+01
5.617000E+02 2.040219E+00 1.034714E+01
5.626000E+02 2.040423E+00 1.034567E+01
5.635000E+02 2.040626E+00 1.034422E+01
5.644000E+02 2.040828E+00 1.034278E+01
5.653000E+02 2.041030E+00 1.034134E+01
5.662000E+02 2.041230E+00 1.033992E+01
5.671000E+02 2.041429E+00 1.033850E+01
5.680000E+02 2.041627E+00 1.033710E+01
5.689000E+02 2.041824E+00 1.033570E+01
5.698000E+02 2.042021E+00 1.033431E+01
5.707000E+02 2.042216E+00 1.033293E+01
5.716000E+02 2.042411E+00 1.033156E+01
5.725000E+02 2.042604E+00 1.033020E+01
5.734000E+02 2.042797E+00 1.032885E+01
5.743000E+02 2.042989E+00 1.032751E+01
5.752000E+02 2.043180E+00 1.032618E+01
5.761000E+02 2.043369E+00 1.032485E+01
5.770000E+02 2.043559E+00 1.032207E+01
5.779000E+02 2.043747E+00 1.032076E+01
5.788000E+02 2.043934E+00 1.031947E+01
5.797000E+02 2.044120E+00 1.031818E+01
5.806000E+02 2.044306E+00 1.031690E+01
5.815000E+02 2.044490E+00 1.031563E+01
5.824000E+02 2.044674E+00 1.031437E+01
5.833000E+02 2.044857E+00 1.031311E+01
5.842000E+02 2.045039E+00 1.031187E+01
5.851000E+02 2.045220E+00 1.030917E+01
5.860000E+02 2.045400E+00 1.030795E+01
5.869000E+02 2.045579E+00 1.030673E+01
5.878000E+02 2.045758E+00 1.030552E+01
5.887000E+02 2.045935E+00 1.030432E+01
5.896000E+02 2.046112E+00 1.030313E+01
5.905000E+02 2.046288E+00 1.030194E+01
5.914000E+02 2.046463E+00 1.029931E+01
5.923000E+02 2.046637E+00 1.029815E+01
5.932000E+02 2.046811E+00 1.029699E+01
5.941000E+02 2.046983E+00 1.029584E+01
5.950000E+02 2.047155E+00 1.029470E+01
5.959000E+02 2.047326E+00 1.029356E+01
5.968000E+02 2.047496E+00 1.029099E+01
5.977000E+02 2.047665E+00 1.028987E+01
5.986000E+02 2.047834E+00 1.028876E+01
5.995000E+02 2.048001E+00 1.028766E+01
6.004000E+02 2.048168E+00 1.028657E+01
6.013000E+02 2.048334E+00 1.028405E+01
6.022000E+02 2.048499E+00 1.028297E+01
6.031000E+02 2.048664E+00 1.028190E+01
6.040000E+02 2.048828E+00 1.028084E+01
6.049000E+02 2.048990E+00 1.027835E+01
6.058000E+02 2.049153E+00 1.027731E+01
6.067000E+02 2.049314E+00 1.027628E+01
6.076000E+02 2.049474E+00 1.027525E+01
6.085000E+02 2.049634E+00 1.027280E+01
6.094000E+02 2.049793E+00 1.027178E+01
6.103000E+02 2.049951E+00 1.027078E+01
6.112000E+02 2.050109E+00 1.026979E+01
6.121000E+02 2.050265E+00 1.026737E+01
6.130000E+02 2.050421E+00 1.026639E+01
6.139000E+02 2.050576E+00 1.026542E+01
6.148000E+02 2.050731E+00 1.026445E+01
6.157000E+02 2.050884E+00 1.026207E+01
6.166000E+02 2.051037E+00 1.026112E+01
6.175000E+02 2.051190E+00 1.026018E+01
6.184000E+02 2.051341E+00 1.025782E+01
6.193000E+02 2.051492E+00 1.025690E+01
6.202000E+02 2.051642E+00 1.025598E+01
6.211000E+02 2.051791E+00 1.025365E+01
6.220000E+02 2.051939E+00 1.025275E+01
6.229000E+02 2.052087E+00 1.025185E+01
6.238000E+02 2.052234E+00 1.025097E+01
6.247000E+02 2.052380E+00 1.024867E+01
6.256000E+02 2.052526E+00 1.024780E+01
6.265000E+02 2.052671E+00 1.024693E+01
6.274000E+02 2.052815E+00 1.024466E+01
6.283000E+02 2.052959E+00 1.024381E+01
6.292000E+02 2.053101E+00 1.024155E+01
6.301000E+02 2.053243E+00 1.024072E+01
6.310000E+02 2.053385E+00 1.023989E+01
6.319000E+02 2.053525E+00 1.023766E+01
6.328000E+02 2.053665E+00 1.023685E+01
6.337000E+02 2.053805E+00 1.023604E+01
6.346000E+02 2.053943E+00 1.023383E+01
6.355000E+02 2.054081E+00 1.023304E+01
6.364000E+02 2.054218E+00 1.023085E+01
6.373000E+02 2.054355E+00 1.023008E+01
6.382000E+02 2.054491E+00 1.022931E+01
6.391000E+02 2.054626E+00 1.022714E+01
6.400000E+02 2.054761E+00 1.022639E+01
6.409000E+02 2.054895E+00 1.022424E+01
6.418000E+02 2.055028E+00 1.022350E+01
6.427000E+02 2.055160E+00 1.022276E+01
6.436000E+02 2.055292E+00 1.022064E+01
6.445000E+02 2.055423E+00 1.021992E+01
6.454000E+02 2.055554E+00 1.021781E+01
6.463000E+02 2.055684E+00 1.021710E+01
6.472000E+02 2.055813E+00 1.021640E+01
6.481000E+02 2.055942E+00 1.021432E+01
6.490000E+02 2.056070E+00 1.021363E+01
6.499000E+02 2.056197E+00 1.021156E+01
6.508000E+02 2.056324E+00 1.021089E+01
6.517000E+02 2.056450E+00 1.020883E+01
6.526000E+02 2.056576E+00 1.020818E+01
6.535000E+02 2.056700E+00 1.020614E+01
6.544000E+02 2.056825E+00 1.020549E+01
6.553000E+02 2.056948E+00 1.020347E+01
6.562000E+02 2.057071E+00 1.020284E+01
6.571000E+02 2.057193E+00 1.020083E+01
6.580000E+02 2.057315E+00 1.020021E+01
6.589000E+02 2.057436E+00 1.019822E+01
6.598000E+02 2.057557E+00 1.019761E+01
6.607000E+02 2.057677E+00 1.019563E+01
6.616000E+02 2.057796E+00 1.019504E+01
6.625000E+02 2.057915E+00 1.019308E+01
6.634000E+02 2.058033E+00 1.019250E+01
6.643000E+02 2.058150E+00 1.019055E+01
6.652000E+02 2.058267E+00 1.018999E+01
6.661000E+02 2.058383E+00 1.018806E+01
6.670000E+02 2.058499E+00 1.018751E+01
6.679000E+02 2.058614E+00 1.018558E+01
6.688000E+02 2.058728E+00 1.018505E+01
6.697000E+02 2.058842E+00 1.018314E+01
6.706000E+02 2.058956E+00 1.018262E+01
6.715000E+02 2.059068E+00 1.018072E+01
6.724000E+02 2.059181E+00 1.018021E+01
6.733000E+02 2.059292E+00 1.017834E+01
6.742000E+02 2.059403E+00 1.017647E+01
6.751000E+02 2.059514E+00 1.017597E+01
6.760000E+02 2.059624E+00 1.017412E+01
6.769000E+02 2.059733E+00 1.017364E+01
6.778000E+02 2.059842E+00 1.017180E+01
6.787000E+02 2.059950E+00 1.017133E+01
6.796000E+02 2.060057E+00 1.016950E+01
6.805000E+02 2.060165E+00 1.016768E+01
6.814000E+02 2.060271E+00 1.016723E+01
6.823000E+02 2.060377E+00 1.016543E+01
6.832000E+02 2.060482E+00 1.016499E+01
6.841000E+02 2.060587E+00 1.016320E+01
6.850000E+02 2.060692E+00 1.016141E+01
6.859000E+02 2.060795E+00 1.016099E+01
6.868000E+02 2.060899E+00 1.015922E+01
6.877000E+02 2.061001E+00 1.015882E+01
6.886000E+02 2.061103E+00 1.015706E+01
6.895000E+02 2.061205E+00 1.015531E+01
6.904000E+02 2.061306E+00 1.015492E+01
6.913000E+02 2.061407E+00 1.015318E+01
6.922000E+02 2.061507E+00 1.015145E+01
6.931000E+02 2.061606E+00 1.015108E+01
6.940000E+02 2.061705E+00 1.014937E+01
6.949000E+02 2.061804E+00 1.014901E+01
6.958000E+02 2.061902E+00 1.014730E+01
6.967000E+02 2.061999E+00 1.014561E+01
6.976000E+02 2.062096E+00 1.014527E+01
6.985000E+02 2.062192E+00 1.014358E+01
6.994000E+02 2.062288E+00 1.014191E+01
7.003000E+02 2.062383E+00 1.014159E+01
7.012000E+02 2.062478E+00 1.013992E+01
7.021000E+02 2.062573E+00 1.013826E+01
7.030000E+02 2.062666E+00 1.013796E+01
7.039000E+02 2.062760E+00 1.013631E+01
7.048000E+02 2.062853E+00 1.013468E+01
7.057000E+02 2.062945E+00 1.013439E+01
7.066000E+02 2.063037E+00 1.013276E+01
7.075000E+02 2.063128E+00 1.013115E+01
7.084000E+02 2.063219E+00 1.012953E+01
7.093000E+02 2.063309E+00 1.012927E+01
7.102000E+02 2.063399E+00 1.012767E+01
7.111000E+02 2.063488E+00 1.012608E+01
7.120000E+02 2.063577E+00 1.012583E+01
7.129000E+02 2.063666E+00 1.012425E+01
7.138000E+02 2.063753E+00 1.012268E+01
7.147000E+02 2.063841E+00 1.012111E+01
7.156000E+02 2.063928E+00 1.012088E+01
7.165000E+02 2.064014E+00 1.011933E+01
7.174000E+02 2.064100E+00 1.011778E+01
7.183000E+02 2.064186E+00 1.011624E+01
7.192000E+02 2.064271E+00 1.011604E+01
7.201000E+02 2.064355E+00 1.011451E+01
7.210000E+02 2.064440E+00 1.011298E+01
7.219000E+02 2.064523E+00 1.011146E+01
7.228000E+02 2.064606E+00 1.011129E+01
7.237000E+02 2.064689E+00 1.010978E+01
7.246000E+02 2.064771E+00 1.010828E+01
7.255000E+02 2.064853E+00 1.010679E+01
7.264000E+02 2.064934E+00 1.010663E+01
7.273000E+02 2.065015E+00 1.010515E+01
7.282000E+02 2.065096E+00 1.010367E+01
7.291000E+02 2.065176E+00 1.010220E+01
7.300000E+02 2.065255E+00 1.010207E+01
7.309000E+02 2.065334E+00 1.010061E+01
7.318000E+02 2.065413E+00 1.009916E+01
7.327000E+02 2.065491E+00 1.009772E+01
7.336000E+02 2.065569E+00 1.009628E+01
7.345000E+02 2.065646E+00 1.009617E+01
7.354000E+02 2.065723E+00 1.009474E+01
7.363000E+02 2.065800E+00 1.009332E+01
7.372000E+02 2.065876E+00 1.009190E+01
7.381000E+02 2.065951E+00 1.009049E+01
7.390000E+02 2.066026E+00 1.008909E+01
7.399000E+02 2.066101E+00 1.008901E+01
7.408000E+02 2.066175E+00 1.008762E+01
7.417000E+02 2.066249E+00 1.008624E+01
7.426000E+02 2.066322E+00 1.008486E+01
7.435000E+02 2.066395E+00 1.008348E+01
7.444000E+02 2.066468E+00 1.008211E+01
7.453000E+02 2.066540E+00 1.008207E+01
7.462000E+02 2.066612E+00 1.008071E+01
7.471000E+02 2.066683E+00 1.007936E+01
7.480000E+02 2.066754E+00 1.007801E+01
7.489000E+02 2.066824E+00 1.007667E+01
7.498000E+02 2.066894E+00 1.007534E+01
7.507000E+02 2.066964E+00 1.007401E+01
7.516000E+02 2.067033E+00 1.007400E+01
7.525000E+02 2.067102E+00 1.007268E+01
7.534000E+02 2.067170E+00 1.007137E+01
7.543000E+02 2.067238E+00 1.007006E+01
7.552000E+02 2.067306E+00 1.006876E+01
7.561000E+02 2.067373E+00 1.006747E+01
7.570000E+02 2.067440E+00 1.006618E+01
7.579000E+02 2.067506E+00 1.006490E+01
7.588000E+02 2.067572E+00 1.006493E+01
7.597000E+02 2.067638E+00 1.006365E+01
7.606000E+02 2.067703E+00 1.006239E+01
7.615000E+02 2.067768E+00 1.006113E+01
7.624000E+02 2.067832E+00 1.005987E+01
7.633000E+02 2.067896E+00 1.005862E+01
7.642000E+02 2.067960E+00 1.005738E+01
7.651000E+02 2.068023E+00 1.005614E+01
7.660000E+02 2.068086E+00 1.005490E+01
7.669000E+02 2.068149E+00 1.005367E+01
7.678000E+02 2.068211E+00 1.005245E+01
7.687000E+02 2.068272E+00 1.005123E+01
7.696000E+02 2.068334E+00 1.005132E+01
7.705000E+02 2.068395E+00 1.005011E+01
7.714000E+02 2.068455E+00 1.004891E+01
7.723000E+02 2.068515E+00 1.004772E+01
7.732000E+02 2.068575E+00 1.004653E+01
7.741000E+02 2.068634E+00 1.004534E+01
7.750000E+02 2.068694E+00 1.004416E+01
7.759000E+02 2.068752E+00 1.004299E+01
7.768000E+02 2.068810E+00 1.004182E+01
7.777000E+02 2.068868E+00 1.004065E+01
7.786000E+02 2.068926E+00 1.003949E+01
7.795000E+02 2.068983E+00 1.003834E+01
7.804000E+02 2.069040E+00 1.003719E+01
7.813000E+02 2.069096E+00 1.003605E+01
7.822000E+02 2.069153E+00 1.003491E+01
7.831000E+02 2.069208E+00 1.003378E+01
7.840000E+02 2.069264E+00 1.003265E+01
7.849000E+02 2.069319E+00 1.003153E+01
7.858000E+02 2.069373E+00 1.003041E+01
7.867000E+02 2.069428E+00 1.002930E+01
7.876000E+02 2.069482E+00 1.002819E+01
7.885000E+02 2.069535E+00 1.002709E+01
7.894000E+02 2.069589E+00 1.002599E+01
7.903000E+02 2.069641E+00 1.002490E+01
7.912000E+02 2.069694E+00 1.002381E+01
7.921000E+02 2.069746E+00 1.002273E+01
7.930000E+02 2.069798E+00 1.002166E+01
7.939000E+02 2.069850E+00 1.002058E+01
7.948000E+02 2.069901E+00 1.001952E+01
7.957000E+02 2.069952E+00 1.001846E+01
7.966000E+02 2.070002E+00 1.001740E+01
7.975000E+02 2.070052E+00 1.001635E+01
7.984000E+02 2.070102E+00 1.001530E+01
7.993000E+02 2.070152E+00 1.001426E+01
8.002000E+02 2.070201E+00 1.001322E+01
8.011000E+02 2.070249E+00 1.001219E+01
8.020000E+02 2.070298E+00 1.001117E+01
8.029000E+02 2.070346E+00 1.001014E+01
8.038000E+02 2.070394E+00 1.000913E+01
8.047000E+02 2.070441E+00 1.000812E+01
8.056000E+02 2.070488E+00 1.000711E+01
8.065000E+02 2.070535E+00 1.000611E+01
8.074000E+02 2.070582E+00 1.000511E+01
8.083000E+02 2.070628E+00 1.000284E+01
8.092000E+02 2.070674E+00 1.000186E+01
8.101000E+02 2.070719E+00 1.000087E+01
8.110000E+02 2.070764E+00 9.999895E+00
8.119000E+02 2.070809E+00 9.998922E+00
8.128000E+02 2.070854E+00 9.997954E+00
8.137000E+02 2.070898E+00 9.996990E+00
8.146000E+02 2.070942E+00 9.996031E+00
8.155000E+02 2.070985E+00 9.995077E+00
8.164000E+02 2.071029E+00 9.994128E+00
8.173000E+02 2.071072E+00 9.993183E+00
8.182000E+02 2.071114E+00 9.992243E+00
8.191000E+02 2.071157E+00 9.990041E+00
8.200000E+02 2.071199E+00 9.989111E+00
8.209000E+02 2.071240E+00 9.988186E+00
8.218000E+02 2.071282E+00 9.987265E+00
8.227000E+02 2.071323E+00 9.986348E+00
8.236000E+02 2.071364E+00 9.985437E+00
8.245000E+02 2.071404E+00 9.984529E+00
8.254000E+02 2.071444E+00 9.983627E+00
8.263000E+02 2.071484E+00 9.982729E+00
8.272000E+02 2.071524E+00 9.980574E+00
8.281000E+02 2.071563E+00 9.979686E+00
8.290000E+02 2.071602E+00 9.978802E+00
8.299000E+02 2.071640E+00 9.977922E+00
8.308000E+02 2.071679E+00 9.977047E+00
8.317000E+02 2.071717E+00 9.976177E+00
8.326000E+02 2.071755E+00 9.975311E+00
8.335000E+02 2.071792E+00 9.973192E+00
8.344000E+02 2.071829E+00 9.972336E+00
8.353000E+02 2.071866E+00 9.971484E+00
8.362000E+02 2.071903E+00 9.970636E+00
8.371000E+02 2.071939E+00 9.969793E+00
8.380000E+02 2.071975E+00 9.968954E+00
8.389000E+02 2.072011E+00 9.966865E+00
8.398000E+02 2.072046E+00 9.966036E+00
8.407000E+02 2.072081E+00 9.965211E+00
8.416000E+02 2.072116E+00 9.964390E+00
8.425000E+02 2.072151E+00 9.963574E+00
8.434000E+02 2.072185E+00 9.962762E+00
8.443000E+02 2.072219E+00 9.960703E+00
8.452000E+02 2.072253E+00 9.959900E+00
8.461000E+02 2.072286E+00 9.959101E+00
8.470000E+02 2.072319E+00 9.958307E+00
8.479000E+02 2.072352E+00 9.957517E+00
8.488000E+02 2.072385E+00 9.955482E+00
8.497000E+02 2.072417E+00 9.954701E+00
8.506000E+02 2.072449E+00 9.953925E+00
8.515000E+02 2.072481E+00 9.953152E+00
8.524000E+02 2.072512E+00 9.952384E+00
8.533000E+02 2.072544E+00 9.950374E+00
8.542000E+02 2.072575E+00 9.949614E+00
8.551000E+02 2.072605E+00 9.948859E+00
8.560000E+02 2.072636E+00 9.948108E+00
8.569000E+02 2.072666E+00 9.947361E+00
8.578000E+02 2.072696E+00 9.945375E+00
8.587000E+02 2.072725E+00 9.944637E+00
8.596000E+02 2.072755E+00 9.943903E+00
8.605000E+02 2.072784E+00 9.943173E+00
8.614000E+02 2.072812E+00 9.941206E+00
8.623000E+02 2.072841E+00 9.940485E+00
8.632000E+02 2.072869E+00 9.939768E+00
8.641000E+02 2.072897E+00 9.939055E+00
8.650000E+02 2.072925E+00 9.937107E+00
8.659000E+02 2.072953E+00 9.936403E+00
8.668000E+02 2.072980E+00 9.935702E+00
8.677000E+02 2.073007E+00 9.935006E+00
8.686000E+02 2.073034E+00 9.933076E+00
8.695000E+02 2.073060E+00 9.932389E+00
8.704000E+02 2.073086E+00 9.931705E+00
8.713000E+02 2.073112E+00 9.931026E+00
8.722000E+02 2.073138E+00 9.929114E+00
8.731000E+02 2.073163E+00 9.928443E+00
8.740000E+02 2.073188E+00 9.927776E+00
8.749000E+02 2.073213E+00 9.927113E+00
8.758000E+02 2.073238E+00 9.925220E+00
8.767000E+02 2.073263E+00 9.924565E+00
8.776000E+02 2.073287E+00 9.923914E+00
8.785000E+02 2.073311E+00 9.923267E+00
8.794000E+02 2.073334E+00 9.921392E+00
8.803000E+02 2.073358E+00 9.920753E+00
8.812000E+02 2.073381E+00 9.920119E+00
8.821000E+02 2.073404E+00 9.918257E+00
8.830000E+02 2.073427E+00 9.917631E+00
8.839000E+02 2.073449E+00 9.917008E+00
8.848000E+02 2.073471E+00 9.915160E+00
8.857000E+02 2.073493E+00 9.914545E+00
8.866000E+02 2.073515E+00 9.913935E+00
8.875000E+02 2.073537E+00 9.913328E+00
8.884000E+02 2.073558E+00 9.911498E+00
8.893000E+02 2.073579E+00 9.910899E+00
8.902000E+02 2.073600E+00 9.910304E+00
8.911000E+02 2.073620E+00 9.908487E+00
8.920000E+02 2.073641E+00 9.907900E+00
8.929000E+02 2.073661E+00 9.907317E+00
8.938000E+02 2.073680E+00 9.905513E+00
8.947000E+02 2.073700E+00 9.904938E+00
8.956000E+02 2.073719E+00 9.904366E+00
8.965000E+02 2.073739E+00 9.902575E+00
8.974000E+02 2.073758E+00 9.902012E+00
8.983000E+02 2.073776E+00 9.901452E+00
8.992000E+02 2.073795E+00 9.899674E+00
9.001000E+02 2.073813E+00 9.899122E+00
9.010000E+02 2.073831E+00 9.898574E+00
9.019000E+02 2.073849E+00 9.896809E+00
9.028000E+02 2.073866E+00 9.896268E+00
9.037000E+02 2.073884E+00 9.895731E+00
9.046000E+02 2.073901E+00 9.893979E+00
9.055000E+02 2.073918E+00 9.893450E+00
9.064000E+02 2.073934E+00 9.891707E+00
9.073000E+02 2.073951E+00 9.891185E+00
9.082000E+02 2.073967E+00 9.890667E+00
9.091000E+02 2.073983E+00 9.888937E+00
9.100000E+02 2.073999E+00 9.888426E+00
9.109000E+02 2.074014E+00 9.887920E+00
9.118000E+02 2.074029E+00 9.886201E+00
9.127000E+02 2.074045E+00 9.885702E+00
9.136000E+02 2.074059E+00 9.883993E+00
9.145000E+02 2.074074E+00 9.883501E+00
9.154000E+02 2.074089E+00 9.883013E+00
9.163000E+02 2.074103E+00 9.881316E+00
9.172000E+02 2.074117E+00 9.880835E+00
9.181000E+02 2.074131E+00 9.879146E+00
9.190000E+02 2.074144E+00 9.878673E+00
9.199000E+02 2.074158E+00 9.878204E+00
9.208000E+02 2.074171E+00 9.876527E+00
9.217000E+02 2.074184E+00 9.876065E+00
9.226000E+02 2.074197E+00 9.874396E+00
9.235000E+02 2.074209E+00 9.873941E+00
9.244000E+02 2.074222E+00 9.873490E+00
9.253000E+02 2.074234E+00 9.871834E+00
9.262000E+02 2.074246E+00 9.871390E+00
9.271000E+02 2.074257E+00 9.869742E+00
9.280000E+02 2.074269E+00 9.869305E+00
9.289000E+02 2.074280E+00 9.868872E+00
9.298000E+02 2.074291E+00 9.867236E+00
9.307000E+02 2.074302E+00 9.866809E+00
9.316000E+02 2.074313E+00 9.865181E+00
9.325000E+02 2.074323E+00 9.864763E+00
9.334000E+02 2.074334E+00 9.863143E+00
9.343000E+02 2.074344E+00 9.862731E+00
9.352000E+02 2.074354E+00 9.861119E+00
9.361000E+02 2.074363E+00 9.860714E+00
9.370000E+02 2.074373E+00 9.860313E+00
9.379000E+02 2.074382E+00 9.858713E+00
9.388000E+02 2.074391E+00 9.858319E+00
9.397000E+02 2.074400E+00 9.856726E+00
9.406000E+02 2.074409E+00 9.856339E+00
9.415000E+02 2.074417E+00 9.854755E+00
9.424000E+02 2.074426E+00 9.854375E+00
9.433000E+02 2.074434E+00 9.852798E+00
9.442000E+02 2.074442E+00 9.852425E+00
9.451000E+02 2.074449E+00 9.850856E+00
9.460000E+02 2.074457E+00 9.850490E+00
9.469000E+02 2.074464E+00 9.850127E+00
9.478000E+02 2.074471E+00 9.848570E+00
9.487000E+02 2.074478E+00 9.848214E+00
9.496000E+02 2.074485E+00 9.846664E+00
9.505000E+02 2.074492E+00 9.846315E+00
9.514000E+02 2.074498E+00 9.844773E+00
9.523000E+02 2.074504E+00 9.844431E+00
9.532000E+02 2.074510E+00 9.842897E+00
9.541000E+02 2.074516E+00 9.842561E+00
9.550000E+02 2.074522E+00 9.841034E+00
9.559000E+02 2.074527E+00 9.840706E+00
9.568000E+02 2.074533E+00 9.839187E+00
9.577000E+02 2.074538E+00 9.838864E+00
9.586000E+02 2.074543E+00 9.837353E+00
9.595000E+02 2.074547E+00 9.837038E+00
9.604000E+02 2.074552E+00 9.835534E+00
9.613000E+02 2.074556E+00 9.835225E+00
9.622000E+02 2.074560E+00 9.833729E+00
9.631000E+02 2.074564E+00 9.833427E+00
9.640000E+02 2.074568E+00 9.831938E+00
9.649000E+02 2.074572E+00 9.831642E+00
9.658000E+02 2.074575E+00 9.830160E+00
9.667000E+02 2.074578E+00 9.829872E+00
9.676000E+02 2.074582E+00 9.828397E+00
9.685000E+02 2.074585E+00 9.828115E+00
9.694000E+02 2.074587E+00 9.826648E+00
9.703000E+02 2.074590E+00 9.825185E+00
9.712000E+02 2.074592E+00 9.824913E+00
9.721000E+02 2.074594E+00 9.823457E+00
9.730000E+02 2.074596E+00 9.823192E+00
9.739000E+02 2.074598E+00 9.821743E+00
9.748000E+02 2.074600E+00 9.821484E+00
9.757000E+02 2.074602E+00 9.820043E+00
9.766000E+02 2.074603E+00 9.819790E+00
9.775000E+02 2.074604E+00 9.818356E+00
9.784000E+02 2.074605E+00 9.818109E+00
9.793000E+02 2.074606E+00 9.816682E+00
9.802000E+02 2.074607E+00 9.815259E+00
9.811000E+02 2.074607E+00 9.815022E+00
9.820000E+02 2.074607E+00 9.813607E+00
9.829000E+02 2.074608E+00 9.813376E+00
9.838000E+02 2.074608E+00 9.811967E+00
9.847000E+02 2.074607E+00 9.811743E+00
9.856000E+02 2.074607E+00 9.810341E+00
9.865000E+02 2.074607E+00 9.810124E+00
9.874000E+02 2.074606E+00 9.808729E+00
9.883000E+02 2.074605E+00 9.807338E+00
9.892000E+02 2.074604E+00 9.807129E+00
9.901000E+02 2.074603E+00 9.805745E+00
9.910000E+02 2.074602E+00 9.805543E+00
9.919000E+02 2.074600E+00 9.804166E+00
9.928000E+02 2.074598E+00 9.802793E+00
9.937000E+02 2.074597E+00 9.802600E+00
9.946000E+02 2.074595E+00 9.801234E+00
9.955000E+02 2.074592E+00 9.801047E+00
9.964000E+02 2.074590E+00 9.799687E+00
9.973000E+02 2.074588E+00 9.798331E+00
9.982000E+02 2.074585E+00 9.798154E+00
9.991000E+02 2.074582E+00 9.796805E+00
