1.000000E+02 1.611090E+00 1.199091E+01
1.009000E+02 1.615829E+00 1.198909E+01
1.018000E+02 1.620515E+00 1.198746E+01
1.027000E+02 1.625150E+00 1.198602E+01
1.036000E+02 1.629735E+00 1.198119E+01
1.045000E+02 1.634270E+00 1.198012E+01
1.054000E+02 1.638756E+00 1.197922E+01
1.063000E+02 1.643194E+00 1.197497E+01
1.072000E+02 1.647585E+00 1.197442E+01
1.081000E+02 1.651929E+00 1.197054E+01
1.090000E+02 1.656228E+00 1.196685E+01
1.099000E+02 1.660481E+00 1.196678E+01
1.108000E+02 1.664689E+00 1.196343E+01
1.117000E+02 1.668854E+00 1.196026E+01
1.126000E+02 1.672976E+00 1.195726E+01
1.135000E+02 1.677055E+00 1.195442E+01
1.144000E+02 1.681093E+00 1.195174E+01
1.153000E+02 1.685089E+00 1.194922E+01
1.162000E+02 1.689044E+00 1.194686E+01
1.171000E+02 1.692960E+00 1.194465E+01
1.180000E+02 1.696836E+00 1.194258E+01
1.189000E+02 1.700673E+00 1.193737E+01
1.198000E+02 1.704472E+00 1.193561E+01
1.207000E+02 1.708233E+00 1.193398E+01
1.216000E+02 1.711956E+00 1.193249E+01
1.225000E+02 1.715644E+00 1.192790E+01
1.234000E+02 1.719295E+00 1.192668E+01
1.243000E+02 1.722910E+00 1.192238E+01
1.252000E+02 1.726490E+00 1.192143E+01
1.261000E+02 1.730035E+00 1.191741E+01
1.270000E+02 1.733547E+00 1.191355E+01
1.279000E+02 1.737024E+00 1.191297E+01
1.288000E+02 1.740468E+00 1.190937E+01
1.297000E+02 1.743880E+00 1.190590E+01
1.306000E+02 1.747258E+00 1.190257E+01
1.315000E+02 1.750606E+00 1.189937E+01
1.324000E+02 1.753921E+00 1.189938E+01
1.333000E+02 1.757205E+00 1.189642E+01
1.342000E+02 1.760459E+00 1.189358E+01
1.351000E+02 1.763683E+00 1.189086E+01
1.360000E+02 1.766876E+00 1.188826E+01
1.369000E+02 1.770040E+00 1.188275E+01
1.378000E+02 1.773175E+00 1.188039E+01
1.387000E+02 1.776281E+00 1.187815E+01
1.396000E+02 1.779359E+00 1.187601E+01
1.405000E+02 1.782409E+00 1.187398E+01
1.414000E+02 1.785431E+00 1.186908E+01
1.423000E+02 1.788426E+00 1.186727E+01
1.432000E+02 1.791394E+00 1.186556E+01
1.441000E+02 1.794336E+00 1.186102E+01
1.450000E+02 1.797251E+00 1.185951E+01
1.459000E+02 1.800140E+00 1.185519E+01
1.468000E+02 1.803004E+00 1.185389E+01
1.477000E+02 1.805842E+00 1.184978E+01
1.486000E+02 1.808655E+00 1.184868E+01
1.495000E+02 1.811444E+00 1.184478E+01
1.504000E+02 1.814208E+00 1.184099E+01
1.513000E+02 1.816948E+00 1.184017E+01
1.522000E+02 1.819665E+00 1.183658E+01
1.531000E+02 1.822358E+00 1.183309E+01
1.540000E+02 1.825027E+00 1.182971E+01
1.549000E+02 1.827674E+00 1.182642E+01
1.558000E+02 1.830298E+00 1.182604E+01
1.567000E+02 1.832900E+00 1.182294E+01
1.576000E+02 1.835479E+00 1.181993E+01
1.585000E+02 1.838037E+00 1.181701E+01
1.594000E+02 1.840573E+00 1.181419E+01
1.603000E+02 1.843087E+00 1.181145E+01
1.612000E+02 1.845581E+00 1.180880E+01
1.621000E+02 1.848053E+00 1.180624E+01
1.630000E+02 1.850505E+00 1.180103E+01
1.639000E+02 1.852937E+00 1.179864E+01
1.648000E+02 1.855348E+00 1.179634E+01
1.657000E+02 1.857739E+00 1.179413E+01
1.666000E+02 1.860111E+00 1.179199E+01
1.675000E+02 1.862463E+00 1.178723E+01
1.684000E+02 1.864796E+00 1.178526E+01
1.693000E+02 1.867110E+00 1.178336E+01
1.702000E+02 1.869405E+00 1.177887E+01
1.711000E+02 1.871682E+00 1.177713E+01
1.720000E+02 1.873940E+00 1.177281E+01
1.729000E+02 1.876179E+00 1.177122E+01
1.738000E+02 1.878401E+00 1.176707E+01
1.747000E+02 1.880605E+00 1.176563E+01
1.756000E+02 1.882791E+00 1.176163E+01
1.765000E+02 1.884960E+00 1.176034E+01
1.774000E+02 1.887111E+00 1.175650E+01
1.783000E+02 1.889246E+00 1.175275E+01
1.792000E+02 1.891364E+00 1.175166E+01
1.801000E+02 1.893464E+00 1.174806E+01
1.810000E+02 1.895549E+00 1.174453E+01
1.819000E+02 1.897617E+00 1.174365E+01
1.828000E+02 1.899669E+00 1.174027E+01
1.837000E+02 1.901704E+00 1.173696E+01
1.846000E+02 1.903724E+00 1.173372E+01
1.855000E+02 1.905729E+00 1.173056E+01
1.864000E+02 1.907717E+00 1.173000E+01
1.873000E+02 1.909691E+00 1.172698E+01
1.882000E+02 1.911649E+00 1.172402E+01
1.891000E+02 1.913592E+00 1.172112E+01
1.900000E+02 1.915520E+00 1.171830E+01
1.909000E+02 1.917434E+00 1.171554E+01
1.918000E+02 1.919333E+00 1.171285E+01
1.927000E+02 1.921218E+00 1.171023E+01
1.936000E+02 1.923088E+00 1.170767E+01
1.945000E+02 1.924944E+00 1.170269E+01
1.954000E+02 1.926786E+00 1.170026E+01
1.963000E+02 1.928614E+00 1.169789E+01
1.972000E+02 1.930429E+00 1.169559E+01
1.981000E+02 1.932230E+00 1.169334E+01
1.990000E+02 1.934018E+00 1.168871E+01
1.999000E+02 1.935792E+00 1.168658E+01
2.008000E+02 1.937553E+00 1.168452E+01
2.017000E+02 1.939301E+00 1.168251E+01
2.026000E+02 1.941036E+00 1.167814E+01
2.035000E+02 1.942758E+00 1.167625E+01
2.044000E+02 1.944468E+00 1.167442E+01
2.053000E+02 1.946165E+00 1.167023E+01
2.062000E+02 1.947849E+00 1.166851E+01
2.071000E+02 1.949522E+00 1.166445E+01
2.080000E+02 1.951182E+00 1.166284E+01
2.089000E+02 1.952830E+00 1.165890E+01
2.098000E+02 1.954466E+00 1.165741E+01
2.107000E+02 1.956090E+00 1.165358E+01
2.116000E+02 1.957703E+00 1.165219E+01
2.125000E+02 1.959304E+00 1.164848E+01
2.134000E+02 1.960893E+00 1.164720E+01
2.143000E+02 1.962471E+00 1.164360E+01
2.152000E+02 1.964038E+00 1.164007E+01
2.161000E+02 1.965593E+00 1.163893E+01
2.170000E+02 1.967138E+00 1.163551E+01
2.179000E+02 1.968671E+00 1.163214E+01
2.188000E+02 1.970193E+00 1.162883E+01
2.197000E+02 1.971705E+00 1.162789E+01
2.206000E+02 1.973206E+00 1.162468E+01
2.215000E+02 1.974697E+00 1.162153E+01
2.224000E+02 1.976177E+00 1.161843E+01
2.233000E+02 1.977646E+00 1.161538E+01
2.242000E+02 1.979106E+00 1.161468E+01
2.251000E+02 1.980555E+00 1.161173E+01
2.260000E+02 1.981994E+00 1.160883E+01
2.269000E+02 1.983423E+00 1.160598E+01
2.278000E+02 1.984842E+00 1.160319E+01
2.287000E+02 1.986251E+00 1.160044E+01
2.296000E+02 1.987650E+00 1.159774E+01
2.305000E+02 1.989040E+00 1.159509E+01
2.314000E+02 1.990420E+00 1.159249E+01
2.323000E+02 1.991791E+00 1.158993E+01
2.332000E+02 1.993152E+00 1.158742E+01
2.341000E+02 1.994504E+00 1.158496E+01
2.350000E+02 1.995847E+00 1.158255E+01
2.359000E+02 1.997181E+00 1.158018E+01
2.368000E+02 1.998505E+00 1.157563E+01
2.377000E+02 1.999821E+00 1.157335E+01
2.386000E+02 2.001127E+00 1.157112E+01
2.395000E+02 2.002425E+00 1.156893E+01
2.404000E+02 2.003714E+00 1.156679E+01
2.413000E+02 2.004994E+00 1.156468E+01
2.422000E+02 2.006266E+00 1.156042E+01
2.431000E+02 2.007529E+00 1.155841E+01
2.440000E+02 2.008783E+00 1.155644E+01
2.449000E+02 2.010029E+00 1.155232E+01
2.458000E+02 2.011267E+00 1.155043E+01
2.467000E+02 2.012497E+00 1.154859E+01
2.476000E+02 2.013718E+00 1.154461E+01
2.485000E+02 2.014931E+00 1.154285E+01
2.494000E+02 2.016137E+00 1.154112E+01
2.503000E+02 2.017334E+00 1.153728E+01
2.512000E+02 2.018523E+00 1.153563E+01
2.521000E+02 2.019704E+00 1.153188E+01
2.530000E+02 2.020878E+00 1.153031E+01
2.539000E+02 2.022044E+00 1.152664E+01
2.548000E+02 2.023202E+00 1.152516E+01
2.557000E+02 2.024353E+00 1.152157E+01
2.566000E+02 2.025496E+00 1.152016E+01
2.575000E+02 2.026632E+00 1.151666E+01
2.584000E+02 2.027760E+00 1.151533E+01
2.593000E+02 2.028881E+00 1.151191E+01
2.602000E+02 2.029994E+00 1.151065E+01
2.611000E+02 2.031101E+00 1.150731E+01
2.620000E+02 2.032200E+00 1.150401E+01
2.629000E+02 2.033292E+00 1.150286E+01
2.638000E+02 2.034377E+00 1.149964E+01
2.647000E+02 2.035455E+00 1.149646E+01
2.656000E+02 2.036526E+00 1.149542E+01
2.665000E+02 2.037590E+00 1.149232E+01
2.674000E+02 2.038648E+00 1.148925E+01
2.683000E+02 2.039698E+00 1.148623E+01
2.692000E+02 2.040742E+00 1.148533E+01
2.701000E+02 2.041779E+00 1.148238E+01
2.710000E+02 2.042810E+00 1.147946E+01
2.719000E+02 2.043834E+00 1.147659E+01
2.728000E+02 2.044851E+00 1.147582E+01
2.737000E+02 2.045862E+00 1.147302E+01
2.746000E+02 2.046867E+00 1.147025E+01
2.755000E+02 2.047865E+00 1.146752E+01
2.764000E+02 2.048857E+00 1.146483E+01
2.773000E+02 2.049843E+00 1.146217E+01
2.782000E+02 2.050822E+00 1.145955E+01
2.791000E+02 2.051795E+00 1.145696E+01
2.800000E+02 2.052763E+00 1.145441E+01
2.809000E+02 2.053724E+00 1.145189E+01
2.818000E+02 2.054679E+00 1.144941E+01
2.827000E+02 2.055628E+00 1.144696E+01
2.836000E+02 2.056571E+00 1.144455E+01
2.845000E+02 2.057508E+00 1.144217E+01
2.854000E+02 2.058440E+00 1.143982E+01
2.863000E+02 2.059365E+00 1.143750E+01
2.872000E+02 2.060285E+00 1.143522E+01
2.881000E+02 2.061199E+00 1.143297E+01
2.890000E+02 2.062108E+00 1.143076E+01
2.899000E+02 2.063010E+00 1.142857E+01
2.908000E+02 2.063908E+00 1.142642E+01
2.917000E+02 2.064799E+00 1.142429E+01
2.926000E+02 2.065686E+00 1.142220E+01
2.935000E+02 2.066566E+00 1.141815E+01
2.944000E+02 2.067442E+00 1.141613E+01
2.953000E+02 2.068312E+00 1.141413E+01
2.962000E+02 2.069176E+00 1.141216E+01
2.971000E+02 2.070036E+00 1.141023E+01
2.980000E+02 2.070890E+00 1.140635E+01
2.989000E+02 2.071738E+00 1.140447E+01
2.998000E+02 2.072582E+00 1.140263E+01
3.007000E+02 2.073421E+00 1.140081E+01
3.016000E+02 2.074254E+00 1.139706E+01
3.025000E+02 2.075082E+00 1.139531E+01
3.034000E+02 2.075906E+00 1.139358E+01
3.043000E+02 2.076724E+00 1.138993E+01
3.052000E+02 2.077537E+00 1.138826E+01
3.061000E+02 2.078346E+00 1.138662E+01
3.070000E+02 2.079149E+00 1.138306E+01
3.079000E+02 2.079948E+00 1.138148E+01
3.088000E+02 2.080742E+00 1.137798E+01
3.097000E+02 2.081531E+00 1.137645E+01
3.106000E+02 2.082315E+00 1.137495E+01
3.115000E+02 2.083095E+00 1.137155E+01
3.124000E+02 2.083869E+00 1.137010E+01
3.133000E+02 2.084640E+00 1.136676E+01
3.142000E+02 2.085405E+00 1.136537E+01
3.151000E+02 2.086166E+00 1.136208E+01
3.160000E+02 2.086923E+00 1.136075E+01
3.169000E+02 2.087675E+00 1.135752E+01
3.178000E+02 2.088422E+00 1.135624E+01
3.187000E+02 2.089165E+00 1.135307E+01
3.196000E+02 2.089904E+00 1.135184E+01
3.205000E+02 2.090638E+00 1.134872E+01
3.214000E+02 2.091368E+00 1.134754E+01
3.223000E+02 2.092094E+00 1.134449E+01
3.232000E+02 2.092815E+00 1.134146E+01
3.241000E+02 2.093532E+00 1.134036E+01
3.250000E+02 2.094245E+00 1.133739E+01
3.259000E+02 2.094953E+00 1.133445E+01
3.268000E+02 2.095657E+00 1.133342E+01
3.277000E+02 2.096358E+00 1.133053E+01
3.286000E+02 2.097054E+00 1.132767E+01
3.295000E+02 2.097746E+00 1.132671E+01
3.304000E+02 2.098433E+00 1.132390E+01
3.313000E+02 2.099117E+00 1.132112E+01
3.322000E+02 2.099797E+00 1.132024E+01
3.331000E+02 2.100473E+00 1.131751E+01
3.340000E+02 2.101145E+00 1.131481E+01
3.349000E+02 2.101813E+00 1.131213E+01
3.358000E+02 2.102477E+00 1.131134E+01
3.367000E+02 2.103137E+00 1.130872E+01
3.376000E+02 2.103793E+00 1.130612E+01
3.385000E+02 2.104445E+00 1.130354E+01
3.394000E+02 2.105094E+00 1.130100E+01
3.403000E+02 2.105739E+00 1.130032E+01
3.412000E+02 2.106380E+00 1.129782E+01
3.421000E+02 2.107018E+00 1.129535E+01
3.430000E+02 2.107651E+00 1.129290E+01
3.439000E+02 2.108281E+00 1.129047E+01
3.448000E+02 2.108908E+00 1.128807E+01
3.457000E+02 2.109530E+00 1.128570E+01
3.466000E+02 2.110149E+00 1.128518E+01
3.475000E+02 2.110765E+00 1.128285E+01
3.484000E+02 2.111377E+00 1.128055E+01
3.493000E+02 2.111985E+00 1.127827E+01
3.502000E+02 2.112590E+00 1.127601E+01
3.511000E+02 2.113192E+00 1.127377E+01
3.520000E+02 2.113790E+00 1.127156E+01
3.529000E+02 2.114384E+00 1.126938E+01
3.538000E+02 2.114975E+00 1.126721E+01
3.547000E+02 2.115563E+00 1.126507E+01
3.556000E+02 2.116147E+00 1.126295E+01
3.565000E+02 2.116728E+00 1.126086E+01
3.574000E+02 2.117306E+00 1.125878E+01
3.583000E+02 2.117880E+00 1.125673E+01
3.592000E+02 2.118452E+00 1.125470E+01
3.601000E+02 2.119019E+00 1.125270E+01
3.610000E+02 2.119584E+00 1.125071E+01
3.619000E+02 2.120145E+00 1.124696E+01
3.628000E+02 2.120703E+00 1.124502E+01
3.637000E+02 2.121258E+00 1.124310E+01
3.646000E+02 2.121810E+00 1.124121E+01
3.655000E+02 2.122359E+00 1.123933E+01
3.664000E+02 2.122904E+00 1.123748E+01
3.673000E+02 2.123446E+00 1.123564E+01
3.682000E+02 2.123986E+00 1.123383E+01
3.691000E+02 2.124522E+00 1.123026E+01
3.700000E+02 2.125055E+00 1.122850E+01
3.709000E+02 2.125585E+00 1.122675E+01
3.718000E+02 2.126112E+00 1.122502E+01
3.727000E+02 2.126636E+00 1.122331E+01
3.736000E+02 2.127158E+00 1.121986E+01
3.745000E+02 2.127676E+00 1.121819E+01
3.754000E+02 2.128191E+00 1.121655E+01
3.763000E+02 2.128704E+00 1.121492E+01
3.772000E+02 2.129213E+00 1.121156E+01
3.781000E+02 2.129720E+00 1.120997E+01
3.790000E+02 2.130223E+00 1.120840E+01
3.799000E+02 2.130724E+00 1.120511E+01
3.808000E+02 2.131222E+00 1.120358E+01
3.817000E+02 2.131718E+00 1.120207E+01
3.826000E+02 2.132210E+00 1.120059E+01
3.835000E+02 2.132700E+00 1.119737E+01
3.844000E+02 2.133187E+00 1.119592E+01
3.853000E+02 2.133671E+00 1.119449E+01
3.862000E+02 2.134152E+00 1.119134E+01
3.871000E+02 2.134631E+00 1.118995E+01
3.880000E+02 2.135107E+00 1.118685E+01
3.889000E+02 2.135581E+00 1.118549E+01
3.898000E+02 2.136051E+00 1.118416E+01
3.907000E+02 2.136519E+00 1.118111E+01
3.916000E+02 2.136985E+00 1.117981E+01
3.925000E+02 2.137448E+00 1.117681E+01
3.934000E+02 2.137908E+00 1.117555E+01
3.943000E+02 2.138366E+00 1.117258E+01
3.952000E+02 2.138821E+00 1.117136E+01
3.961000E+02 2.139273E+00 1.117015E+01
3.970000E+02 2.139723E+00 1.116725E+01
3.979000E+02 2.140171E+00 1.116607E+01
3.988000E+02 2.140616E+00 1.116321E+01
3.997000E+02 2.141058E+00 1.116207E+01
4.006000E+02 2.141499E+00 1.115925E+01
4.015000E+02 2.141936E+00 1.115814E+01
4.024000E+02 2.142371E+00 1.115536E+01
4.033000E+02 2.142804E+00 1.115259E+01
4.042000E+02 2.143234E+00 1.115154E+01
4.051000E+02 2.143662E+00 1.114881E+01
4.060000E+02 2.144088E+00 1.114780E+01
4.069000E+02 2.144511E+00 1.114510E+01
4.078000E+02 2.144932E+00 1.114412E+01
4.087000E+02 2.145350E+00 1.114147E+01
4.096000E+02 2.145766E+00 1.113883E+01
4.105000E+02 2.146180E+00 1.113790E+01
4.114000E+02 2.146592E+00 1.113530E+01
4.123000E+02 2.147001E+00 1.113440E+01
4.132000E+02 2.147408E+00 1.113184E+01
4.141000E+02 2.147812E+00 1.112929E+01
4.150000E+02 2.148215E+00 1.112845E+01
4.159000E+02 2.148615E+00 1.112594E+01
4.168000E+02 2.149013E+00 1.112344E+01
4.177000E+02 2.149409E+00 1.112264E+01
4.186000E+02 2.149802E+00 1.112019E+01
4.195000E+02 2.150194E+00 1.111775E+01
4.204000E+02 2.150583E+00 1.111700E+01
4.213000E+02 2.150970E+00 1.111459E+01
4.222000E+02 2.151355E+00 1.111221E+01
4.231000E+02 2.151737E+00 1.110984E+01
4.240000E+02 2.152118E+00 1.110915E+01
4.249000E+02 2.152497E+00 1.110681E+01
4.258000E+02 2.152873E+00 1.110449E+01
4.267000E+02 2.153247E+00 1.110219E+01
4.276000E+02 2.153620E+00 1.110157E+01
4.285000E+02 2.153990E+00 1.109930E+01
4.294000E+02 2.154358E+00 1.109705E+01
4.303000E+02 2.154724E+00 1.109481E+01
4.312000E+02 2.155088E+00 1.109260E+01
4.321000E+02 2.155450E+00 1.109205E+01
4.330000E+02 2.155810E+00 1.108986E+01
4.339000E+02 2.156168E+00 1.108769E+01
4.348000E+02 2.156524E+00 1.108554E+01
4.357000E+02 2.156878E+00 1.108341E+01
4.366000E+02 2.157231E+00 1.108129E+01
4.375000E+02 2.157581E+00 1.108082E+01
4.384000E+02 2.157929E+00 1.107874E+01
4.393000E+02 2.158275E+00 1.107667E+01
4.402000E+02 2.158620E+00 1.107461E+01
4.411000E+02 2.158962E+00 1.107257E+01
4.420000E+02 2.159303E+00 1.107055E+01
4.429000E+02 2.159641E+00 1.106854E+01
4.438000E+02 2.159978E+00 1.106655E+01
4.447000E+02 2.160313E+00 1.106457E+01
4.456000E+02 2.160646E+00 1.106261E+01
4.465000E+02 2.160978E+00 1.106229E+01
4.474000E+02 2.161307E+00 1.106036E+01
4.483000E+02 2.161635E+00 1.105844E+01
4.492000E+02 2.161960E+00 1.105654E+01
4.501000E+02 2.162284E+00 1.105465E+01
4.510000E+02 2.162607E+00 1.105278E+01
4.519000E+02 2.162927E+00 1.105093E+01
4.528000E+02 2.163246E+00 1.104909E+01
4.537000E+02 2.163563E+00 1.104726E+01
4.546000E+02 2.163878E+00 1.104545E+01
4.555000E+02 2.164191E+00 1.104365E+01
4.564000E+02 2.164503E+00 1.104187E+01
4.573000E+02 2.164813E+00 1.104010E+01
4.582000E+02 2.165121E+00 1.103835E+01
4.591000E+02 2.165427E+00 1.103661E+01
4.600000E+02 2.165732E+00 1.103489E+01
4.609000E+02 2.166035E+00 1.103158E+01
4.618000E+02 2.166337E+00 1.102989E+01
4.627000E+02 2.166636E+00 1.102821E+01
4.636000E+02 2.166934E+00 1.102654E+01
4.645000E+02 2.167231E+00 1.102489E+01
4.654000E+02 2.167526E+00 1.102325E+01
4.663000E+02 2.167819E+00 1.102163E+01
4.672000E+02 2.168110E+00 1.102002E+01
4.681000E+02 2.168400E+00 1.101843E+01
4.690000E+02 2.168688E+00 1.101684E+01
4.699000E+02 2.168975E+00 1.101369E+01
4.708000E+02 2.169260E+00 1.101213E+01
4.717000E+02 2.169544E+00 1.101059E+01
4.726000E+02 2.169826E+00 1.100907E+01
4.735000E+02 2.170106E+00 1.100755E+01
4.744000E+02 2.170385E+00 1.100605E+01
4.753000E+02 2.170662E+00 1.100299E+01
4.762000E+02 2.170938E+00 1.100152E+01
4.771000E+02 2.171212E+00 1.100006E+01
4.780000E+02 2.171485E+00 1.099861E+01
4.789000E+02 2.171756E+00 1.099718E+01
4.798000E+02 2.172025E+00 1.099419E+01
4.807000E+02 2.172293E+00 1.099278E+01
4.816000E+02 2.172560E+00 1.099139E+01
4.825000E+02 2.172825E+00 1.099000E+01
4.834000E+02 2.173089E+00 1.098864E+01
4.843000E+02 2.173351E+00 1.098572E+01
4.852000E+02 2.173612E+00 1.098437E+01
4.861000E+02 2.173871E+00 1.098305E+01
4.870000E+02 2.174129E+00 1.098173E+01
4.879000E+02 2.174385E+00 1.097887E+01
4.888000E+02 2.174640E+00 1.097757E+01
4.897000E+02 2.174894E+00 1.097630E+01
4.906000E+02 2.175146E+00 1.097347E+01
4.915000E+02 2.175396E+00 1.097222E+01
4.924000E+02 2.175646E+00 1.097098E+01
4.933000E+02 2.175894E+00 1.096820E+01
4.942000E+02 2.176140E+00 1.096698E+01
4.951000E+02 2.176385E+00 1.096578E+01
4.960000E+02 2.176629E+00 1.096304E+01
4.969000E+02 2.176871E+00 1.096186E+01
4.978000E+02 2.177112E+00 1.096070E+01
4.987000E+02 2.177352E+00 1.095800E+01
4.996000E+02 2.177590E+00 1.095685E+01
5.005000E+02 2.177827E+00 1.095572E+01
5.014000E+02 2.178063E+00 1.095306E+01
5.023000E+02 2.178297E+00 1.095196E+01
5.032000E+02 2.178530E+00 1.095086E+01
5.041000E+02 2.178762E+00 1.094824E+01
5.050000E+02 2.178992E+00 1.094717E+01
5.059000E+02 2.179221E+00 1.094457E+01
5.068000E+02 2.179449E+00 1.094353E+01
5.077000E+02 2.179675E+00 1.094249E+01
5.086000E+02 2.179901E+00 1.093993E+01
5.095000E+02 2.180124E+00 1.093892E+01
5.104000E+02 2.180347E+00 1.093639E+01
5.113000E+02 2.180568E+00 1.093540E+01
5.122000E+02 2.180789E+00 1.093290E+01
5.131000E+02 2.181008E+00 1.093193E+01
5.140000E+02 2.181225E+00 1.092945E+01
5.149000E+02 2.181442E+00 1.092850E+01
5.158000E+02 2.181657E+00 1.092605E+01
5.167000E+02 2.181871E+00 1.092513E+01
5.176000E+02 2.182083E+00 1.092270E+01
5.185000E+02 2.182295E+00 1.092180E+01
5.194000E+02 2.182505E+00 1.091939E+01
5.203000E+02 2.182714E+00 1.091852E+01
5.212000E+02 2.182922E+00 1.091614E+01
5.221000E+02 2.183129E+00 1.091528E+01
5.230000E+02 2.183335E+00 1.091292E+01
5.239000E+02 2.183539E+00 1.091209E+01
5.248000E+02 2.183742E+00 1.090976E+01
5.257000E+02 2.183944E+00 1.090895E+01
5.266000E+02 2.184145E+00 1.090664E+01
5.275000E+02 2.184345E+00 1.090585E+01
5.284000E+02 2.184544E+00 1.090356E+01
5.293000E+02 2.184741E+00 1.090129E+01
5.302000E+02 2.184937E+00 1.090053E+01
5.311000E+02 2.185132E+00 1.089828E+01
5.320000E+02 2.185327E+00 1.089754E+01
5.329000E+02 2.185519E+00 1.089532E+01
5.338000E+02 2.185711E+00 1.089460E+01
5.347000E+02 2.185902E+00 1.089239E+01
5.356000E+02 2.186092E+00 1.089020E+01
5.365000E+02 2.186280E+00 1.088952E+01
5.374000E+02 2.186468E+00 1.088735E+01
5.383000E+02 2.186654E+00 1.088519E+01
5.392000E+02 2.186839E+00 1.088454E+01
5.401000E+02 2.187023E+00 1.088240E+01
5.410000E+02 2.187206E+00 1.088177E+01
5.419000E+02 2.187388E+00 1.087965E+01
5.428000E+02 2.187569E+00 1.087755E+01
5.437000E+02 2.187749E+00 1.087695E+01
5.446000E+02 2.187928E+00 1.087487E+01
5.455000E+02 2.188106E+00 1.087280E+01
5.464000E+02 2.188283E+00 1.087074E+01
5.473000E+02 2.188459E+00 1.087018E+01
5.482000E+02 2.188633E+00 1.086814E+01
5.491000E+02 2.188807E+00 1.086612E+01
5.500000E+02 2.188980E+00 1.086558E+01
5.509000E+02 2.189151E+00 1.086358E+01
5.518000E+02 2.189322E+00 1.086159E+01
5.527000E+02 2.189492E+00 1.086108E+01
5.536000E+02 2.189660E+00 1.085911E+01
5.545000E+02 2.189828E+00 1.085715E+01
5.554000E+02 2.189995E+00 1.085520E+01
5.563000E+02 2.190160E+00 1.085474E+01
5.572000E+02 2.190325E+00 1.085281E+01
5.581000E+02 2.190489E+00 1.085089E+01
5.590000E+02 2.190651E+00 1.084898E+01
5.599000E+02 2.190813E+00 1.084855E+01
5.608000E+02 2.190974E+00 1.084667E+01
5.617000E+02 2.191134E+00 1.084479E+01
5.626000E+02 2.191293E+00 1.084293E+01
5.635000E+02 2.191451E+00 1.084107E+01
5.644000E+02 2.191608E+00 1.084069E+01
5.653000E+02 2.191764E+00 1.083885E+01
5.662000E+02 2.191919E+00 1.083703E+01
5.671000E+02 2.192073E+00 1.083521E+01
5.680000E+02 2.192226E+00 1.083341E+01
5.689000E+02 2.192379E+00 1.083307E+01
5.698000E+02 2.192530E+00 1.083129E+01
5.707000E+02 2.192681E+00 1.082951E+01
5.716000E+02 2.192830E+00 1.082775E+01
5.725000E+02 2.192979E+00 1.082600E+01
5.734000E+02 2.193127E+00 1.082425E+01
5.743000E+02 2.193273E+00 1.082252E+01
5.752000E+02 2.193419E+00 1.082225E+01
5.761000E+02 2.193565E+00 1.082053E+01
5.770000E+02 2.193709E+00 1.081883E+01
5.779000E+02 2.193852E+00 1.081713E+01
5.788000E+02 2.193995E+00 1.081544E+01
5.797000E+02 2.194136E+00 1.081377E+01
5.806000E+02 2.194277E+00 1.081210E+01
5.815000E+02 2.194417E+00 1.081045E+01
5.824000E+02 2.194556E+00 1.081024E+01
5.833000E+02 2.194694E+00 1.080861E+01
5.842000E+02 2.194831E+00 1.080698E+01
5.851000E+02 2.194968E+00 1.080536E+01
5.860000E+02 2.195103E+00 1.080375E+01
5.869000E+02 2.195238E+00 1.080215E+01
5.878000E+02 2.195372E+00 1.080056E+01
5.887000E+02 2.195505E+00 1.079898E+01
5.896000E+02 2.195637E+00 1.079741E+01
5.905000E+02 2.195769E+00 1.079585E+01
5.914000E+02 2.195899E+00 1.079430E+01
5.923000E+02 2.196029E+00 1.079275E+01
5.932000E+02 2.196158E+00 1.079122E+01
5.941000E+02 2.196286E+00 1.078969E+01
5.950000E+02 2.196413E+00 1.078818E+01
5.959000E+02 2.196540E+00 1.078667E+01
5.968000E+02 2.196666E+00 1.078518E+01
5.977000E+02 2.196791E+00 1.078369E+01
5.986000E+02 2.196915E+00 1.078221E+01
5.995000E+02 2.197038E+00 1.078074E+01
6.004000E+02 2.197161E+00 1.077928E+01
6.013000E+02 2.197282E+00 1.077783E+01
6.022000E+02 2.197403E+00 1.077638E+01
6.031000E+02 2.197524E+00 1.077495E+01
6.040000E+02 2.197643E+00 1.077352E+01
6.049000E+02 2.197762E+00 1.077211E+01
6.058000E+02 2.197880E+00 1.077070E+01
6.067000E+02 2.197997E+00 1.076930E+01
6.076000E+02 2.198113E+00 1.076791E+01
6.085000E+02 2.198229E+00 1.076653E+01
6.094000E+02 2.198344E+00 1.076516E+01
6.103000E+02 2.198458E+00 1.076379E+01
6.112000E+02 2.198572E+00 1.076244E+01
6.121000E+02 2.198684E+00 1.076109E+01
6.130000E+02 2.198796E+00 1.075975E+01
6.139000E+02 2.198907E+00 1.075843E+01
6.148000E+02 2.199018E+00 1.075710E+01
6.157000E+02 2.199128E+00 1.075438E+01
6.166000E+02 2.199237E+00 1.075308E+01
6.175000E+02 2.199345E+00 1.075178E+01
6.184000E+02 2.199453E+00 1.075049E+01
6.193000E+02 2.199559E+00 1.074922E+01
6.202000E+02 2.199666E+00 1.074795E+01
6.211000E+02 2.199771E+00 1.074668E+01
6.220000E+02 2.199876E+00 1.074543E+01
6.229000E+02 2.199980E+00 1.074419E+01
6.238000E+02 2.200083E+00 1.074154E+01
6.247000E+02 2.200186E+00 1.074032E+01
6.256000E+02 2.200288E+00 1.073910E+01
6.265000E+02 2.200389E+00 1.073788E+01
6.274000E+02 2.200490E+00 1.073668E+01
6.283000E+02 2.200590E+00 1.073549E+01
6.292000E+02 2.200689E+00 1.073290E+01
6.301000E+02 2.200787E+00 1.073172E+01
6.310000E+02 2.200885E+00 1.073055E+01
6.319000E+02 2.200982E+00 1.072939E+01
6.328000E+02 2.201079E+00 1.072823E+01
6.337000E+02 2.201175E+00 1.072708E+01
6.346000E+02 2.201270E+00 1.072455E+01
6.355000E+02 2.201365E+00 1.072342E+01
6.364000E+02 2.201459E+00 1.072230E+01
6.373000E+02 2.201552E+00 1.072118E+01
6.382000E+02 2.201644E+00 1.072007E+01
6.391000E+02 2.201736E+00 1.071758E+01
6.400000E+02 2.201828E+00 1.071649E+01
6.409000E+02 2.201918E+00 1.071541E+01
6.418000E+02 2.202008E+00 1.071433E+01
6.427000E+02 2.202098E+00 1.071188E+01
6.436000E+02 2.202186E+00 1.071082E+01
6.445000E+02 2.202274E+00 1.070976E+01
6.454000E+02 2.202362E+00 1.070872E+01
6.463000E+02 2.202449E+00 1.070630E+01
6.472000E+02 2.202535E+00 1.070527E+01
6.481000E+02 2.202621E+00 1.070425E+01
6.490000E+02 2.202706E+00 1.070323E+01
6.499000E+02 2.202790E+00 1.070085E+01
6.508000E+02 2.202874E+00 1.069985E+01
6.517000E+02 2.202957E+00 1.069886E+01
6.526000E+02 2.203039E+00 1.069787E+01
6.535000E+02 2.203121E+00 1.069552E+01
6.544000E+02 2.203203E+00 1.069455E+01
6.553000E+02 2.203283E+00 1.069359E+01
6.562000E+02 2.203364E+00 1.069126E+01
6.571000E+02 2.203443E+00 1.069031E+01
6.580000E+02 2.203522E+00 1.068937E+01
6.589000E+02 2.203600E+00 1.068707E+01
6.598000E+02 2.203678E+00 1.068614E+01
6.607000E+02 2.203755E+00 1.068523E+01
6.616000E+02 2.203832E+00 1.068432E+01
6.625000E+02 2.203908E+00 1.068204E+01
6.634000E+02 2.203983E+00 1.068115E+01
6.643000E+02 2.204058E+00 1.068026E+01
6.652000E+02 2.204133E+00 1.067801E+01
6.661000E+02 2.204206E+00 1.067714E+01
6.670000E+02 2.204280E+00 1.067490E+01
6.679000E+02 2.204352E+00 1.067404E+01
6.688000E+02 2.204424E+00 1.067319E+01
6.697000E+02 2.204496E+00 1.067098E+01
6.706000E+02 2.204567E+00 1.067015E+01
6.715000E+02 2.204637E+00 1.066932E+01
6.724000E+02 2.204707E+00 1.066713E+01
6.733000E+02 2.204776E+00 1.066631E+01
6.742000E+02 2.204845E+00 1.066414E+01
6.751000E+02 2.204913E+00 1.066334E+01
6.760000E+02 2.204981E+00 1.066255E+01
6.769000E+02 2.205048E+00 1.066040E+01
6.778000E+02 2.205114E+00 1.065962E+01
6.787000E+02 2.205180E+00 1.065748E+01
6.796000E+02 2.205246E+00 1.065672E+01
6.805000E+02 2.205311E+00 1.065596E+01
6.814000E+02 2.205375E+00 1.065385E+01
6.823000E+02 2.205439E+00 1.065310E+01
6.832000E+02 2.205502E+00 1.065101E+01
6.841000E+02 2.205565E+00 1.065027E+01
6.850000E+02 2.205628E+00 1.064955E+01
6.859000E+02 2.205689E+00 1.064747E+01
6.868000E+02 2.205751E+00 1.064676E+01
6.877000E+02 2.205811E+00 1.064470E+01
6.886000E+02 2.205872E+00 1.064400E+01
6.895000E+02 2.205932E+00 1.064196E+01
6.904000E+02 2.205991E+00 1.064128E+01
6.913000E+02 2.206050E+00 1.063925E+01
6.922000E+02 2.206108E+00 1.063858E+01
6.931000E+02 2.206166E+00 1.063656E+01
6.940000E+02 2.206223E+00 1.063590E+01
6.949000E+02 2.206279E+00 1.063391E+01
6.958000E+02 2.206336E+00 1.063326E+01
6.967000E+02 2.206392E+00 1.063128E+01
6.976000E+02 2.206447E+00 1.063064E+01
6.985000E+02 2.206502E+00 1.062867E+01
6.994000E+02 2.206556E+00 1.062805E+01
7.003000E+02 2.206610E+00 1.062610E+01
7.012000E+02 2.206663E+00 1.062549E+01
7.021000E+02 2.206716E+00 1.062355E+01
7.030000E+02 2.206768E+00 1.062296E+01
7.039000E+02 2.206820E+00 1.062103E+01
7.048000E+02 2.206871E+00 1.062045E+01
7.057000E+02 2.206922E+00 1.061854E+01
7.066000E+02 2.206973E+00 1.061797E+01
7.075000E+02 2.207023E+00 1.061607E+01
7.084000E+02 2.207072E+00 1.061551E+01
7.093000E+02 2.207121E+00 1.061363E+01
7.102000E+02 2.207170E+00 1.061308E+01
7.111000E+02 2.207218E+00 1.061121E+01
7.120000E+02 2.207266E+00 1.061068E+01
7.129000E+02 2.207313E+00 1.060883E+01
7.138000E+02 2.207360E+00 1.060698E+01
7.147000E+02 2.207406E+00 1.060646E+01
7.156000E+02 2.207452E+00 1.060463E+01
7.165000E+02 2.207497E+00 1.060413E+01
7.174000E+02 2.207542E+00 1.060230E+01
7.183000E+02 2.207587E+00 1.060182E+01
7.192000E+02 2.207631E+00 1.060001E+01
7.201000E+02 2.207675E+00 1.059820E+01
7.210000E+02 2.207718E+00 1.059774E+01
7.219000E+02 2.207761E+00 1.059595E+01
7.228000E+02 2.207803E+00 1.059549E+01
7.237000E+02 2.207845E+00 1.059371E+01
7.246000E+02 2.207886E+00 1.059194E+01
7.255000E+02 2.207927E+00 1.059151E+01
7.264000E+02 2.207968E+00 1.058975E+01
7.273000E+02 2.208008E+00 1.058800E+01
7.282000E+02 2.208048E+00 1.058758E+01
7.291000E+02 2.208087E+00 1.058584E+01
7.300000E+02 2.208126E+00 1.058543E+01
7.309000E+02 2.208164E+00 1.058371E+01
7.318000E+02 2.208202E+00 1.058199E+01
7.327000E+02 2.208240E+00 1.058160E+01
7.336000E+02 2.208277E+00 1.057990E+01
7.345000E+02 2.208314E+00 1.057820E+01
7.354000E+02 2.208350E+00 1.057783E+01
7.363000E+02 2.208386E+00 1.057614E+01
7.372000E+02 2.208422E+00 1.057447E+01
7.381000E+02 2.208457E+00 1.057411E+01
7.390000E+02 2.208492E+00 1.057245E+01
7.399000E+02 2.208526E+00 1.057079E+01
7.408000E+02 2.208560E+00 1.057045E+01
7.417000E+02 2.208594E+00 1.056880E+01
7.426000E+02 2.208627E+00 1.056716E+01
7.435000E+02 2.208659E+00 1.056684E+01
7.444000E+02 2.208692E+00 1.056521E+01
7.453000E+02 2.208724E+00 1.056359E+01
7.462000E+02 2.208755E+00 1.056329E+01
7.471000E+02 2.208786E+00 1.056168E+01
7.480000E+02 2.208817E+00 1.056008E+01
7.489000E+02 2.208848E+00 1.055848E+01
7.498000E+02 2.208878E+00 1.055820E+01
7.507000E+02 2.208907E+00 1.055662E+01
7.516000E+02 2.208936E+00 1.055504E+01
7.525000E+02 2.208965E+00 1.055477E+01
7.534000E+02 2.208994E+00 1.055321E+01
7.543000E+02 2.209022E+00 1.055165E+01
7.552000E+02 2.209050E+00 1.055010E+01
7.561000E+02 2.209077E+00 1.054985E+01
7.570000E+02 2.209104E+00 1.054831E+01
7.579000E+02 2.209130E+00 1.054678E+01
7.588000E+02 2.209157E+00 1.054525E+01
7.597000E+02 2.209182E+00 1.054503E+01
7.606000E+02 2.209208E+00 1.054351E+01
7.615000E+02 2.209233E+00 1.054200E+01
7.624000E+02 2.209258E+00 1.054050E+01
7.633000E+02 2.209282E+00 1.054030E+01
7.642000E+02 2.209306E+00 1.053880E+01
7.651000E+02 2.209330E+00 1.053732E+01
7.660000E+02 2.209353E+00 1.053584E+01
7.669000E+02 2.209376E+00 1.053436E+01
7.678000E+02 2.209398E+00 1.053419E+01
7.687000E+02 2.209421E+00 1.053273E+01
7.696000E+02 2.209443E+00 1.053127E+01
7.705000E+02 2.209464E+00 1.052982E+01
7.714000E+02 2.209485E+00 1.052837E+01
7.723000E+02 2.209506E+00 1.052823E+01
7.732000E+02 2.209526E+00 1.052679E+01
7.741000E+02 2.209547E+00 1.052536E+01
7.750000E+02 2.209566E+00 1.052394E+01
7.759000E+02 2.209586E+00 1.052253E+01
7.768000E+02 2.209605E+00 1.052240E+01
7.777000E+02 2.209624E+00 1.052100E+01
7.786000E+02 2.209642E+00 1.051960E+01
7.795000E+02 2.209660E+00 1.051821E+01
7.804000E+02 2.209678E+00 1.051682E+01
7.813000E+02 2.209695E+00 1.051544E+01
7.822000E+02 2.209712E+00 1.051535E+01
7.831000E+02 2.209729E+00 1.051398E+01
7.840000E+02 2.209745E+00 1.051261E+01
7.849000E+02 2.209761E+00 1.051125E+01
7.858000E+02 2.209777E+00 1.050990E+01
7.867000E+02 2.209792E+00 1.050855E+01
7.876000E+02 2.209807E+00 1.050849E+01
7.885000E+02 2.209822E+00 1.050715E+01
7.894000E+02 2.209836E+00 1.050582E+01
7.903000E+02 2.209850E+00 1.050449E+01
7.912000E+02 2.209864E+00 1.050317E+01
7.921000E+02 2.209878E+00 1.050186E+01
7.930000E+02 2.209891E+00 1.050055E+01
7.939000E+02 2.209904E+00 1.049924E+01
7.948000E+02 2.209916E+00 1.049922E+01
7.957000E+02 2.209928E+00 1.049793E+01
7.966000E+02 2.209940E+00 1.049664E+01
7.975000E+02 2.209952E+00 1.049536E+01
7.984000E+02 2.209963E+00 1.049408E+01
7.993000E+02 2.209974E+00 1.049281E+01
8.002000E+02 2.209984E+00 1.049155E+01
8.011000E+02 2.209995E+00 1.049029E+01
8.020000E+02 2.210005E+00 1.048903E+01
8.029000E+02 2.210014E+00 1.048778E+01
8.038000E+02 2.210024E+00 1.048654E+01
8.047000E+02 2.210033E+00 1.048657E+01
8.056000E+02 2.210041E+00 1.048534E+01
8.065000E+02 2.210050E+00 1.048411E+01
8.074000E+02 2.210058E+00 1.048288E+01
8.083000E+02 2.210066E+00 1.048167E+01
8.092000E+02 2.210073E+00 1.048045E+01
8.101000E+02 2.210081E+00 1.047925E+01
8.110000E+02 2.210088E+00 1.047804E+01
8.119000E+02 2.210094E+00 1.047685E+01
8.128000E+02 2.210101E+00 1.047565E+01
8.137000E+02 2.210107E+00 1.047447E+01
8.146000E+02 2.210113E+00 1.047329E+01
8.155000E+02 2.210118E+00 1.047211E+01
8.164000E+02 2.210123E+00 1.047094E+01
8.173000E+02 2.210128E+00 1.046977E+01
8.182000E+02 2.210133E+00 1.046861E+01
8.191000E+02 2.210137E+00 1.046746E+01
8.200000E+02 2.210141E+00 1.046631E+01
8.209000E+02 2.210145E+00 1.046516E+01
8.218000E+02 2.210149E+00 1.046402E+01
8.227000E+02 2.210152E+00 1.046289E+01
8.236000E+02 2.210155E+00 1.046176E+01
8.245000E+02 2.210157E+00 1.046063E+01
8.254000E+02 2.210160E+00 1.045951E+01
8.263000E+02 2.210162E+00 1.045840E+01
8.272000E+02 2.210164E+00 1.045729E+01
8.281000E+02 2.210165E+00 1.045618E+01
8.290000E+02 2.210167E+00 1.045508E+01
8.299000E+02 2.210168E+00 1.045399E+01
8.308000E+02 2.210168E+00 1.045290E+01
8.317000E+02 2.210169E+00 1.045182E+01
8.326000E+02 2.210169E+00 1.045074E+01
8.335000E+02 2.210169E+00 1.044966E+01
8.344000E+02 2.210169E+00 1.044859E+01
8.353000E+02 2.210168E+00 1.044753E+01
8.362000E+02 2.210167E+00 1.044647E+01
8.371000E+02 2.210166E+00 1.044541E+01
8.380000E+02 2.210165E+00 1.044436E+01
8.389000E+02 2.210163E+00 1.044332E+01
8.398000E+02 2.210161E+00 1.044227E+01
8.407000E+02 2.210159E+00 1.044124E+01
8.416000E+02 2.210156E+00 1.044021E+01
8.425000E+02 2.210154E+00 1.043918E+01
8.434000E+02 2.210151E+00 1.043816E+01
8.443000E+02 2.210148E+00 1.043714E+01
8.452000E+02 2.210144E+00 1.043613E+01
8.461000E+02 2.210140E+00 1.043513E+01
8.470000E+02 2.210136E+00 1.043412E+01
8.479000E+02 2.210132E+00 1.043313E+01
8.488000E+02 2.210128E+00 1.043088E+01
8.497000E+02 2.210123E+00 1.042990E+01
8.506000E+02 2.210118E+00 1.042891E+01
8.515000E+02 2.210113E+00 1.042794E+01
8.524000E+02 2.210107E+00 1.042696E+01
8.533000E+02 2.210102E+00 1.042599E+01
8.542000E+02 2.210096E+00 1.042503E+01
8.551000E+02 2.210089E+00 1.042407E+01
8.560000E+02 2.210083E+00 1.042312E+01
8.569000E+02 2.210076E+00 1.042216E+01
8.578000E+02 2.210069E+00 1.042122E+01
8.587000E+02 2.210062E+00 1.041903E+01
8.596000E+02 2.210055E+00 1.041810E+01
8.605000E+02 2.210047E+00 1.041717E+01
8.614000E+02 2.210039E+00 1.041624E+01
8.623000E+02 2.210031E+00 1.041532E+01
8.632000E+02 2.210022E+00 1.041440E+01
8.641000E+02 2.210014E+00 1.041349E+01
8.650000E+02 2.210005E+00 1.041258E+01
8.659000E+02 2.209996E+00 1.041167E+01
8.668000E+02 2.209987E+00 1.040954E+01
8.677000E+02 2.209977E+00 1.040864E+01
8.686000E+02 2.209967E+00 1.040775E+01
8.695000E+02 2.209957E+00 1.040686E+01
8.704000E+02 2.209947E+00 1.040598E+01
8.713000E+02 2.209936E+00 1.040511E+01
8.722000E+02 2.209926E+00 1.040423E+01
8.731000E+02 2.209915E+00 1.040213E+01
8.740000E+02 2.209904E+00 1.040127E+01
8.749000E+02 2.209892E+00 1.040041E+01
8.758000E+02 2.209881E+00 1.039955E+01
8.767000E+02 2.209869E+00 1.039870E+01
8.776000E+02 2.209857E+00 1.039786E+01
8.785000E+02 2.209845E+00 1.039578E+01
8.794000E+02 2.209832E+00 1.039495E+01
8.803000E+02 2.209819E+00 1.039411E+01
8.812000E+02 2.209806E+00 1.039329E+01
8.821000E+02 2.209793E+00 1.039246E+01
8.830000E+02 2.209780E+00 1.039164E+01
8.839000E+02 2.209766E+00 1.038960E+01
8.848000E+02 2.209752E+00 1.038879E+01
8.857000E+02 2.209738E+00 1.038798E+01
8.866000E+02 2.209724E+00 1.038718E+01
8.875000E+02 2.209710E+00 1.038638E+01
8.884000E+02 2.209695E+00 1.038436E+01
8.893000E+02 2.209680E+00 1.038357E+01
8.902000E+02 2.209665E+00 1.038279E+01
8.911000E+02 2.209650E+00 1.038201E+01
8.920000E+02 2.209634E+00 1.038123E+01
8.929000E+02 2.209619E+00 1.037923E+01
8.938000E+02 2.209603E+00 1.037846E+01
8.947000E+02 2.209586E+00 1.037770E+01
8.956000E+02 2.209570E+00 1.037694E+01
8.965000E+02 2.209554E+00 1.037496E+01
8.974000E+02 2.209537E+00 1.037421E+01
8.983000E+02 2.209520E+00 1.037347E+01
8.992000E+02 2.209503E+00 1.037273E+01
9.001000E+02 2.209485E+00 1.037076E+01
9.010000E+02 2.209468E+00 1.037003E+01
9.019000E+02 2.209450E+00 1.036930E+01
9.028000E+02 2.209432E+00 1.036858E+01
9.037000E+02 2.209414E+00 1.036786E+01
9.046000E+02 2.209396E+00 1.036592E+01
9.055000E+02 2.209377E+00 1.036520E+01
9.064000E+02 2.209358E+00 1.036450E+01
9.073000E+02 2.209339E+00 1.036257E+01
9.082000E+02 2.209320E+00 1.036187E+01
9.091000E+02 2.209301E+00 1.036118E+01
9.100000E+02 2.209281E+00 1.036048E+01
9.109000E+02 2.209261E+00 1.035858E+01
9.118000E+02 2.209242E+00 1.035789E+01
9.127000E+02 2.209221E+00 1.035721E+01
9.136000E+02 2.209201E+00 1.035654E+01
9.145000E+02 2.209181E+00 1.035465E+01
9.154000E+02 2.209160E+00 1.035398E+01
9.163000E+02 2.209139E+00 1.035332E+01
9.172000E+02 2.209118E+00 1.035144E+01
9.181000E+02 2.209097E+00 1.035079E+01
9.190000E+02 2.209075E+00 1.035014E+01
9.199000E+02 2.209054E+00 1.034949E+01
9.208000E+02 2.209032E+00 1.034763E+01
9.217000E+02 2.209010E+00 1.034699E+01
9.226000E+02 2.208988E+00 1.034636E+01
9.235000E+02 2.208965E+00 1.034451E+01
9.244000E+02 2.208943E+00 1.034389E+01
9.253000E+02 2.208920E+00 1.034326E+01
9.262000E+02 2.208897E+00 1.034143E+01
9.271000E+02 2.208874E+00 1.034082E+01
9.280000E+02 2.208850E+00 1.034021E+01
9.289000E+02 2.208827E+00 1.033839E+01
9.298000E+02 2.208803E+00 1.033779E+01
9.307000E+02 2.208780E+00 1.033719E+01
9.316000E+02 2.208756E+00 1.033659E+01
9.325000E+02 2.208731E+00 1.033479E+01
9.334000E+02 2.208707E+00 1.033420E+01
9.343000E+02 2.208682E+00 1.033362E+01
9.352000E+02 2.208658E+00 1.033183E+01
9.361000E+02 2.208633E+00 1.033125E+01
9.370000E+02 2.208608E+00 1.032947E+01
9.379000E+02 2.208583E+00 1.032890E+01
9.388000E+02 2.208557E+00 1.032834E+01
9.397000E+02 2.208532E+00 1.032657E+01
9.406000E+02 2.208506E+00 1.032602E+01
9.415000E+02 2.208480E+00 1.032546E+01
9.424000E+02 2.208454E+00 1.032371E+01
9.433000E+02 2.208428E+00 1.032316E+01
9.442000E+02 2.208401E+00 1.032262E+01
9.451000E+02 2.208374E+00 1.032088E+01
9.460000E+02 2.208348E+00 1.032035E+01
9.469000E+02 2.208321E+00 1.031981E+01
9.478000E+02 2.208294E+00 1.031809E+01
9.487000E+02 2.208266E+00 1.031756E+01
9.496000E+02 2.208239E+00 1.031584E+01
9.505000E+02 2.208211E+00 1.031533E+01
9.514000E+02 2.208184E+00 1.031482E+01
9.523000E+02 2.208156E+00 1.031311E+01
9.532000E+02 2.208128E+00 1.031260E+01
9.541000E+02 2.208099E+00 1.031090E+01
9.550000E+02 2.208071E+00 1.031041E+01
9.559000E+02 2.208042E+00 1.030991E+01
9.568000E+02 2.208014E+00 1.030822E+01
9.577000E+02 2.207985E+00 1.030774E+01
9.586000E+02 2.207956E+00 1.030606E+01
9.595000E+02 2.207926E+00 1.030558E+01
9.604000E+02 2.207897E+00 1.030511E+01
9.613000E+02 2.207868E+00 1.030344E+01
9.622000E+02 2.207838E+00 1.030297E+01
9.631000E+02 2.207808E+00 1.030131E+01
9.640000E+02 2.207778E+00 1.030085E+01
9.649000E+02 2.207748E+00 1.030039E+01
9.658000E+02 2.207718E+00 1.029875E+01
9.667000E+02 2.207687E+00 1.029830E+01
9.676000E+02 2.207657E+00 1.029666E+01
9.685000E+02 2.207626E+00 1.029622E+01
9.694000E+02 2.207595E+00 1.029458E+01
9.703000E+02 2.207564E+00 1.029415E+01
9.712000E+02 2.207533E+00 1.029372E+01
9.721000E+02 2.207501E+00 1.029210E+01
9.730000E+02 2.207470E+00 1.029167E+01
9.739000E+02 2.207438E+00 1.029006E+01
9.748000E+02 2.207406E+00 1.028964E+01
9.757000E+02 2.207374E+00 1.028804E+01
9.766000E+02 2.207342E+00 1.028763E+01
9.775000E+02 2.207310E+00 1.028603E+01
9.784000E+02 2.207277E+00 1.028563E+01
9.793000E+02 2.207245E+00 1.028404E+01
9.802000E+02 2.207212E+00 1.028365E+01
9.811000E+02 2.207179E+00 1.028325E+01
9.820000E+02 2.207146E+00 1.028168E+01
9.829000E+02 2.207113E+00 1.028129E+01
9.838000E+02 2.207080E+00 1.027972E+01
9.847000E+02 2.207046E+00 1.027934E+01
9.856000E+02 2.207013E+00 1.027778E+01
9.865000E+02 2.206979E+00 1.027741E+01
9.874000E+02 2.206945E+00 1.027586E+01
9.883000E+02 2.206911E+00 1.027549E+01
9.892000E+02 2.206877E+00 1.027395E+01
9.901000E+02 2.206843E+00 1.027359E+01
9.910000E+02 2.206809E+00 1.027205E+01
9.919000E+02 2.206774E+00 1.027170E+01
9.928000E+02 2.206739E+00 1.027017E+01
9.937000E+02 2.206704E+00 1.026982E+01
9.946000E+02 2.206670E+00 1.026830E+01
9.955000E+02 2.206634E+00 1.026796E+01
9.964000E+02 2.206599E+00 1.026645E+01
9.973000E+02 2.206564E+00 1.026612E+01
9.982000E+02 2.206528E+00 1.026461E+01
9.991000E+02 2.206493E+00 1.026428E+01
